1 1 
2 1 2 
3 1 2 
4 1 2 4 
5 1 2 4 5 
6 1 2 4 5 
7 1 2 4 7 5 
8 1 2 4 7 5 
9 1 2 4 7 9 5 
10 1 2 10 4 7 9 5 
11 1 2 10 4 7 9 5 
12 1 12 2 10 4 7 9 5 
13 1 12 2 10 4 7 9 5 
14 1 12 2 14 10 4 7 9 5 
15 1 12 15 2 14 10 4 7 9 5 
16 1 12 15 2 14 10 4 7 9 5 
17 1 12 15 2 17 14 10 4 7 9 5 
18 1 12 15 2 17 14 18 10 4 7 9 5 
19 12 15 2 17 18 10 4 9 19 5 1 14 7 
20 12 15 2 17 20 18 10 4 9 19 5 1 14 7 
21 21 12 15 2 17 20 18 10 4 9 19 5 1 14 7 
22 21 12 15 2 17 20 18 10 4 22 9 19 5 1 14 7 
23 21 12 15 2 17 20 18 10 4 22 23 9 19 5 1 14 7 
24 21 12 15 24 2 17 20 18 10 4 22 23 9 19 5 1 14 7 
25 21 12 15 24 2 17 20 18 10 4 22 23 9 19 5 1 14 7 
26 21 12 15 24 2 17 26 20 18 10 4 22 23 9 19 5 1 14 7 
27 21 12 15 24 2 17 26 20 18 10 4 22 23 9 19 5 1 14 27 7 
28 21 12 15 24 2 17 26 20 18 10 4 22 23 9 19 5 1 14 27 7 
29 21 12 15 24 2 17 26 20 18 10 4 22 23 9 19 5 1 14 27 7 29 
30 21 12 15 24 2 17 26 20 18 10 4 22 23 9 19 5 1 14 30 27 7 29 
31 21 12 15 24 2 17 26 20 18 10 4 22 23 9 19 5 1 31 14 30 27 7 29 
32 21 32 12 15 24 2 17 26 20 18 10 4 22 23 9 19 5 1 31 14 30 27 7 29 
33 24 17 18 10 4 9 5 1 31 14 30 27 29 21 32 12 15 2 26 20 22 23 19 33 7 
34 24 17 18 10 4 9 5 1 31 14 30 27 34 29 21 32 12 15 2 26 20 22 23 19 33 7 
35 24 35 17 18 10 4 9 5 1 31 14 30 27 34 29 21 32 12 15 2 26 20 22 23 19 33 7 
36 24 35 17 18 10 4 9 5 1 31 36 14 30 27 34 29 21 32 12 15 2 26 20 22 23 19 33 7 
37 24 35 17 18 10 4 9 5 1 31 36 14 30 27 34 29 21 32 12 15 2 26 20 22 23 19 33 7 
38 24 35 17 18 10 4 9 5 1 31 36 14 30 27 34 29 21 32 12 15 2 26 20 22 23 19 33 7 
39 1 12 2 39 10 4 7 9 5 
40 1 12 2 39 10 4 7 9 5 
41 24 35 17 18 10 4 9 5 1 31 36 14 30 39 27 34 29 21 32 12 15 2 26 20 22 23 19 33 7 
