1 1 
2 2 1 
3 2 1 3 
4 2 1 3 
5 2 5 1 3 
6 2 5 1 3 
7 7 2 5 1 3 
8 7 2 5 1 8 3 
9 7 2 5 1 8 3 
10 7 2 5 1 10 8 3 
11 7 2 5 11 1 10 8 3 
12 7 2 5 11 1 10 8 3 
13 13 7 2 5 11 1 10 8 3 
14 13 14 7 2 5 11 1 10 8 3 
15 13 14 7 2 5 11 1 10 8 3 15 
16 13 14 7 2 5 11 1 10 8 3 15 
17 13 14 7 2 5 11 1 10 8 3 15 
18 7 2 5 18 1 8 3 
19 19 7 2 5 18 1 8 3 
20 19 7 2 5 18 1 8 3 
21 21 19 7 2 5 18 1 8 3 
22 21 19 7 2 5 18 22 1 8 3 
23 23 21 19 7 2 5 18 22 1 8 3 
24 23 21 19 7 2 5 18 22 1 8 3 
25 13 21 7 2 5 11 22 10 3 15 23 14 19 18 1 8 
