1 1 
2 2 1 
3 1 8 13 10 5 15 11 16 20 22 2 19 21 24 9 4 18 7 
4 1 8 13 10 5 15 11 16 20 22 2 19 21 24 9 4 18 7 
5 1 8 13 10 5 15 11 16 20 22 2 19 21 24 9 4 18 7 
6 1 8 13 10 5 15 11 16 20 22 2 19 21 24 9 4 18 7 
7 1 8 13 10 5 15 11 16 20 22 2 19 21 24 9 4 18 7 
8 1 8 13 10 5 15 11 16 20 22 2 19 21 24 9 4 18 7 
9 1 8 13 10 5 15 11 16 20 22 2 19 21 24 9 4 18 7 
10 1 8 13 10 5 15 11 16 20 22 2 19 21 24 9 4 18 7 
11 1 8 13 10 5 15 16 11 20 22 2 19 21 24 9 4 18 7 
12 1 8 13 10 5 15 11 16 20 22 2 19 21 24 9 4 18 7 
13 1 8 13 10 5 15 11 16 20 22 2 19 21 24 9 4 18 7 
14 1 8 13 10 5 15 11 16 20 22 2 19 21 24 9 4 18 7 
15 1 8 13 10 5 15 11 16 20 22 2 19 21 24 9 4 18 7 
16 1 8 13 10 5 15 11 16 20 22 2 19 21 24 9 4 18 7 
17 1 8 13 10 5 15 11 16 20 22 2 19 21 24 9 4 18 7 
18 1 8 13 10 5 15 11 16 20 22 2 19 21 24 9 4 18 7 
19 1 8 13 10 5 15 11 16 20 22 2 21 24 19 9 4 18 7 
20 1 8 13 10 5 15 11 16 22 20 2 19 21 24 9 4 18 7 
21 1 8 13 10 5 15 11 16 20 22 2 19 24 21 9 4 18 7 
22 1 8 13 10 5 15 11 16 20 22 2 19 21 24 9 4 18 7 
23 1 8 13 10 5 15 11 16 20 22 2 19 21 24 9 4 18 7 
24 1 8 13 10 5 15 11 16 20 22 19 21 24 9 4 18 7 
25 1 8 13 10 5 15 11 16 20 22 19 21 24 9 4 18 7 
26 1 8 13 10 5 15 11 16 20 22 2 19 21 24 9 4 18 7 
