1 1 
2 1 2 
3 1 2 
4 1 2 
5 5 1 2 
6 5 6 1 2 
7 5 6 1 2 
8 5 8 6 1 2 
9 5 8 6 1 9 2 
10 5 8 6 1 9 2 10 
11 5 8 6 1 9 2 10 
12 5 8 6 1 9 2 10 
13 13 1 2 
14 13 1 14 2 
15 13 1 14 2 
16 13 16 1 14 2 
17 13 16 1 14 2 
18 18 13 1 14 2 
19 18 13 1 14 2 
20 18 13 1 14 2 20 
21 18 13 1 14 2 20 
22 18 13 1 14 2 22 
23 18 13 23 16 1 14 2 20 22 
24 18 13 23 16 1 14 2 20 24 22 
25 26 13 16 14 20 22 34 18 25 31 23 29 35 33 1 2 24 
26 26 13 16 14 20 22 34 18 25 31 23 29 35 33 1 2 24 
27 26 13 16 14 20 22 34 18 25 31 23 29 35 33 1 2 24 
28 26 13 16 14 20 22 34 18 25 31 23 29 35 33 1 2 24 
29 26 13 16 14 20 22 34 18 25 31 23 35 29 33 1 2 24 
30 26 13 16 14 20 22 34 18 25 31 23 29 35 33 1 2 24 
31 26 13 16 14 20 22 34 18 25 31 23 29 35 1 2 24 
32 26 13 16 14 20 22 34 18 25 31 23 29 35 1 2 24 
33 26 13 16 14 20 22 34 18 25 23 29 35 33 1 2 24 
34 26 13 16 14 20 22 34 18 25 31 29 35 33 1 2 24 
35 26 13 16 14 20 22 34 18 25 31 29 35 33 1 2 
36 26 13 16 14 20 22 34 18 25 31 29 35 33 1 2 
37 26 13 16 14 20 22 34 18 25 31 23 29 35 33 1 2 24 
