1 1 
2 2 1 
3 2 1 3 
4 2 1 4 3 
5 2 1 4 3 
6 2 1 4 6 3 
7 2 1 4 6 3 7 
8 2 1 4 6 3 7 8 
9 2 1 4 6 3 7 8 
10 2 1 4 6 3 7 10 8 
11 2 1 4 6 3 7 10 8 11 
12 2 1 4 6 3 7 10 8 11 
13 2 1 4 6 3 7 10 8 13 11 
14 2 1 4 6 14 3 7 10 8 13 11 
15 2 1 4 6 14 3 7 10 15 8 13 11 
16 2 1 4 6 14 3 7 10 15 8 13 11 
17 1 4 14 7 10 15 8 13 11 2 6 3 17 
18 22 1 4 14 7 10 15 8 13 24 11 2 6 26 21 3 19 17 
19 22 1 4 14 7 10 15 8 13 11 2 6 26 21 3 19 17 
20 22 1 4 14 7 10 15 8 13 24 11 2 6 26 21 3 19 17 
21 22 1 4 14 7 10 15 8 13 24 11 2 6 26 21 3 19 17 
22 22 1 4 14 7 10 15 8 13 24 11 2 6 26 21 3 19 17 
23 22 1 4 14 7 10 15 8 13 24 11 2 6 26 21 3 19 17 
24 22 1 4 14 7 10 15 8 13 24 11 2 6 26 21 3 17 
25 22 1 4 14 7 10 15 8 13 24 11 2 6 26 21 3 17 
26 22 1 4 14 7 10 15 8 13 24 11 2 6 26 21 3 19 
27 22 1 4 14 7 10 15 8 13 24 11 2 6 26 21 3 19 
28 22 1 4 14 7 10 15 8 13 24 11 2 6 26 21 3 19 17 
