1 1 
2 1 2 
3 1 3 2 
4 1 3 2 
5 1 3 2 5 
6 1 3 2 5 
7 7 1 3 2 5 
8 8 7 1 3 2 5 
9 8 9 7 1 3 2 5 
10 8 10 9 7 1 3 2 5 
11 8 10 9 7 1 3 2 5 
12 8 10 9 12 7 1 3 2 5 
13 8 10 9 12 7 1 3 2 13 5 
14 8 10 9 12 7 1 3 2 13 14 5 
15 8 10 15 9 12 7 1 3 2 13 14 5 
16 8 10 15 9 12 7 1 3 2 13 14 5 
17 8 9 1 3 14 10 15 12 17 7 2 13 5 
18 8 9 1 3 14 10 21 15 12 17 7 2 13 5 19 
19 8 9 1 3 14 10 21 15 12 17 7 2 13 5 19 
20 8 9 1 3 14 10 21 15 12 17 7 2 13 5 19 
21 8 9 1 3 14 10 21 15 12 7 2 13 5 19 
22 8 9 1 3 14 10 21 15 12 7 2 13 5 19 
23 8 9 1 3 14 10 21 15 12 17 23 7 2 13 5 19 
24 8 9 1 3 14 10 21 15 12 17 23 7 2 13 5 19 
25 8 9 1 3 14 10 21 15 12 17 23 7 2 13 5 19 
26 8 9 1 3 14 10 21 15 12 17 23 7 2 13 5 19 
27 8 9 1 3 14 27 10 21 15 12 17 23 7 2 13 5 19 
28 8 9 1 3 14 27 10 21 15 12 17 23 7 2 13 5 19 
29 8 9 1 3 14 27 10 21 15 12 17 23 7 2 13 5 19 
30 8 9 1 3 14 27 10 21 15 12 17 23 7 2 13 5 19 
