1 1 
2 1 2 
3 1 3 2 
4 1 4 3 2 
5 1 4 3 2 
6 1 4 6 3 2 
7 1 4 6 3 2 
8 1 8 4 6 3 2 
9 1 8 9 4 6 3 2 
10 1 8 9 4 6 10 3 2 
11 1 8 9 4 6 10 3 2 11 
12 1 8 9 4 6 10 3 2 11 
13 1 8 9 4 6 13 10 3 2 11 
14 1 8 9 4 6 13 10 3 14 2 11 
15 1 8 9 4 6 13 10 15 3 14 2 11 
16 1 4 2 11 8 9 6 13 10 15 16 3 14 
17 1 4 2 11 8 9 6 13 10 15 16 3 14 
18 1 4 18 2 11 8 9 6 13 10 15 16 3 14 
19 25 1 4 24 21 18 2 11 26 8 9 29 6 13 23 31 10 15 16 3 14 20 27 
20 25 1 4 24 21 18 2 11 26 8 9 29 6 13 23 31 10 15 16 3 14 20 27 
21 25 1 4 24 21 18 2 11 26 8 9 29 6 13 23 31 10 15 16 3 14 20 27 
22 25 1 4 24 21 18 2 11 26 8 9 29 6 13 23 31 10 15 16 3 14 20 27 
23 25 1 4 24 21 18 2 11 26 8 9 29 6 13 23 31 10 15 16 3 14 20 27 
24 25 1 4 24 21 18 2 11 26 8 9 29 6 13 23 31 10 15 16 3 14 20 27 
25 25 1 4 24 21 18 2 11 26 8 9 29 6 13 23 31 10 15 16 3 14 20 27 
26 25 1 4 24 21 18 2 11 26 8 9 29 6 13 23 31 10 15 16 3 14 20 27 
27 25 1 4 24 21 18 2 11 26 8 9 29 6 13 23 31 10 15 16 3 14 20 27 
28 25 1 4 24 21 18 2 11 26 8 9 29 6 13 23 31 10 15 16 3 14 20 27 
29 25 1 4 24 21 18 2 11 26 8 9 29 6 13 23 31 10 15 16 3 14 20 27 
30 25 1 4 24 21 18 2 11 26 8 9 29 6 13 23 31 10 15 16 3 14 20 27 
31 25 1 4 24 21 2 11 26 8 9 29 6 13 23 31 10 15 16 3 14 20 27 
32 25 1 4 24 21 2 11 26 8 9 29 6 13 23 31 10 15 16 3 14 20 27 
33 25 1 4 24 21 2 33 11 26 8 9 29 6 13 23 10 15 16 3 14 20 27 
34 25 24 21 11 8 29 6 35 10 15 16 3 1 4 37 2 33 36 26 9 13 23 14 20 27 
35 25 24 21 11 8 29 6 35 10 15 16 3 1 4 37 2 33 36 26 9 13 23 14 20 27 
36 25 1 4 24 37 21 33 36 11 26 8 9 29 6 35 13 23 10 15 16 3 14 20 27 
37 25 1 4 24 37 21 36 11 26 8 9 29 6 13 35 23 10 15 16 3 14 20 27 
38 25 1 4 37 24 21 36 11 26 8 9 29 6 13 35 23 10 15 16 3 14 20 27 
39 25 24 21 11 8 29 6 35 10 15 16 3 1 4 37 39 2 33 36 26 9 13 23 14 20 27 
40 25 24 21 11 8 29 6 35 10 15 16 3 1 40 4 37 39 2 33 36 26 9 13 23 14 20 27 
41 25 24 21 11 8 29 6 35 10 15 16 3 1 40 4 37 39 2 33 36 26 9 13 23 14 20 27 
42 25 24 21 11 8 29 6 35 10 15 16 3 42 1 40 4 37 39 2 33 36 26 9 13 23 14 20 27 
43 25 24 21 11 8 29 43 6 35 10 15 16 3 42 1 40 4 37 39 2 33 36 26 9 13 23 14 20 27 
44 25 24 21 11 8 43 29 6 35 44 10 15 16 3 42 1 40 4 37 39 2 33 36 26 9 13 23 14 20 27 
45 25 45 24 21 11 8 43 29 6 44 35 10 15 16 3 42 1 40 4 37 39 2 33 36 26 9 13 23 14 20 27 
46 25 45 24 21 46 11 8 43 29 6 44 35 10 15 16 3 42 1 40 4 37 39 2 33 36 26 9 13 23 14 20 27 
47 25 45 24 21 46 11 8 43 29 6 44 35 10 15 16 3 42 1 40 4 37 39 2 33 36 26 9 13 23 14 20 27 
48 25 45 24 21 46 11 8 43 29 6 44 35 10 15 16 3 42 1 40 4 37 39 2 33 36 26 9 13 23 14 20 27 
