1 1 
2 1 2 
3 1 3 2 
4 1 3 4 2 
5 5 1 3 4 2 
6 37 32 18 14 43 9 19 39 11 46 20 1 13 3 2 29 41 28 44 27 36 31 5 12 34 4 10 25 8 
7 37 32 18 14 43 9 19 39 11 46 20 1 13 3 2 29 41 28 44 27 36 31 5 12 34 4 10 25 8 
8 37 32 18 14 43 9 19 39 11 46 20 1 13 3 2 29 41 28 44 27 36 31 5 12 34 4 10 25 8 
9 37 32 18 14 43 9 19 39 11 46 20 1 13 3 2 29 41 28 44 27 36 31 5 12 34 4 10 25 8 
10 37 32 18 14 43 9 19 39 11 46 20 1 13 3 2 29 41 28 44 27 36 31 5 12 34 4 25 10 8 
11 37 32 18 14 43 9 19 39 11 46 20 1 13 3 2 29 41 28 44 27 36 31 5 12 34 4 10 25 8 
12 37 32 18 14 43 9 19 39 11 46 20 1 13 3 2 29 41 28 44 27 36 31 5 34 12 4 10 25 8 
13 37 32 18 14 43 9 19 39 11 46 20 1 13 3 2 29 41 28 44 27 36 31 5 12 34 4 10 25 8 
14 37 32 18 43 14 9 19 39 11 46 20 1 13 3 2 29 41 28 44 27 36 31 5 12 34 4 10 25 8 
15 37 32 18 14 9 19 39 11 46 20 1 13 3 2 29 41 28 44 27 36 31 15 5 12 34 4 10 25 8 
16 37 32 18 14 9 19 39 11 46 20 1 13 3 2 29 28 44 27 36 31 15 5 12 34 16 4 10 8 
17 37 32 18 14 9 19 39 23 11 20 46 1 13 3 2 29 28 44 27 36 31 15 5 12 34 16 4 10 8 
18 37 32 18 14 9 19 39 23 11 20 46 1 13 3 2 29 28 44 27 36 31 15 5 12 34 16 4 10 8 
19 37 32 18 14 9 19 39 23 11 20 46 1 13 3 2 29 28 44 27 36 31 15 5 12 34 16 4 10 8 
20 37 32 18 14 9 19 39 23 11 46 20 1 13 3 2 29 28 44 27 36 31 15 5 12 34 16 4 10 8 
21 37 32 18 14 9 19 39 23 11 20 46 1 13 3 2 29 28 44 27 36 31 15 5 12 34 16 4 10 8 
22 37 32 18 14 9 19 39 23 11 20 46 1 13 3 2 29 28 44 27 36 31 15 5 12 34 16 4 10 8 
23 37 32 18 14 9 19 39 23 11 20 46 1 13 3 2 29 28 44 27 36 31 15 5 12 34 4 10 8 
24 37 32 18 14 9 19 39 23 11 20 46 1 13 3 2 29 28 44 27 36 31 15 5 12 34 4 10 8 
25 37 32 18 14 9 19 39 11 20 46 1 13 3 2 29 28 44 27 36 31 15 5 12 34 4 10 25 8 
26 37 32 18 14 9 19 39 11 20 46 1 13 3 2 29 41 28 44 27 36 31 15 5 12 34 4 10 25 8 
27 37 32 18 14 9 19 39 11 20 46 1 13 3 2 29 41 28 44 27 36 31 15 5 12 34 4 10 25 8 
28 37 32 18 14 9 19 39 11 20 46 1 13 3 2 29 41 28 44 27 36 31 15 5 12 34 4 10 25 8 
29 37 32 18 14 9 19 39 11 20 46 1 13 3 2 29 41 28 44 27 36 31 15 5 12 34 4 10 25 8 
30 37 32 18 14 9 19 39 11 20 46 1 13 3 2 29 41 28 44 27 36 31 15 5 12 34 4 10 25 8 
31 37 32 18 14 9 19 39 11 20 46 1 13 3 2 29 41 28 44 27 36 31 15 5 12 34 4 10 25 8 
32 37 32 18 14 9 19 39 11 20 46 1 13 3 2 29 41 28 44 27 36 31 15 5 12 34 4 10 25 8 
33 37 32 18 14 9 19 39 11 20 46 1 13 3 2 29 41 28 44 27 36 31 15 5 12 34 4 10 25 8 
34 37 32 18 14 9 19 11 20 46 1 13 3 2 29 41 28 44 27 36 31 15 5 12 34 4 10 25 8 
35 37 32 18 14 9 19 39 11 20 46 1 13 3 2 29 41 28 44 27 36 31 15 5 12 34 4 10 25 8 
36 37 32 18 14 9 19 39 11 20 46 1 13 3 2 29 41 28 44 27 36 31 15 5 12 34 4 10 25 8 
37 37 32 18 14 9 19 39 11 20 46 1 13 3 2 29 41 28 44 27 36 31 15 5 12 34 4 10 25 8 
38 37 32 18 14 9 19 39 11 20 46 1 13 3 2 29 41 28 44 27 36 31 15 5 12 34 4 10 25 8 
39 37 32 18 14 9 19 39 11 20 46 1 13 3 2 29 41 28 44 27 36 31 15 5 12 4 10 25 8 
40 37 32 18 14 9 19 39 11 20 46 1 13 3 2 29 41 28 44 27 36 31 15 5 12 4 10 25 8 
41 37 32 18 14 9 19 39 11 20 46 1 13 3 2 29 41 28 44 27 36 31 15 5 12 34 4 10 8 
42 37 32 18 14 9 19 39 11 20 46 1 13 3 2 29 41 28 44 27 36 31 15 5 12 34 4 10 8 
43 37 32 18 14 43 9 19 39 11 20 46 1 13 3 2 29 41 28 44 27 36 31 5 12 34 4 10 25 8 
44 37 32 18 14 43 9 19 39 11 20 46 1 13 3 2 29 41 28 44 27 36 31 5 12 34 4 10 25 8 
45 37 32 18 14 43 9 19 39 11 20 46 1 13 3 2 29 41 28 44 27 36 31 5 12 34 4 10 25 8 
46 37 32 18 14 43 9 19 39 11 20 46 1 13 3 2 29 41 28 44 27 36 31 12 34 4 10 25 8 
47 37 32 18 14 43 9 19 39 11 46 20 1 13 3 2 29 41 28 44 27 36 31 12 34 4 10 25 8 
48 37 32 18 14 43 9 19 39 11 46 20 1 13 3 2 29 41 28 44 27 36 31 5 12 34 4 10 25 8 
