1 1 
2 1 2 
3 1 2 3 
4 4 1 2 3 
5 4 1 5 2 3 
6 18 7 20 4 16 2 14 24 26 28 9 15 10 23 25 1 5 11 13 30 3 19 8 
7 18 7 20 4 16 2 14 24 26 28 9 15 10 23 25 1 5 11 13 30 3 19 8 
8 18 7 20 4 16 2 14 24 26 28 9 15 10 23 25 1 5 11 13 30 3 19 8 
9 18 7 20 4 16 2 14 24 26 28 9 15 10 23 25 1 5 11 13 30 3 19 8 
10 18 7 20 4 16 2 14 24 26 28 9 15 23 10 25 1 5 11 13 30 3 19 8 
11 18 7 20 4 16 2 14 24 26 28 9 15 10 23 25 1 5 13 11 30 3 19 8 
12 18 7 20 4 16 2 14 24 26 28 9 15 10 23 25 1 5 11 13 30 3 19 8 
13 18 7 20 4 16 2 14 24 26 28 9 15 10 23 1 5 11 13 30 3 19 8 
14 18 7 20 4 16 2 14 24 26 28 9 15 10 1 5 11 13 30 3 19 8 
15 18 7 20 4 16 2 14 26 28 9 15 10 1 5 11 13 30 3 19 8 
16 18 7 20 4 16 2 14 28 9 15 10 1 5 11 13 30 3 19 8 
17 18 7 20 4 16 2 14 24 26 28 9 15 10 23 25 1 5 11 13 30 3 19 8 
18 18 7 20 4 16 2 14 24 26 28 9 15 10 23 25 1 5 11 13 30 3 19 8 
19 18 7 20 4 16 2 14 24 26 28 9 15 10 23 25 1 5 11 13 30 3 19 8 
20 18 7 20 4 16 2 14 24 26 28 9 15 10 23 25 1 5 11 13 30 3 19 8 
21 18 7 20 4 16 2 14 24 26 28 9 15 10 23 25 1 5 11 13 30 3 19 8 
22 18 7 20 4 16 2 14 24 26 28 9 15 10 23 25 1 5 11 13 30 3 19 8 
23 18 7 20 4 16 2 24 26 28 9 15 10 23 25 1 5 11 13 30 3 19 8 
24 18 7 20 4 16 2 24 26 28 9 10 23 25 1 5 11 13 30 3 19 8 
25 18 7 20 4 16 2 24 26 28 9 10 23 25 1 5 11 30 3 19 8 
26 18 7 20 4 2 14 24 26 28 9 15 10 23 25 1 5 11 13 30 3 19 8 
27 18 7 20 4 2 14 24 26 28 9 15 10 23 25 1 5 11 13 30 3 19 8 
28 18 7 20 4 16 2 14 24 26 28 9 15 10 23 25 1 5 11 13 30 3 19 8 
29 18 7 20 4 16 2 14 24 26 28 9 15 10 23 25 1 5 11 13 30 3 19 8 
30 18 7 20 4 16 2 14 24 26 28 9 15 10 23 25 1 11 13 30 3 19 8 
31 18 7 20 4 16 2 14 24 26 28 9 15 10 23 25 1 11 13 30 3 19 8 
32 18 7 20 4 16 2 14 24 26 28 9 15 10 23 25 1 5 11 13 30 3 19 8 
