1 1 
2 2 1 
3 2 1 3 
4 2 1 3 4 
5 2 5 1 3 4 
6 2 5 6 1 3 4 
7 2 7 5 6 1 3 4 
8 2 7 5 6 1 8 3 4 
9 2 7 5 6 1 8 9 3 4 
10 2 7 5 6 1 8 9 3 4 
11 2 7 5 6 1 8 9 3 11 4 
12 2 7 12 5 15 6 1 8 9 3 11 4 
13 2 7 12 5 15 6 1 8 9 3 11 4 
14 2 7 12 5 15 6 1 8 9 3 11 4 
15 2 7 12 5 15 6 1 8 9 3 4 
16 2 7 12 5 15 6 1 8 9 3 4 
17 12 9 11 2 7 5 15 6 1 17 8 3 4 
18 12 9 11 2 7 5 15 6 1 17 8 3 4 
19 12 9 19 11 2 7 5 15 6 1 17 8 3 4 
20 12 9 19 11 2 7 5 15 6 1 17 8 3 4 
21 45 46 44 21 47 19 41 11 39 2 15 6 24 1 17 8 23 3 4 30 12 9 42 27 53 7 36 5 37 49 43 33 50 35 
22 45 46 44 21 47 19 41 11 39 2 15 6 24 1 17 8 23 3 4 30 12 9 42 27 53 7 36 5 37 49 43 33 50 35 
23 45 46 44 21 47 19 41 11 39 2 15 6 24 1 17 8 23 3 4 30 12 9 42 27 53 7 36 5 37 49 43 33 50 35 
24 45 46 44 21 47 19 41 11 39 2 15 6 24 1 17 8 23 3 4 30 12 9 42 27 53 7 36 5 37 49 43 33 50 35 
25 45 46 44 21 47 19 41 11 39 2 15 6 24 1 17 8 23 3 4 30 12 9 42 27 53 7 36 5 37 49 43 33 50 35 
26 45 46 44 21 47 19 41 11 39 2 15 6 24 1 17 8 23 3 4 30 12 9 42 27 53 7 36 5 37 49 43 33 50 35 
27 45 46 44 21 47 19 41 11 39 2 15 6 24 1 17 8 23 3 4 30 12 9 42 27 53 7 36 5 37 49 43 33 50 35 
28 45 46 44 21 47 19 41 11 39 2 15 6 24 1 17 8 23 3 4 30 12 9 42 27 53 7 36 5 37 49 43 33 50 35 
29 45 46 44 21 47 19 41 11 39 2 15 6 24 1 17 8 23 3 4 30 12 9 42 27 53 7 36 5 37 49 43 33 50 35 
30 45 46 44 21 47 19 41 11 39 2 15 6 24 1 17 8 23 3 4 30 12 9 42 27 53 7 36 5 37 49 43 33 50 35 
31 45 46 44 21 47 19 41 11 39 2 15 6 24 1 17 8 23 3 4 30 12 9 42 27 53 7 36 5 37 49 43 33 50 35 
32 45 46 44 21 47 19 41 11 39 2 15 6 24 1 17 8 23 3 4 30 12 9 42 27 53 7 36 5 37 49 43 33 50 35 
33 45 46 44 21 47 19 41 11 39 2 15 6 24 1 17 8 23 3 4 30 12 9 42 27 53 7 36 5 37 49 43 33 50 35 
34 45 46 44 21 47 19 41 11 39 2 15 6 24 1 17 8 23 3 4 30 12 9 42 27 53 7 36 5 37 49 43 33 50 35 
35 45 46 44 21 47 19 41 11 39 2 15 6 24 1 17 8 23 3 30 12 9 42 27 53 7 36 5 37 49 43 33 50 35 
36 45 46 44 21 47 19 41 39 2 6 24 1 17 8 23 3 30 12 9 42 27 7 36 5 37 49 43 33 50 35 
37 45 46 44 21 47 19 41 39 2 6 24 1 17 8 23 3 30 12 9 42 27 53 7 36 5 49 37 43 33 50 35 
38 45 46 44 21 47 19 41 39 2 6 24 1 17 8 23 3 30 12 9 42 27 53 7 36 5 37 49 43 33 50 35 
39 45 46 44 21 47 19 41 39 2 6 24 1 17 8 23 3 30 12 9 42 27 53 7 36 5 37 49 43 33 50 35 
40 45 46 44 21 47 19 41 39 2 6 24 1 17 8 23 3 30 12 9 42 27 53 7 36 5 37 49 43 33 50 35 
41 45 46 44 21 47 19 41 39 2 6 24 1 17 8 23 3 30 12 9 42 27 53 7 36 5 37 49 43 33 50 35 
42 45 46 44 21 47 19 41 39 2 6 24 1 17 8 23 3 30 12 9 42 27 53 7 36 5 37 49 43 33 50 35 
43 45 46 44 21 47 19 41 39 2 6 24 1 17 8 23 3 30 12 9 42 27 53 7 36 5 37 49 43 33 50 35 
44 45 46 44 21 47 19 41 39 2 6 24 1 17 8 23 3 30 12 9 42 27 53 7 36 5 37 49 43 33 50 35 
45 46 45 44 21 47 19 41 39 2 6 24 1 17 8 23 3 30 12 9 42 27 53 7 36 5 37 49 43 33 50 35 
46 45 46 44 21 47 19 41 39 2 6 24 1 17 8 23 3 30 12 9 42 27 53 7 36 5 37 49 43 33 50 35 
47 45 46 44 21 47 19 41 39 2 6 24 1 17 8 23 3 30 12 9 42 27 53 7 36 5 37 49 43 33 50 35 
48 45 46 44 21 47 19 41 39 2 6 24 1 17 8 23 3 30 12 9 42 27 53 7 36 5 37 49 43 33 50 35 
49 45 46 44 21 47 19 41 39 2 6 24 1 17 8 23 3 30 12 9 42 27 53 7 36 5 37 49 43 33 50 35 
50 45 46 44 21 47 19 41 39 2 6 24 1 17 8 23 3 30 12 9 42 27 53 7 36 5 37 49 43 33 50 35 
51 45 46 44 21 47 19 41 39 2 6 24 1 17 8 23 3 30 12 9 42 27 53 7 36 5 37 49 43 33 50 35 
52 45 46 44 21 47 19 41 39 2 6 24 1 17 8 23 3 30 12 9 42 27 53 7 36 5 37 49 43 33 50 35 
53 45 46 44 21 47 19 41 39 2 6 24 1 17 8 23 3 30 12 9 42 27 53 7 5 37 49 43 33 50 35 
54 45 46 44 21 47 19 41 39 2 6 24 1 17 8 23 3 30 12 9 42 27 53 7 5 37 49 43 33 50 35 
55 45 46 44 21 47 19 41 39 2 6 24 1 17 8 23 3 30 12 9 42 27 53 7 36 5 37 49 43 33 50 35 
56 45 46 44 21 47 19 41 11 39 2 15 6 24 1 17 8 23 3 4 30 12 56 9 42 27 53 7 36 5 37 49 43 33 50 35 
57 45 46 44 21 47 19 41 11 39 2 15 6 24 1 17 57 8 23 3 4 30 12 56 9 42 27 53 7 36 5 37 49 43 33 50 35 
58 45 46 44 21 47 19 41 11 39 2 15 6 24 1 17 57 8 23 3 4 30 12 56 9 42 27 53 7 36 5 37 49 43 33 50 35 
