1 1 
2 2 1 
3 2 3 1 
4 2 3 4 1 
5 5 2 3 4 1 
6 5 2 3 4 1 6 
7 5 2 3 4 1 7 6 
8 5 2 3 8 4 1 7 6 
9 5 2 3 8 4 1 7 6 
10 5 2 3 8 4 10 1 7 6 
11 11 5 2 3 8 4 10 1 7 6 
12 11 5 2 3 8 4 12 10 1 7 6 
13 11 5 2 3 8 4 12 10 1 7 6 
14 11 5 2 3 8 4 12 10 14 1 7 6 
15 11 5 2 3 8 4 12 10 14 1 7 6 
16 20 23 2 3 18 24 12 6 22 19 8 25 33 31 36 1 37 11 21 4 10 7 26 5 16 32 14 
17 20 23 2 3 18 24 12 6 22 19 8 25 33 31 36 1 37 11 21 4 10 7 26 5 16 32 14 
18 20 23 2 3 18 24 12 6 22 19 8 25 33 31 36 1 37 11 21 4 10 7 26 5 16 32 14 
19 20 23 2 3 18 24 12 6 22 19 8 25 33 31 36 1 37 11 21 4 10 7 26 5 16 32 14 
20 20 23 2 3 18 24 12 6 22 19 8 25 33 31 36 1 37 11 21 4 10 7 26 5 16 32 14 
21 20 23 2 3 18 24 12 6 22 19 8 25 33 31 36 1 37 11 21 4 10 7 26 5 16 32 14 
22 20 23 2 3 18 24 12 6 22 19 8 25 33 31 36 1 37 11 21 4 10 7 26 5 16 32 14 
23 20 23 2 3 18 24 12 6 22 19 8 25 33 31 36 1 37 11 21 4 10 7 26 5 16 32 14 
24 20 23 2 3 18 24 12 6 22 19 8 25 33 31 36 1 37 11 21 4 10 7 26 5 16 32 14 
25 20 23 2 3 18 24 12 6 22 19 8 33 25 31 36 1 37 11 21 4 10 7 26 5 16 32 14 
26 20 23 2 3 18 24 12 6 22 19 8 25 33 31 36 1 37 11 21 4 10 7 26 5 16 32 14 
27 20 23 2 3 18 24 12 6 22 19 8 25 33 31 36 1 37 11 21 4 10 7 26 5 16 32 14 
28 20 28 23 2 18 24 12 6 22 19 8 25 33 31 36 1 37 11 21 4 10 7 26 5 16 32 14 
29 20 28 23 2 18 24 12 6 22 29 19 8 25 33 31 36 1 37 11 21 10 7 26 5 16 32 14 
30 20 28 23 2 18 24 12 6 22 29 19 8 25 33 31 36 1 37 11 21 10 7 26 5 16 32 14 
31 20 23 2 3 18 24 12 6 22 19 8 25 33 36 31 1 37 11 21 4 10 7 26 5 16 32 14 
32 20 23 2 3 18 24 12 6 22 19 8 25 33 31 36 1 37 11 21 4 10 7 26 5 16 32 14 
33 20 23 2 3 18 24 12 6 22 19 8 25 33 31 36 1 37 11 21 4 10 7 26 5 16 32 14 
34 20 23 2 3 18 24 12 6 22 19 8 25 33 31 36 1 37 11 21 4 10 7 26 5 16 32 14 
35 20 23 2 3 18 24 12 6 22 19 8 25 33 31 36 1 37 11 21 4 10 7 26 5 16 32 14 
36 20 23 2 3 18 24 12 6 22 19 8 25 33 31 36 1 37 11 21 4 10 7 26 5 16 32 14 
37 20 23 2 3 18 24 12 6 22 19 8 25 33 31 36 1 37 11 21 4 10 7 26 5 16 32 14 
38 20 23 2 3 18 24 12 6 22 19 8 25 33 31 36 1 37 11 21 4 10 7 26 5 16 32 14 
39 20 23 2 3 18 24 12 6 22 19 8 25 33 31 36 1 37 11 21 4 10 7 26 5 16 32 14 
40 20 28 23 2 3 18 41 40 24 12 6 22 29 19 8 25 33 31 36 1 37 11 21 4 10 7 26 5 16 32 14 
41 20 28 23 2 3 18 40 41 24 12 6 22 29 19 8 25 33 31 36 1 37 11 21 4 10 7 26 5 16 32 14 
42 20 28 23 2 3 18 40 41 24 12 6 22 29 19 8 25 33 31 36 1 37 11 21 4 10 7 26 5 16 32 14 
43 20 28 23 2 3 18 40 41 24 12 6 22 29 19 8 25 33 31 36 1 37 11 21 4 10 7 26 5 16 32 14 
44 20 28 23 2 3 18 40 41 24 12 6 22 29 19 8 25 33 31 36 1 37 11 21 4 10 7 26 5 16 32 14 
45 20 28 23 2 3 18 40 41 24 12 6 22 29 19 8 25 33 31 36 45 1 37 11 21 4 10 7 26 5 16 32 14 
46 20 28 23 2 3 18 40 41 24 12 6 22 29 19 8 25 33 31 36 45 1 37 11 21 4 10 46 7 26 5 16 32 14 
47 20 28 23 2 3 18 40 41 24 12 47 6 22 29 19 8 25 33 31 36 45 1 37 11 21 4 10 46 7 26 5 16 32 14 
48 20 28 23 2 3 18 40 41 24 12 47 6 22 29 19 8 25 33 31 36 45 1 37 11 21 4 10 46 7 26 5 16 32 14 
