1 1 
2 1 2 
3 1 2 3 
4 4 1 2 3 
5 4 5 1 2 3 
6 22 16 7 14 31 32 8 21 29 1 13 30 9 28 35 12 10 36 19 4 5 23 39 3 15 37 25 2 24 
7 22 16 7 14 31 32 8 21 29 1 13 30 9 28 35 12 10 36 19 4 5 23 39 3 15 37 25 2 24 
8 22 16 7 14 31 32 21 8 29 1 13 30 9 28 35 12 10 36 19 4 5 23 39 3 15 37 25 2 24 
9 22 16 7 14 31 32 8 21 29 1 13 30 28 35 9 12 10 36 19 4 5 23 39 3 15 37 25 2 24 
10 22 16 7 14 31 32 8 21 29 1 13 30 9 28 35 12 36 10 4 5 23 39 3 15 37 25 2 24 
11 22 16 7 14 31 32 8 21 29 1 13 30 9 28 35 12 10 36 19 4 5 23 39 3 15 37 25 2 24 
12 22 16 7 14 31 32 8 21 29 1 13 30 9 28 35 12 10 36 19 4 5 23 39 3 15 37 25 2 24 
13 22 16 7 14 31 32 8 21 29 1 13 30 9 28 35 12 10 36 19 4 5 23 39 3 15 37 25 2 24 
14 22 16 7 14 31 32 8 21 29 1 13 30 9 28 35 12 10 36 19 4 5 23 39 3 15 37 25 2 24 
15 22 16 7 14 31 32 8 21 29 1 13 30 9 28 35 12 10 36 19 4 5 23 39 3 15 37 25 2 24 
16 22 16 7 14 31 32 8 21 29 1 13 30 9 28 35 12 10 36 19 4 5 23 39 3 15 37 25 2 24 
17 22 16 7 14 31 32 8 21 29 1 13 30 9 28 35 12 10 36 19 4 5 23 39 3 15 37 25 2 24 
18 22 16 7 14 31 32 8 21 29 1 13 30 9 28 35 12 10 36 19 4 5 23 39 3 15 37 25 2 24 
19 22 16 7 14 31 32 8 21 29 1 13 30 9 28 35 12 36 19 4 5 23 39 3 15 37 25 2 24 
20 22 16 7 14 31 32 8 21 29 1 13 30 9 28 35 12 36 19 4 5 23 39 3 15 37 25 2 24 
21 22 16 7 14 31 32 8 21 29 1 13 30 9 28 35 12 10 36 19 4 5 23 39 3 15 37 25 2 24 
22 22 16 7 14 31 32 8 21 29 1 13 30 9 28 35 12 10 36 19 4 5 23 39 3 15 37 25 2 24 
23 22 16 7 14 31 32 8 21 29 1 13 30 9 28 35 12 10 36 19 4 5 23 39 3 15 37 25 2 24 
24 22 16 7 14 31 32 8 21 29 1 13 30 9 28 35 12 10 36 19 4 5 23 39 3 15 37 25 2 24 
25 22 16 7 14 31 32 8 21 29 1 13 30 9 28 35 12 10 36 19 4 5 23 39 3 15 37 25 2 24 
26 22 16 7 14 31 32 8 21 29 1 13 30 9 28 35 12 10 36 19 4 5 23 39 3 15 37 25 2 24 
27 22 16 7 14 31 32 8 21 29 1 13 30 9 28 35 12 10 36 19 4 5 23 39 3 15 37 25 2 24 
28 22 16 7 14 31 32 8 21 29 1 13 30 9 35 28 12 10 36 19 4 5 23 39 3 15 37 25 2 24 
29 22 16 7 14 31 32 8 21 29 1 13 30 9 28 35 12 10 36 19 4 5 23 39 3 15 37 25 2 24 
30 22 16 7 14 31 32 8 21 29 1 13 30 9 28 35 12 10 36 19 4 5 23 39 3 15 37 25 2 24 
31 22 16 7 14 31 32 8 21 29 1 13 30 9 28 35 12 10 36 19 4 5 23 39 3 15 37 25 2 24 
32 22 16 7 14 31 32 8 21 29 1 13 30 9 28 35 12 10 36 19 4 5 23 39 3 15 37 25 2 24 
33 22 16 7 14 31 32 8 21 29 1 13 30 9 28 35 12 10 36 19 4 5 23 39 3 15 37 25 2 24 
34 22 16 7 14 31 32 8 21 29 1 13 30 9 28 35 12 10 36 19 4 5 23 39 3 15 37 25 2 24 
35 22 16 7 14 31 32 8 21 29 1 13 30 9 28 35 12 10 36 19 4 5 23 39 3 15 37 25 2 24 
36 22 16 7 14 31 32 8 21 29 1 13 30 9 28 35 12 10 36 19 4 5 23 39 3 15 37 25 2 24 
37 22 16 7 14 31 32 8 21 29 1 13 30 9 28 35 12 10 36 19 4 5 23 39 3 15 37 25 2 24 
38 22 16 7 14 31 32 8 21 29 1 13 30 9 28 35 12 10 36 19 4 5 23 39 3 15 37 25 2 24 
39 22 16 7 14 31 32 8 21 29 1 13 30 9 28 35 12 10 36 19 4 23 39 3 15 37 25 2 24 
40 22 16 7 14 31 32 8 21 29 1 13 30 9 28 35 12 10 36 19 4 23 39 3 15 37 25 2 24 
41 22 16 7 14 31 32 8 21 29 1 13 30 9 28 35 12 10 36 19 4 5 23 39 3 15 37 25 2 24 
