1 1 
2 1 2 
3 1 2 3 
4 1 2 3 4 
5 1 5 2 3 4 
6 39 14 15 13 35 2 22 20 38 11 12 42 1 21 9 28 46 8 44 33 49 4 36 40 16 47 10 5 3 
7 39 14 15 13 35 2 22 20 38 11 12 42 1 21 9 28 46 8 44 33 49 4 36 40 16 47 10 5 3 
8 39 14 15 13 35 2 22 20 38 11 12 42 1 21 9 28 46 8 44 33 49 4 36 40 16 47 10 5 3 
9 39 14 15 13 35 2 22 20 38 11 12 42 1 21 9 28 46 8 44 33 49 4 36 40 16 47 10 5 3 
10 39 14 15 13 35 2 22 20 38 11 12 42 1 21 9 28 46 8 44 33 49 4 36 40 16 47 10 5 3 
11 39 14 15 13 35 2 22 20 38 11 12 42 1 21 9 28 46 8 44 33 49 4 36 40 16 47 10 5 3 
12 39 14 15 13 35 2 22 20 38 11 42 12 1 21 9 28 46 8 44 33 49 4 36 40 16 47 10 5 3 
13 39 14 15 13 35 2 22 20 38 11 12 42 1 21 9 28 46 8 44 33 49 4 36 40 16 47 10 5 3 
14 39 15 14 13 35 2 22 20 38 11 12 42 1 21 9 28 46 8 44 33 49 4 36 40 16 47 10 5 3 
15 39 14 15 13 35 2 22 20 38 11 12 42 1 21 9 28 46 8 44 33 49 4 36 40 16 47 10 5 3 
16 39 14 15 13 35 2 22 20 38 11 12 42 1 21 9 28 46 8 44 33 49 4 36 40 16 47 10 5 3 
17 39 14 15 13 35 2 22 20 38 11 12 42 1 21 9 28 46 8 44 33 49 4 36 40 16 47 10 5 3 
18 18 39 14 15 13 2 22 20 38 11 12 1 21 9 28 46 8 44 33 49 4 36 40 16 47 10 5 3 
19 18 39 14 15 13 2 22 20 38 11 12 1 21 9 28 46 8 44 33 49 4 36 40 16 24 47 10 5 3 
20 18 39 14 15 13 2 22 20 38 11 12 1 21 9 28 46 8 44 33 49 4 36 40 16 24 47 10 5 3 
21 18 39 14 15 13 2 22 20 38 11 12 1 21 9 28 46 8 44 33 49 4 36 40 16 24 47 10 5 3 
22 18 39 14 15 13 2 22 20 38 11 12 1 21 9 28 46 8 44 33 49 4 36 40 16 24 47 10 5 3 
23 18 39 14 15 13 2 22 20 38 11 12 1 21 9 28 46 8 44 33 49 4 36 40 16 24 47 10 5 3 
24 39 14 15 13 2 22 20 38 11 12 1 21 9 28 46 8 44 33 49 4 36 40 16 24 47 10 5 3 
25 39 14 15 13 2 22 20 38 11 12 1 21 9 28 46 8 44 33 49 4 36 40 16 24 47 10 5 3 
26 39 14 15 13 2 22 20 38 11 12 1 26 21 9 28 46 8 44 33 49 4 36 40 16 47 10 5 3 
27 39 14 15 13 30 2 22 20 38 11 12 1 26 21 9 28 46 8 44 33 49 4 36 40 16 47 10 5 3 
28 39 14 15 13 30 2 22 20 38 11 12 1 26 21 9 28 46 8 44 33 49 4 36 40 16 47 10 5 3 
29 39 14 15 13 30 2 22 20 38 11 12 1 26 21 9 28 46 8 44 33 49 4 36 40 16 47 10 5 3 
30 39 14 15 13 30 2 22 20 38 11 12 1 21 9 28 46 8 44 33 49 4 36 40 16 47 10 5 3 
31 39 14 15 13 30 2 22 20 38 11 12 1 21 9 28 46 8 44 33 49 4 36 40 16 47 10 5 3 
32 39 14 15 13 30 2 22 20 38 11 12 1 26 21 9 28 46 8 44 33 49 4 36 40 16 47 10 5 3 
33 39 14 15 13 30 2 22 20 38 11 12 1 26 21 9 28 46 8 44 33 49 4 36 40 16 47 10 5 3 
34 39 14 15 13 30 2 22 20 38 11 12 1 26 21 9 28 46 8 44 33 49 4 36 40 16 47 10 5 3 
35 39 14 15 13 35 2 22 20 38 11 12 1 21 9 28 46 8 44 33 49 4 36 40 16 47 10 5 3 
36 39 14 15 13 35 2 22 20 38 11 12 42 1 21 9 28 46 8 44 33 49 4 40 36 16 47 10 5 3 
37 39 14 15 13 35 2 22 20 38 11 12 42 1 21 9 28 46 8 44 33 49 4 36 40 16 47 10 5 3 
38 39 14 15 13 35 2 22 20 38 11 12 42 1 21 9 28 46 8 44 33 49 4 36 40 16 47 10 5 3 
39 39 14 15 13 35 2 22 20 38 11 12 42 1 21 9 28 46 8 44 33 49 4 36 40 16 47 10 5 3 
40 39 14 15 13 35 2 22 20 38 11 12 42 1 21 9 28 46 8 44 33 49 4 36 40 16 47 10 5 3 
41 39 14 15 13 35 2 22 20 38 11 12 42 1 21 9 28 46 8 44 33 49 4 36 40 16 47 10 5 3 
42 39 14 15 13 2 22 20 38 11 12 42 1 21 9 28 46 8 44 33 49 4 36 40 16 47 10 5 3 
43 39 14 15 13 2 22 20 38 11 12 42 1 21 9 28 46 8 44 33 49 4 36 40 16 47 10 5 3 
44 39 14 15 13 35 2 22 20 38 11 12 42 1 21 9 28 46 8 44 33 49 4 36 40 16 47 10 5 3 
45 39 14 15 13 35 2 22 20 38 11 12 42 1 21 9 28 46 8 44 33 49 4 36 40 16 47 10 5 3 
46 39 14 15 13 35 2 22 20 38 11 12 42 1 21 9 28 46 8 44 33 49 4 36 40 16 47 10 5 3 
47 39 14 15 13 35 2 22 20 38 11 12 42 1 21 9 28 46 8 44 33 49 4 36 40 16 47 10 5 3 
48 39 14 15 13 35 2 22 20 38 11 12 42 1 21 9 28 46 8 44 33 49 4 36 40 16 47 10 5 3 
49 39 14 15 13 35 2 22 20 38 11 12 42 1 21 9 28 46 8 44 33 49 4 36 40 16 47 10 3 
50 39 14 15 13 35 2 22 20 38 11 12 42 1 21 9 28 46 8 44 33 49 4 36 40 16 47 10 3 
51 39 14 15 13 35 2 22 20 38 11 12 42 1 21 9 28 46 8 44 33 49 4 36 40 16 47 10 5 3 
