1 1 
2 1 2 
3 1 2 
4 1 2 4 
5 5 1 2 4 
6 5 1 6 2 4 
7 5 7 1 6 2 4 
8 5 7 1 6 8 2 4 
9 5 9 7 1 6 8 2 4 
10 5 9 7 1 6 8 2 4 
11 5 9 7 1 11 6 8 2 4 
12 5 9 7 1 11 12 6 8 2 4 
13 5 9 7 1 11 12 6 8 2 4 
14 5 9 7 1 11 14 12 6 8 2 4 
15 5 9 7 1 11 14 12 6 8 15 2 4 
16 5 9 7 1 11 14 12 6 8 15 2 4 
17 5 8 4 17 9 7 1 11 14 12 6 15 2 
18 18 42 8 31 23 9 7 11 45 29 21 6 27 41 2 49 43 5 32 28 40 44 22 37 46 19 4 17 38 35 1 14 25 33 12 15 30 26 
19 18 42 8 31 23 9 7 11 45 29 21 6 27 41 2 49 43 5 32 28 40 44 22 37 46 19 4 17 38 35 1 14 25 33 12 15 30 26 
20 18 42 8 31 23 9 7 11 45 29 21 6 27 41 2 49 43 5 32 28 40 44 22 37 46 19 4 17 38 35 1 14 25 33 12 15 30 26 
21 18 42 8 31 23 9 7 11 45 29 21 6 27 41 2 49 43 5 32 28 40 44 22 37 46 19 4 17 38 35 1 14 25 33 12 15 30 26 
22 18 42 8 31 23 9 7 11 45 29 21 6 27 41 2 49 43 5 32 28 40 44 22 37 46 19 4 17 38 35 1 14 25 33 12 15 30 26 
23 18 42 8 31 23 9 7 11 45 29 21 6 27 41 2 49 43 5 32 28 40 44 22 37 46 19 4 17 38 35 1 14 25 33 12 15 30 26 
24 18 42 8 31 23 9 7 11 45 29 21 6 27 41 2 49 43 5 32 28 40 44 22 37 46 19 4 17 38 35 1 14 25 33 12 15 30 26 
25 18 42 8 31 23 9 7 11 45 29 21 6 27 41 2 49 43 5 32 28 40 44 22 37 46 19 4 17 38 35 1 14 25 33 12 15 30 26 
26 18 42 8 31 23 9 7 11 45 29 21 6 27 41 2 49 43 5 32 28 40 44 22 37 46 19 4 17 38 35 1 14 25 33 12 15 30 26 
27 18 42 8 31 23 9 7 11 45 29 21 6 41 27 2 49 43 5 32 28 40 44 22 37 46 19 4 17 38 35 1 14 25 33 12 15 30 26 
28 18 42 8 31 23 9 7 11 45 29 21 6 27 41 2 49 43 5 32 40 28 44 22 37 46 19 4 17 38 35 1 14 25 33 12 15 30 26 
29 18 42 8 31 23 9 7 11 45 29 21 6 27 41 2 49 43 5 32 28 40 44 22 37 46 19 4 17 38 35 1 14 25 33 12 15 30 26 
30 18 42 8 31 23 9 7 11 45 29 21 6 27 41 2 49 43 5 32 28 40 44 22 37 46 19 4 17 38 35 1 14 25 33 12 15 30 26 
31 18 42 8 31 23 9 7 11 45 29 21 6 27 41 2 49 43 5 32 28 40 44 22 37 46 19 4 17 38 35 1 14 25 33 12 15 30 26 
32 18 42 8 31 23 9 7 11 45 29 21 6 27 41 2 49 43 5 32 28 40 44 22 37 46 19 4 17 38 35 1 14 25 33 12 15 30 26 
33 18 42 8 31 23 9 7 11 45 29 21 6 27 41 2 49 43 5 32 28 40 44 22 37 46 19 4 17 38 35 1 14 25 33 12 15 30 26 
34 18 42 8 31 23 9 7 11 45 29 21 6 27 41 2 49 43 5 32 28 40 44 22 37 46 19 4 17 38 35 1 14 25 33 12 15 30 26 
35 18 42 8 31 23 9 7 11 45 29 21 6 27 41 2 49 43 5 32 28 44 22 37 46 19 4 17 35 1 14 25 33 12 15 30 26 
36 18 42 8 31 23 9 7 11 45 29 21 6 27 41 2 49 43 5 32 28 44 22 37 46 19 4 17 35 1 14 25 33 12 15 30 26 
37 18 42 8 31 23 9 7 11 45 29 21 6 27 41 2 49 43 5 32 28 40 44 22 37 46 19 4 17 38 35 1 14 25 33 12 15 30 26 
38 18 42 8 31 23 9 7 11 45 29 21 6 27 41 2 49 43 5 32 28 44 22 37 46 19 4 17 38 1 14 25 33 12 15 30 26 
39 18 42 8 31 23 9 7 11 45 29 21 6 27 41 2 49 43 5 32 28 44 22 37 46 19 4 17 38 1 14 25 33 12 15 30 26 
40 18 42 8 31 23 9 7 11 45 29 21 6 27 41 2 49 43 5 32 28 40 44 22 37 46 19 4 17 1 14 25 33 12 15 30 26 
41 18 42 8 31 23 9 7 11 45 29 21 6 27 41 2 49 43 5 32 28 40 44 22 37 46 19 4 17 38 35 1 14 25 33 12 15 30 26 
42 18 42 8 31 23 9 7 11 45 29 21 6 27 41 2 49 43 5 32 28 40 44 22 37 46 19 4 17 38 35 1 14 25 33 12 15 30 26 
43 18 42 8 31 23 9 7 11 45 29 21 6 27 41 2 49 43 5 32 28 40 44 22 37 46 19 4 17 38 35 1 14 25 33 12 15 30 26 
44 18 42 8 31 23 9 7 11 45 29 21 6 27 41 2 49 43 5 32 28 40 44 22 37 46 19 4 17 38 35 1 14 25 33 12 15 30 26 
45 18 42 8 31 23 9 7 11 45 29 21 6 27 41 2 49 43 5 32 28 40 44 22 37 46 19 4 17 38 35 1 14 25 33 12 15 30 26 
46 18 42 8 31 23 9 7 11 45 29 21 6 27 41 2 49 43 5 32 28 40 44 22 37 46 19 4 17 38 35 1 14 25 33 12 15 30 26 
47 18 42 8 31 23 9 7 11 45 29 21 6 27 41 2 49 43 5 32 28 40 44 22 37 46 19 4 17 38 35 1 14 25 33 12 15 30 26 
48 18 42 8 31 23 9 7 11 45 29 21 6 27 41 2 49 43 5 32 28 40 44 22 37 46 19 4 17 38 35 1 14 25 33 12 15 30 26 
49 18 42 8 31 23 9 7 11 45 29 21 6 27 41 2 49 43 5 32 28 40 44 22 37 46 19 4 38 35 1 14 25 33 12 15 30 26 
50 18 42 8 31 23 9 7 11 45 29 21 6 27 41 2 49 43 5 32 28 40 44 22 37 46 19 4 38 35 1 14 25 33 12 15 30 26 
51 18 42 8 31 23 9 7 11 45 29 21 6 27 41 2 49 43 5 32 28 40 44 22 37 46 19 4 17 38 35 1 14 25 33 12 15 30 26 
52 1 2 
