1 1 
2 2 1 
3 3 2 1 
4 3 2 1 4 
5 3 2 1 4 
6 3 2 1 4 6 
7 3 7 2 1 4 6 
8 13 14 2 22 4 6 11 15 10 21 8 12 19 20 3 7 1 
9 13 14 2 22 4 6 11 15 10 21 8 12 19 20 3 7 1 
10 13 14 2 22 4 6 11 15 21 10 8 12 19 20 3 7 1 
11 13 14 2 22 4 6 15 11 10 21 8 12 19 20 3 7 1 
12 13 14 2 22 4 6 11 15 10 21 8 12 19 20 3 7 1 
13 14 13 2 22 4 6 11 15 10 21 8 12 19 20 3 7 1 
14 13 14 2 22 4 6 11 15 10 21 8 12 19 20 3 7 1 
15 13 14 2 22 4 6 11 15 10 21 8 12 19 20 3 7 1 
16 13 14 2 22 4 6 11 15 10 21 8 12 19 20 3 7 1 
17 13 14 2 22 4 11 15 10 8 12 19 20 3 7 17 1 
18 13 14 2 22 4 11 15 10 8 12 19 20 3 7 17 1 
19 13 14 2 22 4 6 11 15 10 21 8 12 19 20 3 7 1 
20 13 14 2 22 4 6 11 15 10 21 8 12 19 20 3 7 1 
21 13 14 2 22 4 11 15 10 21 8 12 19 20 3 7 1 
22 13 14 2 22 4 11 15 10 21 8 12 19 20 3 1 
23 13 14 2 22 4 11 15 10 21 8 12 19 20 3 1 
24 13 14 2 22 4 6 11 15 10 21 8 12 19 20 3 7 17 1 24 
25 13 14 2 22 4 6 11 15 10 21 8 12 19 20 3 7 17 1 24 
26 13 14 2 22 4 6 11 15 10 21 8 12 19 20 3 7 17 1 24 26 
27 13 14 2 22 4 6 11 15 10 21 8 12 19 20 3 7 17 1 27 24 26 
28 13 14 2 22 4 6 11 15 10 21 8 12 19 20 3 7 17 1 27 24 26 
29 13 14 2 22 4 6 11 15 10 21 8 12 19 20 3 7 17 1 27 24 26 
30 13 14 2 22 4 6 11 15 10 21 8 12 19 20 3 7 17 1 27 24 26 
31 3 2 1 4 31 
32 34 3 37 2 1 4 31 
33 34 3 37 2 1 4 31 
34 34 3 37 2 1 4 31 
35 34 3 37 2 1 4 31 
36 34 3 37 2 1 4 31 
37 34 3 37 2 1 4 
38 34 3 37 2 1 4 
39 13 14 34 2 22 4 6 11 15 31 10 21 8 12 19 20 3 37 7 17 1 27 24 26 
