1 1 
2 1 2 
3 1 2 3 
4 1 2 3 
5 1 2 3 
6 1 2 3 
7 1 7 2 3 
8 8 1 7 2 3 
9 8 1 7 2 3 
10 8 10 1 7 2 3 
11 13 17 12 16 8 10 1 7 18 21 2 3 
12 13 17 16 12 8 10 1 7 18 21 2 3 
13 13 17 12 16 8 10 1 7 18 21 2 3 
14 13 17 12 16 8 10 1 7 18 21 2 3 
15 13 17 12 16 8 10 1 7 18 21 2 3 
16 13 17 12 16 8 10 1 7 18 21 2 3 
17 13 17 12 16 8 10 1 7 18 21 2 3 
18 13 17 12 16 8 10 1 7 21 18 2 3 
19 13 17 12 16 8 10 1 7 18 21 2 3 
20 13 17 12 16 8 10 1 7 18 21 2 3 
21 13 17 12 16 8 1 7 18 21 2 3 
22 13 17 12 16 8 1 7 18 21 2 3 
23 13 17 12 16 8 10 1 7 18 21 2 3 
