1 1 
2 1 2 
3 3 1 2 
4 4 3 1 2 
5 4 3 1 2 
6 4 3 6 1 2 
7 14 4 19 16 31 11 20 24 29 1 36 23 17 9 12 26 3 6 10 7 2 21 
8 14 4 19 16 31 11 20 24 29 1 36 23 17 9 12 26 3 6 7 10 2 21 
9 14 4 19 16 31 11 20 24 29 1 36 23 17 9 12 26 3 6 7 10 2 21 
10 14 4 19 16 31 11 20 24 29 1 36 23 17 9 12 26 3 6 7 10 2 21 
11 14 4 19 16 31 11 20 24 29 1 36 23 17 9 12 26 3 6 7 10 2 21 
12 14 4 19 16 31 11 20 24 29 1 36 23 17 9 26 12 3 6 7 10 2 21 
13 14 4 19 16 31 11 20 24 29 1 36 23 17 9 12 26 3 6 7 10 2 21 
14 14 4 19 16 31 11 20 24 29 1 36 23 17 9 12 26 3 6 7 10 2 21 
15 14 4 19 16 31 11 20 24 29 1 36 23 17 9 12 26 3 6 7 10 2 21 
16 14 4 19 31 16 11 20 24 29 1 36 23 17 9 12 26 3 6 7 10 2 21 
17 14 4 19 16 31 11 20 24 29 1 36 23 17 9 12 26 3 6 7 10 2 21 
18 14 4 19 16 31 11 20 24 29 1 36 23 17 9 12 26 3 6 7 10 2 21 
19 14 4 19 16 31 11 20 24 29 1 36 23 17 9 12 26 3 6 7 10 2 21 
20 14 4 19 16 11 24 29 20 1 36 23 17 9 12 26 3 6 7 10 2 21 
21 14 4 19 16 31 11 20 24 29 1 36 23 17 9 12 26 3 6 7 10 2 21 
22 14 4 19 16 31 11 20 24 29 1 36 23 17 9 12 26 3 6 7 10 2 21 
23 14 4 19 16 31 11 20 24 29 1 36 23 17 9 12 26 3 6 7 10 2 21 
24 14 4 19 16 31 11 20 29 24 1 36 23 17 9 12 26 3 6 7 10 2 21 
25 14 4 19 16 31 11 20 24 29 1 36 23 17 9 12 26 3 6 7 10 2 21 
26 14 4 19 16 31 11 20 24 29 1 36 23 17 9 12 26 3 6 7 10 2 21 
27 14 4 19 16 31 11 20 24 29 1 36 23 17 9 12 26 3 6 7 10 2 21 
28 14 4 19 16 31 11 20 24 29 1 36 23 17 9 12 26 3 6 7 10 2 21 
29 14 4 19 16 31 11 20 24 29 1 36 23 17 9 12 26 3 6 7 10 2 21 
30 14 4 19 16 31 11 20 24 29 1 36 23 17 9 12 26 3 6 7 10 2 21 
31 14 4 19 16 31 11 24 29 1 36 23 17 9 12 26 3 6 7 10 2 21 
32 14 4 19 16 31 11 24 29 1 36 23 17 9 12 26 3 6 7 10 2 21 
33 14 4 19 16 31 11 20 24 29 1 36 23 17 9 12 26 3 6 7 10 2 21 
34 14 4 19 16 31 11 20 24 29 1 36 23 17 9 12 26 3 6 7 10 2 21 
35 14 4 19 16 31 11 20 24 29 1 36 23 17 9 12 26 3 6 7 10 2 21 
36 14 4 19 16 31 11 20 24 29 1 36 23 17 9 12 26 3 7 10 2 21 
37 14 4 19 16 31 11 20 24 29 1 36 23 17 9 12 26 3 7 10 2 21 
38 14 4 19 16 31 11 20 24 29 1 36 23 17 9 12 26 3 6 7 10 2 21 
