1 1 
2 1 2 
3 1 3 2 
4 1 3 2 4 
5 1 3 2 4 
6 1 3 2 4 6 
7 1 3 2 4 6 
8 1 3 2 4 8 6 
9 1 3 2 4 8 9 6 
10 1 3 2 4 8 9 6 
11 1 3 11 2 4 8 9 6 
12 1 3 12 11 2 4 8 9 6 
13 1 3 12 11 2 4 8 9 6 
14 1 3 12 11 2 4 8 9 6 
15 24 21 39 51 37 1 56 12 44 8 19 9 35 42 30 43 55 17 47 54 31 52 25 18 49 64 2 60 65 66 59 22 34 15 63 11 4 29 6 41 45 62 3 36 33 48 27 20 46 57 53 61 28 38 
16 24 21 39 51 37 1 56 12 44 8 19 9 35 42 30 43 55 17 47 54 31 52 25 18 49 64 2 60 65 66 59 22 34 15 63 11 4 29 6 41 45 62 3 36 33 48 27 20 46 57 53 61 28 38 
17 24 21 39 51 37 1 56 12 44 8 19 9 35 42 30 43 55 17 47 54 31 52 25 18 49 64 2 60 65 66 59 22 34 15 63 11 4 29 6 41 45 62 3 36 33 48 27 20 46 57 53 61 28 38 
18 24 21 39 51 37 1 56 12 44 8 19 9 35 42 30 43 55 17 47 54 31 52 18 49 64 2 60 65 66 59 22 34 15 63 11 4 29 6 41 45 62 3 36 33 48 27 20 46 57 53 61 28 38 
19 24 21 39 51 37 1 56 12 44 8 19 9 35 42 30 43 55 17 47 54 31 52 25 18 49 64 2 60 65 66 59 22 34 15 63 11 4 29 6 41 45 62 3 36 33 48 27 20 46 57 53 61 28 38 
20 24 21 39 51 37 1 56 12 44 8 19 9 35 42 30 43 55 17 47 54 31 52 25 18 49 64 2 60 65 66 59 22 34 15 63 11 4 29 6 41 45 62 3 36 33 48 27 20 46 57 53 61 28 38 
21 24 21 39 51 37 1 56 12 44 8 19 9 35 42 30 43 55 17 47 54 31 52 25 18 49 64 2 60 65 66 59 22 34 15 63 11 4 29 6 41 45 62 3 36 33 48 27 20 46 57 53 61 28 38 
22 24 21 39 51 37 1 56 12 44 8 19 9 35 42 30 43 55 17 47 54 31 52 25 18 49 64 2 60 65 66 59 22 34 15 63 11 4 29 6 41 45 62 3 36 33 48 27 20 46 57 53 61 28 38 
23 24 21 39 51 37 1 56 12 44 8 19 9 35 42 30 43 55 17 47 54 31 52 25 18 49 64 2 60 65 66 59 22 34 15 63 11 4 29 6 41 45 62 3 36 33 48 27 20 46 57 53 61 28 38 
24 24 21 39 51 37 1 56 12 44 8 19 9 35 42 30 43 55 17 47 54 31 52 25 18 49 64 2 60 65 66 59 22 34 15 63 11 4 29 6 41 45 62 3 36 33 48 27 20 46 57 53 61 28 38 
25 24 21 39 51 37 1 56 12 44 8 19 9 35 42 30 43 55 17 47 54 31 52 25 49 64 2 60 65 66 59 22 34 15 63 11 4 29 6 41 45 62 3 36 33 48 27 20 46 57 53 61 28 38 
26 24 21 39 51 37 1 56 12 44 8 19 9 35 42 30 43 55 17 47 54 31 52 25 49 64 2 60 65 66 59 22 34 15 63 11 4 29 6 41 45 62 3 36 33 48 27 20 46 57 53 61 28 38 
27 24 21 39 51 37 1 56 12 44 8 19 9 35 42 30 43 55 17 47 54 31 52 25 18 49 64 2 60 65 66 59 22 34 15 63 11 4 29 6 41 45 62 3 36 33 48 27 20 46 57 53 61 28 38 
28 24 21 39 51 37 1 56 12 44 8 19 9 35 42 30 43 55 17 47 54 31 52 25 18 49 64 2 60 65 66 59 22 34 15 63 11 4 29 6 41 45 62 3 36 33 48 27 20 46 57 53 61 28 38 
29 24 21 39 51 37 1 56 12 44 8 19 9 35 42 30 43 55 17 47 54 31 52 25 18 49 64 2 60 65 66 59 22 34 15 63 11 4 29 6 41 45 62 3 36 33 48 27 20 46 57 53 61 28 38 
30 24 21 39 51 37 1 56 12 44 8 19 9 35 42 30 43 55 17 47 54 31 52 25 18 49 64 2 60 65 66 59 22 34 15 63 11 4 29 6 41 45 62 3 36 33 48 27 20 46 57 53 61 28 38 
31 24 21 39 51 37 1 56 12 44 8 19 9 35 42 30 43 55 17 47 54 52 31 25 18 49 64 2 60 65 66 59 22 34 15 63 11 4 29 6 41 45 62 3 36 33 48 27 20 46 57 53 61 28 38 
32 24 21 39 51 37 1 56 12 44 8 19 9 35 42 30 43 55 17 47 54 31 52 25 18 49 64 2 60 65 66 59 22 34 15 63 11 4 29 6 41 45 62 3 36 33 48 27 20 46 57 53 61 28 38 
33 24 21 39 51 37 1 56 12 44 8 19 9 35 42 30 43 55 17 47 54 31 52 25 18 49 64 2 60 65 66 59 22 34 15 63 11 4 29 6 41 45 62 3 36 48 33 27 20 46 57 53 61 28 38 
34 24 21 39 51 37 1 56 12 44 8 19 9 35 42 30 43 55 17 47 54 31 52 25 18 49 64 2 60 65 66 59 22 34 15 63 11 4 29 6 41 45 62 3 36 33 48 27 20 46 57 53 61 28 38 
35 24 21 39 51 37 1 56 12 44 8 19 9 35 42 30 43 55 17 47 54 31 52 25 18 49 64 2 60 65 66 59 22 34 15 63 11 4 29 6 41 45 62 3 36 33 48 27 20 46 57 53 61 28 38 
36 24 21 39 51 37 1 56 12 44 8 19 9 35 42 30 43 55 17 47 54 31 52 25 18 49 64 2 60 65 66 59 22 34 15 63 11 4 29 6 41 45 62 3 36 33 48 27 20 46 57 53 61 28 38 
37 24 21 39 51 37 1 56 12 44 8 19 9 35 42 30 43 55 17 47 54 31 52 25 18 49 64 2 60 65 66 59 22 34 15 63 11 4 29 6 41 45 62 3 36 33 48 27 20 46 57 53 61 28 38 
38 24 21 39 51 37 1 56 12 44 8 19 9 35 42 30 43 55 17 47 54 31 52 25 18 49 64 2 60 65 66 59 22 34 15 63 11 4 29 6 41 45 62 3 36 33 48 27 20 46 57 53 61 28 38 
39 24 21 39 51 37 1 56 12 44 8 19 9 35 42 30 43 55 17 47 54 31 52 25 18 49 64 2 60 65 66 59 22 34 15 63 11 4 29 6 41 45 62 3 36 33 48 27 20 46 57 53 61 28 38 
40 24 21 39 51 37 1 56 12 44 8 19 9 35 42 30 43 55 17 47 54 31 52 25 18 49 64 2 60 65 66 59 22 34 15 63 11 4 29 6 41 45 62 3 36 33 48 27 20 46 57 53 61 28 38 
41 24 21 39 51 37 1 56 12 44 8 19 9 35 42 30 43 55 17 47 54 31 52 25 18 49 64 2 60 65 66 59 22 34 15 63 11 4 29 6 41 45 62 3 36 33 48 27 20 46 57 53 61 28 38 
42 24 21 39 51 37 1 56 12 44 8 19 9 35 42 30 43 55 17 47 54 31 52 25 18 49 64 2 60 65 66 59 22 34 15 63 11 4 29 6 41 45 62 3 36 33 48 27 20 46 57 53 61 28 38 
43 24 21 39 51 37 1 56 12 44 8 19 9 35 42 30 43 55 17 47 54 31 52 25 18 49 64 2 60 65 66 59 22 34 15 63 11 4 29 6 41 45 62 3 36 33 48 27 20 46 57 53 61 28 38 
44 24 21 39 51 37 1 56 12 44 8 19 9 35 42 30 43 55 17 47 54 31 52 25 18 49 64 2 60 65 66 59 22 34 15 63 11 4 29 6 41 45 62 3 36 33 48 27 20 46 57 53 61 28 38 
45 24 21 39 51 37 1 56 12 44 8 19 9 35 42 30 43 55 17 47 54 31 52 25 18 49 64 2 60 65 66 59 22 34 15 63 11 4 29 6 41 45 62 3 36 33 48 27 20 46 57 53 61 28 38 
46 24 21 39 51 37 1 56 12 44 8 19 9 35 42 30 43 55 17 47 54 31 52 25 18 49 64 2 60 65 66 59 22 34 15 63 11 4 29 6 41 45 62 3 36 33 48 27 20 46 57 53 61 28 38 
47 24 21 39 51 37 1 56 12 44 8 19 9 35 42 30 43 55 17 47 54 31 52 25 18 49 64 2 60 65 66 59 22 34 15 63 11 4 29 6 41 45 62 3 36 33 48 27 20 46 57 53 61 28 38 
48 24 21 39 51 37 1 56 12 44 8 19 9 35 42 30 43 55 17 47 54 31 52 25 18 49 64 2 60 65 66 59 22 34 15 63 11 4 29 6 41 45 62 3 36 33 48 27 20 46 57 53 61 28 38 
49 24 21 39 51 37 1 56 12 44 8 19 9 35 42 30 43 55 17 47 54 31 52 25 18 64 49 2 60 65 66 59 22 34 15 63 11 4 29 6 41 45 62 3 36 33 48 27 20 46 57 53 61 28 38 
50 24 21 39 51 37 1 56 12 44 8 19 9 35 42 30 43 55 17 47 54 31 52 25 18 49 64 2 60 65 66 59 22 34 15 63 11 4 29 6 41 45 62 3 36 33 48 27 20 46 57 53 61 28 38 
51 24 21 39 51 37 1 56 12 44 8 19 9 35 42 30 43 55 17 47 54 31 52 25 18 49 64 2 60 65 66 59 22 34 15 63 11 4 29 6 41 45 62 3 36 33 48 27 20 46 57 53 61 28 38 
52 24 21 39 51 37 1 56 12 44 8 19 9 35 42 30 43 55 17 47 54 31 52 25 18 49 64 2 60 65 66 59 22 34 15 63 11 4 29 6 41 45 62 3 36 33 48 27 20 46 57 53 61 28 38 
53 24 21 39 51 37 1 56 12 44 8 19 9 35 42 30 43 55 17 47 54 31 52 25 18 49 64 2 60 65 66 59 22 34 15 63 11 4 29 6 41 45 62 3 36 33 48 27 20 46 57 53 61 28 38 
54 24 21 39 51 37 1 56 12 44 8 19 9 35 42 30 43 55 17 47 54 31 52 25 18 49 64 2 60 65 66 59 22 34 15 63 11 4 29 6 41 45 62 3 36 33 48 27 20 46 57 53 61 28 38 
55 24 21 39 51 37 1 56 12 44 8 19 9 35 42 30 43 55 17 47 54 31 52 25 18 49 64 2 60 65 66 59 22 34 15 63 11 4 29 6 41 45 62 3 36 33 48 27 20 46 57 53 61 28 38 
56 24 21 39 51 37 1 56 12 44 8 19 9 35 42 30 43 55 17 47 54 31 52 25 18 49 64 2 60 65 66 59 22 34 15 63 11 4 29 6 41 45 62 3 36 33 48 27 20 46 57 53 61 28 38 
57 24 21 39 51 37 1 56 12 44 8 19 9 35 42 30 43 55 17 47 54 31 52 25 18 49 64 2 60 65 66 59 22 34 15 63 11 4 29 6 41 45 62 3 36 33 48 27 20 46 57 53 61 28 38 
58 24 21 39 51 37 1 56 12 44 8 19 9 35 42 30 43 55 17 47 54 31 52 25 18 49 64 2 60 65 66 59 22 34 15 63 11 4 29 6 41 45 62 3 36 33 48 27 20 46 57 53 61 28 38 
59 24 21 39 51 37 1 56 12 44 8 19 9 35 42 30 43 55 17 47 54 31 52 25 18 49 64 2 60 65 66 59 22 34 15 63 11 4 29 6 41 45 62 3 36 33 48 27 20 46 57 53 61 28 38 
60 24 21 39 51 37 1 56 12 44 8 19 9 35 42 30 43 55 17 47 54 31 52 25 18 49 64 2 65 60 66 59 22 34 15 63 11 4 29 6 41 45 62 3 36 33 48 27 20 46 57 53 61 28 38 
61 24 21 39 51 37 1 56 12 44 8 19 9 35 42 30 43 55 17 47 54 31 52 25 18 49 64 2 60 65 66 59 22 34 15 63 11 4 29 6 41 45 62 3 36 33 48 27 20 46 57 53 61 28 38 
62 24 21 39 51 37 1 56 12 44 8 19 9 35 42 30 43 55 17 47 54 31 52 25 18 49 64 2 60 65 66 59 22 34 15 63 11 4 29 6 41 45 62 3 36 33 48 27 20 46 57 53 61 28 38 
63 24 21 39 51 37 1 56 12 44 8 19 9 35 42 30 43 55 17 47 54 31 52 25 18 49 64 2 60 65 66 59 22 34 15 63 11 4 29 6 41 45 62 3 36 33 48 27 20 46 57 53 61 28 38 
64 24 21 39 51 37 1 56 12 44 8 19 9 35 42 30 43 55 17 47 54 31 52 25 18 49 64 2 60 65 66 59 22 34 15 63 11 4 29 6 41 45 62 3 36 33 48 27 20 46 57 53 61 28 38 
65 24 21 39 51 37 1 56 12 44 8 19 9 35 42 30 43 55 17 47 54 31 52 25 18 49 64 2 60 65 66 59 22 34 15 63 11 4 29 6 41 45 62 3 36 33 48 27 20 46 57 53 61 28 38 
66 24 21 39 51 37 1 56 12 44 8 19 9 35 42 30 43 55 17 47 54 31 52 25 18 49 64 2 60 65 66 59 22 34 15 63 11 4 29 6 41 45 62 3 36 33 48 27 20 46 57 53 61 28 38 
67 24 21 39 51 37 1 56 12 44 8 19 9 35 42 30 43 55 17 47 54 31 52 25 18 49 64 2 60 65 66 59 22 34 15 63 11 4 29 6 41 45 62 3 36 33 48 27 20 46 57 53 61 28 38 
68 24 21 39 51 37 1 56 12 44 8 19 9 35 42 30 43 55 17 47 54 31 52 25 18 49 64 2 60 65 66 59 22 34 15 63 11 4 29 6 41 45 62 3 36 33 48 27 20 46 57 53 61 28 38 
69 24 21 39 51 37 1 56 12 44 8 19 9 35 42 30 43 55 17 47 54 31 52 25 18 49 64 2 60 65 66 59 22 34 15 63 11 4 29 6 41 45 62 3 36 33 48 27 20 46 57 53 61 28 38 
70 24 21 39 51 37 1 56 12 44 8 19 9 35 42 30 43 55 17 47 54 31 52 25 18 49 64 2 60 65 66 59 22 34 15 63 11 4 29 6 41 45 62 3 36 33 48 27 20 46 57 53 61 28 38 
71 24 21 39 51 37 1 56 12 44 8 19 9 35 42 30 43 55 17 47 54 31 52 25 18 49 64 2 60 65 66 59 22 34 15 63 11 4 29 6 41 45 62 3 36 33 48 27 20 46 57 53 61 28 38 
