1 1 
2 2 1 
3 2 3 1 
4 2 3 1 4 
5 2 3 1 4 
6 2 6 3 1 4 
7 2 6 3 10 12 17 1 16 13 9 8 14 4 
8 2 6 3 10 12 17 1 16 13 9 8 14 4 
9 2 6 3 10 12 17 1 16 13 9 8 14 4 
10 2 6 3 10 12 17 1 16 13 9 8 14 4 
11 2 6 3 10 12 17 1 16 13 9 8 14 4 
12 2 6 3 10 12 17 1 16 13 9 8 14 4 
13 2 6 3 10 12 17 1 16 13 9 8 14 4 
14 2 6 3 10 12 17 1 16 13 9 8 14 4 
15 2 6 3 10 12 17 1 16 13 9 8 14 4 
16 6 17 3 10 1 12 16 13 9 8 14 4 
17 2 17 3 1 10 12 16 13 9 8 14 4 
18 2 17 3 1 10 12 16 13 9 8 14 4 
19 2 6 3 10 12 17 1 16 13 9 8 14 4 
