1 1 
2 2 1 
3 3 2 1 
4 3 2 4 1 
5 3 2 4 1 
6 6 3 2 4 1 
7 12 40 17 24 1 34 46 38 7 44 45 53 35 52 32 47 61 11 6 31 15 16 10 18 49 3 2 33 4 25 27 60 26 30 64 42 50 55 63 65 62 19 8 59 
8 12 40 17 24 1 34 46 7 38 44 45 53 35 52 32 47 61 11 31 15 16 10 18 49 3 2 33 4 25 27 60 26 30 64 42 50 55 63 65 62 19 8 59 
9 12 40 17 24 1 34 46 7 38 44 45 53 35 52 32 47 61 11 31 15 16 10 18 49 3 2 33 4 25 27 60 26 30 64 42 50 55 63 65 62 19 8 59 
10 12 40 17 24 1 34 46 7 38 44 45 53 35 52 32 47 61 11 31 15 16 18 49 10 3 2 33 4 25 27 60 26 30 64 42 50 55 63 65 62 19 8 59 
11 12 40 17 24 1 34 46 7 38 44 45 53 35 52 32 47 61 11 31 15 16 10 18 49 3 2 33 4 25 27 60 26 30 64 42 50 55 63 65 62 19 8 59 
12 40 17 12 24 1 34 46 7 38 44 45 53 35 52 32 47 61 11 31 15 16 10 18 49 3 2 33 4 25 27 60 26 30 64 42 50 55 63 65 62 19 8 59 
13 12 40 17 24 1 34 46 7 44 45 53 35 52 32 47 61 11 31 15 16 10 18 49 3 2 33 4 25 27 60 26 30 64 42 13 50 55 63 65 62 19 8 59 
14 12 17 40 24 1 34 46 7 44 45 53 35 52 32 47 61 11 15 31 16 10 18 49 3 2 33 4 25 27 60 26 30 64 13 42 50 22 55 63 65 62 19 8 59 
15 12 17 40 24 1 34 46 7 44 45 53 35 52 32 47 61 11 31 15 16 10 18 49 3 2 33 4 25 27 60 26 30 64 13 42 50 22 55 63 65 62 19 8 59 
16 12 17 40 24 1 34 46 7 44 45 53 35 52 32 47 61 11 15 31 16 10 18 49 3 2 33 4 25 27 60 26 30 64 13 42 50 22 55 63 65 62 19 8 59 
17 12 40 17 24 1 34 46 7 44 45 53 35 52 32 47 61 11 15 31 16 10 18 49 3 2 33 4 25 27 60 26 30 64 13 42 50 22 55 63 65 62 19 8 59 
18 12 17 40 24 1 34 46 7 44 45 53 35 52 32 47 61 11 15 31 16 10 49 18 3 2 33 4 25 27 60 26 30 64 13 42 50 22 55 63 65 62 19 8 59 
19 12 17 40 24 1 34 46 7 44 45 53 35 52 32 47 61 11 15 31 16 10 18 49 3 2 33 4 25 27 60 26 30 64 13 42 50 22 55 63 65 62 19 8 59 
20 12 17 40 24 1 34 46 7 44 45 53 35 52 32 47 61 11 15 31 16 10 18 49 3 2 33 4 25 27 60 26 30 64 13 42 50 22 55 63 65 62 19 8 59 
21 12 17 40 24 1 34 46 7 44 45 53 35 52 32 47 61 11 15 31 16 10 18 49 3 2 33 4 25 27 60 26 30 64 13 42 50 22 55 63 65 62 19 8 59 
22 12 17 40 24 1 34 46 7 44 45 53 35 52 32 47 61 11 15 31 16 10 18 49 3 2 33 4 25 27 60 26 30 64 42 50 55 22 63 65 62 19 8 59 
23 12 17 40 24 1 34 46 7 44 45 53 35 52 32 47 61 11 15 31 16 10 18 49 3 2 33 4 25 27 60 26 30 64 42 50 22 55 63 65 62 19 8 59 
24 12 17 40 24 1 34 46 7 44 45 53 35 52 32 47 61 11 15 31 16 10 18 49 3 2 33 4 25 27 60 26 30 64 13 42 50 22 55 63 65 62 19 8 59 
25 12 17 40 24 1 34 46 7 44 45 53 35 52 32 47 61 11 15 31 16 10 18 49 3 2 33 4 27 60 25 26 30 64 13 42 50 22 55 63 65 62 19 8 59 
26 12 17 40 24 1 34 46 7 44 45 53 35 52 32 47 61 11 15 31 16 10 18 49 3 2 33 4 25 27 60 26 30 64 13 42 50 22 55 63 65 62 19 8 59 
27 12 17 40 24 1 34 46 7 44 45 53 35 52 32 47 61 11 15 31 16 10 18 49 3 2 33 4 25 60 27 26 30 64 13 42 50 22 55 63 65 62 19 8 59 
28 12 17 40 24 1 34 46 7 44 45 53 35 52 32 47 61 11 15 31 16 10 18 49 3 2 33 4 25 27 60 26 30 64 13 42 50 22 55 63 65 62 19 8 59 
29 12 17 40 24 1 34 46 7 44 45 53 35 52 32 47 61 11 15 31 16 10 18 49 3 2 33 4 25 27 60 26 30 64 13 42 50 22 55 63 65 62 19 8 59 
30 12 17 40 24 1 34 46 7 44 45 53 35 52 32 47 61 11 15 31 16 10 18 49 3 2 33 4 25 27 60 26 64 30 13 42 50 22 55 63 65 62 19 8 59 
31 12 17 40 24 1 34 46 7 44 45 53 35 52 32 47 61 11 15 31 16 10 18 49 3 2 33 4 25 27 60 26 30 64 13 42 50 22 55 63 65 62 19 8 59 
32 12 17 40 24 1 34 46 7 44 45 53 35 52 47 32 61 11 31 15 16 10 18 49 3 2 33 4 25 27 60 26 30 64 13 42 50 22 55 63 65 62 19 8 59 
33 12 17 40 24 1 34 46 7 44 45 53 35 52 32 47 61 11 31 15 16 10 18 49 3 2 33 4 25 27 60 26 30 64 13 42 50 22 55 63 65 62 19 8 59 
34 12 17 40 24 1 46 34 7 44 45 53 35 52 32 47 61 11 31 15 16 10 18 49 3 2 33 4 25 27 60 26 30 64 13 42 50 22 55 63 65 62 19 8 59 
35 12 17 40 24 1 34 46 7 44 45 53 52 35 32 47 61 11 31 15 16 10 18 49 3 2 33 4 25 27 60 26 30 64 13 42 50 22 55 63 65 62 19 8 59 
36 12 17 40 24 1 34 46 7 44 45 53 35 52 32 47 61 11 31 15 16 10 18 49 3 2 33 4 25 27 60 26 30 64 13 42 50 22 55 63 65 62 19 8 59 
37 12 17 40 24 1 34 46 7 44 45 53 35 52 32 47 61 11 31 15 16 10 18 49 3 2 33 4 25 27 60 26 30 64 13 42 50 22 55 63 65 62 19 8 59 
38 12 17 40 24 1 34 46 7 38 44 45 53 35 52 32 47 61 11 31 15 16 10 18 49 3 2 33 4 25 27 60 26 30 64 42 50 55 63 65 62 19 8 59 
39 12 17 40 24 1 34 46 7 38 44 45 53 35 52 32 47 61 11 31 15 16 10 18 49 3 2 33 4 25 27 26 30 64 42 50 55 63 65 39 62 19 8 59 
40 57 12 17 40 24 1 34 46 7 38 44 45 53 35 52 32 47 61 11 31 15 16 10 18 49 3 2 33 4 25 27 26 30 64 42 50 55 39 63 65 62 19 8 59 
41 57 12 40 17 24 1 34 46 7 38 44 45 53 35 52 32 47 61 11 31 15 16 10 18 49 3 2 33 4 25 27 26 30 64 42 50 55 39 63 65 62 19 8 59 
42 57 12 40 17 24 1 34 46 7 38 44 45 53 35 52 32 47 61 11 31 15 16 10 18 49 3 2 33 4 25 27 26 30 64 42 50 39 63 65 62 19 8 59 
43 57 12 40 17 24 1 34 46 7 38 44 45 53 35 52 32 47 61 11 31 15 16 10 49 18 3 2 33 4 25 27 26 30 64 42 50 55 39 63 65 62 19 8 59 
44 57 12 40 17 24 1 34 46 7 38 45 44 53 35 52 32 47 61 11 31 15 16 10 49 18 3 2 33 4 25 27 26 30 64 42 50 55 39 63 65 62 19 8 59 
45 57 12 40 17 24 1 34 46 7 38 44 45 53 35 52 32 47 61 11 31 15 16 10 49 18 3 2 33 4 25 27 26 30 64 42 50 55 39 63 65 62 19 8 59 
46 57 12 40 17 24 1 34 46 7 38 44 45 53 35 52 32 47 61 11 31 15 16 10 49 18 3 2 33 4 25 27 26 30 64 42 50 55 39 63 65 62 19 8 59 
47 57 12 40 17 24 1 34 46 7 38 44 45 53 35 52 32 47 61 11 31 15 16 10 49 18 3 2 33 4 25 27 26 30 64 42 50 55 39 63 65 62 19 8 59 
48 57 12 40 17 24 1 34 46 7 38 44 45 53 35 52 32 47 61 11 31 15 16 10 49 18 3 2 33 4 25 27 26 30 64 42 50 55 39 63 65 62 19 8 59 
49 57 12 40 17 24 1 34 46 7 38 44 45 53 35 52 32 47 61 11 31 15 16 10 18 49 3 2 33 4 25 27 26 30 64 42 50 55 39 63 65 62 19 8 59 
50 57 12 40 17 24 1 34 46 7 38 44 45 53 35 52 32 47 61 11 31 15 16 10 49 18 3 2 33 4 25 27 26 30 64 42 50 55 39 63 65 62 19 8 59 
51 57 12 40 17 24 1 34 46 7 38 44 45 53 35 52 32 47 61 11 31 15 16 10 49 18 3 2 33 4 25 27 26 30 64 42 50 55 39 63 65 62 19 8 59 
52 57 12 40 17 24 1 34 46 7 38 44 45 53 35 52 32 47 61 11 31 15 16 10 49 18 3 2 33 4 25 27 26 30 64 42 50 55 39 63 65 62 19 8 59 
53 57 12 40 17 24 1 34 46 7 38 44 45 53 35 52 32 47 61 11 31 15 16 10 49 18 3 2 33 4 25 27 26 30 64 42 50 55 39 63 65 62 19 8 59 
54 57 12 40 17 24 1 34 46 7 38 44 45 53 35 52 32 47 61 11 31 15 16 10 49 18 3 2 33 4 25 27 26 30 64 42 50 55 39 63 65 62 19 8 59 
55 57 12 40 17 24 1 34 46 7 38 44 45 53 35 52 32 47 61 11 31 15 16 10 49 18 3 2 33 4 25 27 26 30 64 50 55 39 63 65 62 19 8 59 
56 57 12 40 17 24 1 34 46 7 38 44 45 53 35 52 32 47 61 11 31 15 16 10 49 18 3 2 33 4 25 27 26 30 64 50 55 39 63 65 62 19 8 59 
57 57 12 40 17 24 1 34 46 7 38 44 45 53 35 52 32 47 61 11 31 15 16 10 49 18 3 2 33 4 25 27 26 30 64 42 50 55 63 65 62 19 8 59 
58 57 12 40 17 24 1 34 46 7 38 44 45 53 35 52 32 47 61 11 31 15 16 10 49 18 3 2 33 4 25 27 26 30 64 42 50 55 63 65 62 19 8 59 
59 57 12 40 17 24 1 34 46 7 38 44 45 53 35 52 32 47 61 11 31 15 16 10 18 49 3 2 33 4 25 27 26 30 64 42 50 55 39 63 65 62 19 8 59 
60 12 40 17 24 1 34 46 7 38 44 45 53 35 52 32 47 61 11 31 15 16 10 18 49 3 2 33 4 25 27 60 26 30 64 42 50 55 63 65 62 19 8 59 
61 12 40 17 24 1 34 46 7 38 44 45 53 35 52 32 47 61 11 31 15 16 10 18 49 3 2 33 4 25 27 60 26 30 64 42 50 55 63 65 62 19 8 59 
62 12 40 17 24 1 34 46 7 38 44 45 53 35 52 32 47 61 11 31 15 16 10 18 49 3 2 33 4 25 27 60 26 30 64 42 50 55 63 65 62 19 8 59 
63 12 40 17 24 1 34 46 7 38 44 45 53 35 52 32 47 61 11 31 15 16 10 18 49 3 2 33 4 25 27 60 26 30 64 42 50 55 65 63 62 19 8 59 
64 12 40 17 24 1 34 46 7 38 44 45 53 35 52 32 47 61 11 31 15 16 10 18 49 3 2 33 4 25 27 60 26 30 64 42 50 55 63 65 62 19 8 59 
65 12 40 17 24 1 34 46 7 38 44 45 53 35 52 32 47 61 11 31 15 16 10 18 49 3 2 33 4 25 27 60 26 30 64 42 50 55 63 65 62 19 8 59 
66 12 40 17 24 1 34 46 7 38 44 45 53 35 52 32 47 61 11 31 15 16 10 18 49 3 2 33 4 25 27 60 26 30 64 42 50 55 63 65 62 19 8 59 
67 12 40 17 24 1 34 46 7 38 44 45 53 35 52 32 47 61 11 31 15 16 10 18 49 3 2 33 4 25 27 60 26 30 64 42 50 55 63 65 62 19 8 59 
68 12 40 17 24 1 34 46 7 38 44 45 53 35 52 32 47 61 11 31 15 16 10 18 49 3 2 33 4 25 27 60 26 30 64 42 50 55 63 65 62 19 8 59 
69 12 40 17 24 1 34 46 7 38 44 45 53 35 52 32 47 61 11 31 15 16 10 18 49 3 2 33 4 25 27 60 26 30 64 42 50 55 63 65 62 19 8 59 
