1 1 
2 1 2 
3 1 2 3 
4 1 2 3 
5 1 5 2 3 
6 1 5 6 2 3 
7 1 7 5 6 2 3 
8 1 7 8 5 6 2 3 
9 16 1 7 5 10 18 2 11 14 3 13 8 6 17 
10 16 1 7 5 10 18 2 11 14 3 13 8 6 17 
11 16 1 7 5 10 18 2 14 11 3 13 8 6 17 
12 16 1 7 5 10 18 2 11 14 3 13 8 6 17 
13 16 1 7 5 10 18 2 11 14 3 13 8 6 17 
14 16 1 7 5 10 18 2 11 14 3 13 8 6 17 
15 16 1 7 5 10 18 2 11 14 3 13 8 6 17 
16 16 1 7 5 10 18 2 11 14 3 13 8 6 17 
17 16 1 5 10 18 2 11 14 3 13 8 6 17 
18 16 1 7 5 10 18 2 11 14 3 13 6 17 
19 16 1 7 5 10 18 2 11 14 3 13 6 17 
20 16 1 7 5 10 2 11 14 20 3 13 6 17 
21 16 1 7 5 10 2 11 14 20 3 13 6 17 21 
22 16 1 7 5 10 2 22 11 14 20 3 13 6 21 17 
23 16 1 7 5 10 2 22 11 14 20 3 13 6 21 17 23 
24 16 1 7 5 10 2 22 24 11 14 20 3 13 6 21 17 23 
25 16 1 7 5 10 2 22 24 11 14 20 3 13 6 21 17 25 23 
26 16 1 7 27 5 10 2 22 24 31 11 14 20 3 13 28 29 6 21 25 17 23 
27 16 1 7 27 5 10 2 22 24 31 11 14 20 3 13 28 29 6 21 25 17 23 
28 16 1 7 27 5 10 2 22 24 31 11 14 20 3 13 28 29 6 21 25 17 23 
29 16 1 7 27 5 10 2 22 24 31 11 14 20 3 13 28 29 6 21 25 17 23 
30 16 1 7 27 5 10 2 22 24 31 11 14 20 3 13 28 29 6 21 25 17 23 
31 16 1 7 27 5 10 2 22 24 31 11 14 20 3 13 28 29 6 21 17 23 
32 16 1 7 27 5 10 2 22 24 31 11 14 20 3 13 28 29 6 21 17 23 
33 16 1 7 27 5 10 2 22 24 31 33 11 14 20 3 13 28 29 6 21 25 17 23 
34 16 1 7 27 5 10 2 22 24 33 31 11 14 20 3 13 28 29 6 21 25 17 23 
35 16 1 7 35 27 5 10 2 22 24 33 31 11 14 20 3 13 28 29 6 21 25 17 23 
36 16 1 7 35 27 5 10 2 22 24 33 31 11 14 20 3 13 28 29 6 21 25 17 23 
37 16 7 5 10 2 22 33 14 37 3 6 21 1 35 27 24 31 11 20 13 28 29 25 17 23 
38 16 7 38 5 10 2 22 33 37 14 3 6 21 1 35 27 24 31 11 20 13 28 29 25 17 23 
39 16 7 38 5 10 2 22 33 37 14 3 6 21 1 35 27 24 31 11 20 13 28 29 25 17 23 
40 16 7 38 5 10 2 22 33 37 14 3 6 21 1 35 27 24 31 40 11 20 13 28 29 25 17 23 
41 16 7 41 38 5 10 2 22 33 37 14 3 6 21 1 35 27 24 40 31 11 20 13 28 29 25 17 23 
42 16 7 41 38 5 10 2 22 33 37 14 3 42 6 21 1 35 27 24 40 31 11 20 13 28 29 25 17 23 
43 16 7 41 38 5 10 2 22 33 37 14 3 42 43 6 21 1 35 27 24 40 31 11 20 13 28 29 25 17 23 
44 16 7 41 38 5 10 2 22 33 37 14 3 42 43 6 21 1 35 27 44 24 40 31 11 20 13 28 29 25 17 23 
45 7 41 105 38 5 108 100 22 33 37 3 101 89 92 43 104 110 6 72 65 66 35 44 84 103 24 11 20 102 51 13 64 98 28 97 78 83 94 90 74 16 76 10 70 99 2 80 56 14 67 42 61 62 21 95 106 54 71 1 81 55 27 40 31 49 29 25 17 63 23 96 75 46 
46 7 41 105 38 5 108 100 22 33 37 3 101 89 92 43 104 110 6 72 65 66 35 44 84 103 24 11 20 102 51 13 64 98 28 97 78 83 94 90 74 16 76 10 70 99 2 80 56 14 67 42 61 62 21 95 106 54 71 1 81 55 27 40 31 49 29 25 17 63 23 96 75 46 
47 7 41 105 38 5 108 100 22 33 37 3 101 89 92 43 104 110 6 72 65 66 35 44 84 103 24 11 20 102 51 13 64 98 28 97 78 83 94 90 74 16 76 10 70 99 2 80 56 14 67 42 61 62 21 95 106 54 71 1 81 55 27 40 31 49 29 25 17 63 23 96 75 46 
48 7 41 105 38 5 108 100 22 33 37 3 101 89 92 43 104 110 6 72 65 66 35 44 84 103 24 11 20 102 51 13 64 98 28 97 78 83 94 90 74 16 76 10 70 99 2 80 56 14 67 42 61 62 21 95 106 54 71 1 81 55 27 40 31 49 29 25 17 63 23 96 75 46 
49 7 41 105 38 5 108 100 22 33 37 3 101 92 104 110 6 72 65 66 35 44 84 103 24 11 20 102 51 13 64 98 28 97 78 83 94 90 74 16 76 10 70 99 2 80 56 14 67 42 61 62 21 95 106 54 71 1 81 55 27 40 31 49 29 25 17 63 23 96 75 46 
50 7 41 105 38 5 108 100 22 33 37 3 101 89 92 43 104 110 6 72 65 66 35 44 84 103 24 11 20 102 51 13 64 98 28 97 78 83 94 90 74 16 76 10 70 99 2 80 56 14 67 42 61 62 21 95 106 54 71 1 81 55 27 40 31 49 29 25 17 63 23 96 75 46 
51 7 41 105 38 5 108 100 22 33 37 3 101 89 92 43 104 110 6 72 65 66 35 44 84 103 24 11 20 102 51 13 64 98 28 97 78 83 94 90 74 16 76 10 70 99 2 80 56 14 67 42 61 62 21 95 106 54 71 1 81 55 27 40 31 49 29 25 17 63 23 96 75 46 
52 7 41 105 38 5 108 100 22 33 37 3 101 89 92 43 104 110 6 72 65 66 35 44 84 103 24 11 20 102 51 13 64 98 28 97 78 83 94 90 74 16 76 10 70 99 2 80 56 14 67 42 61 62 21 95 106 54 71 1 81 55 27 40 31 49 29 25 17 63 23 96 75 46 
53 7 41 105 38 5 108 100 22 33 37 3 101 89 92 43 104 110 6 72 65 66 35 44 84 103 24 11 20 102 51 13 64 98 28 97 78 83 94 90 74 16 76 10 70 99 2 80 56 14 67 42 61 62 21 95 106 54 71 1 81 55 27 40 31 49 29 25 17 63 23 96 75 46 
54 7 41 105 38 5 108 100 22 33 37 3 101 89 92 43 104 110 6 72 65 66 35 44 84 103 24 11 20 102 51 13 64 98 28 97 78 83 94 90 74 16 76 10 70 99 2 80 56 14 67 42 61 62 21 95 106 54 71 1 81 55 27 40 31 49 29 25 17 63 23 96 75 46 
55 7 41 105 38 5 108 100 22 33 37 3 101 89 92 43 104 110 6 72 65 66 35 44 84 103 24 11 20 102 51 13 64 98 28 97 78 83 94 90 74 16 76 10 70 99 2 80 56 14 67 42 61 62 21 95 106 54 71 1 81 27 55 40 31 49 29 25 17 63 23 96 75 46 
56 7 41 105 38 5 108 100 22 33 37 3 101 89 92 43 104 110 6 72 65 66 35 44 84 103 24 11 20 102 51 13 64 98 28 97 78 83 94 90 74 16 76 10 70 99 2 80 14 56 67 42 61 62 21 95 106 54 71 1 81 55 27 40 31 49 29 25 17 63 23 96 75 46 
57 7 41 105 38 5 108 100 22 33 37 3 101 89 92 43 104 110 6 72 65 66 35 44 84 103 24 11 20 102 51 13 64 98 28 97 78 83 94 90 74 16 76 10 70 99 2 80 56 14 67 42 61 62 21 95 106 54 71 1 81 55 27 40 31 49 29 25 17 63 23 96 75 46 
58 7 41 105 38 5 108 100 22 33 37 3 101 89 92 43 104 110 6 72 65 66 35 44 84 103 24 11 20 102 51 13 64 98 28 97 78 83 94 90 74 16 76 10 70 99 2 80 56 14 67 42 61 62 21 95 106 54 71 1 81 55 27 40 31 49 29 25 17 63 23 96 75 46 
59 7 41 105 38 5 100 22 33 37 3 101 89 43 104 110 6 72 65 66 35 44 84 103 24 11 20 102 51 13 64 98 28 97 78 83 94 59 90 74 16 76 10 70 99 2 80 56 14 67 42 61 62 21 95 106 54 71 1 81 55 27 40 31 49 29 25 17 63 23 96 75 46 
60 7 41 105 38 5 100 22 33 37 3 101 89 43 104 110 6 72 65 66 35 44 84 103 24 11 20 102 51 13 64 98 28 97 78 83 94 59 90 74 16 76 10 70 99 2 80 56 14 67 42 61 62 21 95 106 54 71 1 81 55 27 40 31 49 29 25 17 86 63 23 96 75 46 
61 7 41 105 38 5 100 22 33 37 3 101 89 43 104 110 6 72 65 66 35 44 84 103 24 11 20 102 51 13 64 98 28 97 78 83 94 59 90 74 16 76 10 70 99 2 80 56 14 67 42 62 61 21 95 106 54 71 1 81 55 27 40 31 49 29 25 17 86 63 23 96 75 46 
62 7 41 105 38 5 100 22 33 37 3 101 89 43 104 110 6 72 65 66 35 44 84 103 24 11 20 102 51 13 64 98 28 97 78 83 94 59 90 74 16 76 10 70 99 2 80 56 14 67 42 61 62 21 95 106 54 71 1 81 55 27 40 31 49 29 25 17 86 63 23 96 75 46 
63 7 41 105 38 5 100 22 33 37 3 101 89 43 104 110 6 72 65 66 35 44 84 103 24 11 20 102 51 13 64 98 28 97 78 83 94 59 90 74 16 76 10 70 99 2 80 56 14 67 42 61 62 21 95 106 54 71 1 81 55 27 40 31 49 29 25 17 86 63 23 96 75 46 
64 7 41 105 38 5 100 22 33 37 3 101 89 43 104 110 6 72 65 66 35 44 84 103 24 11 20 102 51 13 64 98 28 97 78 83 94 59 90 74 16 76 10 70 99 2 56 14 67 42 61 62 21 95 106 54 71 1 81 55 27 40 31 49 29 25 17 86 63 23 96 75 46 
65 7 41 105 38 5 100 22 33 37 3 101 89 43 104 110 6 72 65 66 35 44 84 103 24 11 20 102 51 13 64 98 28 97 78 83 94 59 90 74 16 76 10 70 99 2 56 14 67 42 61 62 21 95 106 54 71 1 81 55 27 40 31 49 29 25 17 86 63 23 96 75 46 
66 7 41 105 38 5 100 22 33 37 3 101 89 43 104 110 6 72 65 66 35 44 103 24 11 20 102 51 13 64 98 28 97 78 83 94 59 90 74 16 76 10 70 99 2 56 14 67 42 61 62 21 95 106 54 71 1 55 27 40 31 49 29 25 17 86 63 23 96 75 46 
67 7 41 105 38 5 100 22 33 37 3 101 89 43 104 110 6 72 65 66 35 44 84 103 24 11 20 102 51 13 64 98 28 97 78 83 94 59 90 74 16 76 70 10 99 2 80 56 14 67 42 61 62 21 95 106 54 71 1 81 55 27 40 31 49 29 25 17 86 63 23 96 75 46 
68 7 41 105 38 5 100 22 33 37 3 101 89 43 104 110 6 72 65 66 35 44 84 103 24 11 20 102 51 13 64 98 28 97 78 83 94 59 90 74 16 76 70 10 99 2 80 56 14 67 42 61 62 21 95 106 54 71 1 81 55 27 40 31 49 29 25 17 86 63 23 96 75 46 
69 7 41 105 38 5 100 22 33 37 3 101 89 43 104 110 6 72 65 66 35 44 84 103 24 11 20 102 51 13 64 98 28 97 78 83 94 59 90 74 16 76 70 10 99 2 80 56 14 67 42 61 62 21 95 106 54 71 1 81 55 27 40 31 49 29 25 17 86 63 23 96 75 46 
70 7 41 105 38 5 100 22 33 37 3 101 89 43 104 110 6 72 65 66 35 44 84 103 24 11 20 102 51 13 64 98 28 97 78 83 94 59 90 74 16 76 10 70 99 2 80 56 14 67 42 61 62 21 95 106 54 71 1 81 55 27 40 31 49 29 25 17 86 63 23 96 75 46 
71 7 41 105 38 5 100 22 33 37 3 101 89 43 104 110 6 72 65 66 35 44 84 103 24 11 20 102 51 13 64 98 28 97 78 83 94 59 90 74 16 76 70 10 99 2 80 56 14 67 42 61 62 21 95 106 54 71 1 81 55 27 40 31 49 29 25 17 86 63 23 96 75 46 
72 7 41 105 38 5 100 22 33 37 3 101 89 43 104 110 6 72 65 66 35 44 84 103 24 11 20 102 51 13 64 98 28 97 78 83 94 59 90 74 16 76 70 10 99 2 80 56 14 67 42 61 62 21 95 106 54 71 1 81 55 27 40 31 49 29 25 17 86 63 23 96 75 46 
73 7 41 105 38 5 100 22 33 37 3 101 89 43 104 110 6 72 65 66 35 44 84 103 24 11 20 102 51 13 64 98 28 97 78 83 94 59 90 74 16 76 70 10 99 2 80 56 14 67 42 61 62 21 95 106 54 71 1 81 55 27 40 31 49 29 25 17 86 63 23 96 75 46 
74 7 41 105 38 5 100 22 33 37 3 101 89 43 104 110 6 72 65 66 35 44 84 103 24 11 20 102 51 13 64 98 28 97 78 83 94 59 90 74 16 76 70 10 99 2 80 56 14 67 42 61 62 21 95 106 54 71 1 81 55 27 40 31 49 29 25 17 86 63 23 96 75 46 
75 7 41 105 38 5 100 22 33 37 3 101 89 43 104 110 6 72 65 66 35 44 84 103 24 11 20 102 51 13 64 98 28 97 78 83 94 59 90 74 16 76 70 10 99 2 80 56 14 67 42 61 62 21 95 106 54 71 1 81 55 27 40 31 49 29 25 17 86 63 23 96 75 46 
76 7 41 105 38 5 100 22 33 37 3 101 89 43 104 110 6 72 65 66 35 44 84 103 24 11 20 102 51 13 64 98 28 97 78 83 94 59 90 74 16 76 70 10 99 2 80 56 14 67 42 61 62 21 95 106 54 71 1 81 55 27 40 31 49 29 25 17 86 63 23 96 75 46 
77 7 41 105 38 5 100 22 33 37 3 101 89 43 104 110 6 72 65 66 35 44 84 103 24 11 20 102 51 13 64 98 28 97 78 83 94 59 90 74 16 76 70 10 99 2 80 56 14 67 42 61 62 21 95 106 54 71 1 81 55 27 40 31 49 29 25 17 86 63 23 96 75 46 
78 7 41 105 38 5 100 22 33 37 3 101 89 43 104 110 6 72 65 66 35 44 84 103 24 11 20 102 51 13 64 98 28 97 78 83 94 59 90 74 16 76 70 10 99 2 80 56 14 67 42 61 62 21 95 106 54 71 1 81 55 27 40 31 49 29 25 17 86 63 23 96 75 46 
79 7 41 105 38 5 100 22 33 37 3 101 89 43 104 110 6 72 65 66 35 44 84 103 24 11 20 102 51 13 64 98 28 97 78 83 94 59 90 74 16 76 70 10 99 2 80 56 14 67 42 61 62 21 95 106 54 71 1 81 55 27 40 31 49 29 25 17 86 63 23 96 75 46 
80 7 41 105 38 5 100 22 33 37 3 101 89 43 104 110 6 72 65 66 35 44 84 103 24 11 20 102 51 13 98 28 97 78 83 94 59 90 74 16 76 70 10 99 2 80 56 14 67 42 61 62 21 95 106 54 71 1 81 55 27 40 31 49 29 25 17 86 63 23 96 75 46 
81 7 41 105 38 5 100 22 33 37 3 101 89 43 104 110 6 72 65 35 44 103 24 11 20 102 51 13 98 28 97 78 83 94 59 90 74 16 76 70 10 99 2 80 56 14 67 42 61 62 21 95 106 54 71 1 81 55 27 40 31 49 29 25 17 86 63 23 96 75 46 
82 7 41 105 38 5 100 22 33 37 3 101 89 43 104 110 6 72 65 35 44 103 24 11 20 102 51 13 98 28 97 78 83 94 59 90 74 16 76 70 10 99 2 80 56 14 67 42 61 62 21 95 106 54 71 1 81 55 27 40 31 49 29 25 17 86 63 23 96 75 46 
83 7 41 105 38 5 100 22 33 37 3 101 89 43 104 110 6 72 65 66 35 44 84 103 24 11 20 102 51 13 64 98 28 97 78 83 94 59 90 74 16 76 70 10 99 2 80 56 14 67 42 61 62 21 95 106 54 71 1 81 55 27 40 31 49 29 25 17 86 63 23 96 75 46 
84 7 41 105 38 5 100 22 33 37 3 101 89 43 104 110 6 72 65 35 44 84 103 24 11 20 102 51 13 64 98 28 97 78 83 94 59 90 74 16 76 70 10 99 2 80 56 14 67 42 61 62 21 95 106 54 71 1 55 27 40 31 49 29 25 17 86 63 23 96 75 46 
85 7 41 105 38 5 100 22 33 37 3 101 89 43 104 110 6 72 65 35 44 84 103 24 11 20 102 51 13 64 98 28 97 78 83 94 59 90 74 16 76 70 10 99 2 80 56 14 67 42 61 62 21 95 106 54 71 1 55 27 40 31 49 29 25 17 86 63 23 96 75 46 
86 7 41 105 38 5 100 22 33 37 3 101 89 43 104 110 6 72 65 66 35 44 84 103 24 11 20 102 51 13 64 98 28 97 78 83 94 90 74 16 76 70 10 99 2 80 56 14 67 42 61 62 21 95 106 54 71 1 81 55 27 40 31 49 29 25 17 86 63 23 96 75 46 
87 7 41 105 38 5 100 22 33 37 3 101 89 43 104 110 6 72 65 66 35 44 84 103 24 11 20 102 51 13 64 98 28 97 78 83 94 90 74 16 76 70 10 99 2 80 56 14 67 42 61 62 21 95 106 54 71 1 81 55 27 40 31 49 29 25 17 86 63 23 96 75 46 
88 7 41 105 38 5 100 22 33 37 3 101 89 43 104 110 6 72 65 66 35 44 84 103 24 11 20 102 51 13 64 98 28 97 78 83 94 59 90 74 16 76 10 70 99 2 80 56 14 67 42 61 62 21 95 106 54 71 1 81 55 27 40 31 49 29 25 17 86 63 23 96 75 46 
89 7 41 105 38 5 100 22 33 37 3 101 89 104 110 6 72 65 66 35 44 84 103 24 11 20 102 51 13 64 98 28 97 78 83 94 59 90 74 16 76 10 70 99 2 80 56 14 67 42 61 62 21 95 106 54 71 1 81 55 27 40 31 29 25 17 86 63 23 96 75 46 
90 7 41 105 38 5 100 22 33 37 3 101 89 104 110 6 72 65 66 35 44 84 103 24 11 20 102 51 13 64 98 28 97 78 83 94 59 90 74 16 76 10 70 99 2 80 56 14 67 42 61 62 21 95 106 54 71 1 81 55 27 40 31 29 25 17 86 63 23 96 75 46 
91 7 41 105 38 5 100 22 33 37 3 101 89 104 110 6 72 65 66 35 44 84 103 24 11 20 102 51 13 64 98 28 97 78 83 94 59 90 74 16 76 10 70 99 2 80 56 14 67 42 61 62 21 95 106 54 71 1 81 55 27 40 31 29 25 17 86 63 23 96 75 46 
92 7 41 105 38 5 100 22 33 37 3 101 89 92 104 110 6 72 65 66 35 44 84 103 24 11 20 102 51 13 64 98 28 97 78 83 94 90 74 16 76 10 70 99 2 80 56 14 67 42 61 62 21 95 106 54 71 1 81 55 27 40 31 29 25 17 63 23 96 75 46 
93 7 41 105 38 5 108 100 22 33 37 3 101 89 92 104 110 6 72 65 66 35 44 84 103 24 11 20 102 51 13 64 98 28 97 78 83 94 90 74 16 76 10 70 99 2 80 56 14 67 42 61 62 21 95 106 54 71 1 81 55 27 40 31 29 25 17 63 23 96 75 46 
94 7 41 105 38 5 108 100 22 33 37 3 101 89 92 104 110 6 72 65 66 35 44 84 103 24 11 20 102 51 13 64 98 28 97 78 83 94 90 74 16 76 10 70 99 2 80 56 14 67 42 61 62 21 95 106 54 71 1 81 55 27 40 31 29 25 17 63 23 96 75 46 
95 7 41 105 38 5 108 100 22 33 37 3 101 89 92 104 110 6 72 65 66 35 44 84 103 24 11 20 102 51 13 64 98 28 97 78 83 94 90 74 16 76 10 70 99 2 80 56 14 67 42 61 62 21 106 95 54 71 1 81 55 27 40 31 29 25 17 63 23 96 75 46 
96 7 41 105 38 5 108 100 22 33 37 3 101 89 92 104 110 6 72 65 66 35 44 84 103 24 11 20 102 51 13 64 98 28 97 78 83 94 90 74 16 76 10 70 99 2 80 56 14 67 42 61 62 21 95 106 54 71 1 81 55 27 40 31 29 25 17 63 23 96 75 46 
97 7 41 105 38 5 108 100 22 33 37 3 101 89 92 104 110 6 72 65 66 35 44 84 103 24 11 20 102 51 13 64 98 28 97 78 83 94 90 74 16 76 10 70 99 2 80 56 14 67 42 61 62 21 95 106 54 71 1 81 55 27 40 31 29 25 17 63 23 96 75 46 
98 7 41 105 38 5 108 100 22 33 37 3 101 89 92 104 110 6 72 65 66 35 44 84 103 24 11 20 102 51 13 64 98 28 97 78 83 94 90 74 16 76 10 70 99 2 80 56 14 67 42 61 62 21 95 106 54 71 1 81 55 27 40 31 29 25 17 63 23 96 75 46 
99 7 41 105 38 5 108 100 22 33 37 3 101 89 92 104 110 6 72 65 66 35 44 84 103 24 11 20 102 51 13 64 98 28 97 78 83 94 90 74 16 76 10 70 99 2 80 56 14 67 42 61 62 21 95 106 54 71 1 81 55 27 40 31 29 25 17 63 23 96 75 46 
100 7 41 105 38 5 108 100 22 33 37 3 101 89 92 104 110 6 72 65 66 35 44 84 103 24 11 20 102 51 13 64 98 28 97 78 83 94 90 74 16 76 10 70 99 2 80 56 14 67 42 61 62 21 95 106 54 71 1 81 55 27 40 31 29 25 17 63 23 96 75 46 
101 7 41 105 38 5 108 100 22 33 37 3 101 89 92 104 110 6 72 65 66 35 44 84 103 24 11 20 102 51 13 64 98 28 97 78 83 94 90 74 16 76 10 70 99 2 80 56 14 67 42 61 62 21 95 106 54 71 1 81 55 27 40 31 29 25 17 63 23 96 75 46 
102 7 41 105 38 5 108 100 22 33 37 3 101 89 92 104 110 6 72 65 66 35 44 84 103 24 11 20 102 51 13 64 98 28 97 78 83 94 90 74 16 76 10 70 99 2 80 56 14 67 42 61 62 21 95 106 54 71 1 81 55 27 40 31 29 25 17 63 23 96 75 46 
103 7 41 105 38 5 108 100 22 33 37 3 101 89 92 104 110 6 72 65 66 35 44 84 103 24 11 20 102 51 13 64 98 28 97 78 83 94 90 74 16 76 10 70 99 2 80 56 14 67 42 61 62 21 95 106 54 71 1 81 55 27 40 31 29 25 17 63 23 96 75 46 
104 7 41 105 38 5 108 100 22 33 37 3 101 89 92 104 110 6 72 65 66 35 44 84 103 24 11 20 102 51 13 64 98 28 97 78 83 94 90 74 16 76 10 70 99 2 80 56 14 67 42 61 62 21 95 106 54 71 1 81 55 27 40 31 29 25 17 63 23 96 75 46 
105 7 41 105 38 5 108 100 22 33 37 3 101 89 92 104 110 6 72 65 66 35 44 84 103 24 11 20 102 51 13 64 98 28 97 78 83 94 90 74 16 76 10 70 99 2 80 56 14 67 42 61 62 21 95 106 54 71 1 81 55 27 40 31 29 25 17 63 23 96 75 46 
106 7 41 105 38 5 108 100 22 33 37 3 101 89 92 104 110 6 72 65 66 35 44 84 103 24 11 20 102 51 13 64 98 28 97 78 83 94 90 74 16 76 10 70 99 2 80 56 14 67 42 61 62 21 95 106 54 71 1 81 55 27 40 31 29 25 17 63 23 96 75 46 
107 7 41 105 38 5 108 100 22 33 37 3 101 89 92 104 110 6 72 65 66 35 44 84 103 24 11 20 102 51 13 64 98 28 97 78 83 94 90 74 16 76 10 70 99 2 80 56 14 67 42 61 62 21 95 106 54 71 1 81 55 27 40 31 29 25 17 63 23 96 75 46 
108 7 41 105 38 5 108 100 22 33 37 3 101 89 104 110 6 72 65 66 35 44 84 103 24 11 20 102 51 13 64 98 28 97 78 83 94 90 74 16 76 10 70 99 2 80 56 14 67 42 61 62 21 95 106 54 71 1 81 55 27 40 31 29 25 17 63 23 96 75 46 
109 7 41 105 38 5 108 100 22 33 37 3 101 89 104 110 6 72 65 66 35 44 84 103 24 11 20 102 51 13 64 98 28 97 78 83 94 90 74 16 76 10 70 99 2 80 56 14 67 42 61 62 21 95 106 54 71 1 81 55 27 40 31 29 25 17 63 23 96 75 46 
110 7 41 105 38 5 108 100 22 33 37 3 101 89 92 43 104 110 6 72 65 66 35 84 103 24 11 20 102 51 13 64 98 28 97 78 83 94 90 74 16 76 10 70 99 2 80 56 14 67 42 61 62 21 95 106 54 71 1 81 55 27 40 31 49 29 25 17 63 23 96 75 46 
111 7 41 105 38 5 108 100 22 33 37 3 101 89 92 43 104 110 6 72 65 66 35 84 103 24 11 20 102 51 13 64 98 28 97 78 83 94 90 74 16 76 10 70 99 2 80 56 14 67 42 61 62 21 95 106 54 71 1 81 55 27 40 31 49 29 25 17 63 23 96 75 46 
112 7 41 105 38 5 108 100 22 33 37 3 101 89 92 43 104 6 72 65 66 35 84 103 24 11 20 102 51 13 64 98 28 97 78 83 94 90 74 16 76 10 70 99 2 80 56 14 67 42 61 62 21 95 106 112 54 71 1 81 55 27 40 31 49 29 25 17 63 23 96 75 46 
113 7 41 105 38 5 108 100 22 33 37 3 101 89 92 43 104 6 72 65 66 35 84 103 24 11 20 102 51 13 64 98 28 97 78 83 94 90 74 16 76 10 70 99 2 80 114 56 14 67 42 61 62 21 95 106 112 54 71 117 1 81 55 27 40 31 115 49 29 25 17 63 23 96 75 46 
114 7 41 105 38 5 108 100 22 33 37 3 101 89 92 43 104 6 72 65 66 35 84 103 24 11 20 102 51 13 64 98 28 97 78 83 94 90 74 16 76 10 70 99 2 80 56 14 114 67 42 61 62 21 95 106 112 54 71 117 1 81 55 27 40 31 115 49 29 25 17 63 23 96 75 46 
115 7 41 105 38 5 108 100 22 33 37 3 101 89 92 43 104 6 72 65 66 35 84 103 24 11 20 102 51 13 64 98 28 97 78 83 94 90 74 16 76 10 70 99 2 80 114 56 14 67 42 61 62 21 95 106 112 54 71 117 1 81 55 27 40 31 49 115 29 25 17 63 23 96 75 46 
116 7 41 105 38 5 108 100 22 33 37 3 101 89 92 43 104 6 72 65 66 35 84 103 24 11 20 102 51 13 64 98 28 97 78 83 94 90 74 16 76 10 70 99 2 80 114 56 14 67 42 61 62 21 95 106 112 54 71 117 1 81 55 27 40 31 115 49 29 25 17 63 23 96 75 46 
117 7 41 105 38 5 108 100 22 33 37 3 101 89 92 43 104 6 72 65 66 35 84 103 24 11 20 102 51 13 64 98 28 97 78 83 94 90 74 16 76 10 70 99 2 80 114 56 14 67 42 61 62 21 95 106 54 71 117 1 81 55 27 40 31 115 49 29 25 17 63 23 96 75 46 
118 7 41 105 38 5 108 100 22 33 37 3 101 89 92 43 104 6 72 65 66 35 84 103 24 11 20 102 51 13 64 98 28 97 78 83 94 90 74 16 76 10 70 99 2 80 114 56 14 67 42 61 62 21 95 106 54 71 117 1 81 55 27 40 31 115 49 29 25 17 63 23 96 75 46 
119 7 41 105 38 5 108 100 22 33 37 3 101 89 92 43 104 6 72 65 66 35 84 103 24 11 20 102 51 13 64 98 28 97 78 83 94 90 74 16 76 10 70 99 2 80 114 56 14 67 42 61 62 21 95 106 112 54 71 117 1 81 55 27 40 31 115 49 29 25 17 63 23 96 75 46 
