1 1 
2 1 2 
3 1 3 2 
4 1 3 2 4 
5 1 3 2 4 
6 1 6 3 2 4 
7 57 40 47 7 56 50 32 15 42 35 11 51 41 45 4 12 8 27 55 43 6 46 10 39 22 44 29 24 34 1 31 3 2 48 53 52 28 
8 57 40 7 47 56 50 32 15 42 35 11 51 41 45 4 12 8 27 55 43 46 10 39 22 44 29 24 34 1 31 3 2 48 53 52 28 
9 57 40 7 47 56 50 32 15 42 35 11 51 41 45 4 12 8 27 55 43 46 10 39 22 44 29 24 34 1 31 3 2 48 53 52 28 
10 57 40 7 47 56 50 32 15 42 35 11 51 41 45 4 12 8 27 55 43 46 39 10 22 44 29 24 34 1 31 3 2 48 53 52 28 
11 57 40 7 47 56 50 32 15 42 35 11 51 41 45 4 12 8 27 55 43 46 10 39 22 44 29 24 34 1 31 3 2 48 53 52 28 
12 57 40 7 47 56 50 32 15 42 35 11 51 41 45 4 12 8 27 55 43 46 10 39 22 44 29 24 34 1 31 3 2 48 53 52 28 
13 57 7 47 56 50 32 15 42 35 11 51 41 45 4 12 8 27 55 43 46 10 39 22 44 29 24 34 1 13 31 3 2 48 53 52 28 
14 57 7 47 56 50 15 32 42 35 11 18 51 41 45 4 12 8 27 55 43 46 10 39 22 44 29 24 34 1 13 31 3 2 48 53 52 28 
15 57 7 47 56 50 32 15 42 35 11 18 51 41 45 4 12 8 27 55 43 46 10 39 22 44 29 24 34 1 13 31 3 2 48 53 52 28 
16 57 7 47 56 50 15 32 42 35 11 18 51 41 45 4 12 8 27 55 43 46 10 39 22 44 29 24 34 1 13 31 3 2 48 53 52 28 
17 57 7 47 56 50 15 32 42 35 11 18 51 41 45 4 12 8 27 55 43 46 10 39 22 44 29 24 34 1 13 31 3 2 48 53 52 28 
18 57 7 47 56 50 15 32 42 35 11 18 51 41 45 4 12 8 27 55 43 46 10 39 22 44 29 24 34 1 31 3 2 48 53 52 28 
19 57 7 47 56 50 15 32 42 35 11 18 51 41 45 4 12 8 27 55 43 46 10 39 22 44 29 24 34 1 31 3 2 48 53 52 28 
20 57 7 47 56 50 15 32 42 35 11 51 41 45 4 12 20 8 27 55 43 46 10 39 22 44 29 24 34 1 31 3 2 48 53 52 28 
21 57 7 47 56 50 32 15 42 35 11 51 41 45 25 4 12 20 8 27 55 43 26 46 10 37 39 22 29 44 23 24 34 1 31 3 2 48 53 28 52 
22 57 7 47 56 50 32 15 42 35 11 51 41 45 25 4 12 20 8 27 55 43 26 46 10 37 39 22 29 44 23 24 34 1 31 3 2 48 53 28 52 
23 57 7 47 56 50 32 15 35 11 51 41 45 25 4 12 20 8 27 55 43 26 46 10 37 39 22 29 44 24 23 34 1 31 3 2 48 53 28 52 
24 57 7 47 56 50 32 15 35 11 51 41 45 25 4 12 20 8 27 55 43 26 46 10 37 39 22 29 44 23 24 34 1 31 3 2 48 53 28 52 
25 57 7 47 56 50 32 15 35 11 51 41 45 25 4 12 20 8 27 55 43 26 46 10 37 39 22 29 23 24 34 1 31 3 2 48 53 28 52 
26 57 7 47 56 50 32 15 35 11 51 41 45 25 4 12 20 8 27 55 43 26 10 37 39 22 29 23 24 34 1 31 3 2 48 53 28 52 
27 57 7 47 56 50 32 15 35 11 51 41 45 25 4 12 20 8 27 55 43 26 10 37 39 22 29 23 24 34 1 31 3 2 48 53 28 52 
28 57 7 47 56 50 32 15 35 11 51 41 45 25 4 12 20 8 27 55 43 26 10 37 39 22 29 23 24 34 1 31 3 2 48 53 52 28 
29 57 7 47 56 50 32 15 35 11 51 41 45 25 4 12 20 8 27 55 43 26 10 37 39 22 29 23 24 34 1 31 3 2 48 53 28 52 
30 57 7 47 56 50 32 15 35 11 51 41 45 25 4 12 20 8 27 55 43 26 10 37 39 22 29 23 24 34 1 31 3 2 48 53 28 52 
31 57 7 47 56 50 32 15 35 11 51 41 45 25 4 12 20 8 27 55 43 26 10 37 39 22 29 23 24 34 1 31 3 2 48 53 28 52 
32 57 7 47 56 50 15 32 35 11 51 41 45 25 4 12 20 8 27 55 43 26 10 37 39 22 29 23 24 34 1 31 3 2 48 53 28 52 
33 57 7 47 56 50 32 15 35 11 51 41 45 25 4 12 20 8 27 55 43 26 10 37 39 22 29 23 24 34 1 31 3 2 48 53 28 52 
34 57 7 47 56 50 32 15 35 11 51 41 45 25 4 12 20 8 27 55 43 26 10 37 39 22 29 23 24 34 1 31 3 2 48 53 28 52 
35 57 7 47 56 50 32 15 35 11 51 41 45 25 4 12 20 8 27 55 43 26 10 37 39 22 29 23 24 34 1 31 3 2 48 53 28 52 
36 57 7 47 56 50 32 15 35 11 51 41 45 25 4 12 20 8 27 55 43 26 10 37 39 22 29 23 24 34 1 31 3 2 48 53 28 52 
37 57 7 47 56 50 32 15 35 11 51 41 45 25 4 12 8 27 55 43 26 10 39 37 22 29 23 24 34 1 31 3 2 48 53 28 52 
38 57 7 47 56 50 32 15 35 11 51 41 45 25 4 12 8 27 55 43 26 10 37 39 22 29 23 24 34 1 31 3 2 48 53 28 52 
39 57 7 47 56 50 32 15 42 35 11 51 41 45 25 4 12 20 8 27 55 43 26 46 10 37 39 22 29 44 23 24 34 1 31 3 2 48 53 28 52 
40 57 40 7 47 56 50 32 15 42 35 11 51 41 45 25 4 12 8 27 55 43 26 46 10 39 22 29 44 23 24 34 1 31 3 2 48 53 28 52 
41 57 40 7 47 56 50 32 15 42 35 11 51 41 45 25 4 12 8 27 55 43 26 46 10 39 22 29 44 23 24 34 1 31 3 2 48 53 28 52 
42 57 40 7 47 56 50 32 15 42 35 11 51 41 45 25 4 12 8 27 55 43 26 46 10 39 22 29 44 24 34 1 31 3 2 48 53 28 52 
43 57 40 7 47 56 50 32 15 42 35 11 51 41 45 25 4 12 8 27 55 43 26 46 10 39 22 29 44 24 34 1 31 3 2 48 53 28 52 
44 57 40 7 47 56 50 32 15 42 35 11 51 41 45 4 12 8 27 55 43 26 46 10 39 22 29 44 24 34 1 31 3 2 48 53 28 52 
45 57 40 7 47 56 50 32 15 42 35 11 51 41 45 4 12 8 27 55 43 26 46 10 39 22 44 29 24 34 1 31 3 2 48 53 28 52 
46 57 40 7 47 56 50 32 15 42 35 11 51 41 45 4 12 8 27 55 43 46 10 39 22 44 29 24 34 1 31 3 2 48 53 28 52 
47 57 40 7 47 56 50 32 15 42 35 11 51 41 45 4 12 8 27 43 46 10 39 22 44 29 24 34 1 31 3 2 48 53 28 52 
48 40 7 47 56 50 32 15 42 35 11 51 41 45 4 12 8 27 43 46 10 39 22 44 29 24 34 1 31 3 2 53 48 28 52 
49 57 40 7 47 56 50 32 15 42 35 11 51 41 45 4 12 8 27 55 43 46 10 39 22 44 29 24 34 1 31 3 2 48 53 52 28 
50 57 40 7 47 56 50 32 15 42 35 11 51 41 45 4 12 8 27 55 43 46 10 39 22 44 29 24 34 1 31 3 2 48 53 52 28 
51 57 40 7 47 56 50 32 15 42 35 11 51 41 45 4 12 8 27 55 43 46 10 39 22 44 29 24 34 1 31 3 2 48 53 52 28 
52 57 40 7 47 56 50 32 15 42 35 11 51 41 45 4 12 8 27 55 43 46 10 39 22 44 29 24 34 1 31 3 2 48 53 28 52 
53 57 40 7 47 56 50 32 15 42 35 11 51 41 45 4 12 8 27 55 43 46 10 39 22 44 29 24 34 1 31 3 2 48 53 52 28 
54 57 40 7 47 56 50 32 15 42 35 11 51 41 45 4 12 8 27 55 43 46 10 39 22 44 29 24 34 1 31 3 2 48 53 52 28 
55 57 40 7 56 50 32 15 42 35 11 51 41 45 4 12 8 27 55 43 46 10 39 22 44 29 24 34 1 31 3 2 48 53 52 28 
56 57 40 7 56 50 32 15 42 35 11 51 41 45 4 12 8 27 55 43 46 10 39 22 44 29 24 34 1 31 3 2 48 53 52 28 
57 57 40 7 47 56 50 32 15 42 35 11 51 41 45 4 12 8 27 55 43 46 10 39 22 44 29 24 34 1 31 3 2 53 52 28 
58 57 40 7 47 56 50 32 15 42 35 11 51 41 45 4 12 8 27 55 43 46 10 39 22 44 29 24 34 1 31 3 2 53 52 28 
59 57 40 7 47 56 50 32 15 42 35 11 51 41 45 4 12 8 27 55 43 46 10 39 22 44 29 24 34 1 31 3 2 48 53 52 28 
60 57 40 7 47 56 50 32 15 42 35 11 51 41 45 4 12 8 27 55 43 46 10 39 22 44 29 24 34 1 31 3 2 48 53 52 28 
61 57 40 7 47 56 50 32 15 42 35 11 51 41 45 4 12 8 27 55 43 46 10 39 22 44 29 24 34 1 31 3 2 48 53 52 28 
