1 1 
2 2 1 
3 3 2 1 
4 3 2 4 1 
5 3 2 4 1 
6 6 3 2 4 1 
7 6 11 30 63 4 28 69 48 47 59 67 14 53 65 32 58 45 23 41 60 46 51 40 10 62 2 22 19 26 68 54 1 57 49 24 44 37 36 55 39 56 3 27 7 66 43 8 31 
8 11 30 63 4 28 69 48 47 59 67 14 53 65 32 58 45 23 41 60 46 51 40 10 62 2 22 19 26 68 54 1 57 49 24 44 37 36 55 39 56 3 7 27 66 43 8 31 
9 11 30 63 4 28 69 48 47 59 67 14 53 65 32 58 45 23 41 60 46 51 40 10 62 2 22 19 26 68 54 1 57 49 24 44 37 36 55 39 56 3 7 27 66 43 8 31 
10 11 30 63 4 28 69 48 47 59 67 14 53 65 32 58 45 23 41 60 46 51 40 10 62 2 22 19 26 68 54 1 57 49 24 44 37 36 55 39 56 3 7 27 66 43 8 31 
11 30 11 63 4 28 69 48 47 59 67 14 53 65 32 58 45 23 41 60 46 51 40 10 62 2 22 19 26 68 54 1 57 49 24 44 37 36 55 39 56 3 7 27 66 43 8 31 
12 11 30 63 4 28 69 48 12 47 59 67 14 53 65 32 58 45 23 41 60 46 51 40 10 62 2 22 26 68 54 1 57 49 24 44 37 36 55 39 56 3 7 27 66 43 8 31 
13 11 30 63 4 17 28 12 69 48 47 59 14 67 53 65 32 58 45 23 41 60 46 51 40 10 62 2 22 26 68 54 1 57 49 24 44 37 36 55 39 56 3 7 27 66 43 8 31 
14 11 30 63 4 17 28 12 69 48 47 59 67 14 53 65 32 58 45 23 41 60 46 51 40 10 62 2 22 26 68 54 1 57 49 24 44 37 36 55 39 56 3 7 27 66 43 8 31 
15 11 30 63 4 17 28 12 69 48 47 59 14 67 53 65 32 58 45 23 41 60 46 51 40 10 62 2 22 26 68 54 1 57 49 24 44 37 36 55 39 56 3 7 27 66 43 8 31 
16 11 30 63 4 17 28 12 69 48 47 59 14 67 53 65 32 58 45 23 41 60 46 51 40 10 62 2 22 26 68 54 1 57 49 24 44 37 36 55 39 56 3 7 27 66 43 8 31 
17 11 30 63 4 17 28 69 48 47 59 14 67 53 65 32 58 45 23 41 60 46 51 40 10 62 2 22 26 68 54 1 57 49 24 44 37 36 55 39 56 3 7 27 66 43 8 31 
18 11 30 63 4 17 28 69 48 47 59 14 67 53 65 32 58 45 23 41 60 46 51 40 10 62 2 22 26 68 54 1 57 49 24 44 37 36 55 39 56 3 7 27 66 43 8 31 
19 11 30 63 4 28 69 48 47 59 14 67 53 65 32 58 45 23 41 60 46 51 40 10 62 2 22 26 19 68 54 1 57 49 24 44 37 36 55 39 56 3 7 27 66 43 8 31 
20 11 30 63 4 28 69 48 47 59 14 67 53 65 32 58 45 23 41 60 46 51 40 10 62 2 22 19 26 68 54 1 57 49 24 44 37 55 20 39 56 3 7 27 66 43 8 31 
21 11 30 63 4 28 69 48 47 59 34 14 67 32 53 65 23 58 45 41 60 46 51 40 10 62 2 22 19 26 68 54 1 57 49 24 44 37 55 20 39 56 3 7 27 66 43 8 31 
22 11 30 63 4 28 69 48 47 59 34 14 67 32 53 65 23 58 45 41 60 46 51 40 10 62 2 22 19 26 68 54 1 57 49 24 44 37 55 20 39 56 3 7 27 66 43 8 31 
23 11 30 63 4 28 69 48 47 59 34 14 67 32 53 65 58 45 23 41 60 46 51 40 10 62 2 22 19 26 68 54 1 57 49 24 44 37 55 20 39 56 3 7 27 66 43 8 31 
24 11 30 63 4 28 69 48 47 59 34 14 67 32 53 65 23 58 45 41 60 46 51 40 10 62 2 22 19 26 68 54 1 57 49 24 44 37 55 20 39 56 3 7 27 66 43 8 31 
25 11 30 63 4 28 69 48 47 59 34 14 67 32 53 65 23 58 45 41 60 46 51 40 10 62 2 22 19 26 68 54 1 57 49 24 44 37 55 20 39 56 3 7 27 66 43 8 31 
26 11 30 63 4 28 69 48 47 59 34 14 67 32 53 65 23 58 45 41 60 46 51 40 10 62 2 22 19 26 68 54 1 57 49 24 44 37 55 20 39 56 3 7 27 66 43 8 31 
27 11 30 63 4 28 69 48 47 59 34 14 67 32 53 65 23 58 45 41 60 46 51 40 10 62 2 22 19 26 68 54 1 57 49 24 44 37 55 20 39 56 3 7 27 66 43 8 31 
28 11 30 63 4 28 69 48 47 59 34 14 67 32 53 65 23 58 45 41 60 46 51 40 10 62 2 22 19 26 68 54 1 57 49 24 44 37 55 20 39 56 3 7 27 66 43 8 31 
29 11 30 63 4 28 69 48 47 59 34 14 67 32 53 65 23 58 45 41 60 46 51 40 10 62 2 22 19 26 68 54 1 57 49 24 44 37 55 20 39 56 3 7 27 66 43 8 31 
30 11 30 63 4 28 69 48 47 59 34 14 67 32 53 65 23 58 45 41 60 46 51 40 10 62 2 22 19 26 68 54 1 57 49 24 44 37 55 20 39 56 3 7 27 66 43 8 31 
31 11 30 63 4 28 69 48 47 59 34 14 67 32 53 65 23 58 45 41 60 46 51 40 10 62 2 22 19 26 68 54 1 57 49 24 44 37 55 20 39 56 3 7 27 66 43 8 31 
32 11 30 63 4 28 69 48 47 59 34 14 67 53 65 32 23 58 45 41 60 46 51 40 10 62 2 22 19 26 68 54 1 57 49 24 44 37 55 20 39 56 3 7 27 66 43 8 31 
33 11 30 63 4 28 69 48 47 59 34 14 67 32 53 65 23 58 45 41 60 46 51 40 10 62 2 22 19 26 68 54 1 57 49 24 44 37 55 20 39 56 3 7 27 66 43 8 31 
34 11 30 63 4 28 69 48 47 59 34 14 67 32 53 65 23 58 45 41 60 46 51 40 10 62 2 22 19 26 68 54 1 57 49 24 44 37 55 39 56 3 7 27 66 43 8 31 
35 11 30 63 4 28 69 48 47 59 34 14 67 32 53 65 23 58 45 41 60 46 51 40 10 62 2 22 19 26 68 54 1 57 49 24 44 37 55 39 56 3 7 27 66 43 8 31 
36 11 30 63 4 28 69 48 47 59 14 67 32 53 65 23 58 45 41 60 46 51 40 10 62 2 22 19 26 68 54 1 57 49 24 44 37 36 55 39 56 3 7 27 66 43 8 31 
37 11 30 63 4 28 69 48 47 59 14 67 32 53 65 23 58 45 41 60 46 51 40 10 62 2 22 19 26 68 54 1 57 49 24 44 37 36 55 39 56 3 7 27 66 43 8 31 
38 11 30 63 4 28 69 48 47 59 14 67 32 53 65 23 58 45 41 60 46 51 40 10 62 2 22 19 26 68 54 1 57 49 24 44 37 36 55 39 56 3 7 27 66 43 8 31 
39 11 30 63 4 28 48 47 59 14 67 32 53 65 23 58 45 41 60 46 51 40 10 62 2 22 19 26 68 54 1 57 24 44 37 36 55 56 39 3 7 27 66 43 8 31 
40 11 30 63 4 28 48 47 59 14 67 32 53 65 23 58 45 41 60 46 51 40 10 62 2 22 19 26 68 54 1 57 24 44 37 36 39 56 3 7 27 66 43 8 31 
41 11 30 63 4 28 48 47 59 14 67 32 53 65 45 23 58 41 60 46 51 40 10 62 2 22 19 26 68 54 1 49 57 24 44 37 36 39 56 3 7 27 66 43 8 31 
42 11 30 63 4 28 48 47 59 14 67 32 53 65 45 23 58 41 60 46 51 40 10 62 2 22 19 26 68 54 1 49 57 24 44 37 36 39 56 3 7 27 66 43 8 31 
43 11 30 63 4 28 48 47 59 14 67 32 53 65 45 23 58 41 60 46 51 40 10 62 2 22 19 26 68 54 1 49 57 24 44 37 36 39 56 3 7 27 66 43 8 31 
44 11 30 63 4 28 48 47 59 14 67 32 53 65 45 23 41 60 46 51 40 10 62 2 22 19 26 68 54 1 49 57 24 44 37 36 39 56 3 7 27 66 43 8 31 
45 11 30 63 4 28 48 47 59 14 67 32 53 65 23 45 41 60 46 51 40 10 62 2 22 19 26 68 54 1 49 57 24 44 37 36 39 56 3 7 27 66 43 8 31 
46 11 30 63 4 28 48 47 59 14 67 32 53 65 45 23 41 60 46 51 40 10 62 2 22 19 26 68 54 1 49 57 24 44 37 36 39 56 3 7 27 66 43 8 31 
47 11 30 63 4 28 48 47 59 14 67 32 53 65 45 23 41 60 46 51 40 10 62 2 22 19 26 68 54 1 49 57 24 44 37 36 39 56 3 7 27 66 43 8 31 
48 11 30 63 4 28 48 47 59 14 67 32 53 65 45 23 41 60 46 51 40 10 62 2 22 19 26 68 54 1 49 57 24 44 37 36 39 56 3 7 27 66 43 8 31 
49 11 30 63 4 28 48 47 59 14 67 32 53 65 45 23 41 60 46 51 40 10 62 2 22 19 26 68 54 1 57 49 24 44 37 36 56 3 7 27 66 43 8 31 
50 11 30 63 4 28 48 47 59 14 67 32 53 65 45 23 41 60 46 51 40 10 62 2 22 19 26 68 54 1 49 57 24 44 37 36 56 3 7 27 66 43 8 31 
51 11 30 63 4 28 48 47 59 14 67 32 53 65 45 23 58 41 60 46 51 40 10 62 2 22 19 26 68 54 1 49 57 24 44 37 36 39 56 3 7 27 66 43 8 31 
52 11 30 63 4 28 48 47 59 14 67 32 53 65 45 23 58 41 60 46 51 40 10 62 2 22 19 26 68 54 1 49 57 24 44 37 36 39 56 3 7 27 66 43 8 31 
53 11 30 63 4 28 48 47 59 14 67 32 65 53 45 23 58 41 60 46 51 40 10 62 2 22 19 26 68 54 1 49 57 24 44 37 36 39 56 3 7 27 66 43 8 31 
54 11 30 63 4 28 48 47 59 14 67 53 32 65 45 23 58 41 60 46 51 40 10 62 2 22 19 26 68 54 1 49 57 24 44 37 36 39 56 3 7 27 66 43 8 31 
55 11 30 63 4 28 48 47 59 14 67 53 32 65 45 23 58 41 60 46 51 10 62 2 22 19 26 68 54 1 49 57 24 44 37 36 55 39 56 3 7 27 66 43 8 31 
56 11 30 63 4 28 48 47 59 14 67 53 32 65 45 23 58 41 60 46 51 10 62 2 22 19 26 68 54 1 49 57 24 44 37 36 55 39 56 3 7 27 66 43 8 31 
57 11 30 63 4 28 48 47 59 14 67 53 32 65 45 23 58 41 60 46 51 10 62 2 22 19 26 68 54 1 49 57 24 44 37 36 55 39 56 3 7 27 66 43 8 31 
58 11 30 63 4 28 48 47 59 14 67 53 32 65 45 23 58 41 60 46 51 10 62 2 22 19 26 68 54 1 57 49 24 37 36 55 39 56 3 7 27 66 43 8 31 
59 11 30 63 4 28 48 47 59 14 67 53 32 65 58 45 23 41 60 46 51 10 62 2 22 19 26 68 54 1 57 49 24 37 36 55 39 56 3 7 27 66 43 8 31 
60 11 30 63 4 28 48 47 59 14 67 53 32 65 58 45 23 41 60 46 51 10 62 2 22 19 26 68 54 1 57 49 24 37 36 55 39 56 3 7 27 66 43 8 31 
61 11 30 63 4 28 48 47 59 14 67 53 32 65 58 45 23 41 60 46 51 10 62 2 22 19 26 68 54 1 57 61 24 37 36 55 56 3 7 27 66 43 8 31 
62 11 30 63 4 28 48 47 59 14 67 53 32 65 58 45 23 41 60 46 51 10 62 2 22 19 26 68 54 1 57 61 24 37 36 55 56 3 7 27 66 43 8 31 
63 11 30 63 4 28 48 47 59 14 67 53 32 65 58 45 23 41 60 46 51 10 62 2 22 19 26 68 54 1 57 61 24 37 36 55 56 3 7 27 66 43 8 31 
64 11 30 63 4 28 48 64 47 59 14 67 53 32 65 58 45 23 41 60 46 51 10 62 2 22 19 26 68 54 1 57 24 37 36 55 56 3 7 27 66 43 8 31 
65 11 30 63 4 28 64 48 47 59 14 67 53 32 65 58 45 23 41 60 46 51 10 62 2 22 19 26 68 54 1 57 24 37 36 55 56 3 7 27 66 43 8 31 
66 11 30 63 4 28 64 48 47 59 14 67 53 65 32 58 45 23 41 60 46 51 10 62 2 22 19 26 68 54 1 57 24 37 36 55 56 3 7 27 66 43 8 31 
67 11 30 63 4 28 64 48 47 59 14 67 53 65 32 58 45 23 41 60 46 51 10 62 2 22 19 26 68 54 1 57 24 37 36 55 56 3 7 27 66 43 8 31 
68 11 30 63 4 28 64 48 47 59 67 14 53 65 32 58 45 23 41 60 46 51 10 62 2 22 19 26 68 54 1 57 24 37 36 55 56 3 7 27 66 43 8 31 
69 11 30 63 4 28 48 69 47 59 67 14 53 65 32 58 45 23 41 60 46 51 10 62 2 22 19 26 68 54 1 57 24 37 36 55 56 3 7 27 66 43 8 31 
70 11 30 63 4 28 69 48 47 59 67 14 53 65 32 58 45 23 41 60 46 51 40 10 62 2 22 19 26 68 54 1 57 49 24 44 37 36 55 39 56 3 7 27 66 43 8 31 
71 11 30 63 4 28 69 48 47 59 67 14 53 65 32 58 45 23 41 60 46 51 40 10 62 2 22 19 26 68 54 1 57 49 24 44 37 36 55 39 56 3 7 27 66 43 8 31 
72 11 30 63 4 28 69 48 47 59 67 14 53 65 32 58 45 23 41 60 46 51 40 10 62 2 22 19 26 68 54 1 57 49 24 44 37 36 55 39 56 3 7 27 66 43 8 31 
