1 1 
2 2 1 
3 2 1 3 
4 2 4 1 3 
5 2 4 1 3 
6 6 2 4 1 3 
7 6 2 4 1 3 7 
8 6 2 4 1 3 7 
9 6 2 4 1 9 3 7 
10 6 2 4 1 9 3 10 7 
11 6 2 4 1 9 3 10 7 
12 6 2 4 1 9 3 10 12 7 
13 6 2 4 13 1 9 3 10 12 7 
14 6 2 4 13 1 9 3 10 12 7 
15 6 2 4 15 13 1 9 3 10 12 7 
16 6 2 4 15 13 1 9 3 10 12 16 7 
17 6 2 4 15 13 1 9 3 10 12 16 7 
18 6 2 4 18 13 1 9 3 10 12 7 
19 6 2 4 18 13 1 9 3 10 12 19 7 
20 4 15 1 9 10 12 6 2 18 20 13 3 16 19 7 
21 41 4 27 6 30 24 3 31 35 19 7 38 15 40 28 1 9 22 25 10 12 43 2 45 29 18 20 13 44 16 33 23 
22 41 4 27 6 30 24 3 31 35 19 7 38 15 40 28 1 9 22 25 10 12 43 2 45 29 18 20 13 44 16 33 23 
23 41 4 27 6 30 24 3 31 35 19 7 38 15 40 28 1 9 22 25 10 12 43 2 45 29 18 20 13 44 16 33 23 
24 41 4 27 6 30 24 3 31 35 19 7 38 15 40 28 1 9 22 25 10 12 43 2 45 29 18 20 13 44 16 33 23 
25 41 4 27 6 30 24 3 31 35 19 7 38 15 40 28 1 9 22 25 10 12 43 2 45 29 18 20 13 44 16 33 23 
26 41 4 27 6 30 24 3 31 35 19 7 38 15 40 28 1 9 22 25 10 12 43 2 45 29 18 20 13 44 16 33 23 
27 41 4 27 6 30 24 3 31 35 19 7 38 15 40 28 1 9 22 25 10 12 43 2 45 29 18 20 13 44 16 33 23 
28 41 4 27 6 30 24 3 31 35 19 7 38 15 40 28 1 9 22 25 10 12 43 2 45 29 18 20 13 44 16 33 23 
29 41 4 27 6 30 24 3 31 35 19 7 38 15 40 28 1 9 22 25 10 12 43 2 45 29 18 20 13 44 16 33 23 
30 41 4 27 6 30 24 3 31 35 19 7 38 15 40 28 1 9 22 25 10 12 43 2 45 29 18 20 13 44 16 33 23 
31 41 4 27 6 30 24 3 35 31 19 7 38 15 40 28 1 9 22 25 10 12 43 2 45 29 18 20 13 44 16 33 23 
32 41 4 27 6 30 24 3 31 35 19 7 38 15 40 28 1 9 22 25 10 12 43 2 45 29 18 20 13 44 16 33 23 
33 41 4 27 6 30 24 3 31 35 19 7 38 15 40 28 1 9 22 25 10 12 43 2 45 29 18 20 13 44 16 33 23 
34 41 4 27 6 30 24 3 31 35 19 7 38 15 40 28 1 9 22 25 10 12 43 2 45 29 18 20 13 44 16 33 23 
35 41 4 27 6 30 24 3 31 35 19 7 38 15 40 28 1 9 22 25 10 43 2 45 29 18 20 13 44 16 33 23 
36 41 4 27 6 30 24 3 31 35 19 7 38 15 40 28 1 9 22 25 10 43 2 45 29 18 20 13 44 16 33 23 
37 41 4 27 6 30 24 3 31 35 19 7 38 15 40 28 1 9 22 25 10 43 2 45 29 18 20 13 44 16 33 23 
38 41 4 27 6 30 24 3 31 35 19 7 38 15 40 28 1 9 22 25 10 43 2 45 29 18 20 13 44 16 33 23 
39 41 4 27 6 30 24 3 31 35 19 7 38 15 40 28 1 9 22 25 10 43 2 45 29 18 20 13 44 16 33 23 
40 41 4 27 6 30 24 3 31 35 19 7 38 15 40 28 1 9 22 25 10 43 2 45 29 18 20 13 44 16 33 23 
41 41 4 27 6 30 24 3 31 35 19 7 38 15 40 28 1 9 22 25 10 43 2 45 29 18 20 13 16 33 23 
42 41 4 27 6 30 24 3 31 35 19 7 38 15 40 28 1 9 22 25 10 43 2 45 29 18 20 13 16 33 23 
43 41 4 27 6 30 24 3 31 35 19 7 38 15 40 28 1 9 22 25 10 43 2 45 29 18 20 13 44 16 33 23 
44 4 27 6 30 24 3 31 35 19 7 38 15 40 28 1 9 22 25 10 43 2 45 29 18 20 13 44 16 33 23 
45 41 4 27 6 30 24 3 31 35 19 7 38 15 40 28 1 9 22 25 10 43 2 45 29 18 13 44 16 33 23 
46 41 4 27 6 30 24 3 31 35 19 7 38 15 40 28 1 9 22 25 10 43 2 45 29 18 13 44 16 33 23 
47 41 4 27 6 30 24 3 31 35 19 7 38 15 40 28 1 9 22 25 10 12 43 2 45 29 18 20 13 44 16 33 23 
