1 1 
2 1 2 
3 3 1 2 
4 99 37 111 74 64 53 101 138 109 68 49 65 46 144 93 22 15 82 119 58 80 28 136 122 112 78 96 73 88 18 24 42 90 77 94 105 129 123 55 14 108 32 71 104 79 21 124 54 102 8 27 117 83 6 57 11 100 41 85 81 121 44 60 140 12 39 84 36 133 127 2 75 87 143 130 17 43 50 70 97 89 67 62 146 1 131 26 34 3 126 91 114 30 95 7 69 128 4 92 40 61 23 120 134 115 
5 99 37 111 74 64 53 101 138 109 68 49 65 46 144 93 22 15 82 119 58 80 28 136 122 112 78 96 73 88 18 24 42 90 77 94 105 129 123 55 14 108 32 71 104 79 21 124 54 102 8 27 117 83 6 57 11 100 41 85 81 121 44 60 140 12 39 84 36 133 127 2 75 87 143 130 17 43 50 70 97 89 67 62 146 1 131 26 34 3 126 91 114 30 95 7 69 128 4 92 40 61 23 120 134 115 
6 99 37 111 74 64 53 101 138 109 68 49 65 46 144 93 22 15 82 119 58 80 28 136 122 112 78 96 73 88 18 24 42 90 77 94 105 129 123 55 14 108 32 71 104 79 21 124 54 102 8 27 117 83 57 6 11 100 41 85 81 121 44 60 140 12 39 84 36 133 127 2 75 87 143 130 17 43 50 70 97 89 67 62 146 1 131 26 34 3 126 91 114 30 95 7 69 128 4 92 40 61 23 120 134 115 
7 99 37 111 74 64 53 101 138 109 68 49 65 46 144 93 22 15 82 119 58 80 28 136 122 112 78 96 73 88 18 24 42 90 77 94 105 129 123 55 14 108 32 71 104 79 21 124 54 102 8 27 117 83 6 57 11 100 41 85 81 121 44 60 140 12 39 84 36 133 127 2 75 87 143 130 17 43 50 70 97 89 67 62 146 1 131 26 34 3 126 91 114 30 95 7 69 128 4 92 40 61 23 120 134 115 
8 99 37 111 74 64 53 101 138 109 68 49 65 46 144 93 22 15 82 119 58 80 28 136 122 112 78 96 73 88 24 42 90 77 94 105 129 123 55 14 108 32 71 104 79 21 124 54 102 27 117 8 83 6 57 11 100 41 85 81 121 44 60 140 12 39 84 36 133 127 2 75 87 143 130 17 43 50 70 97 89 67 62 146 1 131 26 34 3 126 91 114 30 95 7 69 128 4 92 40 61 23 120 134 115 
9 99 37 111 74 64 53 101 138 109 68 49 65 46 144 93 22 15 82 119 58 80 28 136 122 112 78 96 73 88 24 42 90 77 94 105 129 123 55 14 108 32 71 104 79 124 54 102 8 27 117 83 6 57 11 100 41 85 81 121 44 60 140 12 39 84 36 133 127 2 75 87 143 130 17 43 50 70 97 89 67 62 146 1 131 26 9 34 3 126 91 114 30 95 7 69 128 4 92 40 61 23 120 134 115 
10 99 37 111 74 64 53 101 138 109 68 49 65 46 144 93 22 15 82 119 58 80 28 136 122 112 78 96 73 88 18 24 42 90 77 94 105 129 123 14 55 108 32 71 104 79 124 54 102 8 27 117 83 6 57 11 100 41 85 81 121 44 60 140 12 19 39 84 36 133 127 2 75 87 143 130 17 43 50 70 97 89 67 62 146 1 131 9 26 34 3 126 91 114 30 95 7 69 128 4 92 40 61 23 120 134 115 
11 99 37 111 74 64 53 101 138 109 68 49 65 46 144 93 22 15 82 119 58 80 28 136 122 112 78 96 73 88 18 24 42 90 77 94 105 129 123 14 55 108 32 71 104 79 124 54 102 8 27 117 83 6 57 11 100 41 85 81 121 44 60 140 12 19 39 84 36 133 127 2 75 87 143 130 17 43 50 70 97 89 67 62 146 1 131 9 26 34 3 126 91 114 30 95 7 69 128 4 92 40 61 23 120 134 115 
12 99 37 111 74 64 53 101 138 109 68 49 65 46 144 93 22 15 82 119 58 80 28 136 122 112 78 96 73 88 18 24 42 90 77 94 105 129 123 14 55 108 32 71 104 79 124 54 102 8 27 117 83 6 57 11 100 41 85 81 121 44 60 140 19 12 39 84 36 133 127 2 75 87 143 130 17 43 50 70 97 89 67 62 146 1 131 9 26 34 3 126 91 114 30 95 7 69 128 4 92 40 61 23 120 134 115 
13 99 37 111 74 64 53 101 138 109 68 49 65 46 144 93 22 15 82 119 58 80 28 136 122 112 78 96 73 88 18 24 42 90 77 94 105 129 123 14 55 108 32 71 104 79 124 54 102 8 27 117 83 6 57 11 100 41 85 81 121 44 60 140 12 19 39 84 36 133 127 2 75 87 143 130 17 43 50 70 97 89 67 62 146 1 131 9 26 34 3 126 91 114 30 95 7 69 128 4 92 40 61 23 120 134 115 
14 99 37 111 74 64 53 101 138 109 68 49 65 46 144 93 22 15 82 119 58 80 28 136 122 112 78 96 73 88 18 24 42 90 77 94 105 129 123 55 14 108 32 71 104 79 124 54 102 8 27 117 83 6 57 11 100 41 85 81 121 44 60 140 12 19 39 84 36 133 127 2 75 87 143 130 17 43 50 70 97 89 67 62 146 1 131 9 26 34 3 126 91 114 30 95 7 69 128 4 92 40 61 23 120 134 115 
15 99 37 111 74 64 53 101 138 109 68 49 65 46 144 93 22 82 119 15 58 80 28 136 122 112 78 96 73 88 18 24 42 90 77 94 105 129 123 14 55 108 32 71 104 79 124 54 102 8 27 117 83 6 57 11 100 41 85 81 121 44 60 140 12 19 39 84 36 133 127 2 75 87 143 130 17 43 50 70 97 89 67 62 146 1 131 9 26 34 3 126 91 114 30 95 7 69 128 4 92 40 61 23 120 134 115 
16 99 37 111 74 64 53 101 138 109 68 49 65 46 144 93 22 15 82 119 58 80 28 136 122 112 78 96 73 88 18 24 42 90 77 94 105 129 123 14 55 108 32 71 104 79 124 54 102 8 27 117 83 6 57 11 100 41 85 81 121 44 60 140 12 19 39 84 36 133 127 2 75 87 143 130 17 43 50 70 97 89 67 62 146 1 131 9 26 34 3 126 91 114 30 95 7 69 128 4 92 40 61 23 120 134 115 
17 99 37 111 74 64 53 101 138 109 68 49 65 46 144 93 22 15 82 119 58 80 28 136 122 112 78 96 73 88 18 24 42 90 77 94 105 129 123 14 55 108 32 71 104 79 124 54 102 8 27 117 83 6 57 11 100 41 85 81 121 44 60 140 12 19 39 84 36 133 127 2 75 87 143 130 17 43 50 70 97 89 67 62 146 1 131 9 26 34 3 126 91 114 30 95 7 69 128 4 92 40 61 23 120 134 115 
18 99 37 111 74 64 53 101 138 109 68 49 65 46 144 93 22 15 82 119 58 80 28 136 122 112 78 96 73 88 18 24 42 90 77 94 105 129 123 14 55 108 32 71 104 79 124 54 102 27 117 83 6 57 11 100 41 85 81 121 44 60 140 12 19 39 84 36 133 127 2 75 87 143 130 17 43 50 70 97 89 67 62 146 1 131 9 26 34 3 126 91 114 30 95 7 69 128 4 92 40 61 23 120 134 115 
19 99 37 111 74 64 53 101 138 109 68 49 65 46 144 93 22 15 82 119 58 80 28 136 122 112 78 96 73 88 18 24 42 90 77 94 105 129 123 14 55 108 32 71 104 79 124 54 102 8 27 117 83 6 57 11 100 41 85 81 121 44 60 140 12 19 39 84 36 133 127 2 75 87 143 130 17 43 50 70 97 89 67 62 146 1 131 26 34 3 126 91 114 30 95 7 69 128 4 92 40 61 23 120 134 115 
20 99 37 111 74 64 53 101 138 109 68 49 65 46 144 93 22 15 82 119 58 80 28 136 122 112 78 96 73 88 18 24 42 90 77 94 105 129 123 14 55 108 32 71 104 79 124 54 102 8 27 117 83 6 57 11 100 41 85 81 121 44 60 140 12 19 39 84 36 133 127 2 75 87 143 130 17 43 50 70 97 89 67 62 146 1 131 26 34 3 126 91 114 30 95 7 69 128 4 92 40 61 23 120 134 115 
21 99 37 111 74 64 53 101 138 109 68 49 65 46 144 93 22 15 82 119 58 80 28 136 122 112 78 96 73 88 18 24 42 90 77 94 105 129 123 14 55 108 32 71 104 79 21 124 54 102 8 27 117 83 6 57 11 100 41 85 81 121 44 60 140 12 39 84 36 133 127 2 75 87 143 130 17 43 50 70 97 89 67 62 146 1 131 26 34 3 126 91 114 30 95 7 69 128 4 92 40 61 23 120 134 115 
22 99 37 111 74 64 53 101 138 109 68 49 65 46 144 93 22 15 82 119 58 80 28 136 122 112 78 96 73 88 18 24 42 90 77 94 105 129 123 14 55 108 32 71 104 79 21 124 54 102 8 27 117 83 6 57 11 100 41 85 81 121 44 60 140 12 39 84 36 133 127 2 75 87 143 130 17 43 50 70 97 89 67 62 146 1 131 26 34 3 126 91 114 30 95 7 69 128 4 92 40 61 23 120 134 115 
23 99 37 111 74 64 53 101 138 109 68 49 65 46 144 93 22 15 82 119 58 80 28 136 122 112 78 96 73 88 18 24 42 90 77 94 105 129 123 14 55 108 32 71 104 79 21 124 54 102 8 27 117 83 6 57 11 100 41 85 81 121 44 60 140 12 39 84 36 133 127 2 75 87 143 130 17 43 50 70 97 89 67 62 146 1 131 26 34 3 126 91 114 30 95 7 69 128 4 92 40 61 23 120 134 115 
24 99 37 111 74 64 53 101 138 109 68 49 65 46 144 93 22 15 82 119 58 80 28 136 122 112 78 96 73 88 18 24 42 90 77 94 105 129 123 14 55 108 32 71 104 79 21 124 54 102 8 27 117 83 6 57 11 100 41 85 81 121 44 60 140 12 39 84 36 133 127 2 75 87 143 130 17 43 50 70 97 89 67 62 146 1 131 26 34 3 126 91 114 95 7 69 128 4 92 40 61 23 120 134 115 
25 99 37 111 74 64 53 101 138 109 68 49 65 46 144 93 22 15 82 119 58 80 28 136 122 112 78 96 73 88 18 24 42 90 77 94 105 129 123 14 55 108 32 71 104 79 21 124 54 102 8 27 117 83 6 57 11 100 41 85 81 121 44 60 140 12 39 84 36 133 127 2 75 87 143 130 17 43 50 70 97 89 67 62 146 1 131 26 34 3 126 91 114 30 95 7 69 128 4 92 40 61 23 120 134 115 
26 99 37 111 74 64 53 101 138 109 68 49 65 46 144 93 22 15 82 119 58 80 28 136 122 112 78 96 73 88 18 24 42 90 77 94 105 129 123 14 55 108 32 71 104 79 21 124 54 102 8 27 117 83 6 57 11 100 41 85 81 121 44 60 140 12 39 84 36 133 127 2 75 87 143 130 17 43 50 70 97 89 67 62 146 1 131 26 34 3 126 91 114 30 95 7 69 128 4 92 40 61 23 120 134 115 
27 99 37 111 74 64 53 101 138 109 68 49 65 46 144 93 22 15 82 119 58 80 28 136 122 112 78 96 73 88 18 24 42 90 77 94 105 129 123 14 55 108 32 71 104 79 21 124 54 102 8 117 27 83 6 57 11 100 41 85 81 121 44 60 140 12 39 84 36 133 127 2 75 87 143 130 17 43 50 70 97 89 67 62 146 1 131 26 34 3 126 91 114 30 95 7 69 128 4 92 40 61 23 120 134 115 
28 99 37 111 74 64 53 101 138 109 68 49 65 46 144 93 22 15 82 119 58 80 28 136 122 112 78 96 73 88 18 24 42 90 77 94 105 129 123 14 55 108 32 71 104 79 21 124 54 102 8 27 117 83 6 57 11 100 41 85 81 121 44 60 140 12 39 84 36 133 127 2 75 87 143 130 17 43 50 70 97 89 67 62 146 1 131 26 34 3 126 91 114 30 95 7 69 128 4 92 40 61 23 120 134 115 
29 99 37 111 74 64 53 101 138 109 68 49 65 46 144 93 22 15 82 119 58 80 28 136 122 112 78 96 73 88 18 24 42 90 77 94 105 129 123 14 55 108 32 71 104 79 21 124 54 102 8 27 117 83 6 57 11 100 41 85 81 121 44 60 140 12 39 84 36 133 127 2 75 87 143 130 17 43 50 70 97 89 67 62 146 1 131 26 34 3 126 91 114 30 95 7 69 128 4 92 40 61 23 120 134 115 
30 99 37 111 74 64 53 101 138 109 68 49 65 46 144 93 22 15 82 119 58 80 28 136 122 112 78 96 73 88 18 42 90 77 94 105 129 123 14 55 108 32 71 104 79 21 124 54 102 8 27 117 83 6 57 11 100 41 85 81 121 44 60 140 12 39 84 36 133 127 2 75 87 143 130 17 43 50 70 97 89 67 62 146 1 131 26 34 3 126 91 114 30 95 7 69 128 4 92 40 61 23 120 134 115 
31 99 37 111 74 64 53 101 138 109 68 49 65 46 144 93 22 15 82 119 58 80 28 136 122 112 78 96 73 88 18 42 90 77 94 105 129 123 14 55 108 32 71 104 79 21 124 54 102 8 27 117 83 6 57 11 100 41 85 81 121 44 60 140 12 39 84 36 133 127 2 75 87 143 130 17 43 50 70 97 89 67 62 146 1 131 26 34 3 126 91 114 30 95 7 69 128 4 92 40 61 23 120 134 115 
32 99 37 111 74 64 53 101 138 109 68 49 65 46 144 93 22 15 82 119 58 80 28 136 122 112 78 96 73 88 18 24 42 90 77 94 105 129 123 14 55 108 32 71 104 79 21 124 54 102 8 27 117 83 6 57 11 100 41 85 81 121 44 60 140 12 39 84 36 133 127 2 75 87 143 130 17 43 50 70 97 89 67 62 146 1 131 26 34 3 126 91 114 30 95 7 69 128 4 92 40 61 23 120 134 115 
33 99 37 111 74 64 53 101 138 109 68 49 65 46 144 93 22 15 82 119 58 80 28 136 122 112 78 96 73 88 18 24 42 90 77 94 105 129 123 14 55 108 32 71 104 79 21 124 54 102 8 27 117 83 6 57 11 100 41 85 81 121 44 60 140 12 39 84 36 133 127 2 75 87 143 130 17 43 50 70 97 89 67 62 146 1 131 26 34 3 126 91 114 30 95 7 69 128 4 92 40 61 23 120 134 115 
34 99 37 111 74 64 53 101 138 109 68 49 65 46 144 93 22 15 82 119 58 80 28 136 122 112 78 96 73 88 18 24 42 90 77 94 105 129 123 14 55 108 32 71 104 79 21 124 54 102 8 27 117 83 6 57 11 100 41 85 81 121 44 60 140 12 39 84 36 133 127 2 75 87 143 130 17 43 50 70 97 89 67 62 146 1 131 26 34 3 126 91 114 30 95 7 69 128 4 92 40 61 23 120 134 115 
35 99 37 111 74 64 53 101 138 109 68 49 65 46 144 93 22 15 82 119 58 80 28 136 122 112 78 96 73 88 18 24 42 90 77 94 105 129 123 14 55 108 32 71 104 79 21 124 54 102 8 27 117 83 6 57 11 100 41 85 81 121 44 60 140 12 39 84 36 133 127 2 75 87 143 130 17 43 50 70 97 89 67 62 146 1 131 26 34 3 126 91 114 30 95 7 69 128 4 92 40 61 23 120 134 115 
36 99 37 111 74 64 53 101 138 109 68 49 65 46 144 93 22 15 82 119 58 80 28 136 122 112 78 96 73 88 18 24 42 90 77 94 105 129 123 14 55 108 32 71 104 79 21 124 54 102 8 27 117 83 6 57 11 100 41 85 81 121 44 60 140 12 39 84 36 133 127 2 75 87 143 130 17 43 50 70 97 89 67 62 146 1 131 26 34 3 126 91 114 30 95 7 69 128 4 92 40 61 23 120 134 115 
37 99 111 37 74 64 53 101 138 109 68 49 65 46 144 93 22 15 82 119 58 80 28 136 122 112 78 96 73 88 18 24 42 90 77 94 105 129 123 14 55 108 32 71 104 79 21 124 54 102 8 27 117 83 6 57 11 100 41 85 81 121 44 60 140 12 39 84 36 133 127 2 75 87 143 130 17 43 50 70 97 89 67 62 146 1 131 26 34 3 126 91 114 30 95 7 69 128 4 92 40 61 23 120 134 115 
38 99 37 111 74 64 53 101 138 109 68 49 65 46 144 93 22 15 82 119 58 80 28 136 122 112 78 96 73 88 18 24 42 90 77 94 105 129 123 14 55 108 32 71 104 79 21 124 54 102 8 27 117 83 6 57 11 100 41 85 81 121 44 60 140 12 39 84 36 133 127 2 75 87 143 130 17 43 50 70 97 89 67 62 146 1 131 26 34 3 126 91 114 30 95 7 69 128 4 92 40 61 23 120 134 115 
39 99 37 111 74 64 101 138 109 68 65 46 144 93 22 15 82 119 58 80 28 136 122 112 78 96 73 88 18 24 42 90 77 94 105 129 123 14 55 108 32 71 104 79 21 124 54 102 8 27 117 83 6 57 11 100 41 85 81 121 44 60 140 12 39 84 36 133 127 2 75 87 143 130 17 43 50 70 97 89 67 62 146 1 131 26 34 3 126 91 114 30 95 7 69 128 4 92 40 61 23 120 134 115 
40 99 37 111 74 64 101 138 109 68 65 46 144 93 22 15 82 119 58 80 28 136 122 112 78 96 73 88 18 24 42 90 77 94 105 129 123 14 55 108 32 71 104 79 21 124 102 8 27 117 83 6 57 11 100 41 85 81 121 44 60 140 12 39 84 36 133 127 2 75 87 143 130 17 43 70 97 89 67 62 146 1 131 26 34 3 126 91 114 30 95 7 69 128 4 92 40 61 23 120 134 115 
41 99 37 111 74 64 101 138 109 68 65 46 144 93 22 15 82 119 58 80 28 136 122 112 78 96 73 88 18 24 42 90 77 94 105 129 123 14 55 108 32 71 104 79 21 124 102 8 27 117 83 6 57 11 100 85 41 81 121 44 60 140 12 39 84 36 133 127 2 75 87 143 130 17 43 70 97 89 67 62 146 1 131 26 34 3 126 91 114 30 95 7 69 128 4 92 40 61 23 120 134 115 
42 99 37 111 74 64 101 138 109 68 65 46 144 93 22 15 82 119 58 80 28 136 122 112 78 96 73 88 18 24 42 90 77 94 105 129 123 14 55 108 32 71 104 79 21 124 102 8 27 117 83 6 57 11 100 41 85 81 121 44 60 140 12 39 84 36 133 127 2 75 87 143 130 17 43 70 97 89 67 62 146 1 131 26 34 3 126 91 114 30 95 7 69 128 4 92 40 61 23 120 134 115 
43 99 37 111 74 64 101 138 109 68 65 46 144 93 22 15 82 119 58 80 28 136 122 112 78 96 73 88 18 24 42 90 77 94 105 129 123 14 55 108 32 71 104 79 21 124 102 8 27 117 83 6 57 11 100 41 85 81 121 44 60 140 12 39 84 36 133 127 2 75 87 143 130 17 43 70 97 89 67 62 1 131 26 34 3 126 91 114 30 95 7 69 128 4 92 40 61 23 120 134 115 
44 99 37 111 74 64 53 101 138 109 68 49 65 46 144 93 22 15 82 119 58 80 28 136 122 112 78 96 73 88 18 24 42 90 77 94 105 129 123 55 14 108 32 71 104 79 21 124 54 102 8 27 117 83 6 57 11 100 41 85 81 121 44 60 140 12 39 84 36 133 127 2 75 87 143 130 17 43 50 70 97 89 67 62 146 1 131 26 34 3 126 91 114 30 95 7 69 128 4 92 40 61 23 120 134 115 
45 99 37 111 74 64 53 101 138 109 68 49 65 46 144 93 22 15 82 119 58 80 28 136 122 112 78 96 73 88 18 24 42 90 77 94 105 129 123 55 14 108 32 71 104 79 21 124 54 102 8 27 117 83 6 57 11 100 41 85 81 121 44 60 140 12 39 84 36 133 127 2 75 87 143 130 17 43 50 70 97 89 67 62 146 1 131 26 34 3 126 91 114 30 95 7 69 128 4 92 40 61 23 120 134 115 
46 99 37 111 74 64 53 101 138 109 68 49 65 46 144 93 22 15 82 119 58 80 28 136 122 112 78 96 73 88 18 24 42 90 77 94 105 129 123 55 14 108 32 71 104 79 21 124 54 102 8 27 117 83 6 57 11 100 41 85 81 121 44 60 140 12 39 84 36 133 127 2 75 87 143 130 17 43 50 70 97 89 67 62 146 1 131 26 34 3 126 91 114 30 95 7 69 128 4 92 40 61 23 120 134 115 
47 99 37 111 74 64 53 101 138 109 68 49 65 46 144 93 22 15 82 119 58 80 28 136 122 112 78 96 73 88 18 24 42 90 77 94 105 129 123 55 14 108 32 71 104 79 21 124 54 102 8 27 117 83 6 57 11 100 41 85 81 121 44 60 140 12 39 84 36 133 127 2 75 87 143 130 17 43 50 70 97 89 67 62 146 1 131 26 34 3 126 91 114 30 95 7 69 128 4 92 40 61 23 120 134 115 
48 99 37 111 74 64 53 101 138 109 68 49 65 46 144 93 22 15 82 119 58 80 28 136 122 112 78 96 73 88 18 24 42 90 77 94 105 129 123 55 14 108 32 71 104 79 21 124 54 102 8 27 117 83 6 57 11 100 41 85 81 121 44 60 140 12 39 84 36 133 127 2 75 87 143 130 17 43 50 70 97 89 67 62 146 1 131 26 34 3 126 91 114 30 95 7 69 128 4 92 40 61 23 120 134 115 
49 99 37 111 74 64 101 138 109 68 49 65 46 144 93 22 15 82 119 58 80 28 136 122 112 78 96 73 88 18 24 42 90 77 94 105 129 123 55 14 108 32 71 104 79 21 124 54 102 8 27 117 83 6 57 11 100 41 85 81 121 44 60 140 12 84 36 133 127 2 75 87 143 130 17 43 50 70 97 89 67 62 146 1 131 26 34 3 126 91 114 30 95 7 69 128 4 92 40 61 23 120 134 115 
50 99 37 111 74 64 101 138 109 68 49 65 46 144 93 22 15 82 119 58 80 28 136 122 112 78 96 73 88 18 24 42 90 77 94 105 129 123 55 14 108 32 71 104 79 21 124 102 8 27 117 83 6 57 11 100 41 85 81 121 44 60 140 12 84 36 133 127 2 75 87 143 130 17 43 70 50 97 89 67 62 146 1 131 26 34 3 126 91 114 30 95 7 69 128 4 92 61 23 120 134 115 
51 99 37 111 74 64 101 138 109 68 49 65 46 144 93 22 15 82 119 58 80 28 136 122 112 78 96 73 88 18 24 42 90 77 94 105 129 123 55 14 108 32 71 104 79 21 124 102 8 27 117 83 6 57 11 100 41 85 81 121 44 60 140 12 84 36 133 127 2 75 87 143 130 17 43 50 70 97 89 67 62 146 1 131 26 34 3 126 91 114 30 95 7 69 128 4 92 61 23 120 134 115 
52 99 37 111 74 64 101 138 109 68 49 65 46 144 93 22 15 82 119 58 80 28 136 122 112 78 96 73 88 18 24 42 90 77 94 105 129 123 55 14 108 32 71 104 79 21 124 102 8 27 117 83 6 57 11 100 41 85 81 121 44 60 140 12 84 36 133 127 2 75 87 143 130 17 43 50 70 97 89 67 62 146 1 131 26 34 3 126 91 114 30 95 7 69 128 4 92 61 23 120 134 115 
53 99 37 111 74 64 53 101 138 109 68 65 46 144 93 22 15 82 119 58 80 28 136 122 112 78 96 73 88 18 24 42 90 77 94 105 129 123 55 14 108 32 71 104 79 21 124 54 102 8 27 117 83 6 57 11 100 41 85 81 121 44 60 140 12 84 36 133 127 2 75 87 143 130 17 43 50 70 97 89 67 62 146 1 131 26 34 3 126 91 114 30 95 7 69 128 4 92 40 61 23 120 134 115 
54 99 37 111 74 64 53 101 138 109 68 65 46 144 93 22 15 82 119 58 80 28 136 122 112 78 96 73 88 18 24 42 90 77 94 105 129 123 55 14 108 32 71 104 79 21 124 102 54 8 27 117 83 6 57 11 100 41 85 81 121 44 60 140 12 84 36 133 127 2 75 87 143 130 17 43 70 97 89 67 62 146 1 131 26 34 3 126 91 114 30 95 7 69 128 4 92 61 23 120 134 115 
55 99 37 111 74 64 53 101 138 109 68 65 46 144 93 22 15 82 119 58 80 28 136 122 112 78 96 73 88 18 24 42 90 77 94 105 129 123 14 55 108 32 71 104 79 21 124 54 102 8 27 117 83 6 57 11 100 41 85 81 121 44 60 140 12 84 36 133 127 2 75 87 143 130 17 43 70 97 89 67 62 146 1 131 26 34 3 126 91 114 30 95 7 69 128 4 92 61 23 120 134 115 
56 99 37 111 74 64 53 101 138 109 68 65 46 144 93 22 15 82 119 58 80 28 136 122 112 78 96 73 88 18 24 42 90 77 94 105 129 123 55 14 108 32 71 104 79 21 124 54 102 8 27 117 83 6 57 11 100 41 85 81 121 44 60 140 12 84 36 133 127 2 75 87 143 130 17 43 70 97 89 67 62 146 1 131 26 34 3 126 91 114 30 95 7 69 128 4 92 61 23 120 134 115 
57 99 37 111 74 64 53 101 138 109 68 65 46 144 93 22 15 82 119 58 80 28 136 122 112 78 96 73 88 18 24 42 90 77 94 105 129 123 55 14 108 32 71 104 79 21 124 54 102 8 27 117 83 6 57 11 100 41 85 81 121 44 60 140 12 84 36 127 2 75 87 143 130 17 43 70 97 89 67 62 146 1 26 34 3 126 91 114 30 95 7 69 128 4 92 61 23 120 134 115 
58 99 37 111 74 64 53 101 138 109 68 65 46 144 93 22 15 82 119 58 80 28 136 122 112 78 96 73 88 18 24 42 90 77 94 105 129 123 55 14 108 32 71 104 79 21 124 54 102 8 27 117 83 6 57 11 100 41 85 81 121 44 60 140 12 84 36 127 2 75 87 143 130 17 43 70 97 89 67 62 146 1 26 34 3 126 91 114 30 95 7 69 128 4 92 61 23 120 115 
59 99 37 111 74 64 53 101 138 109 68 65 46 144 93 22 82 119 15 58 80 28 122 136 112 78 96 73 88 18 24 42 90 77 94 105 129 123 55 14 108 32 71 104 79 21 124 54 102 8 27 117 83 6 57 11 100 41 85 81 121 44 60 140 12 84 36 133 127 2 75 87 143 130 17 43 70 97 89 67 62 146 1 131 26 34 3 126 91 114 30 95 7 69 128 4 92 61 23 120 134 115 
60 99 37 111 74 64 53 101 138 109 68 65 46 144 93 22 82 119 15 58 80 28 122 136 112 78 96 73 88 18 24 42 90 77 94 105 129 123 55 14 108 32 71 104 79 21 124 54 102 8 27 117 83 6 57 11 100 41 85 81 121 44 60 140 12 84 36 133 127 2 75 87 143 130 17 43 70 97 89 67 62 146 1 131 26 34 3 126 91 114 30 95 7 69 128 4 92 61 23 120 134 115 
61 99 37 111 74 64 53 101 138 109 68 65 46 144 93 22 82 119 15 58 80 28 122 136 112 78 96 73 88 18 24 42 90 77 94 105 129 123 55 14 108 32 71 104 79 21 124 54 102 8 27 117 83 6 57 11 100 41 85 81 121 44 60 140 12 84 36 133 127 2 75 87 143 130 17 43 70 97 89 67 62 146 1 131 26 34 3 126 91 114 30 95 7 69 128 4 92 61 23 120 134 115 
62 99 37 111 74 64 53 101 138 109 68 65 46 144 93 22 82 119 15 58 80 28 122 136 112 78 96 73 88 18 24 42 90 77 94 105 129 123 55 14 108 32 71 104 79 21 124 54 102 8 27 117 83 6 57 11 100 41 85 81 121 44 60 140 12 84 36 133 127 2 75 87 143 130 17 43 70 97 89 67 62 146 1 131 26 34 3 126 91 114 30 95 7 69 128 4 92 61 23 120 134 115 
63 99 37 111 74 64 53 101 138 109 68 65 46 144 93 22 82 119 15 58 80 28 122 136 112 78 96 73 88 18 24 42 90 77 94 105 129 123 55 14 108 32 71 104 79 21 124 54 102 8 27 117 83 6 57 11 100 41 85 81 121 44 60 140 12 84 36 133 127 2 75 87 143 130 17 43 70 97 89 67 62 146 1 131 26 34 3 126 91 114 30 95 7 69 128 4 92 61 23 120 134 115 
64 99 37 111 74 64 53 101 138 109 68 65 46 144 93 22 82 119 15 58 80 28 122 136 112 78 96 73 88 18 24 42 90 77 94 105 129 123 55 14 108 32 71 104 79 21 124 54 102 8 27 117 83 6 57 11 100 41 85 81 121 44 60 140 12 84 36 133 127 2 75 87 143 130 17 43 70 97 89 67 62 146 1 131 26 34 3 126 91 114 30 95 7 69 128 4 92 61 23 120 134 115 
65 99 37 111 74 64 53 101 138 109 68 65 46 144 93 22 82 119 15 58 80 28 122 136 112 78 96 73 88 18 24 42 90 77 94 105 129 123 55 14 108 32 71 104 79 21 124 54 102 8 27 117 83 6 57 11 100 41 85 81 121 44 60 140 12 84 36 133 127 2 75 87 143 130 17 43 70 97 89 62 146 1 131 26 34 3 126 91 114 30 95 7 69 128 4 92 61 23 120 134 115 
66 99 37 111 74 64 53 101 138 109 68 65 46 144 93 22 82 119 15 58 80 28 122 136 112 78 96 73 88 18 24 42 90 77 94 105 129 123 55 14 108 32 71 104 79 21 124 54 102 8 27 117 83 6 57 11 100 41 85 81 121 44 60 140 12 84 36 133 127 2 75 87 143 130 17 43 70 97 89 62 146 1 131 26 34 3 126 91 114 30 95 7 69 128 4 92 61 23 120 134 115 
67 99 37 111 74 64 53 101 138 109 68 46 144 93 22 82 119 15 58 80 28 122 136 112 78 96 73 88 18 24 42 90 77 94 105 129 123 55 14 108 32 71 104 79 21 124 54 102 8 27 117 83 6 57 11 100 41 85 81 121 44 60 140 12 84 36 133 127 2 75 87 143 130 17 43 70 97 89 67 62 146 1 131 26 34 3 126 91 114 30 95 7 69 128 4 92 61 23 120 134 115 
68 99 37 111 74 64 53 101 138 109 68 65 46 144 93 22 82 119 15 58 80 28 122 136 112 78 96 73 88 18 24 42 90 77 94 105 129 123 55 14 108 32 71 104 79 21 124 54 102 8 27 117 83 6 57 11 100 41 85 81 121 44 60 140 12 84 36 133 127 2 75 87 143 130 17 43 70 97 89 67 62 146 1 131 26 34 3 126 91 114 30 95 7 69 128 4 92 61 23 120 134 115 
69 99 37 111 74 64 53 101 138 109 68 65 46 144 93 22 82 119 15 58 80 28 122 136 112 78 96 73 88 18 24 42 90 77 94 105 129 123 55 14 108 32 71 104 79 21 124 54 102 8 27 117 83 6 57 11 100 41 85 81 121 44 60 140 12 84 36 133 127 2 75 87 143 130 17 43 70 97 89 67 62 146 1 131 26 34 3 126 91 114 30 95 7 69 128 4 92 61 23 120 134 115 
70 99 37 111 74 64 53 101 138 109 68 65 46 144 93 22 82 119 15 58 80 28 122 136 112 78 96 73 88 18 24 42 90 77 94 105 129 123 55 14 108 32 71 104 79 21 124 54 102 8 27 117 83 6 57 11 100 41 85 81 121 44 60 140 12 84 36 133 127 2 75 87 143 130 17 43 70 97 89 67 62 146 1 131 26 34 3 126 91 114 30 95 7 69 128 4 92 61 23 120 134 115 
71 99 37 111 74 64 53 101 138 109 68 65 46 144 93 22 82 119 15 58 80 28 122 136 112 78 96 73 88 18 24 42 90 77 94 105 129 123 55 14 108 32 104 71 79 21 124 54 102 8 27 117 83 6 57 11 100 41 85 81 121 44 60 140 12 84 36 133 127 2 75 87 143 130 17 43 70 97 89 67 62 146 1 131 26 34 3 126 91 114 30 95 7 69 128 4 92 61 23 120 134 115 
72 99 37 111 74 64 53 101 138 109 68 65 46 144 93 22 82 119 15 58 80 28 122 136 112 78 96 73 88 18 24 42 90 77 94 105 129 123 55 14 108 32 71 104 79 21 124 54 102 8 27 117 83 6 57 11 100 41 85 81 121 44 60 140 12 84 36 133 127 2 75 87 143 130 17 43 70 97 89 67 62 146 1 131 26 34 3 126 91 114 30 95 7 69 128 4 92 61 23 120 134 115 
73 99 37 111 74 64 53 101 138 109 68 65 46 144 93 22 82 119 15 58 80 28 122 136 112 78 96 73 88 18 24 42 90 77 94 105 129 123 55 14 108 32 71 104 79 21 124 54 102 8 27 117 83 6 57 11 100 41 85 81 121 44 60 140 12 84 36 133 127 2 75 87 143 130 17 43 70 97 89 67 62 146 1 131 26 34 3 126 91 114 30 95 7 69 128 4 92 61 23 120 134 115 
74 99 37 111 74 64 53 101 138 109 68 65 46 144 93 22 82 119 15 58 80 28 122 136 112 78 96 73 88 18 24 42 90 77 94 105 129 123 55 14 108 32 71 104 79 21 124 54 102 8 27 117 83 6 57 11 100 41 85 81 121 44 60 140 12 84 36 133 127 2 75 87 143 130 17 43 70 97 89 67 62 146 1 131 26 34 3 126 91 114 30 95 7 69 128 4 92 61 23 120 134 115 
75 99 37 111 74 64 53 101 138 109 68 65 46 144 93 22 82 119 15 58 80 28 122 136 112 78 96 73 88 18 24 42 90 94 105 129 123 55 14 108 32 71 104 79 21 124 54 102 8 27 117 83 6 57 11 100 41 85 81 121 44 60 140 12 84 36 133 127 2 75 87 143 130 17 43 70 97 89 67 62 146 1 131 26 34 3 126 91 114 30 95 7 69 128 4 92 61 23 120 134 115 
76 99 37 111 74 64 53 101 138 109 68 65 46 144 93 22 82 119 15 58 80 28 122 136 112 78 96 73 88 18 24 42 90 94 105 129 123 55 14 108 32 71 104 79 21 124 54 102 8 27 117 83 6 57 11 100 41 85 81 121 44 60 140 12 84 36 133 127 2 75 87 143 130 17 43 70 97 89 67 62 146 1 131 26 34 3 126 91 114 30 95 7 69 128 4 92 61 23 120 134 115 
77 99 37 111 74 64 53 101 138 109 68 65 46 144 93 22 82 119 15 58 80 28 122 136 112 78 96 73 88 18 24 42 90 77 94 105 129 123 55 14 108 32 71 104 79 21 124 54 102 8 27 117 83 6 57 11 100 41 85 81 121 44 60 140 12 84 36 133 127 2 87 143 130 17 43 70 97 89 67 62 146 1 131 26 34 3 126 91 114 30 95 7 69 128 4 92 61 23 120 134 115 
78 99 37 111 74 64 53 101 138 109 68 65 46 144 93 22 82 119 15 58 80 28 122 136 112 96 78 73 88 18 24 42 90 77 94 105 129 123 55 14 108 32 71 104 79 21 124 54 102 8 27 117 83 6 57 11 100 41 85 81 121 44 60 140 12 84 36 133 127 2 75 87 143 130 17 43 70 97 89 67 62 146 1 131 26 34 3 126 91 114 30 95 7 69 128 4 92 61 23 120 134 115 
79 99 37 111 74 64 53 101 138 109 68 65 46 144 93 22 82 119 15 58 80 28 122 136 112 78 96 73 88 18 24 42 90 77 94 105 129 123 55 14 108 32 71 104 79 21 124 54 102 8 27 117 83 6 57 11 100 41 85 81 121 44 60 140 12 84 36 133 127 2 75 87 143 130 17 43 70 97 89 67 62 146 1 131 26 34 3 126 91 114 30 95 7 69 128 4 92 61 23 120 134 115 
80 99 37 111 74 64 53 101 138 109 68 65 46 144 93 22 82 119 15 58 80 28 122 136 112 78 96 73 88 18 24 42 90 77 94 105 129 123 55 14 108 32 71 104 79 21 124 54 102 8 27 117 83 6 57 11 100 41 85 81 121 44 60 140 12 84 36 133 127 2 75 87 143 130 17 43 70 97 89 67 62 146 1 131 26 34 3 126 91 114 30 95 7 69 128 4 92 61 23 120 134 115 
81 99 37 111 74 64 53 101 138 109 68 65 46 144 93 22 82 119 15 58 80 28 122 136 112 78 96 73 88 18 24 42 90 77 94 105 129 123 55 14 108 32 71 104 79 21 124 54 102 8 27 117 83 6 57 11 100 41 85 81 121 44 60 140 12 84 36 133 127 2 75 87 143 130 17 43 70 97 89 67 62 146 1 131 26 34 3 126 91 114 30 95 7 69 128 4 92 61 23 120 134 115 
82 99 37 111 74 64 53 101 138 109 68 65 46 144 93 22 119 15 82 58 80 28 122 136 112 78 96 73 88 18 24 42 90 77 94 105 129 123 55 14 108 32 71 104 79 21 124 54 102 8 27 117 83 6 57 11 100 41 85 81 121 44 60 140 12 84 36 133 127 2 75 87 143 130 17 43 70 97 89 67 62 146 1 131 26 34 3 126 91 114 30 95 7 69 128 4 92 61 23 120 134 115 
83 99 37 111 74 64 53 101 138 109 68 65 46 144 93 22 82 119 15 58 80 28 122 136 112 78 96 73 88 18 24 42 90 77 94 105 129 123 55 14 108 32 71 104 79 21 124 54 102 8 27 117 83 6 57 11 100 41 85 81 121 44 60 140 12 84 36 133 127 2 75 87 143 130 17 43 70 97 89 67 62 146 1 131 26 34 3 126 91 114 30 95 7 69 128 4 92 61 23 120 134 115 
84 99 37 111 74 64 53 101 138 109 68 65 46 144 93 22 82 119 15 58 80 28 122 136 112 78 96 73 88 18 24 42 90 77 94 105 129 123 55 14 108 32 71 104 79 21 124 54 102 8 27 117 83 6 57 11 100 41 85 81 121 44 60 140 12 84 36 133 127 2 75 87 143 130 17 43 70 97 89 67 62 146 1 131 26 34 3 126 91 114 30 95 7 69 128 4 92 61 23 120 134 115 
85 99 37 111 74 64 53 101 138 109 68 65 46 144 93 22 82 119 15 58 80 28 122 136 112 78 96 73 88 18 24 42 90 77 94 105 129 123 55 14 108 32 71 104 79 21 124 54 102 8 27 117 83 6 57 11 100 41 85 81 121 44 60 140 12 84 36 133 127 2 75 87 143 130 17 43 70 97 89 67 62 146 1 131 26 34 3 126 91 114 30 95 7 69 128 4 92 61 23 120 134 115 
86 99 37 111 74 64 53 101 138 109 68 65 46 144 93 22 82 119 15 58 80 28 122 136 112 78 96 73 88 18 24 42 90 77 94 105 129 123 55 14 108 32 71 104 79 21 124 54 102 8 27 117 83 6 57 11 100 41 85 81 121 44 60 140 12 84 36 133 127 2 75 87 143 130 17 43 70 97 89 67 62 146 1 131 26 34 3 126 91 114 30 95 7 69 128 4 92 61 23 120 134 115 
87 99 37 111 74 64 53 101 138 109 68 65 46 144 93 22 82 119 15 58 80 28 122 136 112 78 96 73 88 18 24 42 90 77 94 105 129 123 55 14 108 32 71 104 79 21 124 54 102 8 27 117 83 6 57 11 100 41 85 81 121 44 60 140 12 84 36 133 127 2 75 87 143 130 17 43 70 97 89 67 62 146 1 131 26 34 3 126 91 114 30 95 7 69 128 4 92 61 23 120 134 115 
88 99 37 111 74 64 53 101 138 109 68 65 46 144 93 22 82 119 15 58 80 28 122 136 112 78 96 73 88 18 24 42 90 77 94 105 129 123 55 14 108 32 71 104 79 21 124 54 102 8 27 117 83 6 57 11 100 41 85 81 121 44 60 140 12 84 36 133 127 2 75 87 143 130 17 43 70 97 89 67 62 146 1 131 26 34 3 126 91 114 30 95 7 69 128 4 92 61 23 120 134 115 
89 99 37 111 74 64 53 101 138 109 68 65 46 144 93 22 82 119 15 58 80 28 122 136 112 78 96 73 88 18 24 42 90 77 94 105 129 123 55 14 108 32 71 104 79 21 124 54 102 8 27 117 83 6 57 11 100 41 85 81 121 44 60 140 12 84 36 133 127 2 75 87 143 130 17 43 70 97 89 67 62 146 1 131 26 34 3 126 91 30 95 7 69 128 4 92 61 23 120 134 115 
90 99 37 111 74 64 53 101 138 109 68 65 46 144 93 22 82 119 15 58 80 28 122 136 112 78 96 73 88 18 24 42 90 77 94 105 129 123 55 14 108 32 71 104 79 21 124 54 102 8 27 83 6 57 11 100 41 85 81 121 44 60 140 12 84 36 133 127 2 75 87 143 130 17 43 70 97 89 67 62 146 1 131 26 34 3 126 91 30 95 7 69 128 4 92 61 23 120 134 
91 99 37 111 74 64 53 101 138 109 68 65 46 144 93 22 82 119 15 58 80 28 122 136 112 78 96 73 88 18 24 42 90 77 94 105 129 123 55 14 108 32 71 104 79 21 124 54 102 8 27 83 6 57 11 100 41 85 81 121 44 60 140 12 84 36 133 127 2 75 87 143 130 17 43 70 97 89 67 62 146 1 131 26 34 3 126 91 30 95 7 69 128 4 92 61 23 120 134 
92 99 37 111 74 64 53 101 138 109 68 65 46 144 93 22 82 119 15 58 80 28 122 136 112 78 96 73 88 18 24 42 90 77 94 105 129 123 55 14 108 32 71 104 79 21 124 54 102 8 27 83 6 57 11 100 41 85 81 121 44 60 140 12 84 36 133 127 2 75 87 143 130 17 43 70 97 89 67 62 146 1 131 26 34 3 126 91 30 95 7 69 128 4 92 61 23 120 134 
93 99 37 111 74 64 53 101 138 109 68 65 46 144 93 22 82 119 15 58 80 28 122 136 112 78 96 73 88 18 24 42 90 77 94 105 129 123 55 14 108 32 71 104 79 21 124 54 102 8 27 83 6 57 11 100 41 85 81 121 44 60 140 12 84 36 133 127 2 75 87 143 130 17 43 70 97 89 67 62 146 1 131 26 34 3 126 91 30 95 7 69 128 4 92 61 23 120 134 
94 99 37 111 74 64 53 101 138 109 68 65 46 144 93 22 82 119 15 58 80 28 122 136 112 78 96 73 88 18 24 42 90 77 94 105 129 123 55 14 108 32 71 104 79 21 124 54 102 8 27 83 6 57 11 100 41 85 81 121 44 60 140 12 84 36 133 127 2 75 87 143 130 17 43 70 97 89 67 62 146 1 131 26 34 3 126 91 30 95 7 69 128 4 92 61 23 120 134 
95 99 37 111 74 64 53 101 138 109 68 65 46 144 93 22 82 119 15 58 80 28 122 136 112 78 96 73 88 18 24 42 90 77 94 105 129 123 55 14 108 32 71 104 79 21 124 54 102 8 27 83 6 57 11 100 41 85 81 121 44 60 140 12 84 36 133 127 2 75 87 143 130 17 43 70 97 89 67 62 146 1 131 26 34 3 126 91 30 95 7 69 128 4 92 61 23 120 134 
96 99 37 111 74 64 53 101 138 109 68 65 46 144 93 22 82 119 15 58 80 28 122 136 112 78 96 73 88 18 24 42 90 77 94 105 129 123 55 14 108 32 71 104 79 21 124 54 102 8 27 83 6 57 11 100 41 85 81 121 44 60 140 12 84 36 133 127 2 75 87 143 130 17 43 70 97 89 67 62 146 1 131 26 34 3 126 91 30 95 7 69 128 4 92 61 23 120 134 
97 99 37 111 74 64 53 101 138 109 68 65 46 144 93 22 82 119 15 58 80 28 122 136 112 78 96 73 88 18 24 42 90 77 94 105 129 123 55 14 108 32 71 104 79 21 124 54 102 8 27 83 6 57 11 100 41 85 81 121 44 60 140 12 84 36 133 127 2 75 87 143 130 17 43 70 97 89 67 62 146 1 131 26 34 3 126 91 30 95 7 69 128 4 92 61 23 120 134 
98 99 37 111 74 64 53 101 138 109 68 65 46 144 93 22 82 119 15 58 80 28 122 136 112 78 96 73 88 18 24 42 90 77 94 105 129 123 55 14 108 32 71 104 79 21 124 54 102 8 27 83 6 57 11 100 41 85 81 121 44 60 140 12 84 36 133 127 2 75 87 143 130 17 43 70 97 89 67 62 146 1 131 26 34 3 126 91 30 95 7 69 128 4 92 61 23 120 134 
99 99 37 111 74 64 53 101 138 109 68 65 46 144 93 22 82 119 15 58 80 28 122 136 112 78 96 73 88 18 24 42 90 77 94 105 129 123 55 14 108 32 71 104 79 21 124 54 102 8 27 83 6 57 11 100 41 85 81 121 44 60 140 12 84 36 133 127 2 75 87 143 130 17 43 70 97 89 67 62 146 1 131 26 34 3 126 91 30 95 7 69 128 4 92 61 23 120 134 
100 99 37 111 74 64 53 101 138 109 68 65 46 144 93 22 82 119 15 58 80 28 122 136 112 78 96 73 88 18 24 42 90 77 94 105 129 123 55 14 108 32 71 104 79 21 124 54 102 8 27 83 6 57 11 100 41 85 81 121 44 60 140 12 84 36 133 127 2 75 87 143 130 17 43 70 97 89 67 62 146 1 131 26 34 3 126 91 30 95 7 69 128 4 92 61 23 120 134 
101 99 37 111 74 64 53 101 138 109 68 65 46 144 93 22 82 119 15 58 80 28 122 136 112 78 96 73 88 18 24 42 90 77 94 105 129 123 55 14 108 32 71 104 79 21 124 54 102 8 27 83 6 57 11 100 41 85 81 121 44 60 140 12 84 36 133 127 2 75 87 143 130 17 43 70 97 89 67 62 146 1 131 26 34 3 126 91 30 95 7 69 128 4 92 61 23 120 134 
102 99 37 111 74 64 53 101 138 109 68 65 46 144 93 22 82 119 15 58 80 28 122 136 112 78 96 73 88 18 24 42 90 77 94 105 129 123 55 14 108 32 71 104 79 21 124 54 102 8 27 83 6 57 11 100 41 85 81 121 44 60 140 12 84 36 133 127 2 75 87 143 130 17 43 70 97 89 67 62 146 1 131 26 34 3 126 91 30 95 7 69 128 4 92 61 23 120 134 
103 99 37 111 74 64 53 101 138 109 68 65 46 144 93 22 82 119 15 58 80 28 122 136 112 78 96 73 88 18 24 42 90 77 94 105 129 123 55 14 108 32 71 104 79 21 124 54 102 8 27 83 6 57 11 100 41 85 81 121 44 60 140 12 84 36 133 127 2 75 87 143 130 17 43 70 97 89 67 62 146 1 131 26 34 3 126 91 30 95 7 69 128 4 92 61 23 120 134 
104 99 37 111 74 64 53 101 109 138 68 65 46 144 93 22 82 119 15 58 80 28 122 136 112 78 96 73 88 18 24 42 90 77 94 105 129 123 55 14 108 32 71 104 79 21 124 54 102 8 117 27 83 6 57 11 100 41 85 81 121 44 60 140 12 84 36 133 127 2 75 87 143 130 17 43 70 97 89 67 62 146 1 131 26 34 3 126 91 114 30 95 7 69 128 4 92 61 23 120 134 115 
105 99 37 111 74 64 53 101 109 138 68 65 46 144 93 22 82 119 15 58 80 28 122 136 112 78 96 73 88 18 24 42 90 77 94 105 129 123 55 14 108 32 71 104 79 21 124 54 102 8 117 27 83 6 57 11 100 41 85 81 121 44 60 140 12 84 36 133 127 2 75 87 143 130 17 43 70 97 89 67 62 146 1 131 26 34 3 126 91 114 30 95 7 69 128 4 92 61 23 120 134 115 
106 99 37 111 74 64 53 101 109 138 68 65 46 144 93 22 82 119 15 58 80 28 122 136 112 78 96 73 88 18 24 42 90 77 94 105 129 123 55 14 108 32 71 104 79 21 124 54 102 8 117 27 83 6 57 11 100 41 85 81 121 44 60 140 12 84 36 133 127 2 75 87 143 130 17 43 70 97 89 67 62 146 1 131 26 34 3 126 91 114 30 95 7 69 128 4 92 61 23 120 134 115 
107 99 37 111 74 64 53 101 109 138 68 65 46 144 93 22 82 119 15 58 80 28 122 136 112 78 96 73 88 18 24 42 90 77 94 105 129 123 55 14 108 32 71 104 79 21 124 54 102 8 117 27 83 6 57 11 100 41 85 81 121 44 60 140 12 84 36 133 127 2 75 87 143 130 17 43 70 97 89 67 62 146 1 131 26 34 3 126 91 114 30 95 7 69 128 4 92 61 23 120 134 115 
108 99 37 111 74 64 53 101 109 138 68 65 46 144 93 22 82 119 15 58 80 28 122 136 112 78 96 73 88 18 24 42 90 77 94 105 129 123 55 14 108 32 71 104 79 21 124 54 102 8 117 27 83 6 57 11 100 41 85 81 121 44 60 140 12 84 36 133 127 2 75 87 143 130 17 43 70 97 89 67 62 146 1 131 26 34 3 126 91 114 30 95 7 69 128 4 92 61 23 120 134 115 
109 99 37 111 74 64 53 101 138 109 68 65 46 144 93 22 82 119 15 58 80 28 122 136 112 78 96 73 88 18 24 42 90 77 94 105 129 123 55 14 108 32 71 104 79 21 124 54 102 8 117 27 83 6 57 11 100 41 85 81 121 44 60 140 12 84 36 133 127 2 75 87 143 130 17 43 70 97 89 67 62 146 1 131 26 34 3 126 91 114 30 95 7 69 128 4 92 61 23 120 134 115 
110 99 37 111 74 64 53 101 109 138 68 65 46 144 93 22 82 119 15 58 80 28 122 136 112 78 96 73 88 18 24 42 90 77 94 105 129 123 55 14 108 32 71 104 79 21 124 54 102 8 117 27 83 6 57 11 100 41 85 81 121 44 60 140 12 84 36 133 127 2 75 87 143 130 17 43 70 97 89 67 62 146 1 131 26 34 3 126 91 114 30 95 7 69 128 4 92 61 23 120 134 115 
111 99 37 111 74 64 53 101 109 138 68 65 46 144 93 22 82 119 15 58 80 28 122 136 112 78 96 73 88 18 24 42 90 77 94 105 129 123 55 14 108 32 71 104 79 21 124 54 102 8 117 27 83 6 57 11 100 41 85 81 121 44 60 140 12 84 36 133 127 2 75 87 143 130 17 43 70 97 89 67 62 146 1 131 26 34 3 126 91 114 30 95 7 69 128 4 92 61 23 120 134 115 
112 99 37 111 74 64 53 101 109 138 68 65 46 144 93 22 82 119 15 58 80 28 122 136 112 78 96 73 88 18 24 42 90 77 94 105 129 123 55 14 108 32 71 104 79 21 124 54 102 8 117 27 83 6 57 11 100 41 85 81 121 44 60 140 12 84 36 133 127 2 75 87 143 130 17 43 70 97 89 67 62 146 1 131 26 34 3 126 91 114 30 95 7 69 128 4 92 61 23 120 134 115 
113 99 37 111 74 64 53 101 109 138 68 65 46 144 93 22 82 119 15 58 80 28 122 136 112 78 96 73 88 18 24 42 90 77 94 105 129 123 55 14 108 32 71 104 79 21 124 54 102 8 117 27 83 6 57 11 100 41 85 81 121 44 60 140 12 84 36 133 127 2 75 87 143 130 17 43 70 97 89 67 62 146 1 131 26 34 3 126 91 114 30 95 7 69 128 4 92 61 23 120 134 115 
114 99 37 111 74 64 53 101 109 138 68 65 46 144 93 22 82 119 15 58 80 28 122 136 112 78 96 73 88 18 24 42 90 77 94 105 129 123 55 14 108 32 71 104 79 21 124 54 102 8 117 27 83 6 57 11 100 41 85 81 121 44 60 140 12 84 36 133 127 2 75 87 143 130 17 43 70 97 67 62 146 1 131 26 34 3 126 91 114 30 95 7 69 128 4 92 61 23 120 134 115 
115 99 37 111 74 64 53 101 109 138 68 65 46 144 93 22 82 119 15 58 80 28 122 136 112 78 96 73 88 18 24 42 77 94 105 129 123 55 14 108 32 71 104 79 21 124 54 102 8 27 83 6 57 11 100 41 85 81 121 44 60 140 12 84 36 133 127 2 75 87 143 130 17 43 70 97 67 62 146 1 131 26 34 3 126 91 114 30 95 7 69 128 4 92 61 23 120 134 115 
116 99 37 111 74 64 53 101 109 138 68 65 46 144 93 22 82 119 15 58 80 28 122 136 112 78 96 73 88 18 24 42 77 94 105 129 123 55 14 108 32 71 104 79 21 124 54 102 8 27 83 6 57 11 100 41 85 81 121 44 60 140 12 84 36 133 127 2 75 87 143 130 17 43 70 97 67 62 146 1 131 26 34 3 126 91 114 30 95 7 69 128 4 92 61 23 120 134 115 
117 99 37 111 74 64 53 101 109 138 68 65 46 144 93 22 82 119 15 58 80 28 122 136 112 78 96 73 88 18 24 42 77 94 105 129 123 55 14 108 32 71 104 79 21 124 54 102 8 27 117 83 6 57 11 100 41 85 81 121 44 60 140 12 84 36 133 127 2 75 87 143 130 17 43 70 97 89 67 62 146 1 131 26 34 3 126 91 114 30 95 7 69 128 4 92 61 23 120 134 
118 99 37 111 74 64 53 101 109 138 68 65 46 144 93 22 82 119 15 58 80 28 122 136 112 78 96 73 88 18 24 42 77 94 105 129 123 55 14 108 32 71 104 79 21 124 54 102 8 117 27 83 6 57 11 100 41 85 81 121 44 60 140 12 84 36 133 127 2 75 87 143 130 17 43 70 97 89 67 62 146 1 131 26 34 3 126 91 114 30 95 7 69 128 4 92 61 23 120 134 
119 99 37 111 74 64 53 101 109 138 68 65 46 144 93 22 82 15 119 58 80 28 122 136 112 78 96 73 88 18 24 42 90 77 94 105 129 123 55 14 108 32 71 104 79 21 124 54 102 8 117 27 83 6 57 11 100 41 85 81 121 44 60 140 12 84 36 133 127 2 75 87 143 130 17 43 70 97 89 67 62 146 1 131 26 34 3 126 91 114 30 95 7 69 128 4 92 61 23 120 134 115 
120 99 37 111 74 64 53 101 109 138 68 65 46 144 93 22 82 119 15 58 80 28 122 136 112 78 96 73 88 18 24 42 90 77 94 105 129 123 55 14 108 32 71 104 79 21 124 54 102 8 117 27 83 6 57 11 100 41 85 81 121 44 60 140 12 84 36 133 127 2 75 87 143 130 17 43 70 97 89 67 62 146 1 131 26 34 3 126 91 114 30 95 7 69 128 4 92 61 23 134 120 115 
121 99 37 111 74 64 53 101 109 138 68 65 46 144 93 22 82 119 15 58 80 28 122 136 112 78 96 73 88 18 24 42 90 77 94 105 129 123 55 14 108 32 71 104 79 21 124 54 102 8 117 27 83 6 57 11 100 41 85 81 121 44 60 140 12 84 36 133 127 2 75 87 143 130 17 43 70 97 89 67 62 146 1 131 26 34 3 126 91 114 30 95 7 69 128 4 92 61 23 120 134 115 
122 99 37 111 74 64 53 101 109 138 68 65 46 144 93 22 82 119 15 58 80 28 136 122 112 78 96 73 88 18 24 42 90 77 94 105 129 123 55 14 108 32 71 104 79 21 124 54 102 8 117 27 83 6 57 11 100 41 85 81 121 44 60 140 12 84 36 133 127 2 75 87 143 130 17 43 70 97 89 67 62 146 1 131 26 34 3 126 91 114 30 95 7 69 128 4 92 61 23 120 134 115 
123 99 37 111 74 64 53 101 109 138 68 65 46 144 93 22 82 119 15 58 80 28 122 136 112 78 96 73 88 18 24 42 90 77 94 105 129 123 55 14 108 32 71 104 79 21 124 54 102 8 117 27 83 6 57 11 100 41 85 81 121 44 60 140 12 84 36 133 127 2 75 87 143 130 17 43 70 97 89 67 62 146 1 131 26 34 3 126 91 114 30 95 7 69 128 4 92 61 23 120 134 115 
124 99 37 111 74 64 53 101 109 138 68 65 46 144 93 22 82 119 15 58 80 28 122 136 112 78 96 73 88 18 24 42 90 77 94 105 129 123 55 14 108 32 71 104 79 21 124 54 102 8 117 27 83 6 57 11 100 41 85 81 121 44 60 140 12 84 36 133 127 2 75 87 143 130 17 43 70 97 89 67 62 146 1 131 26 34 3 126 91 114 30 95 7 69 128 4 92 61 23 120 134 115 
125 99 37 111 74 64 53 101 109 138 68 65 46 144 93 22 82 119 15 58 80 28 122 136 112 78 96 73 88 18 24 42 90 77 94 105 129 123 55 14 108 32 71 104 79 21 124 54 102 8 117 27 83 6 57 11 100 41 85 81 121 44 60 140 12 84 36 133 127 2 75 87 143 130 17 43 70 97 89 67 62 146 1 131 26 34 3 126 91 114 30 95 7 69 128 4 92 61 23 120 134 115 
126 99 37 111 74 64 53 101 109 138 68 65 46 144 93 22 82 119 15 58 80 28 122 136 112 78 96 73 88 18 24 42 90 77 94 105 129 123 55 14 108 32 71 104 79 21 124 54 102 8 117 27 83 6 57 11 100 41 85 81 121 44 60 140 12 84 36 133 127 2 75 87 143 130 17 43 70 97 89 67 62 146 1 131 26 34 3 126 91 114 30 95 7 69 128 4 92 61 23 120 134 115 
127 99 37 111 74 64 53 101 109 138 68 65 46 144 93 22 82 119 15 58 80 28 122 136 112 78 96 73 88 18 24 42 90 77 94 105 129 123 55 14 108 32 71 104 79 21 124 54 102 8 117 27 83 6 57 11 100 41 85 81 121 44 60 140 12 84 36 133 127 2 75 87 143 130 17 43 70 97 89 67 62 146 1 131 26 34 3 126 91 114 30 95 7 69 128 4 92 61 23 120 134 115 
128 99 37 111 74 64 53 101 109 138 68 65 46 144 93 22 82 119 15 58 80 28 122 136 112 78 96 73 88 18 24 42 90 77 94 105 129 123 55 14 108 32 71 104 79 21 124 54 102 8 117 27 83 6 57 11 100 41 85 81 121 44 60 140 12 84 36 133 127 2 75 87 143 130 17 43 70 97 89 67 62 146 1 131 26 34 3 126 91 114 30 95 7 69 128 4 92 61 23 120 134 115 
129 99 37 111 74 64 53 101 109 138 68 65 46 144 93 22 82 119 15 58 80 28 122 136 112 78 96 73 88 18 24 42 90 77 94 105 129 123 55 14 108 32 71 104 79 21 124 54 102 8 117 27 83 6 57 11 100 41 85 81 121 44 60 140 12 84 36 133 127 2 75 87 143 130 17 43 70 97 89 67 62 146 1 131 26 34 3 126 91 114 30 95 7 69 128 4 92 61 23 120 134 115 
130 99 37 111 74 64 53 101 109 138 68 65 46 144 93 22 82 119 15 58 80 28 122 136 112 78 96 73 88 18 24 42 90 77 94 105 129 123 55 14 108 32 71 104 79 21 124 54 102 8 117 27 83 6 57 11 100 41 85 81 121 44 60 140 12 84 36 133 127 2 75 87 143 130 17 43 70 97 89 67 62 146 1 131 26 34 3 126 91 114 30 95 7 69 128 4 92 61 23 120 134 115 
131 99 37 111 74 64 53 101 109 138 68 65 46 144 93 22 82 119 15 58 80 28 122 136 112 78 96 73 88 18 24 42 90 77 94 105 129 123 55 14 108 32 71 104 79 21 124 54 102 8 117 27 83 6 11 100 41 85 81 121 44 60 140 12 84 36 127 2 75 87 143 130 17 43 70 97 89 67 62 146 1 131 26 34 3 126 91 114 30 95 7 69 128 4 92 61 23 120 134 115 
132 99 37 111 74 64 53 101 109 138 68 65 46 144 93 22 82 119 15 58 80 28 122 136 112 78 96 73 88 18 24 42 90 77 94 105 129 123 55 14 108 32 71 104 79 21 124 54 102 8 117 27 83 6 57 11 100 41 85 81 121 44 60 140 12 84 36 133 127 2 75 87 143 130 17 43 70 97 89 67 62 146 1 131 26 34 3 126 91 114 30 95 7 69 128 4 92 61 23 120 134 115 
133 99 37 111 74 64 53 101 109 138 68 65 46 144 93 22 82 119 15 58 80 28 122 136 112 78 96 73 88 18 24 42 90 77 94 105 129 123 55 14 108 32 71 104 79 21 124 54 102 8 117 27 83 6 11 100 41 85 81 121 44 60 140 12 84 36 133 127 2 75 87 143 130 17 43 70 97 89 67 62 146 1 26 34 3 126 91 114 30 95 7 69 128 4 92 61 23 120 134 115 
134 99 37 111 74 64 53 101 109 138 68 65 46 144 93 22 82 119 15 80 28 122 136 112 78 96 73 88 18 24 42 90 77 94 105 129 123 55 14 108 32 71 104 79 21 124 54 102 8 117 27 83 6 57 11 100 41 85 81 121 44 60 140 12 84 36 133 127 2 75 87 143 130 17 43 70 97 89 67 62 146 1 131 26 34 3 126 91 114 30 95 7 69 128 4 92 61 23 120 134 115 
135 99 37 111 74 64 53 101 109 138 68 65 46 144 93 22 82 119 15 80 28 122 136 112 78 96 73 88 18 24 42 90 77 94 105 129 123 55 14 108 32 71 104 79 21 124 54 102 8 117 27 83 6 57 11 100 41 85 81 121 44 60 140 12 84 36 133 127 2 75 87 143 130 17 43 70 97 89 67 62 146 1 131 26 34 3 126 91 114 30 95 7 69 128 4 92 61 23 120 134 115 
136 99 37 111 74 64 53 101 138 109 68 65 46 144 93 22 82 119 15 58 80 28 122 136 112 78 96 73 88 18 24 42 90 77 94 105 129 123 55 14 108 32 71 104 79 21 124 54 102 8 27 117 83 6 57 11 100 41 85 81 121 44 60 140 12 84 36 133 127 2 75 87 143 130 17 43 70 97 89 67 62 146 1 131 26 34 3 126 91 114 30 95 7 69 128 4 92 61 23 120 134 115 
137 99 37 111 74 64 53 101 138 109 68 65 46 144 93 22 82 119 15 58 80 28 136 122 112 78 96 73 88 18 24 42 90 77 94 105 129 123 55 14 108 32 71 104 79 21 124 54 102 8 27 117 83 6 57 11 100 41 85 81 121 44 60 140 12 84 36 133 127 2 75 87 143 130 17 43 70 97 89 67 62 146 1 131 26 34 3 126 91 114 30 95 7 69 128 4 92 61 23 120 134 115 
138 99 37 111 74 64 53 101 109 138 68 49 65 46 144 93 22 15 82 119 58 80 28 136 122 112 78 96 73 88 18 24 42 90 77 94 105 129 123 55 14 108 32 71 104 79 21 124 54 102 8 27 117 83 6 57 11 100 41 85 81 121 44 60 140 12 39 84 36 133 127 2 75 87 143 130 17 43 50 70 97 89 67 62 146 1 131 26 34 3 126 91 114 30 95 7 69 128 4 92 40 61 23 120 134 115 
139 99 37 111 74 64 53 101 138 109 68 49 65 46 144 93 22 15 82 119 58 80 28 136 122 112 78 96 73 88 18 24 42 90 77 94 105 129 123 55 14 108 32 71 104 79 21 124 54 102 8 27 117 83 6 57 11 100 41 85 81 121 44 60 140 12 39 84 36 133 127 2 75 87 143 130 17 43 50 70 97 89 67 62 146 1 131 26 34 3 126 91 114 30 95 7 69 128 4 92 40 61 23 120 134 115 
140 99 37 111 74 64 53 101 138 109 68 49 65 46 144 93 22 15 82 119 58 80 28 136 122 112 78 96 73 88 18 24 42 90 77 94 105 129 123 55 14 108 32 71 104 79 21 124 54 102 8 27 117 83 6 57 11 100 41 85 81 121 44 60 140 12 39 84 36 133 127 2 75 87 143 130 17 43 50 70 97 89 67 62 146 1 131 26 34 3 126 91 114 30 95 7 69 128 4 92 40 61 23 120 134 115 
141 99 37 111 74 64 53 101 138 109 68 49 65 46 144 93 22 15 82 119 58 80 28 136 122 112 78 96 73 88 18 24 42 90 77 94 105 129 123 55 14 108 32 71 104 79 21 124 54 102 8 27 117 83 6 57 11 100 41 85 81 121 44 60 140 12 39 84 36 133 127 2 75 87 143 130 17 43 50 70 97 89 67 62 146 1 131 26 34 3 126 91 114 30 95 7 69 128 4 92 40 61 23 120 134 115 
142 99 37 111 74 64 53 101 138 109 68 49 65 46 144 93 22 15 82 119 58 80 28 136 122 112 78 96 73 88 18 24 42 90 77 94 105 129 123 55 14 108 32 71 104 79 21 124 54 102 8 27 117 83 6 57 11 100 41 85 81 121 44 60 140 12 39 84 36 133 127 2 75 87 143 130 17 43 50 70 97 89 67 62 146 1 131 26 34 3 126 91 114 30 95 7 69 128 4 92 40 61 23 120 134 115 
143 99 37 111 74 64 53 101 138 109 68 49 65 46 144 93 22 15 82 119 58 80 28 136 122 112 78 96 73 88 18 24 42 90 77 94 105 129 123 55 14 108 32 71 104 79 21 124 54 102 8 27 117 83 6 57 11 100 41 85 81 121 44 60 140 12 39 84 36 133 127 2 75 87 143 130 17 43 50 70 97 89 67 62 146 1 131 26 34 3 126 91 114 30 95 7 69 128 4 92 40 61 23 120 134 115 
144 99 37 111 74 64 53 101 138 109 68 49 65 46 144 93 22 15 82 119 58 80 28 136 122 112 78 96 73 88 18 24 42 90 77 94 105 129 123 55 14 108 32 71 104 79 21 124 54 102 8 27 117 83 6 57 11 100 41 85 81 121 44 60 140 12 39 84 36 133 127 2 75 87 143 130 17 43 50 70 97 89 67 62 146 1 131 26 34 3 126 91 114 30 95 7 69 128 4 92 40 61 23 120 134 115 
145 99 37 111 74 64 53 101 138 109 68 49 65 46 144 93 22 15 82 119 58 80 28 136 122 112 78 96 73 88 18 24 42 90 77 94 105 129 123 55 14 108 32 71 104 79 21 124 54 102 8 27 117 83 6 57 11 100 41 85 81 121 44 60 140 12 39 84 36 133 127 2 75 87 143 130 17 43 50 70 97 89 67 62 146 1 131 26 34 3 126 91 114 30 95 7 69 128 4 92 40 61 23 120 134 115 
146 99 37 111 74 64 53 101 138 109 68 49 65 46 144 93 22 15 82 119 58 80 28 136 122 112 78 96 73 88 18 24 42 90 77 94 105 129 123 55 14 108 32 71 104 79 21 124 54 102 8 27 117 83 6 57 11 100 41 85 81 121 44 60 140 12 39 84 36 133 127 2 75 87 143 130 17 50 70 97 89 67 62 146 1 131 26 34 3 126 91 114 30 95 7 69 128 4 92 40 61 23 120 134 115 
147 99 37 111 74 64 53 101 138 109 68 49 65 46 144 93 22 15 82 119 58 80 28 136 122 112 78 96 73 88 18 24 42 90 77 94 105 129 123 55 14 108 32 71 104 79 21 124 54 102 8 27 117 83 6 57 11 100 41 85 81 121 44 60 140 12 39 84 36 133 127 2 75 87 143 130 17 50 70 97 89 67 62 146 1 131 26 34 3 126 91 114 30 95 7 69 128 4 92 40 61 23 120 134 115 
148 99 37 111 74 64 53 101 138 109 68 49 65 46 144 93 22 15 82 119 58 80 28 136 122 112 78 96 73 88 18 24 42 90 77 94 105 129 123 55 14 108 32 71 104 79 21 124 54 102 8 27 117 83 6 57 11 100 41 85 81 121 44 60 140 12 39 84 36 133 127 2 75 87 143 130 17 43 50 70 97 89 67 62 146 1 131 26 34 3 126 91 114 30 95 7 69 128 4 92 40 61 23 120 134 115 
149 99 37 111 74 64 53 101 138 109 68 49 65 46 144 93 22 15 82 119 58 80 28 136 122 112 78 96 73 88 18 24 42 90 77 94 105 129 123 55 14 108 32 71 104 79 21 124 54 102 8 27 117 83 6 57 11 100 41 85 81 121 44 60 140 12 39 84 36 133 127 2 75 87 143 130 17 43 50 70 97 89 67 62 146 1 131 26 34 3 126 91 114 30 95 7 69 128 4 92 40 61 23 120 134 115 
