1 1 
2 2 1 
3 3 2 1 
4 3 2 1 4 
5 5 3 2 1 4 
6 5 3 2 1 4 
7 5 3 2 1 4 7 
8 5 3 2 1 4 7 
9 9 5 3 2 1 4 7 
10 9 5 3 2 1 4 7 
11 9 11 5 3 2 1 4 7 
12 9 11 5 3 2 1 4 7 
13 9 11 5 3 2 13 1 4 7 
14 9 11 5 14 3 2 13 1 4 7 
15 9 11 5 14 3 2 13 1 4 7 
16 9 11 5 14 16 3 2 13 1 4 7 
17 9 11 5 14 16 17 3 2 13 1 4 7 
18 100 108 9 11 77 111 14 53 128 61 92 33 115 37 112 94 64 132 83 130 22 129 118 75 55 114 76 21 46 96 50 121 4 28 5 23 3 29 117 110 25 51 44 126 81 124 125 74 95 18 2 45 67 127 103 57 91 59 98 1 58 97 87 136 39 65 105 27 88 16 17 35 120 89 7 86 49 79 82 84 116 24 63 40 20 54 93 137 13 109 133 68 102 134 
19 100 108 9 11 77 111 14 53 128 61 92 33 115 37 112 94 64 132 83 130 22 129 118 75 55 114 76 21 46 96 50 121 4 28 5 23 3 29 117 110 25 51 44 126 81 124 125 74 95 18 2 45 67 127 103 57 91 59 98 1 58 97 87 136 39 65 105 27 88 16 17 35 120 89 7 86 49 79 82 84 116 24 63 40 20 54 93 137 13 109 133 68 102 134 
20 100 108 9 11 77 111 14 53 128 92 33 115 112 94 64 132 83 130 22 129 118 75 55 114 76 21 46 96 50 121 4 28 5 23 3 29 117 110 25 51 44 126 81 124 125 74 95 18 2 45 67 127 103 57 91 59 98 1 58 97 87 136 39 65 105 27 88 16 17 35 120 89 7 86 49 79 82 84 116 24 63 40 54 93 20 137 13 109 133 68 102 134 
21 100 108 9 11 77 111 14 53 128 92 33 115 112 94 64 132 83 130 22 129 118 75 55 114 76 46 96 21 50 121 4 28 5 23 3 29 117 110 25 51 44 126 81 124 125 74 95 18 2 45 67 127 103 57 91 59 98 1 58 97 87 136 39 65 105 27 88 16 17 35 120 89 7 86 49 79 82 84 116 24 63 40 20 54 93 137 13 109 133 68 102 134 
22 100 108 9 11 77 111 14 53 128 92 33 115 112 94 64 132 83 130 129 22 118 75 55 114 76 21 46 96 50 121 4 28 5 23 3 29 117 110 25 51 44 126 81 124 125 74 95 18 2 45 67 127 103 57 91 59 98 1 58 97 87 136 39 65 105 27 88 16 17 35 120 89 7 86 49 79 82 84 116 24 63 20 54 93 137 13 109 133 68 102 134 
23 100 108 9 11 77 111 14 53 128 92 33 115 112 94 64 132 83 130 22 129 118 75 55 114 76 21 46 96 50 121 4 28 5 23 3 29 117 110 25 51 44 126 81 124 125 74 95 18 2 45 67 127 103 57 91 59 98 1 58 97 87 136 39 65 105 27 88 16 17 35 120 89 7 86 49 79 82 84 116 24 63 40 20 54 93 137 13 109 133 68 102 134 
24 100 108 9 11 77 111 14 53 128 92 33 115 112 94 64 132 83 130 22 129 118 75 55 114 76 21 46 96 50 121 4 28 5 23 3 29 117 110 25 51 44 126 81 124 125 74 95 18 2 45 67 127 103 57 91 59 98 1 58 97 87 136 39 65 105 27 88 16 17 35 120 89 7 86 49 79 82 84 116 63 24 40 20 54 93 137 13 109 133 68 102 134 
25 100 108 9 11 77 111 14 53 128 92 33 115 112 94 64 132 83 130 22 129 118 75 55 114 76 21 46 96 50 121 4 28 5 23 3 29 117 110 51 25 44 126 81 124 125 74 95 18 2 45 67 127 103 57 91 59 98 1 58 97 87 136 39 65 105 27 88 16 17 35 120 89 7 86 49 79 82 84 116 24 63 40 20 54 93 137 13 109 133 68 102 134 
26 100 108 9 11 77 111 14 53 128 92 33 115 112 94 64 132 83 130 22 129 118 75 55 114 76 21 46 96 50 121 4 28 5 23 3 29 117 110 25 51 44 126 81 124 125 74 95 18 2 45 67 127 103 57 91 59 98 1 58 97 87 136 39 65 105 27 88 16 17 35 120 89 7 86 49 79 82 84 116 24 63 40 20 54 93 137 13 109 133 68 102 134 
27 100 108 9 11 77 111 14 53 128 92 33 115 112 94 64 132 83 130 22 129 118 75 55 114 76 21 46 96 50 121 4 28 5 23 3 29 117 110 25 51 44 126 81 124 125 74 95 18 2 45 67 127 103 57 91 59 98 1 58 97 87 136 39 65 105 88 27 16 17 35 120 89 7 86 49 79 82 84 116 24 63 40 20 54 93 137 13 109 133 68 102 134 
28 100 108 9 11 77 111 14 53 128 92 33 115 112 94 64 132 83 130 22 129 118 75 55 114 76 21 46 96 50 121 4 28 5 23 3 29 117 110 25 51 44 126 81 124 125 74 95 18 2 45 67 127 103 57 91 59 98 1 58 97 87 136 39 65 105 27 88 16 17 35 120 89 7 86 49 79 82 84 116 24 63 40 20 93 137 13 109 133 102 134 
29 100 108 9 11 77 111 14 53 128 92 33 115 112 94 64 132 83 130 22 129 118 75 55 114 76 21 46 96 50 121 4 28 5 23 3 117 29 110 25 51 44 126 81 124 125 74 95 18 2 45 67 127 103 57 91 59 98 1 58 97 87 136 39 65 105 27 88 16 17 35 120 89 7 86 49 79 82 84 116 24 63 40 20 93 137 13 109 133 102 134 
30 100 108 9 11 77 111 14 53 128 92 33 115 112 94 64 132 83 130 22 129 118 75 55 114 76 21 46 96 50 121 4 28 5 23 3 29 117 110 25 51 44 126 81 124 125 74 95 18 2 45 67 127 103 57 91 59 98 1 58 97 87 136 39 65 105 27 88 16 17 35 120 89 7 86 49 79 82 84 116 24 63 40 20 93 137 13 109 133 102 134 
31 100 108 9 11 77 111 14 53 128 92 33 115 112 94 64 132 83 130 22 129 118 75 55 114 76 21 46 96 50 121 4 28 5 23 3 29 117 110 25 51 44 126 81 124 125 74 95 18 2 45 67 127 103 57 91 59 98 1 58 97 87 136 39 65 105 27 88 16 17 35 120 89 7 86 49 79 82 84 116 24 63 40 20 93 137 13 109 133 102 134 
32 100 108 9 11 77 111 14 53 128 92 33 115 112 94 64 132 83 130 22 129 118 75 55 114 76 21 46 96 50 121 4 28 5 23 3 29 117 110 25 51 44 126 81 124 125 74 95 18 2 45 67 127 103 57 91 59 98 1 58 97 87 136 39 65 105 27 88 16 17 35 120 89 7 86 49 79 82 84 116 24 63 40 20 93 137 13 109 133 102 134 
33 100 108 9 11 77 111 14 53 128 92 33 115 112 94 64 132 83 130 22 129 118 75 55 114 76 21 46 96 50 121 4 28 5 23 3 29 117 110 25 51 44 126 81 124 125 74 95 18 2 45 67 127 103 57 91 59 98 1 58 97 87 136 39 65 105 27 88 16 17 35 120 89 7 86 49 79 82 84 116 24 63 40 20 93 137 13 109 133 102 134 
34 100 108 9 11 77 111 14 53 128 92 33 115 112 94 64 132 83 130 22 129 118 75 55 114 76 21 46 96 50 121 4 28 5 23 3 29 117 110 25 51 44 126 81 124 125 74 95 18 2 45 67 127 103 57 91 59 98 1 58 97 87 136 39 65 105 27 88 16 17 35 120 89 7 86 49 79 82 84 116 24 63 40 20 93 137 13 109 133 102 134 
35 100 108 9 11 77 111 14 53 128 92 33 115 112 94 64 132 83 130 22 129 118 75 55 114 76 21 46 96 50 121 4 28 5 23 3 29 117 110 25 51 44 126 81 124 125 74 95 18 2 45 67 127 103 57 91 59 98 1 58 97 87 136 39 65 105 27 88 16 17 35 120 89 7 86 49 79 82 84 116 24 63 40 20 93 137 13 109 133 102 134 
36 100 108 9 11 77 111 14 53 128 92 33 115 112 94 64 132 83 130 22 129 118 75 55 114 76 21 46 96 50 121 4 28 5 23 3 29 117 110 25 51 44 126 81 124 125 74 95 18 2 45 67 127 103 57 91 59 98 1 58 97 87 136 39 65 105 27 88 16 17 35 120 89 7 86 49 79 82 84 116 24 63 40 20 93 137 13 109 133 102 134 
37 100 108 9 11 77 111 14 53 128 92 33 115 112 37 94 64 132 83 130 22 129 118 75 55 114 76 21 46 96 50 121 4 28 5 23 3 29 117 110 25 51 44 126 81 124 125 74 95 18 2 45 67 127 103 57 91 59 98 1 58 97 87 136 39 65 105 27 88 16 17 35 120 89 7 86 49 79 82 84 116 24 63 40 93 137 13 109 133 102 134 
38 100 108 9 11 77 111 14 53 128 92 33 115 37 112 94 64 132 83 130 22 129 118 75 55 114 76 21 46 96 50 121 4 28 5 23 3 29 117 110 25 51 44 126 81 124 125 74 95 18 2 45 67 127 103 57 91 59 98 1 58 97 87 136 39 65 105 27 88 16 17 35 120 89 7 86 49 79 82 84 116 24 63 40 93 137 13 109 133 102 134 
39 100 108 9 11 77 111 14 53 128 92 33 115 112 94 64 132 83 130 22 129 118 75 55 114 76 21 46 96 50 121 4 28 5 23 3 29 117 110 25 51 44 126 81 124 125 74 95 18 2 45 67 127 103 57 91 59 98 1 58 97 87 136 39 65 105 27 88 16 17 35 120 89 7 86 49 79 82 84 116 24 63 40 20 93 137 13 109 133 102 134 
40 100 108 9 11 77 111 14 53 128 92 33 115 112 94 64 132 83 130 129 118 75 55 114 76 21 46 96 50 121 4 28 5 23 3 29 117 110 25 51 44 126 81 124 125 74 95 18 2 45 67 127 103 57 91 59 98 1 58 97 87 136 39 65 105 27 88 16 17 35 120 89 7 86 49 79 82 84 116 24 63 40 20 93 137 13 109 133 102 134 
41 100 108 9 11 77 111 14 53 128 92 33 115 112 94 64 132 83 130 129 118 75 55 114 76 21 46 96 50 121 4 28 5 23 3 29 117 110 25 51 44 126 81 124 125 74 95 18 2 45 67 127 103 57 91 59 98 1 58 97 87 136 39 65 105 27 88 16 17 35 120 89 7 86 49 79 82 84 116 24 63 40 20 93 137 13 109 133 102 134 
42 100 108 9 11 77 111 14 53 128 92 33 115 37 112 94 64 132 83 130 22 129 118 75 55 114 76 21 46 96 50 121 4 28 5 23 3 29 117 110 25 51 44 126 81 124 125 74 95 18 2 45 67 127 103 57 91 59 98 1 58 97 87 136 39 65 105 27 88 16 17 35 120 89 7 86 49 79 82 84 116 24 63 40 20 54 93 137 13 109 133 68 102 134 
43 100 108 9 11 77 111 14 53 128 92 33 115 37 112 94 64 132 83 130 22 129 118 75 55 114 76 21 46 96 50 121 4 28 5 23 3 29 117 110 25 51 44 126 81 124 125 74 95 18 2 45 67 127 103 57 91 59 98 1 58 97 87 136 39 65 105 27 88 16 17 35 120 89 7 86 49 79 82 84 116 24 63 40 20 54 93 137 13 109 133 68 102 134 
44 100 108 9 11 77 111 14 53 128 92 33 115 37 112 94 64 132 83 130 22 129 118 75 55 114 76 21 46 96 50 121 4 28 5 23 3 29 117 110 25 51 126 44 81 124 125 74 95 18 2 45 67 127 103 57 91 59 98 1 58 97 87 136 39 65 105 27 88 16 17 35 120 89 7 86 49 79 82 84 116 24 63 40 20 54 93 137 13 109 133 68 102 134 
45 100 108 9 11 77 111 14 53 128 92 33 115 37 112 94 64 132 83 130 22 129 118 75 55 114 76 21 46 96 50 121 4 28 5 23 3 29 117 110 25 51 44 126 81 124 125 74 95 18 2 45 67 127 103 57 91 59 98 1 58 97 87 136 39 65 105 27 88 16 17 35 120 89 7 86 49 79 82 84 116 24 63 40 20 54 93 137 13 109 133 68 102 134 
46 100 108 9 11 77 111 14 53 128 92 33 115 37 112 94 64 132 83 130 22 129 118 75 55 114 76 21 96 46 50 121 4 28 5 23 3 29 117 110 25 51 44 126 81 124 125 74 95 18 2 45 67 127 103 57 91 59 98 1 58 97 87 136 39 65 105 27 88 16 17 35 120 89 7 86 49 79 82 84 116 24 63 40 20 54 93 137 13 109 133 68 102 134 
47 100 108 9 11 77 111 14 53 128 92 33 115 37 112 94 64 132 83 130 22 129 118 75 55 114 76 21 46 96 50 121 4 28 5 23 3 29 117 110 25 51 44 126 81 124 125 74 95 18 2 45 67 127 103 57 91 59 98 1 58 97 87 136 39 65 105 27 88 16 17 35 120 89 7 86 49 79 82 84 116 24 63 40 20 54 93 137 13 109 133 68 102 134 
48 100 108 9 11 77 111 14 53 128 92 33 115 37 112 94 64 132 83 130 22 129 118 75 55 114 76 21 46 96 50 121 4 28 5 23 3 29 117 110 25 51 44 126 81 124 125 74 95 18 2 45 67 127 103 57 91 59 98 1 58 97 87 136 39 65 105 27 88 16 17 35 120 89 7 86 49 79 82 84 116 24 63 40 20 54 93 137 13 109 133 68 102 134 
49 100 108 9 11 77 111 14 53 128 92 33 115 37 112 94 64 132 83 130 22 129 118 75 55 114 76 21 46 96 50 121 4 28 5 23 3 29 117 110 25 51 44 126 81 124 125 74 95 18 2 45 67 127 103 57 91 59 98 1 58 97 87 136 39 65 105 27 88 16 17 35 120 89 7 86 79 82 84 116 49 24 63 40 20 54 93 137 13 109 133 68 102 134 
50 100 108 9 11 77 111 14 53 128 92 33 115 37 112 94 64 132 83 130 22 129 118 75 55 114 76 21 46 96 50 121 4 28 5 23 3 29 117 110 25 51 44 126 81 124 125 74 95 18 2 45 67 127 103 57 91 59 98 1 58 97 87 136 39 65 105 27 88 16 17 35 120 89 7 86 49 79 82 84 116 24 63 40 20 54 93 137 13 109 133 68 102 134 
51 100 108 9 11 77 111 14 53 128 92 33 115 37 112 94 64 132 83 130 22 129 118 75 55 114 76 21 46 96 50 121 4 28 5 23 3 29 117 110 25 51 44 126 81 124 125 74 95 18 2 45 67 127 103 57 91 59 98 1 58 97 87 136 39 65 105 27 88 16 17 35 120 89 7 86 49 79 82 84 116 24 63 40 20 54 93 137 13 109 133 68 102 134 
52 100 108 9 11 77 111 14 53 128 92 33 115 37 112 94 64 132 83 130 22 129 118 75 55 114 76 21 46 96 50 121 4 28 5 23 3 29 117 110 25 51 44 126 81 124 125 74 95 18 2 45 67 127 103 57 91 59 98 1 58 97 87 136 39 65 105 27 88 16 17 35 120 89 7 86 49 79 82 84 116 24 63 40 20 54 93 137 13 109 133 68 102 134 
53 100 108 9 11 77 111 14 53 128 92 33 115 37 112 94 64 132 83 130 22 129 118 75 55 114 76 21 46 96 50 121 4 28 5 23 3 29 117 110 25 51 44 126 81 124 125 74 95 18 2 45 67 127 103 57 91 59 98 1 58 97 87 136 39 65 105 27 88 16 17 35 120 89 7 86 49 79 82 84 116 24 63 40 20 54 93 137 13 109 133 68 102 134 
54 100 108 9 11 77 111 14 53 128 92 33 115 37 112 94 64 132 83 130 22 129 118 75 55 114 76 21 46 96 50 121 4 5 23 3 29 117 110 25 51 44 126 81 124 125 74 95 18 2 45 67 127 103 57 91 59 98 1 58 97 87 136 39 65 105 27 88 16 17 35 120 89 7 86 49 79 82 84 116 24 63 40 20 93 54 137 13 109 133 102 134 
55 100 108 9 11 77 111 14 53 128 92 33 115 37 112 94 64 132 83 130 22 129 118 75 55 114 76 21 46 96 50 121 4 5 23 3 29 117 110 25 51 44 126 81 124 125 74 95 18 2 45 67 127 103 57 91 59 98 1 58 97 87 136 39 65 105 27 88 16 17 35 120 89 7 86 49 79 82 84 116 24 63 40 20 54 93 137 13 109 133 68 102 134 
56 100 108 9 11 77 111 14 53 128 92 33 115 37 112 94 64 132 83 130 22 129 118 75 55 114 76 21 46 96 50 121 4 5 23 3 29 117 110 25 51 44 126 81 124 125 74 95 18 2 45 67 127 103 57 91 59 98 1 58 97 87 136 39 65 105 27 88 16 17 35 120 89 7 86 49 79 82 84 116 24 63 40 20 54 93 137 13 109 133 68 102 134 
57 100 108 9 11 77 111 14 53 128 92 33 115 37 112 94 64 132 83 130 22 129 118 75 55 114 76 21 46 96 50 121 4 5 23 3 29 117 110 25 51 44 126 81 124 125 74 95 18 2 45 67 127 103 57 91 59 98 1 58 97 87 136 39 65 105 27 88 16 17 35 120 89 7 86 49 79 82 84 116 24 63 40 20 54 93 137 13 109 133 68 102 134 
58 100 108 9 11 77 111 14 53 128 92 33 115 37 112 94 64 132 83 130 22 129 118 75 55 114 76 21 46 96 50 121 4 5 23 3 29 117 110 25 51 44 126 81 124 125 74 95 18 2 45 67 127 103 57 91 59 98 1 97 58 87 136 39 65 105 27 88 16 17 35 120 89 7 86 49 79 82 84 116 24 63 40 20 54 93 137 13 109 133 68 102 134 
59 100 108 9 11 77 111 14 53 128 92 33 115 37 112 94 64 132 83 130 22 129 118 75 55 114 76 21 46 96 50 121 4 5 23 3 29 117 110 25 51 44 126 81 124 125 74 95 18 2 45 67 127 103 57 91 59 98 1 58 97 87 136 39 65 105 27 88 16 17 35 120 89 7 86 49 79 82 84 116 24 63 40 20 54 93 137 13 109 133 68 102 134 
60 100 108 9 11 77 111 14 53 128 92 33 115 37 112 94 64 132 83 130 22 129 118 75 55 114 76 21 46 96 50 121 4 5 23 3 29 117 110 25 51 44 126 81 124 125 74 95 18 2 45 67 127 103 57 91 59 98 1 58 97 87 136 39 65 105 27 88 16 17 35 120 89 7 86 49 79 82 84 116 24 63 40 20 54 93 137 13 109 133 68 102 134 
61 100 108 9 11 77 111 14 53 128 92 61 33 115 112 94 64 132 83 130 22 129 118 75 55 114 76 21 46 96 50 121 4 5 23 3 29 117 110 25 51 44 126 81 124 125 74 95 18 2 45 67 127 103 57 91 59 98 1 58 97 87 136 39 65 105 27 88 16 17 35 120 89 7 86 49 79 82 84 116 24 63 40 54 93 137 13 109 133 68 102 134 
62 100 108 9 11 77 111 14 53 128 61 92 33 115 112 94 64 132 83 130 22 129 118 75 55 114 76 21 46 96 50 121 4 5 23 3 29 117 110 25 51 44 126 81 124 125 74 95 18 2 45 67 127 103 57 91 59 98 1 58 97 87 136 39 65 105 27 88 16 17 35 120 89 7 86 49 79 82 84 116 24 63 40 54 93 137 13 109 133 68 102 134 
63 100 108 9 11 77 111 14 53 128 92 33 115 37 112 94 64 132 83 130 22 129 118 75 55 114 76 21 46 96 50 121 4 5 23 3 29 117 110 25 51 44 126 81 124 125 74 95 18 2 45 67 127 103 57 91 59 98 1 58 97 87 136 39 65 105 27 88 16 17 35 120 89 7 86 49 79 82 84 116 24 63 40 20 54 93 137 13 109 133 68 102 134 
64 100 108 9 11 77 111 14 53 128 92 33 115 37 112 94 64 132 83 130 22 129 118 75 55 114 76 21 46 96 50 121 4 5 23 3 29 117 110 25 51 44 126 81 124 125 74 95 18 2 45 67 127 103 57 91 59 98 1 58 97 87 136 39 65 105 27 88 16 17 35 120 89 7 86 49 79 82 84 116 24 63 40 20 54 93 137 13 109 133 68 102 134 
65 100 108 9 11 77 111 14 53 128 92 33 115 37 112 94 64 132 83 130 22 129 118 75 55 114 76 21 46 96 50 121 4 5 23 3 29 117 110 25 51 44 126 81 124 125 74 95 18 2 45 67 127 103 57 91 59 98 1 58 97 87 136 39 65 105 27 88 16 17 35 120 89 7 86 49 79 82 84 116 24 63 40 20 54 93 137 13 109 133 68 102 134 
66 100 108 9 11 77 111 14 53 128 92 33 115 37 112 94 64 132 83 130 22 129 118 75 55 114 76 21 46 96 50 121 4 5 23 3 29 117 110 25 51 44 126 81 124 125 74 95 18 2 45 67 127 103 57 91 59 98 1 58 97 87 136 39 65 105 27 88 16 17 35 120 89 7 86 49 79 82 84 116 24 63 40 20 54 93 137 13 109 133 68 102 134 
67 100 108 9 11 77 111 14 53 128 92 33 115 37 112 94 64 132 83 130 22 129 118 75 55 114 76 21 46 96 50 121 4 5 23 3 29 117 110 25 51 44 126 81 124 125 74 95 18 2 45 67 127 103 57 91 59 98 1 58 97 87 136 39 65 105 27 88 16 17 35 120 89 7 86 49 79 82 84 116 24 63 40 20 54 93 137 13 109 133 68 102 134 
68 100 108 9 11 77 111 14 53 128 92 33 115 37 112 94 64 132 83 130 22 129 118 75 55 114 76 21 46 96 50 121 4 5 23 3 29 117 110 25 51 44 126 81 124 125 74 95 18 2 45 67 127 103 57 91 59 98 1 58 97 87 136 39 65 105 27 88 16 17 35 120 89 7 86 49 79 82 84 116 24 63 40 20 93 137 13 109 133 102 68 134 
69 100 108 9 11 77 111 14 53 128 92 33 115 37 112 94 64 132 83 130 22 129 118 75 55 114 76 21 46 96 50 121 4 5 23 3 29 117 110 25 51 44 126 81 124 125 74 95 18 2 45 67 127 103 57 91 59 98 1 58 97 87 136 39 65 105 27 88 16 17 35 120 89 7 86 49 79 82 84 116 24 63 40 20 93 137 13 109 133 68 102 134 
70 100 108 9 11 77 111 14 53 128 61 92 33 115 37 112 94 64 132 83 130 22 129 118 75 55 114 76 21 46 96 50 121 4 5 23 3 29 117 110 25 51 44 126 81 124 125 74 95 18 2 45 67 127 103 57 91 59 98 1 58 97 87 136 39 65 105 27 88 16 17 35 120 89 7 86 49 79 82 84 116 24 63 40 20 54 93 137 13 109 133 68 102 134 
71 100 108 9 11 77 111 14 53 128 61 92 33 115 37 112 94 64 132 83 130 22 129 118 75 55 114 76 21 46 96 50 121 4 5 23 3 29 117 110 25 51 44 126 81 124 125 74 95 18 2 45 67 127 103 57 91 59 98 1 58 97 87 136 39 65 105 27 88 16 17 35 120 89 7 86 49 79 82 84 116 24 63 40 20 54 93 137 13 109 133 68 102 134 
72 100 108 9 11 77 111 14 53 128 61 92 33 115 37 112 94 64 132 83 130 22 129 118 75 55 114 76 21 46 96 50 121 4 5 23 3 29 117 110 25 51 44 126 81 124 125 74 95 18 2 45 67 127 103 57 91 59 98 1 58 97 87 136 39 65 105 27 88 16 17 35 120 89 7 86 49 79 82 84 116 24 63 40 20 54 93 137 13 109 133 68 102 134 
73 100 108 9 11 77 111 14 53 128 61 92 33 115 37 112 94 64 132 83 130 22 129 118 75 55 114 76 21 46 96 50 121 4 5 23 3 29 117 110 25 51 44 126 81 124 125 74 95 18 2 45 67 127 103 57 91 59 98 1 58 97 87 136 39 65 105 27 88 16 17 35 120 89 7 86 49 79 82 84 116 24 63 40 20 54 93 137 13 109 133 68 102 134 
74 100 108 9 11 77 111 14 53 128 61 92 33 115 37 112 94 64 132 83 130 22 129 118 75 55 114 76 21 46 96 50 121 4 5 23 3 29 117 110 25 51 44 126 81 124 125 74 95 18 2 45 67 127 103 57 91 59 98 1 58 97 87 136 39 65 105 27 88 16 17 35 120 89 7 86 49 79 82 84 116 24 63 40 20 54 93 137 13 109 133 68 102 134 
75 100 108 9 11 77 111 14 53 128 61 92 33 115 37 112 94 64 132 83 130 22 129 118 75 55 114 76 21 46 96 50 121 4 5 23 3 29 117 110 25 51 44 126 81 124 125 74 95 18 2 45 67 127 103 57 91 59 98 1 58 97 87 136 39 65 105 27 88 16 17 35 120 89 7 86 49 79 82 84 116 24 63 40 20 54 93 137 13 109 133 68 102 134 
76 100 108 9 11 77 111 14 53 128 61 92 33 115 37 112 94 64 132 83 130 22 129 118 75 55 114 76 21 46 96 50 121 4 5 23 3 29 117 110 25 51 44 126 81 124 125 74 95 18 2 45 67 127 103 57 91 59 98 1 58 97 87 136 39 65 105 27 88 16 17 35 120 89 7 86 49 79 82 84 116 24 63 40 20 54 93 137 13 109 133 68 102 134 
77 100 108 9 11 111 77 14 53 128 61 92 33 115 37 112 94 64 132 83 130 22 129 118 75 55 114 76 21 46 96 50 121 4 5 23 3 29 117 110 25 51 44 126 81 124 125 74 95 18 2 45 67 127 103 57 91 59 98 1 58 97 87 136 39 65 105 27 88 16 17 35 120 89 7 86 49 79 82 84 116 24 63 40 20 54 93 137 13 109 133 68 102 134 
78 100 108 9 11 77 111 14 53 128 61 92 33 115 37 112 94 64 132 83 130 22 129 118 75 55 114 76 21 46 96 50 121 4 5 23 3 29 117 110 25 51 44 126 81 124 125 74 95 18 2 45 67 127 103 57 91 59 98 1 58 97 87 136 39 65 105 27 88 16 17 35 120 89 7 86 49 79 82 84 116 24 63 40 20 54 93 137 13 109 133 68 102 134 
79 100 108 9 11 77 111 14 53 128 61 92 33 115 37 112 94 64 132 83 130 22 129 118 75 55 114 76 21 46 96 50 121 4 5 23 3 29 117 110 25 51 44 126 81 124 125 74 95 18 2 45 67 127 103 57 91 59 98 1 58 97 87 136 39 65 105 27 88 16 17 35 120 89 7 86 49 82 84 116 79 24 63 40 20 54 93 137 13 109 133 68 102 134 
80 100 108 9 11 77 111 14 53 128 61 92 33 115 37 112 94 64 132 83 130 22 129 118 75 55 114 76 21 46 96 50 121 4 5 23 3 29 117 110 25 51 44 126 81 124 125 74 95 18 2 45 67 127 103 57 91 59 98 1 58 97 87 136 39 65 105 27 88 16 17 35 120 89 7 86 49 79 82 84 116 24 63 40 20 54 93 137 13 109 133 68 102 134 
81 100 108 9 11 77 111 14 53 128 61 92 33 115 37 112 94 64 132 83 130 22 129 118 75 55 114 76 21 46 96 50 121 4 5 23 3 29 117 110 25 51 44 126 81 124 125 74 95 18 2 45 67 127 103 57 91 59 98 1 58 97 87 136 39 65 105 27 88 16 17 35 120 89 7 86 49 79 82 84 116 24 63 40 20 54 93 137 13 109 133 68 102 134 
82 100 108 9 11 77 111 14 53 128 61 92 33 115 37 112 94 64 132 83 130 22 129 118 75 55 114 76 21 46 96 50 121 4 5 23 3 29 117 110 25 51 44 126 81 124 125 74 95 18 2 45 67 127 103 57 91 59 98 1 58 97 87 136 39 65 105 27 88 16 17 35 120 89 7 86 49 79 84 116 82 24 63 40 20 54 93 137 13 109 133 68 102 134 
83 100 108 9 11 77 111 14 53 128 61 92 33 115 37 112 94 64 132 130 83 22 129 118 75 55 114 76 21 46 96 50 121 4 5 23 3 29 117 110 25 51 44 126 81 124 125 74 95 18 2 45 67 127 103 57 91 59 98 1 58 97 87 136 39 65 105 27 88 16 17 35 120 89 7 86 49 79 82 84 116 24 63 40 20 54 93 137 13 109 133 68 102 134 
84 100 108 9 11 77 111 14 53 128 61 92 33 115 37 112 94 64 132 83 130 22 129 118 75 55 114 76 21 46 96 50 121 4 5 23 3 29 117 110 25 51 44 126 81 124 125 74 95 18 2 45 67 127 103 57 91 59 98 1 58 97 87 136 39 65 105 27 88 16 17 35 120 89 7 86 49 79 82 116 84 24 63 40 20 54 93 137 13 109 133 68 102 134 
85 100 108 9 11 77 111 14 53 128 61 92 33 115 37 112 94 64 132 83 130 22 129 118 75 55 114 76 21 46 96 50 121 4 5 23 3 29 117 110 25 51 44 126 81 124 125 74 95 18 2 45 67 127 103 57 91 59 98 1 58 97 87 136 39 65 105 27 88 16 17 35 120 89 7 86 49 79 82 84 116 24 63 40 20 54 93 137 13 109 133 68 102 134 
86 100 108 9 11 77 111 14 53 128 61 92 33 115 37 112 94 64 132 83 130 22 129 118 75 55 114 76 21 46 96 50 121 4 5 23 3 29 117 110 25 51 44 126 81 124 125 74 95 18 2 45 67 127 103 57 91 59 98 1 58 97 87 136 39 65 105 27 88 16 17 35 120 89 7 86 49 79 82 84 116 24 63 40 20 54 93 137 13 109 133 68 102 134 
87 100 108 9 11 77 111 14 53 128 61 92 33 115 37 112 94 64 132 83 130 22 129 118 75 55 114 76 21 46 96 50 121 4 5 23 3 29 117 110 25 51 44 126 81 124 125 74 95 18 2 45 67 127 103 57 91 59 98 1 58 97 136 87 39 65 105 27 88 16 17 35 120 89 7 86 49 79 82 84 116 24 63 40 20 54 93 137 13 109 133 68 102 134 
88 100 108 9 11 77 111 14 53 128 61 92 33 115 37 112 94 64 132 83 130 22 129 118 75 55 114 76 21 46 96 50 121 4 5 23 3 29 117 110 25 51 44 126 81 124 125 74 95 18 2 45 67 127 103 57 91 59 98 1 58 97 87 136 39 65 105 27 88 16 17 35 120 89 7 86 49 79 82 84 116 24 63 40 20 54 93 137 13 109 133 68 102 134 
89 100 108 9 11 77 111 14 53 128 61 92 33 115 37 112 94 64 132 83 130 22 129 118 75 55 114 76 21 46 96 50 121 4 5 23 3 29 117 110 25 51 44 126 81 124 125 74 95 18 2 45 67 127 103 57 91 59 98 1 58 97 87 136 39 65 105 27 88 16 17 35 120 89 7 86 49 79 82 84 116 24 63 40 20 54 93 137 13 109 133 68 102 134 
90 100 108 9 11 77 111 14 53 128 61 92 33 115 37 112 94 64 132 83 130 22 129 118 75 55 114 76 21 46 96 50 121 4 5 23 3 29 117 110 25 51 44 126 81 124 125 74 95 18 2 45 67 127 103 57 91 59 98 1 58 97 87 136 39 65 105 27 88 16 17 35 120 89 7 86 49 79 82 84 116 24 63 40 20 54 93 137 13 109 133 68 102 134 
91 100 108 9 11 77 111 14 53 128 61 92 33 115 37 112 94 64 132 83 130 22 129 118 75 55 114 76 21 46 96 50 121 4 5 23 3 29 117 110 25 51 44 126 81 124 125 74 95 18 2 45 67 127 103 57 91 59 98 1 58 97 87 136 39 65 105 27 88 16 17 35 120 89 7 86 49 79 82 84 116 24 63 40 20 54 93 137 13 109 133 68 102 134 
92 100 108 9 11 77 111 14 53 128 61 92 33 115 37 112 94 64 132 83 130 22 129 118 75 55 114 76 21 46 96 50 121 4 5 23 3 29 117 110 25 51 44 126 81 124 125 74 95 18 2 45 67 127 103 57 91 59 98 1 58 97 87 136 39 65 105 27 88 16 17 35 120 89 7 86 49 79 82 84 116 24 63 40 20 54 93 137 13 109 133 68 102 134 
93 100 108 9 11 77 111 14 53 128 61 92 33 115 37 112 94 64 132 83 130 22 129 118 75 55 114 76 21 46 96 50 121 4 5 23 3 29 117 110 25 51 44 126 81 124 125 74 95 18 2 45 67 127 103 57 91 59 98 1 58 97 87 136 39 65 105 27 88 16 17 35 120 89 7 86 49 79 82 84 116 24 63 40 20 54 93 137 13 109 133 68 102 134 
94 100 108 9 11 77 111 14 53 128 61 92 33 115 37 112 94 64 132 83 130 22 129 118 75 55 114 76 21 46 96 50 121 4 5 23 3 29 117 110 25 51 44 126 81 124 125 74 95 18 2 45 67 127 103 57 91 59 98 1 58 97 87 136 39 65 105 27 88 16 17 35 120 89 7 86 49 79 82 84 116 24 63 40 20 54 93 137 13 109 133 68 102 134 
95 100 108 9 11 77 111 14 53 128 61 92 33 115 37 112 94 64 132 83 130 22 129 118 75 55 114 76 21 46 96 50 121 4 5 23 3 29 117 110 25 51 44 126 81 124 125 74 95 18 2 45 67 127 103 57 91 59 98 1 58 97 87 136 39 65 105 27 88 16 17 35 120 89 7 86 49 79 82 84 116 24 63 40 20 54 93 137 13 109 133 68 102 134 
96 100 108 9 11 77 111 14 53 128 61 92 33 115 37 112 94 64 132 83 130 22 129 118 75 55 114 76 21 46 96 50 121 4 5 23 3 29 117 110 25 51 44 126 81 124 125 74 95 18 2 45 67 127 57 91 59 98 1 58 97 87 136 39 65 105 27 88 16 17 35 120 89 7 86 49 79 82 84 116 24 63 40 20 54 93 137 13 109 133 68 102 134 
97 100 108 9 11 77 111 14 53 128 61 92 33 115 37 112 94 64 132 83 130 22 129 118 75 55 114 76 21 46 96 50 121 4 5 23 3 29 117 110 25 51 44 126 81 124 125 74 95 18 2 45 67 127 103 57 91 59 98 1 58 97 87 136 39 65 105 27 88 16 17 35 120 89 7 86 49 79 82 84 116 24 63 40 20 54 93 137 13 109 133 102 68 134 
98 100 108 9 11 77 111 14 53 128 61 92 33 115 37 112 94 64 132 83 130 22 129 118 75 55 114 76 21 46 96 50 121 4 5 23 3 29 117 110 25 51 44 126 81 124 125 74 95 18 2 45 67 127 103 57 91 59 98 1 58 97 87 136 39 65 105 27 88 16 17 35 120 89 7 86 49 79 82 84 116 24 63 40 20 54 93 137 13 109 133 102 68 134 
99 100 108 9 11 77 111 14 53 128 61 92 33 115 37 112 94 64 132 83 130 22 129 118 75 55 114 76 21 46 96 50 121 4 5 23 3 29 117 110 25 51 44 126 81 124 125 74 95 18 2 45 67 127 103 57 91 59 98 1 58 97 87 136 39 65 105 27 88 16 17 35 120 89 7 86 49 79 82 84 116 24 63 40 20 54 93 137 13 109 133 102 68 134 
100 100 108 9 11 77 111 14 53 128 61 92 33 115 37 112 94 64 132 83 130 22 129 118 75 55 114 76 21 46 96 50 121 4 5 23 3 29 117 110 25 51 44 126 81 124 125 74 95 18 2 45 67 127 103 57 91 59 98 1 58 97 87 136 39 65 105 27 88 16 17 35 120 89 7 86 49 79 82 84 116 24 63 40 20 54 93 137 13 109 133 102 68 134 
101 100 108 9 11 77 111 14 53 128 61 92 33 115 37 112 94 64 132 83 130 22 129 118 75 55 114 76 21 46 96 50 121 4 5 23 3 29 117 110 25 51 44 126 81 124 125 74 95 18 2 45 67 127 103 57 91 59 98 1 58 97 87 136 39 65 105 27 88 16 17 35 120 89 7 86 49 79 82 84 116 24 63 40 20 54 93 137 13 109 133 102 68 134 
102 100 108 9 11 77 111 14 53 128 61 92 33 115 37 112 94 64 132 83 130 22 129 118 75 55 114 76 21 46 96 50 121 4 5 23 3 29 117 110 25 51 44 126 81 124 125 74 95 18 2 45 67 127 103 57 91 59 98 1 58 97 87 136 39 65 105 27 88 16 17 35 120 89 7 86 49 79 82 84 116 24 63 40 20 54 93 137 13 109 133 68 102 134 
103 100 108 9 11 77 111 14 53 128 61 92 33 115 37 112 94 64 132 83 130 22 129 118 75 55 114 76 21 46 50 121 4 5 23 3 29 117 110 25 51 44 126 81 124 125 74 95 18 2 45 67 127 103 57 91 59 98 1 58 97 87 136 39 65 105 27 88 16 17 35 120 89 7 86 49 79 82 84 116 24 63 40 20 54 93 137 13 109 133 102 68 134 
104 100 108 9 11 77 111 14 53 128 61 92 33 115 37 112 94 64 132 83 130 22 129 118 75 55 114 76 21 46 50 121 4 5 23 3 29 117 110 25 51 44 126 81 124 125 74 95 18 2 45 67 127 103 57 91 59 98 1 58 97 87 136 39 65 105 27 88 16 17 35 120 89 7 86 49 79 82 84 116 24 63 40 20 54 93 137 13 109 133 102 68 134 
105 100 108 9 11 77 111 14 53 128 61 92 33 115 37 112 94 64 132 83 130 22 129 118 75 55 114 76 21 46 96 50 121 4 5 23 3 29 117 110 25 51 44 126 81 124 125 74 95 18 2 45 67 127 103 57 91 59 98 1 58 97 87 136 39 65 105 27 88 16 17 35 120 89 7 86 49 79 82 84 116 24 63 40 20 54 93 137 13 109 133 102 68 134 
106 100 108 9 11 77 111 14 53 128 61 92 33 115 37 112 94 64 132 83 130 22 129 118 75 55 114 76 21 46 96 50 121 4 5 23 3 29 117 110 25 51 44 126 81 124 125 74 95 18 2 45 67 127 103 57 91 59 98 1 58 97 87 136 39 65 105 27 88 16 17 35 120 89 7 86 49 79 82 84 116 24 63 40 20 54 93 137 13 109 133 102 68 134 
107 100 108 9 11 77 111 14 53 128 61 92 33 115 37 112 94 64 132 83 130 22 129 118 75 55 114 76 21 46 96 50 121 4 5 23 3 29 117 110 25 51 44 126 81 124 125 74 95 18 2 45 67 127 103 57 91 59 98 1 58 97 87 136 39 65 105 27 88 16 17 35 120 89 7 86 49 79 82 84 116 24 63 40 20 54 93 137 13 109 133 102 68 134 
108 100 108 9 11 77 111 14 53 128 61 92 33 115 37 112 94 64 132 83 130 22 129 118 75 55 114 76 21 46 96 50 121 4 5 23 3 29 117 110 25 51 44 126 81 124 125 74 95 18 2 45 67 127 103 57 91 59 98 1 58 97 87 136 39 65 105 27 88 16 17 35 120 89 7 86 49 79 82 84 116 24 63 40 20 54 93 137 13 109 133 102 68 134 
109 100 108 9 11 77 111 14 53 128 61 92 33 115 37 112 94 64 132 83 130 22 129 118 75 55 114 76 21 46 96 50 121 4 5 23 3 29 117 110 25 51 44 126 81 124 125 74 95 18 2 45 67 127 103 57 91 59 98 1 58 97 87 136 39 65 105 27 88 16 17 35 120 89 7 86 49 79 82 84 116 24 63 40 20 54 93 137 13 133 109 102 68 134 
110 100 108 9 11 77 111 14 53 128 61 92 33 115 37 112 94 64 132 83 130 22 129 118 75 55 114 76 21 46 96 50 121 4 5 23 3 29 117 110 25 51 44 126 81 124 125 74 95 18 2 45 67 127 103 57 91 59 98 1 58 97 87 136 39 65 105 27 88 16 17 35 120 89 7 86 49 79 82 84 116 24 63 40 20 54 93 137 13 109 133 102 68 134 
111 100 108 9 11 77 111 14 53 128 61 92 33 115 37 112 94 64 132 83 130 22 129 118 75 55 114 76 21 46 96 50 121 4 5 23 3 29 117 110 25 51 44 126 81 124 125 74 95 18 2 45 67 127 103 57 91 59 98 1 58 97 87 136 39 65 105 27 88 16 17 35 120 89 7 86 49 79 82 84 116 24 63 40 20 54 93 137 13 109 133 102 68 134 
112 100 108 9 11 77 111 14 53 128 61 92 33 115 37 112 94 64 132 83 130 22 129 118 75 55 114 76 21 46 96 50 121 4 5 23 3 29 117 110 25 51 44 126 81 124 125 74 95 18 2 45 67 127 103 57 91 59 98 1 58 97 87 136 39 65 105 27 88 16 17 35 120 89 7 86 49 79 82 84 116 24 63 40 20 54 93 137 13 109 133 102 68 134 
113 100 108 9 11 77 111 14 53 128 61 92 33 115 37 112 94 64 132 83 130 22 129 118 75 55 114 76 21 46 96 50 121 4 5 23 3 29 117 110 25 51 44 126 81 124 125 74 95 18 2 45 67 127 103 57 91 59 98 1 58 97 87 136 39 65 105 27 88 16 17 35 120 89 7 86 49 79 82 84 116 24 63 40 20 54 93 137 13 109 133 102 68 134 
114 100 108 9 11 77 111 14 53 128 61 92 33 115 37 112 94 64 132 83 130 22 129 118 75 55 114 76 21 46 96 50 121 4 5 23 3 29 117 110 25 51 44 126 81 124 125 74 95 18 2 45 67 127 103 57 91 59 98 1 58 97 87 136 39 65 105 27 88 16 17 35 120 89 7 86 49 79 82 84 116 24 63 40 20 54 93 137 13 109 133 102 68 134 
115 100 108 9 11 77 111 14 53 128 61 92 33 115 37 112 94 64 132 83 130 22 129 118 75 55 114 76 21 46 96 50 121 4 5 23 3 29 117 110 25 51 44 126 81 124 125 74 95 18 2 45 67 127 103 57 91 59 98 1 58 97 87 136 39 65 105 27 88 16 17 35 120 89 7 86 49 79 82 84 116 24 63 40 20 54 93 137 13 109 133 102 68 134 
116 100 108 9 11 77 111 14 53 128 61 92 33 115 37 112 94 64 132 83 130 22 129 118 75 55 114 76 21 46 96 50 121 4 5 23 3 29 117 110 25 51 44 126 81 124 125 74 95 18 2 45 67 127 103 57 91 59 98 1 58 97 87 136 39 65 105 27 88 16 17 35 120 89 7 86 49 79 82 84 116 24 63 40 20 54 93 137 13 109 133 102 68 134 
117 100 108 9 11 77 111 14 53 128 61 92 33 115 37 112 94 64 132 83 130 22 129 118 75 55 114 76 21 46 96 50 121 4 5 23 3 29 117 110 25 51 44 126 81 124 125 74 95 18 2 45 67 127 103 57 91 59 98 1 58 97 87 136 39 65 105 27 88 16 17 35 120 89 7 86 49 79 82 84 116 24 63 40 20 54 93 137 13 109 133 102 68 134 
118 100 108 9 11 77 111 14 53 128 61 92 33 115 37 112 94 64 132 83 130 22 129 118 75 55 114 76 21 46 96 50 121 4 5 23 3 29 117 110 25 51 44 126 81 124 125 74 95 18 2 45 67 127 103 57 91 59 98 1 58 97 87 136 39 65 105 27 88 16 17 35 120 89 7 86 49 79 82 84 116 24 63 40 20 54 93 137 13 109 133 102 68 134 
119 100 108 9 11 77 111 14 53 128 61 92 33 115 37 112 94 64 132 83 130 22 129 118 75 55 114 76 21 46 96 50 121 4 5 23 3 29 117 110 25 51 44 126 81 124 125 74 95 18 2 45 67 127 103 57 91 59 98 1 58 97 87 136 39 65 105 27 88 16 17 35 120 89 7 86 49 79 82 84 116 24 63 40 20 54 93 137 13 109 133 102 68 134 
120 100 108 9 11 77 111 14 53 128 61 92 33 115 37 112 94 64 132 83 130 22 129 118 75 55 114 76 21 46 96 50 121 4 5 23 3 29 117 110 25 51 44 126 81 124 125 74 95 18 2 45 67 127 103 57 91 59 98 1 58 97 87 136 39 65 105 27 88 16 17 35 120 89 7 86 49 79 82 84 116 24 63 40 20 54 93 137 13 109 133 102 68 134 
121 100 108 9 11 77 111 14 53 128 61 92 33 115 37 112 94 64 132 83 130 22 129 118 75 55 114 76 21 46 96 50 121 4 5 23 3 29 117 110 25 51 44 126 81 124 125 74 95 18 2 45 67 127 103 57 91 59 98 1 58 97 87 136 39 65 105 27 88 16 17 35 120 89 7 86 49 79 82 84 116 24 63 40 20 54 93 137 13 109 133 102 68 134 
122 100 108 9 11 77 111 14 53 128 61 92 33 115 37 112 94 64 132 83 130 22 129 118 75 55 114 76 21 46 96 50 121 4 5 23 3 29 117 110 25 51 44 126 81 124 125 74 95 18 2 45 67 127 103 57 91 59 98 1 58 97 87 136 39 65 105 27 88 16 17 35 120 89 7 86 49 79 82 84 116 24 63 40 20 54 93 137 13 109 133 102 68 134 
123 100 108 9 11 77 111 14 53 128 61 92 33 115 37 112 94 64 132 83 130 22 129 118 75 55 114 76 21 46 96 50 121 4 5 23 3 29 117 110 25 51 44 126 81 124 125 74 95 18 2 45 67 127 103 57 91 59 98 1 58 97 87 136 39 65 105 27 88 16 17 35 120 89 7 86 49 79 82 84 116 24 63 40 20 54 93 137 13 109 133 102 68 134 
124 100 108 9 11 77 111 14 53 128 61 92 33 115 37 112 94 64 132 83 130 22 129 118 75 55 114 76 21 46 96 50 121 4 5 23 3 29 117 110 25 51 44 126 81 124 125 74 95 18 2 45 67 127 103 57 91 59 98 1 58 97 87 136 39 65 105 27 88 16 17 35 120 89 7 86 49 79 82 84 116 24 63 40 20 54 93 137 13 109 133 102 68 134 
125 100 108 9 11 77 111 14 53 128 61 92 33 115 37 112 94 64 132 83 130 22 129 118 75 55 114 76 21 46 96 50 121 4 5 23 3 29 117 110 25 51 44 126 81 124 125 74 95 18 2 45 67 127 103 57 91 59 98 1 58 97 87 136 39 65 105 27 88 16 17 35 120 89 7 86 49 79 82 84 116 24 63 40 20 54 93 137 13 109 133 102 68 134 
126 100 108 9 11 77 111 14 53 128 61 92 33 115 37 112 94 64 132 83 130 22 129 118 75 55 114 76 21 46 96 50 121 4 5 23 3 29 117 110 25 51 44 126 81 124 125 74 95 18 2 45 67 127 103 57 91 59 98 1 58 97 87 136 39 65 105 27 88 16 17 35 120 89 7 86 49 79 82 84 116 24 63 40 20 54 93 137 13 109 133 102 68 134 
127 100 108 9 11 77 111 14 53 128 61 92 33 115 37 112 94 64 132 83 130 22 129 118 75 55 114 76 21 46 96 50 121 4 5 23 3 29 117 110 25 51 44 126 81 124 125 74 95 18 2 45 67 127 103 57 91 59 98 1 58 97 87 136 39 65 105 27 88 16 17 35 120 89 7 86 49 79 82 84 116 24 63 40 20 54 93 137 13 109 133 102 68 134 
128 100 108 9 11 77 111 14 53 128 61 92 33 115 37 112 94 64 132 83 130 22 129 118 75 55 114 76 21 46 96 50 121 4 5 23 3 29 117 110 25 51 44 126 81 124 125 74 95 18 2 45 67 127 103 57 91 59 98 1 58 97 87 136 39 65 105 27 88 16 17 35 120 89 7 86 49 79 82 84 116 24 63 40 20 54 93 137 13 109 133 102 68 134 
129 100 108 9 11 77 111 14 53 128 61 92 33 115 37 112 94 64 132 83 130 22 129 118 75 55 114 76 21 46 96 50 121 4 5 23 3 29 117 110 25 51 44 126 81 124 125 74 95 18 2 45 67 127 103 57 91 59 98 1 58 97 87 136 39 65 105 27 88 16 17 35 120 89 7 86 49 79 82 84 116 24 63 40 20 54 93 137 13 109 133 102 68 134 
130 100 108 9 11 77 111 14 53 128 61 92 33 115 37 112 94 64 132 83 130 22 129 118 75 55 114 76 21 46 96 50 121 4 5 23 3 29 117 110 25 51 44 126 81 124 125 74 95 18 2 45 67 127 103 57 91 59 98 1 58 97 87 136 39 65 105 27 88 16 17 35 120 89 7 86 49 79 82 84 116 24 63 40 20 54 93 137 13 109 133 102 68 134 
131 100 108 9 11 77 111 14 53 128 61 92 33 115 37 112 94 64 132 83 130 22 129 118 75 55 114 76 21 46 96 50 121 4 5 23 3 29 117 110 25 51 44 126 81 124 125 74 95 18 2 45 67 127 103 57 91 59 98 1 58 97 87 136 39 65 105 27 88 16 17 35 120 89 7 86 49 79 82 84 116 24 63 40 20 54 93 137 13 109 133 102 68 134 
132 100 108 9 11 77 111 14 53 128 61 92 33 115 37 112 94 64 132 83 130 22 129 118 75 55 114 76 21 46 96 50 121 4 5 23 3 29 117 110 25 51 44 126 81 124 125 74 95 18 2 45 67 127 103 57 91 59 98 1 58 97 87 136 39 65 105 27 88 16 17 35 120 89 7 86 49 79 82 84 116 24 63 40 20 54 93 137 13 109 133 102 68 134 
133 100 108 9 11 77 111 14 53 128 61 92 33 115 37 112 94 64 132 83 130 22 129 118 75 55 114 76 21 46 96 50 121 4 5 23 3 29 117 110 25 51 44 126 81 124 125 74 95 18 2 45 67 127 103 57 91 59 98 1 58 97 87 136 39 65 105 27 88 16 17 35 120 89 7 86 49 79 82 84 116 24 63 40 20 54 93 137 13 109 133 102 68 134 
134 100 108 9 11 77 111 14 53 128 61 92 33 115 37 112 94 64 132 83 130 22 129 118 75 55 114 76 21 46 96 50 121 4 5 23 3 29 117 110 25 51 44 126 81 124 125 74 95 18 2 45 67 127 103 57 91 59 98 1 58 97 87 136 39 65 105 27 88 16 17 35 120 89 7 86 49 79 82 84 116 24 63 40 20 54 93 137 13 109 133 102 68 134 
135 100 108 9 11 77 111 14 53 128 61 92 33 115 37 112 94 64 132 83 130 22 129 118 75 55 114 76 21 46 96 50 121 4 5 23 3 29 117 110 25 51 44 126 81 124 125 74 95 18 2 45 67 127 103 57 91 59 98 1 58 97 87 136 39 65 105 27 88 16 17 35 120 89 7 86 49 79 82 84 116 24 63 40 20 54 93 137 13 109 133 102 68 134 
136 100 108 9 11 77 111 14 53 128 61 92 33 115 37 112 94 64 132 83 130 22 129 118 75 55 114 76 21 46 96 50 121 4 5 23 3 29 117 110 25 51 44 126 81 124 125 74 95 18 2 45 67 127 103 57 91 59 98 1 58 97 87 136 39 65 105 27 88 16 17 35 120 89 7 86 49 79 82 84 116 24 63 40 20 54 93 137 13 109 133 102 68 134 
137 100 108 9 11 77 111 14 53 128 61 92 33 115 37 112 94 64 132 83 130 22 129 118 75 55 114 76 21 46 96 50 121 4 5 23 3 29 117 110 25 51 44 126 81 124 125 74 95 18 2 45 67 127 103 57 91 59 98 1 58 97 87 136 39 65 105 27 88 16 17 35 120 89 7 86 49 79 82 84 116 24 63 40 20 54 93 137 13 109 133 102 68 134 
138 100 108 9 11 77 111 14 53 128 61 92 33 115 37 112 94 64 132 83 130 22 129 118 75 55 114 76 21 46 96 50 121 4 5 23 3 29 117 110 25 51 44 126 81 124 125 74 95 18 2 45 67 127 103 57 91 59 98 1 58 97 87 136 39 65 105 27 88 16 17 35 120 89 7 86 49 79 82 84 116 24 63 40 20 54 93 137 13 109 133 102 68 134 
139 100 108 9 11 77 111 14 53 128 61 92 33 115 37 112 94 64 132 83 130 22 129 118 75 55 114 76 21 46 96 50 121 4 5 23 3 29 117 110 25 51 44 126 81 124 125 74 95 18 2 45 67 127 103 57 91 59 98 1 58 97 87 136 39 65 105 27 88 16 17 35 120 89 7 86 49 79 82 84 116 24 63 40 20 54 93 137 13 109 133 102 68 134 
140 100 108 9 11 77 111 14 53 128 61 92 33 115 37 112 94 64 132 83 130 22 129 118 75 55 114 76 21 46 96 50 121 4 5 23 3 29 117 110 25 51 44 126 81 124 125 74 95 18 2 45 67 127 103 57 91 59 98 1 58 97 87 136 39 65 105 27 88 16 17 35 120 89 7 86 49 79 82 84 116 24 63 40 20 54 93 137 13 109 133 68 102 134 
141 100 108 9 11 77 111 14 53 128 61 92 33 115 37 112 94 64 132 83 130 22 129 118 75 55 114 76 21 46 96 50 121 4 28 5 23 3 29 117 110 25 51 44 126 81 124 125 74 95 18 2 45 67 127 103 57 91 59 98 1 58 97 87 136 39 65 105 27 88 16 17 35 120 89 7 86 49 79 82 84 116 24 63 40 20 54 93 137 13 109 133 68 102 134 
