1 1 
2 1 2 
3 1 3 2 
4 1 4 3 2 
5 1 5 4 3 2 
6 1 5 4 3 2 
7 1 5 4 7 3 2 
8 1 5 8 4 7 3 2 
9 1 5 8 4 21 19 3 9 12 18 13 7 15 16 2 
10 1 5 8 4 21 19 3 9 12 18 13 7 15 16 2 
11 1 5 8 4 21 19 3 9 12 18 13 7 15 16 2 
12 1 5 8 4 21 19 3 9 18 12 13 7 15 16 2 
13 1 5 8 4 21 19 3 9 12 18 13 7 15 16 2 
14 1 5 8 4 21 19 3 9 12 18 13 7 15 16 2 
15 1 5 8 4 21 19 3 9 12 18 13 7 15 16 2 
16 1 5 8 4 21 19 3 9 12 18 13 7 15 16 2 
17 1 5 8 4 21 19 3 9 12 18 13 7 15 16 2 
18 1 5 8 4 21 19 3 9 12 18 13 15 16 2 
19 1 5 12 18 4 13 15 19 3 9 16 2 
20 1 5 12 18 4 13 15 19 3 9 16 2 
21 1 5 4 21 3 9 12 18 13 7 15 16 2 
22 1 5 4 21 3 9 12 18 13 7 15 16 2 
23 1 5 8 4 21 19 3 9 12 18 13 7 15 16 2 
