1 1 
2 1 2 
3 1 2 3 
4 1 2 3 4 
5 1 5 2 3 4 
6 10 13 6 16 1 12 5 15 2 9 3 4 
7 10 13 6 16 1 12 5 15 2 9 3 4 
8 10 13 6 16 1 12 5 15 2 9 3 4 
9 10 13 6 16 1 12 5 15 2 9 3 4 
10 13 10 6 16 1 12 5 15 2 9 3 4 
11 10 13 6 16 1 12 5 15 2 9 3 4 
12 10 13 6 16 1 12 5 15 2 9 3 
13 10 13 6 16 1 12 2 9 3 
14 10 13 6 16 1 12 2 9 3 
15 10 6 16 1 12 15 2 9 3 4 
16 10 13 6 16 1 12 15 2 9 3 4 
17 10 13 6 16 1 12 15 2 9 3 4 
18 10 13 18 6 16 1 12 15 2 9 3 4 
19 10 13 18 6 16 1 12 15 2 9 3 4 
20 10 13 6 16 1 12 5 15 2 9 3 4 
