1 1 
2 2 1 
3 2 3 1 
4 2 4 3 1 
5 2 4 3 5 1 
6 2 4 3 5 1 6 
7 7 2 4 3 5 1 6 
8 8 7 2 4 3 5 1 6 
9 8 7 2 9 4 3 5 1 6 
10 8 7 2 9 4 3 5 1 6 10 
11 8 7 2 9 11 4 3 5 1 6 10 
12 8 12 7 2 9 11 4 3 5 1 6 10 
13 12 7 9 11 4 3 5 1 6 10 8 2 13 
14 12 7 9 11 4 3 5 1 6 10 14 8 2 13 
15 12 7 9 11 4 3 5 1 6 10 14 8 15 2 13 
16 12 7 9 11 4 3 5 1 6 10 14 8 15 16 2 13 
17 17 12 7 9 11 4 3 5 1 6 10 14 8 15 16 2 13 
18 17 12 7 9 11 4 3 5 1 6 10 14 8 15 16 18 2 13 
19 17 12 7 9 11 4 3 5 19 1 6 10 14 8 15 16 18 2 13 
20 17 12 7 9 11 20 4 3 5 19 1 6 10 14 8 15 16 18 2 13 
21 17 12 21 7 9 11 20 4 3 5 19 1 6 10 14 8 15 16 18 2 13 
22 17 12 21 22 7 9 11 20 4 3 5 19 1 6 10 14 8 15 16 18 2 13 
23 17 12 21 22 7 9 11 20 4 3 5 19 1 6 10 14 8 15 16 18 2 13 23 
24 24 17 12 21 22 7 9 11 20 4 3 5 19 1 6 10 14 8 15 16 18 2 13 23 
25 17 21 22 7 9 11 20 19 10 8 15 16 2 13 24 25 12 4 3 5 1 6 14 18 23 
26 17 21 22 7 9 11 20 19 10 8 15 16 2 13 26 24 25 12 4 3 5 1 6 14 18 23 
27 17 27 21 22 7 9 11 20 19 10 8 15 16 2 13 26 24 25 12 4 3 5 1 6 14 18 23 
28 17 27 21 22 7 9 11 20 19 10 8 15 16 2 13 26 24 25 12 4 3 5 1 6 14 18 28 23 
29 17 27 21 29 22 7 9 11 20 19 10 8 15 16 2 13 26 24 25 12 4 3 5 1 6 14 18 28 23 
30 17 27 21 29 22 7 9 11 20 19 10 8 15 16 2 30 13 26 24 25 12 4 3 5 1 6 14 18 28 23 
31 17 27 21 29 22 7 9 11 20 19 10 8 15 16 2 30 13 26 24 31 25 12 4 3 5 1 6 14 18 28 23 
32 17 27 21 29 22 7 32 9 11 20 19 10 8 15 16 2 30 13 26 24 31 25 12 4 3 5 1 6 14 18 28 23 
33 17 27 21 29 22 7 32 9 11 20 19 10 8 15 16 2 30 13 26 33 24 31 25 12 4 3 5 1 6 14 18 28 23 
34 17 27 21 29 22 7 32 9 11 20 19 10 8 15 16 2 30 13 26 33 24 31 25 12 4 3 5 1 6 14 18 28 23 
