1 1 
2 2 1 
3 3 2 1 
4 3 2 1 
5 29 63 56 19 37 28 60 48 15 67 35 3 27 74 7 8 75 13 22 11 32 69 26 55 39 70 1 64 45 73 17 40 41 43 14 9 34 2 77 38 46 47 6 12 61 33 49 52 53 16 20 5 54 23 72 51 
6 29 63 56 19 37 28 60 48 15 67 35 3 27 74 7 8 75 13 22 11 32 69 26 55 39 70 1 64 45 73 17 40 41 43 14 9 34 2 77 38 46 47 6 12 61 33 49 52 53 16 20 5 54 23 72 51 
7 29 63 56 19 37 28 60 48 15 67 35 3 27 74 7 8 75 13 22 11 32 69 26 55 39 70 1 64 45 73 17 40 41 43 14 9 34 2 77 38 46 47 6 12 61 33 49 52 53 16 20 5 54 23 72 51 
8 29 63 56 19 37 28 60 48 15 67 35 3 27 74 7 75 8 13 22 11 32 69 26 55 39 70 1 64 45 73 17 40 41 43 14 9 34 2 77 38 46 47 6 12 61 33 49 52 53 16 20 5 54 23 72 51 
9 29 63 56 19 37 28 60 48 15 67 35 3 27 74 7 8 75 13 22 11 32 69 26 55 39 70 1 64 45 73 17 40 41 43 14 34 9 2 77 38 46 47 6 12 61 33 49 52 53 16 20 5 54 23 72 51 
10 29 63 56 19 37 28 60 48 15 67 35 3 27 74 7 8 75 13 22 11 32 69 26 55 39 70 1 64 45 73 17 40 41 43 14 9 34 2 77 38 46 47 6 12 61 33 49 52 53 16 20 5 54 23 72 51 
11 29 63 56 19 37 28 60 48 15 67 35 3 27 74 7 8 75 13 22 32 11 69 26 55 39 70 1 64 45 73 17 40 41 43 14 9 34 2 77 38 46 47 6 12 61 33 49 52 53 16 20 5 54 23 72 51 
12 29 63 56 19 37 28 60 48 15 67 35 3 27 74 7 8 75 13 22 11 32 69 26 55 39 70 1 64 45 73 17 40 41 43 14 9 34 2 77 38 46 47 6 12 61 33 49 52 53 16 20 5 54 23 72 51 
13 29 63 56 19 37 28 60 48 15 67 35 3 27 74 7 8 75 13 22 11 32 69 26 55 39 70 1 64 45 73 17 40 41 43 14 9 34 2 77 38 46 47 6 12 61 33 49 52 53 16 20 5 54 23 72 51 
14 29 63 56 19 37 28 60 48 15 67 35 3 27 74 7 8 75 13 22 11 32 69 26 55 39 70 1 64 45 73 17 40 41 43 14 9 34 2 77 38 46 47 6 12 61 33 49 52 53 16 20 5 54 23 72 51 
15 29 63 56 19 37 28 60 48 67 15 35 3 27 74 7 8 75 13 22 11 32 69 26 55 39 70 1 64 45 73 17 40 41 43 14 9 34 2 77 38 46 47 6 12 61 33 49 52 53 16 20 5 54 23 72 51 
16 29 63 56 19 37 28 60 48 15 67 35 3 27 74 7 8 75 13 22 11 32 69 26 55 39 70 1 64 45 73 17 40 41 43 14 9 34 2 77 38 46 47 6 12 61 33 49 52 53 16 20 5 54 23 72 51 
17 29 63 56 19 37 28 60 48 15 67 35 3 27 74 7 8 75 13 22 11 32 69 26 55 39 70 1 64 45 73 17 40 41 43 14 9 34 2 77 38 46 47 6 12 61 33 49 52 53 16 20 5 54 23 72 51 
18 29 63 56 19 37 28 60 48 15 67 35 3 27 74 7 8 75 13 22 11 32 69 26 55 39 70 1 64 45 73 17 40 41 43 14 9 34 2 77 38 46 47 6 12 61 33 49 52 53 16 20 5 54 23 72 51 
19 29 63 56 19 37 28 60 48 15 67 35 3 27 74 7 8 75 13 22 11 32 69 26 55 39 70 1 64 45 73 17 40 41 43 14 9 34 2 77 38 46 47 6 12 61 33 49 52 53 16 20 5 54 23 72 51 
20 29 63 56 19 37 28 60 48 15 67 35 3 27 74 7 8 75 13 22 11 32 69 26 55 39 70 1 64 45 73 17 40 41 43 14 9 34 2 77 38 46 47 6 12 61 33 49 52 53 16 20 5 54 23 72 51 
21 29 63 56 19 37 28 60 48 15 67 35 3 27 74 7 8 75 13 22 11 32 69 26 55 39 70 1 64 45 73 17 40 41 43 14 9 34 2 77 38 46 47 6 12 61 33 49 52 53 16 20 5 54 23 72 51 
22 29 63 56 19 37 28 60 48 15 67 35 3 27 74 7 8 75 13 22 11 32 69 26 55 39 70 1 64 45 73 17 40 41 43 14 9 34 2 77 38 46 47 6 12 61 33 49 52 53 16 20 5 54 23 72 51 
23 29 63 56 19 37 28 60 48 15 67 35 3 27 74 7 8 75 13 22 11 32 69 26 55 39 70 1 64 45 73 17 40 41 43 14 9 34 2 77 38 46 47 6 12 61 33 49 52 53 16 20 5 54 72 23 51 
24 29 63 56 19 37 28 60 48 15 67 35 3 27 74 7 8 75 13 22 11 32 69 26 55 39 70 1 64 45 73 17 40 41 43 14 9 34 2 77 38 46 47 6 12 61 33 49 52 53 16 20 5 54 23 72 51 
25 29 63 56 19 37 28 60 48 15 67 35 3 27 74 7 8 75 13 22 11 32 69 26 55 39 70 1 64 45 73 17 40 41 43 14 9 34 2 77 38 46 47 6 12 61 33 49 52 53 16 20 5 54 23 72 51 
26 29 63 56 19 37 28 60 48 15 67 35 3 27 74 7 8 75 13 22 11 32 69 55 26 39 70 1 64 45 73 17 40 41 43 14 9 34 2 77 38 46 47 6 12 61 33 49 52 53 16 20 5 54 23 72 51 
27 29 63 56 19 37 28 60 48 15 67 35 3 27 74 7 8 75 13 22 11 32 69 26 55 39 70 1 64 45 73 17 40 41 43 14 9 34 2 77 38 46 47 6 12 61 33 49 52 53 16 20 5 54 23 72 51 
28 29 63 56 19 37 28 60 48 15 67 35 3 27 74 7 8 75 13 22 11 32 69 26 55 39 70 1 64 45 73 17 40 41 43 14 9 34 2 77 38 46 47 6 12 61 33 49 52 53 16 20 5 54 23 72 51 
29 29 63 56 19 37 28 60 48 15 67 35 3 27 74 7 8 75 13 22 11 32 69 26 55 39 70 1 64 45 73 17 40 41 43 14 9 34 2 77 38 46 47 6 12 61 33 49 52 53 16 20 5 54 23 72 51 
30 29 63 56 19 37 28 60 48 15 67 35 3 27 74 7 8 75 13 22 11 32 69 26 55 39 70 1 64 45 73 17 40 41 43 14 9 34 2 77 38 46 47 6 12 61 33 49 52 53 16 20 5 54 23 72 51 
31 29 63 56 19 37 28 60 48 15 67 35 3 27 74 7 8 75 13 22 11 32 69 26 55 39 70 1 64 45 73 17 40 41 43 14 9 34 2 77 38 46 47 6 12 61 33 49 52 53 16 20 5 54 23 72 51 
32 29 63 56 19 37 28 60 48 15 67 35 3 27 74 7 8 75 13 22 11 32 69 26 55 39 70 1 64 45 73 17 40 41 43 14 9 34 2 77 38 46 47 6 12 61 33 49 52 53 16 20 5 54 23 72 51 
33 29 63 56 19 37 28 60 48 15 67 35 3 27 74 7 8 75 13 22 11 32 69 26 55 39 70 1 64 45 73 17 40 41 43 14 9 34 2 77 38 46 47 6 12 61 49 33 52 53 16 20 5 54 23 72 51 
34 29 63 56 19 37 28 60 48 15 67 35 3 27 74 7 8 75 13 22 11 32 69 26 55 39 70 1 64 45 73 17 40 41 43 14 9 34 2 77 38 46 47 6 12 61 33 49 52 53 16 20 5 54 23 72 51 
35 29 63 56 19 37 28 60 48 15 67 35 3 27 74 7 8 75 13 22 11 32 69 26 55 39 70 1 64 45 73 17 40 41 43 14 9 34 2 77 38 46 47 6 12 61 33 49 52 53 16 20 5 54 23 72 51 
36 29 63 56 19 37 28 60 48 15 67 35 3 27 74 7 8 75 13 22 11 32 69 26 55 39 70 1 64 45 73 17 40 41 43 14 9 34 2 77 38 46 47 6 12 61 33 49 52 53 16 20 5 54 23 72 51 
37 29 63 56 19 37 28 60 48 15 67 35 3 27 74 7 8 75 13 22 11 32 69 26 55 39 70 1 64 45 73 17 40 41 43 14 9 34 2 38 46 47 6 12 61 33 49 52 53 16 20 5 54 23 72 51 
38 29 63 56 19 37 28 60 48 15 67 35 3 27 74 7 8 75 13 22 11 32 69 26 55 39 70 1 64 45 73 17 40 41 43 14 9 34 2 77 38 46 47 6 12 61 33 49 52 53 16 20 5 54 23 72 51 
39 29 63 56 19 37 28 60 48 15 67 35 3 27 74 7 8 75 13 22 11 32 69 26 55 39 70 1 64 45 73 17 40 41 43 14 9 34 2 77 38 46 47 6 12 61 33 49 52 53 16 20 5 54 23 72 51 
40 29 63 56 19 37 28 60 48 15 67 35 3 27 74 7 8 75 13 22 11 32 69 26 55 39 70 1 64 45 73 17 40 41 43 14 9 34 2 77 38 46 47 6 12 61 33 49 52 53 16 20 5 54 23 72 51 
41 29 63 56 19 37 28 60 48 15 67 35 3 27 74 7 8 75 13 22 11 32 69 26 55 39 70 1 64 45 73 17 40 43 41 14 9 34 2 77 38 46 47 6 12 61 33 49 52 53 16 20 5 54 23 72 51 
42 29 63 56 19 37 28 60 48 15 67 35 3 27 74 7 8 75 13 22 11 32 69 26 55 39 70 1 64 45 73 17 40 41 43 14 9 34 2 77 38 46 47 6 12 61 33 49 52 53 16 20 5 54 23 72 51 
43 29 63 56 19 37 28 60 48 15 67 35 3 27 74 7 8 75 13 22 11 32 69 26 55 39 70 1 64 45 73 17 40 41 43 14 9 34 2 77 38 46 47 6 12 61 33 49 52 53 16 20 5 54 23 72 51 
44 29 63 56 19 37 28 60 48 15 67 35 3 27 74 7 8 75 13 22 11 32 69 26 55 39 70 1 64 45 73 17 40 41 43 14 9 34 2 77 38 46 47 6 12 61 33 49 52 53 16 20 5 54 23 72 51 
45 29 63 56 19 37 28 60 48 15 67 35 3 27 74 7 8 75 13 22 11 32 69 26 55 39 70 1 64 45 73 17 40 41 43 14 9 34 2 77 38 46 47 6 12 61 33 49 52 53 16 20 5 54 23 72 51 
46 29 63 56 19 37 28 60 48 15 35 3 27 74 7 8 75 13 22 11 32 69 26 55 39 70 1 64 45 73 17 40 41 43 14 9 34 2 77 38 46 47 6 12 61 33 49 52 53 16 20 5 54 23 72 51 
47 29 63 56 19 37 28 60 48 15 35 3 27 74 7 8 75 13 22 11 32 69 26 55 39 70 1 64 45 73 17 40 41 43 14 9 34 2 77 38 46 47 6 12 61 33 49 52 53 16 20 5 54 23 72 51 
48 29 63 56 19 37 28 60 48 15 35 3 27 74 7 8 75 13 22 11 32 69 26 55 39 70 1 64 45 73 17 40 41 43 14 9 34 2 77 38 46 47 6 12 61 33 49 52 53 16 20 5 54 23 72 51 
49 29 63 56 19 37 28 60 48 15 35 3 27 74 7 8 75 13 22 11 32 69 26 55 39 70 1 64 45 73 17 40 41 43 14 9 34 2 77 38 46 47 6 12 61 33 49 52 53 16 20 5 54 23 72 51 
50 29 63 56 19 37 28 60 48 15 35 3 27 74 7 8 75 13 22 11 32 69 26 55 39 70 1 64 45 73 17 40 41 43 14 9 34 2 77 38 46 47 6 12 61 33 49 52 53 16 20 5 54 23 72 51 
51 29 63 56 19 37 28 60 48 15 35 3 27 74 7 8 75 13 22 11 32 69 26 55 39 70 1 64 45 73 17 40 41 43 14 9 34 2 77 38 46 47 6 12 61 33 49 52 53 16 20 5 54 23 72 51 
52 29 63 56 19 37 28 60 48 15 35 3 27 74 7 8 75 13 22 11 32 69 26 55 39 70 1 64 45 73 17 40 41 43 14 9 34 2 77 38 46 47 6 12 61 33 49 52 53 16 20 5 54 23 72 51 
53 29 63 56 19 37 28 60 48 15 35 3 27 74 7 8 75 13 22 11 32 69 26 55 39 70 1 64 45 73 17 40 41 43 14 9 34 2 77 38 46 47 6 12 61 33 49 52 53 16 20 5 54 23 72 51 
54 29 63 56 19 37 28 60 48 15 35 3 27 74 7 8 75 13 22 11 32 69 26 55 39 70 1 64 45 73 17 40 41 43 14 9 34 2 77 38 46 47 6 12 61 33 49 52 53 16 20 5 54 23 72 51 
55 29 63 56 19 37 28 60 48 15 35 3 27 74 7 8 75 13 22 11 32 69 26 55 39 70 1 64 45 73 17 40 41 43 14 9 34 2 77 38 46 47 6 12 61 33 49 52 53 16 20 5 54 23 72 51 
56 29 63 56 19 37 28 60 48 15 35 3 27 74 7 8 75 13 22 11 32 69 26 55 39 70 1 64 45 73 17 40 41 43 14 9 34 2 77 38 46 47 6 12 61 33 49 52 53 16 20 5 54 23 72 51 
57 29 63 56 19 37 28 60 48 15 35 3 27 74 7 8 75 13 22 11 32 69 26 55 39 70 1 64 45 73 17 40 41 43 14 9 34 2 77 38 46 47 6 12 61 33 49 52 53 16 20 5 54 23 72 51 
58 29 63 56 19 37 28 60 48 15 67 35 3 27 74 7 8 75 13 22 11 32 69 26 55 39 70 1 64 45 73 17 40 41 43 14 9 34 2 77 38 46 47 6 12 61 33 49 52 53 16 20 5 54 23 72 51 
59 29 63 56 19 37 28 60 48 15 67 35 3 27 74 7 8 75 13 22 11 32 69 26 55 39 70 1 64 45 73 17 40 41 43 14 9 34 2 77 38 46 47 6 12 61 33 49 52 53 16 20 5 54 23 72 51 
60 29 63 56 19 37 28 60 48 15 67 35 3 27 74 7 8 75 13 22 11 32 69 26 55 39 70 1 64 45 73 17 40 41 43 14 9 34 2 77 38 46 47 6 12 61 33 49 52 53 16 20 5 54 23 72 51 
61 29 63 56 19 37 28 60 48 15 67 35 3 27 74 7 8 75 13 22 11 32 69 26 55 39 70 1 64 45 73 17 40 41 43 14 9 34 2 77 38 46 47 6 12 61 33 49 52 53 16 20 5 54 23 72 51 
62 29 63 56 19 37 28 60 48 15 67 35 3 27 74 7 8 75 13 22 11 32 69 26 55 39 70 1 64 45 73 17 40 41 43 14 9 34 2 77 38 46 47 6 12 61 33 49 52 53 16 20 5 54 23 72 51 
63 29 63 56 19 37 28 60 48 15 67 35 3 27 74 7 8 75 13 22 11 32 69 26 55 39 70 1 64 45 73 17 40 41 43 14 9 34 2 77 38 46 47 6 12 61 33 49 52 53 16 20 5 54 23 72 51 
64 29 63 56 19 37 28 60 48 15 67 35 3 27 74 7 8 75 13 22 11 32 69 26 55 39 70 1 64 45 73 17 40 41 43 14 9 34 2 77 38 46 47 6 12 61 33 49 52 53 16 20 5 54 23 72 51 
65 29 63 56 19 37 28 60 48 15 67 35 3 27 74 7 8 75 13 22 11 32 69 26 55 39 70 1 64 45 73 17 40 41 43 14 9 34 2 77 38 46 47 6 12 61 33 49 52 53 16 20 5 54 23 72 51 
66 29 63 56 19 37 28 60 48 15 67 35 3 27 74 7 8 75 13 22 11 32 69 26 55 39 70 1 64 45 73 17 40 41 43 14 9 34 2 77 38 46 47 6 12 61 33 49 52 53 16 20 5 54 23 72 51 
67 29 63 56 19 37 28 60 48 15 67 35 3 27 74 7 8 75 13 22 11 32 69 26 55 39 70 1 64 45 73 17 40 41 43 14 9 34 2 77 38 47 6 12 61 33 49 52 53 16 20 5 54 23 72 51 
68 29 63 56 19 37 28 60 48 15 67 35 3 27 74 7 8 75 13 22 11 32 69 26 55 39 70 1 64 45 73 17 40 41 43 14 9 34 2 77 38 47 6 12 61 33 49 52 53 16 20 5 54 23 72 51 
69 29 63 56 19 37 28 60 48 15 67 35 3 27 74 7 8 75 13 22 11 32 69 26 55 39 70 1 64 45 73 17 40 41 43 14 9 34 2 77 38 46 47 6 12 61 33 49 52 53 16 20 5 54 23 72 51 
70 29 63 56 19 37 28 60 48 15 67 35 3 27 74 7 8 75 13 22 11 32 69 26 55 39 70 1 64 45 73 17 40 41 43 14 9 34 2 77 38 46 47 6 12 61 33 49 52 53 16 20 5 54 23 72 51 
71 29 63 56 19 37 28 60 48 15 67 35 3 27 74 7 8 75 13 22 11 32 69 26 55 39 70 1 64 45 73 17 40 41 43 14 9 34 2 77 38 46 47 6 12 61 33 49 52 53 16 20 5 54 23 72 51 
72 29 63 56 19 37 28 60 48 15 67 35 3 27 74 7 8 75 13 22 11 32 69 26 55 39 70 1 64 45 73 17 40 41 43 14 9 34 2 77 38 46 47 6 12 61 33 49 52 53 16 20 5 54 23 72 51 
73 29 63 56 19 37 28 60 48 15 67 35 3 27 74 7 8 75 13 22 11 32 69 26 55 39 70 1 64 45 73 17 40 41 43 14 9 34 2 77 38 46 47 6 12 61 33 49 52 53 16 20 5 54 23 72 51 
74 29 63 56 19 37 28 60 48 15 67 35 3 27 74 7 8 75 13 22 11 32 69 26 55 39 70 1 64 45 73 17 40 41 43 14 9 34 2 77 38 46 47 6 12 61 33 49 52 53 16 20 5 54 23 72 51 
75 29 63 56 19 37 28 60 48 15 67 35 3 27 74 7 8 75 13 22 11 32 69 26 55 39 70 1 64 45 73 17 40 41 43 14 9 34 2 77 38 46 47 6 12 61 33 49 52 53 16 20 5 54 23 72 51 
76 29 63 56 19 37 28 60 48 15 67 35 3 27 74 7 8 75 13 22 11 32 69 26 55 39 70 1 64 45 73 17 40 41 43 14 9 34 2 77 38 46 47 6 12 61 33 49 52 53 16 20 5 54 23 72 51 
77 29 63 56 19 28 60 48 15 67 35 3 27 74 7 8 75 13 22 11 32 69 26 55 39 70 1 64 45 73 17 40 41 43 14 9 34 2 77 38 46 47 6 12 61 33 49 52 53 16 20 5 54 23 72 51 
78 29 63 56 19 28 60 48 15 67 35 3 27 74 7 8 75 13 22 11 32 69 26 55 39 70 1 64 45 73 17 40 41 43 14 9 34 2 77 38 46 47 6 12 61 33 49 52 53 16 20 5 54 23 72 51 
79 29 63 56 19 37 28 60 48 15 67 35 3 27 74 7 8 75 13 22 11 32 69 26 55 39 70 1 64 45 73 17 40 41 43 14 9 34 2 77 38 46 47 6 12 61 33 49 52 53 16 20 5 54 23 72 51 
