1 1 
2 1 2 
3 3 1 2 
4 3 1 4 2 
5 3 1 4 2 5 
6 3 1 4 2 6 5 
7 3 1 4 7 2 6 5 
8 3 1 4 8 7 2 6 5 
9 9 3 1 4 8 7 2 6 5 
10 9 3 1 4 8 7 10 2 6 5 
11 9 3 1 4 8 7 10 2 6 11 5 
12 9 3 1 4 8 7 10 12 2 6 11 5 
13 3 7 10 12 2 9 1 4 8 6 11 13 5 
14 3 7 10 12 2 9 1 4 8 6 11 13 5 
15 3 7 10 12 2 15 9 1 4 8 6 11 13 5 
16 3 7 10 12 2 15 9 1 4 8 6 11 13 5 
17 3 7 10 12 2 17 9 1 4 8 6 11 13 5 
18 3 7 10 12 2 15 17 9 1 4 8 6 11 13 5 
19 3 7 10 12 2 15 17 9 1 4 8 6 11 13 5 19 
20 3 7 10 12 2 15 17 1 4 8 6 11 13 5 19 20 
21 3 7 10 12 2 15 17 1 4 8 6 13 5 21 19 20 
22 3 7 10 12 2 15 17 9 1 22 4 8 6 11 13 5 21 19 20 
23 3 7 10 12 2 15 17 9 1 22 4 8 6 11 13 5 21 19 20 
24 3 7 10 12 2 15 17 24 9 1 22 4 8 6 11 13 5 21 19 20 
25 3 7 10 12 2 15 17 25 24 9 1 22 4 8 6 11 13 5 21 19 20 
26 3 7 10 12 2 15 17 25 24 9 1 22 4 8 6 11 13 5 21 19 26 20 
27 3 7 10 12 2 15 17 25 24 9 1 22 4 8 6 11 13 5 21 19 26 20 
28 3 7 10 12 2 15 17 25 24 9 1 22 4 8 6 11 13 5 21 19 26 20 
