1 1 
2 2 1 
3 2 1 3 
4 4 2 1 3 
5 4 38 44 55 57 2 52 41 59 30 54 10 25 22 26 14 6 27 48 46 8 63 20 1 47 53 5 50 65 45 61 35 13 3 43 29 31 49 24 9 36 
6 38 44 55 57 2 52 41 59 30 54 10 25 22 26 14 6 27 48 46 8 63 20 1 47 5 53 50 65 45 61 35 13 3 43 29 31 49 24 9 36 
7 38 44 55 57 2 52 41 59 30 54 10 25 22 26 14 6 27 48 46 8 63 20 1 47 5 53 50 65 45 61 35 13 3 43 29 31 49 24 9 36 
8 38 44 55 57 2 52 41 59 30 54 10 25 22 26 14 6 27 48 46 8 63 20 1 47 5 53 50 65 45 61 35 13 3 43 29 31 49 24 9 36 
9 38 44 55 57 2 52 41 59 30 54 10 25 22 26 14 6 27 48 46 8 63 20 1 47 5 53 50 65 45 61 35 13 3 43 29 31 49 24 36 9 
10 38 44 55 57 2 52 41 59 30 54 25 10 22 26 14 6 27 48 46 8 63 20 1 47 5 53 50 65 45 61 35 13 3 43 29 31 49 24 9 36 
11 11 44 55 57 2 52 41 59 30 54 10 25 22 26 14 6 27 48 46 8 63 20 1 47 5 53 50 65 45 61 13 3 43 29 31 49 24 9 36 
12 11 44 55 57 2 52 41 59 30 17 54 10 25 22 26 14 6 27 48 46 8 63 20 1 47 5 53 50 65 45 61 13 3 43 29 31 49 24 9 36 
13 11 44 55 57 2 52 41 59 30 17 54 10 25 22 26 14 6 27 48 46 8 63 20 1 47 5 53 50 65 45 61 13 3 43 29 31 49 24 9 36 
14 11 44 55 57 2 52 41 59 30 17 54 10 25 22 26 14 6 27 48 46 8 63 20 1 47 5 53 50 65 45 61 13 3 43 29 31 49 24 9 36 
15 11 44 55 57 2 52 41 59 30 17 54 10 25 22 26 14 6 27 48 46 8 63 20 1 47 5 53 50 65 45 61 13 3 43 29 31 49 24 9 36 
16 11 44 55 57 2 52 41 59 30 17 54 10 25 22 26 14 6 27 48 46 8 63 20 1 47 5 53 50 65 45 61 13 3 43 29 31 49 24 9 36 
17 44 55 57 2 52 41 59 30 54 17 10 25 22 26 14 6 27 48 46 8 63 20 1 47 5 53 50 65 45 61 13 3 43 29 31 49 24 9 36 
18 44 55 57 2 52 41 59 30 17 54 10 25 22 26 14 6 27 48 46 8 63 20 1 47 5 53 50 65 45 61 13 3 43 29 31 49 24 9 36 
19 44 55 57 2 52 41 59 19 30 54 10 25 22 26 14 6 27 48 46 8 63 20 1 47 5 53 50 65 45 61 13 3 43 29 31 49 24 9 36 
20 44 55 57 2 52 41 59 19 30 23 54 10 25 22 26 14 6 27 33 48 46 8 63 20 1 47 5 53 50 65 45 61 13 3 43 29 31 49 24 9 36 
21 44 55 57 2 52 41 59 19 30 23 54 10 25 22 26 14 6 27 33 48 46 8 63 20 1 47 5 53 50 65 45 61 13 3 43 29 31 49 24 9 36 
22 44 55 57 2 52 41 59 19 30 23 54 10 25 22 26 14 6 27 33 48 46 8 63 20 1 47 5 53 50 65 45 61 13 3 43 29 31 49 24 9 36 
23 44 55 57 2 52 59 19 30 54 23 10 25 22 26 14 6 27 33 48 46 8 63 20 1 47 5 53 50 45 61 13 3 43 29 31 49 24 9 36 
24 44 55 57 2 52 59 19 30 23 54 10 25 22 26 14 6 27 33 48 46 8 63 20 1 47 5 53 50 45 61 13 3 43 29 31 49 24 9 36 
25 55 57 2 52 59 19 30 23 54 10 25 22 26 14 6 27 33 48 46 8 63 20 1 47 5 53 50 45 61 13 3 43 29 31 49 24 9 36 
26 55 57 2 52 59 19 30 23 54 10 25 22 26 14 6 27 33 48 46 8 63 20 1 47 5 53 50 45 61 13 3 43 29 31 49 24 9 36 
27 55 57 2 52 59 19 30 23 54 10 25 22 26 14 6 33 27 48 46 8 63 20 1 47 5 53 50 45 61 13 3 43 29 31 49 24 9 36 
28 55 57 2 52 59 19 30 23 54 10 25 22 26 14 6 27 33 48 46 8 63 20 1 47 5 53 50 45 61 13 3 43 29 31 49 24 9 36 
29 55 57 2 52 59 19 30 23 54 10 25 22 26 14 6 27 33 48 46 8 63 20 1 47 5 53 50 45 61 13 3 43 31 29 49 24 9 36 
30 55 57 2 52 59 19 30 23 54 10 25 22 26 14 6 27 33 48 46 8 63 20 1 47 5 53 50 45 61 13 3 43 29 31 49 24 9 36 
31 55 57 2 52 59 19 30 23 54 10 25 22 26 14 6 27 33 48 46 8 63 20 1 47 5 53 50 45 61 13 3 43 29 31 49 24 9 36 
32 55 57 2 52 59 19 30 23 54 10 25 22 26 14 6 27 33 48 46 8 63 20 1 47 5 53 50 45 61 13 3 43 29 31 49 24 9 36 
33 55 57 2 52 59 30 23 54 10 25 22 26 14 6 27 33 48 46 8 63 20 1 47 5 53 50 45 61 13 3 43 29 31 49 24 9 36 
34 55 57 2 52 59 30 23 54 10 25 22 26 14 6 27 33 48 46 8 63 20 1 47 5 53 50 45 61 13 3 43 29 31 49 24 9 36 
35 44 55 57 2 52 41 59 30 23 54 10 25 22 26 14 6 27 48 46 8 63 20 1 47 5 53 50 65 45 61 35 13 3 43 29 31 49 24 9 36 
36 38 44 55 57 2 52 41 59 30 23 54 10 25 22 26 14 6 27 48 46 8 63 20 1 47 5 53 50 65 45 61 35 13 3 43 29 31 49 24 9 36 
37 38 44 55 57 2 52 41 59 30 23 54 10 25 22 26 14 6 27 48 46 8 63 20 1 47 5 53 50 65 45 61 35 13 3 43 29 31 49 24 9 36 
38 38 44 55 57 2 52 41 59 30 23 54 10 25 22 26 14 6 27 48 46 8 63 20 1 47 5 53 50 65 45 61 13 3 43 29 31 49 24 9 36 
39 38 44 55 57 2 52 41 59 30 23 54 10 25 22 26 14 6 27 48 46 8 63 20 1 47 5 53 50 65 45 61 13 3 43 29 31 49 24 9 36 
40 38 44 55 57 2 52 41 59 30 23 54 10 25 22 26 14 6 27 48 46 8 63 20 1 47 5 53 50 65 45 61 35 13 3 43 29 31 49 24 9 36 
41 38 44 55 57 2 52 59 41 30 54 10 25 22 26 14 6 27 48 46 8 63 20 1 47 5 53 50 45 61 35 13 3 43 29 31 49 24 9 36 
42 38 44 55 57 2 52 41 59 30 54 10 25 22 26 14 6 27 48 46 8 63 20 1 47 5 53 50 65 45 61 35 13 3 43 29 31 49 24 9 36 
43 38 44 55 57 2 52 41 59 30 54 10 25 22 26 14 6 27 48 46 8 63 20 1 47 5 53 50 65 45 61 35 13 3 43 29 31 49 24 9 36 
44 38 44 55 57 2 52 41 59 30 54 10 22 26 14 6 27 48 46 8 63 20 1 47 5 53 50 65 45 61 35 13 3 43 29 31 49 24 9 36 
45 38 44 55 57 2 52 41 59 30 54 10 22 26 14 6 27 48 46 8 63 20 1 47 5 53 50 65 45 61 35 13 3 43 29 31 49 24 9 36 
46 38 44 55 57 2 52 41 59 30 54 10 22 26 14 6 27 48 46 8 63 20 1 47 5 53 50 65 45 61 35 13 3 43 29 31 49 24 9 36 
47 38 44 55 57 2 52 41 59 30 54 10 22 26 14 6 27 48 46 8 63 20 1 47 5 53 50 65 45 61 35 13 3 43 29 31 49 24 9 36 
48 38 44 55 57 2 52 41 59 30 54 10 22 26 14 6 27 48 46 8 63 20 1 47 5 53 50 65 45 61 35 13 3 43 29 31 49 24 9 36 
49 38 44 55 57 2 52 41 59 30 54 10 22 26 14 6 27 48 46 8 63 20 1 47 5 53 50 65 45 61 35 13 3 43 29 31 49 24 9 36 
50 38 44 55 57 2 52 41 59 30 54 10 22 26 14 6 27 48 46 8 63 20 1 47 5 53 65 50 45 61 35 13 3 43 29 31 49 24 9 36 
51 38 44 55 57 2 52 41 59 30 54 10 22 26 14 6 27 48 46 8 63 20 1 47 5 53 50 65 45 61 35 13 3 43 29 31 49 24 9 36 
52 38 44 55 57 2 52 41 59 30 54 10 22 26 14 6 27 48 46 8 63 20 1 47 5 53 50 65 45 61 35 13 3 43 29 31 49 24 9 36 
53 38 44 55 57 2 52 41 59 30 54 10 22 26 14 6 27 48 46 8 63 20 1 47 5 53 50 65 45 61 35 13 3 43 29 31 49 24 9 36 
54 38 44 55 57 2 52 41 59 30 54 10 22 26 14 6 27 48 46 8 63 20 1 47 5 53 50 65 45 61 35 13 3 43 29 31 49 24 9 36 
55 38 44 55 57 2 52 41 59 30 54 10 22 26 14 6 27 48 46 8 63 20 1 47 5 53 50 65 45 61 35 13 3 43 29 31 49 24 9 36 
56 38 44 55 57 2 52 41 59 30 54 10 22 26 14 6 27 48 46 8 63 20 1 47 5 53 50 65 45 61 35 13 3 43 29 31 49 24 9 36 
57 38 44 55 57 2 52 41 30 54 10 22 26 14 6 27 48 46 8 63 20 1 47 5 53 50 65 45 61 35 13 3 43 29 31 49 24 9 36 
58 38 44 55 57 2 52 41 30 54 10 22 26 14 6 27 48 46 8 63 20 1 47 5 53 50 65 45 61 35 13 3 43 29 31 49 24 9 36 
59 38 44 55 2 52 41 59 30 54 10 22 26 14 6 27 48 46 8 63 20 1 47 5 53 50 65 45 61 35 13 3 43 29 31 49 24 9 36 
60 38 44 55 57 2 52 41 59 30 54 10 22 26 14 6 27 48 46 8 63 20 1 47 5 53 50 65 45 61 35 13 3 43 29 31 49 24 9 36 
61 38 44 55 57 2 52 41 59 30 54 10 22 26 14 6 27 48 46 8 20 1 47 5 53 50 65 45 61 35 13 3 43 29 31 49 24 9 36 
62 38 44 55 57 2 52 41 59 30 54 10 22 26 14 6 27 48 46 8 20 1 47 5 53 50 65 45 61 35 13 3 43 29 31 49 24 9 36 
63 38 44 55 57 2 52 41 59 30 54 10 22 26 14 6 27 48 46 8 63 20 1 47 5 53 50 65 45 35 13 3 43 29 31 49 24 9 36 
64 38 44 55 57 2 52 41 59 30 54 10 22 26 14 6 27 48 46 8 63 20 1 47 5 53 50 65 45 61 35 13 3 43 29 31 49 24 9 36 
65 38 44 55 57 2 52 59 30 54 10 22 26 14 6 27 48 46 8 63 20 1 47 5 53 50 65 45 61 35 13 3 43 29 31 49 24 9 36 
66 38 44 55 57 2 52 59 30 54 10 22 26 14 6 27 48 46 8 63 20 1 47 5 53 50 65 45 61 35 13 3 43 29 31 49 24 9 36 
67 38 44 55 57 2 52 41 59 30 54 10 25 22 26 14 6 27 48 46 8 63 20 1 47 5 53 50 65 45 61 35 13 3 43 29 31 49 24 9 36 
68 38 44 55 57 2 52 41 59 30 54 10 25 22 26 14 6 27 48 46 8 63 20 1 47 5 53 50 65 45 61 35 13 3 43 29 31 49 24 9 36 
