1 1 
2 2 1 
3 3 2 1 
4 3 4 2 1 
5 3 4 5 2 1 
6 3 4 5 2 1 
7 3 4 5 2 1 7 
8 3 4 5 2 1 8 7 
9 3 5 13 1 21 18 19 9 4 12 2 16 8 15 7 
10 3 5 13 1 21 18 19 9 4 12 2 16 8 15 7 
11 3 5 13 1 21 18 19 9 4 12 2 16 8 15 7 
12 3 5 13 1 21 18 19 9 4 12 2 16 8 15 7 
13 3 5 13 1 21 18 19 9 4 12 2 16 8 15 7 
14 3 5 13 1 21 18 19 9 4 12 2 16 8 15 7 
15 3 5 13 1 21 18 19 9 4 12 2 16 8 15 7 
16 3 5 13 1 21 18 19 9 4 12 2 16 8 15 7 
17 3 5 13 1 21 18 19 9 4 12 2 16 8 15 7 
18 3 5 13 1 21 18 19 9 4 12 2 16 8 15 
19 3 4 12 5 13 2 16 1 18 15 19 9 
20 3 4 12 5 13 2 16 1 18 15 19 9 
21 3 5 13 1 21 18 9 4 12 2 16 15 7 
22 3 5 13 1 21 18 9 4 12 2 16 15 7 
23 3 5 13 1 21 18 19 9 4 12 2 16 8 15 7 
