1 1 
2 1 2 
3 1 3 2 
4 1 4 3 2 
5 1 4 3 2 
6 1 4 3 2 6 
7 1 4 3 2 6 7 
8 1 4 3 2 6 7 
9 1 9 4 3 2 6 7 
10 1 9 4 3 2 10 6 7 
11 1 9 4 3 2 10 6 7 
12 12 1 9 4 3 2 10 6 7 
13 12 1 9 13 4 3 2 10 6 7 
14 12 1 9 13 4 3 2 10 6 7 
15 12 1 9 13 4 3 15 2 10 6 7 
16 12 1 9 13 4 3 15 2 10 6 16 7 
17 12 1 9 13 4 3 15 2 10 6 16 7 
18 12 18 1 9 13 4 3 2 10 6 7 
19 12 18 1 9 13 19 4 3 2 10 6 7 
20 1 9 3 2 10 6 20 16 7 12 18 13 19 4 15 
21 30 3 44 25 2 10 16 7 18 13 19 4 15 31 45 1 9 22 41 38 6 27 40 20 12 35 29 23 24 43 28 33 
22 30 3 44 25 2 10 16 7 18 13 19 4 15 31 45 1 9 22 41 38 6 27 40 20 12 35 29 23 24 43 28 33 
23 30 3 44 25 2 10 16 7 18 13 19 4 15 31 45 1 9 22 41 38 6 27 40 20 12 35 29 23 24 43 28 33 
24 30 3 44 25 2 10 16 7 18 13 19 4 15 31 45 1 9 22 41 38 6 27 40 20 12 35 29 23 43 24 28 33 
25 30 3 44 25 2 10 16 7 18 13 19 4 15 31 45 1 9 22 41 38 6 27 40 20 12 35 29 23 24 43 28 33 
26 30 3 44 25 2 10 16 7 18 13 19 4 15 31 45 1 9 22 41 38 6 27 40 20 12 35 29 23 24 43 28 33 
27 30 3 44 25 2 10 16 7 18 13 19 4 15 31 45 1 9 22 41 38 6 40 27 20 12 35 29 23 24 43 28 33 
28 30 3 44 25 2 10 16 7 18 13 19 4 15 31 45 1 9 22 41 38 6 27 40 20 12 35 29 23 24 43 28 33 
29 30 3 44 25 2 10 16 7 18 13 19 4 15 31 45 1 9 22 41 38 6 27 40 20 12 35 29 23 24 43 28 33 
30 30 3 44 25 2 10 16 7 18 13 19 4 15 31 45 1 9 22 41 38 6 27 40 20 12 35 29 23 24 43 28 33 
31 30 3 44 25 2 10 16 7 18 13 19 4 15 31 45 1 9 22 41 38 6 27 40 20 12 35 29 23 24 43 28 33 
32 30 3 44 25 2 10 16 7 18 13 19 4 15 31 45 1 9 22 41 38 6 27 40 20 12 35 29 23 24 43 28 33 
33 30 3 44 25 2 10 16 7 18 13 19 4 15 31 45 1 9 22 41 38 6 27 40 20 12 35 29 23 24 43 28 33 
34 30 3 44 25 2 10 16 7 18 13 19 4 15 31 45 1 9 22 41 38 6 27 40 20 12 35 29 23 24 43 28 33 
35 30 3 44 25 2 10 16 7 18 13 19 4 15 31 45 1 9 22 41 38 6 27 40 20 35 29 23 24 43 28 33 
36 30 3 44 25 2 10 16 7 18 13 19 4 15 31 45 1 9 22 41 38 6 27 40 20 35 29 23 24 43 28 33 
37 30 3 44 25 2 10 16 7 18 13 19 4 15 31 45 1 9 22 41 38 6 27 40 20 35 29 23 24 43 28 33 
38 30 3 44 25 2 10 16 7 18 13 19 4 15 31 45 1 9 22 41 38 6 27 40 20 35 29 23 24 43 28 33 
39 30 3 44 25 2 10 16 7 18 13 19 4 15 31 45 1 9 22 41 38 6 27 40 20 35 29 23 24 43 28 33 
40 30 3 44 25 2 10 16 7 18 13 19 4 15 31 45 1 9 22 41 38 6 27 40 20 35 29 23 24 43 28 33 
41 30 3 25 2 10 16 7 18 13 19 4 15 31 45 1 9 22 41 38 6 27 40 20 35 29 23 24 43 28 33 
42 30 3 25 2 10 16 7 18 13 19 4 15 31 45 1 9 22 41 38 6 27 40 20 35 29 23 24 43 28 33 
43 30 3 44 25 2 10 16 7 18 13 19 4 15 31 45 1 9 22 41 38 6 27 40 20 35 29 23 24 43 28 33 
44 30 3 44 25 2 10 16 7 18 13 19 4 15 31 45 1 9 22 38 6 27 40 20 35 29 23 24 43 28 33 
45 30 3 44 25 2 10 16 7 18 13 19 4 15 31 45 1 9 22 41 38 6 27 40 35 29 23 24 43 28 33 
46 30 3 44 25 2 10 16 7 18 13 19 4 15 31 45 1 9 22 41 38 6 27 40 35 29 23 24 43 28 33 
47 30 3 44 25 2 10 16 7 18 13 19 4 15 31 45 1 9 22 41 38 6 27 40 20 12 35 29 23 24 43 28 33 
