1 1 
2 2 1 
3 2 3 1 
4 2 4 3 1 
5 72 71 40 86 44 2 62 36 13 6 26 58 49 8 10 47 80 5 38 90 89 83 82 52 96 65 43 76 27 20 92 4 74 3 9 1 46 94 45 31 54 23 88 84 30 73 63 66 14 
6 72 71 27 40 86 20 92 74 44 3 9 1 46 2 62 36 94 13 6 45 26 31 54 23 88 58 49 84 8 10 47 30 73 63 80 5 66 38 90 89 83 82 52 96 65 43 76 14 
7 72 27 71 40 86 20 92 74 3 9 44 1 46 2 62 36 94 13 6 45 26 31 54 23 88 58 49 84 8 10 30 73 47 63 80 5 66 38 90 89 83 82 52 96 65 43 76 14 
8 72 27 71 40 86 20 92 74 3 9 44 1 46 2 62 36 94 13 6 45 26 31 54 23 88 58 49 84 8 10 30 73 47 63 80 5 66 38 90 89 83 82 52 96 65 43 76 14 
9 72 27 71 40 86 20 92 74 3 44 9 1 46 2 62 36 94 13 6 45 26 31 54 23 88 58 49 84 8 10 30 73 47 63 80 5 66 38 90 89 83 82 52 96 65 43 76 14 
10 72 27 71 40 86 20 92 74 3 9 44 1 46 2 62 36 94 13 6 45 26 31 54 23 88 58 49 84 8 10 30 73 47 63 80 5 66 38 90 89 83 82 52 96 65 43 76 14 
11 72 27 71 40 86 20 92 74 3 9 44 1 46 2 62 36 94 13 6 45 11 26 31 54 88 49 84 8 10 30 73 47 63 80 5 66 38 90 89 83 82 52 96 65 43 76 14 
12 72 27 71 40 86 20 92 74 3 9 44 17 1 46 2 62 36 94 13 6 45 11 26 31 54 88 49 84 8 10 30 73 47 63 80 5 66 38 90 89 83 82 52 96 65 43 76 14 
13 72 27 71 40 86 20 92 74 3 9 44 17 1 46 2 62 36 94 13 6 45 11 26 31 54 88 49 84 8 10 30 73 47 63 80 5 66 38 90 89 83 82 52 96 65 43 76 14 
14 72 27 71 40 86 20 92 74 3 9 44 17 1 46 2 62 36 94 13 6 45 11 26 31 54 88 49 84 8 10 30 73 47 63 80 5 66 38 90 89 83 82 52 96 65 43 76 14 
15 72 27 71 40 86 20 92 74 3 9 44 17 1 46 2 62 36 94 13 6 45 11 26 31 54 88 49 84 8 10 30 73 47 63 80 5 66 38 90 89 83 82 52 96 65 43 76 14 
16 72 27 71 40 86 20 92 74 3 9 44 17 1 46 2 62 36 94 13 6 45 11 26 31 54 88 49 84 8 10 30 73 47 63 80 5 66 38 90 89 83 82 52 96 65 43 76 14 
17 72 27 71 40 86 20 92 74 3 9 44 17 1 46 2 62 36 94 13 6 45 26 31 54 88 49 84 8 10 30 73 47 63 80 5 66 38 90 89 83 82 52 96 65 43 76 14 
18 72 27 71 40 86 20 92 74 3 9 44 17 1 46 2 62 36 94 13 6 45 26 31 54 88 49 84 8 10 30 73 47 63 80 5 66 38 90 89 83 82 52 96 65 43 76 14 
19 72 27 71 40 86 20 92 74 3 9 44 17 1 46 2 62 36 94 13 6 45 11 26 31 54 88 49 84 8 10 30 73 47 63 80 5 66 38 90 89 83 82 52 96 65 43 76 14 
20 72 27 71 40 86 92 20 74 3 9 44 17 1 46 2 62 36 94 13 6 45 11 26 31 54 88 49 84 8 10 30 73 47 63 80 5 66 38 90 89 83 82 52 96 65 43 76 14 
21 72 27 71 40 86 20 92 74 3 9 44 17 1 46 2 62 36 94 13 6 45 11 26 31 54 88 49 84 8 10 30 73 47 63 80 5 66 38 90 89 83 82 52 96 65 43 76 14 
22 72 27 71 40 86 20 92 74 3 9 44 17 1 46 2 62 36 94 13 6 45 11 26 31 54 88 49 84 8 10 30 73 47 63 80 5 66 38 90 89 83 82 52 96 65 43 76 14 
23 72 27 71 40 86 20 92 74 3 9 44 1 46 2 62 36 94 13 6 45 26 31 54 23 88 49 84 8 10 30 73 47 63 80 5 66 38 90 89 83 82 52 96 65 43 76 14 
24 72 27 71 40 86 20 92 74 3 9 44 1 46 2 62 36 94 13 6 45 26 31 54 23 88 49 84 8 10 30 73 47 63 80 5 66 38 90 89 83 82 52 96 65 43 76 14 
25 72 27 71 40 20 92 74 3 9 44 17 1 46 2 62 36 94 13 6 45 11 26 31 54 88 49 84 8 10 30 73 47 63 80 25 5 66 38 90 89 83 82 52 65 43 76 14 
26 72 27 71 40 20 92 74 3 9 44 17 1 46 2 62 36 94 13 6 45 11 26 31 54 88 49 84 8 10 30 73 47 63 80 25 5 66 38 90 89 83 82 52 65 43 76 14 
27 72 71 27 40 20 92 74 3 9 44 17 1 46 2 62 36 94 13 6 45 11 26 31 54 88 49 84 8 10 30 73 47 63 80 25 5 66 38 90 89 83 82 52 65 43 76 14 
28 72 27 71 40 20 92 74 3 9 44 17 1 46 2 62 36 94 13 6 45 11 26 31 54 88 49 84 8 10 30 73 47 63 80 25 5 66 38 90 89 83 82 52 65 43 76 14 
29 72 27 71 40 20 92 74 3 9 44 17 1 46 2 62 36 94 13 6 45 11 26 31 54 88 49 84 8 10 30 73 47 63 80 25 5 66 38 90 89 83 82 52 65 43 76 14 
30 72 27 71 40 20 92 74 3 9 44 17 1 46 2 62 36 94 13 6 45 11 26 31 54 88 49 84 8 10 73 47 30 63 80 25 5 66 38 90 89 83 82 52 65 43 76 14 
31 72 27 71 40 20 92 74 3 9 44 17 1 46 2 62 36 94 13 6 45 11 26 31 54 88 49 84 8 10 30 73 47 63 80 25 5 66 38 90 89 83 82 52 65 43 76 14 
32 72 27 71 40 20 92 74 3 9 44 17 1 46 2 62 36 94 13 6 45 11 26 31 54 88 49 84 8 10 30 73 47 63 80 25 5 66 38 90 89 83 82 52 65 43 76 14 
33 72 27 71 40 20 92 74 3 9 44 17 1 46 2 62 36 94 13 6 45 11 26 31 54 88 49 84 8 10 30 73 47 63 80 25 5 66 38 90 89 83 82 52 65 43 76 14 
34 72 27 40 20 92 74 3 9 44 17 1 46 2 62 36 94 13 6 45 11 26 31 54 88 34 49 84 8 10 30 73 47 63 80 25 5 66 38 90 89 83 52 65 43 76 14 
35 72 27 40 20 92 74 3 9 44 50 17 1 46 2 62 36 94 13 6 56 45 11 26 31 54 88 34 49 84 8 10 30 47 73 63 80 25 5 66 38 90 89 83 52 43 65 76 14 
36 72 27 40 20 92 74 3 9 44 50 17 1 46 2 62 94 36 13 6 56 45 11 26 31 54 88 34 49 84 8 10 30 47 73 63 80 25 5 66 38 90 89 83 52 43 65 76 14 
37 72 27 40 20 92 74 3 9 44 50 17 1 46 2 62 36 94 13 6 56 45 11 26 31 54 88 34 49 84 8 10 30 47 73 63 80 25 5 66 38 90 89 83 52 43 65 76 14 
38 72 27 40 20 92 74 3 9 44 50 17 1 46 2 62 36 94 13 6 56 45 11 26 31 54 88 34 49 84 8 10 30 47 73 63 80 25 5 66 38 90 89 83 52 43 65 76 14 
39 72 27 40 20 92 74 3 9 44 50 17 1 46 2 62 36 94 13 6 56 45 11 26 31 54 88 34 49 84 8 10 30 47 73 63 80 25 5 66 38 90 89 83 52 43 65 76 14 
40 72 27 40 20 92 74 3 9 44 50 17 1 46 2 62 36 94 13 6 56 45 11 26 31 54 88 34 49 84 8 10 30 47 73 63 80 25 5 66 38 90 89 83 52 43 65 76 14 
41 72 27 40 20 92 74 3 9 44 50 17 1 46 2 62 36 94 13 6 56 45 11 26 31 54 88 34 49 84 8 10 30 47 73 63 80 25 5 66 38 90 89 83 52 43 65 76 14 
42 72 27 40 20 92 74 3 9 44 50 17 1 46 2 62 36 94 13 6 56 45 11 26 31 54 88 34 49 84 8 10 30 47 73 63 80 25 5 66 38 90 89 83 52 43 65 76 14 
43 72 27 40 20 92 74 3 9 44 50 17 1 46 2 62 36 94 13 6 56 45 11 26 31 54 88 34 49 84 8 10 30 47 73 63 80 25 5 66 38 90 89 83 52 65 43 76 14 
44 72 27 40 20 92 74 3 9 50 44 17 1 46 2 62 36 94 13 6 56 45 11 26 31 54 88 34 49 84 8 10 30 47 73 63 80 25 5 66 38 90 89 83 52 43 65 76 14 
45 72 27 40 20 92 74 3 9 44 50 17 1 46 2 62 36 94 13 6 56 45 11 26 31 54 88 34 49 84 8 10 30 47 73 63 80 25 5 66 38 90 89 83 52 43 65 76 14 
46 72 27 40 20 92 74 3 9 44 50 17 1 46 2 62 36 94 13 6 56 45 11 26 31 54 88 34 49 84 8 10 30 47 73 63 80 25 5 66 38 90 89 83 52 43 65 76 14 
47 72 27 40 20 92 74 3 9 44 50 17 1 46 2 62 36 94 13 6 56 45 11 26 31 54 88 34 49 84 8 10 30 73 47 63 80 25 5 66 38 90 89 83 52 43 65 76 14 
48 72 27 40 20 92 74 3 9 44 50 17 1 46 2 62 36 94 13 6 56 45 11 26 31 54 88 34 49 84 8 10 30 47 73 63 80 25 5 66 38 90 89 83 52 43 65 76 14 
49 72 27 40 20 92 74 3 9 44 50 17 1 46 2 62 36 94 13 6 56 45 11 26 31 54 88 34 84 49 8 10 30 47 73 63 80 25 5 66 38 90 89 83 52 43 65 76 14 
50 27 40 20 92 74 3 9 44 50 17 1 46 2 62 36 94 13 6 56 45 11 26 31 54 88 34 49 84 8 10 30 47 73 63 80 25 5 66 38 90 89 52 43 65 76 14 
51 27 40 20 92 74 3 9 44 50 17 1 46 2 62 36 94 13 6 56 45 11 26 31 54 88 34 49 84 8 10 30 47 73 63 80 25 5 66 38 90 89 52 43 65 76 14 
52 27 40 20 92 74 3 9 44 50 17 1 46 2 62 36 94 13 6 56 45 11 26 31 54 88 34 49 84 8 10 30 47 73 63 80 25 5 66 38 90 89 52 43 65 76 14 
53 27 40 20 92 74 3 9 44 50 17 1 46 2 62 36 94 13 6 56 45 11 26 31 54 88 34 49 84 8 10 30 47 73 63 80 25 5 66 38 90 89 52 43 65 76 14 
54 27 40 20 92 74 3 9 44 50 17 1 46 2 62 36 94 13 6 56 45 11 26 31 54 88 34 49 84 8 10 30 47 73 63 80 25 5 66 38 90 89 52 43 65 76 14 
55 27 40 20 92 74 3 9 44 50 17 1 46 2 62 36 94 13 6 56 45 11 26 31 54 88 34 49 84 8 10 30 47 73 63 80 25 5 66 38 90 89 52 43 65 76 14 
56 72 27 40 20 92 74 3 9 44 50 17 1 46 2 62 36 94 13 6 56 45 11 26 31 54 88 49 84 8 10 30 47 73 63 80 25 5 66 38 90 89 83 52 43 65 76 14 
57 72 27 40 20 92 74 3 9 44 50 17 1 46 2 62 36 94 13 6 56 45 11 26 31 54 88 49 84 8 10 30 47 73 63 80 25 5 66 38 90 89 83 52 43 65 76 14 
58 72 27 40 20 92 74 3 9 44 50 1 46 2 62 36 94 13 6 56 45 26 31 54 88 34 49 84 58 8 10 30 47 73 63 80 25 5 66 38 90 89 83 52 43 65 76 14 
59 72 27 40 20 92 74 3 9 44 50 1 46 2 62 36 94 13 6 45 26 31 54 88 58 49 84 8 59 10 30 47 73 63 80 25 5 66 38 90 89 83 52 43 65 76 14 
60 27 40 20 92 74 3 9 44 1 46 2 62 36 94 13 6 45 26 31 54 88 60 58 49 84 8 59 10 30 47 73 63 80 25 5 66 38 90 89 52 43 65 76 14 
61 27 40 20 92 74 3 9 44 1 46 2 62 36 94 13 6 45 26 31 54 60 88 58 49 84 8 59 69 10 30 47 73 63 80 25 5 66 38 90 89 52 65 68 43 76 14 
62 27 40 20 92 74 3 9 44 1 46 2 62 36 94 13 6 45 26 31 54 60 88 58 49 84 8 59 69 10 30 47 73 63 80 25 5 66 38 90 89 52 65 68 43 76 14 
63 27 40 20 92 74 3 9 44 1 46 2 62 36 94 13 6 45 26 31 54 60 88 58 49 84 8 59 69 10 30 47 73 63 80 25 5 66 38 90 89 52 65 68 43 76 14 
64 27 40 20 92 74 3 9 44 1 46 2 62 36 94 13 6 45 26 31 54 60 88 58 49 84 8 59 69 10 30 47 73 63 80 25 5 66 38 90 89 52 65 68 43 76 14 
65 27 40 20 92 74 3 9 44 1 46 2 62 36 94 13 6 45 26 31 54 60 88 58 49 84 8 59 69 10 30 47 73 63 80 25 5 66 38 90 89 52 68 43 65 76 14 
66 27 40 20 92 74 3 9 44 1 46 2 62 36 94 13 6 45 26 31 54 60 88 58 49 84 8 59 69 10 30 47 73 63 80 25 5 66 38 90 89 52 65 68 43 76 14 
67 27 40 20 92 74 3 9 44 1 46 2 62 36 94 13 6 45 26 31 54 60 88 58 49 84 8 59 69 10 30 47 73 63 80 25 5 66 38 90 89 52 65 68 43 76 14 
68 27 40 20 92 74 3 9 44 1 46 2 62 36 94 13 6 45 26 31 54 60 88 58 49 84 8 69 10 30 47 73 63 80 25 5 66 38 90 89 52 65 43 68 76 14 
69 27 40 20 92 74 3 9 44 1 46 2 62 36 94 13 6 45 26 31 54 88 58 49 84 8 69 10 30 47 73 63 80 25 5 66 38 90 89 52 65 68 43 76 14 
70 27 40 20 92 74 3 9 44 1 46 2 62 36 94 13 6 45 26 31 54 88 58 49 84 8 69 10 30 47 73 63 80 25 5 66 38 90 89 52 65 68 43 76 14 
71 27 71 40 20 92 74 3 9 44 1 46 2 62 36 94 13 6 45 26 31 54 60 88 58 49 84 8 69 10 30 47 73 63 80 25 5 66 38 90 89 52 65 43 76 14 
72 72 27 71 40 20 92 74 3 9 44 1 46 2 62 36 94 13 6 45 26 31 54 88 58 49 84 8 10 30 47 73 63 80 25 5 66 38 90 89 52 65 43 76 14 
73 72 27 71 40 20 92 74 3 9 44 1 46 2 62 36 94 13 6 45 26 31 54 88 58 49 8 10 30 47 73 63 80 25 5 66 38 90 89 52 65 43 76 14 
74 72 27 71 40 20 92 74 3 9 44 1 46 2 62 36 94 13 6 45 26 31 54 88 58 84 49 8 10 30 73 47 63 80 25 5 66 38 90 83 89 82 52 65 43 76 14 
75 72 27 71 40 20 92 74 3 9 44 1 46 2 62 36 94 13 6 45 26 31 54 88 58 84 49 8 10 30 73 47 63 80 25 5 66 38 90 83 89 82 52 65 43 76 14 
76 72 27 71 40 20 92 74 3 9 78 44 1 46 2 62 36 94 13 6 45 26 31 54 88 58 84 49 8 10 30 73 47 63 80 25 5 66 38 90 83 89 82 52 65 43 76 14 
77 72 27 71 40 20 92 74 3 9 78 44 1 46 2 62 36 94 13 6 45 26 31 54 88 58 84 49 8 10 30 73 47 63 80 25 5 66 38 90 83 89 82 52 65 43 76 14 
78 27 71 40 20 92 74 3 9 44 78 1 46 2 62 36 94 13 6 45 26 31 54 88 58 84 49 8 10 30 73 47 63 80 25 5 66 38 90 89 82 52 65 43 76 14 
79 27 71 40 20 92 74 3 9 78 44 1 46 2 62 36 94 13 6 45 26 31 54 88 58 84 49 8 10 30 73 47 63 80 25 5 66 38 90 89 82 52 65 43 76 14 
80 72 27 71 40 20 92 74 3 9 78 44 1 46 2 62 36 94 13 6 45 26 31 54 88 58 84 49 8 10 30 73 47 63 80 25 5 66 38 90 83 89 82 52 65 43 76 14 
81 72 27 71 40 20 92 74 3 9 78 44 1 46 2 62 36 94 13 6 45 26 31 54 88 58 84 49 8 10 30 73 47 63 80 25 5 66 38 90 83 89 82 52 65 43 76 14 
82 72 27 40 20 92 74 3 9 78 44 1 46 2 62 36 94 13 6 45 26 31 54 88 58 84 49 8 10 30 73 47 63 80 25 5 66 38 90 83 89 52 82 65 43 76 14 
83 27 40 20 92 74 3 9 44 1 46 2 62 36 94 13 6 45 26 31 54 88 58 84 49 8 10 30 73 47 63 80 25 5 66 38 90 89 83 82 52 65 43 76 14 
84 27 40 20 92 74 3 9 44 1 46 2 62 36 94 13 6 45 26 31 54 88 58 49 84 8 10 30 47 63 80 25 5 66 38 90 83 89 82 52 65 43 76 14 
85 27 40 20 92 74 3 9 44 1 46 2 62 36 94 13 6 45 26 31 54 88 58 84 49 8 10 30 47 63 80 25 5 66 38 90 83 89 82 52 65 43 76 14 
86 72 71 27 40 86 20 92 74 44 3 9 1 46 2 62 36 94 13 6 45 26 31 54 23 88 58 49 84 8 10 47 30 73 63 80 5 66 38 90 83 89 82 52 65 43 76 14 
87 72 27 71 40 86 20 92 74 3 9 44 1 46 2 62 94 36 13 6 45 26 31 54 23 88 58 84 49 8 10 30 73 47 63 80 5 66 38 90 89 83 82 52 96 65 43 76 14 
88 72 27 71 40 86 20 92 74 3 9 44 1 46 2 62 94 36 13 6 45 26 31 54 23 88 58 84 49 8 10 30 73 47 63 80 5 66 38 90 89 83 82 52 96 65 43 76 14 
89 72 27 71 40 86 20 92 74 3 9 44 1 46 2 62 94 36 13 6 45 26 31 54 23 88 58 84 49 8 10 30 73 47 63 80 5 66 38 90 83 89 82 52 96 65 43 76 14 
90 72 27 71 40 86 20 92 74 3 9 44 1 46 2 62 94 36 13 6 45 26 31 54 23 88 58 84 49 8 10 30 73 47 63 80 5 66 38 90 89 83 82 52 96 65 43 76 14 
91 72 27 71 40 86 20 92 74 3 9 44 1 46 2 62 94 36 13 6 45 26 31 54 23 88 58 84 49 8 10 30 73 47 63 80 5 66 38 90 89 83 82 52 96 65 43 76 14 
92 72 27 71 40 86 20 92 74 3 9 44 1 46 2 62 94 36 13 6 45 26 31 54 23 88 58 84 49 8 10 30 73 47 63 80 5 66 38 90 89 83 82 52 96 65 43 76 14 
93 72 27 71 40 86 20 92 74 3 9 44 1 46 2 62 94 36 13 6 45 26 31 54 23 88 58 84 49 8 10 30 73 47 63 80 5 66 38 90 89 83 82 52 96 65 43 76 14 
94 72 27 71 40 86 20 92 74 3 9 44 1 46 2 62 36 94 13 6 45 26 31 54 23 88 58 84 49 8 10 30 73 47 63 80 5 66 38 90 89 83 82 52 96 65 43 76 14 
95 72 27 71 40 86 20 92 74 3 9 44 1 46 2 62 94 36 13 6 45 26 31 54 23 88 58 84 49 8 10 30 73 47 63 80 5 66 38 90 89 83 82 52 96 65 43 76 14 
96 72 27 71 40 20 92 74 3 9 44 1 46 2 62 94 36 13 6 45 26 31 54 23 88 58 84 49 8 10 30 73 47 63 80 5 66 38 90 89 83 82 52 96 65 43 76 14 
97 72 27 71 40 20 92 74 3 9 44 1 46 2 62 94 36 13 6 45 26 31 54 23 88 58 84 49 8 10 30 73 47 63 80 5 66 38 90 89 83 82 52 96 65 43 76 14 
98 72 27 71 40 86 20 92 74 3 9 44 1 46 2 62 94 36 13 6 45 26 31 54 23 88 58 84 49 8 10 30 73 47 63 80 5 66 38 90 89 83 82 52 96 65 43 76 14 
99 72 27 71 40 86 20 92 74 3 9 44 1 46 2 62 36 94 13 6 45 26 31 54 23 88 58 49 84 8 10 30 73 47 63 80 5 66 38 90 89 83 82 52 96 65 43 76 14 
