1 1 
2 2 1 
3 2 1 3 
4 2 1 4 3 
5 2 5 1 4 3 
6 2 5 1 4 6 3 
7 2 5 1 4 7 6 3 
8 2 12 5 1 7 9 17 14 8 18 4 11 6 16 15 13 3 
9 2 12 5 1 7 9 17 8 14 18 4 11 6 16 15 13 3 
10 2 12 5 1 7 9 17 8 14 18 4 11 6 16 15 13 3 
11 2 12 5 1 7 9 17 8 14 18 4 11 6 16 15 13 3 
12 2 12 5 1 7 9 17 8 14 18 4 11 6 16 15 13 3 
13 2 12 5 1 7 9 17 8 14 18 4 11 6 16 15 13 3 
14 2 12 5 1 7 9 17 8 14 18 4 11 6 16 15 13 3 
15 2 12 5 1 7 9 17 8 14 18 4 11 6 16 15 13 3 
16 2 12 5 1 7 9 17 8 14 18 4 11 6 16 15 13 3 
17 2 12 5 1 7 9 17 8 14 18 11 6 16 15 13 3 
18 2 12 5 1 9 17 8 14 18 11 6 16 15 13 3 
19 2 12 5 1 9 17 8 14 18 11 6 16 15 13 3 
20 2 12 5 1 7 9 17 8 14 18 4 11 6 16 15 13 3 
