1 1 
2 2 1 
3 3 2 1 
4 3 2 4 1 
5 3 5 2 4 1 
6 3 5 2 4 1 6 
7 3 5 2 4 1 7 6 
8 3 8 5 2 4 1 7 6 
9 3 8 5 2 4 1 9 7 6 
10 3 10 8 5 2 4 1 9 7 6 
11 11 3 10 8 5 2 4 1 9 7 6 
12 11 3 10 8 5 2 4 1 9 7 6 
13 11 13 3 10 8 5 2 4 1 9 7 6 
14 11 13 3 10 8 5 2 4 1 9 7 6 
15 11 3 10 8 5 2 4 15 1 9 7 6 
16 13 3 10 5 15 1 6 11 8 2 4 9 7 
17 13 3 10 5 15 1 6 11 17 8 2 4 9 7 
18 13 3 10 5 15 1 6 11 18 17 8 2 9 7 
19 13 3 10 15 1 6 11 18 17 8 2 19 9 7 
20 13 3 10 20 5 15 1 6 11 18 17 8 2 4 19 9 7 
21 13 3 10 20 5 15 1 6 11 18 17 8 2 4 19 9 7 
22 13 3 10 20 5 15 1 6 11 18 17 8 2 4 19 9 7 22 
23 13 3 10 20 5 15 1 6 11 18 17 8 2 4 19 23 9 7 22 
24 13 3 10 20 5 15 1 6 11 18 17 8 2 4 19 23 9 7 22 24 
25 13 3 10 20 5 15 1 6 11 18 17 8 2 4 19 23 9 7 22 24 
26 13 3 10 20 5 15 1 6 11 18 17 8 2 4 19 23 9 7 22 24 
