1 1 
2 2 1 
3 3 2 1 
4 3 2 1 
5 5 3 2 1 
6 15 35 10 3 33 7 28 19 30 14 36 12 47 45 41 20 29 23 24 44 11 18 5 39 42 2 16 1 13 25 
7 15 35 10 3 33 7 28 19 30 14 36 12 47 45 41 20 29 23 24 44 11 18 39 42 2 16 1 13 25 
8 15 35 10 3 33 7 28 19 30 14 36 12 47 45 41 20 29 23 24 44 11 18 39 42 2 16 1 13 25 
9 15 35 10 3 33 7 28 19 30 14 36 12 47 45 41 20 29 23 24 44 11 18 39 42 2 16 1 13 25 
10 15 35 10 3 33 7 28 19 30 14 36 12 47 45 41 20 29 23 24 44 11 18 39 42 2 16 1 13 25 
11 15 35 10 3 33 7 28 19 30 14 36 12 47 45 41 20 29 23 24 44 11 18 39 42 2 16 1 13 25 
12 15 35 10 3 33 7 19 30 14 36 12 47 45 41 20 29 23 24 11 18 39 42 2 16 1 13 25 
13 15 35 10 3 33 7 19 30 14 36 12 47 45 41 20 29 23 24 11 18 39 42 2 16 1 25 13 
14 15 35 10 3 33 7 19 30 36 14 12 47 45 41 20 29 23 24 11 18 39 42 2 16 1 13 25 
15 15 35 10 3 33 7 19 30 14 36 12 47 45 41 20 29 24 11 18 39 42 2 16 1 13 25 
16 15 35 10 3 33 7 19 30 14 36 12 47 41 20 29 24 11 18 39 42 2 16 1 13 25 
17 15 35 10 3 33 7 28 19 30 14 36 12 47 45 41 20 29 23 24 44 11 18 39 42 2 16 1 13 25 
18 15 35 10 3 33 7 28 19 30 14 36 12 47 45 41 20 29 23 24 44 11 18 39 42 2 16 1 13 25 
19 15 35 10 3 33 7 28 19 30 14 36 12 47 45 41 20 29 23 24 44 11 18 39 42 2 16 1 13 25 
20 15 35 10 3 33 7 28 19 30 14 36 12 47 45 41 29 20 23 24 44 11 18 39 42 2 16 1 13 25 
21 15 35 10 3 33 7 28 19 30 14 36 12 47 45 41 20 29 23 24 44 11 18 39 42 2 16 1 13 25 
22 15 35 10 3 33 7 28 19 30 14 36 12 47 45 41 20 29 23 24 44 11 18 39 42 2 16 1 13 25 
23 35 10 3 33 7 28 19 30 14 36 12 47 45 41 20 29 23 24 44 11 18 39 42 2 16 1 13 25 
24 35 10 3 33 7 28 19 30 14 36 12 47 45 41 20 29 23 44 24 11 18 39 42 2 16 1 13 25 
25 35 10 3 33 7 28 19 30 14 36 12 47 45 41 20 29 23 24 44 11 18 39 42 2 16 1 13 25 
26 35 10 3 33 7 28 19 30 14 36 12 47 45 41 20 29 23 24 44 11 18 39 42 2 16 1 13 25 
27 35 10 3 33 7 28 19 30 14 36 12 47 45 41 20 29 23 24 44 11 18 39 42 2 16 1 13 25 
28 15 35 10 3 33 7 28 19 30 14 36 47 45 41 20 29 23 24 11 18 39 42 2 16 1 13 25 
29 15 35 10 3 33 7 28 19 30 14 36 47 45 41 20 29 23 24 11 18 39 42 2 16 1 13 25 
30 15 35 10 3 33 7 28 19 30 14 36 47 45 41 20 29 23 24 11 18 39 42 2 16 1 13 25 
31 15 35 10 3 33 7 28 19 30 14 36 47 45 41 20 29 23 24 11 18 39 42 2 16 1 13 25 
32 15 35 10 3 33 7 28 19 30 14 36 47 45 41 20 29 23 24 11 18 39 42 2 16 1 13 25 
33 15 35 10 3 33 7 28 19 30 14 36 12 47 45 41 20 29 23 24 44 11 18 39 42 2 16 1 13 25 
34 15 35 10 3 33 7 28 19 30 14 36 12 47 45 41 20 29 23 24 44 11 18 39 42 2 16 1 13 25 
35 15 35 10 3 33 7 28 19 30 14 36 12 47 45 41 20 29 23 24 44 11 18 39 42 2 16 1 13 25 
36 15 35 10 3 33 7 28 19 30 14 36 12 47 45 41 20 29 23 24 44 11 18 39 42 2 16 1 13 25 
37 15 35 10 3 33 7 28 19 30 14 36 12 47 45 41 20 29 23 24 44 11 18 39 42 2 16 1 13 25 
38 15 35 10 3 33 7 28 19 30 14 36 12 47 45 41 20 29 23 24 44 11 18 39 42 2 16 1 13 25 
39 15 35 10 3 33 7 28 19 30 14 36 12 47 45 41 20 29 23 24 44 11 18 42 39 2 16 1 13 25 
40 15 35 10 3 33 7 28 19 30 14 36 12 47 45 41 20 29 23 24 44 11 18 39 42 2 16 1 13 25 
41 15 35 10 3 33 7 28 19 30 14 36 12 47 45 41 20 29 23 24 44 11 18 39 42 2 16 1 13 25 
42 15 35 10 3 33 7 28 19 30 14 36 12 47 45 41 20 29 23 24 44 11 18 39 42 2 16 1 13 25 
43 15 35 10 3 33 7 28 19 30 14 36 12 47 45 41 20 29 23 24 44 11 18 39 42 2 16 1 13 25 
44 15 35 10 3 33 7 19 30 14 36 47 45 41 20 29 23 24 44 11 18 39 42 2 16 1 13 25 
45 15 35 10 3 33 7 28 19 30 14 36 12 47 45 41 20 29 23 24 44 11 18 39 42 2 1 13 25 
46 15 35 10 3 33 7 28 19 30 14 36 12 47 45 41 20 29 23 24 44 11 18 39 42 2 1 13 25 
47 15 35 10 3 33 7 28 19 30 14 36 12 47 45 41 20 29 23 24 44 11 18 39 42 2 16 1 13 25 
48 15 35 10 3 33 7 28 19 30 14 36 12 47 45 41 20 29 23 24 44 11 18 39 42 2 16 1 13 25 
49 15 35 10 3 33 7 28 19 30 14 36 12 47 45 41 20 29 23 24 44 11 18 39 42 2 16 1 13 25 
50 15 35 10 3 33 7 28 19 30 14 36 12 47 45 41 20 29 23 24 44 11 18 5 39 42 2 16 1 13 25 
