1 1 
2 2 1 
3 2 3 1 
4 2 3 1 4 
5 2 3 1 4 5 
6 2 3 1 4 5 
7 2 3 1 4 5 7 
8 8 2 3 1 4 5 7 
9 20 16 8 17 22 9 2 1 13 14 19 3 10 4 5 7 
10 20 16 8 9 17 22 2 1 13 14 19 3 10 4 5 7 
11 20 16 8 9 17 22 2 1 13 14 19 3 10 4 5 7 
12 20 16 8 9 17 22 2 1 13 14 19 3 10 4 5 7 
13 20 16 8 9 17 22 2 1 13 14 19 3 10 4 5 7 
14 20 16 8 9 17 22 2 1 13 14 19 3 10 4 5 7 
15 20 16 8 9 17 22 2 1 13 14 19 3 10 4 5 7 
16 20 16 8 9 17 22 2 1 13 14 19 3 10 4 5 7 
17 20 16 8 9 22 17 2 1 13 14 19 3 10 4 5 7 
18 20 16 8 9 17 22 2 1 13 14 19 3 10 4 5 7 
19 20 16 8 9 17 22 2 1 13 14 19 3 10 4 5 
20 20 16 9 17 2 1 13 14 19 3 10 4 5 
21 20 16 9 17 2 1 13 14 19 3 10 4 5 
22 16 9 17 22 2 1 13 14 19 3 10 4 5 7 
23 16 9 22 17 2 1 13 14 19 3 10 4 5 7 
24 20 16 8 9 17 22 2 1 24 13 14 19 3 10 4 5 7 
25 20 16 8 9 17 22 2 1 24 13 14 19 3 10 25 4 5 7 
26 16 9 17 2 1 24 13 26 14 19 3 10 25 4 5 7 
27 28 30 16 9 17 2 37 1 24 31 13 26 14 19 3 10 25 29 4 5 7 
28 30 28 16 9 17 2 37 1 24 31 13 26 14 19 3 10 25 29 4 5 7 
29 28 30 16 9 17 2 37 1 24 31 13 26 14 19 3 10 25 29 4 5 7 
30 28 30 16 9 17 2 37 1 24 31 13 26 14 19 3 10 25 29 4 5 7 
31 28 30 16 9 17 2 37 1 24 31 13 26 14 19 3 10 25 29 4 5 7 
32 28 30 16 9 17 2 37 1 24 31 13 26 14 19 3 10 25 29 4 5 7 
33 28 30 16 9 17 2 33 37 1 24 31 13 26 14 19 3 10 25 29 4 5 7 
34 28 30 16 9 17 2 34 33 37 1 24 31 13 26 14 19 3 10 25 29 4 5 7 
35 28 30 16 9 17 2 34 33 37 1 24 31 13 26 14 19 3 10 25 29 4 5 7 
36 28 30 16 9 17 2 34 33 37 1 24 31 13 26 14 19 3 10 25 29 4 5 7 
37 28 30 16 9 17 2 37 1 24 31 13 14 19 3 10 25 29 4 5 7 
38 28 30 16 9 17 2 37 1 24 31 13 14 19 3 10 25 29 4 5 7 
39 28 30 16 9 17 2 34 33 37 1 24 31 13 26 14 19 3 10 25 29 4 5 7 
