1 1 
2 1 2 
3 1 2 3 
4 1 2 3 4 
5 5 1 2 3 4 
6 6 5 1 2 3 4 
7 6 5 7 1 2 3 4 
8 5 9 11 33 2 32 39 31 35 7 41 10 30 3 6 18 26 12 19 15 21 29 43 4 38 1 37 28 13 
9 5 11 9 33 2 32 39 31 35 7 41 10 30 3 6 18 26 12 19 15 21 29 43 4 38 1 37 28 13 
10 5 9 11 33 2 32 39 31 35 7 41 10 30 3 6 18 26 12 19 15 21 29 43 4 38 1 37 28 13 
11 5 9 11 33 2 32 39 31 35 7 41 10 30 3 6 18 26 12 19 15 21 29 43 4 38 1 37 28 13 
12 5 9 11 33 2 32 39 31 35 7 41 10 30 3 6 18 26 19 12 15 21 29 43 4 38 1 37 28 13 
13 5 9 11 33 2 32 39 31 35 7 41 10 30 3 6 18 26 12 19 15 21 29 43 4 38 1 37 28 13 
14 5 9 11 33 2 32 39 31 35 7 41 10 30 3 6 18 26 12 19 15 21 29 43 4 38 1 37 28 13 
15 5 9 11 33 2 32 39 31 35 7 41 10 30 3 6 18 26 12 19 21 15 29 43 4 38 1 37 28 13 
16 5 9 11 33 2 32 39 31 35 7 41 10 30 3 6 18 26 12 19 15 21 29 43 4 38 1 37 28 13 
17 5 9 11 33 2 32 39 31 35 7 41 10 30 3 6 18 26 12 19 15 21 29 43 4 38 1 37 28 13 
18 5 9 11 33 2 32 39 31 35 7 41 10 30 3 6 18 26 12 19 15 21 29 43 4 38 1 37 28 13 
19 5 9 11 33 2 32 39 31 35 7 41 10 30 3 6 18 26 12 19 15 21 29 43 4 38 1 37 28 13 
20 5 9 11 33 2 32 39 31 35 7 41 10 30 3 6 18 26 12 19 15 21 29 43 4 38 1 37 28 13 
21 5 9 11 33 2 32 39 31 35 7 10 30 3 6 18 26 12 19 15 21 29 43 4 38 1 37 28 13 
22 5 9 11 33 2 32 39 31 35 7 41 10 30 3 6 18 26 12 19 21 15 29 43 4 38 1 37 28 13 
23 5 9 11 33 2 32 39 31 35 7 41 10 30 3 6 18 26 12 19 21 15 29 43 4 38 1 37 28 13 
24 5 9 11 33 2 32 39 31 35 7 41 10 30 3 6 18 26 12 19 21 15 29 43 4 38 1 37 28 13 
25 5 9 11 33 2 32 39 31 35 7 41 10 30 3 6 18 26 12 19 21 15 29 43 4 1 37 25 28 13 
26 5 9 11 33 2 32 39 31 7 41 10 30 3 6 18 26 12 19 21 15 29 43 4 1 37 25 28 13 
27 5 9 11 33 2 32 31 39 35 7 41 10 30 3 6 18 26 12 19 34 21 15 29 43 4 1 37 25 28 13 
28 5 9 11 33 2 32 31 39 35 7 41 10 30 3 6 18 26 12 19 34 21 15 29 43 4 1 37 25 28 13 
29 5 9 11 33 2 32 31 39 35 7 41 10 30 3 6 18 26 12 19 34 21 15 29 43 4 1 37 25 28 13 
30 5 9 11 33 2 32 31 39 35 7 41 10 30 3 6 18 26 12 19 34 21 15 29 43 4 1 37 25 28 13 
31 5 9 11 33 2 32 39 31 35 7 41 10 30 3 6 18 26 12 19 34 21 15 29 43 4 1 37 25 28 13 
32 5 9 11 33 2 32 31 39 35 7 41 10 30 3 6 18 26 12 19 34 21 15 29 43 4 1 37 25 28 13 
33 5 9 11 33 2 32 31 39 35 7 41 10 30 3 6 18 26 12 19 34 21 15 29 43 4 1 37 25 28 13 
34 5 9 11 33 2 32 31 39 35 7 41 10 30 3 6 18 26 12 19 34 21 15 29 43 4 1 37 28 13 
35 5 9 11 33 2 32 31 39 35 7 41 10 30 3 6 18 12 19 34 21 15 29 43 4 1 37 28 13 
36 5 9 11 33 2 32 31 39 35 7 41 10 30 3 6 18 12 19 34 21 15 29 43 4 1 37 28 13 
37 5 9 11 33 2 32 31 39 35 7 41 10 30 3 6 18 26 12 19 34 21 15 29 43 4 1 37 25 28 13 
38 5 9 11 33 2 32 31 39 35 7 41 10 30 3 6 18 26 12 19 21 15 29 43 4 38 1 37 28 13 
39 5 9 11 33 2 32 31 39 35 7 41 10 30 3 6 18 26 12 19 21 15 29 43 4 38 1 37 28 13 
40 5 9 11 33 2 32 39 31 35 7 41 10 30 3 6 18 26 12 19 21 15 29 43 4 38 1 37 28 13 
41 5 9 11 33 2 32 39 31 35 7 41 10 30 3 6 18 26 12 19 15 29 43 4 38 1 37 28 13 
42 5 9 11 33 2 32 39 31 35 7 41 10 30 3 6 18 26 12 19 15 29 43 4 38 1 37 28 13 
43 5 9 11 33 2 32 39 31 35 41 10 30 3 6 18 26 12 19 15 21 29 43 4 38 1 37 28 13 
44 5 9 11 33 2 32 39 31 35 41 10 30 3 6 18 26 12 19 15 21 29 43 4 38 1 37 28 13 
45 5 9 11 33 2 32 39 31 35 41 10 30 3 6 18 26 45 12 19 15 21 29 4 38 1 37 28 13 
46 5 9 11 33 2 52 32 39 31 61 35 41 10 30 3 6 59 18 55 45 54 26 63 12 19 51 15 21 29 50 4 38 1 60 37 53 57 28 48 13 
47 5 9 11 33 2 52 32 39 31 61 35 41 10 30 3 6 59 18 55 45 54 26 63 12 19 51 15 21 29 47 50 4 38 1 37 53 57 28 48 
48 5 9 11 33 2 52 32 39 31 61 35 10 30 3 6 59 18 55 45 54 26 63 12 19 51 15 29 47 50 4 38 1 37 53 28 48 
49 5 9 11 33 2 52 32 39 31 61 35 10 30 3 6 59 18 55 45 54 26 63 51 12 19 15 29 47 50 4 56 38 1 37 53 57 28 48 
50 5 9 11 33 2 52 32 39 31 61 35 10 30 3 6 59 18 55 45 54 26 63 51 12 19 15 29 47 50 4 56 38 1 37 53 57 28 48 
51 5 9 11 33 2 52 32 39 31 61 35 10 30 3 6 59 18 55 45 54 26 63 12 19 51 15 29 47 50 4 56 38 1 37 53 57 28 48 
52 5 9 11 33 2 52 32 39 31 61 35 10 30 3 6 59 18 55 45 54 26 63 51 12 19 15 29 47 50 4 56 38 1 37 53 57 28 48 
53 5 9 11 33 2 52 32 39 31 61 35 10 30 3 6 59 18 55 45 54 26 63 51 12 19 15 29 47 50 4 56 38 1 37 53 57 28 48 
54 5 9 11 33 2 52 32 39 31 61 35 10 30 3 6 59 18 55 45 26 54 63 51 12 19 15 29 47 50 4 56 38 1 37 53 57 28 48 
55 5 9 11 33 2 52 32 39 31 61 35 10 30 3 6 59 18 55 45 54 26 63 51 12 19 15 29 47 50 4 56 38 1 37 53 57 28 48 
56 5 9 11 33 2 52 32 39 31 61 35 10 30 3 6 59 18 55 45 54 26 63 51 12 19 15 29 50 4 38 56 1 37 53 57 28 48 
57 5 9 11 33 2 52 32 39 31 61 35 10 30 3 6 59 18 55 45 54 26 63 51 12 19 15 29 50 4 56 38 1 37 53 57 28 
58 5 9 11 33 2 52 32 39 31 61 35 10 30 3 6 59 18 55 45 54 26 63 51 12 19 15 29 50 4 56 38 1 37 53 57 28 
59 5 9 11 33 2 52 32 39 31 61 35 10 30 3 6 59 18 55 45 54 26 63 51 12 19 15 29 47 50 4 56 38 1 37 53 57 28 48 
60 5 9 11 33 2 52 32 39 31 61 35 10 30 3 6 59 18 55 45 54 26 63 51 12 19 15 29 50 4 38 1 37 60 53 57 28 48 
61 5 9 11 33 2 52 32 39 31 61 35 10 30 3 6 59 18 55 45 54 26 63 51 12 19 15 29 50 4 38 1 60 37 53 57 28 48 
62 5 9 11 33 2 52 32 39 31 61 35 10 30 3 6 59 18 55 45 54 26 63 51 12 19 15 29 50 4 38 1 60 37 53 57 28 48 
63 5 9 11 33 2 52 32 39 31 61 35 10 30 3 6 59 18 55 54 26 63 51 12 19 15 29 50 4 38 1 60 37 53 57 28 48 
64 5 9 11 33 2 52 32 39 31 61 35 10 30 3 6 59 18 55 54 26 63 51 12 19 15 29 50 4 38 1 60 37 53 57 28 48 
65 5 9 11 33 2 52 32 39 31 61 35 41 10 30 3 6 59 18 55 45 54 26 63 12 19 51 15 21 29 50 4 38 1 60 37 53 57 28 48 13 
