1 1 
2 2 1 
3 2 1 3 
4 2 1 3 4 
5 5 2 1 3 4 
6 5 2 1 3 6 4 
7 5 2 1 3 6 4 7 
8 5 2 1 3 6 4 7 8 
9 5 9 2 1 3 6 4 7 8 
10 5 9 2 1 3 6 10 4 7 8 
11 5 9 2 1 11 3 6 10 4 7 8 
12 5 9 2 1 11 3 6 10 4 7 8 
13 5 9 2 1 11 3 6 10 4 13 7 8 
14 5 9 2 1 11 3 6 10 4 13 7 8 
15 5 9 2 1 11 3 15 6 10 4 7 8 
16 5 9 11 3 15 10 4 13 7 8 2 1 6 
17 5 9 11 3 15 10 4 13 7 8 17 2 1 6 
18 5 9 11 3 15 10 13 7 8 17 2 1 18 6 
19 9 11 3 15 10 19 13 7 8 17 2 1 18 6 
20 5 9 11 3 15 10 19 4 13 7 8 17 2 1 18 6 20 
21 5 9 11 3 15 10 19 4 13 7 8 17 2 1 18 6 20 
22 5 9 11 3 15 10 19 4 13 7 8 17 2 1 18 6 22 20 
23 5 9 11 3 15 23 10 19 4 13 7 8 17 2 1 18 6 22 20 
24 5 9 24 11 3 15 23 10 19 4 13 7 8 17 2 1 18 6 22 20 
25 5 9 24 11 3 15 23 10 19 4 13 7 8 17 2 1 18 6 22 20 
26 5 9 24 11 3 15 23 10 19 4 13 7 8 17 2 1 18 6 22 20 
