1 1 
2 1 2 
3 1 3 2 
4 4 1 3 2 
5 4 5 1 3 2 
6 4 5 1 3 2 
7 4 5 1 3 7 2 
8 4 5 1 3 7 8 2 
9 5 19 12 1 16 4 9 3 7 8 13 2 18 15 21 
10 5 19 12 1 16 4 9 3 7 8 13 2 18 15 21 
11 5 19 12 1 16 4 9 3 7 8 13 2 18 15 21 
12 5 19 12 1 16 4 9 3 7 8 13 2 18 15 21 
13 5 19 12 1 16 4 9 3 7 8 13 2 18 15 21 
14 5 19 12 1 16 4 9 3 7 8 13 2 18 15 21 
15 5 19 12 1 16 4 9 3 7 8 13 2 18 15 21 
16 5 19 12 1 16 4 9 3 7 8 13 2 18 15 21 
17 5 19 12 1 16 4 9 3 7 8 13 2 18 15 21 
18 5 19 12 1 16 4 9 3 8 13 2 18 15 21 
19 4 5 9 19 12 1 3 13 2 18 15 16 
20 4 5 9 19 12 1 3 13 2 18 15 16 
21 5 12 1 16 4 9 3 7 13 2 18 15 21 
22 5 12 1 16 4 9 3 7 13 2 18 15 21 
23 5 19 12 1 16 4 9 3 7 23 8 13 2 18 15 21 
24 5 19 12 1 24 16 4 9 3 7 23 8 13 2 18 15 21 
25 5 25 12 1 24 16 4 9 3 7 23 13 2 18 15 
26 5 25 28 12 1 29 24 30 27 16 4 9 3 7 23 36 13 2 18 15 
27 5 25 28 12 1 29 24 30 27 16 4 9 3 7 23 36 13 2 18 15 
28 5 25 28 12 1 29 24 30 27 16 4 9 3 7 23 36 13 2 18 15 
29 5 25 28 12 1 29 24 30 27 16 4 9 3 7 23 36 13 2 18 15 
30 5 25 28 12 1 29 24 30 27 16 4 9 3 7 23 36 13 2 18 15 
31 5 25 28 12 1 29 24 30 27 16 4 9 3 7 23 36 13 2 18 15 
32 5 25 28 12 1 29 24 30 27 16 4 9 3 7 23 36 13 2 18 32 15 
33 5 25 28 12 1 29 24 30 27 16 4 9 33 3 7 23 36 13 2 32 18 15 
34 5 25 28 12 1 29 24 30 27 16 4 9 33 3 7 23 36 13 2 32 18 15 
35 5 25 28 12 1 29 24 30 27 16 4 9 33 3 7 23 36 13 2 32 18 15 
36 5 28 12 1 29 24 30 27 16 4 9 3 7 23 36 13 2 18 15 
37 5 28 12 1 29 24 30 27 16 4 9 3 7 23 36 13 2 18 15 
38 5 25 28 12 1 29 24 30 27 16 4 9 33 3 7 23 36 13 2 32 18 15 
