1 1 
2 1 2 
3 3 1 2 
4 3 1 2 
5 3 1 2 5 
6 6 11 44 19 7 1 47 30 34 53 14 9 57 25 21 41 59 39 55 45 10 52 43 3 31 12 29 33 2 50 5 
7 6 11 44 19 7 1 47 30 34 53 14 9 57 25 21 41 59 39 55 45 10 52 43 3 31 12 29 33 2 50 
8 6 11 44 19 7 1 47 30 34 53 14 9 57 25 21 41 59 39 55 45 10 52 43 3 31 12 29 33 2 50 
9 6 11 44 19 7 1 47 30 34 53 14 57 9 25 21 41 59 39 55 45 10 52 43 3 31 12 29 33 2 50 
10 6 11 44 19 7 1 47 30 34 53 14 9 57 25 21 41 59 39 55 45 52 43 10 3 31 12 29 33 2 50 
11 6 11 44 19 7 1 47 30 34 53 14 9 57 25 21 41 59 39 55 45 10 52 43 3 31 12 29 33 2 50 
12 6 11 44 19 7 1 47 30 34 53 14 9 57 25 21 41 59 39 55 45 10 52 43 3 31 12 29 33 2 50 
13 6 11 44 19 7 1 47 30 34 53 14 9 57 25 21 41 59 39 55 45 10 52 43 3 31 12 29 33 2 50 
14 6 11 44 19 7 1 47 30 34 53 14 9 57 25 21 41 59 39 55 45 10 52 43 3 31 12 29 33 2 50 
15 6 11 44 19 7 1 47 30 34 53 14 9 57 25 21 41 59 39 55 45 10 52 43 3 31 12 29 33 2 50 
16 6 11 44 19 7 1 47 30 34 53 14 9 57 21 41 59 39 55 45 10 52 43 16 3 31 12 29 33 2 50 
17 6 11 44 19 7 1 47 30 34 53 14 9 18 57 21 41 23 59 39 55 45 10 52 43 16 3 31 12 29 33 2 50 
18 6 11 44 19 7 1 30 34 53 14 9 57 18 21 41 23 59 55 45 10 52 43 16 3 31 12 29 33 2 50 
19 6 11 44 19 7 1 30 34 53 14 9 18 57 21 41 23 59 55 45 10 52 43 16 3 31 12 29 33 2 50 
20 6 11 44 19 7 1 30 34 53 14 9 18 57 21 41 23 59 55 45 10 52 43 16 3 31 12 29 33 2 50 
21 6 11 44 19 7 1 30 34 53 14 9 18 57 21 41 23 59 55 45 10 52 43 16 3 31 12 29 33 2 50 
22 6 11 44 19 7 1 30 34 53 14 9 18 57 21 41 23 59 55 45 10 52 43 16 3 31 12 29 33 2 50 
23 6 11 44 19 7 1 30 34 53 14 9 18 57 21 41 59 23 55 45 10 52 43 3 31 12 29 33 2 50 
24 6 11 44 19 7 1 30 34 53 14 9 18 57 21 41 23 59 55 45 10 52 43 3 31 12 29 33 2 50 
25 6 11 44 19 7 1 47 30 34 53 14 9 18 57 25 21 41 59 39 55 45 10 52 43 3 31 12 29 33 2 50 
26 6 11 26 44 19 7 1 30 34 53 14 9 57 25 21 41 59 55 45 10 52 43 3 31 12 29 33 2 50 
27 6 11 27 26 44 19 7 1 30 34 53 14 9 57 25 21 41 55 45 10 52 43 3 31 12 29 33 2 
28 6 11 27 26 44 19 7 1 30 34 53 14 37 9 57 25 21 41 55 45 10 52 43 3 31 12 29 33 2 36 
29 6 11 27 26 44 19 7 1 30 34 53 14 37 9 57 25 21 41 55 45 10 52 43 3 31 12 33 29 2 36 
30 6 11 27 26 44 19 7 1 30 34 53 14 37 9 57 25 21 41 55 45 10 52 43 3 31 12 29 33 2 36 
31 6 11 27 26 44 19 7 1 30 34 53 14 37 9 57 25 21 41 55 45 10 52 43 3 31 12 29 33 2 36 
32 6 11 27 26 44 19 7 1 30 34 53 14 37 9 57 25 21 41 55 45 10 52 43 3 31 12 29 33 2 36 
33 6 11 27 26 44 19 7 1 30 34 53 14 37 9 57 25 21 41 55 45 10 52 43 3 31 12 29 33 2 36 
34 6 11 27 26 44 19 7 1 30 34 53 14 37 9 57 25 21 41 55 45 10 52 43 3 31 12 29 33 2 36 
35 6 11 27 26 44 19 7 1 30 34 53 14 37 9 57 25 21 41 55 45 10 52 43 3 31 12 29 33 2 36 
36 6 11 27 44 19 7 1 30 34 53 14 37 9 57 25 21 41 55 45 10 52 43 3 31 12 29 33 2 36 
37 6 11 44 19 7 1 30 34 53 14 37 9 57 25 21 41 55 45 10 52 43 3 31 12 29 33 2 36 
38 6 11 44 19 7 1 30 34 53 14 37 9 57 25 21 41 55 45 10 52 43 3 31 12 29 33 2 36 
39 6 11 27 44 19 7 1 30 34 53 14 37 9 57 25 21 41 55 39 45 10 52 43 3 31 12 29 33 2 
40 6 11 40 44 19 7 1 30 34 53 14 9 57 25 21 41 39 55 45 10 52 43 3 31 12 29 33 2 
41 6 11 40 44 48 19 7 1 47 30 34 53 14 9 57 25 21 41 39 55 45 10 43 52 3 31 12 29 33 2 
42 6 11 40 44 48 19 7 1 47 30 34 53 14 9 57 25 21 41 39 55 45 10 43 52 3 31 12 29 33 2 
43 6 11 40 44 48 19 7 1 47 30 34 53 14 9 57 25 21 41 39 55 45 10 52 43 3 31 12 29 33 2 
44 6 11 40 48 44 19 7 1 47 30 34 53 14 9 57 25 21 41 39 55 45 10 43 52 3 31 12 29 33 2 
45 6 11 40 44 48 19 7 1 47 30 34 53 14 9 57 25 21 41 39 55 45 10 43 52 3 31 12 29 33 2 
46 6 11 40 44 48 19 7 1 47 30 34 53 14 9 57 25 21 41 39 55 45 10 43 52 3 31 12 29 33 2 
47 6 11 40 44 48 19 7 1 47 30 34 53 14 9 57 25 21 41 55 45 10 43 52 3 31 12 29 33 2 
48 6 11 44 48 19 7 1 47 30 34 53 14 9 57 25 21 41 55 45 10 43 52 3 31 12 29 33 2 
49 6 11 44 48 19 7 1 47 30 34 53 14 9 57 25 21 41 55 45 10 43 52 3 31 12 29 33 2 
50 6 11 44 19 7 1 47 30 34 53 14 9 57 25 21 41 39 55 45 10 43 52 3 31 12 29 33 2 50 
51 6 11 44 19 7 1 47 30 34 53 14 9 57 25 21 41 59 39 55 45 10 52 43 3 31 12 29 33 2 50 
52 6 11 44 19 7 1 47 30 34 53 14 9 57 25 21 41 59 39 55 45 10 43 52 3 31 12 29 33 2 50 
53 6 11 44 19 7 1 47 30 34 53 14 9 57 25 21 41 59 39 55 45 10 52 43 3 31 12 29 33 2 50 
54 6 11 44 19 7 1 47 30 34 53 14 9 57 25 21 41 59 39 55 45 10 52 43 3 31 12 29 33 2 50 
55 6 11 44 19 7 1 47 30 34 53 14 9 57 25 21 41 59 39 55 45 10 52 43 3 31 12 29 33 2 50 
56 6 11 44 19 7 1 47 30 34 53 14 9 57 25 21 41 59 39 55 45 10 52 43 3 31 12 29 33 2 50 
57 6 11 44 19 7 1 47 30 34 53 14 9 57 25 21 41 59 39 55 45 10 52 43 3 31 12 29 33 2 50 
58 6 11 44 19 7 1 47 30 34 53 14 9 57 25 21 41 59 39 55 45 10 52 43 3 31 12 29 33 2 50 
59 6 11 44 19 7 1 47 30 34 53 14 9 57 25 21 41 59 39 55 45 10 52 43 3 31 12 29 33 2 
60 6 11 44 19 7 1 47 30 34 53 14 9 57 25 21 41 59 39 55 45 10 52 43 3 31 12 29 33 2 
61 6 11 44 19 7 1 47 30 34 53 14 9 57 25 21 41 59 39 55 45 10 52 43 3 31 12 29 33 2 50 
62 6 11 44 19 7 1 47 30 34 53 14 9 57 25 21 41 59 39 55 45 10 52 43 3 31 12 29 33 2 50 
