1 1 
2 1 2 
3 1 2 3 
4 1 2 3 4 
5 1 2 3 4 5 
6 1 6 2 3 4 5 
7 1 6 7 2 3 4 5 
8 1 6 8 7 2 3 4 5 
9 1 6 8 7 9 2 3 4 5 
10 1 6 24 14 17 19 18 21 20 8 7 22 9 16 2 3 11 4 5 
11 1 6 24 14 17 19 18 21 20 8 7 22 9 16 2 3 11 4 5 
12 1 6 24 14 17 19 18 21 20 8 7 22 9 16 2 3 11 4 5 
13 1 6 24 14 17 19 18 21 20 8 7 22 9 16 2 3 11 4 5 
14 1 6 24 14 17 19 18 21 20 8 7 22 9 16 2 3 11 4 5 
15 1 6 24 14 17 19 18 21 20 8 7 22 9 16 2 3 11 4 5 
16 1 6 24 14 17 19 18 21 20 8 7 22 9 16 2 3 11 4 5 
17 1 6 24 14 17 19 18 21 20 8 7 22 9 16 2 3 11 4 5 
18 1 6 24 14 17 19 18 21 20 8 7 22 9 16 2 3 11 4 5 
19 1 6 24 14 17 19 18 21 20 8 7 22 9 16 2 3 11 4 5 
20 1 6 24 14 17 19 18 21 20 8 7 22 9 16 2 3 11 4 5 
21 1 6 24 14 17 19 18 21 20 8 7 22 9 16 2 3 11 4 5 
22 1 6 24 14 17 19 18 21 20 8 7 22 9 16 2 3 11 4 5 
23 1 6 24 14 17 19 18 21 20 8 7 22 9 16 2 3 11 4 5 
24 1 6 24 14 17 19 18 21 20 8 7 22 16 2 3 11 4 5 
25 1 6 24 14 17 19 18 21 20 8 7 22 16 2 3 11 4 5 
26 1 6 24 26 14 17 19 18 21 20 8 7 22 9 16 2 3 11 4 5 
27 1 6 24 26 14 17 19 18 21 20 8 7 22 9 16 2 3 11 4 5 
28 1 6 24 26 14 17 19 18 21 20 8 7 22 9 16 2 3 11 4 5 
29 1 6 24 26 14 17 19 18 29 21 20 8 7 22 9 16 2 3 11 4 5 
30 1 6 24 26 14 17 19 29 18 21 20 8 7 22 9 16 2 3 11 30 4 5 
31 1 6 24 26 14 17 19 29 18 21 20 8 7 22 9 16 2 3 30 11 4 5 
32 1 6 26 14 17 19 29 18 21 20 8 7 22 16 32 2 3 30 11 4 5 
33 1 39 17 18 20 34 7 22 16 32 2 5 6 26 40 14 36 19 29 21 38 41 8 35 42 3 30 11 37 4 
34 1 39 17 18 20 34 7 22 16 32 2 5 6 26 40 14 36 19 29 21 38 41 8 35 42 3 30 11 37 4 
35 1 39 17 18 20 34 7 22 16 32 2 5 6 26 40 14 36 19 29 21 38 41 8 35 42 3 30 11 37 4 
36 1 39 17 18 20 34 7 22 16 32 2 5 6 26 40 14 36 19 29 21 38 41 8 35 42 3 30 11 37 4 
37 1 39 17 18 20 34 7 22 16 32 2 5 6 26 40 14 36 19 29 21 38 41 8 35 42 3 30 11 37 4 
38 1 39 17 18 20 34 7 22 16 32 2 6 26 40 14 36 19 29 21 38 41 8 35 42 3 30 11 37 4 
39 1 39 17 18 20 34 7 22 16 32 2 6 26 40 14 36 19 29 21 38 41 8 35 42 3 30 11 37 4 
40 1 39 17 18 20 34 7 22 16 32 2 6 26 14 40 36 19 29 21 38 41 8 35 42 3 30 11 37 4 
41 1 39 17 18 20 34 7 22 16 32 2 26 40 14 36 19 29 21 38 41 8 35 42 3 30 11 37 4 
42 1 39 17 18 20 34 7 22 16 2 26 40 14 36 19 29 21 38 41 8 35 42 3 30 11 37 4 
43 1 39 17 18 20 34 7 22 16 2 26 40 14 36 19 29 21 38 41 8 35 42 3 30 11 37 4 
44 1 39 44 17 18 20 34 7 22 16 32 2 5 6 26 40 14 36 19 29 21 38 41 8 35 42 3 30 11 37 4 
45 1 44 39 17 18 20 34 7 22 16 32 2 5 45 6 26 40 14 36 19 29 21 38 41 8 35 42 3 30 11 37 4 
46 1 44 39 17 18 20 34 7 22 16 32 2 5 45 6 26 40 14 36 19 29 21 38 41 8 35 42 3 30 11 37 4 
47 1 44 39 17 18 20 34 7 22 16 32 2 5 45 6 26 40 14 36 19 29 21 38 41 8 35 47 42 3 30 11 37 4 
48 1 44 39 17 18 20 34 7 22 16 32 2 5 45 6 26 40 14 36 19 29 21 38 41 8 35 47 42 3 30 11 37 4 
49 1 44 39 49 17 18 20 34 7 22 16 32 2 5 45 6 26 40 14 36 19 29 21 38 41 8 35 42 3 30 11 37 4 
50 1 44 39 49 17 18 20 34 7 22 16 32 2 5 45 6 26 40 14 36 19 29 21 38 41 8 35 47 42 3 30 11 37 4 
