1 1 
2 2 1 
3 3 2 1 
4 9 2 19 5 11 6 21 7 10 17 3 13 15 1 14 
5 9 2 19 5 11 6 21 7 10 17 3 13 15 1 14 
6 9 2 19 5 11 21 6 7 10 17 3 13 15 1 14 
7 9 2 19 5 11 6 21 10 7 3 13 15 1 14 
8 9 2 19 5 11 6 21 7 10 17 3 13 15 1 14 
9 9 2 19 5 11 6 21 7 10 17 3 13 15 1 14 
10 9 2 19 5 11 6 21 7 17 10 3 13 15 1 14 
11 9 2 19 5 11 6 21 7 10 17 3 13 15 1 14 
12 9 2 19 5 11 6 21 7 10 17 3 13 15 1 14 
13 9 2 19 5 11 6 21 7 10 17 3 13 15 1 14 
14 9 2 19 5 11 6 21 7 10 17 3 13 15 1 14 
15 9 2 19 5 11 6 21 7 10 17 3 13 15 1 14 
16 9 2 19 5 11 6 21 7 10 17 3 13 15 1 14 
17 9 2 19 5 11 6 21 10 17 3 13 15 1 14 
18 9 2 19 5 11 6 21 10 17 3 13 15 1 14 
19 9 2 19 5 11 6 21 7 10 17 3 13 15 1 14 
20 9 2 19 5 11 6 21 7 10 17 3 13 15 1 14 
21 9 2 19 5 11 6 21 7 10 17 13 15 1 14 
22 9 2 19 5 11 6 21 7 10 17 13 15 1 14 
23 9 2 19 5 11 6 21 7 10 17 3 13 15 1 14 
