1 1 
2 2 1 
3 2 3 1 
4 2 3 1 4 
5 2 3 5 1 4 
6 2 3 5 1 6 4 
7 2 3 5 7 1 6 4 
8 2 3 5 7 8 1 6 4 
9 2 3 5 7 8 1 6 4 9 
10 2 3 5 7 10 8 1 6 4 9 
11 2 3 5 7 10 8 1 6 11 4 9 
12 2 3 5 7 10 8 1 6 11 4 9 12 
13 2 3 5 10 12 7 8 1 6 11 4 13 9 
14 2 3 14 5 10 12 7 8 1 6 11 4 13 9 
15 2 3 14 15 5 10 12 7 8 1 6 11 4 13 9 
16 2 3 14 15 5 10 16 12 7 8 1 6 11 4 13 9 
17 2 3 14 15 5 10 16 12 7 17 8 1 6 11 4 13 9 
18 2 3 14 15 5 10 16 18 12 7 17 8 1 6 11 4 13 9 
19 2 3 14 15 5 10 16 18 12 7 17 8 1 6 11 4 13 9 19 
20 2 3 14 15 5 10 20 16 18 12 7 17 8 1 6 11 4 13 9 19 
21 2 3 14 15 5 10 21 20 16 18 12 7 17 8 1 6 11 4 13 9 19 
22 2 3 14 15 5 10 21 20 16 18 12 7 17 8 1 6 11 4 13 22 9 19 
23 2 3 14 15 5 10 21 20 16 18 12 7 17 8 1 6 11 4 13 22 9 23 19 
24 2 3 14 15 5 10 21 20 16 18 12 24 7 17 8 1 6 11 4 13 22 9 23 19 
25 2 20 16 7 25 8 1 6 4 9 23 3 14 15 5 10 21 18 12 24 17 11 13 22 19 
26 2 20 16 7 25 8 1 6 4 9 23 3 14 15 5 10 21 18 12 26 24 17 11 13 22 19 
27 2 20 27 16 7 25 8 1 6 4 9 23 3 14 15 5 10 21 18 12 26 24 17 11 13 22 19 
28 2 28 20 27 16 7 25 8 1 6 4 9 23 3 14 15 5 10 21 18 12 26 24 17 11 13 22 19 
29 2 28 20 27 16 7 25 8 1 6 4 9 23 3 14 15 5 10 21 18 12 29 26 24 17 11 13 22 19 
30 2 28 20 27 16 7 25 8 1 6 4 9 23 3 14 15 5 10 21 18 12 29 26 24 17 11 13 22 30 19 
31 2 28 20 27 16 7 25 8 31 1 6 4 9 23 3 14 15 5 10 21 18 12 29 26 24 17 11 13 22 30 19 
32 2 28 32 20 27 16 7 25 8 31 1 6 4 9 23 3 14 15 5 10 21 18 12 29 26 24 17 11 13 22 30 19 
33 2 28 32 20 27 16 7 25 8 31 1 6 4 9 23 3 14 15 5 10 21 33 18 12 29 26 24 17 11 13 22 30 19 
34 2 28 32 34 20 27 16 7 25 8 31 1 6 4 9 23 3 14 15 5 10 21 33 18 12 29 26 24 17 11 13 22 30 19 
35 2 28 32 34 20 27 16 35 7 25 8 31 1 6 4 9 23 3 14 15 5 10 21 33 18 12 29 26 24 17 11 13 22 30 19 
36 2 28 32 34 20 27 16 35 7 25 8 31 1 6 4 9 23 3 14 15 5 10 21 33 18 36 12 29 26 24 17 11 13 22 30 19 
37 2 28 32 34 20 27 16 35 7 25 8 31 1 6 4 9 23 37 3 14 15 5 10 21 33 18 36 12 29 26 24 17 11 13 22 30 19 
38 2 28 32 34 20 27 16 35 7 25 8 31 1 6 4 9 23 37 3 14 15 5 10 21 33 18 36 12 29 26 24 17 11 13 22 30 19 
