1 1 
2 2 1 
3 2 1 3 
4 2 1 4 3 
5 2 1 4 3 
6 6 2 1 4 3 
7 6 2 1 4 7 3 
8 6 2 1 4 7 3 
9 6 2 1 4 7 3 
10 10 2 1 4 3 
11 10 2 1 4 3 
12 10 12 2 1 4 3 
13 10 12 13 2 1 4 3 
14 10 12 14 13 2 1 4 3 
15 10 12 14 13 2 1 4 3 
16 16 10 12 14 13 2 1 4 3 
17 16 10 12 17 14 13 2 1 4 3 
18 16 10 12 17 14 13 2 1 4 3 
19 16 10 12 17 14 13 19 2 1 4 3 
20 16 10 12 17 14 13 19 2 1 4 20 3 
21 16 10 12 17 14 13 19 2 1 4 20 3 
22 16 10 12 17 14 13 19 2 1 4 20 3 
23 23 10 12 14 13 2 1 4 3 
24 23 10 12 14 13 24 2 1 4 3 
25 23 10 12 25 14 13 24 2 1 4 3 
26 23 10 12 25 14 13 24 2 1 4 3 
27 23 10 12 25 14 13 24 2 27 1 4 3 
28 23 10 12 25 14 13 24 2 27 1 4 3 
29 23 10 12 25 14 13 24 2 27 1 4 3 
30 10 30 2 1 4 3 
31 10 30 2 1 31 4 3 
32 10 32 30 2 1 31 4 3 
33 10 33 32 30 2 1 31 4 3 
34 34 10 33 32 30 2 1 31 4 3 
35 34 10 33 35 32 30 2 1 31 4 3 
36 34 10 33 35 32 30 2 1 31 4 3 
