1 1 
2 2 1 
3 2 3 1 
4 2 3 4 1 
5 2 3 4 1 
6 2 3 6 4 1 
7 2 3 6 4 7 1 
8 17 2 3 12 4 15 11 14 18 20 6 7 8 1 
9 17 2 3 12 4 15 11 14 18 20 6 7 8 1 
10 17 2 3 12 4 15 11 14 18 20 6 7 8 1 
11 17 2 3 12 4 15 14 11 18 20 6 7 8 1 
12 17 2 3 12 4 15 11 14 18 20 6 7 8 1 
13 17 2 3 12 4 15 11 14 18 20 6 7 8 1 
14 17 2 3 12 4 15 11 14 18 20 6 7 8 1 
15 17 2 3 12 4 15 11 14 18 20 6 7 8 1 
16 17 2 3 12 4 15 11 14 18 20 6 7 8 1 
17 17 2 3 12 4 15 11 14 18 20 7 8 1 
18 17 18 2 3 12 4 8 15 11 14 1 
19 17 18 2 3 12 4 8 15 11 14 1 
20 17 2 3 20 12 6 4 8 15 11 14 1 
21 17 2 3 20 6 12 4 8 15 11 14 1 
22 17 2 3 12 4 15 11 14 18 20 6 7 8 1 
