1 1 
2 1 2 
3 1 3 2 
4 1 3 2 
5 1 3 5 2 
6 1 3 6 5 2 
7 1 3 6 5 7 2 
8 1 3 6 5 7 8 2 
9 3 14 6 10 18 5 8 2 13 1 17 16 7 11 
10 3 14 6 18 10 5 8 2 13 1 17 16 7 11 
11 3 14 6 10 18 5 8 2 13 1 17 16 7 11 
12 3 14 6 10 18 5 8 2 13 1 17 16 7 11 
13 3 14 6 10 18 5 8 2 13 1 17 16 7 11 
14 3 14 6 10 18 5 8 2 13 1 17 16 7 11 
15 3 14 6 10 18 5 8 2 13 1 17 16 7 11 
16 3 14 6 10 18 5 8 2 13 1 17 16 7 11 
17 3 14 6 10 18 5 8 2 13 1 17 16 11 
18 3 14 6 10 18 5 2 13 1 17 16 7 11 
19 3 14 6 10 18 5 2 13 1 17 16 7 11 
20 3 14 6 10 5 20 2 13 1 17 16 7 11 
21 3 14 21 6 10 5 20 2 13 1 17 16 7 11 
22 3 14 21 6 10 5 20 2 13 1 17 16 7 11 22 
23 3 14 23 21 6 10 5 20 2 13 1 17 16 7 22 11 
24 3 23 14 21 6 10 5 20 2 13 1 27 29 25 26 17 16 7 22 11 
25 3 23 14 21 6 10 5 20 2 13 1 27 29 25 26 17 16 7 22 11 
26 3 23 14 21 6 10 5 20 2 13 1 27 29 25 26 17 16 7 22 11 
27 3 23 14 21 6 10 5 20 2 13 1 29 27 25 26 17 16 7 22 11 
28 3 23 14 21 6 10 5 20 2 13 1 27 29 25 26 17 16 7 22 11 
29 3 14 21 6 10 5 20 2 13 1 27 29 25 26 17 16 7 22 11 
30 3 14 21 6 10 5 20 2 13 1 27 29 25 26 17 16 7 22 11 
31 3 23 14 21 6 10 5 20 2 13 1 27 29 25 26 17 16 7 22 11 31 
32 3 23 14 21 6 10 5 20 2 13 1 27 29 25 26 17 16 7 22 11 31 
33 3 23 14 21 33 6 10 5 20 2 13 1 27 29 25 26 17 16 7 22 11 31 
34 3 23 14 21 33 6 10 5 20 2 13 1 27 29 25 26 17 16 7 22 11 31 
35 3 23 14 21 33 6 10 5 20 2 13 1 27 29 25 26 17 16 35 7 22 11 31 
36 3 23 14 21 36 33 6 10 5 20 2 13 1 27 29 25 26 17 35 16 7 22 11 31 
37 3 23 14 21 36 33 6 10 5 20 2 13 1 27 29 25 26 17 35 16 7 22 11 31 
38 14 38 21 6 10 5 20 25 26 17 35 16 7 22 11 31 3 23 36 33 2 13 1 27 29 
39 14 38 21 6 10 5 20 25 26 17 35 16 39 7 22 11 31 3 23 36 33 2 13 1 27 29 
40 14 38 21 6 10 5 20 25 26 17 35 39 16 7 22 11 31 3 23 36 33 2 13 1 27 29 40 
41 14 38 21 6 10 5 20 25 26 17 35 39 16 7 22 11 31 3 23 41 36 33 2 13 1 27 29 40 
42 14 42 38 21 6 10 5 20 25 26 17 35 39 16 7 22 11 31 3 23 41 36 33 2 13 1 27 29 40 
43 42 61 83 38 60 79 66 10 5 68 59 65 80 26 17 73 35 39 16 82 7 22 11 3 23 77 36 33 95 71 1 48 52 86 92 45 56 89 14 21 87 6 53 20 94 62 25 57 64 54 31 49 69 41 76 90 2 13 27 29 97 40 70 43 
44 42 61 83 38 60 79 66 10 5 68 59 65 80 26 17 73 35 39 16 82 7 22 11 3 23 77 36 33 95 71 1 48 52 86 92 45 56 89 14 21 87 6 53 20 94 62 25 57 64 54 31 49 69 41 76 90 2 13 27 29 97 40 43 70 
45 42 61 83 38 60 79 66 10 5 68 59 65 80 26 17 73 35 39 16 82 7 22 11 3 23 77 36 33 95 71 1 48 52 86 92 45 56 89 14 21 87 6 53 20 94 62 25 57 64 54 31 49 69 41 76 90 2 13 27 29 97 40 43 70 
46 42 61 83 38 60 79 66 10 5 68 59 65 80 26 17 73 35 39 16 82 7 22 11 3 23 77 36 33 95 71 1 48 52 86 92 45 56 89 14 21 87 6 53 20 94 62 25 57 64 54 31 49 69 41 76 90 2 13 27 29 97 40 43 70 
47 42 61 83 38 60 79 66 10 5 68 59 65 80 26 17 73 35 39 16 82 7 22 11 3 23 77 36 33 95 71 1 48 52 86 92 45 56 89 14 21 87 6 53 20 94 62 25 57 64 54 31 49 69 41 76 90 2 13 27 29 97 40 43 70 
48 42 61 83 60 79 66 10 5 68 59 65 80 26 17 73 35 39 16 82 7 22 11 3 23 77 36 33 95 71 1 86 48 92 45 56 89 14 21 87 6 53 20 94 62 25 57 64 54 31 49 69 41 76 90 2 13 27 29 97 40 43 70 
49 42 61 83 60 79 66 10 5 68 59 65 80 26 17 73 35 16 82 7 22 11 3 23 77 36 33 95 71 1 48 86 92 45 56 89 14 21 87 6 20 94 62 25 57 64 54 31 49 69 41 76 90 2 13 27 29 97 40 43 70 
50 42 61 83 60 79 66 10 5 68 59 65 80 26 17 73 35 16 82 7 22 11 3 23 77 36 33 95 71 1 48 86 92 45 56 89 14 21 87 6 20 94 62 25 57 64 54 31 49 69 41 76 90 2 13 27 29 97 40 43 70 
51 42 61 83 60 79 66 10 5 68 59 65 80 26 17 73 35 16 82 7 22 11 3 23 77 36 33 95 71 1 48 86 92 45 56 89 14 21 87 6 20 94 62 25 57 64 54 31 49 69 41 76 90 2 13 27 29 97 40 43 70 
52 42 61 83 60 79 66 10 5 68 59 65 80 26 17 73 35 39 16 82 7 22 11 3 23 77 36 33 95 71 1 86 52 92 45 56 89 14 21 87 6 53 20 94 62 25 57 64 54 31 49 69 41 76 90 2 13 27 29 97 40 43 70 
53 42 61 83 60 79 66 10 5 68 59 65 80 26 17 73 35 16 82 7 22 11 3 23 77 36 33 95 71 1 52 86 92 45 56 89 14 21 87 6 53 20 94 62 25 57 64 54 31 69 41 76 90 2 13 27 29 97 40 43 70 
54 42 61 83 60 79 66 10 5 68 59 65 80 26 17 73 35 16 82 7 22 11 3 23 77 36 33 95 71 1 52 86 92 45 56 89 14 21 87 6 53 20 94 62 25 57 64 54 31 69 41 76 90 2 13 27 29 97 40 43 70 
55 42 61 83 60 79 66 10 5 68 59 65 80 26 17 73 35 16 82 7 22 11 3 23 77 36 33 95 71 1 52 86 92 45 56 89 14 21 87 6 53 20 94 62 25 57 64 54 31 69 41 76 90 2 13 27 29 97 40 43 70 
56 42 61 83 60 79 66 10 5 68 59 65 80 26 17 73 35 16 82 7 22 11 3 23 77 36 33 95 71 1 52 86 92 45 56 14 21 87 6 53 20 94 62 25 57 64 54 31 69 41 76 90 2 13 27 29 97 40 43 70 
57 42 61 83 60 79 66 10 5 68 59 65 80 26 17 73 35 16 82 7 22 11 3 23 77 36 33 95 71 1 52 86 92 45 56 14 21 87 6 53 20 94 62 25 57 64 54 31 69 41 76 2 13 27 29 97 40 43 70 
58 42 61 83 60 79 66 10 5 68 59 65 80 26 17 73 35 82 16 7 22 11 3 23 77 36 33 95 71 1 52 86 92 45 56 89 14 21 87 6 53 20 62 94 25 57 64 54 31 69 41 76 90 2 13 27 29 97 40 43 70 
59 42 61 83 60 79 66 10 5 68 59 65 80 26 17 73 35 82 16 7 22 11 3 23 77 36 33 95 71 1 52 86 92 45 56 89 14 21 87 6 53 20 62 94 25 57 64 54 31 69 41 76 90 2 13 27 29 97 40 43 70 
60 42 61 83 60 79 66 10 5 68 59 65 80 26 17 73 35 82 16 7 22 11 3 23 77 36 33 95 71 1 52 86 92 45 56 89 14 21 87 6 53 20 62 94 25 57 64 54 31 69 41 76 90 2 13 27 29 97 40 43 70 
61 42 83 61 60 79 66 10 5 68 59 65 80 26 17 73 35 82 16 7 22 11 3 23 77 36 33 95 71 1 52 86 92 45 56 89 14 21 87 6 53 20 62 94 25 57 64 54 31 69 41 76 90 2 13 27 29 97 40 43 70 
62 42 61 83 60 79 66 10 5 68 59 65 80 26 17 73 35 82 16 7 22 11 3 23 77 36 33 95 71 1 52 86 92 45 56 89 14 21 87 6 53 20 94 62 25 57 64 54 31 69 41 76 90 2 13 27 29 97 40 43 70 
63 42 61 83 60 79 66 10 5 68 59 65 80 26 17 73 35 82 16 7 22 11 3 23 77 36 33 95 71 1 52 86 92 45 56 89 14 21 87 6 53 20 62 94 25 57 64 54 31 69 41 76 90 2 13 27 29 97 40 43 70 
64 42 61 83 60 79 66 10 5 68 59 65 80 26 17 73 35 82 16 7 22 11 3 23 77 36 33 95 71 1 52 86 92 45 56 89 14 21 87 6 53 20 62 94 25 57 64 54 31 69 41 76 90 2 13 27 29 97 40 43 70 
65 42 61 83 60 79 66 10 5 68 59 65 80 26 17 73 35 82 16 7 22 11 3 23 77 36 33 95 71 1 52 86 92 45 56 89 14 21 87 6 53 20 62 94 25 57 64 54 31 69 41 76 90 2 13 27 29 97 40 43 70 
66 42 61 83 60 79 66 10 5 59 65 80 26 17 73 35 82 16 7 22 11 3 23 77 36 33 95 71 1 52 86 92 45 56 89 14 21 87 6 53 20 62 94 25 57 64 54 31 69 41 76 90 2 13 27 29 97 40 43 70 
67 42 61 83 60 79 66 10 5 59 65 80 26 17 73 35 82 16 7 22 11 3 23 77 36 33 95 71 1 52 86 92 45 56 89 14 21 87 6 53 20 62 94 25 57 64 54 31 69 41 76 90 2 13 27 29 97 40 43 70 
68 42 61 83 60 79 10 5 68 59 65 80 26 17 73 35 82 16 7 22 11 3 23 77 36 33 95 71 1 52 86 92 45 56 89 14 21 87 6 53 20 62 94 25 57 64 54 31 69 41 76 90 2 13 27 29 97 40 43 70 
69 42 61 83 60 66 10 5 68 59 65 80 26 17 73 35 82 16 7 22 11 3 23 77 36 33 95 71 1 52 86 92 45 56 89 14 21 87 6 53 20 62 94 25 57 64 54 31 69 41 76 90 2 13 27 29 97 40 43 70 
70 42 61 83 60 66 10 5 68 59 65 26 17 73 35 16 7 22 11 3 23 77 36 33 95 71 1 52 86 92 45 56 89 14 21 87 6 53 20 62 94 25 57 64 54 31 69 41 76 90 2 13 27 29 97 40 43 70 
71 42 61 83 60 66 10 5 68 59 65 26 17 73 35 16 7 22 11 3 23 77 36 33 95 71 1 52 86 92 45 56 89 14 21 87 6 53 20 62 94 25 57 64 54 31 69 41 76 90 2 13 27 29 97 40 43 70 
72 42 61 83 60 79 66 10 5 68 59 65 80 26 17 73 35 82 16 7 22 11 3 23 77 36 33 95 71 1 52 86 92 45 56 89 14 21 87 6 53 20 62 94 25 57 64 54 31 69 41 76 90 2 13 27 29 97 40 43 70 
73 42 61 83 60 79 66 10 5 68 59 65 80 26 17 73 35 82 16 7 22 11 3 23 77 36 33 95 71 1 52 86 92 45 56 89 14 21 87 6 53 20 62 94 25 57 64 54 31 69 41 76 90 2 13 27 29 97 40 43 70 
74 42 61 83 60 79 66 10 5 68 59 65 80 26 17 73 35 82 16 7 22 11 3 23 77 36 33 95 71 1 52 86 92 45 56 89 14 21 87 6 53 20 62 94 25 57 64 54 31 69 41 76 90 2 13 27 29 97 40 43 70 
75 42 61 83 60 79 66 10 5 68 59 65 80 26 17 73 35 82 16 7 22 11 3 23 77 36 33 95 71 1 52 86 92 45 56 89 14 21 87 6 53 20 62 94 25 57 64 54 31 69 41 76 90 2 13 27 29 97 40 43 70 
76 42 61 83 60 79 66 10 5 68 59 65 80 26 17 73 35 82 16 7 22 11 3 23 77 36 33 95 71 1 52 86 92 45 56 89 14 21 87 6 53 20 62 94 25 57 64 54 31 69 41 76 90 2 13 27 29 97 40 43 70 
77 42 61 83 60 79 66 10 5 68 59 65 80 26 17 73 35 82 16 7 22 11 3 23 77 36 33 95 71 1 52 86 92 45 56 89 14 21 87 6 53 20 62 94 25 57 64 54 31 69 41 76 90 2 13 27 29 97 40 43 70 
78 42 61 83 60 79 66 10 5 68 59 65 80 26 17 73 35 82 16 7 22 11 3 23 77 36 33 95 71 1 52 86 92 45 56 89 14 21 87 6 53 20 62 94 25 57 64 54 31 69 41 76 90 2 13 27 29 97 40 43 70 
79 42 61 83 60 79 66 10 5 68 59 65 80 26 17 73 35 82 16 7 22 11 3 23 77 36 33 95 71 1 52 86 92 45 56 89 14 21 87 6 53 20 62 94 25 57 64 54 31 41 76 90 2 13 27 29 97 40 43 70 
80 42 61 83 60 79 66 10 5 68 59 65 80 26 17 73 35 16 7 22 11 3 23 77 36 33 95 71 1 52 86 92 45 56 89 14 21 87 6 53 20 62 94 25 57 64 54 31 41 76 90 2 13 27 29 97 40 43 
81 42 61 83 60 79 66 10 5 68 59 65 80 26 17 73 35 16 7 22 11 3 23 77 36 33 95 71 1 52 86 92 45 56 89 14 21 87 6 53 20 62 94 25 57 64 54 31 41 76 90 2 13 27 29 97 40 43 
82 42 61 83 60 79 66 10 5 68 59 65 26 17 73 35 16 82 7 22 11 3 23 77 36 33 95 71 1 52 86 92 45 56 89 14 21 87 6 53 20 62 94 25 57 64 54 31 69 41 76 90 2 13 27 29 97 40 43 
83 42 61 83 60 79 66 10 5 68 59 65 80 26 17 73 35 82 16 7 22 11 3 23 77 36 33 95 71 1 52 86 92 45 56 89 14 21 87 6 53 20 62 94 25 57 64 54 31 69 41 76 90 2 13 27 29 97 40 43 
84 42 61 83 60 79 66 10 5 68 59 65 80 26 17 73 35 82 16 7 22 11 3 23 77 36 33 95 71 1 52 86 92 45 56 89 14 21 87 6 53 20 62 94 25 57 64 54 31 69 41 76 90 2 13 27 29 97 40 43 
85 42 61 83 60 79 66 10 5 68 59 65 80 26 17 73 35 82 16 7 22 11 3 23 77 36 33 95 71 1 52 86 92 45 56 89 14 21 87 6 53 20 62 94 25 57 64 54 31 69 41 76 90 2 13 27 29 97 40 43 
86 42 61 83 60 79 66 10 5 68 59 65 80 26 17 73 35 82 16 7 22 11 3 23 77 36 33 95 71 1 52 86 92 45 56 89 14 21 87 6 53 20 62 94 25 57 64 54 31 69 41 76 90 2 13 27 29 97 40 43 70 
87 42 61 83 60 79 66 10 5 68 59 65 80 26 17 73 35 82 16 7 22 11 3 23 77 36 33 95 71 1 52 86 92 45 56 89 14 21 87 6 53 20 62 94 25 57 64 54 31 69 41 76 90 2 13 27 29 97 40 43 70 
88 42 61 83 60 79 66 10 5 68 59 65 80 26 17 73 35 82 16 7 22 11 3 23 77 36 33 95 71 1 52 86 92 45 56 89 14 21 87 6 53 20 62 94 25 57 64 54 31 69 41 76 90 2 13 27 29 97 40 43 70 
89 42 61 83 60 79 66 10 5 68 59 65 80 26 17 73 35 82 16 7 22 11 3 23 77 36 33 95 71 1 52 86 92 45 89 14 21 87 6 53 20 62 94 25 57 64 54 31 69 41 76 90 2 13 27 29 97 40 43 70 
90 42 61 83 60 79 66 10 5 68 59 65 80 26 17 73 35 82 16 7 22 11 3 23 77 36 33 95 71 1 52 86 92 45 56 89 14 21 87 6 53 20 62 94 25 64 54 31 69 41 76 90 2 13 27 29 97 40 43 70 
91 42 61 83 60 79 66 10 5 68 59 65 80 26 17 73 35 82 16 7 22 11 3 23 77 36 33 95 71 1 52 86 92 45 56 89 14 21 87 6 53 20 62 94 25 64 54 31 69 41 76 90 2 13 27 29 97 40 43 70 
92 42 61 83 60 79 66 10 5 68 59 65 80 26 17 73 35 82 16 7 22 11 3 23 77 36 33 95 71 1 52 86 92 45 56 89 14 21 87 6 53 20 62 94 25 57 64 54 31 69 41 76 90 2 13 27 29 97 40 43 70 
93 42 61 83 60 79 66 10 5 68 59 65 80 26 17 73 35 82 16 7 22 11 3 23 77 36 33 95 71 1 52 86 92 45 56 89 14 21 87 6 53 20 62 94 25 57 64 54 31 69 41 76 90 2 13 27 29 97 40 43 70 
94 42 61 83 38 60 79 66 10 5 68 59 65 80 26 17 73 35 39 16 82 7 22 11 3 23 77 36 33 95 71 1 48 52 86 92 45 56 89 14 21 87 6 53 20 62 94 25 57 64 54 31 49 69 41 76 90 2 13 27 29 97 40 43 70 
95 42 61 83 38 60 79 66 10 5 68 59 65 80 26 17 73 35 39 16 82 7 22 11 3 23 77 36 33 95 71 1 48 52 86 92 45 56 89 14 21 87 6 53 20 94 62 25 57 64 54 31 49 69 41 76 90 2 13 27 29 97 40 43 70 
96 42 61 83 38 60 79 66 10 5 68 59 65 80 26 17 73 35 39 16 82 7 22 11 3 23 77 36 33 95 71 1 48 52 86 92 45 56 89 14 21 87 6 53 20 94 62 25 57 64 54 31 49 69 41 76 90 2 13 27 29 97 40 43 70 
97 61 83 38 60 79 66 10 5 68 59 65 80 26 17 73 35 39 16 82 7 22 11 3 23 77 36 33 95 71 1 48 52 86 92 45 56 89 14 21 87 6 53 20 94 62 25 57 64 54 31 49 69 41 76 90 2 13 27 29 97 40 43 70 
98 61 83 38 60 79 66 10 5 68 59 65 80 26 17 73 35 39 16 82 7 22 11 3 23 77 36 33 95 71 1 48 52 86 92 45 56 89 14 21 87 6 53 20 94 62 25 57 64 54 31 49 69 41 76 90 2 13 27 29 97 40 43 70 
99 42 61 83 38 60 79 66 10 5 68 59 65 80 26 17 73 35 39 16 82 7 22 11 3 23 77 36 33 95 71 1 48 52 86 92 45 56 89 14 21 87 6 53 20 94 62 25 57 64 54 31 49 69 41 76 90 2 13 27 29 97 40 43 70 
