1 1 
2 2 1 
3 2 1 3 
4 2 1 4 3 
5 20 34 72 79 31 37 68 53 48 18 8 4 10 6 61 83 54 3 49 30 62 63 36 21 71 2 26 67 43 66 47 73 24 44 70 59 65 1 9 39 77 5 75 33 19 28 64 81 45 13 
6 20 34 72 79 31 37 68 53 48 18 8 10 6 61 83 54 3 49 30 62 63 36 21 71 2 26 67 43 66 47 73 24 44 70 59 65 1 9 39 77 5 75 33 19 28 64 81 45 13 
7 20 34 72 79 31 37 68 53 48 18 8 10 6 61 83 54 3 49 30 62 63 36 21 71 2 26 67 43 66 47 73 24 44 70 59 65 1 9 39 77 5 75 33 19 28 64 81 45 13 
8 20 34 72 79 31 37 68 53 48 18 8 10 6 61 83 54 3 49 30 62 63 36 21 71 2 26 67 43 66 47 73 24 44 70 59 65 1 9 39 77 5 75 33 19 28 64 81 45 13 
9 20 34 72 79 31 37 68 53 48 18 8 10 6 61 83 54 3 49 30 62 63 36 21 71 2 26 67 43 66 47 73 24 44 70 59 65 1 9 39 77 5 75 33 19 28 64 81 45 13 
10 20 34 72 79 31 37 68 53 48 18 8 10 6 61 83 54 3 49 30 62 63 36 21 71 2 26 67 43 66 47 73 24 44 70 59 65 1 9 39 77 5 75 33 19 28 64 81 45 13 
11 20 34 72 79 31 37 68 53 48 18 8 10 6 61 83 54 3 49 30 62 63 36 21 71 2 26 67 43 66 47 73 24 44 70 59 65 11 1 9 39 77 5 75 33 28 64 81 45 13 
12 20 34 72 79 31 37 68 53 48 18 8 10 6 61 83 54 3 49 30 62 63 36 21 71 2 26 67 43 66 47 73 24 44 70 59 65 11 1 9 39 16 77 5 75 33 28 64 81 45 13 
13 20 34 72 79 31 37 68 53 48 18 8 10 6 61 83 54 3 49 30 62 63 36 21 71 2 26 67 43 66 47 73 24 44 70 59 65 11 1 9 39 16 77 5 75 33 28 64 81 45 13 
14 20 34 72 79 31 37 68 53 48 18 8 10 6 61 83 54 3 49 30 62 63 36 21 71 2 26 67 43 66 47 73 24 44 70 59 65 11 1 9 39 16 77 5 75 33 28 64 81 45 13 
15 20 34 72 79 31 37 68 53 48 18 8 10 6 61 83 54 3 49 30 62 63 36 21 71 2 26 67 43 66 47 73 24 44 70 59 65 11 1 9 39 16 77 5 75 33 28 64 81 45 13 
16 20 34 72 79 31 37 68 53 48 18 8 10 6 61 83 54 3 49 30 62 63 36 21 71 2 26 67 43 66 47 73 24 44 70 59 65 1 9 39 77 16 5 75 33 28 64 81 45 13 
17 20 34 72 79 31 37 68 53 48 18 8 10 6 61 83 54 3 49 30 62 63 36 21 71 2 26 67 43 66 47 73 24 44 70 59 65 1 9 39 16 77 5 75 33 28 64 81 45 13 
18 20 34 72 79 31 37 68 53 48 18 8 10 6 61 83 54 3 49 30 62 63 36 21 71 2 26 67 43 66 47 73 24 44 70 59 65 11 1 9 39 16 77 5 75 33 28 64 81 45 13 
19 20 34 72 79 31 37 68 53 48 18 8 10 6 61 83 54 3 49 30 62 63 36 21 71 2 26 67 43 66 47 73 24 44 70 59 65 1 9 39 77 5 75 33 19 28 64 81 45 13 
20 20 34 72 79 31 37 68 53 48 18 8 10 6 61 83 54 3 49 30 62 63 36 21 71 2 26 67 43 66 47 73 24 44 70 59 65 1 9 39 77 5 75 33 19 28 64 81 45 13 
21 20 34 72 79 31 37 68 53 48 18 8 10 6 61 83 54 3 49 30 62 63 36 21 71 2 26 67 43 66 47 73 24 44 70 59 65 1 9 39 77 5 75 33 19 28 64 81 45 13 
22 20 34 72 79 31 37 68 53 48 18 8 10 6 61 83 54 3 49 30 62 63 36 21 71 2 26 67 43 66 47 73 24 44 70 59 65 1 9 39 77 5 75 33 19 28 64 81 45 13 
23 20 34 72 79 31 37 68 53 48 18 8 10 6 61 83 54 3 49 30 62 63 36 21 71 2 26 67 43 66 47 73 24 44 70 59 65 1 9 39 77 5 75 33 19 28 64 81 45 13 
24 20 66 47 34 73 72 24 44 79 31 70 59 68 65 53 48 18 8 1 9 39 10 77 6 5 61 83 54 75 3 49 30 33 62 63 36 19 21 28 71 2 64 26 81 67 43 45 13 
25 20 66 47 34 73 25 24 72 44 79 31 70 59 68 65 53 48 18 1 8 9 39 10 77 6 5 61 83 54 75 3 30 33 62 63 36 19 21 28 71 2 64 26 81 67 45 13 
26 20 34 72 31 37 79 68 41 53 48 18 8 10 6 61 83 54 3 30 62 36 63 21 71 2 26 67 66 47 73 25 24 44 70 59 65 1 9 39 77 5 29 75 33 19 28 64 81 45 13 
27 20 34 72 31 37 79 68 41 53 48 18 8 10 6 61 83 54 3 30 62 36 63 21 71 2 26 67 66 47 73 25 24 44 70 59 65 1 9 39 77 5 29 75 33 19 28 64 81 45 13 
28 20 34 72 31 37 79 68 41 53 48 18 8 10 6 61 83 54 3 30 62 36 63 21 71 2 26 67 66 47 73 25 24 44 70 59 65 1 9 39 77 5 29 75 33 19 28 64 81 45 13 
29 20 66 47 34 73 25 72 24 44 31 37 79 70 68 41 65 53 48 18 8 1 9 39 10 77 6 5 61 29 54 75 3 30 33 62 36 63 19 21 28 71 2 64 26 81 67 45 13 
30 20 66 47 34 73 25 24 72 44 31 37 79 70 68 41 65 53 48 18 1 8 9 39 10 77 6 5 29 61 54 75 3 33 30 62 36 63 19 21 28 71 2 64 26 81 67 45 13 
31 20 66 47 34 73 25 24 72 44 37 79 31 70 68 41 65 53 48 18 1 8 9 39 10 77 6 5 29 61 54 75 3 30 33 36 63 19 21 28 71 2 64 26 81 67 45 13 
32 20 66 47 34 73 25 24 72 44 31 37 79 70 68 41 65 53 48 18 1 8 9 39 10 77 6 5 29 61 54 75 3 30 33 36 63 19 21 28 71 2 64 26 81 67 45 13 
33 20 66 47 34 73 25 24 72 44 31 37 79 70 68 41 65 53 48 18 1 8 9 39 10 77 6 5 29 61 54 75 3 30 33 36 63 19 21 28 71 2 64 26 81 67 45 13 
34 20 66 47 34 73 25 24 72 44 31 37 79 70 68 41 65 53 48 18 1 8 9 39 10 77 6 5 29 61 54 75 3 30 33 36 63 19 21 28 71 2 64 26 81 67 45 13 
35 20 66 47 34 73 25 24 72 44 31 37 79 70 68 41 65 53 48 18 1 8 9 39 10 77 6 5 29 61 54 75 3 30 33 36 63 19 21 28 71 2 64 26 81 67 45 13 
36 20 66 47 34 73 25 24 72 44 31 37 79 70 68 41 65 53 48 18 1 8 9 39 10 77 6 5 29 61 54 75 3 30 33 63 36 19 21 28 71 2 64 26 81 67 45 13 
37 20 66 47 34 73 25 72 44 31 79 37 70 68 41 65 53 48 18 1 8 9 39 10 77 6 5 29 61 54 75 3 30 33 36 63 19 21 28 71 2 64 26 81 67 45 13 
38 20 66 47 34 73 25 72 44 31 37 79 70 68 41 65 53 48 18 1 8 9 39 10 77 6 5 29 61 54 75 3 30 33 36 63 19 21 28 71 2 64 26 81 67 45 13 
39 20 66 47 34 73 25 72 44 31 37 79 70 68 41 65 53 48 18 1 8 9 39 10 77 6 5 29 61 54 75 3 30 33 36 63 19 21 28 71 2 64 26 81 67 45 13 
40 20 66 47 34 73 25 72 44 31 37 79 70 68 41 65 53 48 18 1 8 9 39 10 77 6 5 29 61 54 75 3 30 33 36 63 19 21 28 71 2 64 26 81 67 45 13 
41 20 66 47 34 73 72 44 31 37 79 70 68 65 41 53 48 18 1 8 9 39 10 77 6 5 29 61 54 75 3 30 33 36 63 19 21 28 71 2 64 26 81 67 45 13 
42 20 66 47 34 73 72 44 31 37 79 70 68 41 65 53 48 18 1 8 9 39 10 77 6 5 29 61 54 75 3 30 33 36 63 19 21 28 71 2 64 26 81 67 45 13 
43 20 34 72 31 37 79 68 53 48 18 8 10 6 61 83 54 3 30 62 36 63 21 71 2 26 67 43 66 47 73 24 44 70 59 65 1 9 39 77 5 29 75 33 19 28 64 81 45 13 
44 20 34 72 31 37 79 68 53 48 18 8 10 6 61 83 54 3 49 30 62 36 63 21 71 2 26 67 43 47 66 73 24 44 70 59 65 1 9 39 77 5 29 75 33 19 28 64 81 45 13 
45 20 34 72 31 37 79 68 53 48 18 8 10 6 61 83 54 3 49 30 62 36 63 21 71 2 26 67 43 47 66 73 24 44 70 59 65 1 9 39 77 5 29 75 33 19 28 64 81 45 13 
46 20 34 72 31 37 79 68 53 48 18 8 10 6 61 83 54 3 49 30 62 36 63 21 71 2 26 67 43 47 66 73 24 44 70 59 65 1 9 39 77 5 29 75 33 19 28 64 81 45 13 
47 20 34 72 31 37 79 68 53 48 18 8 10 6 61 83 54 3 49 30 62 36 63 21 71 2 26 67 43 66 47 73 24 44 70 59 65 1 9 39 77 5 29 75 33 19 28 64 81 45 13 
48 20 34 72 31 37 79 68 53 48 18 8 10 6 61 83 54 3 49 30 62 36 63 21 71 2 26 67 43 47 66 73 24 44 70 59 65 1 9 39 77 5 29 75 33 19 28 64 81 45 13 
49 20 34 72 31 37 79 68 53 48 18 8 10 6 61 83 54 3 49 30 62 36 63 21 71 2 26 67 47 66 73 24 44 70 59 65 1 9 39 77 5 29 75 33 19 28 64 81 45 13 
50 20 34 72 31 37 79 68 53 48 18 8 10 6 61 83 54 3 49 30 62 36 63 21 71 2 26 67 47 66 73 24 44 70 59 65 1 9 39 77 5 29 75 33 19 28 64 81 45 13 
51 20 47 66 34 73 72 24 44 31 37 79 70 68 65 53 48 18 8 1 9 39 10 77 6 5 51 61 54 75 3 49 30 33 62 36 63 19 21 28 71 2 64 26 81 67 43 45 13 
52 20 34 72 31 37 79 68 53 48 18 8 10 6 51 61 54 3 49 30 62 36 63 21 71 2 26 56 67 43 47 66 73 24 44 70 65 1 9 39 77 5 75 33 19 28 64 81 45 13 
53 20 34 72 31 37 79 68 53 48 18 8 10 6 51 61 54 3 49 30 62 36 63 21 71 2 26 56 67 43 47 66 73 24 44 70 65 1 9 39 77 5 75 33 19 28 64 81 45 13 
54 20 34 72 31 37 79 68 53 48 18 8 10 6 51 61 54 3 49 30 62 36 63 21 71 2 26 56 67 43 47 66 73 24 44 70 65 1 9 39 77 5 75 33 19 28 64 81 45 13 
55 20 34 72 31 37 79 68 53 48 18 8 10 6 51 61 54 3 49 30 62 36 63 21 71 2 26 56 67 43 47 66 73 24 44 70 65 1 9 39 77 5 75 33 19 28 64 81 45 13 
56 20 47 66 34 73 72 24 44 31 37 79 70 68 65 53 48 18 8 1 9 39 10 77 6 5 61 54 75 3 49 30 33 62 36 63 19 21 28 71 2 64 26 81 56 67 43 45 13 
57 20 47 66 34 73 24 72 44 31 37 79 70 68 65 53 48 18 1 8 9 39 10 77 6 5 61 54 75 3 49 30 33 62 36 63 19 21 28 71 2 64 26 81 56 67 43 45 13 
58 20 34 72 31 37 79 68 53 48 18 8 10 6 51 61 54 3 49 30 62 36 63 21 71 2 26 56 67 43 47 66 73 24 44 70 65 1 9 39 77 5 75 33 19 28 64 81 45 13 
59 20 47 66 34 73 72 24 44 31 37 79 70 59 68 65 53 48 18 8 1 9 39 10 77 6 5 61 54 75 3 49 30 33 62 36 63 19 21 28 71 2 64 26 81 67 43 45 13 
60 20 34 72 79 31 37 68 53 48 18 8 10 6 61 83 54 3 49 30 62 63 36 21 71 2 26 67 43 66 47 73 24 44 70 59 65 1 9 39 77 5 75 33 19 28 64 81 45 13 
61 20 34 72 79 31 37 68 53 48 18 8 10 6 61 83 54 3 49 30 62 63 36 21 71 2 26 67 43 66 47 73 24 44 70 59 65 1 9 39 77 5 75 33 19 28 64 81 45 13 
62 20 66 47 34 73 72 24 44 79 37 70 59 68 65 53 48 18 8 1 9 39 10 77 6 5 61 83 54 75 3 49 30 33 62 63 36 19 21 28 71 2 64 26 81 67 43 45 13 
63 20 66 47 34 73 24 72 44 79 37 70 59 68 65 53 48 18 1 8 9 39 10 77 6 5 61 83 54 75 3 49 30 33 62 36 63 19 21 28 71 2 64 26 81 67 43 45 13 
64 20 66 47 34 73 24 72 44 79 37 70 59 68 65 53 48 18 1 8 9 39 10 77 6 5 61 83 54 75 3 49 30 33 62 63 36 19 21 28 71 2 64 26 81 67 43 45 13 
65 20 66 47 34 73 24 72 44 79 37 70 59 68 65 53 48 18 1 8 9 39 10 77 6 5 61 83 54 75 3 49 30 33 62 63 36 19 21 28 71 2 64 26 81 67 43 45 13 
66 20 47 66 34 73 24 72 44 79 37 70 59 68 65 53 48 18 1 8 9 39 10 77 6 5 61 83 54 75 3 49 30 33 62 63 36 19 21 28 71 2 64 26 81 67 43 45 13 
67 20 66 47 34 73 24 72 44 79 37 70 59 68 65 53 48 18 1 8 9 39 10 77 6 5 61 83 54 75 3 49 30 33 62 63 36 19 21 28 71 2 64 26 81 67 43 45 13 
68 20 66 47 34 73 24 72 44 79 37 70 59 68 65 53 48 18 1 8 9 39 10 77 6 5 61 83 54 75 3 49 30 33 62 63 36 19 21 28 71 2 64 26 81 67 43 45 13 
69 20 66 47 34 73 24 72 44 79 37 70 59 68 65 53 48 18 1 8 9 39 10 77 6 5 61 83 54 75 3 49 30 33 62 63 36 19 21 28 71 2 64 26 81 67 43 45 13 
70 20 66 47 34 73 24 72 44 79 37 70 59 68 65 53 48 18 1 8 9 39 10 77 6 5 61 83 54 75 3 49 30 33 62 63 36 19 21 28 71 2 64 26 81 67 43 45 13 
71 20 66 47 34 73 24 72 44 79 37 70 59 68 65 53 48 18 1 8 9 39 10 77 6 5 61 83 54 75 3 49 30 33 62 63 36 19 21 28 71 2 64 26 81 67 43 45 13 
72 20 66 47 34 73 24 72 44 79 37 70 59 68 65 53 48 18 1 8 9 39 10 77 6 5 61 83 54 75 3 49 30 33 62 63 36 19 21 28 71 2 64 26 81 67 43 45 13 
73 20 66 47 34 73 24 72 44 79 37 70 59 68 65 53 48 18 1 8 9 39 10 77 6 5 61 83 54 75 3 49 30 33 62 63 36 19 21 28 71 2 64 26 81 67 43 45 13 
74 20 66 47 34 73 24 72 44 79 37 70 59 68 65 53 48 18 1 8 9 39 10 77 6 5 61 83 54 75 3 49 30 33 62 63 36 19 21 28 71 2 64 26 81 67 43 45 13 
75 20 66 47 34 73 24 72 44 79 37 70 59 68 65 53 48 18 1 8 9 39 10 6 5 61 83 54 75 3 49 30 33 62 63 36 19 21 28 71 2 64 26 81 67 43 45 13 
76 20 66 47 34 73 24 72 44 79 37 70 59 68 65 53 48 18 1 8 9 39 10 6 5 61 83 75 54 3 49 30 33 62 63 36 19 21 28 71 2 64 26 81 67 43 45 13 
77 20 66 47 34 73 24 72 44 79 37 70 59 68 65 53 48 18 1 8 9 39 10 77 6 5 61 83 54 3 49 30 33 62 63 36 19 21 28 71 2 64 26 81 67 43 45 13 
78 20 66 47 34 73 24 72 44 79 37 70 59 68 65 53 48 18 1 8 9 39 10 77 6 5 61 83 75 54 3 49 30 33 62 63 36 19 21 28 71 2 64 26 81 67 43 45 13 
79 20 66 47 34 73 24 72 44 37 79 70 59 68 65 53 48 18 1 8 9 39 10 77 6 5 61 83 75 54 3 49 30 33 62 63 36 19 21 28 71 2 64 26 67 43 45 13 
80 20 66 47 34 73 24 72 44 79 37 70 59 68 65 53 48 18 1 8 9 39 10 77 6 5 61 83 75 54 3 49 30 33 62 63 36 19 21 28 71 2 64 26 67 43 45 13 
81 20 66 47 34 73 24 72 44 37 70 59 68 65 53 48 18 1 8 9 39 10 77 6 5 61 83 75 54 3 49 30 33 62 63 36 19 21 28 71 2 64 26 81 67 43 45 13 
82 20 66 47 34 73 24 72 44 79 37 70 59 68 65 53 48 18 1 8 9 39 10 77 6 5 61 83 75 54 3 49 30 33 62 63 36 19 21 28 71 2 64 26 81 67 43 45 13 
83 20 66 47 34 73 24 72 44 79 37 70 68 65 53 48 18 1 8 9 39 10 77 6 5 61 83 75 54 3 49 30 33 62 63 36 19 21 28 71 2 64 26 81 67 43 45 13 
84 20 66 47 34 73 24 72 44 79 37 70 68 65 53 48 18 1 8 9 39 10 77 6 5 61 83 75 54 3 49 30 33 62 63 36 19 21 28 71 2 64 26 81 67 43 45 13 
85 20 34 72 79 31 37 68 53 48 18 8 10 6 61 83 54 3 49 30 62 63 36 21 71 2 26 67 43 66 47 73 24 44 70 59 65 1 9 39 77 5 75 33 19 28 64 81 45 13 
86 20 34 72 79 31 37 68 53 48 18 8 10 6 61 83 54 3 49 30 62 63 36 21 71 2 26 67 43 66 47 73 24 44 70 59 65 1 9 39 77 5 75 33 19 28 64 81 45 13 
