1 1 
2 2 1 
3 2 3 1 
4 2 4 3 1 
5 2 4 3 1 
6 2 4 6 3 1 
7 13 8 16 3 2 4 12 17 10 6 1 9 14 
8 13 8 16 3 2 4 12 17 10 6 1 9 14 
9 13 8 16 3 2 4 12 17 10 6 1 14 9 
10 13 8 16 3 2 4 12 17 10 6 1 9 14 
11 13 8 16 3 2 4 12 17 10 6 1 9 14 
12 13 8 16 3 2 4 12 17 10 6 1 9 14 
13 13 8 16 3 2 4 12 17 10 6 1 9 14 
14 13 8 16 3 2 4 12 17 10 6 1 9 14 
15 13 8 16 3 2 4 12 17 10 6 1 9 14 
16 13 4 12 8 17 10 6 16 3 1 9 14 
17 2 13 4 12 8 17 10 16 3 1 9 14 
18 2 13 4 12 8 17 10 16 3 1 9 14 
19 13 8 16 3 2 4 12 17 10 6 1 9 14 
