1 1 
2 1 2 
3 1 2 3 
4 4 1 2 3 
5 4 1 5 2 3 
6 4 1 6 5 2 3 
7 4 1 6 5 2 3 
8 4 1 6 5 8 2 3 
9 22 4 31 14 26 16 19 9 21 28 1 25 33 11 29 12 18 6 5 8 13 2 3 
10 22 4 31 14 26 16 9 19 21 28 1 25 33 11 29 12 18 6 5 8 13 2 3 
11 22 4 31 14 26 16 9 19 21 28 1 25 33 29 11 12 18 6 5 8 13 2 3 
12 22 4 31 14 26 16 9 19 21 28 1 25 33 11 29 12 18 6 5 8 13 2 3 
13 22 4 31 14 26 16 9 19 21 28 1 25 33 11 29 12 18 6 5 8 13 2 3 
14 22 4 31 14 26 16 9 19 21 28 1 25 33 11 29 12 18 6 5 8 13 2 3 
15 22 4 31 14 26 16 9 19 21 28 1 25 33 11 29 12 18 6 5 8 13 2 3 
16 22 4 31 14 26 16 9 19 21 28 1 25 33 11 29 12 18 6 5 8 13 2 3 
17 22 4 31 14 26 16 9 19 21 28 1 25 33 11 29 12 18 6 5 8 13 2 3 
18 22 4 31 14 26 16 9 19 21 28 1 25 33 11 29 12 18 6 5 8 13 2 3 
19 22 4 31 14 26 16 9 19 21 28 1 25 33 11 29 12 18 6 5 8 13 2 3 
20 22 4 31 14 26 16 9 19 21 28 1 25 33 11 29 12 18 6 5 8 13 2 3 
21 22 4 31 14 26 16 9 19 28 21 1 25 33 11 29 12 18 6 5 8 13 2 3 
22 22 4 31 14 26 16 9 19 21 28 1 25 33 11 29 12 18 6 5 8 13 2 3 
23 22 4 31 14 26 16 9 19 21 28 1 25 33 11 29 12 18 6 5 8 13 2 3 
24 22 4 31 14 26 16 9 19 21 28 1 25 33 11 29 12 18 6 5 8 13 2 3 
25 22 4 31 14 26 16 9 19 21 28 1 33 25 11 29 12 18 6 5 8 13 2 3 
26 22 4 31 14 26 16 9 19 21 28 1 25 33 11 29 12 18 6 5 8 13 2 3 
27 22 4 31 14 26 16 9 19 21 28 1 25 33 11 29 12 18 6 5 8 13 2 3 
28 22 4 31 14 26 16 9 19 21 28 1 25 33 11 29 12 18 6 5 8 13 2 3 
29 22 4 31 14 26 16 9 19 28 21 1 25 33 11 29 12 18 6 5 8 13 2 3 
30 22 4 31 14 26 16 9 19 28 21 1 25 33 11 29 12 18 6 5 8 13 2 3 
31 22 4 31 14 26 16 9 19 21 28 1 25 33 11 29 12 18 6 5 8 13 2 3 
32 22 4 31 14 26 16 9 19 21 28 1 25 33 11 29 12 18 6 5 8 13 2 3 
33 22 4 31 14 26 16 9 19 21 28 1 25 33 11 29 12 18 6 5 13 2 3 
34 22 4 31 14 26 16 9 19 21 28 1 25 33 11 29 12 18 6 5 13 2 3 
35 22 4 31 14 26 16 9 19 21 28 1 25 11 29 12 18 6 35 5 13 2 3 
36 22 4 58 31 54 14 44 48 39 19 21 28 11 29 38 6 55 5 52 46 13 3 36 37 60 41 26 51 16 9 56 43 1 25 12 18 35 2 47 
37 22 4 58 31 54 14 44 48 39 19 21 28 11 29 38 6 55 5 52 46 13 3 36 37 60 41 26 51 16 9 56 43 1 25 12 18 35 2 47 
38 22 4 58 31 54 14 44 48 39 19 21 28 11 29 38 6 55 5 52 46 13 3 36 37 60 41 26 51 16 9 56 43 1 25 12 18 35 2 47 
39 22 4 58 31 54 14 44 48 39 19 21 28 11 29 38 6 55 5 52 46 13 3 36 37 60 41 26 51 16 9 56 43 1 25 12 18 35 2 47 
40 22 4 58 31 54 14 44 48 39 19 21 28 11 29 38 6 55 5 52 46 13 3 36 37 60 41 26 51 16 9 56 43 1 25 12 18 35 2 47 
41 22 4 58 31 54 14 44 48 39 19 21 28 11 29 38 6 55 5 52 46 13 3 36 37 60 26 41 51 16 9 56 43 1 25 12 18 35 2 47 
42 22 4 58 31 54 14 44 48 39 19 21 28 11 29 38 6 55 5 52 46 13 3 36 37 60 41 26 51 16 9 56 43 1 25 12 18 35 2 47 
43 22 4 58 31 54 14 44 48 39 19 21 28 11 29 38 6 55 5 52 46 13 3 36 37 60 41 26 51 16 9 56 43 1 25 12 18 35 2 47 
44 22 4 58 31 54 14 44 48 39 19 21 28 11 29 38 6 55 5 52 46 13 3 36 37 60 41 26 51 16 9 56 43 1 25 12 18 35 2 47 
45 22 4 58 31 54 14 44 48 39 19 21 28 11 29 38 6 55 5 52 46 13 3 36 37 60 41 26 51 16 9 56 43 1 25 12 18 35 2 47 
46 22 4 58 31 54 14 44 48 39 19 21 28 11 29 38 6 55 5 52 46 13 3 36 37 60 41 26 51 16 9 56 43 1 25 12 18 35 2 47 
47 22 4 58 31 54 14 44 48 39 19 21 28 11 29 38 6 55 5 52 46 13 3 36 37 60 41 26 51 16 9 56 43 1 25 12 18 35 2 47 
48 22 4 58 31 54 14 44 48 39 19 21 28 11 29 38 6 55 5 52 46 13 3 36 37 60 41 26 51 16 9 56 43 1 25 12 18 35 2 47 
49 22 4 58 31 54 14 44 48 39 19 21 28 11 29 38 6 55 5 52 46 13 3 36 37 60 41 26 51 16 9 56 43 1 25 12 18 35 2 47 
50 22 4 58 31 54 14 44 48 39 19 21 28 11 29 38 6 55 5 52 46 13 3 36 37 60 41 26 51 16 9 56 43 1 25 12 18 35 2 47 
51 22 4 58 31 54 14 44 48 39 19 21 28 11 29 38 6 55 5 52 46 13 3 36 37 60 41 26 51 16 9 56 43 1 25 12 18 35 2 47 
52 22 4 58 31 54 14 44 48 39 19 21 28 11 29 38 6 55 5 52 46 13 3 36 37 60 41 26 51 16 9 56 43 1 25 12 18 35 2 47 
53 22 4 58 31 54 14 44 48 39 19 21 28 11 29 38 6 55 5 52 46 13 3 36 37 60 41 26 51 16 9 56 43 1 25 12 18 35 2 47 
54 22 4 58 31 14 54 44 48 39 19 21 28 11 29 38 6 55 5 52 46 13 3 36 37 60 41 26 51 16 9 56 43 1 25 12 18 35 2 47 
55 22 4 58 31 54 14 44 48 39 19 21 28 11 29 38 6 55 5 52 46 13 3 36 37 60 41 26 51 16 9 56 43 1 25 12 18 35 2 47 
56 22 4 58 31 54 14 44 48 39 19 21 28 11 29 38 6 55 5 52 46 13 3 36 37 60 41 26 51 16 9 56 43 1 25 12 18 35 2 47 
57 22 4 58 31 54 14 44 48 39 19 21 28 11 29 38 6 55 5 52 46 13 3 36 37 60 41 26 51 16 9 56 43 1 25 12 18 35 2 47 
58 22 4 58 31 54 14 44 48 39 19 21 28 11 29 38 6 55 5 52 46 13 3 36 37 60 41 26 51 16 9 56 43 1 25 12 18 35 2 47 
59 22 4 58 31 54 14 44 48 39 19 21 28 11 29 38 6 55 5 52 46 13 3 36 37 60 41 26 51 16 9 56 43 1 25 12 18 35 2 47 
60 22 4 58 31 54 14 44 48 39 19 21 28 11 29 38 6 55 5 52 46 13 3 36 37 60 41 26 51 16 9 56 43 1 25 12 18 2 47 
61 22 4 58 31 54 14 44 48 39 19 21 28 11 29 38 6 55 5 52 46 13 3 36 37 60 41 26 51 16 9 56 43 1 25 12 18 2 47 
62 22 4 58 31 54 14 44 48 39 62 19 21 28 11 29 38 6 55 5 52 46 13 3 36 37 41 26 51 16 9 56 43 1 25 12 18 2 47 
63 54 14 71 76 39 62 19 21 28 11 38 6 46 13 3 82 85 81 26 65 63 43 25 12 67 68 2 22 4 58 31 87 44 48 80 72 84 29 55 5 52 73 36 37 70 41 51 16 9 56 1 18 89 77 79 47 
64 54 14 71 76 39 62 19 21 28 11 38 6 46 13 3 82 85 81 26 65 63 43 25 12 67 68 2 22 4 58 31 87 44 48 80 72 84 29 55 5 52 73 36 37 70 41 51 16 9 56 1 18 89 77 79 47 
65 54 14 71 76 39 62 19 21 28 11 38 6 46 13 3 82 85 81 26 65 63 43 25 12 67 68 2 22 4 58 31 87 44 48 80 72 84 29 55 5 52 73 36 37 70 41 51 16 9 56 1 18 89 77 79 47 
66 54 14 71 76 39 62 19 21 28 11 38 6 46 13 3 82 85 81 26 65 63 43 25 12 67 68 2 22 4 58 31 87 44 48 80 72 84 29 55 5 52 73 36 37 70 41 51 16 9 56 1 18 89 77 79 47 
67 54 14 71 76 39 62 19 21 28 11 38 6 46 13 3 82 85 81 26 65 63 43 25 12 68 67 2 22 4 58 31 87 44 48 80 72 84 29 55 5 52 73 36 37 70 41 51 16 9 56 1 18 89 77 79 47 
68 54 14 71 76 39 62 19 21 28 11 38 6 46 13 3 82 85 81 26 65 63 43 25 12 67 68 2 22 4 58 31 87 44 48 80 72 84 29 55 5 52 73 36 37 70 41 51 16 9 56 1 18 89 77 79 47 
69 54 14 71 76 39 62 19 21 28 11 38 6 46 13 3 82 85 81 26 65 63 43 25 12 67 68 2 22 4 58 31 87 44 48 80 72 84 29 55 5 52 73 36 37 70 41 51 16 9 56 1 18 89 77 79 47 
70 54 14 71 76 39 62 19 21 28 11 38 6 46 13 3 82 85 81 26 65 63 43 25 12 67 68 2 22 4 58 31 87 44 48 80 72 84 29 55 5 52 73 36 37 70 41 51 16 9 56 1 18 89 77 79 47 
71 54 14 71 76 39 62 19 21 28 11 38 6 46 13 3 82 85 81 26 65 63 43 25 12 67 68 2 22 4 58 31 87 44 48 80 72 84 29 55 5 52 73 36 37 70 41 51 16 9 56 1 18 89 77 79 47 
72 54 14 71 76 39 62 19 21 28 11 38 6 46 13 3 82 85 81 26 65 63 43 25 12 67 68 2 22 4 58 31 87 44 48 80 72 84 29 55 5 52 73 36 37 70 41 51 16 9 56 1 18 89 77 79 47 
73 54 14 71 76 39 62 19 21 28 11 38 6 46 13 3 82 85 81 26 65 63 43 25 12 67 68 2 22 4 58 31 87 44 48 80 72 84 29 55 5 52 73 36 37 70 41 51 16 9 56 1 18 89 77 79 47 
74 54 14 71 76 39 62 19 21 28 11 38 6 46 13 3 82 85 81 26 65 63 43 25 12 67 68 2 22 4 58 31 87 44 48 80 72 84 29 55 5 52 73 36 37 70 41 51 16 9 56 1 18 89 77 79 47 
75 54 14 71 76 39 62 19 21 28 11 38 6 46 13 3 82 85 81 26 65 63 43 25 12 67 68 2 22 4 58 31 87 44 48 80 72 84 29 55 5 52 73 36 37 70 41 51 16 9 56 1 18 89 77 79 47 
76 54 14 71 76 39 62 19 21 28 11 38 6 46 13 3 82 85 81 26 65 63 43 25 12 67 68 2 22 4 58 31 87 44 48 80 72 84 29 55 5 52 73 36 37 70 41 51 16 9 56 1 18 89 77 79 47 
77 54 14 71 76 39 62 19 21 28 11 38 6 46 13 3 82 85 81 26 65 63 43 25 12 67 68 2 22 4 58 31 87 44 48 80 72 84 29 55 5 52 73 36 37 70 41 51 16 9 56 1 18 89 79 77 47 
78 54 14 71 76 39 62 19 21 28 11 38 6 46 13 3 82 85 81 26 65 63 43 25 12 67 68 2 22 4 58 31 87 44 48 80 72 84 29 55 5 52 73 36 37 70 41 51 16 9 56 1 18 89 77 79 47 
79 54 14 71 76 39 62 19 21 28 11 38 6 46 13 3 82 85 81 26 65 63 43 25 12 67 68 2 22 4 58 31 87 44 48 80 72 84 29 55 5 52 73 36 37 70 41 51 16 9 56 1 18 89 77 79 47 
80 54 14 71 76 39 62 19 21 28 11 38 6 46 13 3 82 85 81 26 65 63 43 25 12 67 68 2 22 4 58 31 87 44 48 80 72 84 29 55 5 52 73 36 37 70 41 51 16 9 56 1 18 89 77 79 47 
81 54 14 71 76 39 62 19 21 28 11 38 6 46 13 3 82 85 81 26 65 63 43 25 12 67 68 2 22 4 58 31 87 44 48 80 72 84 29 55 5 52 73 36 37 70 41 51 16 9 56 1 18 89 77 79 47 
82 54 14 71 76 39 62 19 21 28 11 38 6 46 13 3 82 85 81 26 65 63 43 25 12 67 68 2 22 4 58 31 87 44 48 80 72 84 29 55 5 52 73 36 37 70 41 51 16 9 56 1 18 89 77 79 47 
83 54 14 71 76 39 62 19 21 28 11 38 6 46 13 3 82 85 81 26 65 63 43 25 12 67 68 2 22 4 58 31 87 44 48 80 72 84 29 55 5 52 73 36 37 70 41 51 16 9 56 1 18 89 77 79 47 
84 54 14 71 76 39 62 19 21 28 11 38 6 46 13 3 82 85 81 26 65 63 43 25 12 67 68 2 22 4 58 31 87 44 48 80 72 29 84 55 5 52 73 36 37 70 41 51 16 9 56 1 18 89 77 79 47 
85 54 14 71 76 39 62 19 21 28 11 38 6 46 13 3 82 85 81 26 65 63 43 25 12 67 68 2 22 4 58 31 87 44 48 80 72 84 29 55 5 52 73 36 37 70 41 51 16 9 56 1 18 89 77 79 47 
86 54 14 71 76 39 62 19 21 28 11 38 6 46 13 3 82 85 81 26 65 63 43 25 12 67 68 2 22 4 58 31 87 44 48 80 72 84 29 55 5 52 73 36 37 70 41 51 16 9 56 1 18 89 77 79 47 
87 54 14 71 76 39 62 19 21 28 11 38 6 46 13 3 82 85 81 26 65 63 43 25 12 67 68 2 22 4 58 31 87 44 48 80 72 84 29 55 5 52 73 36 37 70 41 51 16 9 56 1 18 89 77 79 47 
88 54 14 71 76 39 62 19 21 28 11 38 6 46 13 3 82 85 81 26 65 63 43 25 12 67 68 2 22 4 58 31 87 44 48 80 72 84 29 55 5 52 73 36 37 70 41 51 16 9 56 1 18 89 77 79 47 
89 54 14 71 76 39 19 21 28 11 38 6 46 13 3 82 85 81 26 65 63 43 25 12 67 68 2 22 4 58 31 87 44 48 80 72 84 29 55 5 52 73 36 37 70 41 51 16 9 56 1 18 89 77 79 47 
90 54 14 71 76 39 19 21 28 11 38 6 46 13 3 82 85 81 26 65 63 43 25 12 67 68 2 22 4 58 31 87 44 48 80 72 84 29 55 5 52 73 36 37 70 41 51 16 9 56 1 18 89 77 79 47 
91 54 14 71 76 39 62 19 21 28 11 38 6 46 13 3 82 85 81 26 65 63 43 25 12 67 68 2 22 4 58 31 87 44 48 80 72 84 29 55 5 52 73 36 37 70 41 51 16 9 56 1 18 89 77 79 47 
