1 1 
2 2 1 
3 2 3 1 
4 2 3 1 4 
5 2 3 5 1 4 
6 2 3 5 1 4 6 
7 2 7 3 5 1 4 6 
8 2 7 3 5 1 4 8 6 
9 2 7 3 14 5 21 11 4 8 12 22 1 20 10 18 15 16 17 26 13 6 19 23 
10 2 7 3 14 5 21 11 4 8 12 22 1 20 18 10 15 16 17 26 13 6 19 23 
11 2 7 3 14 5 21 11 4 8 12 22 1 20 10 18 15 16 17 26 13 6 19 23 
12 2 7 3 14 5 21 11 4 8 12 22 1 20 10 18 15 16 17 26 13 6 19 23 
13 2 7 3 14 5 21 11 4 8 12 22 1 20 10 18 15 16 17 26 13 6 19 23 
14 2 7 3 14 5 21 11 4 8 12 22 1 20 10 18 15 16 17 26 13 6 19 23 
15 2 7 3 14 5 21 11 4 8 12 22 1 20 10 18 16 17 26 15 13 6 19 23 
16 2 7 3 14 5 21 11 4 8 12 22 1 20 10 18 15 17 26 16 13 6 19 23 
17 2 7 3 14 5 21 11 4 8 12 22 1 20 10 18 15 16 26 17 13 6 19 23 
18 2 7 3 14 5 21 11 4 8 12 22 1 20 10 18 15 16 17 26 13 6 19 23 
19 2 7 3 14 5 21 11 4 8 12 22 1 20 10 18 15 16 17 26 13 6 19 23 
20 2 7 3 14 5 21 11 4 8 12 22 1 20 10 18 15 16 17 26 13 6 19 23 
21 2 7 3 14 5 21 11 4 8 12 22 1 20 10 18 15 16 17 26 13 6 19 23 
22 2 7 3 14 5 21 11 4 8 12 22 1 20 10 18 15 16 17 26 13 6 19 23 
23 2 7 3 14 5 21 11 4 8 12 22 1 20 10 18 15 16 17 26 13 6 19 23 
24 2 7 3 14 5 21 11 4 8 12 22 1 20 10 18 15 16 17 26 13 6 19 23 
25 2 7 3 14 5 21 11 4 8 12 22 1 20 10 18 15 16 17 26 13 6 19 23 
26 2 7 3 14 5 21 11 4 12 22 1 20 10 18 15 16 17 26 13 6 19 23 
27 2 7 3 14 5 21 11 4 12 22 1 20 10 18 15 16 17 26 13 6 19 23 
28 2 7 3 14 5 21 11 4 8 12 22 1 20 10 18 15 16 17 26 13 6 19 23 
