1 1 
2 1 2 
3 1 2 3 
4 1 2 3 4 
5 1 2 3 4 5 
6 1 2 3 4 5 6 
7 1 2 3 4 5 7 6 
8 1 2 3 4 5 7 6 8 
9 1 2 3 9 4 5 7 6 8 
10 1 2 3 9 4 5 7 6 10 8 
11 1 11 2 3 9 4 5 7 6 10 8 
12 1 11 2 3 9 4 5 7 6 10 8 
13 1 11 13 2 3 9 4 5 7 6 10 8 
14 1 11 13 2 3 9 4 5 7 6 10 8 
15 1 11 2 3 9 4 5 7 6 10 8 15 
16 4 6 10 8 15 1 11 13 2 3 16 9 5 7 
17 4 6 10 8 15 1 11 13 2 3 16 9 5 7 
18 18 4 6 10 8 15 1 11 13 2 3 16 9 5 7 
19 19 18 4 6 10 8 15 1 11 13 2 3 16 9 5 7 
20 19 18 4 6 10 8 15 1 11 13 2 3 16 9 20 5 7 
21 19 18 4 6 10 8 15 1 11 13 2 3 16 9 20 5 7 21 
22 19 18 4 6 10 8 15 1 11 13 2 3 16 9 20 5 7 21 
23 4 6 10 8 15 1 11 13 2 3 23 16 9 5 7 
24 4 6 10 8 15 1 11 13 2 3 23 24 16 9 5 7 
25 4 6 10 8 15 1 11 13 2 3 23 24 16 25 9 5 7 
26 4 6 10 8 15 1 11 13 2 3 23 24 16 25 26 9 5 7 
27 19 18 4 6 10 8 15 27 1 11 13 2 3 23 24 16 25 26 9 20 5 7 21 
28 19 18 4 6 10 8 28 15 27 1 11 13 2 3 23 24 16 25 26 9 20 5 7 21 
29 18 10 28 1 13 29 9 20 7 21 19 4 6 8 15 27 11 2 3 23 24 16 25 26 5 
30 18 10 28 1 13 29 9 20 7 21 19 4 6 8 15 27 11 2 3 23 24 16 25 26 5 
31 18 10 28 1 13 29 9 20 7 21 19 4 31 6 8 15 27 11 2 3 23 24 16 25 26 5 
32 35 44 34 18 36 10 28 1 13 29 38 9 20 7 21 46 47 19 45 32 42 4 31 6 40 8 15 27 11 2 3 23 24 16 25 26 43 5 
33 35 44 34 18 36 10 28 1 13 29 38 9 20 7 21 46 47 19 45 32 42 4 31 6 40 8 15 27 11 2 3 23 24 16 25 26 43 5 
34 35 44 34 18 36 10 28 1 13 29 38 9 20 7 21 46 47 19 45 32 42 4 31 6 40 8 15 27 11 2 3 23 24 16 25 26 43 5 
35 35 44 34 18 36 10 28 1 13 29 38 9 20 7 21 46 47 19 45 32 42 4 31 6 40 8 15 27 11 2 3 23 24 16 25 26 43 5 
36 35 44 34 18 36 10 28 1 13 29 38 9 20 7 21 46 47 19 45 32 42 4 31 6 40 8 15 27 11 2 3 23 24 16 25 26 43 5 
37 35 44 34 18 36 10 28 1 13 29 38 9 20 7 21 46 47 19 45 32 42 4 31 6 40 8 15 27 11 2 3 23 24 16 25 26 43 5 
38 35 44 34 18 36 10 28 1 13 29 38 9 20 7 21 46 47 19 45 32 42 4 31 6 40 8 15 27 11 2 3 23 24 16 25 26 43 5 
39 35 44 34 18 36 10 28 1 13 29 38 9 20 7 21 46 47 19 45 32 42 4 31 6 40 8 15 27 11 2 3 23 24 16 25 26 43 5 
40 35 44 34 18 36 10 28 1 13 29 38 9 20 7 21 46 47 19 45 32 42 4 31 6 40 8 15 27 11 2 3 23 24 16 25 26 43 5 
41 35 44 34 18 36 10 28 1 13 29 38 9 20 7 21 46 47 19 45 32 42 4 31 6 40 8 15 27 11 2 3 23 24 16 25 26 43 5 
42 35 44 34 18 36 10 28 1 13 29 38 9 20 7 21 46 47 19 45 32 42 4 31 6 40 8 15 27 11 2 3 23 24 16 25 26 43 5 
43 35 44 34 18 36 10 28 1 13 29 38 9 20 7 21 46 47 19 45 32 42 4 31 6 40 8 15 27 11 2 3 23 24 16 25 26 43 5 
44 35 44 34 18 36 10 28 1 13 29 38 9 20 7 21 46 47 19 45 32 42 4 31 6 40 8 15 27 11 2 3 23 24 16 25 26 43 5 
45 35 44 34 18 36 10 28 1 13 29 38 9 20 7 21 46 47 19 45 32 42 4 31 6 40 8 15 27 11 2 3 23 24 16 25 26 43 5 
46 35 44 34 18 36 10 28 1 13 29 38 9 20 7 21 47 46 19 45 32 42 4 31 6 40 8 15 27 11 2 3 23 24 16 25 26 43 5 
47 35 44 34 18 36 10 28 1 13 29 38 9 20 7 21 46 47 19 45 32 42 4 31 6 40 8 15 27 11 2 3 23 24 16 25 26 43 5 
48 35 44 34 18 36 10 28 1 13 29 38 9 20 7 21 46 47 19 45 32 42 4 31 6 40 8 15 27 11 2 3 23 24 16 25 26 43 5 
49 35 44 34 18 36 10 28 1 13 29 38 9 20 7 21 46 47 19 45 32 42 4 31 6 40 8 15 27 11 2 3 23 24 16 25 26 43 5 
50 35 44 34 18 36 10 28 1 13 29 38 9 20 7 21 46 47 19 45 32 42 4 31 6 40 8 15 27 11 2 3 23 24 16 25 26 43 5 
51 35 44 34 18 36 10 28 1 13 29 38 51 9 20 7 21 46 47 19 45 32 42 4 6 40 8 15 27 11 2 3 23 24 16 25 26 43 5 
52 63 73 44 18 36 10 1 54 38 9 20 19 45 74 69 66 56 32 42 4 6 40 8 11 58 65 3 26 59 43 35 52 55 34 75 64 28 13 29 51 7 21 60 62 46 47 15 27 2 23 24 68 16 25 70 5 
53 63 73 44 18 36 10 1 54 38 9 20 19 45 74 69 66 56 32 42 4 6 40 8 11 58 65 3 26 59 43 35 52 55 34 75 64 28 13 29 51 7 21 60 62 46 47 15 27 2 23 24 68 16 25 70 5 
54 63 73 44 18 36 10 1 38 54 9 20 19 45 74 69 66 56 32 42 4 6 40 8 11 58 65 3 26 59 43 35 52 55 34 75 64 28 13 29 51 7 21 60 62 46 47 15 27 2 23 24 68 16 25 70 5 
55 63 73 44 18 36 10 1 54 38 9 20 19 45 74 69 66 56 32 42 4 6 40 8 11 58 65 3 26 59 43 52 55 34 75 64 28 13 29 51 7 21 60 62 46 47 15 27 2 23 24 68 16 25 70 5 
56 63 73 44 18 36 10 1 54 38 9 20 19 45 74 69 66 56 32 42 4 6 40 8 11 58 65 3 26 59 43 52 55 34 75 64 28 13 29 51 7 21 60 62 46 47 15 27 2 23 24 68 16 25 70 5 
57 63 73 44 18 36 10 1 54 38 9 20 19 45 74 69 66 56 32 42 4 6 40 8 11 58 65 3 26 59 43 52 55 34 75 64 28 13 29 51 7 21 60 62 46 47 15 27 2 23 24 68 16 25 70 5 
58 63 73 44 18 36 10 1 54 38 9 20 19 45 74 69 66 56 32 42 4 6 40 8 11 58 65 3 26 59 43 52 55 34 75 64 28 13 29 51 7 21 60 62 46 47 15 27 2 23 24 68 16 25 5 
59 63 73 44 18 36 10 1 54 38 9 20 19 45 74 69 66 56 32 42 4 6 40 8 11 58 65 3 26 59 43 52 55 34 75 64 28 13 29 51 7 21 60 62 46 47 15 27 2 23 24 68 16 25 5 
60 63 73 44 18 36 10 1 54 38 9 20 19 45 74 69 66 56 32 42 4 6 40 8 11 58 65 3 26 59 43 52 55 34 75 64 28 13 29 51 7 21 60 62 46 47 15 27 2 23 24 68 16 25 70 5 
61 63 73 44 18 36 10 1 54 38 9 20 19 45 74 69 66 56 32 42 4 6 40 8 11 58 65 3 26 59 43 52 55 34 75 64 28 13 29 51 7 21 60 62 46 47 15 27 2 23 24 68 16 25 70 5 
62 63 73 44 18 36 10 1 54 38 9 20 19 45 74 69 66 56 32 42 4 6 40 8 11 58 65 3 26 59 43 52 55 34 75 64 28 13 29 51 7 21 60 62 46 47 15 27 2 23 24 68 16 25 70 5 
63 63 73 44 18 36 10 1 54 38 9 20 19 45 74 69 66 56 32 42 4 6 40 8 11 58 65 3 26 59 43 52 55 34 75 64 28 13 29 51 7 21 60 62 46 47 15 27 2 23 24 68 16 25 70 5 
64 63 73 44 18 36 10 1 54 38 9 20 19 45 74 69 66 56 32 42 4 6 40 8 11 58 65 3 26 59 43 52 55 34 75 64 28 13 29 51 7 21 60 62 46 47 15 27 2 23 24 68 16 25 70 5 
65 63 73 44 18 36 10 1 54 38 9 20 19 45 74 69 66 56 32 42 4 6 40 8 11 58 65 3 26 59 43 52 55 34 75 64 28 13 29 51 7 21 60 62 46 47 15 27 2 23 24 68 16 25 70 5 
66 63 73 44 18 36 10 1 54 38 9 20 19 45 74 69 66 56 32 42 4 6 40 8 11 58 65 3 26 59 43 52 55 34 75 64 28 13 29 51 7 21 60 62 46 47 15 27 2 23 24 68 16 25 70 5 
67 63 73 44 18 36 10 1 54 38 9 20 19 45 74 69 66 56 32 42 4 6 40 8 11 58 65 3 26 59 43 52 55 34 75 64 28 13 29 51 7 21 60 62 46 47 15 27 2 23 24 68 16 25 70 5 
68 63 73 44 18 36 10 1 54 38 9 20 19 45 74 69 66 56 32 42 4 6 40 8 11 58 65 3 26 59 43 52 55 34 75 64 28 13 29 51 7 21 60 62 46 47 15 27 2 23 24 68 16 25 70 5 
69 63 73 44 18 36 10 1 54 38 9 20 19 45 74 69 66 56 32 42 4 6 40 8 11 58 65 3 26 59 43 52 55 34 75 64 28 13 29 51 7 21 60 62 46 47 15 27 2 23 24 68 16 25 70 5 
70 63 73 44 18 36 10 1 54 38 9 20 19 45 74 69 66 56 32 42 4 6 40 8 11 65 3 26 59 43 52 55 34 75 64 28 13 29 51 7 21 60 62 46 47 15 27 2 23 24 68 16 25 70 5 
71 63 73 44 18 36 10 1 54 38 9 20 19 45 74 69 66 56 32 42 4 6 40 8 11 65 3 26 59 43 52 55 34 75 64 28 13 29 51 7 21 60 62 46 47 15 27 2 23 24 68 16 25 70 5 
72 63 73 44 18 36 10 1 54 38 9 20 19 45 74 69 66 56 32 42 4 6 40 8 11 58 65 3 26 59 43 52 55 34 75 64 28 13 29 51 7 21 60 62 46 47 15 27 2 23 24 68 16 25 70 5 
73 63 73 44 18 36 10 1 54 38 9 20 19 45 74 69 66 56 32 42 4 6 40 8 11 58 65 3 26 59 43 52 55 34 75 64 28 13 29 51 7 21 60 62 46 47 15 27 2 23 24 68 16 25 70 5 
74 63 73 44 18 36 10 1 54 38 9 20 19 45 74 69 66 56 32 42 4 6 40 8 11 58 65 3 26 59 43 52 55 34 75 64 28 13 29 51 7 21 60 62 46 47 15 27 2 23 24 68 16 25 70 5 
75 63 73 44 18 36 10 1 54 38 9 20 19 45 74 69 66 56 32 42 4 6 40 8 11 58 65 3 26 59 43 52 55 34 75 64 28 13 29 51 7 21 60 62 46 47 15 27 2 23 24 68 16 25 70 5 
76 63 73 44 18 36 10 1 54 38 9 20 19 45 74 69 66 56 32 42 4 6 40 8 11 58 65 3 26 59 43 52 55 34 75 64 28 13 29 51 7 21 60 62 46 47 15 27 2 23 24 68 16 25 70 5 
77 63 73 44 18 36 10 1 54 38 9 20 19 45 74 69 66 56 32 42 4 6 40 8 11 58 65 3 26 59 43 52 55 34 75 64 28 13 29 51 7 21 60 62 46 47 15 27 2 23 24 68 16 25 70 5 
78 63 73 44 18 36 10 1 54 38 9 20 19 45 74 69 66 56 32 42 4 6 40 8 11 58 65 3 26 59 43 35 52 55 34 75 64 28 13 29 51 7 21 60 62 46 47 15 27 2 23 24 68 16 25 70 5 
79 18 10 28 1 13 79 29 9 20 7 21 19 4 6 8 15 27 11 2 3 23 24 16 25 26 5 
80 94 18 10 28 1 13 86 87 88 103 79 96 29 9 20 102 7 21 97 84 19 101 82 91 4 6 8 83 15 27 90 11 2 3 23 24 92 16 25 98 26 80 93 5 
81 94 18 10 28 1 13 86 87 88 103 79 96 29 9 20 102 7 21 97 84 19 101 82 91 4 6 8 83 15 27 90 11 2 3 23 24 92 16 25 98 26 80 93 5 
82 94 18 10 28 1 13 86 87 88 103 79 96 29 9 20 102 7 21 97 84 19 101 82 91 4 6 8 83 15 27 90 11 2 3 23 24 92 16 25 98 26 80 93 5 
83 94 18 10 28 1 13 86 87 88 103 79 96 29 9 20 102 7 21 97 84 19 101 82 91 4 6 8 83 15 27 90 11 2 3 23 24 92 16 25 98 26 80 93 5 
84 94 18 10 28 1 13 86 87 88 103 79 96 29 9 20 102 7 21 97 84 19 101 82 91 4 6 8 83 15 27 90 11 2 3 23 24 92 16 25 98 26 80 93 5 
85 94 18 10 28 1 13 86 87 88 103 79 96 29 9 20 102 7 21 97 84 19 101 82 91 4 6 8 83 15 27 90 11 2 3 23 24 92 16 25 98 26 80 93 5 
86 94 18 10 28 1 13 86 87 88 103 79 96 29 9 20 102 7 21 97 84 19 101 82 91 4 6 8 83 15 27 90 11 2 3 23 24 92 16 25 26 80 93 5 
87 94 18 10 28 1 13 86 87 88 103 79 96 29 9 20 102 7 21 97 84 19 101 82 91 4 6 8 83 15 27 90 11 2 3 23 24 92 16 25 26 80 93 5 
88 94 18 10 28 1 13 86 87 88 103 79 96 29 9 20 102 7 21 97 84 19 101 82 91 4 6 8 83 15 27 90 11 2 3 23 24 92 16 25 98 26 80 93 5 
89 94 18 10 28 1 13 86 87 88 103 79 96 29 9 20 102 7 21 97 84 19 101 82 91 4 6 8 83 15 27 90 11 2 3 23 24 92 16 25 98 26 80 93 5 
90 94 18 10 28 1 13 86 87 88 103 79 96 29 9 20 102 7 21 97 84 19 101 82 91 4 6 8 83 15 27 90 11 2 3 23 24 92 16 25 98 26 80 93 5 
91 94 18 10 28 1 13 86 87 88 103 79 96 29 9 20 102 7 21 97 84 19 101 82 91 4 6 8 83 15 27 90 11 2 3 23 24 92 16 25 98 26 80 93 5 
92 94 18 10 28 1 13 86 87 88 103 79 96 29 9 20 102 7 21 97 84 19 101 82 91 4 6 8 83 15 27 90 11 2 3 23 24 92 16 25 98 26 80 93 5 
93 94 18 10 28 1 13 86 87 88 103 79 96 29 9 20 102 7 21 97 84 19 101 82 91 4 6 8 83 15 27 90 11 2 3 23 24 92 16 25 98 26 80 93 5 
94 94 18 10 28 1 13 86 87 88 103 79 96 29 9 20 102 7 21 97 84 19 101 82 91 4 6 8 83 15 27 90 11 2 3 23 24 92 16 25 98 26 80 93 5 
95 94 18 10 28 1 13 86 87 88 103 79 96 29 9 20 102 7 21 97 84 19 101 82 91 4 6 8 83 15 27 90 11 2 3 23 24 92 16 25 98 26 80 93 5 
96 94 18 10 28 1 13 86 87 88 103 79 96 29 9 20 102 7 21 97 84 19 101 82 91 4 6 8 83 15 27 90 11 2 3 23 24 92 16 25 98 26 80 93 5 
97 94 18 10 28 1 13 86 87 88 103 79 96 29 9 20 102 7 21 97 84 19 101 82 91 4 6 8 83 15 27 90 11 2 3 23 24 92 16 25 98 26 80 93 5 
98 94 18 10 28 1 13 87 88 103 79 96 29 9 20 102 7 21 97 84 19 101 82 91 4 6 8 83 15 27 90 11 2 3 23 24 92 16 25 98 26 80 93 5 
99 94 18 10 28 1 13 87 88 103 79 96 29 9 20 102 7 21 97 84 19 101 82 91 4 6 8 83 15 27 90 11 2 3 23 24 92 16 25 98 26 80 93 5 
100 94 18 10 28 1 13 86 87 88 103 79 96 29 9 20 102 7 21 97 84 19 101 82 91 4 6 8 83 15 27 90 11 2 3 23 24 92 16 25 98 26 80 93 5 
101 94 18 10 28 1 13 86 87 88 103 79 96 29 9 20 102 7 21 97 84 19 101 82 91 4 6 8 83 15 27 90 11 2 3 23 24 92 16 25 98 26 80 93 5 
102 94 18 10 28 1 13 86 87 88 103 79 96 29 9 20 102 7 21 97 84 19 101 82 91 4 6 8 83 15 27 90 11 2 3 23 24 92 16 25 98 26 80 93 5 
103 94 18 10 28 1 13 86 87 88 103 79 96 29 9 20 102 7 21 97 84 19 101 82 91 4 6 8 83 15 27 90 11 2 3 23 24 92 16 25 98 26 80 93 5 
104 94 18 10 28 1 13 86 87 88 103 79 96 29 9 20 102 7 21 97 84 19 101 82 91 4 6 8 83 15 27 90 11 2 3 23 24 92 16 25 98 26 80 93 5 
105 94 18 10 28 1 13 86 87 88 103 79 96 29 9 20 102 7 21 97 84 19 101 82 91 4 6 8 83 15 27 90 11 2 3 23 24 92 16 25 98 26 80 93 5 
106 94 18 10 28 1 13 86 87 88 103 96 29 9 20 102 7 21 97 84 19 101 82 91 106 4 6 8 83 15 27 90 11 2 3 23 24 92 16 25 98 26 80 93 5 
107 94 119 111 18 10 1 88 103 96 9 20 97 19 101 110 82 109 106 4 6 8 83 11 3 98 26 80 107 121 117 122 28 13 120 86 87 29 118 102 7 21 113 84 91 115 15 27 90 2 23 24 92 16 25 93 5 
108 94 119 111 18 10 1 88 103 96 9 20 97 19 101 110 82 109 106 4 6 8 83 11 3 98 26 80 107 121 117 122 28 13 120 86 87 29 118 102 7 21 113 84 91 115 15 27 90 2 23 24 92 16 25 93 5 
109 94 119 111 18 10 1 88 103 96 9 20 97 19 101 110 82 109 106 4 6 8 83 11 3 98 26 80 107 121 117 122 28 13 120 86 87 29 118 102 7 21 113 84 91 115 15 27 90 2 23 24 92 16 25 93 5 
110 94 119 111 18 10 1 88 103 96 9 20 97 19 101 82 110 109 106 4 6 8 11 3 98 26 80 107 121 117 122 28 13 120 86 87 29 118 102 7 21 113 84 91 115 15 27 90 2 23 24 92 16 25 93 5 
111 94 119 111 18 10 1 88 103 96 9 20 97 19 101 110 82 109 106 4 6 8 11 3 98 26 80 107 121 117 122 28 13 120 86 87 29 118 102 7 21 113 84 91 115 15 27 90 2 23 24 92 16 25 93 5 
112 94 119 111 18 10 1 88 103 96 9 20 97 19 101 110 82 109 106 4 6 8 11 3 98 26 80 107 121 117 122 28 13 120 86 87 29 118 102 7 21 113 84 91 115 15 27 90 2 23 24 92 16 25 93 5 
113 94 119 111 18 10 1 88 103 96 9 20 97 19 101 110 82 109 106 4 6 8 11 3 98 26 80 107 121 117 122 28 13 120 86 87 29 118 102 7 21 113 84 91 115 15 27 90 2 23 24 92 16 25 93 5 
114 94 119 111 18 10 1 88 103 96 9 20 97 19 101 110 82 109 106 4 6 8 11 3 98 26 80 107 121 117 122 28 13 120 86 87 29 118 102 7 21 113 84 91 115 15 27 90 2 23 24 92 16 25 93 5 
115 94 119 111 18 10 1 88 103 96 9 20 97 19 101 110 82 109 106 4 6 8 11 3 98 26 80 107 121 117 122 28 13 120 86 87 29 118 102 7 21 113 84 91 115 15 27 90 2 23 24 92 16 25 93 5 
116 94 119 111 18 10 1 88 103 96 9 20 97 19 101 110 82 109 106 4 6 8 11 3 98 26 80 107 121 117 122 28 13 120 86 87 29 118 102 7 21 113 84 91 115 15 27 90 2 23 24 92 16 25 93 5 
117 94 119 111 18 10 1 88 103 96 9 20 97 19 101 110 82 109 106 4 6 8 11 3 98 26 80 107 121 117 122 28 13 120 86 87 29 118 102 7 21 113 84 91 115 15 27 90 2 23 24 92 16 25 93 5 
118 94 119 111 18 10 1 88 103 96 9 20 97 19 101 110 82 109 106 4 6 8 11 3 98 26 80 107 121 117 122 28 13 120 86 87 29 118 102 7 21 113 84 91 115 15 27 90 2 23 24 92 16 25 93 5 
119 94 119 111 18 10 1 88 103 96 9 20 97 19 101 110 82 109 106 4 6 8 11 3 98 26 80 107 121 117 122 28 13 120 86 87 29 118 102 7 21 113 84 91 115 15 27 90 2 23 24 92 16 25 93 5 
120 94 119 111 18 10 1 88 103 96 9 20 97 19 101 110 82 109 106 4 6 8 11 3 98 26 80 107 121 117 122 28 13 86 120 87 29 118 102 7 21 113 84 91 115 15 27 90 2 23 24 92 16 25 93 5 
121 94 119 111 18 10 1 88 103 96 9 20 97 19 101 110 82 109 106 4 6 8 11 3 98 26 80 107 121 117 122 28 13 120 86 87 29 118 102 7 21 113 84 91 115 15 27 90 2 23 24 92 16 25 93 5 
122 94 119 111 18 10 1 88 103 96 9 20 97 19 101 110 82 109 106 4 6 8 11 3 98 26 80 107 121 117 122 28 13 120 86 87 29 118 102 7 21 113 84 91 115 15 27 90 2 23 24 92 16 25 93 5 
123 94 119 111 18 10 1 88 103 96 9 20 97 19 101 110 82 109 106 4 6 8 11 3 98 26 80 107 121 117 122 28 13 120 86 87 29 118 102 7 21 113 84 91 115 15 27 90 2 23 24 92 16 25 93 5 
124 94 119 111 18 10 1 88 103 96 9 20 97 19 101 110 82 109 106 4 6 8 11 3 98 26 80 107 121 117 122 28 13 120 86 87 29 118 102 7 21 113 84 91 115 15 27 90 2 23 24 92 16 25 93 5 
125 94 119 111 18 10 1 88 103 96 9 20 97 19 101 110 82 109 106 4 6 8 11 3 98 26 80 107 121 117 122 28 13 120 86 87 29 118 102 7 21 113 84 91 115 15 27 90 2 23 24 92 16 25 93 5 
126 63 94 119 73 44 111 18 36 10 1 88 103 96 54 38 9 20 97 19 45 74 101 69 66 110 82 56 109 32 42 106 4 6 40 8 83 11 58 65 3 98 26 80 59 107 43 121 35 52 117 55 34 75 122 64 28 13 120 86 87 29 51 118 102 7 21 60 113 84 62 46 47 91 115 15 27 90 2 23 24 68 92 16 25 70 93 5 
127 63 94 119 73 44 111 18 36 10 1 88 103 96 54 38 9 20 97 19 45 74 101 69 66 110 82 56 109 32 42 106 4 6 40 8 83 11 58 65 3 98 26 80 59 107 43 121 35 52 117 55 34 75 122 64 28 13 120 86 87 29 51 118 102 7 21 60 113 84 62 46 47 91 115 15 27 90 2 23 24 68 92 16 25 70 93 5 
