1 1 
2 1 2 
3 3 1 2 
4 3 4 1 2 
5 3 4 5 1 2 
6 3 4 5 1 2 6 
7 3 7 4 5 1 2 6 
8 3 7 4 8 5 1 2 6 
9 3 7 4 8 5 1 2 6 9 
10 3 7 4 8 5 10 1 2 6 9 
11 11 3 7 4 8 5 10 1 2 6 9 
12 12 11 3 7 4 8 5 10 1 2 6 9 
13 12 3 7 13 11 4 8 5 10 1 2 6 9 
14 12 3 7 13 11 4 8 5 10 1 2 6 9 
15 12 3 7 13 11 4 8 5 10 15 1 2 6 9 
16 12 3 7 13 11 4 8 5 10 15 1 2 6 9 
17 12 3 17 7 13 11 4 8 5 10 1 2 6 9 
18 12 3 17 7 13 11 4 8 5 10 15 1 2 6 9 
19 12 3 17 7 13 19 11 4 8 5 10 15 1 2 6 9 
20 12 3 17 7 13 19 11 4 8 20 5 10 15 1 2 6 
21 12 3 17 7 13 19 21 4 8 20 5 10 15 1 2 6 
22 12 3 17 7 13 19 11 21 4 8 20 22 5 10 15 1 2 6 9 
23 12 3 17 7 13 19 11 21 4 8 20 22 5 10 15 1 2 6 9 
24 12 3 17 7 13 24 19 11 21 4 8 20 22 5 10 15 1 2 6 9 
25 12 3 17 7 13 24 19 11 21 4 8 20 22 25 5 10 15 1 2 6 9 
26 12 26 3 17 7 13 24 19 11 21 4 8 20 22 25 5 10 15 1 2 6 9 
27 12 26 3 17 7 13 24 19 11 21 4 8 20 22 25 5 10 15 1 2 6 9 
28 12 26 3 17 7 13 24 19 11 21 4 8 20 22 25 5 10 15 1 2 6 9 
