1 1 
2 1 2 
3 1 2 3 
4 1 2 3 4 
5 1 2 3 4 
6 1 2 3 4 6 
7 118 2 104 74 78 7 87 57 15 85 73 95 59 112 10 23 40 115 67 41 53 55 60 69 105 11 45 54 31 20 3 109 99 114 116 92 108 113 93 1 48 111 101 100 86 30 117 27 81 120 8 33 52 58 49 34 28 96 12 46 47 66 25 103 110 63 107 70 39 71 4 106 64 6 102 43 
8 118 2 104 74 78 7 87 57 15 85 73 95 59 112 10 23 40 115 67 41 53 55 60 69 105 11 45 54 31 20 3 109 99 114 116 92 108 113 93 1 48 111 101 100 86 30 117 27 81 120 8 33 52 58 49 34 28 96 12 46 47 66 25 103 110 63 107 70 39 71 4 106 64 102 43 
9 118 2 104 74 78 7 87 57 15 85 73 95 59 112 10 23 40 115 67 41 53 55 60 69 105 11 45 54 31 20 3 109 99 114 116 92 108 113 93 1 48 111 101 100 86 30 117 27 81 120 8 33 52 58 49 34 28 96 12 46 47 66 25 103 110 63 107 70 39 71 4 106 64 102 43 
10 118 2 104 74 78 7 87 57 15 85 73 95 59 112 23 10 40 115 67 41 53 55 60 69 105 11 45 54 31 20 3 109 99 114 116 92 108 113 93 1 48 111 101 100 86 30 117 27 81 120 8 33 52 58 49 34 28 96 12 46 47 66 25 103 110 63 107 70 39 71 4 106 64 102 43 
11 118 2 104 74 78 7 87 57 15 85 73 95 59 112 10 23 40 115 67 41 53 55 60 69 105 11 45 54 31 20 3 109 99 114 116 92 108 113 93 1 48 111 101 100 86 30 117 27 81 120 8 33 52 58 49 34 28 96 12 46 47 66 25 103 110 63 107 70 39 71 4 106 64 102 43 
12 118 2 104 74 78 7 87 57 15 85 73 95 59 112 10 23 40 115 67 41 53 55 60 69 105 11 45 54 31 20 3 109 99 114 116 92 108 113 93 1 48 111 101 100 86 30 117 27 81 120 8 33 52 58 49 34 28 96 12 46 47 66 25 103 110 63 107 70 39 71 4 106 64 102 43 
13 118 2 104 74 78 7 87 57 15 85 73 95 59 112 10 23 40 115 67 41 53 55 60 69 105 11 45 54 31 3 109 99 114 116 92 108 113 93 1 48 111 101 100 86 30 117 27 81 120 8 33 52 58 49 34 28 96 12 46 47 66 25 103 110 63 107 70 39 13 71 4 106 64 102 43 
14 118 2 104 74 78 7 87 57 15 85 73 95 59 112 10 23 40 115 67 41 53 55 60 69 105 11 45 54 31 3 109 99 114 116 92 108 113 93 1 48 111 101 100 86 30 117 27 81 120 8 33 52 58 49 34 28 96 12 46 47 66 25 103 110 63 107 70 13 39 71 4 106 18 64 102 43 
15 118 2 104 74 78 7 87 57 15 85 73 95 59 112 10 23 40 115 67 41 53 55 60 69 105 11 45 54 31 3 109 99 114 116 92 108 113 93 1 48 111 101 100 86 30 117 27 81 120 8 33 52 58 49 34 28 96 12 46 47 66 25 103 110 63 107 70 13 39 71 4 106 18 64 102 43 
16 118 2 104 74 78 7 87 57 15 85 73 95 59 112 10 23 40 115 67 41 53 55 60 69 105 11 45 54 31 3 109 99 114 116 92 108 113 93 1 48 111 101 100 86 30 117 27 81 120 8 33 52 58 49 34 28 96 12 46 47 66 25 103 110 63 107 70 13 39 71 4 106 18 64 102 43 
17 118 2 104 74 78 7 87 57 15 85 73 95 59 112 10 23 40 115 67 41 53 55 60 69 105 11 45 54 31 3 109 99 114 116 92 108 113 93 1 48 111 101 100 86 30 117 27 81 120 8 33 52 58 49 34 28 96 12 46 47 66 25 103 110 63 107 70 13 39 71 4 106 18 64 102 43 
18 118 2 104 74 78 7 87 57 15 85 73 95 59 112 10 23 40 115 67 41 53 55 60 69 105 11 45 54 31 3 109 99 114 116 92 108 113 93 1 48 111 101 100 86 30 117 27 81 120 8 33 52 58 49 34 28 96 12 46 47 66 25 103 110 63 107 70 39 71 4 106 64 18 102 43 
19 118 2 104 74 78 7 87 57 15 85 73 95 59 112 10 23 40 115 67 41 53 55 60 69 105 11 45 54 31 3 109 99 114 116 92 108 113 93 1 48 111 101 100 86 30 117 27 81 120 8 33 52 58 49 34 28 96 12 46 47 66 25 103 110 63 107 70 39 71 4 106 18 64 102 43 
20 118 2 104 74 78 7 87 57 15 85 73 95 59 112 10 23 40 115 67 41 53 55 60 69 105 11 45 54 31 20 3 109 99 114 116 92 108 113 93 1 48 111 101 100 86 30 117 27 81 120 8 33 52 58 49 34 28 96 12 46 47 66 25 103 110 63 107 70 39 71 4 106 64 102 43 
21 118 2 104 74 78 7 87 57 15 85 73 95 59 21 112 10 23 40 115 67 41 53 55 60 69 105 11 45 54 31 20 3 109 99 114 116 92 108 113 93 1 48 111 101 100 86 30 117 27 81 120 8 33 52 58 49 34 28 96 12 46 47 66 25 103 110 63 107 70 71 4 106 64 102 43 
22 118 2 104 74 78 7 24 87 57 15 85 73 21 95 59 112 10 23 40 115 67 41 53 55 60 69 105 11 45 54 31 20 3 109 99 114 116 92 108 113 93 1 48 26 111 101 100 30 86 27 117 81 120 8 33 52 58 34 49 28 96 12 46 47 66 25 103 110 63 107 70 71 37 4 106 64 102 43 
23 118 2 104 74 78 7 24 87 57 15 85 73 21 95 59 112 10 23 40 115 67 41 53 55 60 69 105 11 45 54 31 20 3 109 99 114 116 92 108 113 93 1 48 26 111 101 100 30 86 27 117 81 120 8 33 52 58 34 49 28 96 12 46 47 66 25 103 110 63 107 70 71 37 4 106 64 102 43 
24 118 2 104 74 78 7 24 87 57 15 85 73 21 95 59 112 10 23 115 67 41 53 55 60 69 105 11 45 54 31 20 3 109 99 114 116 92 108 113 93 1 48 26 111 101 100 30 86 27 117 81 120 8 33 52 58 34 49 28 96 12 46 47 66 25 103 110 63 107 70 71 37 4 106 64 102 43 
25 118 2 104 74 78 7 24 87 57 15 85 73 21 95 59 112 10 23 115 67 41 53 55 60 69 105 11 45 54 31 20 3 109 99 114 116 92 108 113 93 1 48 26 111 101 100 30 86 27 117 81 120 8 33 52 58 34 49 28 96 12 46 47 66 25 103 110 63 107 70 71 37 4 106 64 102 43 
26 2 104 74 78 7 24 87 57 15 85 73 21 95 59 112 10 23 115 67 41 53 55 60 69 105 11 45 54 31 20 3 109 99 114 116 108 113 93 1 48 26 111 101 100 30 86 27 117 81 120 8 33 52 58 34 49 28 96 12 46 47 66 25 103 110 63 107 70 71 37 4 106 64 102 43 
27 2 104 74 78 7 24 87 57 15 85 73 21 95 59 112 10 23 115 67 41 53 55 69 105 11 45 54 31 20 3 109 99 114 116 108 113 93 1 48 26 111 101 100 30 86 117 27 81 120 8 33 52 58 34 49 28 96 12 46 66 25 103 110 63 107 70 71 37 4 106 64 102 43 
28 2 104 74 78 7 24 87 57 15 85 73 21 95 59 112 10 23 115 67 41 53 55 69 105 11 45 54 31 20 3 109 99 114 116 108 113 93 1 48 26 111 101 100 30 86 27 117 81 120 8 33 52 58 34 49 28 96 12 46 66 25 103 110 63 107 70 71 37 4 106 64 102 43 
29 2 104 74 78 7 24 87 57 15 85 73 21 95 59 112 10 23 115 67 41 53 55 69 105 11 45 54 31 20 3 109 99 114 116 108 113 93 1 48 26 111 101 100 30 86 27 117 81 120 8 33 52 58 34 49 28 96 12 46 66 25 103 110 63 107 70 71 37 4 106 64 102 43 
30 2 104 74 78 7 24 87 57 15 85 73 21 95 59 112 10 23 115 67 41 53 55 69 105 11 45 54 31 20 3 109 99 114 116 108 113 93 1 48 26 111 101 100 86 30 27 117 81 120 8 33 52 58 34 49 28 96 12 46 66 25 103 110 63 107 70 71 37 4 106 64 102 43 
31 2 104 74 78 7 24 87 57 15 85 73 21 95 59 112 10 23 115 67 41 53 55 69 105 11 45 54 31 20 3 109 99 114 116 108 113 93 1 48 26 111 101 100 30 86 27 117 81 120 8 33 52 58 34 49 28 96 12 46 66 25 103 110 63 107 70 71 37 4 106 64 102 43 
32 2 104 74 78 7 24 87 57 15 85 73 21 95 59 112 10 23 115 67 41 53 55 69 105 11 45 54 31 20 3 109 99 114 116 108 113 93 1 48 26 111 101 100 30 86 27 117 81 120 8 33 52 58 34 49 28 96 12 46 66 25 103 110 63 107 70 71 37 4 106 64 102 43 
33 2 104 74 78 7 24 87 57 15 85 73 21 95 59 112 10 23 115 67 41 53 55 69 105 11 45 54 31 20 3 109 99 114 116 108 113 93 1 48 26 111 101 100 30 86 27 117 81 120 8 33 52 58 34 49 28 96 12 46 66 25 103 110 63 107 70 71 37 4 106 64 102 43 
34 2 104 74 78 7 24 87 57 15 85 73 21 95 59 112 10 23 115 67 41 53 55 69 105 11 45 54 31 20 3 109 99 114 116 108 113 93 1 48 26 111 101 100 30 86 27 117 81 120 8 33 52 58 49 34 28 96 12 46 66 25 103 110 63 107 70 71 37 4 106 64 102 43 
35 2 104 74 78 7 24 87 57 15 85 73 21 95 59 112 10 23 115 67 41 53 55 69 105 11 45 54 31 20 3 109 99 114 116 108 113 93 1 48 26 111 101 100 30 86 27 117 81 120 8 33 52 58 34 49 28 96 12 46 66 25 103 110 63 107 70 71 37 4 106 64 102 43 
36 2 104 74 78 7 24 87 57 15 85 73 21 95 59 112 10 23 115 67 41 53 55 69 105 11 45 54 31 20 3 109 99 114 116 108 113 93 1 48 26 111 101 100 30 86 27 117 81 120 8 33 52 58 34 49 28 96 12 46 66 25 103 110 63 107 70 71 37 4 106 64 102 43 
37 2 104 74 78 7 24 87 57 15 85 73 95 59 112 10 23 115 67 41 53 55 69 105 11 45 54 31 20 3 109 99 114 116 108 113 93 1 48 26 111 101 100 30 86 27 117 81 120 8 33 52 58 34 49 28 96 12 46 66 25 103 110 63 107 70 71 37 4 106 64 102 43 
38 2 104 74 78 7 24 87 57 15 85 73 95 59 112 10 23 115 67 41 53 55 69 105 11 45 54 31 20 3 109 99 114 116 108 113 93 1 48 26 111 101 100 30 86 27 117 81 120 8 33 52 58 34 49 28 96 12 46 66 25 103 110 63 107 70 71 37 4 106 64 102 43 
39 118 2 104 74 78 7 24 87 57 15 85 73 95 59 112 10 23 40 115 67 41 53 55 60 69 105 11 45 54 31 20 3 109 99 114 116 92 108 113 93 1 48 26 111 101 100 30 86 27 117 81 120 8 33 52 58 34 49 28 96 12 46 47 66 25 103 110 63 107 70 39 71 4 106 64 102 43 
40 118 2 104 74 78 7 87 57 15 85 73 95 59 112 10 23 115 40 67 41 53 55 60 69 105 11 45 54 31 20 3 109 99 114 116 92 108 113 93 1 48 26 111 101 100 30 86 27 117 81 120 8 33 52 58 34 49 28 96 12 46 47 66 25 103 110 63 107 70 39 71 4 106 64 102 43 
41 118 2 74 104 78 7 57 87 15 85 73 59 95 112 10 23 40 115 67 41 53 55 60 69 105 11 45 54 31 20 3 109 99 114 116 92 108 113 93 1 48 26 111 101 100 30 86 27 117 81 120 8 33 52 58 49 34 28 96 44 12 46 47 66 25 63 103 110 107 70 39 71 4 106 64 43 102 
42 118 2 74 104 78 7 57 87 15 85 73 59 95 112 10 23 40 115 67 41 53 55 60 69 105 11 45 54 31 20 3 109 99 114 116 92 108 113 93 1 48 26 111 101 100 30 86 27 117 81 120 8 33 52 58 49 34 28 96 44 12 46 47 66 25 63 103 110 107 70 39 71 4 106 64 43 102 
43 118 2 74 104 78 7 57 87 15 85 73 59 95 112 10 23 40 115 67 41 53 55 60 69 105 11 45 54 31 20 3 109 99 114 116 92 108 113 93 1 48 26 111 101 100 30 86 27 117 81 120 8 33 52 58 49 34 28 96 44 12 46 47 66 25 63 103 110 107 70 39 71 4 106 64 102 43 
44 2 74 104 78 7 57 87 15 85 73 59 95 112 10 23 40 115 67 41 53 55 60 69 105 11 45 54 31 20 3 109 99 114 116 108 113 93 1 48 111 101 100 30 86 27 117 81 120 8 33 52 58 49 34 28 96 44 12 46 47 66 25 63 103 110 107 70 39 71 4 106 64 43 102 
45 2 74 104 78 7 57 87 15 85 73 59 95 112 10 23 40 115 67 41 53 55 60 69 105 11 45 54 31 20 3 109 99 114 116 108 113 93 1 48 111 101 100 30 86 27 117 81 120 8 33 52 58 49 34 28 96 44 12 46 47 66 25 63 103 110 107 70 39 71 4 106 64 43 102 
46 2 74 104 78 7 57 87 15 85 73 59 95 112 10 23 40 115 67 41 53 55 60 69 105 11 45 54 31 20 3 109 99 114 116 108 113 93 1 48 111 101 100 30 86 27 117 81 120 8 33 52 58 49 34 28 96 44 12 47 66 46 25 63 103 110 107 70 39 71 4 106 64 43 102 
47 2 74 104 78 7 57 87 15 85 73 59 95 112 10 23 40 115 67 41 53 55 69 105 11 45 54 31 20 3 109 99 114 116 108 113 93 1 48 111 101 100 30 86 117 81 120 8 33 52 58 49 34 28 96 44 12 46 66 47 25 63 103 110 107 70 39 71 4 106 64 43 102 
48 2 74 104 78 7 87 15 85 73 59 112 10 23 40 115 67 41 53 55 69 105 11 45 54 31 20 3 109 99 114 116 108 113 93 1 48 111 101 100 30 86 117 81 120 8 33 52 58 49 34 28 96 44 12 46 47 66 25 63 103 110 107 70 39 71 4 106 64 43 102 
49 2 74 104 78 7 87 15 85 73 59 112 10 23 40 115 67 41 53 55 69 105 11 45 54 31 20 3 109 114 116 108 113 93 1 48 111 101 100 30 86 117 81 120 8 33 52 58 34 49 28 96 44 12 46 47 66 25 63 103 110 107 70 39 71 4 106 64 43 102 
50 2 74 104 78 7 87 15 85 73 59 112 10 23 40 115 67 41 53 55 69 105 11 45 54 50 31 20 3 109 114 116 108 113 93 1 48 111 101 30 86 117 81 120 8 33 52 58 49 34 28 96 44 12 46 47 66 25 63 103 110 107 70 39 71 4 106 43 102 
51 2 74 104 78 7 57 87 15 85 73 59 112 10 23 40 115 67 41 53 55 60 69 105 11 45 50 54 31 20 3 109 114 116 108 113 93 1 48 111 101 30 86 117 81 61 120 8 33 52 58 49 34 28 96 44 12 46 47 66 25 63 103 110 107 70 39 71 4 106 43 102 
52 2 74 104 78 7 57 87 15 85 73 59 112 10 23 40 115 67 41 53 55 60 69 105 11 45 50 54 31 20 3 109 114 116 108 113 93 1 48 111 101 30 86 117 81 61 120 8 33 52 58 49 34 28 96 44 12 46 47 66 25 63 103 110 107 70 39 71 4 106 43 102 
53 2 74 104 78 7 57 87 15 85 73 59 112 10 23 40 115 67 41 53 55 60 69 105 11 45 50 54 31 20 3 109 114 116 108 113 93 1 48 111 101 30 86 117 81 61 120 8 33 52 58 49 34 28 96 44 12 46 47 66 25 63 103 110 107 70 39 71 4 106 43 102 
54 2 74 104 78 7 57 87 15 85 73 59 112 10 23 40 115 67 41 53 55 60 69 105 11 45 50 54 31 20 3 109 114 116 108 113 93 1 48 111 101 30 86 117 81 61 120 8 33 52 58 49 34 28 96 44 12 46 47 66 25 63 103 110 107 70 39 71 4 106 43 102 
55 2 74 104 78 7 57 87 15 85 73 59 112 10 23 40 115 67 41 53 60 55 69 105 11 45 50 54 31 20 3 109 114 116 108 113 93 1 48 111 101 30 86 117 81 61 120 8 33 52 58 49 34 28 96 44 12 46 47 66 25 63 103 110 107 70 39 71 4 106 43 102 
56 2 74 104 78 7 57 87 15 85 73 59 112 10 23 40 115 67 41 53 55 60 69 105 11 45 50 54 31 20 3 109 114 116 108 113 93 1 48 111 101 30 86 117 81 61 120 8 33 52 58 49 34 28 96 44 12 46 47 66 25 63 103 110 107 70 39 71 4 106 43 102 
57 2 74 104 78 7 87 57 15 85 73 59 112 10 23 40 115 67 41 53 55 60 69 105 11 45 50 54 31 20 3 109 114 116 108 113 93 1 111 101 30 86 117 81 61 120 8 33 52 58 49 34 28 96 44 12 46 47 66 25 63 103 110 107 70 39 71 4 106 43 102 
58 2 74 104 78 7 57 87 15 85 73 59 112 10 23 40 115 67 41 53 55 60 69 105 11 45 50 54 31 20 3 109 114 116 108 113 93 1 111 101 30 86 117 81 61 120 8 33 52 58 49 34 28 96 44 12 46 47 66 25 63 103 110 107 70 39 71 4 106 43 102 
59 2 74 104 78 7 57 87 15 85 73 59 112 10 23 40 115 67 41 53 55 60 69 105 11 45 50 54 31 20 3 109 114 116 108 113 93 1 111 101 30 86 117 81 61 120 8 33 52 58 49 34 28 96 44 12 46 47 66 25 63 103 110 107 70 39 71 4 106 43 102 
60 2 74 104 78 7 57 87 15 85 73 59 112 10 23 40 115 67 41 53 55 60 69 105 11 45 50 54 31 20 3 109 114 116 108 113 93 1 111 101 30 86 117 81 61 120 8 33 52 58 49 34 28 96 44 12 46 66 25 63 103 110 107 70 39 71 4 106 43 102 
61 2 74 104 78 7 57 87 15 85 73 59 112 10 23 40 115 67 41 53 55 60 69 105 11 45 54 31 20 3 109 114 116 108 113 93 1 48 111 101 30 86 117 81 120 61 8 33 52 58 49 34 28 96 44 12 46 47 66 25 63 103 110 107 70 39 71 4 106 43 102 
62 2 74 104 78 7 57 87 15 85 73 59 112 10 23 40 115 67 41 53 55 60 69 105 11 45 54 31 20 3 109 114 116 108 113 93 1 48 111 101 30 86 117 81 61 120 8 33 52 58 49 34 28 96 44 12 46 47 66 25 63 103 110 107 70 39 71 4 106 43 102 
63 2 74 104 78 7 57 87 15 85 73 59 112 10 23 40 115 67 41 53 55 60 69 105 11 45 50 54 31 20 3 109 114 116 108 113 93 1 48 111 101 30 86 117 81 61 120 8 33 52 58 49 34 28 96 44 12 46 47 66 25 103 110 63 107 70 39 71 4 106 43 102 
64 2 74 104 78 7 57 87 15 85 73 59 112 10 23 40 115 67 41 53 55 60 69 105 11 45 54 31 20 3 109 114 116 108 113 93 1 48 111 101 30 86 117 81 120 8 33 52 58 49 34 28 96 44 12 46 47 66 25 63 103 110 107 70 39 71 4 106 64 43 102 
65 2 74 104 78 7 57 87 15 85 73 59 112 10 23 40 115 67 41 53 55 60 69 105 11 45 54 31 20 3 109 114 116 108 113 93 1 48 111 101 30 86 117 81 120 8 33 52 58 49 34 28 96 44 12 46 47 66 25 63 103 110 107 70 39 71 4 106 64 43 102 
66 2 74 104 78 7 57 87 15 85 73 59 112 10 23 40 115 67 41 53 55 60 69 105 11 45 54 31 20 3 109 114 116 108 113 93 1 48 111 30 86 117 81 120 8 33 52 58 49 34 28 96 44 12 46 47 66 25 63 103 110 107 70 39 71 4 106 64 43 102 
67 2 74 104 78 7 57 87 15 85 73 59 112 10 23 40 115 67 41 53 55 60 69 105 11 45 54 31 20 3 109 114 116 108 113 93 1 48 111 30 86 117 81 120 8 33 52 58 49 34 28 96 44 12 46 47 66 25 63 103 110 107 70 39 71 4 106 64 43 102 
68 2 74 104 78 7 57 87 15 85 73 59 112 10 23 40 115 67 41 53 55 60 69 105 11 45 54 31 20 3 109 114 116 108 113 93 1 48 111 30 86 117 81 120 8 33 52 58 49 34 28 96 44 12 46 47 66 25 63 103 110 107 70 39 71 4 106 64 43 102 
69 2 74 104 78 7 57 87 15 85 73 59 112 10 23 40 115 67 41 53 55 60 69 105 11 45 54 31 20 3 109 114 116 108 113 93 1 48 111 30 86 117 81 120 8 33 52 58 49 34 28 96 44 12 46 47 66 25 63 103 110 107 70 39 71 4 106 64 43 102 
70 2 74 104 78 7 57 87 15 85 73 59 112 10 23 40 115 67 41 53 55 60 69 105 11 45 54 31 20 3 109 114 116 108 113 93 1 48 111 30 86 117 81 120 8 33 52 58 49 34 28 96 44 12 46 47 66 25 63 103 110 107 70 39 71 4 106 64 43 
71 2 74 104 78 7 57 87 15 85 73 59 112 10 23 40 115 67 41 53 55 60 69 105 11 45 54 31 20 3 109 114 116 108 113 93 1 48 111 30 86 117 81 120 8 33 52 58 49 34 28 96 44 12 46 47 66 25 63 103 110 107 70 39 71 4 106 64 43 
72 2 74 104 78 7 57 87 15 85 73 59 112 10 23 40 115 67 41 53 55 60 69 105 11 45 54 31 20 3 109 114 116 108 113 93 1 48 111 30 86 117 81 120 8 33 52 58 49 34 28 96 44 12 46 47 66 25 63 103 110 107 70 39 71 4 106 64 43 
73 2 74 104 78 7 57 87 15 85 73 59 112 10 23 40 115 67 41 53 55 60 69 105 11 45 54 31 20 3 109 114 116 108 113 93 1 48 111 30 86 117 81 120 8 33 52 58 49 34 28 96 44 12 46 47 66 25 63 103 110 107 70 39 71 4 106 64 43 
74 2 104 74 78 7 57 87 15 85 73 59 112 10 23 40 115 67 41 53 55 60 69 105 11 45 54 31 20 3 109 114 116 108 113 93 1 48 111 30 86 117 81 120 8 33 52 58 49 34 28 96 44 12 46 47 66 25 63 103 110 107 70 39 71 4 106 64 43 
75 2 74 104 78 7 57 87 15 85 73 59 112 10 23 40 115 67 41 53 55 60 69 105 11 45 54 31 20 3 109 114 116 108 113 93 1 48 111 30 86 117 81 120 8 33 52 58 49 34 28 96 44 12 46 47 66 25 63 103 110 107 70 39 71 4 106 64 43 
76 2 74 104 78 7 57 87 15 85 73 59 112 10 23 40 115 67 41 53 55 60 69 105 11 45 54 31 20 3 109 114 116 108 113 93 1 48 111 30 86 117 81 120 8 33 52 58 49 34 28 96 44 12 46 47 66 25 63 103 110 107 70 39 71 4 106 64 43 
77 2 74 104 78 7 57 87 15 85 73 59 112 10 23 40 115 67 41 53 55 60 69 105 11 45 54 31 20 3 109 114 116 108 113 93 1 48 111 30 86 117 81 120 8 33 52 58 49 34 28 96 44 12 46 47 66 25 63 103 110 107 70 39 71 4 106 64 43 102 
78 118 2 74 104 78 7 57 87 15 85 73 59 95 112 10 23 40 115 67 41 53 55 60 69 105 11 45 54 31 20 3 109 99 114 116 92 108 113 93 1 48 26 111 101 100 30 86 27 117 81 120 8 33 52 58 49 34 28 96 44 12 46 47 66 25 63 103 110 107 70 39 71 4 106 64 43 102 
79 118 2 74 104 78 7 57 87 15 85 73 59 95 112 10 23 40 115 67 41 53 55 60 69 105 11 45 54 31 20 3 109 99 114 116 92 108 113 93 1 48 26 111 101 100 30 86 27 117 81 120 8 33 52 58 49 34 28 96 44 12 46 47 66 25 63 103 110 107 70 39 71 4 106 64 43 102 
80 118 2 74 104 78 7 57 87 15 85 73 59 95 112 10 23 40 115 67 41 53 55 60 69 105 11 45 54 31 20 3 109 99 114 116 92 108 113 93 1 48 26 111 101 100 30 86 27 117 81 120 8 33 52 58 49 34 28 96 44 12 46 47 66 25 63 103 110 107 70 39 71 4 106 64 43 102 
81 118 2 74 104 78 7 57 87 15 85 73 59 95 112 10 23 40 115 67 41 53 55 60 69 105 11 45 54 31 20 3 109 99 114 116 92 108 113 93 1 48 26 111 101 100 30 86 27 117 81 120 8 33 52 58 49 34 28 96 44 12 46 47 66 25 63 103 110 107 70 39 71 4 106 64 43 102 
82 118 2 74 104 78 7 57 87 15 85 73 59 95 112 10 23 40 115 67 41 53 55 60 69 105 11 45 54 31 20 3 109 99 114 116 92 108 113 93 1 48 26 111 101 100 30 86 27 117 81 120 8 33 52 58 49 34 28 96 44 12 46 47 66 25 63 103 110 107 70 39 71 4 106 64 43 102 
83 2 74 104 78 7 57 87 15 85 73 83 59 95 112 10 23 40 115 67 41 53 55 60 69 105 11 45 54 31 20 3 109 99 114 116 108 113 93 1 48 111 101 100 30 86 27 117 81 120 8 33 52 58 49 34 28 96 12 46 47 66 25 63 103 110 107 70 39 71 4 106 64 43 102 
84 2 74 104 78 7 87 57 15 85 83 73 59 95 112 10 23 40 115 67 41 53 55 60 69 105 11 45 54 31 20 90 3 109 99 114 116 108 113 93 1 48 111 101 100 86 30 27 117 81 120 8 33 52 58 49 34 28 96 12 46 47 66 25 63 103 110 107 70 39 71 4 106 64 43 102 
85 2 74 104 78 7 87 57 15 85 83 73 59 95 112 10 23 40 115 67 41 53 55 60 69 105 11 45 54 31 20 90 3 109 99 114 116 108 113 93 1 48 111 101 100 86 30 27 117 81 120 8 33 52 58 49 34 28 96 12 46 47 66 25 63 103 110 107 70 39 71 4 106 64 43 102 
86 2 74 104 78 7 87 57 15 85 83 73 59 95 112 10 23 40 115 67 41 53 55 60 69 105 11 45 54 31 20 90 3 109 99 114 116 108 113 93 1 48 111 101 100 30 86 27 117 81 120 8 33 52 58 49 34 28 96 12 46 47 66 25 63 103 110 107 70 39 71 4 106 64 43 102 
87 2 74 104 78 7 57 87 15 85 83 73 59 95 112 10 23 40 115 67 41 53 55 60 69 105 11 45 54 31 20 90 3 109 99 114 116 108 113 93 1 48 111 101 100 86 30 27 117 81 120 8 33 52 58 49 34 28 96 12 46 47 66 25 63 103 110 107 70 39 71 4 106 64 43 102 
88 2 74 104 78 7 87 57 15 85 83 73 59 95 112 10 23 40 115 67 41 53 55 60 69 105 11 45 54 31 20 90 3 109 99 114 116 108 113 93 1 48 111 101 100 86 30 27 117 81 120 8 33 52 58 49 34 28 96 12 46 47 66 25 63 103 110 107 70 39 71 4 106 64 43 102 
89 2 74 104 78 7 87 57 15 85 83 73 59 95 112 10 23 40 115 67 41 53 55 60 69 105 11 45 54 31 20 90 3 109 99 114 116 108 113 93 1 48 111 101 100 86 30 27 117 81 120 8 33 52 58 49 34 28 96 12 46 47 66 25 63 103 110 107 70 39 71 4 106 64 43 102 
90 2 74 104 78 7 87 57 15 85 73 59 95 112 10 23 40 115 67 41 53 55 60 69 105 11 45 54 31 20 90 3 109 99 114 116 108 113 93 1 48 111 101 100 86 30 27 117 81 120 8 33 52 58 49 34 28 96 12 46 47 66 25 63 103 110 107 70 39 71 4 106 64 43 102 
91 2 74 104 78 7 87 57 15 85 73 59 95 112 10 23 40 115 67 41 53 55 60 69 105 11 45 54 31 20 90 3 109 99 114 116 108 113 93 1 48 111 101 100 86 30 27 117 81 120 8 33 52 58 49 34 28 96 12 46 47 66 25 63 103 110 107 70 39 71 4 106 64 43 102 
92 2 74 104 78 7 87 57 15 85 73 59 95 112 10 23 40 115 67 41 53 55 60 69 105 11 45 54 31 20 3 109 99 114 116 108 113 92 93 1 48 111 101 100 86 30 27 117 81 120 8 33 52 58 49 34 28 96 12 46 47 66 25 63 103 110 107 70 39 71 4 106 64 43 102 
93 2 74 104 78 7 87 57 15 85 73 59 95 112 10 23 40 115 67 41 53 55 60 69 105 11 45 54 31 20 3 109 99 114 116 92 108 113 93 1 48 111 101 100 86 30 27 117 81 8 33 52 58 49 34 28 96 12 46 47 66 25 63 103 110 107 70 39 71 4 106 64 43 102 
94 118 2 104 74 78 7 87 57 15 85 73 95 59 112 10 23 40 115 67 41 53 55 60 69 105 11 45 54 31 20 3 109 99 114 116 92 108 113 93 1 48 111 101 100 86 30 117 27 81 120 8 33 52 58 49 34 28 96 12 46 47 66 25 103 110 63 107 70 39 71 4 106 64 102 43 
95 118 2 104 74 78 7 87 15 85 73 59 95 112 10 23 40 115 67 41 53 55 60 69 105 11 45 54 31 20 3 109 99 114 116 92 108 113 93 1 111 101 100 86 30 117 27 81 120 8 33 52 58 49 34 28 96 12 46 47 66 25 103 110 63 107 70 39 71 4 106 64 102 43 
96 118 2 104 74 78 7 87 15 85 73 95 59 112 10 23 40 115 67 41 53 55 60 69 105 11 45 54 31 20 3 109 99 114 116 92 108 113 93 1 111 101 100 86 30 117 27 81 120 8 33 52 58 49 34 28 96 12 46 47 66 25 103 110 63 107 70 39 71 4 106 64 102 43 
97 118 2 104 74 78 7 87 15 85 73 95 59 112 10 23 40 115 67 41 53 55 60 69 105 11 45 54 31 20 3 109 99 114 116 92 108 113 93 1 111 101 100 86 30 117 27 81 120 8 33 52 58 49 34 28 96 12 46 47 66 25 103 110 63 107 70 39 71 4 106 64 102 43 
98 118 2 104 74 78 7 87 15 85 73 95 59 112 10 23 40 115 67 41 53 55 60 69 105 11 45 54 31 20 3 109 99 114 116 92 108 113 93 1 111 101 100 86 30 117 27 81 120 8 33 52 58 49 34 28 96 12 46 47 66 25 103 110 63 107 70 39 71 4 106 64 102 43 
99 118 2 104 74 78 7 87 15 85 73 95 59 112 10 23 40 115 67 41 53 55 60 69 105 11 45 54 31 20 3 109 99 114 116 92 108 113 93 1 111 101 100 86 30 117 27 81 120 8 33 52 58 34 28 96 12 46 47 66 25 103 110 63 107 70 39 71 4 106 64 102 43 
100 118 2 104 74 78 7 87 15 85 73 95 59 112 10 23 40 115 67 41 53 55 60 69 105 11 45 54 31 20 3 109 99 114 116 92 108 113 93 1 111 101 100 86 30 117 27 81 120 8 33 52 58 34 28 96 12 46 47 66 25 103 110 63 107 70 39 71 4 106 102 43 
101 118 2 104 74 78 7 87 15 85 73 95 59 112 10 23 40 115 67 41 53 55 60 69 105 11 45 54 31 20 3 109 99 114 116 92 108 113 93 1 111 101 100 86 30 117 27 81 120 8 33 52 58 34 28 96 12 46 47 25 103 110 63 107 70 39 71 4 106 102 43 
102 118 2 104 74 78 7 87 15 85 73 95 59 112 10 23 40 115 67 41 53 55 60 69 105 11 45 54 31 20 3 109 99 114 116 92 108 113 93 1 111 101 100 86 30 117 27 81 120 8 33 52 58 34 28 96 12 46 47 25 103 110 63 107 39 71 4 106 43 102 
103 118 2 104 74 78 7 87 15 85 73 95 59 112 10 23 40 115 67 41 53 55 60 69 105 11 45 54 31 20 3 109 99 114 116 92 108 113 93 1 111 101 100 86 30 117 27 81 120 8 33 52 58 34 28 96 12 46 47 25 110 63 103 107 39 71 4 106 102 43 
104 118 2 74 104 78 7 87 15 85 73 95 59 112 10 23 40 115 67 41 53 55 60 69 105 11 45 54 31 20 3 109 99 114 116 92 108 113 93 1 111 101 100 86 30 117 27 81 120 8 33 52 58 34 28 96 12 46 47 25 103 110 63 107 39 71 4 106 102 43 
105 118 2 104 74 78 7 87 15 85 73 95 59 112 10 23 40 115 67 41 53 55 60 69 105 11 45 54 31 20 3 109 99 114 116 92 108 113 93 1 111 101 100 86 30 117 27 81 120 8 33 52 58 34 28 96 12 46 47 25 103 110 63 107 39 71 4 106 102 43 
106 118 2 104 74 78 7 87 15 85 73 95 59 112 10 23 40 115 67 41 53 55 60 69 105 11 45 54 31 20 3 109 99 114 116 92 108 113 93 1 111 101 100 86 30 117 27 81 120 8 33 52 58 34 28 96 12 46 47 25 103 110 63 107 39 71 4 106 102 43 
107 118 2 104 74 78 7 87 15 85 73 95 59 112 10 23 40 115 67 41 53 55 60 69 105 11 45 54 31 20 3 109 99 114 116 92 108 113 93 1 111 101 100 86 30 117 27 81 120 8 33 52 58 34 28 96 12 46 47 25 103 110 63 107 39 71 4 106 102 43 
108 118 2 104 74 78 7 87 15 85 73 95 59 112 10 23 40 115 67 41 53 55 60 69 105 11 45 54 31 20 3 109 99 114 116 92 113 108 93 1 111 101 100 86 30 117 27 81 120 8 33 52 58 34 28 96 12 46 47 25 103 110 63 107 39 71 4 106 102 43 
109 118 2 104 74 78 7 87 15 85 73 95 59 112 10 23 40 115 67 41 53 55 60 69 105 11 45 54 31 20 3 109 99 114 116 92 108 113 93 1 111 101 100 86 30 117 27 81 120 8 33 52 58 34 28 96 12 46 47 25 103 110 63 107 39 71 4 106 102 43 
110 118 2 104 74 78 7 87 15 85 73 95 59 112 10 23 40 115 67 41 53 55 60 69 105 11 45 54 31 20 3 109 99 114 116 92 108 113 93 1 111 101 100 86 30 117 27 81 120 8 33 52 58 34 28 96 12 46 47 25 103 63 110 107 39 71 4 106 102 43 
111 118 2 104 74 78 7 87 15 85 73 95 59 112 10 23 40 115 67 41 53 55 60 69 105 11 45 54 31 20 3 109 99 114 116 92 108 113 93 1 111 101 100 86 30 117 27 81 120 8 33 52 58 34 28 96 12 46 47 25 103 110 63 107 39 71 4 106 102 43 
112 118 2 104 74 78 7 87 15 85 73 95 59 112 10 23 40 115 67 41 53 55 60 69 105 11 45 54 31 20 3 109 99 114 116 92 108 113 93 1 111 101 100 86 30 117 27 81 120 8 33 52 58 34 28 96 12 46 47 25 103 110 63 107 39 71 4 106 102 43 
113 118 2 104 74 78 7 87 15 85 73 95 59 112 10 23 40 115 67 41 53 55 60 69 105 11 45 54 31 20 3 109 99 114 116 92 108 113 93 1 111 101 100 86 30 117 27 81 120 8 33 52 58 34 28 96 12 46 47 25 103 110 63 107 39 71 4 106 102 43 
114 118 2 104 74 78 7 87 15 85 73 95 59 112 10 23 40 115 67 41 53 55 60 69 105 11 45 54 31 20 3 109 99 114 116 92 108 113 93 1 111 101 100 86 30 117 27 81 120 8 33 52 58 34 28 96 12 46 47 25 103 110 63 107 39 71 4 106 102 43 
115 118 2 104 74 78 7 87 15 85 73 95 59 112 10 23 40 115 67 41 53 55 60 69 105 11 45 54 31 20 3 109 99 114 116 92 108 113 93 1 111 101 100 86 30 117 27 81 120 8 33 52 58 34 28 96 12 46 47 25 103 110 63 107 39 71 4 106 102 43 
116 118 2 104 74 78 7 87 15 85 73 95 59 112 10 23 40 115 67 41 53 55 60 69 105 11 45 54 31 20 3 109 99 114 116 92 108 113 93 1 111 101 100 86 30 117 27 81 120 8 33 52 58 34 28 96 12 46 47 25 103 110 63 107 39 71 4 106 102 43 
117 118 2 104 74 78 7 87 15 85 73 95 59 112 10 23 40 115 67 41 53 55 60 69 105 11 45 54 31 20 3 109 99 114 116 92 108 113 93 1 111 101 100 86 30 27 117 81 120 8 33 52 58 34 28 96 12 46 47 25 103 110 63 107 39 71 4 106 102 43 
118 118 2 104 74 78 7 87 15 85 73 95 59 112 10 23 40 115 67 41 53 55 60 69 105 11 45 54 31 20 3 109 99 114 116 108 113 93 1 111 101 100 86 30 117 27 81 120 8 33 52 58 34 28 96 12 46 47 25 103 110 63 107 39 71 4 106 102 43 
119 118 2 104 74 78 7 87 15 85 73 95 59 112 10 23 40 115 67 41 53 55 60 69 105 11 45 54 31 20 3 109 99 114 116 108 113 93 1 111 101 100 86 30 117 27 81 120 8 33 52 58 34 28 96 12 46 47 25 103 110 63 107 39 71 4 106 102 43 
120 118 2 104 74 78 7 87 15 85 73 95 59 112 10 23 40 115 67 41 53 55 60 69 105 11 45 54 31 20 3 109 99 114 116 92 108 113 1 111 101 100 86 30 117 27 81 120 8 33 52 58 49 34 28 96 12 46 47 66 25 103 110 63 107 70 39 71 4 106 64 102 43 
121 118 2 104 74 78 7 87 15 85 73 95 59 112 10 23 40 115 67 41 53 55 60 69 105 11 45 54 31 20 3 109 99 114 116 92 108 113 1 111 101 100 86 30 117 27 81 120 8 33 52 58 49 34 28 96 12 46 47 66 25 103 110 63 107 70 39 71 4 106 64 102 43 
122 118 2 104 74 78 7 87 57 15 85 73 95 59 112 10 23 40 115 67 41 53 55 60 69 105 11 45 54 31 20 3 109 99 114 116 92 108 113 93 1 48 111 101 100 86 30 117 27 81 120 8 33 52 58 49 34 28 96 12 46 47 66 25 103 110 63 107 70 39 71 4 106 64 102 43 
123 118 2 104 74 78 7 87 57 15 85 73 95 59 112 10 23 40 115 67 41 53 55 60 69 105 11 45 54 31 20 3 109 99 114 116 92 108 113 93 1 48 111 101 100 86 30 117 27 81 120 8 33 52 58 49 34 28 96 12 46 47 66 25 103 110 63 107 70 39 71 4 106 64 102 43 
124 118 2 104 74 78 7 87 57 15 85 73 95 59 112 10 23 40 115 67 41 53 55 60 69 105 11 45 54 31 20 3 109 99 114 116 92 108 113 93 1 48 111 101 100 86 30 117 27 81 120 8 33 52 58 49 34 28 96 12 46 47 66 25 103 110 63 107 70 39 71 4 106 64 102 43 
