1 1 
2 1 2 
3 3 1 2 
4 3 1 2 
5 3 1 2 5 
6 9 3 15 11 10 19 18 7 6 13 1 2 5 
7 9 3 15 11 10 6 19 13 18 1 2 7 
8 9 3 15 11 6 10 19 13 18 1 2 7 
9 9 3 15 11 6 10 19 13 18 1 2 7 
10 9 3 15 11 6 10 19 13 18 1 2 7 
11 9 3 11 6 10 19 13 18 1 2 7 
12 9 3 15 11 6 10 19 13 18 1 2 7 
13 9 3 15 11 6 10 19 13 18 1 2 7 
14 9 3 15 11 6 10 19 13 18 1 2 7 
15 9 3 15 6 10 19 13 18 1 2 7 
16 9 3 15 6 10 19 13 18 1 2 7 
17 9 3 15 11 6 10 19 13 18 1 2 7 
18 9 3 15 11 6 10 19 13 18 1 2 7 
19 9 3 15 11 6 10 19 13 18 1 2 7 
20 9 3 15 11 6 10 19 13 18 1 2 7 
21 9 3 15 11 6 10 19 13 18 1 2 7 
22 9 3 15 11 6 10 19 13 18 1 2 7 
