1 1 
2 2 1 
3 2 1 3 
4 4 2 1 3 
5 4 2 5 1 3 
6 4 2 5 6 1 3 
7 4 2 5 6 1 3 7 
8 2 8 5 1 7 16 17 13 10 14 4 6 3 19 
9 2 8 5 1 7 16 17 13 10 14 4 6 3 19 
10 2 8 5 1 7 16 17 13 10 14 4 6 3 19 
11 2 8 5 1 7 16 17 13 10 14 4 6 3 19 
12 2 8 5 1 7 16 17 13 10 14 4 6 3 19 
13 2 8 5 1 7 16 17 13 10 14 4 6 3 19 
14 2 8 5 1 7 16 17 13 10 14 4 6 3 19 
15 2 8 5 1 7 16 17 13 10 14 4 6 3 19 
16 2 8 5 1 7 16 17 13 10 14 4 3 19 
17 17 13 10 14 4 2 8 5 1 3 16 
18 17 13 10 14 4 2 8 5 1 3 16 
19 13 10 14 4 2 8 5 6 1 3 19 16 
20 13 10 14 4 2 8 5 6 1 3 19 16 
21 2 8 5 1 7 16 17 13 10 14 4 21 6 3 19 
22 2 8 5 1 7 16 17 13 10 14 4 21 6 3 19 
23 2 8 5 1 7 16 17 13 10 14 4 21 6 3 19 23 
24 2 8 5 1 7 16 17 13 10 14 4 21 6 3 19 23 
25 2 8 5 1 7 16 17 13 10 14 4 21 6 3 19 
