1 1 
2 2 1 
3 2 3 1 
4 2 4 3 1 
5 87 102 115 69 119 114 23 65 93 20 25 27 33 17 18 78 57 118 79 56 117 123 6 96 4 100 113 99 111 85 92 30 125 121 73 88 36 75 28 126 86 44 2 97 58 61 60 54 3 59 1 50 83 82 38 90 42 64 108 68 89 104 12 5 107 32 43 81 122 8 66 49 94 22 62 106 76 9 
6 87 102 115 69 119 114 23 65 93 20 25 27 33 17 18 78 57 118 79 56 117 123 6 96 100 113 99 111 85 92 30 125 121 73 88 36 75 28 126 86 44 2 97 58 61 60 54 3 59 1 50 83 82 38 90 42 64 108 68 89 104 12 5 107 32 43 81 122 8 66 49 94 22 62 106 76 9 
7 87 102 115 69 119 114 23 65 93 20 25 27 33 17 18 78 57 118 79 56 117 123 6 96 100 113 99 111 85 92 30 125 121 73 88 36 75 28 126 86 44 2 97 58 61 60 54 3 59 1 50 83 82 38 90 42 64 108 68 89 104 12 5 107 32 43 81 122 8 66 49 94 22 62 106 76 9 
8 87 102 115 69 119 114 23 65 93 20 25 27 33 17 18 78 57 118 79 56 117 123 6 96 100 113 99 111 85 92 30 125 121 73 88 36 75 28 126 86 44 2 97 58 61 60 54 3 59 1 50 83 82 38 90 42 64 108 68 89 104 12 5 107 32 43 81 122 8 66 49 94 22 62 106 76 9 
9 87 102 115 69 119 114 23 65 93 20 25 27 33 17 18 78 57 118 79 56 117 123 6 96 100 113 99 111 85 92 30 125 121 73 88 36 75 28 126 86 44 2 97 58 61 60 54 3 59 1 50 83 82 38 90 42 64 108 68 89 104 12 5 107 32 43 81 122 8 66 49 94 22 62 106 76 9 
10 87 102 115 69 119 114 23 65 93 20 25 27 33 18 78 57 118 79 56 117 123 6 96 100 113 99 111 85 92 30 125 121 73 88 36 75 28 126 86 44 2 97 58 61 60 54 3 59 1 50 83 82 38 90 42 64 108 68 10 89 104 12 5 107 32 43 81 122 8 66 49 94 22 62 106 76 9 
11 87 102 115 69 119 114 23 65 93 20 25 27 33 18 78 57 118 79 56 117 123 6 96 100 113 99 111 85 92 30 125 121 73 88 36 75 28 126 86 44 2 97 58 61 60 54 3 59 1 50 83 82 15 38 90 42 64 108 68 10 89 104 12 5 107 32 43 81 122 8 66 49 94 22 62 106 76 9 
12 87 102 115 69 119 114 23 65 93 20 25 27 33 18 78 57 118 79 56 117 123 6 96 100 113 99 111 85 92 30 125 121 73 88 36 75 28 126 86 44 2 97 58 61 60 54 3 59 1 50 83 82 15 38 90 42 64 108 68 10 89 104 12 5 107 32 43 81 122 8 66 49 94 22 62 106 76 9 
13 87 102 115 69 119 114 23 65 93 20 25 27 33 18 78 57 118 79 56 117 123 6 96 100 113 99 111 85 92 30 125 121 73 88 36 75 28 126 86 44 2 97 58 61 60 54 3 59 1 50 83 82 15 38 90 42 64 108 68 10 89 104 12 5 107 32 43 81 122 8 66 49 94 22 62 106 76 9 
14 87 102 115 69 119 114 23 65 93 20 25 27 33 18 78 57 118 79 56 117 123 6 96 100 113 99 111 85 92 30 125 121 73 88 36 75 28 126 86 44 2 97 58 61 60 54 3 59 1 50 83 82 15 38 90 42 64 108 68 10 89 104 12 5 107 32 43 81 122 8 66 49 94 22 62 106 76 9 
15 87 102 115 69 119 114 23 65 93 20 25 27 33 18 78 57 118 79 56 117 123 6 96 100 113 99 111 85 92 30 125 121 73 88 36 75 28 126 86 44 2 97 58 61 60 54 3 59 1 50 83 82 15 38 90 42 64 108 68 89 104 12 5 107 32 43 81 122 8 66 49 94 22 62 106 76 9 
16 87 102 115 69 119 114 23 65 93 20 25 27 33 18 78 57 118 79 56 117 123 6 96 100 113 99 111 85 92 30 125 121 73 88 36 75 28 126 86 44 2 97 58 61 60 54 3 59 1 50 83 82 15 38 90 42 64 108 68 89 104 12 5 107 32 43 81 122 8 66 49 94 22 62 106 76 9 
17 87 102 115 69 119 114 23 65 93 20 25 27 33 17 18 78 57 118 79 56 117 123 6 96 100 113 99 111 85 92 30 125 121 73 88 36 75 28 126 86 44 2 97 58 61 60 54 3 59 1 50 83 82 38 90 42 64 108 68 89 104 12 5 107 32 43 81 122 8 66 49 94 22 62 106 76 9 
18 87 102 115 69 119 114 23 65 93 20 25 27 33 17 78 18 57 118 79 56 117 123 6 96 100 113 99 111 85 92 30 125 121 73 88 75 28 126 86 44 2 97 58 61 60 54 3 59 1 50 83 82 38 90 42 64 108 68 89 104 12 5 107 32 43 81 122 8 66 49 94 22 62 106 76 9 
19 87 102 115 69 119 23 114 65 20 93 25 27 33 17 18 78 57 118 79 56 117 123 6 96 100 113 99 111 85 92 30 125 121 73 36 88 28 75 126 86 44 2 97 58 61 60 54 3 59 1 50 83 82 38 90 42 64 108 68 89 104 12 5 21 107 32 43 81 122 8 66 22 49 94 62 106 76 9 
20 87 102 115 69 119 23 114 65 93 20 25 27 33 17 18 78 57 118 79 56 117 123 6 96 100 113 99 111 85 92 30 125 121 73 36 88 28 75 126 86 44 2 97 58 61 60 54 3 59 1 50 83 82 38 90 42 64 108 68 89 104 12 5 21 107 32 43 81 122 8 66 22 49 94 62 106 76 9 
21 87 102 115 69 119 23 114 65 20 93 25 27 33 17 18 78 57 118 79 56 117 123 6 96 100 113 99 85 92 30 125 121 73 36 88 28 75 126 86 44 2 97 58 61 60 54 3 59 1 50 83 82 38 90 42 64 108 68 89 104 12 5 21 107 32 43 81 122 8 66 22 94 62 106 76 9 
22 87 102 115 69 119 23 114 65 20 93 25 27 33 17 18 78 57 118 79 56 117 123 6 96 100 113 99 85 92 30 125 121 73 36 88 28 75 126 86 44 2 97 58 61 60 54 3 59 1 50 83 82 38 90 42 64 108 68 89 104 12 5 21 107 32 43 81 122 8 66 94 22 62 106 76 9 
23 87 102 115 69 119 114 23 65 20 93 25 27 33 17 18 78 57 118 79 56 117 123 6 96 100 113 99 85 92 30 125 121 73 36 88 28 75 126 86 44 2 97 58 61 60 54 3 59 1 50 83 82 38 90 42 64 108 68 89 104 12 5 21 107 32 43 81 122 8 66 22 94 62 106 76 9 
24 87 102 115 69 119 23 114 65 20 93 25 27 33 17 18 78 57 118 79 56 117 123 6 96 100 113 99 85 92 30 125 121 73 36 88 28 75 126 86 44 2 97 58 61 60 54 3 59 1 50 83 82 38 90 42 64 108 68 89 104 12 5 21 107 32 43 81 122 8 66 22 94 62 106 76 9 
25 87 102 115 69 119 23 114 65 20 93 33 25 17 18 78 57 118 79 56 117 123 6 96 100 113 99 85 92 30 125 121 73 36 88 28 75 126 86 44 2 97 58 61 60 54 3 59 1 50 83 82 38 90 42 64 108 68 89 104 12 5 21 107 32 43 81 122 8 66 22 94 62 106 76 9 
26 87 102 115 69 119 23 114 65 20 93 25 33 17 18 78 57 118 79 56 117 123 6 96 100 113 99 85 92 30 125 121 73 36 88 28 75 126 86 44 2 97 58 61 60 54 3 59 1 50 83 82 38 90 42 64 108 68 89 104 12 5 21 107 32 43 81 122 8 66 22 94 62 106 76 9 
27 87 102 115 69 119 23 114 65 20 93 33 27 17 18 78 57 118 79 56 117 123 6 96 100 113 99 85 92 30 125 121 73 36 88 28 75 126 86 44 2 97 58 61 60 54 3 59 1 50 83 82 38 90 42 64 108 68 89 104 12 5 21 107 32 43 81 122 8 66 22 94 62 106 76 9 
28 87 102 115 69 119 23 114 65 20 93 25 27 33 17 18 78 57 118 79 56 117 123 6 96 100 113 99 85 92 30 125 121 73 36 88 75 126 28 86 44 2 97 58 61 60 54 3 59 1 50 83 82 38 90 42 64 108 68 89 104 12 5 21 107 32 43 81 122 8 66 22 94 62 106 76 9 
29 87 102 115 69 119 23 114 65 20 93 25 27 33 17 18 78 57 118 79 56 117 123 6 96 100 113 99 85 92 30 125 121 73 36 88 28 75 126 86 44 2 97 58 61 60 54 3 59 1 50 83 82 38 90 42 64 108 68 89 104 12 5 21 107 32 43 81 122 8 66 22 94 62 106 76 9 
30 87 102 115 69 119 23 114 65 20 93 25 27 33 17 18 78 57 118 79 56 117 123 6 96 100 113 99 85 92 125 30 121 73 36 88 28 75 126 86 44 2 97 58 61 60 54 3 59 1 50 83 82 38 90 42 64 108 68 89 104 12 5 21 107 32 43 81 122 8 66 22 94 62 106 76 9 
31 87 102 115 69 119 23 114 65 20 93 25 27 33 17 18 78 57 118 79 56 117 123 6 96 100 113 99 85 92 30 125 121 73 36 88 28 75 126 86 44 2 97 58 61 60 54 3 59 1 50 83 82 38 90 42 64 108 68 89 104 12 5 21 107 32 43 81 122 8 66 22 94 62 106 76 9 
32 87 102 115 69 119 23 114 65 20 93 25 27 33 17 18 78 57 118 79 56 117 123 6 96 100 113 99 85 92 30 125 121 73 36 88 28 75 126 86 44 2 97 58 61 60 54 3 59 1 50 83 82 38 90 42 64 108 68 89 104 12 5 21 107 32 43 81 122 8 66 22 94 62 106 76 9 
33 87 102 115 69 119 23 114 65 20 93 25 27 33 17 18 78 57 118 79 56 117 123 6 96 100 113 99 85 92 30 125 121 73 36 88 28 75 126 86 44 2 97 58 61 60 54 3 59 1 50 83 82 38 90 42 64 108 68 89 104 12 5 21 107 32 43 81 122 8 66 22 94 62 106 76 9 
34 87 102 115 69 119 23 114 65 20 93 25 27 33 17 18 78 57 118 79 56 117 123 6 96 100 113 99 85 92 30 125 121 73 36 88 28 75 126 86 44 2 97 58 61 60 54 3 59 1 50 83 82 38 90 42 64 108 68 89 104 12 5 21 107 32 43 81 122 8 66 22 94 62 106 76 9 
35 87 102 115 69 119 23 114 65 20 93 25 27 33 17 18 78 57 118 79 56 117 123 6 96 100 113 99 85 92 30 125 121 73 36 88 28 75 126 86 44 2 97 58 61 60 54 3 59 1 50 83 82 38 90 42 64 108 68 89 104 12 5 21 107 32 43 81 122 8 66 22 94 62 106 76 9 
36 87 102 115 69 119 23 114 65 20 93 25 27 33 17 78 57 118 79 56 117 123 6 96 100 113 99 85 92 30 125 121 73 88 36 28 75 126 86 44 2 97 58 61 60 54 3 59 1 50 83 82 38 90 42 64 108 68 89 104 12 5 21 107 32 43 81 122 8 66 22 94 62 106 76 9 
37 87 102 115 69 119 23 114 65 20 93 25 27 33 17 78 57 118 79 56 117 123 6 96 100 113 99 85 92 30 125 121 73 36 88 28 75 126 86 44 2 97 58 61 60 54 3 59 1 50 83 82 38 90 42 64 108 68 89 104 12 5 21 107 32 43 81 122 8 66 22 94 62 106 76 9 
38 87 102 115 69 119 23 114 65 20 93 25 27 33 17 18 78 57 118 79 56 117 123 6 96 100 113 99 111 85 92 30 125 121 73 36 88 28 75 126 86 44 2 97 58 61 60 54 3 59 1 50 83 82 38 90 42 64 108 68 89 104 12 5 21 107 32 43 81 122 8 66 22 49 94 62 106 76 9 
39 87 102 115 69 119 23 114 65 20 93 25 27 33 17 18 78 57 118 79 56 117 123 6 96 100 113 99 111 85 92 30 125 121 73 36 88 28 75 126 86 44 2 97 58 61 60 54 3 59 1 50 83 82 38 90 42 64 108 68 89 104 12 5 21 107 32 43 81 122 8 66 22 49 94 62 106 76 9 
40 87 102 115 69 119 23 114 65 20 93 25 27 33 17 18 78 57 118 79 56 117 123 6 96 100 113 99 85 92 30 125 121 73 36 88 28 75 126 86 44 2 97 58 61 60 54 3 59 1 50 83 82 38 90 42 64 108 68 89 104 12 5 107 32 43 81 122 8 40 66 22 94 62 106 76 9 
41 87 102 115 69 119 23 114 65 20 93 25 27 33 17 18 78 47 57 118 79 56 117 123 6 96 100 113 99 85 92 30 125 121 73 36 88 28 75 126 44 86 2 97 58 61 60 54 3 59 1 50 83 82 38 42 90 64 108 68 89 104 12 5 107 32 43 81 122 8 40 66 22 94 62 106 76 9 
42 87 102 115 69 119 23 114 65 20 93 25 27 33 17 18 78 47 57 118 79 56 117 123 6 96 100 113 99 85 92 30 125 121 73 36 88 28 75 126 44 86 2 97 58 61 60 54 3 59 1 50 83 82 38 90 42 64 108 68 89 104 12 5 107 32 43 81 122 8 40 66 22 94 62 106 76 9 
43 87 102 115 69 119 23 114 65 20 93 25 27 33 17 18 78 47 57 118 79 56 117 123 6 96 100 113 99 85 92 30 125 121 73 36 88 28 75 126 44 86 2 97 58 61 60 54 3 59 1 50 83 82 38 42 90 64 108 68 89 104 12 5 107 32 43 81 122 8 40 66 22 94 62 106 76 9 
44 87 102 115 69 119 23 114 65 20 93 25 27 33 17 18 78 47 57 118 79 56 117 123 6 96 100 113 99 85 92 30 125 121 73 36 88 28 75 126 86 44 2 97 58 61 60 54 3 59 1 50 83 82 38 42 90 64 108 68 89 104 12 5 107 32 43 81 122 8 40 66 22 94 62 106 76 9 
45 87 102 115 69 119 23 114 65 20 93 25 27 33 17 18 78 47 57 118 79 56 117 123 6 96 100 113 99 85 92 30 125 121 73 36 88 28 75 126 44 86 2 97 58 61 60 54 3 59 1 50 83 82 38 42 90 64 108 68 89 104 12 5 107 32 43 81 122 8 40 66 22 94 62 106 76 9 
46 87 102 115 69 119 23 114 65 20 93 25 27 33 17 18 78 47 57 118 79 56 117 123 6 96 100 113 99 85 92 30 125 121 73 36 88 28 75 126 44 86 2 97 58 61 60 54 3 59 1 50 83 82 38 42 90 64 108 68 89 104 12 5 107 32 43 81 122 8 40 66 22 94 62 106 76 9 
47 87 102 115 69 119 23 114 65 20 93 25 27 33 17 18 78 47 57 118 79 56 117 123 6 96 100 113 99 85 92 30 125 121 73 36 88 28 75 126 44 86 2 97 58 61 60 54 3 59 1 50 83 82 38 42 90 64 108 68 89 104 12 5 107 32 43 81 122 8 66 22 94 62 106 76 9 
48 87 102 115 69 119 23 114 65 20 93 25 27 33 17 18 78 47 57 118 79 56 117 123 6 96 100 113 99 85 92 30 125 121 73 36 88 28 75 126 44 86 2 97 58 61 60 54 3 59 1 50 83 82 38 42 90 64 108 68 89 104 12 5 107 32 43 81 122 8 66 22 94 62 106 76 9 
49 87 102 115 69 119 23 114 65 20 93 25 27 33 17 18 78 57 118 79 56 117 123 6 96 100 113 99 85 92 30 125 121 73 36 88 28 75 126 44 86 2 97 58 61 60 54 3 59 1 50 83 82 38 42 90 64 108 68 89 104 12 5 107 32 43 81 122 8 66 22 94 49 62 106 76 9 
50 87 102 115 69 119 23 114 65 20 93 25 27 33 17 18 78 57 118 79 56 117 123 6 96 100 113 99 85 92 30 125 121 73 36 88 28 75 126 44 86 2 97 58 61 60 54 3 59 1 83 50 82 38 42 90 64 108 68 89 104 12 5 32 43 81 122 8 66 49 22 94 62 106 76 9 
51 87 102 115 69 119 23 65 20 93 25 27 33 17 18 78 57 118 79 56 117 123 6 96 100 113 99 85 92 30 125 121 73 36 88 28 126 44 86 2 97 58 61 60 54 3 59 1 50 83 82 38 42 90 64 108 68 89 51 104 12 5 32 43 81 122 8 66 49 22 94 62 106 76 9 
52 87 102 69 115 119 23 65 20 93 25 27 33 53 17 18 78 57 118 79 56 117 123 6 96 100 113 99 85 92 30 125 121 73 36 88 28 126 44 86 2 97 58 61 60 54 3 59 1 50 83 82 38 42 90 64 108 68 51 89 104 12 5 32 43 81 122 8 66 49 22 94 62 71 106 76 9 
53 87 69 115 119 23 65 20 93 25 27 33 53 17 18 78 57 79 56 117 123 6 96 100 113 99 85 92 30 125 121 73 36 88 28 126 44 86 2 97 58 61 60 54 3 59 1 50 83 82 38 42 90 64 108 68 51 89 104 12 5 32 43 81 122 8 66 49 22 94 62 71 106 9 
54 87 69 115 119 23 65 20 93 25 27 33 53 17 18 78 57 79 56 117 123 6 96 100 113 99 85 92 30 125 121 73 36 88 28 126 44 86 2 97 58 61 60 54 3 59 1 50 83 82 38 42 90 64 108 68 51 89 104 12 5 32 43 81 122 8 66 49 22 94 62 71 106 9 
55 87 69 115 119 23 65 20 93 25 27 33 53 17 18 78 57 79 56 117 123 6 96 100 113 99 85 92 30 125 121 73 36 88 28 126 44 86 2 97 58 61 60 54 3 59 1 50 83 82 38 42 90 64 108 68 51 89 104 12 5 32 43 81 122 8 66 49 22 94 62 71 106 9 
56 87 69 115 119 23 65 20 93 25 27 33 53 17 18 78 57 79 117 56 123 6 96 100 113 99 85 92 30 125 121 73 36 88 28 126 44 86 2 97 58 61 60 54 3 59 1 50 83 82 38 42 90 64 108 68 51 89 104 12 5 32 43 81 122 8 66 49 22 94 62 71 106 9 
57 87 69 115 119 23 65 20 93 25 27 33 53 17 18 57 79 56 117 123 6 96 100 113 99 85 92 30 125 121 73 36 88 28 126 44 86 2 97 58 61 60 54 3 59 1 50 83 82 38 42 90 64 108 68 51 89 104 12 5 32 43 81 122 8 66 49 22 94 62 71 106 9 
58 87 69 115 119 23 65 20 93 25 27 33 53 17 18 57 79 56 117 123 6 96 100 113 99 85 92 30 125 121 73 36 88 28 126 44 86 2 97 61 58 60 54 3 59 1 50 83 82 38 42 90 64 108 68 51 89 104 12 5 32 43 81 122 8 66 49 22 94 62 71 106 9 
59 87 69 115 119 23 65 20 93 25 27 33 53 17 18 57 79 56 117 123 6 96 100 113 99 85 92 30 125 121 73 36 88 28 126 44 2 97 58 61 60 54 3 59 1 50 83 82 38 42 90 64 108 68 51 89 104 12 5 32 43 81 122 8 66 49 22 94 62 71 106 9 
60 87 69 115 119 23 65 20 93 25 27 33 53 17 18 57 79 56 117 123 6 96 100 113 99 85 92 30 125 121 73 36 88 28 126 44 2 97 58 61 60 54 3 59 1 50 83 82 38 42 90 64 108 68 51 89 104 12 5 32 43 81 122 8 66 49 22 94 62 71 106 9 
61 87 69 115 119 23 65 20 93 25 27 33 53 17 18 57 79 56 117 123 6 96 100 113 99 85 92 30 125 121 73 36 88 28 126 44 2 97 58 61 60 54 3 59 1 50 83 82 38 42 90 64 108 68 51 89 104 12 5 32 43 81 122 8 66 49 22 94 62 71 106 9 
62 87 69 115 119 23 65 20 93 25 27 33 53 17 18 57 79 56 117 123 6 96 100 113 99 85 92 30 125 121 73 36 88 28 126 44 2 97 58 61 60 54 3 59 1 50 83 82 38 42 90 64 108 68 51 89 104 12 5 32 43 81 122 8 66 49 22 94 71 62 106 9 
63 87 69 115 119 23 65 20 93 25 27 33 53 17 18 57 79 56 117 123 6 96 100 113 99 85 92 30 125 121 73 36 88 28 126 44 2 97 58 61 60 54 3 59 1 50 83 82 38 42 90 64 108 68 51 89 104 12 5 32 43 81 122 8 66 49 22 94 62 71 106 9 
64 87 69 115 119 23 65 20 93 25 27 33 53 17 18 57 79 56 117 123 6 96 100 113 99 85 92 30 125 121 73 36 88 28 126 44 2 97 58 61 60 54 3 59 1 50 83 82 38 42 90 64 108 68 51 89 104 12 5 32 43 81 122 8 66 49 22 94 62 71 106 9 
65 87 69 115 119 23 65 20 93 25 27 33 53 17 18 57 79 56 117 123 6 96 100 113 99 85 92 30 125 121 73 36 88 28 126 44 2 97 58 61 60 54 3 59 1 50 83 82 38 42 90 64 108 68 51 89 104 12 5 32 43 81 122 8 66 49 22 94 62 71 106 9 
66 87 69 115 119 23 65 20 93 25 27 33 53 17 18 57 79 56 117 123 6 96 100 113 99 85 92 30 125 121 73 36 88 28 126 44 2 97 58 61 60 54 3 59 1 50 83 82 38 42 90 64 108 68 51 89 104 12 5 32 43 81 122 8 66 49 22 94 62 71 106 9 
67 87 69 115 119 23 65 20 93 25 27 33 53 17 18 57 79 56 117 123 6 96 100 113 99 85 92 30 125 121 73 36 88 28 126 44 2 97 58 61 60 54 3 59 1 50 83 82 38 42 90 64 108 68 51 89 104 12 5 32 43 81 122 8 66 49 22 94 62 71 106 9 
68 87 69 115 119 23 65 20 93 25 27 33 53 17 18 57 79 56 117 123 6 96 100 113 99 85 92 30 125 121 73 36 88 28 126 44 2 97 58 61 60 54 3 59 1 50 83 82 38 42 90 64 108 68 51 89 104 12 5 32 43 81 122 8 66 49 22 94 62 71 106 9 
69 87 115 119 69 23 65 20 93 25 27 33 53 17 18 57 79 56 117 123 6 96 100 113 99 85 92 30 125 121 73 36 88 28 126 44 2 97 58 61 60 54 3 59 1 50 83 82 38 42 90 64 108 68 51 89 104 12 5 32 43 81 122 8 66 49 22 94 62 71 106 9 
70 87 69 115 119 23 65 20 93 25 27 33 53 17 18 57 79 56 117 123 6 96 100 113 99 85 92 30 125 121 73 36 88 28 126 44 2 97 58 61 60 54 3 59 1 50 83 82 38 42 90 64 108 68 51 89 104 12 5 32 43 81 122 8 66 49 22 94 62 71 106 9 
71 87 69 115 119 23 65 20 93 25 27 33 53 17 18 78 57 79 56 117 123 6 96 100 113 99 85 92 30 125 121 73 36 88 28 126 44 86 2 97 58 61 60 54 3 59 1 50 83 82 38 42 90 64 108 68 89 104 12 5 32 43 81 122 8 66 49 22 94 62 71 106 9 
72 87 69 115 119 23 65 20 93 25 27 33 53 17 18 78 57 79 56 117 123 6 96 100 113 99 85 92 30 125 121 73 36 88 28 126 44 86 2 97 58 61 60 54 3 59 1 50 83 82 38 42 90 64 108 68 89 104 12 5 32 43 81 122 8 66 49 22 94 62 71 106 9 
73 87 102 69 115 119 23 65 20 93 25 27 33 53 17 18 78 57 118 79 56 117 123 6 96 100 113 99 85 92 30 125 121 73 36 88 28 126 44 86 2 97 58 61 60 54 3 59 1 50 83 82 38 42 90 64 108 68 51 89 104 12 5 32 43 81 122 8 66 49 22 94 62 71 106 76 9 
74 87 102 69 115 119 23 65 20 93 25 27 33 53 17 18 78 57 118 79 56 117 123 6 96 100 113 99 85 92 30 125 121 73 36 88 28 126 44 86 2 97 58 61 60 54 3 59 1 50 83 82 38 42 90 64 108 68 51 89 104 12 5 32 43 81 122 8 66 49 22 94 62 71 106 76 9 
75 87 102 69 115 119 23 65 20 93 25 27 33 53 17 18 78 57 118 79 56 117 123 6 96 100 113 99 85 92 30 125 121 73 36 88 28 126 75 44 86 2 97 58 61 60 54 3 59 1 50 83 82 38 42 90 64 108 68 89 104 12 5 32 43 81 122 8 66 49 22 94 62 106 76 9 
76 87 69 115 119 23 65 20 93 25 27 33 17 18 78 57 79 56 117 123 6 96 100 113 99 85 92 30 125 121 73 36 88 75 28 126 44 86 2 97 58 61 60 54 3 59 1 50 83 82 38 42 90 64 108 68 89 104 12 5 32 43 81 122 8 66 49 22 94 62 106 76 9 
77 87 102 69 115 119 23 65 93 20 25 27 33 17 18 78 57 79 56 117 123 6 96 100 99 113 85 92 30 125 121 73 88 36 75 28 126 86 44 2 97 58 61 60 54 3 59 1 50 83 82 38 90 42 64 108 68 89 104 12 5 32 43 81 122 8 66 49 94 22 62 106 76 9 
78 87 102 69 115 119 23 65 93 20 25 27 33 17 18 78 79 56 117 123 6 96 100 99 113 85 92 30 125 121 73 88 36 75 28 126 86 44 2 97 58 61 60 54 3 59 1 50 83 82 38 90 42 64 108 68 89 104 12 5 32 43 81 122 8 66 49 94 22 62 106 76 9 
79 87 102 69 115 119 23 65 93 20 25 27 33 17 18 78 79 56 117 123 6 96 100 99 113 85 92 30 125 121 73 88 36 75 28 126 86 44 2 97 58 61 60 54 3 59 1 50 83 82 38 90 42 64 108 68 89 104 12 5 32 43 81 122 8 66 49 94 22 62 106 76 9 
80 87 102 69 115 119 23 65 93 20 25 27 33 17 18 78 79 56 117 123 6 96 100 99 113 85 92 30 125 121 73 88 36 75 28 126 86 44 2 97 58 61 60 54 3 59 1 50 83 82 38 90 42 64 108 68 89 104 12 5 32 43 81 122 8 66 49 94 22 62 106 76 9 
81 87 102 69 115 119 23 65 93 20 25 27 33 17 18 78 79 56 117 123 6 96 100 99 113 85 92 30 125 121 73 88 36 75 28 126 86 44 2 97 58 61 60 54 3 59 1 50 83 82 38 90 42 64 108 68 89 104 12 5 32 43 81 122 8 66 49 94 22 62 106 76 9 
82 87 102 69 115 119 23 65 93 20 25 27 33 17 18 78 79 56 117 123 6 96 100 99 113 85 92 30 125 121 73 88 36 75 28 126 86 44 2 97 58 61 60 54 3 59 1 50 83 82 38 90 42 64 108 68 89 104 12 5 32 43 81 122 8 66 49 94 22 62 106 76 9 
83 87 102 69 115 119 23 65 93 20 25 27 33 17 18 78 79 56 117 123 6 96 100 99 113 85 92 30 125 121 73 88 36 75 28 126 86 44 2 97 58 61 60 54 3 59 1 50 83 82 38 90 42 64 108 68 89 104 12 5 32 43 81 122 8 66 49 94 22 62 106 76 9 
84 87 102 69 115 119 23 65 93 20 25 27 33 17 18 78 79 56 117 123 6 96 100 99 113 85 92 30 125 121 73 88 36 75 28 126 86 44 2 97 58 61 60 54 3 59 1 50 83 82 38 90 42 64 108 68 89 104 12 5 32 43 81 122 8 66 49 94 22 62 106 76 9 
85 87 102 69 115 119 23 65 93 20 25 27 33 17 18 78 79 56 117 123 6 96 100 99 113 92 85 30 125 121 73 88 36 75 28 126 86 44 2 97 58 61 60 54 3 59 1 50 83 82 38 90 42 64 108 68 89 104 12 5 32 43 81 122 8 66 49 94 22 62 106 76 9 
86 87 102 69 115 119 23 65 93 20 25 27 33 17 18 78 79 56 117 123 6 96 100 99 113 85 92 30 125 121 73 88 36 75 28 126 44 86 2 97 58 61 60 54 3 1 50 83 82 38 90 42 64 108 68 89 104 12 5 32 43 81 122 8 66 49 94 22 62 106 76 9 
87 102 87 69 115 119 23 65 93 20 25 27 33 17 18 78 79 56 117 123 6 96 100 99 113 85 92 30 125 121 73 88 36 75 28 126 86 44 2 97 58 61 60 54 3 1 50 83 82 38 90 42 64 108 68 89 104 12 5 32 43 81 122 8 66 49 94 22 62 106 76 9 
88 87 102 69 115 119 23 65 93 20 25 27 33 17 18 78 79 56 117 123 6 96 100 99 113 85 92 30 125 121 73 36 88 75 28 126 86 44 2 97 58 61 60 54 3 1 50 83 82 38 90 42 64 108 68 89 104 12 5 32 43 81 122 8 66 49 94 22 62 106 76 9 
89 87 102 69 115 119 23 65 93 20 25 27 33 17 18 78 79 56 117 123 6 96 100 99 113 85 92 30 125 121 73 88 36 75 28 126 86 44 2 97 58 61 60 54 3 1 50 83 82 38 90 42 64 108 68 89 104 12 5 32 43 81 122 8 66 49 94 22 62 106 76 9 
90 87 102 69 115 119 23 65 93 20 25 27 33 17 18 78 79 56 117 123 6 96 100 99 113 85 92 30 125 121 73 88 36 75 28 126 86 44 2 97 58 61 60 54 3 1 50 83 82 38 42 90 64 108 68 89 104 12 5 32 43 81 122 8 66 49 94 22 62 106 76 9 
91 87 102 69 115 119 23 65 93 20 25 27 33 17 18 78 79 56 117 123 6 96 100 99 113 85 92 30 125 121 73 88 36 75 28 126 86 44 2 97 58 61 60 54 3 1 50 83 82 38 90 42 64 108 68 89 104 12 5 32 43 81 122 8 66 49 94 22 62 106 76 9 
92 87 102 69 115 119 23 65 93 20 25 27 33 17 18 78 79 56 117 123 6 96 100 99 113 85 92 30 125 121 73 88 36 75 28 126 86 44 2 97 58 61 60 54 3 1 50 83 82 38 90 42 64 108 68 89 104 12 5 32 43 81 122 8 66 49 94 22 62 106 76 9 
93 87 102 69 115 119 23 65 20 93 25 27 33 17 18 78 79 56 117 123 6 96 100 99 113 85 92 30 125 121 73 88 36 75 28 126 86 44 2 97 58 61 60 54 3 1 50 83 82 38 90 42 64 108 68 89 104 12 5 32 43 81 122 8 66 49 94 22 62 106 76 9 
94 87 102 69 115 119 23 65 93 20 25 27 33 17 18 78 79 56 117 123 6 96 100 99 113 85 92 30 125 121 73 88 36 75 28 126 86 44 2 97 58 61 60 54 3 1 50 83 82 38 90 42 64 108 68 89 104 12 5 32 43 81 122 8 66 49 22 94 62 106 76 9 
95 87 102 69 115 119 23 65 93 20 25 27 33 17 18 78 79 56 117 123 6 96 100 99 113 85 92 30 125 121 73 88 36 75 28 126 86 44 2 97 58 61 60 54 3 1 50 83 82 38 90 42 64 108 68 89 104 12 5 32 43 81 122 8 66 49 94 22 62 106 76 9 
96 87 102 69 115 119 23 65 93 20 25 27 33 17 18 78 79 56 117 123 6 96 100 99 113 85 92 30 125 121 73 88 36 75 28 126 86 44 2 97 58 61 60 54 3 1 50 83 82 38 90 42 64 108 68 89 104 12 5 32 43 81 122 8 66 49 94 22 62 106 76 9 
97 87 102 69 115 119 23 65 93 20 25 27 33 17 18 78 79 56 117 123 6 96 100 99 113 85 92 30 125 121 73 88 36 75 28 126 86 44 2 97 58 61 60 54 3 1 50 83 82 38 90 42 64 108 68 89 104 12 5 32 43 81 122 8 66 49 94 22 62 106 76 9 
98 87 102 69 115 119 23 65 93 20 25 27 33 17 18 78 79 56 117 123 6 96 100 99 113 85 92 30 125 121 73 88 36 75 28 126 86 44 2 97 58 61 60 54 3 1 50 83 82 38 90 42 64 108 68 89 104 12 5 32 43 81 122 8 66 49 94 22 62 106 76 9 
99 87 102 69 115 119 23 65 93 20 25 27 33 17 18 78 79 56 117 123 6 96 100 113 99 85 92 30 125 121 73 88 36 75 28 126 86 44 2 97 58 61 60 54 3 1 50 83 82 38 90 42 64 108 68 89 104 12 5 32 43 81 122 8 66 49 94 22 62 106 76 9 
100 87 102 69 115 119 23 65 93 20 25 27 33 17 18 78 79 56 117 123 6 96 100 99 113 85 92 30 125 121 73 88 36 75 28 126 86 44 2 97 58 61 60 54 3 1 50 83 82 38 90 42 64 108 68 89 104 12 5 32 43 81 122 8 66 49 94 22 62 106 76 9 
101 87 102 69 115 119 23 65 93 20 25 27 33 17 18 78 79 56 117 123 6 96 100 99 113 85 92 30 125 121 73 88 36 75 28 126 86 44 2 97 58 61 60 54 3 1 50 83 82 38 90 42 64 108 68 89 104 12 5 32 43 81 122 8 66 49 94 22 62 106 76 9 
102 87 102 69 115 119 23 65 93 20 25 27 33 17 18 78 79 56 117 123 6 96 100 99 113 85 92 30 125 121 73 88 36 75 28 126 86 44 2 97 58 61 60 54 3 59 1 50 83 82 38 90 42 64 108 68 89 104 12 5 32 43 81 122 8 66 49 94 22 62 106 9 
103 87 102 69 115 119 23 65 93 20 25 27 33 17 18 78 79 56 117 123 6 96 100 99 113 85 92 30 125 121 73 88 36 75 28 126 86 44 2 97 58 61 60 54 3 59 1 50 83 82 38 90 42 64 108 68 89 104 12 5 32 43 81 122 8 66 49 94 22 62 106 9 
104 87 102 115 69 119 114 23 65 93 20 25 27 33 17 18 78 57 118 79 56 117 123 6 96 100 113 99 111 85 92 30 125 121 73 88 36 75 28 126 86 44 2 97 58 61 60 54 3 59 1 50 83 82 38 90 42 64 108 68 89 104 12 5 107 32 43 81 122 8 66 49 94 22 62 106 76 9 
105 87 102 115 69 119 114 23 65 93 20 25 27 33 17 18 78 57 118 79 56 117 123 6 96 100 113 99 111 85 92 30 125 121 73 88 36 75 28 126 86 44 2 97 58 61 60 54 3 59 1 50 83 82 38 90 42 64 108 68 89 104 12 5 107 32 43 81 122 8 66 49 94 22 62 106 76 9 
106 87 102 115 69 119 114 23 65 93 20 25 27 33 17 18 78 57 118 79 56 117 123 6 96 100 113 99 111 85 92 30 125 121 73 88 36 75 28 126 86 44 2 97 58 61 60 54 3 59 1 50 83 82 38 90 42 64 108 68 89 104 12 5 107 32 43 81 122 8 66 49 94 22 62 106 76 9 
107 87 102 115 69 119 114 23 65 93 20 25 27 33 17 18 78 57 118 79 56 117 123 6 96 100 113 99 111 85 92 30 125 121 73 88 36 75 28 126 86 44 2 97 58 61 60 54 3 59 1 83 82 38 90 42 64 108 68 89 104 12 5 107 32 43 81 122 8 66 49 94 22 62 106 76 9 
108 87 102 115 69 119 114 23 65 93 20 25 27 33 17 18 78 57 118 79 56 117 123 6 96 100 113 99 111 85 92 30 125 121 73 88 36 75 28 126 86 44 2 97 58 61 60 54 3 59 1 83 82 38 90 42 64 108 68 89 104 12 5 107 32 43 81 122 8 66 49 94 22 62 106 76 9 
109 87 102 115 69 119 114 23 65 93 20 25 27 33 17 18 78 57 118 79 56 117 123 6 96 100 113 99 111 85 92 30 125 121 73 88 36 75 28 126 86 44 2 97 58 61 60 54 3 59 1 83 82 38 90 42 64 108 68 89 104 12 5 107 32 43 81 122 8 66 49 94 22 62 106 76 9 
110 87 102 115 69 119 114 23 65 93 20 25 27 33 17 18 78 57 118 79 56 117 123 6 96 100 113 99 111 85 92 30 125 121 73 88 36 75 28 126 86 44 2 97 58 61 60 54 3 59 1 83 82 38 90 42 64 108 68 89 104 12 5 107 32 43 81 122 8 66 49 94 22 62 106 76 9 
111 87 102 115 69 119 114 23 65 93 20 25 27 33 17 18 78 57 118 79 56 117 123 6 96 100 113 99 111 85 92 30 125 121 73 88 36 75 28 126 86 44 2 97 58 61 60 54 3 59 1 83 82 38 90 42 64 108 68 89 104 12 5 107 32 43 81 122 8 66 94 22 62 106 76 9 
112 87 102 115 69 119 114 23 65 93 20 25 27 33 17 18 78 57 118 79 56 117 123 6 96 100 113 99 111 85 92 30 125 121 73 88 36 75 28 126 86 44 2 97 58 61 60 54 3 59 1 83 82 38 90 42 64 108 68 89 104 12 5 107 32 43 81 122 8 66 94 22 62 106 76 9 
113 87 102 115 69 119 114 23 65 93 20 25 27 33 17 18 78 57 118 79 56 117 123 6 96 100 99 113 111 85 92 30 125 121 73 88 36 75 28 126 86 44 2 97 58 61 60 54 3 59 1 83 82 38 90 42 64 108 68 89 104 12 5 107 32 43 81 122 8 66 94 22 62 106 76 9 
114 87 102 115 69 119 23 114 65 93 20 25 27 33 17 18 78 57 118 79 56 117 123 6 96 100 113 99 111 85 92 30 125 121 73 88 36 28 126 86 44 2 97 58 61 60 54 3 59 1 83 82 38 90 42 64 108 68 89 104 12 5 107 32 43 81 122 8 66 94 22 62 106 76 9 
115 87 102 119 69 115 114 23 65 93 20 25 27 33 17 18 78 118 57 79 117 56 123 6 96 100 113 99 111 85 92 125 30 121 73 88 36 126 28 86 44 2 97 58 61 60 54 3 59 1 83 82 38 90 42 64 108 68 89 104 12 5 107 32 43 81 122 8 66 94 22 62 106 76 9 
116 87 102 115 119 69 114 23 65 93 20 25 27 33 17 18 78 118 57 79 117 56 123 6 96 100 113 99 111 85 92 125 30 121 73 88 36 126 28 86 44 2 97 58 61 60 54 3 59 1 83 82 38 90 42 64 108 68 89 104 12 5 107 32 43 81 122 8 66 94 22 62 106 76 9 
117 87 102 115 119 69 114 23 65 93 20 25 27 33 17 18 78 118 57 79 56 117 123 6 96 100 113 99 111 85 92 125 30 121 73 88 36 126 28 86 44 2 97 58 61 60 54 3 59 1 83 82 38 90 42 64 108 68 89 104 12 5 107 32 43 81 122 8 66 94 22 62 106 76 9 
118 87 115 119 69 114 23 65 93 20 25 27 33 17 18 78 57 118 79 117 56 123 6 96 100 113 99 111 85 92 125 30 121 73 88 36 126 28 86 44 2 97 58 61 60 54 3 59 1 83 82 38 90 42 64 108 68 89 104 12 5 107 32 43 81 122 8 66 94 22 62 106 9 
119 87 115 69 119 114 23 65 93 20 25 27 33 17 18 78 118 57 79 117 56 123 6 96 100 113 99 111 85 92 125 30 121 73 88 36 126 28 86 44 2 97 58 61 60 54 3 59 1 83 82 38 90 42 64 108 68 89 104 12 5 107 32 43 81 122 8 66 94 22 62 106 9 
120 87 115 119 69 114 23 65 93 20 25 27 33 17 18 78 118 57 79 117 56 123 6 96 100 113 99 111 85 92 125 30 121 73 88 36 126 28 86 44 2 97 58 61 60 54 3 59 1 83 82 38 90 42 64 108 68 89 104 12 5 107 32 43 81 122 8 66 94 22 62 106 9 
121 87 115 119 69 114 23 65 93 20 25 27 33 17 18 78 118 57 79 117 56 123 6 96 100 113 99 111 85 92 125 30 121 73 88 36 126 28 86 44 2 97 58 61 60 54 3 59 1 83 82 38 90 42 64 108 68 89 104 12 5 107 32 43 81 122 8 66 94 22 62 106 9 
122 87 115 119 69 114 23 65 93 20 25 27 33 17 18 78 118 57 79 117 56 123 6 96 100 113 99 111 85 92 125 30 121 73 88 36 126 28 86 44 2 97 58 61 60 54 3 59 1 83 82 38 90 42 64 108 68 89 104 12 5 107 32 43 81 122 8 66 94 22 62 106 9 
123 87 115 119 69 114 23 65 93 20 25 27 33 17 18 78 118 57 79 117 56 123 6 96 100 113 99 111 85 92 125 30 121 73 88 36 126 28 86 44 2 97 58 61 60 54 3 59 1 83 82 38 90 42 64 108 68 89 104 12 5 107 32 43 81 122 8 66 94 22 62 106 9 
124 87 115 119 69 114 23 65 93 20 25 27 33 17 18 78 118 57 79 117 56 123 6 96 100 113 99 111 85 92 125 30 121 73 88 36 126 28 86 44 2 97 58 61 60 54 3 59 1 83 82 38 90 42 64 108 68 89 104 12 5 107 32 43 81 122 8 66 94 22 62 106 9 
125 87 115 119 69 114 23 65 93 20 25 27 33 17 18 78 118 57 79 117 56 123 6 96 100 113 99 111 85 92 30 125 121 73 88 36 126 28 86 44 2 97 58 61 60 54 3 59 1 83 82 38 90 42 64 108 68 89 104 12 5 107 32 43 81 122 8 66 94 22 62 106 9 
126 87 115 119 69 114 23 65 93 20 25 27 33 17 18 78 118 57 79 117 56 123 6 96 100 113 99 111 85 92 125 30 121 73 88 36 28 126 86 44 2 97 58 61 60 54 3 59 1 83 82 38 90 42 64 108 68 89 104 12 5 107 32 43 81 122 8 66 94 22 62 106 9 
127 87 115 119 69 114 23 65 93 20 25 27 33 17 18 78 118 57 79 117 56 123 6 96 100 113 99 111 85 92 125 30 121 73 88 36 126 28 86 44 2 97 58 61 60 54 3 59 1 83 82 38 90 42 64 108 68 89 104 12 5 107 32 43 81 122 8 66 94 22 62 106 9 
128 87 115 119 69 114 23 65 93 20 25 27 33 17 18 78 118 57 79 117 56 123 6 96 100 113 99 111 85 92 125 30 121 73 88 36 126 28 86 44 2 97 58 61 60 54 3 59 1 83 82 38 90 42 64 108 68 89 104 12 5 107 32 43 81 122 8 66 94 22 62 106 9 
129 87 102 115 119 69 114 23 65 93 20 25 27 33 17 18 78 118 57 79 117 56 123 6 96 100 113 99 111 85 92 125 30 121 73 88 36 126 28 86 44 2 97 58 61 60 54 3 59 1 83 82 38 90 42 64 108 68 89 104 12 5 107 32 43 81 122 8 66 94 22 62 106 76 9 
130 87 102 115 69 119 114 23 65 93 20 25 27 33 17 18 78 57 118 79 56 117 123 6 96 100 113 99 111 85 92 30 125 121 73 88 36 75 28 126 86 44 2 97 58 61 60 54 3 59 1 50 83 82 38 90 42 64 108 68 89 104 12 5 107 32 43 81 122 8 66 49 94 22 62 106 76 9 
131 87 102 115 69 119 114 23 65 93 20 25 27 33 17 18 78 57 118 79 56 117 123 6 96 100 113 99 111 85 92 30 125 121 73 88 36 75 28 126 86 44 2 97 58 61 60 54 3 59 1 50 83 82 38 90 42 64 108 68 89 104 12 5 107 32 43 81 122 8 66 49 94 22 62 106 76 9 
132 87 102 115 69 119 114 23 65 93 20 25 27 33 17 18 78 57 118 79 56 117 123 6 96 100 113 99 111 85 92 30 125 121 73 88 36 75 28 126 86 44 2 97 58 61 60 54 3 59 1 50 83 82 38 90 42 64 108 68 89 104 12 5 107 32 43 81 122 8 66 49 94 22 62 106 76 9 
