1 1 
2 2 
3 3 
4 4 
6 5 
7 6 
8 5 
10 7 
11 8 
12 9 
13 10 
15 11 
18 10 
20 10 
22 12 
23 13 
24 14 
25 15 
26 16 
27 17 
28 18 
30 19 
31 20 
32 21 
34 10 
36 22 
37 23 
40 15 
41 24 
43 25 
44 26 
45 27 
46 28 
49 24 
51 29 
53 15 
54 24 
55 25 
56 30 
57 31 
59 32 
60 33 
61 34 
63 35 
64 36 
65 37 
67 38 
68 33 
70 39 
71 40 
72 41 
73 42 
76 43 
79 44 
80 45 
81 46 
83 47 
84 48 
85 49 
86 50 
88 30 
90 51 
91 52 
93 53 
94 54 
95 55 
98 56 
100 25 
106 33 
107 57 
109 58 
110 40 
111 59 
113 60 
114 61 
115 62 
116 63 
117 64 
