1 1 
2 2 1 
3 3 2 1 
4 3 4 2 1 
5 3 4 2 5 1 
6 3 4 2 5 6 1 
7 3 7 4 2 5 6 1 
8 42 37 47 30 39 12 5 32 1 3 25 36 4 35 10 6 13 23 18 41 43 16 7 14 33 2 11 34 45 22 
9 42 37 47 30 39 12 5 32 1 3 25 36 4 35 10 6 13 23 18 41 43 16 7 14 33 2 11 34 45 22 
10 42 37 47 30 39 12 5 32 1 3 25 36 4 35 10 6 13 23 18 41 43 16 7 14 33 2 11 34 45 22 
11 42 37 47 30 39 12 5 32 1 3 25 36 4 35 10 6 13 23 18 41 43 16 7 14 33 2 11 34 45 22 
12 42 37 47 30 39 12 5 32 1 3 25 36 4 35 10 6 13 23 18 41 43 16 7 14 33 2 11 34 45 22 
13 42 37 47 30 39 12 5 32 1 3 25 36 4 35 10 6 23 13 18 41 43 16 7 14 33 2 11 34 45 22 
14 42 37 47 30 39 12 5 32 1 3 25 36 4 35 10 6 13 23 18 41 43 7 33 14 2 11 34 45 22 
15 42 37 47 30 39 12 5 32 1 3 25 36 4 35 10 6 13 23 18 41 43 7 14 33 2 11 34 45 22 
16 42 37 47 30 39 12 5 32 1 3 25 36 4 35 10 6 13 23 18 41 43 16 7 33 2 11 34 45 22 
17 42 37 47 30 39 12 5 32 1 3 25 36 4 35 10 6 13 23 18 41 43 16 7 14 33 2 11 34 45 22 
18 42 37 47 30 39 12 5 32 1 3 25 36 4 35 10 6 13 23 41 43 18 16 7 14 33 2 11 34 45 22 
19 42 37 47 30 39 12 5 32 1 3 25 36 4 35 10 6 13 23 18 41 43 16 7 14 33 2 11 34 45 22 
20 42 37 47 30 39 12 5 32 1 3 25 36 4 35 10 6 13 23 18 41 43 16 7 14 33 2 11 34 45 22 
21 42 37 47 30 39 12 5 32 1 3 25 36 4 35 10 6 13 23 18 41 43 16 7 14 33 2 11 34 45 22 
22 42 37 47 30 39 12 5 32 1 3 25 36 4 35 10 6 13 23 18 41 43 16 7 14 33 2 11 34 45 22 
23 42 37 47 30 39 12 5 32 1 3 25 36 4 35 10 6 13 23 18 41 43 16 7 14 33 2 11 34 45 22 
24 42 37 47 30 39 12 5 32 1 3 25 36 4 35 10 6 13 23 18 41 43 16 7 14 33 2 11 34 45 22 
25 42 37 47 30 39 12 5 32 1 3 25 36 4 35 10 6 13 23 18 41 43 16 7 14 33 2 11 34 22 
26 42 37 30 47 39 12 5 32 1 3 25 36 4 35 10 6 13 23 41 43 18 16 7 14 33 2 11 34 45 22 
27 42 37 30 47 39 12 5 32 1 3 25 36 4 35 10 6 13 23 41 43 18 16 7 14 33 2 11 34 45 22 
28 42 37 30 47 39 12 5 32 1 3 25 36 4 35 10 6 13 23 41 43 18 16 7 14 33 2 11 34 45 22 
29 37 30 47 39 12 29 5 32 1 3 25 36 4 35 10 6 13 23 41 43 18 16 7 14 33 2 11 34 45 22 
30 37 47 30 12 29 5 32 1 3 25 36 4 35 10 6 13 23 41 43 18 16 7 14 33 2 11 34 45 22 
31 37 30 47 39 12 29 5 32 1 3 25 36 4 35 10 6 13 23 38 41 43 18 16 7 14 33 2 11 34 45 22 
32 37 30 47 39 12 29 5 32 1 3 25 36 4 35 10 6 13 23 38 41 43 18 16 7 14 33 2 11 34 45 22 
33 37 30 47 39 12 29 5 32 1 3 25 36 4 35 10 6 13 23 38 41 43 18 16 7 14 33 2 11 34 45 22 
34 37 30 47 39 12 29 5 32 1 3 25 36 4 35 10 6 13 23 38 41 43 18 16 7 14 33 2 11 34 45 22 
35 37 30 47 39 12 29 5 32 1 3 25 36 4 35 10 6 13 23 38 41 43 18 16 7 14 33 2 11 34 45 22 
36 37 30 47 39 12 29 5 32 1 3 25 36 4 35 10 6 13 23 38 41 43 18 16 7 14 33 2 11 34 45 22 
37 37 30 47 39 12 29 5 32 1 3 25 36 4 35 10 6 13 23 38 41 43 18 16 7 14 33 2 11 34 45 22 
38 37 30 47 39 12 5 32 1 3 25 36 4 35 10 6 13 23 41 43 18 38 16 7 14 33 2 11 34 45 22 
39 37 47 39 12 5 32 1 3 25 36 4 35 10 6 13 23 38 41 43 18 16 7 14 33 2 11 34 45 22 
40 37 47 39 12 5 32 1 3 25 36 4 35 10 6 13 23 38 41 43 18 16 7 14 33 2 11 34 45 22 
41 37 30 47 39 12 29 5 32 1 3 25 36 4 35 10 6 13 23 38 43 18 41 16 7 14 33 2 11 34 45 22 
42 42 37 30 47 39 12 5 32 1 3 25 36 4 35 10 6 13 23 41 43 18 16 7 14 33 2 11 34 45 22 
43 42 37 30 47 39 12 5 32 1 3 25 36 4 35 10 6 13 23 41 18 43 16 7 14 33 2 11 34 45 22 
44 42 37 30 47 39 12 5 32 1 3 25 36 4 35 10 6 13 23 41 43 18 16 7 14 33 2 11 34 45 22 
45 42 37 30 47 39 12 5 32 1 3 36 4 35 10 6 13 23 41 43 18 16 7 14 33 2 11 34 45 22 
46 42 37 30 47 39 12 5 32 1 3 36 4 35 10 6 13 23 41 43 18 16 7 14 33 2 11 34 45 22 
47 42 37 30 47 39 12 5 32 1 3 25 36 4 35 10 6 13 23 18 41 43 16 14 33 2 11 34 45 22 
48 42 37 47 30 39 12 5 32 1 3 25 36 4 35 10 6 13 23 18 41 43 16 14 33 2 11 34 45 22 
49 42 37 47 30 39 12 5 32 1 3 25 36 4 35 10 6 13 23 18 41 43 16 7 14 33 2 11 34 45 22 
