1 1 
2 1 2 
3 3 1 2 
4 3 4 1 2 
5 5 3 4 1 2 
6 5 3 4 1 2 
7 5 3 4 1 7 2 
8 5 8 3 4 1 7 2 
9 5 8 3 9 4 1 7 2 
10 5 8 3 9 4 1 7 2 
11 5 8 3 9 4 1 7 2 
12 5 8 3 12 9 4 1 7 2 
13 5 8 3 12 9 13 4 1 7 2 
14 5 8 3 12 9 13 4 14 1 7 2 
15 5 8 3 12 9 13 4 14 1 7 2 
16 5 8 3 12 16 9 13 4 14 1 7 2 
17 5 8 12 17 9 13 2 3 16 4 14 1 7 
18 5 8 12 17 9 13 2 3 16 4 14 1 7 
19 5 8 12 17 9 13 19 2 3 16 4 14 1 7 
20 5 8 12 17 20 9 13 19 2 3 16 4 14 1 7 
21 8 29 41 12 20 27 35 9 38 19 37 21 16 26 42 4 14 24 36 7 5 34 17 28 13 25 2 32 3 1 23 
22 8 29 41 12 20 27 35 9 38 19 37 21 16 26 42 4 14 24 36 7 5 34 17 28 13 25 2 32 3 1 23 
23 8 29 41 12 20 27 35 9 38 19 37 21 16 26 42 4 14 24 36 7 5 34 17 28 13 25 2 32 3 1 23 
24 8 29 41 12 20 27 35 9 38 19 37 21 16 26 42 4 14 24 36 7 5 34 17 28 13 25 2 32 3 1 23 
25 8 29 41 12 20 27 35 9 38 19 37 21 16 26 42 4 14 24 36 7 5 34 17 28 13 25 2 32 3 1 23 
26 8 29 41 12 20 27 35 9 38 19 37 21 16 42 26 4 14 24 36 7 5 34 17 28 13 25 2 32 3 1 23 
27 8 29 41 12 20 35 27 9 38 19 37 21 16 26 42 4 14 24 36 7 5 34 17 28 13 25 2 32 3 1 23 
28 8 29 41 12 20 27 35 9 38 19 37 21 16 26 42 4 14 24 36 7 5 34 17 28 13 25 2 32 3 1 23 
29 8 41 29 12 20 27 35 9 38 19 37 21 16 26 42 4 14 24 36 7 5 34 17 28 13 25 2 32 3 1 23 
30 8 29 41 12 20 27 35 9 38 19 37 21 16 26 42 4 14 24 36 7 5 34 17 28 13 25 2 32 3 1 23 
31 8 29 41 12 20 27 35 9 38 19 37 21 16 26 42 4 14 24 36 7 5 34 17 28 13 25 2 32 3 1 23 
32 8 29 41 12 20 27 35 9 38 19 37 21 16 26 42 4 14 24 36 7 5 34 17 28 13 25 2 32 3 1 23 
33 8 29 41 12 20 27 35 9 38 19 37 21 16 26 42 4 14 24 36 7 5 34 17 28 13 25 2 32 3 1 23 
34 8 29 41 12 20 27 35 9 38 19 37 21 16 26 42 4 14 24 36 7 5 34 17 28 13 25 2 32 3 1 23 
35 8 29 41 12 20 27 35 9 38 19 37 21 16 26 42 4 14 24 36 7 5 34 17 28 13 25 2 32 3 1 23 
36 8 29 41 12 20 27 35 9 38 19 37 21 16 26 42 4 14 24 36 7 5 34 17 28 13 25 2 32 3 1 23 
37 8 29 41 12 20 27 35 9 38 19 37 21 16 26 42 4 14 24 36 7 5 34 17 28 13 25 2 32 3 1 23 
38 8 29 41 12 20 27 35 9 38 19 37 21 16 26 42 4 14 24 36 7 5 34 28 13 25 2 32 3 1 23 
39 8 29 41 12 20 27 35 9 38 19 37 21 16 26 42 4 14 24 36 7 5 34 28 13 25 2 32 3 1 23 
40 8 29 41 12 20 27 35 9 38 19 37 21 16 26 42 4 14 24 36 7 5 34 28 13 25 2 32 3 1 23 
41 8 29 41 12 20 27 35 9 38 19 37 21 16 26 42 4 14 24 36 7 5 34 28 13 25 2 32 3 1 23 
42 8 29 41 12 20 27 35 9 38 19 37 21 16 26 42 4 14 24 36 7 5 34 28 13 25 2 32 3 1 23 
43 8 29 41 12 20 27 35 9 38 19 37 21 16 26 42 4 14 24 36 7 5 34 28 13 25 2 32 3 1 23 
44 8 29 41 12 20 27 35 9 38 19 37 21 16 26 42 4 14 24 36 7 5 34 28 13 25 2 32 3 1 23 
45 8 29 41 12 27 35 9 38 19 37 21 16 45 26 42 4 14 24 36 7 5 34 17 28 13 25 2 32 3 1 23 
46 8 29 68 27 35 80 9 79 50 77 16 45 94 54 26 76 5 65 71 28 78 25 46 3 66 84 90 99 57 52 23 41 12 88 98 38 19 74 37 56 82 21 49 73 96 87 42 72 4 14 24 36 93 7 92 34 53 17 13 59 69 2 32 97 48 60 61 81 67 1 
47 8 29 68 27 35 80 9 79 50 77 16 45 94 54 26 76 5 65 71 28 78 25 46 3 66 84 90 99 57 52 23 41 12 88 98 38 19 74 37 56 82 21 49 73 96 87 42 72 4 14 24 36 93 7 92 34 53 17 13 59 69 2 32 97 48 60 61 81 67 1 
48 8 29 68 27 35 80 9 79 50 77 16 45 94 54 26 76 5 65 71 28 78 25 46 3 66 84 90 99 57 52 23 41 12 88 98 38 19 74 37 56 82 21 49 73 96 87 42 72 4 14 24 36 93 7 92 34 53 17 13 59 69 2 32 97 48 60 61 81 67 1 
49 8 29 68 27 35 80 9 79 50 77 16 45 94 54 26 76 5 65 71 28 78 25 46 3 66 84 90 99 52 23 41 12 88 98 38 19 74 37 56 82 21 73 49 96 87 42 72 4 14 36 93 7 92 34 53 17 13 59 69 2 32 97 48 60 61 81 67 1 
50 8 29 68 27 35 80 9 79 50 77 16 45 94 54 26 76 5 65 71 28 78 25 46 3 66 84 90 99 57 52 23 41 12 88 98 38 19 74 56 37 82 21 49 73 96 87 42 72 4 14 36 93 7 92 34 53 17 13 59 69 2 32 97 48 60 61 81 67 1 
51 8 29 68 27 35 80 9 79 50 77 16 45 94 54 26 76 5 65 71 28 78 25 46 3 66 84 90 99 57 52 23 41 12 88 98 38 19 74 56 37 82 21 49 73 96 87 42 72 4 14 36 93 7 92 34 53 17 13 59 69 2 32 97 48 60 61 81 67 1 
52 8 29 68 27 35 80 9 79 50 77 16 45 94 54 26 76 5 65 71 28 78 25 46 3 66 84 90 99 57 23 52 41 12 88 98 38 19 74 56 37 82 21 49 73 96 87 42 72 4 14 36 93 7 92 34 53 17 13 59 69 2 32 97 48 60 61 81 67 1 
53 8 29 68 27 35 80 9 79 50 77 16 45 94 54 26 76 5 65 71 28 78 25 46 3 66 84 90 99 57 52 23 41 12 88 98 38 19 74 56 37 82 21 49 73 96 87 42 72 4 14 36 93 7 92 34 53 17 13 59 69 2 32 97 48 60 61 81 67 1 
54 8 29 68 27 35 80 9 79 50 77 16 45 94 26 54 76 5 65 71 28 78 25 46 3 66 84 90 99 57 52 23 41 12 88 98 38 19 74 56 37 82 21 49 73 96 87 42 72 4 14 36 93 7 92 34 53 17 13 59 69 2 32 97 48 60 61 81 67 1 
55 8 29 68 27 35 80 9 79 50 77 16 45 94 54 26 76 5 65 71 28 78 25 46 3 66 84 90 99 57 52 23 41 12 88 98 38 19 74 56 37 82 21 49 73 96 87 42 72 4 14 36 93 7 92 34 53 17 13 59 69 2 32 97 48 60 61 81 67 1 
56 8 29 68 27 35 80 9 79 50 77 16 45 94 54 26 76 5 65 71 28 78 25 46 3 66 84 90 99 57 52 23 41 12 88 98 38 19 74 37 82 56 21 49 73 96 87 42 72 4 14 36 93 7 92 34 53 17 13 59 69 2 32 97 48 60 61 81 67 1 
57 8 29 68 27 35 80 9 79 50 77 16 45 94 54 26 76 5 65 71 28 78 25 46 3 66 84 90 99 57 52 23 41 12 88 98 38 19 74 56 37 82 21 73 96 87 42 72 4 14 36 93 7 92 34 53 17 13 59 69 2 32 97 48 60 61 81 67 1 
58 8 29 68 27 35 80 9 79 50 77 16 45 94 54 26 76 5 65 71 28 78 25 46 3 66 84 90 99 57 52 23 41 12 88 98 38 19 74 56 37 82 21 73 96 87 42 72 4 14 36 93 7 92 34 53 17 13 59 69 2 32 97 48 60 61 81 67 1 
59 8 29 68 27 35 80 9 79 50 77 16 45 94 54 26 76 5 65 71 28 78 25 46 3 66 84 90 99 57 52 23 41 12 88 98 38 19 74 56 37 82 21 49 73 96 87 42 72 4 14 36 93 7 92 34 53 17 13 59 69 2 32 97 48 60 61 81 67 1 
60 8 29 68 27 35 80 9 79 50 77 16 45 94 54 26 76 5 65 71 78 25 46 3 66 84 90 99 57 52 23 41 12 88 98 38 19 74 56 37 82 21 49 73 96 87 42 72 4 14 36 93 7 92 34 53 17 13 59 69 2 32 97 48 61 60 81 67 1 
61 8 29 68 27 35 80 9 79 50 77 16 45 94 54 26 76 5 65 71 78 25 46 3 66 84 90 99 57 52 23 41 12 88 98 38 19 74 56 37 82 21 49 73 96 87 42 72 4 14 36 93 7 92 34 53 17 13 59 69 2 32 97 48 60 61 81 67 1 
62 8 29 68 27 35 80 9 79 50 77 16 45 94 54 26 76 5 65 71 78 25 46 3 66 84 90 99 57 52 23 41 12 88 98 38 19 74 56 37 82 21 49 73 96 87 42 72 4 14 36 93 7 92 34 53 17 13 59 69 2 32 97 48 60 61 81 67 1 
63 8 29 68 27 35 80 9 79 50 77 16 45 94 54 26 76 5 65 71 78 25 46 3 66 84 90 99 57 52 23 41 12 88 98 38 19 74 56 37 82 21 49 73 96 87 42 72 4 14 36 93 7 92 34 53 17 13 59 69 2 32 97 48 60 61 81 67 1 
64 8 29 68 27 35 80 9 79 50 77 16 45 94 54 26 76 5 65 71 78 25 46 3 66 84 90 99 57 52 23 41 12 88 98 38 19 74 56 37 82 21 49 73 96 87 42 72 4 14 36 93 7 92 34 53 17 13 59 69 2 32 97 48 60 61 81 67 1 
65 8 29 68 27 35 80 9 79 50 77 16 94 54 26 76 5 65 71 78 25 46 3 66 84 90 99 57 52 23 41 12 88 98 38 19 74 56 37 82 21 49 73 96 87 42 72 4 14 36 93 7 92 34 53 17 13 59 69 2 32 97 48 60 61 81 67 1 
66 8 29 68 27 35 80 9 79 50 77 16 94 54 26 76 5 65 71 78 25 46 3 66 84 90 99 57 52 23 41 12 88 98 38 19 74 56 37 82 21 49 73 96 87 42 72 4 14 36 93 7 92 34 53 17 13 59 69 2 32 97 48 60 61 81 67 1 
67 8 29 68 27 35 80 9 79 50 77 16 94 54 26 76 5 65 71 78 25 46 3 66 84 90 99 57 52 23 41 12 88 98 38 19 74 56 37 82 21 49 73 96 87 42 72 4 14 36 93 7 92 34 53 17 13 59 69 2 32 97 48 60 61 81 67 1 
68 8 29 68 27 35 80 9 79 50 77 16 94 54 26 76 5 65 71 78 25 46 3 66 84 90 99 57 52 23 41 88 98 38 19 74 56 37 82 21 49 73 96 87 42 72 4 14 36 93 7 92 34 53 17 13 59 69 2 32 97 48 60 61 81 67 1 
69 8 29 68 27 35 80 9 79 50 77 16 94 54 26 76 5 65 71 78 25 46 3 66 84 90 99 57 52 23 41 88 98 38 19 74 56 37 82 21 49 73 96 87 42 72 4 14 36 93 7 92 34 53 17 13 59 69 2 32 97 48 60 61 81 67 1 
70 8 29 68 27 35 80 9 79 50 77 16 94 54 26 76 5 65 71 78 25 46 3 66 84 90 99 57 52 23 41 88 98 38 19 74 56 37 82 21 49 73 96 87 42 72 4 14 36 93 7 92 34 53 17 13 59 69 2 32 97 48 60 61 81 67 1 
71 8 29 68 27 35 80 9 79 50 77 16 94 54 26 76 5 65 71 78 25 46 3 66 84 90 99 57 52 23 41 88 98 38 19 74 56 37 82 21 49 73 96 87 42 72 4 14 36 93 92 34 53 17 13 59 69 2 32 97 48 60 61 81 67 1 
72 8 29 68 27 35 80 9 79 50 77 16 94 54 26 76 5 65 71 78 25 46 3 66 84 90 99 57 52 23 41 88 98 38 19 74 56 37 82 21 49 73 96 87 42 72 4 14 36 93 7 92 34 53 17 13 59 69 2 32 97 48 60 61 81 67 1 
73 8 29 68 27 35 80 9 79 50 77 16 94 54 26 76 5 65 71 78 25 46 3 66 84 90 99 57 52 23 41 88 98 38 19 74 56 37 82 21 49 73 96 87 42 72 4 14 36 93 7 92 34 53 17 13 59 69 2 32 97 48 60 61 81 67 1 
74 8 29 68 80 27 35 9 79 50 77 16 94 54 26 76 5 65 71 78 25 46 3 66 84 90 99 57 52 23 41 88 98 38 19 74 82 56 37 21 49 73 96 87 42 72 4 14 93 36 7 92 34 53 17 13 59 69 2 32 97 48 60 61 81 67 1 
75 8 29 68 80 27 35 9 79 50 77 16 94 54 26 76 5 65 71 78 25 46 3 66 84 90 99 57 52 23 41 88 98 38 19 74 82 56 37 21 49 73 96 87 42 72 4 14 93 36 7 92 34 53 17 13 59 69 2 32 97 48 60 61 81 67 1 
76 8 29 68 80 27 35 9 79 50 77 16 94 54 26 76 5 65 71 78 25 46 3 66 84 90 99 57 52 23 41 88 98 38 19 74 82 56 37 21 49 73 96 87 42 72 4 14 93 36 7 92 34 53 17 13 59 69 2 32 97 48 60 61 81 67 1 
77 8 29 68 80 27 35 9 79 50 77 16 94 54 26 76 5 65 71 78 25 46 3 66 84 90 99 57 52 23 41 88 98 38 19 74 82 56 37 21 49 73 96 87 42 72 4 14 93 36 7 92 34 53 17 13 59 69 2 32 97 48 60 61 81 67 1 
78 8 29 68 80 27 35 9 79 50 77 16 94 54 26 76 5 65 71 78 25 46 3 66 84 90 99 57 52 23 41 88 98 38 19 74 82 56 37 21 49 73 96 87 42 72 4 14 93 36 7 92 34 53 17 13 59 69 2 32 97 48 60 61 81 67 1 
79 8 29 68 80 27 35 9 79 50 77 16 94 54 26 76 5 65 71 78 25 46 3 66 84 90 99 57 52 23 41 88 98 38 19 74 82 56 37 21 49 73 96 87 42 72 4 14 93 36 7 92 34 53 17 13 59 69 2 32 97 48 60 61 81 67 1 
80 8 29 68 27 35 80 9 79 50 77 16 94 54 26 76 5 65 71 78 25 46 3 66 84 90 99 57 52 23 41 88 98 38 19 74 82 56 37 21 49 73 96 87 42 72 4 14 93 36 7 92 34 53 17 13 59 69 2 32 97 48 60 61 81 67 1 
81 8 29 68 80 27 35 9 79 50 77 16 94 54 26 76 5 65 71 78 25 46 3 66 84 90 99 57 52 23 41 88 98 38 19 74 82 56 37 21 49 73 96 87 42 72 4 14 93 36 7 92 34 53 17 13 59 69 2 32 97 48 60 61 81 67 1 
82 8 29 68 80 27 35 9 79 50 77 16 94 54 26 76 5 65 71 78 25 46 3 66 84 90 99 57 52 23 41 88 98 38 19 74 56 37 82 21 49 73 96 87 42 72 4 14 93 36 7 92 34 53 17 13 59 69 2 32 97 48 60 61 81 67 1 
83 8 29 68 80 27 35 9 79 50 77 16 94 54 26 76 5 65 71 78 25 46 3 66 84 90 99 57 52 23 41 88 98 38 19 74 82 56 37 21 49 73 96 87 42 72 4 14 93 36 7 92 34 53 17 13 59 69 2 32 97 48 60 61 81 67 1 
84 8 29 68 80 27 35 9 79 50 77 16 94 54 26 76 5 65 71 78 25 46 3 66 84 90 99 57 52 23 41 88 98 38 19 74 82 56 37 21 49 73 96 87 42 72 4 14 93 36 7 92 34 53 17 13 59 69 2 32 97 48 60 61 81 67 1 
85 8 29 68 80 27 35 9 79 50 77 16 94 54 26 76 5 65 71 78 25 46 3 66 84 90 99 57 52 23 41 88 98 38 19 74 82 56 37 21 49 73 96 87 42 72 4 14 93 36 7 92 34 53 17 13 59 69 2 32 97 48 60 61 81 67 1 
86 8 29 68 80 27 35 9 79 50 77 16 94 54 26 76 5 65 71 78 25 46 3 66 84 90 99 57 52 23 41 88 98 38 19 74 82 56 37 21 49 73 96 87 42 72 4 14 93 36 7 92 34 53 17 13 59 69 2 32 97 48 60 61 81 67 1 
87 8 29 68 80 27 35 9 79 50 77 16 94 54 26 76 5 65 71 78 25 46 3 66 84 90 99 57 52 23 41 88 98 38 19 74 82 56 37 21 49 73 96 87 42 72 4 14 93 36 7 92 34 53 17 13 59 69 2 32 97 48 60 61 81 67 1 
88 8 29 68 80 27 35 9 79 50 77 16 94 54 26 76 5 65 71 78 25 46 3 66 84 90 99 57 52 23 41 98 88 38 19 74 82 56 37 21 49 73 96 87 42 72 4 14 93 36 7 92 34 53 17 13 59 69 2 32 97 48 60 61 81 67 1 
89 8 29 68 80 27 35 9 79 50 77 16 94 54 26 76 5 65 71 78 25 46 3 66 84 90 99 57 52 23 41 88 98 38 19 74 82 56 37 21 49 73 96 87 42 72 4 14 93 36 7 92 34 53 17 13 59 69 2 32 97 48 60 61 81 67 1 
90 8 29 68 80 27 35 9 79 50 77 16 94 54 26 76 5 65 71 78 25 46 3 66 84 90 99 57 52 23 41 88 98 38 19 74 82 56 37 21 49 73 96 87 42 72 4 14 93 36 7 92 34 53 17 13 59 69 2 32 97 48 60 61 81 67 1 
91 8 29 68 80 27 35 9 79 50 77 16 94 54 26 76 5 65 71 78 25 46 3 66 84 90 99 57 52 23 41 88 98 38 19 74 82 56 37 21 49 73 96 87 42 72 4 14 93 36 7 92 34 53 17 13 59 69 2 32 97 48 60 61 81 67 1 
92 8 29 68 80 27 35 9 79 50 77 16 94 54 26 76 5 65 71 78 25 46 3 66 84 90 99 57 52 23 41 88 98 38 19 74 82 56 37 21 49 73 96 87 42 72 4 14 93 36 7 92 34 53 17 13 59 69 2 32 97 48 60 61 81 67 1 
93 8 29 68 80 27 35 9 79 50 77 16 94 54 26 76 5 65 71 78 25 46 3 66 84 90 99 57 52 23 41 88 98 38 19 74 82 56 37 21 49 73 96 87 42 72 4 14 36 93 7 92 34 53 17 13 59 69 2 32 97 48 60 61 81 67 1 
94 8 29 68 80 27 35 9 79 50 77 16 94 54 26 76 5 65 71 78 25 46 3 66 84 90 99 57 52 23 41 88 98 19 74 82 56 37 21 49 73 96 87 42 72 4 14 93 36 7 92 34 53 13 59 69 2 32 97 48 60 61 81 67 1 
95 8 29 68 80 27 35 9 79 50 77 16 94 54 26 76 5 65 71 78 25 46 3 66 84 90 99 57 52 23 41 88 98 19 74 82 56 37 21 49 73 96 87 42 72 4 14 93 36 7 92 34 53 13 59 69 2 32 97 48 60 61 81 67 1 
96 8 29 68 80 27 35 9 79 50 77 16 94 54 26 76 5 65 71 78 25 46 3 66 84 90 99 57 52 23 41 88 98 19 74 82 56 37 21 49 73 96 87 42 72 4 14 93 36 7 92 34 53 13 59 69 2 32 97 48 60 61 81 67 1 
97 8 29 68 80 27 35 9 79 50 77 16 94 54 26 76 5 65 71 78 25 46 3 66 84 90 99 57 52 23 41 88 98 19 74 82 56 37 21 49 73 96 87 42 72 4 14 93 36 7 92 34 53 13 59 69 2 32 97 48 60 61 81 67 1 
98 8 29 68 80 27 35 9 79 50 77 16 94 54 26 76 5 65 71 78 25 46 3 66 84 90 99 57 52 23 41 88 98 19 74 82 56 37 21 49 73 96 87 42 72 4 14 93 36 7 92 34 53 13 59 69 2 32 97 48 60 61 81 67 1 
99 8 29 68 80 27 35 9 79 50 77 16 94 54 26 76 5 65 71 78 25 46 3 66 84 90 99 57 52 23 41 88 98 19 74 82 56 37 21 49 73 96 87 42 72 4 14 93 36 7 92 34 53 13 59 69 2 32 97 48 60 61 81 67 1 
100 8 29 68 80 27 35 9 79 50 77 16 94 54 26 76 5 65 71 78 25 46 3 66 84 90 99 57 52 23 41 88 98 19 74 82 56 37 21 49 73 96 87 42 72 4 14 93 36 7 92 34 53 13 59 69 2 32 97 48 60 61 81 67 1 
101 8 29 68 80 27 35 9 79 50 77 16 94 54 26 76 5 65 71 78 25 46 3 66 84 90 99 57 52 23 41 88 98 19 74 82 56 37 21 49 73 96 87 42 72 4 14 93 36 7 92 34 53 13 59 69 2 32 97 48 60 61 81 67 1 
102 8 29 68 80 27 35 9 79 50 77 16 94 54 26 76 5 65 71 78 25 46 3 66 84 90 99 57 52 23 41 88 98 38 19 74 82 56 37 21 49 73 96 87 42 72 4 14 93 36 7 92 34 53 17 13 59 69 2 32 97 48 60 61 81 67 1 
103 8 29 68 80 27 35 9 79 50 77 16 94 54 26 76 5 65 71 78 25 46 3 66 84 90 99 57 52 23 41 88 98 38 19 74 82 56 37 21 49 73 96 87 42 72 4 14 93 36 7 92 34 53 17 13 59 69 2 32 97 48 60 61 81 67 1 
104 8 29 68 27 35 80 9 79 50 77 16 45 94 54 26 76 5 65 71 28 78 25 46 3 66 84 90 99 57 52 23 41 12 88 98 38 19 74 37 56 82 21 49 73 96 87 42 72 4 14 24 36 93 7 92 34 53 17 13 59 69 2 32 97 48 60 61 81 67 1 
105 8 29 105 68 27 35 80 9 79 50 77 16 45 94 54 26 76 5 65 71 28 78 25 46 3 66 84 90 99 57 52 23 41 12 88 98 38 19 74 37 56 82 21 49 73 96 87 42 72 4 14 24 36 93 7 92 34 53 17 13 59 69 2 32 97 48 60 61 81 67 1 
106 8 105 29 68 27 35 80 9 79 50 77 16 45 94 54 26 76 5 65 71 28 78 25 46 3 66 84 90 99 57 52 23 41 12 88 98 38 19 74 37 56 82 21 49 73 96 87 42 72 4 14 24 36 93 7 92 34 53 17 13 59 69 2 32 97 48 60 61 81 67 1 
107 8 105 29 68 27 35 80 9 79 50 77 16 45 94 54 26 76 5 65 71 28 78 25 46 3 66 84 90 99 57 52 23 41 12 88 98 38 19 74 37 56 82 21 49 73 96 87 42 72 4 14 24 36 93 7 92 34 53 17 13 59 69 2 32 97 48 60 61 81 67 1 
108 8 105 29 68 27 35 80 9 79 50 77 16 45 94 54 26 76 5 65 71 28 78 25 46 3 66 84 90 99 57 52 23 41 12 88 98 38 19 74 37 56 82 21 49 73 96 87 42 72 4 14 24 36 93 7 92 34 53 17 13 59 69 2 32 97 48 60 61 81 67 1 
109 8 29 68 27 35 80 9 79 50 77 16 45 94 54 26 76 5 65 71 28 78 25 46 3 66 84 90 99 57 52 23 109 41 12 88 98 38 19 74 37 56 82 21 49 73 96 87 42 72 4 14 24 36 93 7 92 34 53 17 13 59 69 2 32 97 48 60 61 81 67 1 
110 8 29 68 27 35 80 9 79 50 77 16 45 94 54 26 76 5 65 71 28 78 25 46 3 66 84 90 99 57 52 23 109 41 12 88 98 38 19 74 37 56 82 21 49 73 96 87 42 72 4 14 24 36 93 7 92 34 53 17 13 59 69 2 32 97 48 60 61 81 67 1 
111 8 29 68 27 35 80 9 111 79 50 77 16 45 94 54 26 76 5 65 71 28 78 25 46 3 66 84 90 99 57 52 23 109 41 12 88 98 38 19 74 37 56 82 21 49 73 96 87 42 72 4 14 24 36 93 7 92 34 53 17 13 59 69 2 32 97 48 60 61 81 67 1 
112 8 29 68 27 35 80 9 111 79 50 77 16 45 94 54 26 76 5 65 71 28 78 25 46 3 66 84 90 99 57 52 23 109 41 12 88 98 38 19 74 37 56 82 21 49 73 96 87 42 72 4 14 24 36 93 7 92 34 53 17 13 59 69 2 32 97 48 60 61 81 67 1 
113 8 29 68 27 35 80 9 111 79 50 77 16 45 94 54 26 76 5 65 71 28 78 25 46 3 66 84 90 99 57 52 23 109 41 12 88 98 38 19 74 37 56 82 21 49 73 96 87 42 72 4 14 24 36 93 7 92 34 53 17 13 59 69 2 32 97 48 60 61 81 67 1 
