1 1 
2 1 2 
3 1 3 2 
4 1 4 3 2 
5 1 4 3 2 
6 1 4 3 2 6 
7 53 58 48 24 31 33 37 67 12 17 18 4 8 69 55 52 51 11 59 61 6 66 30 38 68 25 41 19 3 26 50 27 32 15 16 7 1 10 65 34 2 56 
8 53 58 48 24 31 33 37 67 12 17 18 4 8 69 55 52 51 11 59 61 66 30 38 68 25 41 19 3 26 50 27 32 15 16 7 1 10 65 34 2 56 
9 53 58 48 24 31 33 37 67 12 17 18 4 8 69 55 52 51 11 59 61 66 30 38 68 25 41 19 3 26 50 27 32 15 16 7 1 10 65 34 2 56 
10 53 58 48 24 31 33 37 67 12 17 18 4 8 69 55 52 51 11 59 61 66 30 38 68 25 41 19 3 26 50 27 32 15 16 7 1 65 10 34 2 56 
11 53 58 48 24 31 33 37 67 12 17 18 4 8 69 55 52 51 59 61 11 66 30 38 68 25 41 19 3 26 50 27 32 15 16 7 1 10 65 34 2 56 
12 53 58 48 24 31 33 37 67 17 18 12 4 8 69 55 52 51 11 59 61 66 30 38 68 25 41 19 3 26 50 27 32 15 16 7 1 10 65 34 2 56 
13 53 58 48 24 31 33 67 12 17 18 4 8 69 55 52 51 11 59 61 66 30 38 68 25 13 41 19 3 26 50 27 32 15 16 7 1 10 65 34 2 56 
14 53 58 48 24 31 33 67 12 17 18 4 8 22 69 55 52 51 11 59 61 66 30 38 68 25 13 19 41 3 26 50 27 15 32 16 7 1 10 65 34 2 56 
15 53 58 48 24 31 33 67 12 17 18 4 8 22 69 55 52 51 11 59 61 66 30 38 68 25 13 19 41 3 26 50 27 32 15 16 7 1 10 65 34 2 56 
16 53 58 48 24 31 33 67 12 17 18 4 8 22 69 55 52 51 11 59 61 66 30 38 68 25 13 19 41 3 26 50 27 15 32 16 7 1 10 65 34 2 56 
17 53 58 48 24 31 33 67 12 18 17 4 8 22 69 55 52 51 11 59 61 66 30 38 68 25 13 19 41 3 26 50 27 15 32 16 7 1 10 65 34 2 56 
18 53 58 48 24 31 33 67 12 17 18 4 8 22 69 55 52 51 11 59 61 66 30 38 68 25 13 19 41 3 26 50 27 15 32 16 7 1 10 65 34 2 56 
19 53 58 48 24 31 33 67 12 17 18 4 8 22 69 55 52 51 11 59 61 66 30 38 68 25 13 41 19 3 26 50 27 15 32 16 7 1 10 65 34 2 56 
20 53 58 48 24 31 33 67 12 17 18 4 8 22 69 55 52 51 11 59 61 66 30 38 68 25 13 19 41 3 26 50 27 15 32 16 7 1 10 65 34 2 56 
21 53 58 48 24 31 33 67 12 17 18 4 8 22 69 55 52 51 11 59 61 66 30 38 68 25 13 19 41 3 26 50 27 15 32 16 7 1 10 65 34 2 56 
22 53 58 48 24 31 33 67 12 17 18 4 8 69 55 22 52 51 11 59 61 66 30 38 68 25 19 41 3 26 50 27 15 32 16 7 1 10 65 34 2 56 
23 53 58 48 24 31 33 67 12 17 18 4 8 22 69 55 52 51 11 59 61 66 30 38 68 25 19 41 3 26 50 27 15 32 16 7 1 10 65 34 2 56 
24 53 58 48 31 24 33 67 12 17 18 4 8 22 69 55 52 51 11 59 61 66 30 38 68 25 13 19 41 3 26 50 27 15 32 16 7 1 10 65 34 2 56 
25 53 58 48 24 31 33 67 12 17 18 4 8 22 69 55 52 51 11 59 61 66 30 38 68 25 13 19 41 3 26 50 27 15 32 16 7 1 10 65 34 2 56 
26 53 58 48 24 31 33 67 12 17 18 4 8 22 69 55 52 51 11 59 61 66 30 38 68 25 13 19 41 3 50 26 27 15 32 16 7 1 10 65 34 2 56 
27 53 58 48 24 31 33 67 12 17 18 4 8 22 69 55 52 51 11 59 61 66 30 38 68 25 13 19 41 3 26 50 27 15 32 16 7 1 10 65 34 2 56 
28 53 58 48 24 31 33 67 12 17 18 4 8 22 69 55 52 51 11 59 61 66 30 38 68 25 13 19 41 3 26 50 27 15 32 16 7 1 10 65 34 2 56 
29 53 58 48 24 31 33 67 12 17 18 4 8 22 69 55 52 51 11 59 61 66 30 38 68 25 13 19 41 3 26 50 27 15 32 16 7 1 10 65 34 2 56 
30 53 58 48 24 31 33 67 12 17 18 4 8 22 69 55 52 51 11 59 61 66 30 38 68 25 13 19 41 3 26 50 27 15 32 16 7 1 10 65 34 2 56 
31 53 58 48 24 31 33 67 12 17 18 4 8 22 69 55 52 51 11 59 61 66 30 38 68 25 13 19 41 3 26 50 27 15 32 16 7 1 10 65 34 2 56 
32 53 58 48 24 31 33 67 12 17 18 4 8 22 69 55 52 51 11 59 61 66 30 38 68 25 13 19 41 3 26 50 27 15 32 16 7 1 10 65 34 2 56 
33 53 58 48 24 31 33 67 12 17 18 4 8 22 69 55 52 51 11 59 61 66 30 38 68 25 13 19 41 3 26 50 27 32 15 16 7 1 10 65 34 2 56 
34 53 58 48 24 31 33 67 12 17 18 4 8 22 69 55 52 51 11 59 61 66 30 38 68 25 13 19 41 3 26 50 27 32 15 16 7 1 10 65 34 2 56 
35 53 58 48 24 31 33 67 12 17 18 4 8 22 69 55 52 51 11 59 61 66 30 38 68 25 13 19 41 3 26 50 27 32 15 16 7 1 10 65 34 2 56 
36 53 58 48 24 31 33 67 12 17 18 4 8 22 69 55 52 51 11 59 61 66 30 38 68 25 13 19 41 3 26 50 27 32 15 16 7 1 10 65 34 2 56 
37 53 58 48 24 31 33 67 37 12 17 18 4 8 69 55 52 51 11 59 61 66 30 38 68 25 19 41 3 26 50 27 32 15 16 7 1 10 65 34 2 56 
38 53 58 48 24 31 33 37 67 12 17 18 4 8 69 55 52 51 11 59 61 66 30 68 38 25 19 41 3 26 50 27 32 15 16 7 1 10 65 34 2 56 
39 53 58 48 24 31 33 37 67 12 17 18 4 8 69 55 52 51 11 59 61 30 38 68 25 39 19 41 3 26 50 27 32 15 16 7 1 10 65 34 2 56 
40 53 58 48 24 31 33 37 67 12 17 18 4 8 44 69 55 52 51 11 59 61 30 38 68 25 39 41 19 3 26 50 27 32 15 16 7 1 10 65 34 2 56 
41 53 58 48 24 31 33 37 67 12 17 18 4 8 44 69 55 52 51 11 59 61 30 38 68 25 39 19 41 3 26 50 27 32 15 16 7 1 10 65 34 2 56 
42 53 58 48 24 31 33 37 67 12 17 18 4 8 44 69 55 52 51 11 59 61 30 38 68 25 39 41 19 3 26 50 27 32 15 16 7 1 10 65 34 2 56 
43 53 58 48 24 31 33 37 67 12 17 18 4 8 44 69 55 52 51 11 59 61 30 38 68 25 39 41 19 3 26 50 27 32 15 16 7 1 10 65 34 2 56 
44 53 58 48 24 31 33 37 67 12 17 18 4 8 69 55 44 52 51 11 59 61 30 38 68 25 41 19 3 26 50 27 32 15 16 7 1 10 65 34 2 56 
45 53 58 48 24 31 33 37 67 12 17 18 4 8 44 69 55 52 51 11 59 61 30 38 68 25 41 19 3 26 50 27 32 15 16 7 1 10 65 34 2 56 
46 53 58 48 24 31 33 37 67 12 17 18 4 8 69 55 52 51 11 59 61 30 38 68 25 41 19 3 26 50 46 27 32 15 16 7 1 10 65 34 2 56 
47 63 53 58 48 24 31 33 37 67 12 17 18 4 8 69 55 52 51 11 59 61 30 38 68 25 41 19 3 26 50 46 27 32 15 16 7 1 10 65 34 2 56 
48 63 53 58 48 24 31 33 37 67 12 17 18 4 8 69 55 52 51 11 59 30 38 68 25 41 19 3 26 50 46 27 32 15 16 7 1 10 65 34 2 56 
49 53 58 63 48 24 31 33 37 67 12 17 18 4 8 55 69 52 51 11 59 61 30 38 68 25 41 19 3 26 50 46 27 32 15 16 7 1 10 65 34 2 56 
50 53 58 63 48 24 31 33 37 67 12 17 18 4 8 55 69 52 51 11 59 61 30 38 68 25 41 19 3 26 50 46 27 32 15 16 7 1 10 65 34 2 56 
51 53 58 63 48 24 31 33 37 67 12 17 18 4 8 55 69 52 51 11 59 61 30 38 68 25 41 19 3 26 50 46 27 32 15 16 7 1 10 65 34 2 56 
52 53 58 63 48 24 31 33 37 67 12 17 18 4 8 55 69 52 51 11 59 61 30 38 68 25 41 19 3 26 50 46 27 32 15 16 7 1 10 65 34 2 56 
53 58 63 53 48 24 31 33 37 67 12 17 18 4 8 55 69 52 51 11 59 61 30 38 68 25 41 19 3 26 50 46 27 32 15 16 7 1 10 65 34 2 56 
54 53 58 63 48 24 31 33 37 67 12 17 18 4 8 55 69 52 51 11 59 61 30 38 68 25 41 19 3 26 50 46 27 32 15 16 7 1 10 65 34 2 56 
55 53 58 63 48 24 31 33 37 67 12 17 18 4 8 69 55 52 51 11 59 61 30 38 68 25 41 19 3 26 50 46 27 32 15 16 7 1 10 65 34 2 56 
56 53 58 63 48 24 31 33 37 67 12 17 18 4 8 55 69 52 51 11 59 61 30 38 68 25 41 19 3 26 50 46 27 32 15 16 7 1 10 65 34 2 56 
57 53 58 63 48 24 31 33 37 67 12 17 18 4 8 55 69 52 51 11 59 61 30 38 68 25 41 19 3 26 50 46 27 32 15 16 7 1 10 65 34 2 56 
58 53 63 58 48 24 31 33 37 67 12 17 18 4 8 55 69 52 51 11 59 61 30 38 68 25 41 19 3 26 50 46 27 32 15 16 7 1 10 65 34 2 56 
59 53 58 63 48 24 31 33 37 67 12 17 18 4 8 55 69 52 51 11 61 59 30 38 68 25 41 19 3 26 50 46 27 32 15 16 7 1 10 65 34 2 56 
60 53 58 63 48 24 31 33 37 67 12 17 18 4 8 55 69 52 51 11 59 61 30 38 68 25 41 19 3 26 50 46 27 32 15 16 7 1 10 65 34 2 56 
61 53 58 63 24 31 33 37 67 12 17 18 4 8 55 69 52 51 11 59 61 30 38 68 25 41 19 3 26 50 46 27 32 15 16 7 1 10 65 34 2 56 
62 53 58 63 24 31 33 37 67 12 17 18 4 8 55 69 52 51 11 59 61 30 38 68 25 41 19 3 26 50 46 27 32 15 16 7 1 10 65 34 2 56 
63 53 58 63 48 24 31 33 37 67 12 17 18 4 8 55 69 52 51 11 59 61 30 38 68 25 41 19 3 26 50 27 32 15 16 7 1 10 65 34 2 56 
64 63 53 58 48 24 31 33 37 67 12 17 18 4 8 55 69 52 51 11 59 61 30 38 68 25 41 19 3 26 50 27 32 15 16 7 1 10 65 34 2 56 
65 63 53 58 48 24 31 33 37 67 12 17 18 4 8 69 55 52 51 11 59 61 30 38 68 25 41 19 3 26 50 46 27 32 15 16 7 1 10 65 34 2 56 
66 53 58 48 24 31 33 37 67 12 17 18 4 8 69 55 52 51 11 59 61 66 30 38 68 25 41 19 3 26 50 27 32 15 16 7 1 10 65 34 2 56 
67 53 58 48 24 31 33 37 67 12 17 18 4 8 69 55 52 51 11 59 61 66 30 38 68 25 41 19 3 26 50 27 32 15 16 7 1 10 65 34 2 56 
68 53 58 48 24 31 33 37 67 12 17 18 4 8 69 55 52 51 11 59 61 66 30 38 68 25 41 19 3 26 50 27 32 15 16 7 1 10 65 34 2 56 
69 53 58 48 24 31 33 37 67 12 17 18 4 8 55 69 52 51 11 59 61 66 30 38 68 25 41 19 3 26 50 27 32 15 16 7 1 10 65 34 2 56 
70 53 58 48 24 31 33 37 67 12 17 18 4 8 69 55 52 51 11 59 61 66 30 38 68 25 41 19 3 26 50 27 32 15 16 7 1 10 65 34 2 56 
71 53 58 48 24 31 33 37 67 12 17 18 4 8 69 55 52 51 11 59 61 66 30 38 68 25 41 19 3 26 50 27 32 15 16 7 1 10 65 34 2 56 
72 53 58 48 24 31 33 37 67 12 17 18 4 8 69 55 52 51 11 59 61 66 30 38 68 25 41 19 3 26 50 27 32 15 16 7 1 10 65 34 2 56 
