1 1 
2 2 
3 3 
4 4 
6 5 
7 6 
8 7 
9 8 
11 9 
12 10 
14 11 
15 12 
17 13 
18 7 
19 8 
21 8 
22 14 
23 15 
24 16 
26 17 
27 18 
28 19 
30 16 
32 20 
34 21 
36 22 
37 23 
39 24 
40 25 
41 26 
42 27 
43 28 
44 29 
46 30 
49 24 
50 25 
53 24 
54 25 
55 31 
57 32 
58 33 
60 34 
61 35 
62 36 
64 37 
65 38 
67 38 
68 39 
69 40 
70 41 
71 42 
73 43 
74 44 
75 45 
77 45 
78 46 
79 47 
80 48 
81 49 
82 50 
83 51 
84 52 
85 53 
87 54 
88 55 
89 56 
90 57 
91 58 
92 59 
93 60 
94 61 
95 62 
96 63 
97 64 
99 65 
100 66 
101 67 
102 68 
104 69 
105 70 
108 71 
109 72 
111 73 
112 74 
114 56 
115 57 
117 57 
119 75 
120 76 
121 77 
122 78 
123 79 
124 80 
126 81 
127 82 
128 83 
129 84 
130 85 
131 32 
133 32 
134 33 
136 86 
138 87 
140 88 
143 89 
144 90 
146 28 
