1 1 
2 1 2 
3 1 2 3 
4 1 4 2 3 
5 5 1 4 2 3 
6 5 1 4 2 3 
7 17 12 7 2 8 19 25 30 15 16 5 28 1 11 14 21 24 4 27 20 3 
8 17 7 12 2 19 25 8 30 15 16 5 28 1 11 14 21 24 4 27 20 3 
9 17 7 12 2 8 19 25 30 15 16 5 28 1 11 14 21 24 4 27 20 3 
10 17 7 12 2 8 19 25 30 15 16 5 28 1 11 14 21 24 4 27 20 3 
11 17 7 12 2 8 19 25 30 15 16 5 28 1 14 21 11 24 4 27 20 3 
12 17 7 12 2 8 19 25 30 15 16 5 28 1 11 14 21 24 4 27 20 3 
13 17 7 12 2 8 19 25 30 15 16 5 28 1 11 14 21 24 4 27 20 3 
14 17 7 12 2 8 19 25 30 15 16 5 28 1 11 21 14 24 4 27 20 3 
15 17 7 12 2 8 19 25 30 16 15 5 28 1 11 14 21 24 4 27 20 3 
16 17 7 12 2 8 19 25 30 15 16 5 28 1 11 14 21 24 4 27 20 3 
17 17 7 12 2 8 19 25 30 15 16 5 28 1 11 14 21 24 4 27 20 3 
18 17 7 12 2 8 19 25 30 15 16 5 28 1 11 14 21 24 4 27 20 3 
19 17 7 12 2 8 25 19 30 15 16 5 28 1 11 14 21 24 4 27 20 3 
20 17 7 12 2 8 19 25 30 15 16 5 28 1 11 14 21 24 4 27 20 3 
21 17 7 12 2 8 19 25 30 15 16 5 28 1 11 14 21 24 4 27 20 3 
22 17 7 12 2 8 19 25 30 15 16 5 28 1 11 14 21 24 4 27 20 3 
23 17 7 12 2 8 19 25 30 15 16 5 28 1 11 14 21 24 4 27 20 3 
24 17 7 12 2 8 19 25 30 15 16 5 28 1 11 14 21 24 4 27 20 3 
25 17 7 12 2 8 19 25 30 15 16 5 28 1 11 14 21 24 4 27 20 3 
26 17 7 12 2 8 25 19 30 15 16 5 28 1 11 14 21 24 4 27 20 3 
27 17 7 12 2 8 19 25 30 15 16 5 28 1 11 14 21 24 27 20 3 
28 17 7 12 2 8 19 25 15 16 28 1 11 14 21 24 27 20 3 
29 17 7 12 2 8 19 25 15 16 28 1 11 14 21 24 27 20 3 
30 17 7 12 2 8 19 25 30 15 16 1 11 14 21 24 4 27 20 3 
31 17 7 12 2 8 19 25 30 15 16 1 11 14 21 24 4 27 20 3 
32 17 7 12 2 8 19 25 30 15 16 5 28 1 11 14 21 24 4 27 20 3 
