1 1 
2 2 1 
3 3 2 1 
4 4 3 2 1 
5 4 3 2 1 
6 27 4 22 24 9 3 15 26 10 33 18 19 30 13 16 7 2 1 
7 27 4 22 24 9 3 15 26 10 33 18 19 30 13 16 7 2 1 
8 27 4 22 24 9 3 15 26 10 33 18 19 30 13 16 7 2 1 
9 27 4 22 24 9 3 15 26 10 33 18 19 30 13 16 7 2 1 
10 27 4 22 24 9 3 15 26 10 33 18 19 30 13 16 7 2 1 
11 27 4 22 24 9 3 15 26 10 33 18 19 30 13 16 7 2 1 
12 27 4 22 24 9 3 15 26 10 33 18 19 30 13 16 7 2 1 
13 27 4 22 24 9 3 15 26 10 33 18 19 30 13 16 7 2 1 
14 27 4 22 24 9 3 15 26 10 33 18 19 30 13 16 7 2 1 
15 27 4 22 24 9 3 26 15 10 33 18 19 30 13 16 7 2 1 
16 27 4 22 24 9 3 15 26 10 33 18 19 30 13 16 7 2 1 
17 27 4 22 24 9 3 15 26 10 33 18 19 30 13 16 7 2 1 
18 27 4 22 24 9 3 15 26 10 33 18 19 30 13 16 7 2 1 
19 27 4 22 24 9 3 15 26 10 33 18 19 30 13 16 7 2 1 
20 27 4 22 24 9 3 15 26 10 33 18 19 30 13 16 7 2 1 
21 27 4 22 24 9 3 15 26 10 33 18 19 30 13 16 7 2 1 
22 27 4 22 24 9 3 15 26 10 33 18 19 30 13 16 7 2 1 
23 27 4 22 24 9 3 15 26 10 33 18 19 30 13 16 7 2 1 
24 27 4 22 24 9 3 15 26 10 33 18 19 30 13 16 7 2 1 
25 27 4 22 24 9 3 15 26 10 33 18 19 30 13 16 7 2 1 
26 27 4 22 24 9 3 15 26 10 33 18 19 30 13 16 7 2 1 
27 27 4 22 24 9 3 15 26 10 33 18 19 30 13 16 7 2 1 
28 27 4 22 24 9 3 15 26 10 33 18 19 30 13 16 7 2 1 
29 27 4 22 24 9 3 15 26 10 33 18 19 30 13 16 7 2 1 
30 27 4 22 24 9 3 15 26 10 33 18 19 30 13 16 7 2 1 
31 27 4 22 24 9 3 15 26 10 33 18 19 30 13 16 7 2 1 
32 27 4 22 24 9 3 15 26 10 32 18 19 30 13 16 7 1 
33 27 4 22 24 9 3 15 26 10 33 18 19 30 13 16 7 1 
34 27 4 22 24 9 3 15 26 10 33 18 19 30 13 16 7 1 
35 27 4 22 24 9 3 15 26 10 33 18 19 30 13 16 35 7 2 1 
36 27 4 22 36 24 9 3 15 26 10 33 18 19 30 13 35 16 7 2 1 
37 27 4 22 36 24 9 3 15 26 10 33 18 19 37 30 13 35 16 7 2 1 
38 27 4 22 36 24 9 3 15 26 10 33 18 37 19 30 13 35 16 7 2 38 1 
39 43 36 24 9 3 42 10 18 37 19 35 16 2 38 1 39 27 4 22 15 26 33 41 30 13 45 7 
40 43 36 24 9 3 42 10 18 37 19 35 16 2 38 1 39 27 4 22 15 26 33 41 30 13 45 7 
41 43 36 24 9 3 42 10 18 37 19 35 16 2 38 1 39 27 4 22 15 26 33 41 30 13 45 7 
42 43 36 24 9 3 10 42 18 37 19 35 16 2 38 1 39 27 4 22 15 26 33 41 30 13 45 7 
43 43 36 24 9 3 42 10 18 37 19 35 16 2 38 1 39 27 4 22 15 26 33 41 30 13 45 7 
44 43 36 24 9 3 42 10 18 37 19 35 16 2 38 1 39 27 4 22 15 26 33 41 30 13 45 7 
45 43 36 24 9 3 42 10 18 19 35 16 2 38 1 39 27 4 22 15 26 33 41 30 13 45 7 
46 43 36 24 9 3 42 10 18 19 35 16 2 38 1 39 27 4 22 15 26 33 41 30 13 45 7 
47 43 36 24 9 3 42 10 18 37 19 35 16 2 38 1 39 27 4 22 15 26 33 41 30 13 45 7 
