1 1 
2 1 2 
3 1 2 3 
4 1 2 3 4 
5 5 1 2 3 4 
6 5 1 6 2 3 4 
7 5 7 1 6 2 3 4 
8 5 7 1 6 2 3 8 4 
9 5 7 1 6 2 3 8 4 9 
10 5 7 1 6 2 10 3 8 4 9 
11 5 7 1 6 2 10 3 8 11 4 9 
12 5 7 1 6 2 10 3 8 11 4 9 
13 5 7 1 6 2 10 3 13 8 11 4 9 
14 5 7 1 6 2 10 3 13 8 11 4 9 
15 5 7 1 6 2 10 15 3 8 11 4 9 
16 5 10 3 11 4 9 7 1 6 2 15 13 8 
17 5 17 10 3 11 4 9 7 1 6 2 15 13 8 
18 5 18 17 10 3 11 9 7 1 6 2 15 13 8 
19 18 17 10 3 11 9 7 1 6 2 15 19 13 8 
20 5 18 17 10 3 11 4 9 7 1 6 2 15 19 13 20 8 
21 5 18 17 10 3 11 4 9 7 1 6 2 15 19 13 20 8 
22 5 18 17 10 22 3 11 4 9 7 1 6 2 15 19 13 20 8 
23 5 18 17 10 22 3 11 4 9 7 1 6 2 15 19 23 13 20 8 
24 5 18 17 10 22 3 11 4 9 7 1 6 24 2 15 19 23 13 20 8 
25 5 18 17 10 22 3 11 4 9 7 1 6 24 2 15 19 23 13 20 8 
26 5 18 17 10 22 3 11 4 9 7 1 6 24 2 15 19 23 13 20 8 
