128 81 
1 1 
129 82 
2 2 
130 83 
3 3 
4 4 
132 84 
5 5 
133 85 
134 86 
7 6 
136 87 
9 7 
137 88 
11 8 
13 9 
14 10 
16 11 
17 12 
18 13 
20 14 
21 15 
22 16 
23 17 
24 18 
25 19 
27 20 
28 21 
29 22 
33 23 
35 24 
37 14 
39 25 
40 16 
44 26 
45 27 
46 28 
49 29 
50 30 
51 31 
53 32 
54 21 
55 33 
57 34 
58 35 
59 36 
61 14 
63 37 
64 38 
65 39 
67 40 
68 21 
74 41 
75 42 
76 43 
77 44 
79 45 
81 46 
82 47 
83 48 
84 49 
86 50 
87 51 
88 52 
89 53 
91 54 
92 55 
93 56 
94 57 
95 58 
96 59 
97 60 
98 61 
100 62 
102 63 
103 59 
105 64 
108 65 
109 66 
110 67 
111 68 
112 69 
114 70 
115 71 
116 72 
117 73 
118 74 
120 75 
121 76 
124 77 
125 78 
126 79 
127 80 
