1 1 
2 2 
3 3 
4 4 
5 5 
6 6 
8 7 
9 8 
11 9 
12 10 
14 11 
15 5 
16 6 
18 6 
19 12 
20 13 
21 14 
23 15 
24 16 
25 17 
27 14 
29 18 
31 19 
33 20 
34 21 
36 22 
37 23 
38 24 
39 25 
40 26 
41 27 
43 28 
46 22 
47 23 
50 22 
51 23 
52 29 
54 30 
55 31 
57 32 
58 33 
59 34 
61 35 
62 36 
64 36 
65 37 
66 38 
67 39 
68 40 
70 41 
71 42 
72 43 
74 43 
75 44 
76 45 
77 46 
78 47 
79 48 
80 49 
81 50 
82 51 
84 52 
85 53 
86 54 
87 55 
88 56 
89 57 
90 58 
91 59 
92 60 
93 61 
94 62 
96 63 
97 64 
98 65 
99 66 
101 67 
102 68 
105 69 
106 70 
108 71 
109 72 
111 54 
112 55 
114 55 
116 73 
117 74 
118 75 
119 76 
120 77 
121 78 
123 79 
124 80 
125 81 
126 82 
127 83 
128 30 
130 30 
131 31 
133 84 
135 85 
137 86 
140 87 
141 88 
143 26 
