1 1 
2 1 2 
3 1 2 3 
4 4 1 2 3 
5 4 1 5 2 3 
6 4 1 5 2 3 6 
7 4 1 5 7 2 3 6 
8 16 15 5 7 2 13 6 12 17 4 1 3 10 9 
9 16 15 5 7 2 13 6 12 17 4 1 3 10 9 
10 16 15 5 7 2 13 6 12 17 4 1 3 10 9 
11 16 15 5 7 2 13 6 12 17 4 1 3 10 9 
12 16 15 5 7 2 13 6 12 17 4 1 3 10 9 
13 16 15 5 7 2 13 6 12 17 4 1 3 10 9 
14 16 15 5 7 2 13 6 12 17 4 1 3 10 9 
15 16 15 5 7 2 13 6 12 17 4 1 3 10 9 
16 16 15 5 7 2 13 12 17 4 1 3 10 9 
17 16 15 5 2 13 6 12 17 4 1 3 10 9 
18 16 15 5 2 13 6 12 17 4 1 3 10 9 
19 16 15 5 19 2 13 6 12 4 1 3 10 9 
20 16 15 5 19 2 13 6 12 4 1 20 3 10 9 
21 16 15 21 5 19 2 13 6 12 4 1 20 3 10 9 
22 16 15 21 5 19 2 13 6 12 22 4 1 20 3 10 9 
23 16 26 15 21 5 19 2 13 25 6 12 22 4 1 20 3 24 10 9 28 
24 16 26 15 21 5 19 2 13 25 6 12 22 4 1 20 3 10 24 9 28 
25 16 26 15 21 5 19 2 13 25 6 12 22 4 1 20 3 24 10 9 28 
26 16 26 15 21 5 19 2 13 25 6 12 22 4 1 20 3 24 10 9 28 
27 16 26 15 21 5 19 2 13 25 6 12 22 4 1 20 3 24 10 9 28 
28 16 26 15 21 5 19 2 13 25 6 12 4 1 20 3 24 10 9 28 
29 16 26 15 21 5 19 2 13 25 6 12 4 1 20 3 24 10 9 28 
30 16 26 15 21 5 19 2 13 25 6 12 22 4 1 20 3 24 10 30 9 28 
31 16 26 15 21 5 19 2 13 25 6 12 22 4 1 20 3 24 10 30 9 28 
32 16 26 32 15 21 5 19 2 13 25 6 12 22 4 1 20 3 24 10 30 9 28 
33 16 26 32 15 21 5 19 2 13 25 6 12 22 4 1 20 3 24 10 30 9 28 
34 16 34 26 32 15 21 5 19 2 13 25 6 12 22 4 1 20 3 24 10 30 9 28 
35 34 16 26 32 15 21 5 19 2 13 25 6 12 22 4 1 20 35 3 24 10 30 9 28 
36 34 16 26 32 15 21 5 19 2 13 25 6 12 22 4 1 20 35 3 24 10 30 9 28 
37 16 26 32 15 21 2 6 12 1 20 24 10 34 37 5 19 13 25 22 4 35 3 30 9 28 
38 16 26 32 15 21 2 6 12 1 20 24 10 34 37 38 5 19 13 25 22 4 35 3 30 9 28 
39 16 26 32 15 21 2 6 12 1 20 24 10 34 37 38 5 19 13 25 39 22 4 35 3 30 9 28 
40 16 26 40 32 15 21 2 6 12 1 20 24 10 34 37 38 5 19 13 39 25 22 4 35 3 30 9 28 
41 16 40 26 32 15 21 2 6 12 1 20 24 10 34 37 38 5 19 41 13 39 25 22 4 35 3 30 9 28 
42 55 21 90 133 77 80 101 114 126 53 92 39 25 44 98 88 117 85 128 28 15 130 131 2 104 58 10 71 59 51 72 144 111 22 120 4 143 86 30 9 47 16 102 40 112 32 124 12 76 78 48 63 65 1 146 81 24 67 140 91 69 37 95 68 119 89 19 13 62 60 122 66 93 134 26 96 73 6 56 121 129 100 94 99 20 138 109 34 38 42 5 127 41 79 82 115 75 105 136 123 108 35 87 3 52 83 
43 55 21 90 133 77 80 101 114 126 53 92 39 25 44 98 88 117 85 128 28 15 130 131 2 104 58 10 71 59 51 72 144 111 22 120 4 143 86 30 9 47 16 102 40 112 32 124 12 76 78 48 63 65 1 146 81 24 67 140 91 69 37 95 68 119 89 19 13 62 60 122 66 93 134 26 96 73 6 56 121 129 100 94 99 20 138 109 34 38 42 5 127 41 79 82 115 75 105 136 123 108 35 87 3 52 83 
44 55 21 90 133 77 80 101 114 126 53 92 39 25 44 98 88 117 85 128 28 15 130 131 2 104 58 10 71 59 51 72 144 111 22 120 4 143 86 30 9 47 16 102 40 112 32 124 12 76 78 48 63 65 1 146 81 24 67 140 91 69 37 95 68 119 89 19 13 62 60 122 66 93 134 26 96 73 6 56 121 129 100 94 99 20 138 109 34 38 42 5 127 41 79 82 115 75 105 136 123 108 35 87 3 52 83 
45 55 21 90 133 77 80 101 114 126 53 92 39 25 44 98 88 117 85 128 28 15 130 131 2 104 58 10 71 59 51 72 144 111 22 120 4 143 86 30 9 47 16 102 40 112 32 124 12 76 78 48 63 65 1 146 81 24 67 140 91 69 37 95 68 119 89 19 13 62 60 122 66 93 134 26 96 73 6 56 121 129 100 94 99 20 138 109 34 38 42 5 127 41 79 82 115 75 105 136 123 108 35 87 3 52 83 
46 55 21 90 133 77 80 101 114 126 53 92 39 25 44 98 88 117 85 128 28 15 130 131 2 104 58 10 71 59 51 72 144 111 22 120 4 143 86 30 9 47 16 102 40 112 32 124 12 76 78 48 63 65 1 146 81 24 67 140 91 69 37 95 68 119 89 19 13 62 60 122 66 93 134 26 96 73 6 56 121 129 100 94 99 20 138 109 34 38 42 5 127 41 79 82 115 75 105 136 123 108 35 87 3 52 83 
47 55 21 90 133 77 80 101 114 126 53 92 39 25 44 98 88 117 85 128 28 15 130 131 2 104 58 10 71 59 72 144 111 22 120 4 143 86 30 9 16 102 47 40 112 32 124 12 76 78 48 63 65 1 146 81 24 67 140 91 69 95 68 119 89 19 13 62 60 122 66 93 134 26 96 73 6 56 121 129 100 94 99 20 138 109 34 38 42 5 127 41 79 82 115 75 105 136 123 108 35 87 3 52 83 
48 55 21 90 133 77 80 101 114 126 53 92 39 25 44 98 88 117 85 128 28 15 130 131 2 104 58 10 71 59 72 144 111 22 120 4 143 86 30 9 47 16 102 40 112 32 124 12 76 78 48 63 65 1 146 81 24 67 140 91 69 95 68 119 89 19 13 62 60 122 66 93 134 26 96 73 6 56 121 129 100 94 99 20 138 109 34 42 5 127 41 79 82 115 75 105 136 123 108 35 87 3 83 
49 55 21 90 133 77 80 101 114 126 53 92 39 25 44 98 88 117 85 128 28 15 130 131 2 104 58 10 71 59 72 144 111 22 120 4 143 86 30 9 47 16 102 40 112 32 124 12 76 78 48 63 65 1 146 81 24 67 140 91 69 95 68 119 89 19 13 62 60 122 66 93 134 26 96 73 6 56 121 129 100 94 99 20 138 109 34 42 5 127 41 79 82 115 75 105 136 123 108 35 87 3 83 
50 55 21 90 133 77 80 101 114 126 53 92 39 25 44 98 88 117 85 128 28 15 130 131 2 104 58 10 71 59 72 144 111 22 120 4 143 86 30 9 47 16 102 40 112 32 124 12 76 78 48 63 65 1 146 81 24 67 140 91 69 95 68 119 89 19 13 62 60 122 66 93 134 26 96 73 6 56 121 129 100 94 99 20 138 109 34 42 5 127 41 79 82 115 75 105 136 123 108 35 87 3 83 
51 55 21 90 133 77 80 101 114 126 53 92 39 25 44 98 88 117 85 128 28 15 130 131 2 104 58 10 71 59 51 72 144 111 22 120 4 143 86 30 9 16 102 40 112 32 124 12 76 78 48 63 65 1 146 81 24 67 140 91 69 95 68 119 89 19 13 62 60 122 66 93 134 26 96 73 6 56 121 129 100 94 99 20 138 109 34 38 42 5 127 41 79 82 115 75 105 136 123 108 35 87 3 52 83 
52 55 21 90 133 77 80 101 114 126 53 92 39 25 44 98 88 117 85 128 28 15 130 131 2 104 58 10 71 59 51 72 144 111 22 120 4 143 86 30 9 16 102 40 112 32 124 12 76 78 63 65 1 146 81 24 67 140 91 69 95 68 119 89 19 13 62 60 122 66 93 134 26 96 73 6 56 121 129 100 94 99 20 138 109 34 42 5 127 41 79 82 115 75 105 136 123 108 35 87 3 52 83 
53 55 21 90 133 77 80 101 114 126 53 92 39 25 44 98 88 117 85 128 28 15 130 131 2 104 58 10 71 59 51 72 144 111 22 120 4 143 86 30 9 16 102 40 112 32 124 12 76 78 63 65 1 146 81 24 67 140 91 69 95 68 119 89 19 13 62 60 122 66 93 134 26 96 73 6 56 121 129 100 94 99 20 138 109 34 42 5 127 41 79 82 115 75 105 136 123 108 35 87 3 52 83 
54 55 21 90 133 77 80 101 114 126 53 92 39 25 44 98 88 117 85 128 28 15 130 131 2 104 58 10 71 59 51 72 144 111 22 120 4 143 86 30 9 16 102 40 112 32 124 12 76 78 63 65 1 146 81 24 67 140 91 69 95 68 119 89 19 13 62 60 122 66 93 134 26 96 73 6 56 121 129 100 94 99 20 138 109 34 42 5 127 41 79 82 115 75 105 136 123 108 35 87 3 52 83 
55 55 21 90 77 80 101 114 126 53 92 39 25 44 98 88 117 85 128 28 15 130 2 104 58 10 71 59 51 72 144 111 22 120 4 143 86 30 9 16 102 40 112 32 124 12 76 78 63 65 1 146 81 24 67 140 91 69 95 68 119 89 19 13 62 60 122 66 93 134 26 96 73 6 56 121 129 100 94 99 20 138 109 34 42 5 127 41 79 82 115 75 105 136 123 108 35 87 3 52 83 
56 55 21 90 77 80 101 114 126 53 92 39 25 44 98 88 117 85 128 28 15 130 2 104 58 10 71 59 51 72 144 111 22 120 4 143 86 30 9 16 102 40 112 32 124 12 76 78 63 65 1 146 81 24 67 140 91 69 95 68 119 89 19 13 62 60 122 66 93 26 96 73 6 121 56 129 100 94 99 20 138 109 34 42 5 127 41 79 82 115 75 105 136 123 108 35 87 3 52 83 
57 55 21 90 133 77 80 101 114 126 53 92 39 25 44 98 88 117 85 128 28 15 130 131 2 104 58 10 71 59 51 72 144 111 22 120 4 86 143 30 9 102 16 40 112 32 124 12 76 78 63 65 1 81 146 24 67 140 91 69 95 68 119 89 19 13 62 60 122 66 93 134 26 96 73 6 56 121 129 100 94 99 20 138 109 34 42 5 127 41 79 82 115 75 105 123 136 108 35 87 3 52 83 
58 55 21 90 133 77 80 101 114 126 53 92 39 25 44 98 88 117 85 128 28 15 130 131 2 104 58 10 71 59 51 72 144 111 22 120 4 86 143 30 9 102 16 40 112 32 124 12 76 78 63 65 1 81 146 24 67 140 91 69 95 68 119 89 19 13 62 60 122 66 93 134 26 96 73 6 56 121 129 100 94 99 20 138 109 34 42 5 127 41 79 82 115 75 105 123 136 108 35 87 3 52 83 
59 55 21 90 133 77 80 101 114 126 53 92 39 25 44 98 88 117 85 128 28 15 130 131 2 104 58 10 71 59 51 72 144 111 22 120 4 86 143 30 9 102 16 40 112 32 124 12 76 78 63 65 1 81 146 24 67 140 91 69 95 68 119 89 19 13 62 60 122 66 93 134 26 96 73 6 56 121 129 100 94 99 20 138 109 34 42 5 127 41 79 82 115 75 105 123 136 108 35 87 3 52 83 
60 55 21 90 133 77 80 101 114 126 53 92 39 25 44 98 88 117 85 128 28 15 130 131 2 104 58 10 71 59 51 72 144 111 22 120 4 86 143 30 9 102 16 40 112 32 124 12 76 78 63 65 1 81 146 24 67 140 91 69 95 68 119 89 19 13 62 122 60 66 93 134 26 96 73 6 56 121 129 100 94 99 20 138 109 34 42 5 127 41 79 82 115 75 105 123 136 108 35 87 3 52 83 
61 55 21 90 133 77 80 101 114 126 53 92 39 25 44 98 88 117 85 128 28 15 130 131 2 104 58 10 71 59 51 72 144 111 22 120 4 86 143 30 9 102 16 40 112 32 124 12 76 78 63 65 1 81 146 24 67 140 91 69 95 68 119 89 19 13 62 60 122 66 93 134 26 96 73 6 56 121 129 100 94 99 20 138 109 34 42 5 127 41 79 82 115 75 105 123 136 108 35 87 3 52 83 
62 55 21 90 133 77 80 101 114 126 53 92 39 25 44 98 88 117 85 128 28 15 130 131 2 104 58 10 71 59 51 72 144 111 22 120 4 86 143 30 9 102 16 40 112 32 124 12 76 78 63 65 1 81 146 24 67 140 91 69 95 68 119 89 19 13 62 60 122 66 93 134 26 96 73 6 56 121 129 100 94 99 20 138 109 34 42 5 127 41 79 82 115 75 105 123 136 108 35 87 3 52 83 
63 55 21 90 133 77 80 101 114 126 53 92 39 25 44 98 88 117 85 128 28 15 130 131 2 104 58 10 71 59 51 72 144 111 22 120 4 86 143 30 9 102 16 40 112 32 124 12 76 78 63 1 81 146 24 67 140 91 69 95 68 119 89 19 13 62 60 122 66 93 134 26 96 73 6 56 121 129 100 94 99 20 138 109 34 42 5 127 41 79 82 115 75 105 123 136 108 35 87 3 52 83 
64 55 21 90 133 77 80 101 114 126 53 92 39 25 44 98 88 117 85 128 28 15 130 131 2 104 58 10 71 59 51 72 144 111 22 120 4 86 143 30 9 102 16 40 112 32 124 12 76 78 63 1 81 146 24 67 140 91 69 95 68 119 89 19 13 62 60 122 66 93 134 26 96 73 6 56 121 129 100 94 99 20 138 109 34 42 5 127 41 79 82 115 75 105 123 136 108 35 87 3 52 83 
65 55 21 90 133 77 80 101 114 126 53 92 39 25 44 98 88 117 85 128 28 15 130 131 2 104 58 10 71 59 51 72 144 111 22 120 4 86 143 30 9 102 16 40 112 32 124 12 76 78 65 1 81 146 24 67 140 91 69 95 68 119 89 19 13 62 60 122 66 93 134 26 96 73 6 56 121 129 100 94 99 20 138 109 34 42 5 127 41 79 82 115 75 105 123 136 108 35 87 3 52 83 
66 55 21 90 133 77 80 101 114 126 53 92 39 25 44 98 88 117 85 128 28 15 130 131 2 104 58 10 71 59 51 72 144 111 22 120 4 86 143 30 9 102 16 40 112 32 124 12 76 78 63 65 1 81 146 24 67 140 91 69 95 68 119 89 19 13 62 60 122 66 93 134 26 96 73 6 56 121 129 100 94 99 20 138 109 34 42 5 127 41 79 82 115 75 105 123 136 108 35 87 3 52 83 
67 55 21 90 133 77 80 101 114 126 53 92 39 25 44 98 88 117 85 128 28 15 130 131 2 104 58 10 71 59 51 72 144 111 22 120 4 86 143 30 9 102 16 40 112 32 124 12 76 78 63 65 1 81 146 24 67 140 91 69 95 68 119 89 19 13 62 60 122 66 93 134 26 96 73 6 56 121 129 100 94 99 20 138 109 34 42 5 127 41 79 82 115 75 105 123 136 108 35 87 3 52 83 
68 55 21 90 133 77 80 101 114 126 53 92 39 25 44 98 88 117 85 128 28 15 130 131 2 104 58 10 71 59 51 72 144 111 22 120 4 86 143 30 9 102 16 40 112 32 124 12 76 78 63 65 1 81 146 24 67 140 91 69 95 68 119 89 19 13 62 60 122 66 93 134 26 96 73 6 56 121 129 100 94 99 20 138 109 34 42 5 127 41 79 82 115 75 105 123 136 108 35 87 3 52 83 
69 55 21 90 133 77 80 101 114 126 53 92 39 25 44 98 88 117 85 128 28 15 130 131 2 104 58 10 71 59 51 72 144 111 22 120 4 86 143 30 9 102 16 40 112 32 124 12 76 78 63 65 1 81 146 24 67 140 91 69 95 68 119 89 19 13 62 60 122 66 93 134 26 96 73 6 56 121 129 100 94 99 20 138 109 34 42 5 127 41 79 82 115 75 105 123 136 108 35 87 3 52 83 
70 55 21 90 133 77 80 101 114 126 53 92 39 25 44 98 88 117 85 128 28 15 130 131 2 104 58 10 71 59 51 72 144 111 22 120 4 86 143 30 9 102 16 40 112 32 124 12 76 78 63 65 1 81 146 24 67 140 91 69 95 68 119 89 19 13 62 60 122 66 93 134 26 96 73 6 56 121 129 100 94 99 20 138 109 34 42 5 127 41 79 82 115 75 105 123 136 108 35 87 3 52 83 
71 55 21 90 133 77 80 101 114 126 53 92 39 25 44 98 88 117 85 128 28 15 130 131 2 104 58 10 71 59 51 72 144 111 22 120 4 86 143 30 9 102 16 40 112 32 124 12 76 78 63 65 1 81 146 24 67 140 91 69 95 68 119 89 19 13 62 60 122 66 93 134 26 96 73 6 56 121 129 100 94 99 20 138 109 34 42 5 127 41 79 82 115 75 105 123 136 108 35 87 3 52 83 
72 55 21 90 133 77 80 101 114 126 53 92 39 25 44 98 88 117 85 128 28 15 130 131 2 104 58 10 71 59 51 72 144 111 22 120 4 86 143 30 9 102 16 40 112 32 124 12 76 78 63 65 1 81 146 24 67 140 91 69 95 68 119 89 19 13 62 60 122 66 93 134 26 96 73 6 56 121 129 100 94 99 20 138 109 34 42 5 127 41 79 82 115 75 105 123 136 108 35 87 3 52 83 
73 55 21 90 133 77 80 101 114 126 53 92 39 25 44 98 88 117 85 128 28 15 130 131 2 104 58 10 71 59 51 72 144 111 22 120 4 86 143 30 9 102 16 40 112 32 124 12 76 78 63 65 1 81 146 24 67 140 91 69 95 68 119 89 19 13 62 60 122 66 93 134 26 96 73 6 56 121 129 100 94 99 20 138 109 34 42 5 127 41 79 82 115 105 123 136 108 35 87 3 52 83 
74 55 21 90 133 77 80 101 114 126 53 92 39 25 44 98 88 117 85 128 28 15 130 131 2 104 58 10 71 59 51 72 144 111 22 120 4 86 143 30 9 102 16 40 112 32 124 12 76 78 63 65 1 81 146 24 67 140 91 69 95 68 119 89 19 13 62 60 122 66 93 134 26 96 73 6 56 121 129 100 94 99 20 138 109 34 42 5 127 41 79 82 115 105 123 136 108 35 87 3 52 83 
75 55 21 90 133 77 80 101 114 126 53 92 39 25 44 98 88 117 85 128 28 15 130 131 2 104 58 10 71 59 51 72 144 111 22 120 4 86 143 30 9 102 16 40 112 32 124 12 76 78 63 65 1 81 146 24 67 140 91 69 95 68 119 89 19 13 62 60 122 66 93 134 26 96 6 56 121 129 100 94 99 20 138 109 34 42 5 127 41 79 82 115 75 105 123 136 108 35 87 3 52 83 
76 55 21 90 133 77 80 101 114 126 53 92 39 25 44 98 88 117 85 128 28 15 130 131 2 104 58 10 71 59 51 72 144 111 22 120 4 86 143 30 9 102 16 40 112 32 124 12 76 78 63 65 1 81 146 24 67 140 91 69 95 68 119 89 19 13 62 60 122 66 93 134 26 96 73 6 56 121 129 100 94 99 20 138 109 34 42 5 127 41 79 82 115 75 105 123 136 108 35 87 3 52 83 
77 55 21 90 133 77 80 101 114 126 53 92 39 25 44 98 88 117 85 128 28 15 130 131 2 104 58 10 71 59 51 72 144 111 22 120 4 86 143 30 9 102 16 40 112 32 124 12 76 78 63 65 1 81 146 24 67 140 91 69 95 68 119 89 19 13 62 60 122 66 93 134 26 96 73 6 56 121 129 100 94 99 20 138 109 34 42 5 127 41 79 82 115 75 105 123 136 108 35 87 3 52 83 
78 55 21 90 133 77 80 101 114 126 53 92 39 25 44 98 88 117 85 128 28 15 130 131 2 104 58 10 71 59 51 72 144 111 22 120 4 86 143 30 9 102 16 40 112 32 124 12 76 78 63 65 1 81 146 24 67 140 91 69 95 68 119 89 19 13 62 60 122 66 93 134 26 96 73 6 56 121 129 100 94 99 20 138 109 34 42 5 127 41 79 82 115 75 105 123 136 108 35 87 3 52 83 
79 55 21 90 133 77 80 101 114 126 53 92 39 25 44 98 88 117 85 128 28 15 130 131 2 104 58 10 71 59 51 72 144 111 22 120 4 86 143 30 9 102 16 40 112 32 124 12 76 78 63 65 1 81 146 24 67 140 91 69 95 68 119 89 19 13 62 60 122 66 93 134 26 96 73 6 56 121 129 100 94 99 20 138 109 34 42 5 127 41 79 82 115 75 105 123 136 108 35 87 3 52 83 
80 55 21 90 133 77 80 101 114 126 53 92 39 25 44 98 88 117 85 128 28 15 130 131 2 104 58 10 71 59 51 72 144 111 22 120 4 86 143 30 9 102 16 40 112 32 124 12 76 78 63 65 1 81 146 24 67 140 91 69 95 68 119 89 19 13 62 60 122 66 93 134 26 96 73 6 56 121 129 100 94 99 20 138 109 34 42 5 127 41 79 82 115 75 105 123 136 108 35 87 3 52 83 
81 55 21 90 133 77 80 101 114 126 53 92 39 25 44 98 88 117 85 128 28 15 130 131 2 104 58 10 71 59 51 72 144 111 22 120 4 86 143 30 9 102 16 40 112 32 124 12 76 78 63 65 1 146 81 24 67 140 91 69 95 68 119 89 19 13 62 60 122 66 93 134 26 96 73 6 56 121 129 100 94 99 20 138 109 34 42 5 127 41 79 82 115 75 105 123 136 108 35 87 3 52 83 
82 55 21 90 133 77 80 101 114 126 53 92 39 25 44 98 88 117 85 128 28 15 130 131 2 104 58 10 71 59 51 72 144 111 22 120 4 86 143 30 9 102 16 40 112 32 124 12 76 78 63 65 1 81 146 24 67 140 91 69 95 68 119 89 19 13 62 60 122 66 93 134 26 96 73 6 56 121 129 100 94 99 20 138 109 34 42 5 127 41 79 82 115 75 105 123 136 108 35 87 3 52 83 
83 55 21 90 133 77 80 101 114 126 53 92 39 25 44 98 88 117 85 128 28 15 130 131 2 104 58 10 71 59 51 72 144 111 22 120 4 86 143 30 9 102 16 40 112 32 124 12 76 78 63 65 1 81 146 24 67 140 91 69 95 68 119 89 19 13 62 60 122 66 93 134 26 96 73 6 56 121 129 100 94 99 20 138 109 34 42 5 127 41 79 82 115 75 105 123 136 108 35 87 3 52 83 
84 55 21 90 133 77 80 101 114 126 53 92 39 25 44 98 88 117 85 128 28 15 130 131 2 104 58 10 71 59 51 72 144 111 22 120 4 86 143 30 9 102 16 40 112 32 124 12 76 78 63 65 1 81 146 24 67 140 91 69 95 68 119 89 19 13 62 60 122 66 93 134 26 96 73 6 56 121 129 100 94 99 20 138 109 34 42 5 127 41 79 82 115 75 105 123 136 108 35 87 3 52 83 
85 55 21 90 133 77 80 101 114 126 53 92 39 25 44 98 88 117 85 128 28 15 130 131 2 104 58 10 71 59 51 72 144 111 22 120 4 86 143 30 9 102 16 40 112 32 124 12 76 78 63 65 1 81 146 24 67 140 91 69 95 68 119 89 19 13 62 60 122 66 93 134 26 96 73 6 56 121 129 100 94 99 20 138 109 34 42 5 127 41 79 82 115 75 105 123 136 108 35 87 3 52 83 
86 55 21 90 133 77 80 101 114 126 53 92 39 25 44 98 88 117 85 128 28 15 130 131 2 104 58 10 71 59 51 72 144 111 22 120 4 143 86 30 9 102 16 40 112 32 124 12 76 78 63 65 1 81 146 24 67 140 91 69 95 68 119 89 19 13 62 60 122 66 93 134 26 96 73 6 56 121 129 100 94 99 20 138 109 34 42 5 127 41 79 82 115 75 105 123 136 108 35 87 3 52 83 
87 55 21 90 133 77 80 101 126 53 92 39 25 44 98 88 117 85 128 28 15 130 131 2 104 58 10 71 59 51 72 144 111 22 120 4 86 143 30 9 102 16 40 112 32 124 12 76 78 63 65 1 81 146 24 67 140 91 69 95 68 119 89 19 13 62 60 122 66 93 134 26 96 73 6 56 121 129 100 94 99 20 138 109 34 42 5 127 41 79 82 115 75 105 123 136 108 35 87 3 52 83 
88 55 21 90 133 77 80 101 126 53 92 39 25 44 98 88 85 128 28 15 130 131 2 104 58 10 71 59 51 72 144 111 22 120 4 86 143 30 9 102 16 40 112 32 124 12 76 78 63 65 1 81 146 24 67 140 91 69 95 68 119 89 19 13 62 60 122 66 93 134 26 96 73 6 56 121 129 100 94 99 20 138 109 34 42 5 127 41 79 82 75 105 123 136 108 35 87 3 52 83 
89 55 21 90 133 77 80 101 126 53 92 39 25 44 98 88 85 128 28 15 130 131 2 104 58 10 71 59 51 72 144 111 22 120 4 86 143 30 9 102 16 40 112 32 124 12 76 78 63 65 1 81 146 24 67 140 91 69 95 68 119 89 19 13 62 60 122 66 93 134 26 96 73 6 56 121 129 100 94 99 20 138 109 34 42 5 127 41 79 82 75 105 123 136 108 35 87 3 52 83 
90 55 21 90 133 77 80 101 126 53 92 39 25 44 98 88 85 128 28 15 130 131 2 104 58 10 71 59 51 72 144 111 22 120 4 86 143 30 9 102 16 40 112 32 124 12 76 78 63 65 1 81 146 24 67 140 91 69 95 68 119 89 19 13 62 60 122 66 93 134 26 96 73 6 56 121 129 100 94 99 20 138 109 34 42 5 127 41 79 82 75 105 123 136 108 35 87 3 52 83 
91 55 21 90 133 77 80 101 126 53 92 39 25 44 98 88 85 128 28 15 130 131 2 104 58 10 71 59 51 72 144 111 22 120 4 86 143 30 9 102 16 40 112 32 124 12 76 78 63 65 1 81 146 24 67 140 91 69 95 68 119 89 19 13 62 60 122 66 93 134 26 96 73 6 56 121 129 100 94 99 20 138 109 34 42 5 127 41 79 82 75 105 123 136 108 35 87 3 52 83 
92 55 21 90 133 77 80 101 126 53 92 39 25 44 98 88 85 128 28 15 130 131 2 104 58 10 71 59 51 72 144 111 22 120 4 86 143 30 9 102 16 40 112 32 124 12 76 78 63 65 1 81 146 24 67 140 91 69 95 68 119 89 19 13 62 60 122 66 93 134 26 96 73 6 56 121 129 100 94 99 20 138 109 34 42 5 127 41 79 82 75 105 123 136 108 35 87 3 52 83 
93 55 21 90 133 77 80 101 126 53 92 39 25 44 98 88 85 128 28 15 130 131 2 104 58 10 71 59 51 72 144 111 22 120 4 86 143 30 9 102 16 40 112 32 124 12 76 78 63 65 1 81 146 24 67 140 91 69 95 68 119 89 19 13 62 60 122 66 93 134 26 96 73 6 56 121 129 100 94 99 20 138 109 34 42 5 127 41 79 82 75 105 123 136 108 35 87 3 52 83 
94 55 21 90 133 77 80 101 126 53 92 39 25 44 98 88 85 128 28 15 130 131 2 104 58 10 71 59 51 72 144 111 22 120 4 86 143 30 9 102 16 40 112 32 124 12 76 78 63 65 1 81 146 24 67 140 91 69 95 68 119 89 19 13 62 60 122 66 93 134 26 96 73 6 56 121 129 100 99 94 20 138 109 34 42 5 127 41 79 82 75 105 123 136 108 35 87 3 52 83 
95 55 21 90 133 77 80 101 126 53 92 39 25 44 98 88 85 128 28 15 130 131 2 104 58 10 71 59 51 72 144 111 22 120 4 86 143 30 9 102 16 40 112 32 124 12 76 78 63 65 1 81 146 24 67 140 91 69 95 68 119 89 19 13 62 60 122 66 93 134 26 96 73 6 56 121 129 100 94 99 20 138 109 34 42 5 127 41 79 82 75 105 123 136 108 35 87 3 52 83 
96 55 21 90 133 77 80 101 126 53 92 39 25 44 98 88 85 128 28 15 130 131 2 104 58 10 71 59 51 72 144 111 22 120 4 86 143 30 9 102 16 40 112 32 124 12 76 78 63 65 1 81 146 24 67 140 91 69 95 68 119 89 19 13 62 60 122 66 93 134 26 96 73 6 56 121 129 100 94 99 20 138 109 34 42 5 127 41 79 82 75 105 123 136 108 35 87 3 52 83 
97 55 21 90 133 77 80 101 126 53 92 39 25 44 98 88 85 128 28 15 130 131 2 104 58 10 71 59 51 72 144 111 22 120 4 86 143 30 9 102 16 40 112 32 124 12 76 78 63 65 1 81 146 24 67 140 91 69 95 68 119 89 19 13 62 60 122 66 93 134 26 96 73 6 56 121 129 100 94 99 20 138 109 34 42 5 127 41 79 82 75 105 123 136 108 35 87 3 52 83 
98 55 21 90 133 77 80 101 126 53 92 39 25 44 98 88 85 128 28 15 130 131 2 104 58 10 71 59 51 72 144 111 22 120 4 86 143 30 9 102 16 40 112 32 124 12 76 78 63 65 1 81 146 24 67 140 91 69 95 68 119 89 19 13 62 60 122 66 93 134 26 96 73 6 56 121 129 100 94 99 20 138 109 34 42 5 127 41 79 82 75 105 123 136 108 35 87 3 52 83 
99 55 21 90 133 77 80 101 126 53 92 39 25 44 98 88 85 128 28 15 130 131 2 104 58 10 71 59 51 72 144 111 22 120 4 86 143 30 9 102 16 40 112 32 124 12 76 78 63 65 1 81 146 24 67 140 91 69 95 68 119 89 19 13 62 60 122 66 93 134 26 96 73 6 56 121 129 100 94 99 20 138 109 34 42 5 127 41 79 82 75 105 123 136 108 35 87 3 52 83 
100 55 21 90 133 77 80 101 126 53 92 39 25 44 98 88 85 128 28 15 130 131 2 104 58 10 71 59 51 72 144 111 22 120 4 86 143 30 9 102 16 40 112 32 124 12 76 78 63 65 1 81 146 24 67 140 91 69 95 68 119 89 19 13 62 60 122 66 93 134 26 96 73 6 56 121 129 100 94 99 20 138 109 34 42 5 127 41 79 82 75 105 123 136 108 35 87 3 52 83 
101 55 21 90 133 77 80 101 126 53 92 39 25 44 98 88 85 128 28 15 130 131 2 104 58 10 71 59 51 72 144 111 22 120 4 86 143 30 9 102 16 40 112 32 124 12 76 78 63 65 1 81 146 24 67 140 91 69 95 68 119 89 19 13 62 60 122 66 93 134 26 96 73 6 56 121 129 100 94 99 20 138 109 34 42 5 127 41 79 82 75 105 123 136 108 35 87 3 52 83 
102 55 21 90 133 77 80 101 126 53 92 39 25 44 98 88 85 128 28 15 130 131 2 104 58 10 71 59 51 72 144 111 22 120 4 86 143 30 9 16 102 40 112 32 124 12 76 78 63 65 1 81 146 24 67 140 91 69 95 68 119 89 19 13 62 60 122 66 93 134 26 96 73 6 56 121 129 100 94 99 20 138 109 34 42 5 127 41 79 82 75 105 123 136 108 35 87 3 52 83 
103 55 21 90 133 77 80 101 126 53 92 39 25 44 98 88 85 128 28 15 130 131 2 104 58 10 71 59 51 72 144 111 22 120 4 86 143 30 9 102 16 40 112 32 124 12 76 78 63 65 1 81 146 24 67 140 91 69 95 68 119 89 19 13 62 60 122 66 93 134 26 96 73 6 56 121 129 100 94 99 20 138 109 34 42 5 127 41 79 82 75 105 123 136 108 35 87 3 52 83 
104 55 21 90 133 77 80 101 114 126 53 92 39 25 44 98 88 117 85 128 28 15 130 131 2 104 58 10 71 59 51 72 111 144 22 120 4 86 143 30 9 102 16 40 112 32 124 12 76 78 63 65 1 81 146 24 67 140 91 69 95 68 119 89 19 13 62 60 122 66 93 134 26 96 73 6 56 121 129 100 94 99 20 138 109 34 42 5 127 41 79 82 115 75 105 108 123 136 35 87 3 52 83 
105 55 21 90 133 77 80 101 114 126 53 92 39 25 44 98 88 117 85 128 28 15 130 131 2 104 58 10 71 59 51 72 111 144 22 120 4 86 143 30 9 102 16 40 112 32 124 12 76 78 63 65 1 81 146 24 67 140 91 69 95 68 119 89 19 13 62 60 122 66 93 134 26 96 73 6 56 121 129 100 94 99 20 138 109 34 42 5 127 41 79 82 115 75 105 108 123 136 35 87 3 52 83 
106 55 21 90 133 77 80 101 114 126 53 92 39 25 44 98 88 117 85 128 28 15 130 131 2 104 58 10 71 59 51 72 111 144 22 120 4 86 143 30 9 102 16 40 112 32 124 12 76 78 63 65 1 81 146 24 67 140 91 69 95 68 119 89 19 13 62 60 122 66 93 134 26 96 73 6 56 121 129 100 94 99 20 138 109 34 42 5 127 41 79 82 115 75 105 108 123 136 35 87 3 52 83 
107 55 21 90 133 77 80 101 114 126 53 92 39 25 44 98 88 117 85 128 28 15 130 131 2 104 58 10 71 59 51 72 111 144 22 120 4 86 143 30 9 102 16 40 112 32 124 12 76 78 63 65 1 81 146 24 67 140 91 69 95 68 119 89 19 13 62 60 122 66 93 134 26 96 73 6 56 121 129 100 94 99 20 138 109 34 42 5 127 41 79 82 115 75 105 108 123 136 35 87 3 52 83 
108 55 21 90 133 77 80 101 114 126 53 92 39 25 44 98 88 117 85 128 28 15 130 131 2 104 58 10 71 59 51 72 111 144 22 120 4 86 143 30 9 102 16 40 112 32 124 12 76 78 63 65 1 81 146 24 67 140 91 69 95 68 119 89 19 13 62 60 122 66 93 134 26 96 73 6 56 121 129 100 94 99 20 138 109 34 42 5 127 41 79 82 115 75 105 123 136 108 35 87 3 52 83 
109 55 21 90 133 77 80 101 114 126 53 92 39 25 44 98 88 117 85 128 28 15 130 131 2 104 58 10 71 59 51 72 111 144 22 120 4 86 143 30 9 102 16 40 112 32 124 12 76 78 63 65 1 81 146 24 67 140 91 69 95 68 119 89 19 13 62 60 122 66 93 134 26 96 73 6 56 121 129 100 94 99 20 138 109 34 42 5 127 41 79 82 115 75 105 108 123 136 35 87 3 52 83 
110 55 21 90 133 77 80 101 114 126 53 92 39 25 44 98 88 117 85 128 28 15 130 131 2 104 58 10 71 59 51 72 111 144 22 120 4 86 143 30 9 102 16 40 112 32 124 12 76 78 63 65 1 81 146 24 67 140 91 69 95 68 119 89 19 13 62 60 122 66 93 134 26 96 73 6 56 121 129 100 94 99 20 138 109 34 42 5 127 41 79 82 115 75 105 108 123 136 35 87 3 52 83 
111 55 21 90 133 77 80 101 114 126 53 92 39 25 44 98 88 117 85 128 28 15 130 131 2 104 58 10 71 59 51 72 144 111 22 120 4 86 143 30 9 102 16 40 112 32 124 12 76 78 63 65 1 81 146 24 67 140 91 69 95 68 119 89 19 13 62 60 122 66 93 134 26 96 73 6 56 121 129 100 94 99 20 138 109 34 42 5 127 41 79 82 115 75 105 108 123 136 35 87 3 52 83 
112 55 21 90 133 77 80 101 114 126 53 92 39 25 44 98 88 117 85 128 28 15 130 131 2 104 58 10 71 59 51 72 111 144 22 120 4 86 143 30 9 102 16 40 112 32 124 12 76 78 63 65 1 81 146 24 67 140 91 69 95 68 119 89 19 13 62 60 122 66 93 134 26 96 73 6 56 121 129 100 94 99 20 138 109 34 42 5 127 41 79 82 115 75 105 108 123 136 35 87 3 52 83 
113 55 21 90 133 77 80 101 114 126 53 92 39 25 44 98 88 117 85 128 28 15 130 131 2 104 58 10 71 59 51 72 111 144 22 120 4 86 143 30 9 102 16 40 112 32 124 12 76 78 63 65 1 81 146 24 67 140 91 69 95 68 119 89 19 13 62 60 122 66 93 134 26 96 73 6 56 121 129 100 94 99 20 138 109 34 42 5 127 41 79 82 115 75 105 108 123 136 35 87 3 52 83 
114 55 21 90 133 77 80 101 114 126 53 92 39 25 44 98 88 117 85 128 28 15 130 131 2 104 58 10 71 59 51 72 111 144 22 120 4 86 143 30 9 102 16 40 112 32 124 12 76 78 63 65 1 81 146 24 67 140 91 69 95 68 119 89 19 13 62 60 122 66 93 134 26 96 73 6 56 121 129 100 94 99 20 138 109 34 42 5 127 41 79 82 115 75 105 108 123 136 35 3 52 83 
115 55 21 90 133 77 80 101 114 126 53 92 39 25 44 98 85 128 28 15 130 131 2 104 58 10 71 59 51 72 111 144 22 120 4 86 143 30 9 102 16 40 112 32 124 12 76 78 63 65 1 81 146 24 67 140 91 69 95 68 119 89 19 13 62 60 122 66 93 134 26 96 73 6 56 121 129 100 94 99 20 138 109 34 42 5 127 41 79 82 115 75 105 108 123 136 35 3 52 83 
116 55 21 90 133 77 80 101 114 126 53 92 39 25 44 98 85 128 28 15 130 131 2 104 58 10 71 59 51 72 111 144 22 120 4 86 143 30 9 102 16 40 112 32 124 12 76 78 63 65 1 81 146 24 67 140 91 69 95 68 119 89 19 13 62 60 122 66 93 134 26 96 73 6 56 121 129 100 94 99 20 138 109 34 42 5 127 41 79 82 115 75 105 108 123 136 35 3 52 83 
117 55 21 90 133 77 80 101 114 126 53 92 39 25 44 98 117 85 128 28 15 130 131 2 104 58 10 71 59 51 72 111 144 22 120 4 86 143 30 9 102 16 40 112 32 124 12 76 78 63 65 1 81 146 24 67 140 91 69 95 68 119 89 19 13 62 60 122 66 93 134 26 96 73 6 56 121 129 100 94 99 20 138 109 34 42 5 127 41 79 82 75 105 108 123 136 35 87 3 52 83 
118 55 21 90 133 77 80 101 114 126 53 92 39 25 44 98 117 85 128 28 15 130 131 2 104 58 10 71 59 51 72 111 144 22 120 4 86 143 30 9 102 16 40 112 32 124 12 76 78 63 65 1 81 146 24 67 140 91 69 95 68 119 89 19 13 62 60 122 66 93 134 26 96 73 6 56 121 129 100 94 99 20 138 109 34 42 5 127 41 79 82 75 105 108 123 136 35 87 3 52 83 
119 55 21 90 133 77 80 101 114 126 53 92 39 25 44 98 88 117 85 128 28 15 130 131 2 104 58 10 71 59 51 72 111 144 22 120 4 86 143 30 9 102 16 40 112 32 124 12 76 78 63 65 1 81 146 24 67 140 91 69 95 68 119 89 19 13 62 60 122 66 93 134 26 96 73 6 56 121 129 100 94 99 20 138 109 34 42 5 127 41 79 82 115 75 105 108 123 136 35 87 3 52 83 
120 55 21 90 133 77 80 101 114 126 53 92 39 25 44 98 88 117 85 128 28 15 130 131 2 104 58 10 71 59 51 72 111 144 22 120 4 86 143 30 9 102 16 40 112 32 124 12 76 78 63 65 1 81 146 24 67 140 91 69 95 68 119 89 19 13 62 60 122 66 93 134 26 96 73 6 56 121 129 100 94 99 20 138 109 34 42 5 127 41 79 82 115 75 105 108 123 136 35 87 3 52 83 
121 55 21 90 133 77 80 101 114 126 53 92 39 25 44 98 88 117 85 128 28 15 130 131 2 104 58 10 71 59 51 72 111 144 22 120 4 86 143 30 9 102 16 40 112 32 124 12 76 78 63 65 1 81 146 24 67 140 91 69 95 68 119 89 19 13 62 60 122 66 93 134 26 96 73 6 56 121 129 100 94 99 20 138 109 34 42 5 127 41 79 82 115 75 105 108 123 136 35 87 3 52 83 
122 55 21 90 133 77 80 101 114 126 53 92 39 25 44 98 88 117 85 128 28 15 130 131 2 104 58 10 71 59 51 72 111 144 22 120 4 86 143 30 9 102 16 40 112 32 124 12 76 78 63 65 1 81 146 24 67 140 91 69 95 68 119 89 19 13 62 60 122 66 93 134 26 96 73 6 56 121 129 100 94 99 20 138 109 34 42 5 127 41 79 82 115 75 105 108 123 136 35 87 3 52 83 
123 55 21 90 133 77 80 101 114 126 53 92 39 25 44 98 88 117 85 128 28 15 130 131 2 104 58 10 71 59 51 72 111 144 22 120 4 86 143 30 9 102 16 40 112 32 124 12 76 78 63 65 1 81 146 24 67 140 91 69 95 68 119 89 19 13 62 60 122 66 93 134 26 96 73 6 56 121 129 100 94 99 20 138 109 34 42 5 127 41 79 82 115 75 105 108 136 123 35 87 3 52 83 
124 55 21 90 133 77 80 101 114 126 53 92 39 25 44 98 88 117 85 128 28 15 130 131 2 104 58 10 71 59 51 72 111 144 22 120 4 86 143 30 9 102 16 40 112 32 124 12 76 78 63 65 1 81 146 24 67 140 91 69 95 68 119 89 19 13 62 60 122 66 93 134 26 96 73 6 56 121 129 100 94 99 20 138 109 34 42 5 127 41 79 82 115 75 105 123 108 136 35 87 3 52 83 
125 55 21 90 133 77 80 101 114 126 53 92 39 25 44 98 88 117 85 128 28 15 130 131 2 104 58 10 71 59 51 72 111 144 22 120 4 86 143 30 9 102 16 40 112 32 124 12 76 78 63 65 1 81 146 24 67 140 91 69 95 68 119 89 19 13 62 60 122 66 93 134 26 96 73 6 56 121 129 100 94 99 20 138 109 34 42 5 127 41 79 82 115 75 105 123 108 136 35 87 3 52 83 
126 55 21 90 133 77 80 101 114 126 53 92 39 25 44 98 88 117 85 128 28 15 130 131 2 104 58 10 71 59 51 72 111 144 22 120 4 86 143 30 9 102 16 40 112 32 124 12 76 78 63 65 1 81 146 24 67 140 91 69 95 68 119 89 19 13 62 60 122 66 93 134 26 96 73 6 56 121 129 100 94 99 20 138 109 34 42 5 127 41 79 82 115 75 105 123 108 136 35 87 3 52 83 
127 55 21 90 133 77 80 101 114 126 53 92 39 25 44 98 88 117 85 128 28 15 130 131 2 104 58 10 71 59 51 72 111 144 22 120 4 86 143 30 9 102 16 40 112 32 124 12 76 78 63 65 1 81 146 24 67 140 91 69 95 68 119 89 19 13 62 60 122 66 93 134 26 96 73 6 56 121 129 100 94 99 20 138 109 34 42 5 127 41 79 82 115 75 105 123 108 136 35 87 3 52 83 
128 55 21 90 133 77 80 101 114 126 53 92 39 25 44 98 88 117 85 128 28 15 130 131 2 104 58 10 71 59 51 72 111 144 22 120 4 86 143 30 9 102 16 40 112 32 124 12 76 78 63 65 1 81 146 24 67 140 91 69 95 68 119 89 19 13 62 60 122 66 93 134 26 96 73 6 56 121 129 100 94 99 20 138 109 34 42 5 127 41 79 82 115 75 105 123 108 136 35 87 3 52 83 
129 55 21 90 133 77 80 101 114 126 53 92 39 25 44 98 88 117 85 128 28 15 130 131 2 104 58 10 71 59 51 72 111 144 22 120 4 86 143 30 9 102 16 40 112 32 124 12 76 78 63 65 1 81 146 24 67 140 91 69 95 68 119 89 19 13 62 60 122 66 93 134 26 96 73 6 56 121 129 100 94 99 20 138 109 34 42 5 127 41 79 82 115 75 105 123 108 136 35 87 3 52 83 
130 55 21 90 133 77 80 101 114 126 53 92 39 25 44 98 88 117 85 128 28 15 130 131 2 104 58 10 71 59 51 72 111 144 22 120 4 86 143 30 9 102 16 40 112 32 124 12 76 78 63 65 1 81 146 24 67 140 91 69 95 68 119 89 19 13 62 60 122 66 93 134 26 96 73 6 56 121 129 100 94 99 20 138 109 34 42 5 127 41 79 82 115 75 105 123 108 136 35 87 3 52 83 
131 21 90 77 80 101 114 126 53 92 39 25 44 98 88 117 85 128 28 15 130 131 2 104 58 10 71 59 51 72 111 144 22 120 4 86 143 30 9 102 16 40 112 32 124 12 76 78 63 65 1 81 146 24 67 140 91 69 95 68 119 89 19 13 62 60 122 66 93 134 26 96 73 6 56 121 129 100 94 99 20 138 109 34 42 5 127 41 79 82 115 75 105 123 108 136 35 87 3 52 83 
132 55 21 90 133 77 80 101 114 126 53 92 39 25 44 98 88 117 85 128 28 15 130 131 2 104 58 10 71 59 51 72 111 144 22 120 4 86 143 30 9 102 16 40 112 32 124 12 76 78 63 65 1 81 146 24 67 140 91 69 95 68 119 89 19 13 62 60 122 66 93 134 26 96 73 6 56 121 129 100 94 99 20 138 109 34 42 5 127 41 79 82 115 75 105 123 108 136 35 87 3 52 83 
133 21 90 133 77 80 101 114 126 53 92 39 25 44 98 88 117 85 128 28 15 130 2 104 58 10 71 59 51 72 111 144 22 120 4 86 143 30 9 102 16 40 112 32 124 12 76 78 63 65 1 81 146 24 67 140 91 69 95 68 119 89 19 13 62 60 122 66 93 134 26 96 73 6 56 121 129 100 94 99 20 138 109 34 42 5 127 41 79 82 115 75 105 123 108 136 35 87 3 52 83 
134 55 21 90 133 77 80 101 114 126 53 92 39 25 44 98 88 117 85 128 28 15 130 131 2 104 58 10 71 59 51 72 111 144 22 120 4 86 143 30 9 102 16 40 112 32 124 12 76 78 63 65 1 81 146 24 67 140 91 69 95 68 119 89 19 13 62 60 122 66 93 134 26 96 73 6 121 129 100 94 99 20 138 109 34 42 5 127 41 79 82 115 75 105 123 108 136 35 87 3 52 83 
135 55 21 90 133 77 80 101 114 126 53 92 39 25 44 98 88 117 85 128 28 15 130 131 2 104 58 10 71 59 51 72 111 144 22 120 4 86 143 30 9 102 16 40 112 32 124 12 76 78 63 65 1 81 146 24 67 140 91 69 95 68 119 89 19 13 62 60 122 66 93 134 26 96 73 6 121 129 100 94 99 20 138 109 34 42 5 127 41 79 82 115 75 105 123 108 136 35 87 3 52 83 
136 55 21 90 133 77 80 101 114 126 53 92 39 25 44 98 88 117 85 128 28 15 130 131 2 104 58 10 71 59 51 72 144 111 22 120 4 86 143 30 9 102 16 40 112 32 124 12 76 78 63 65 1 81 146 24 67 140 91 69 95 68 119 89 19 13 62 60 122 66 93 134 26 96 73 6 56 121 129 100 94 99 20 138 109 34 42 5 127 41 79 82 115 75 105 123 108 136 35 87 3 52 83 
137 55 21 90 133 77 80 101 114 126 53 92 39 25 44 98 88 117 85 128 28 15 130 131 2 104 58 10 71 59 51 72 144 111 22 120 4 86 143 30 9 102 16 40 112 32 124 12 76 78 63 65 1 81 146 24 67 140 91 69 95 68 119 89 19 13 62 60 122 66 93 134 26 96 73 6 56 121 129 100 94 99 20 138 109 34 42 5 127 41 79 82 115 75 105 136 123 108 35 87 3 52 83 
138 55 21 90 133 77 80 101 114 126 53 92 39 25 44 98 88 117 85 128 28 15 130 131 2 104 58 10 71 59 51 72 144 111 22 120 4 143 86 30 9 47 16 102 40 112 32 124 12 76 78 48 63 65 1 146 81 24 67 140 91 69 37 95 68 119 89 19 13 62 60 122 66 93 134 26 96 73 6 56 121 129 100 94 99 20 138 109 34 38 42 5 127 41 79 82 115 75 105 136 123 108 35 87 3 52 83 
139 55 21 90 133 77 80 101 114 126 53 92 39 25 44 98 88 117 85 128 28 15 130 131 2 104 58 10 71 59 51 72 144 111 22 120 4 143 86 30 9 47 16 102 40 112 32 124 12 76 78 48 63 65 1 146 81 24 67 140 91 69 37 95 68 119 89 19 13 62 60 122 66 93 134 26 96 73 6 56 121 129 100 94 99 20 138 109 34 38 42 5 127 41 79 82 115 75 105 136 123 108 35 87 3 52 83 
140 55 21 90 133 77 80 101 114 126 53 92 39 25 44 98 88 117 85 128 28 15 130 131 2 104 58 10 71 59 51 72 144 111 22 120 4 143 86 30 9 47 16 102 40 112 32 124 12 76 78 48 63 65 1 146 81 24 67 140 91 69 37 95 68 119 89 19 13 62 60 122 66 93 134 26 96 73 6 56 121 129 100 94 99 20 138 109 34 38 42 5 127 41 79 82 115 75 105 136 123 108 35 87 3 52 83 
141 55 21 90 133 77 80 101 114 126 53 92 39 25 44 98 88 117 85 128 28 15 130 131 2 104 58 10 71 59 51 72 144 111 22 120 4 143 86 30 9 47 16 102 40 112 32 124 12 76 78 48 63 65 1 146 81 24 67 140 91 69 37 95 68 119 89 19 13 62 60 122 66 93 134 26 96 73 6 56 121 129 100 94 99 20 138 109 34 38 42 5 127 41 79 82 115 75 105 136 123 108 35 87 3 52 83 
142 55 21 90 133 77 80 101 114 126 53 92 39 25 44 98 88 117 85 128 28 15 130 131 2 104 58 10 71 59 51 72 144 111 22 120 4 143 86 30 9 47 16 102 40 112 32 124 12 76 78 48 63 65 1 146 81 24 67 140 91 69 37 95 68 119 89 19 13 62 60 122 66 93 134 26 96 73 6 56 121 129 100 94 99 20 138 109 34 38 42 5 127 41 79 82 115 75 105 136 123 108 35 87 3 52 83 
143 55 21 90 133 77 80 101 114 126 53 92 39 25 44 98 88 117 85 128 28 15 130 131 2 104 58 10 71 59 51 72 144 111 22 120 4 86 143 30 9 47 16 102 40 112 32 124 12 76 78 48 63 65 1 146 81 24 67 140 91 69 37 95 68 119 89 19 13 62 60 122 66 93 134 26 96 73 6 56 121 129 100 94 99 20 138 109 34 38 42 5 127 41 79 82 115 75 105 136 123 108 35 87 3 52 83 
144 55 21 90 133 77 80 101 114 126 53 92 39 25 44 98 88 117 85 128 28 15 130 131 2 104 58 10 71 59 51 72 111 144 22 120 4 143 86 30 9 47 16 102 40 112 32 124 12 76 78 48 63 65 1 146 81 24 67 140 91 69 37 95 68 119 89 19 13 62 60 122 66 93 134 26 96 73 6 56 121 129 100 94 99 20 138 109 34 38 42 5 127 41 79 82 115 75 105 136 123 108 35 87 3 52 83 
145 55 21 90 133 77 80 101 114 126 53 92 39 25 44 98 88 117 85 128 28 15 130 131 2 104 58 10 71 59 51 72 144 111 22 120 4 143 86 30 9 47 16 102 40 112 32 124 12 76 78 48 63 65 1 146 81 24 67 140 91 69 37 95 68 119 89 19 13 62 60 122 66 93 134 26 96 73 6 56 121 129 100 94 99 20 138 109 34 38 42 5 127 41 79 82 115 75 105 136 123 108 35 87 3 52 83 
146 55 21 90 133 77 80 101 114 126 53 92 39 25 44 98 88 117 85 128 28 15 130 131 2 104 58 10 71 59 51 72 144 111 22 120 4 143 86 30 9 47 16 102 40 112 32 124 12 76 78 48 63 65 1 81 146 24 67 140 91 69 37 95 68 119 89 19 13 62 60 122 66 93 134 26 96 73 6 56 121 129 100 94 99 20 138 109 34 38 42 5 127 79 82 115 75 105 136 123 108 35 87 3 52 83 
147 55 21 90 133 77 80 101 114 126 53 92 39 25 44 98 88 117 85 128 28 15 130 131 2 104 58 10 71 59 51 72 144 111 22 120 4 143 86 30 9 47 16 102 40 112 32 124 12 76 78 48 63 65 1 146 81 24 67 140 91 69 37 95 68 119 89 19 13 62 60 122 66 93 134 26 96 73 6 56 121 129 100 94 99 20 138 109 34 38 42 5 127 79 82 115 75 105 136 123 108 35 87 3 52 83 
148 55 21 90 133 77 80 101 114 126 53 92 39 25 44 98 88 117 85 128 28 15 130 131 2 104 58 10 71 59 51 72 144 111 22 120 4 143 86 30 9 47 16 102 40 112 32 124 12 76 78 48 63 65 1 146 81 24 67 140 91 69 37 95 68 119 89 19 13 62 60 122 66 93 134 26 96 73 6 56 121 129 100 94 99 20 138 109 34 38 42 5 127 41 79 82 115 75 105 136 123 108 35 87 3 52 83 
