1 1 
2 2 1 
3 2 1 3 
4 2 1 4 3 
5 2 1 4 5 3 
6 2 1 4 5 6 3 
7 2 1 4 5 6 7 3 
8 35 42 4 13 11 30 16 37 14 2 10 18 34 5 43 12 41 33 32 7 22 45 1 25 39 36 23 6 47 3 
9 35 42 4 13 11 30 16 37 14 2 10 18 34 5 43 12 41 33 32 7 22 45 1 25 39 36 23 6 47 3 
10 35 42 4 13 11 30 16 37 14 2 18 10 34 5 43 12 41 33 32 7 22 45 1 25 39 36 23 6 47 3 
11 35 42 4 13 11 30 16 37 14 2 10 18 34 5 43 12 41 33 32 7 22 45 1 25 39 36 23 6 47 3 
12 35 42 4 13 11 30 16 37 14 2 10 18 34 5 43 12 41 33 32 7 22 45 1 25 39 36 23 6 47 3 
13 35 42 4 13 11 30 16 37 14 2 10 18 34 5 43 12 41 33 32 7 22 45 1 25 39 36 23 6 47 3 
14 35 42 4 13 11 30 37 14 2 10 18 34 5 43 12 41 33 32 7 22 45 1 25 39 36 23 6 47 3 
15 35 42 4 13 11 30 37 14 2 10 18 34 5 43 12 41 33 32 7 22 45 1 25 39 36 23 6 47 3 
16 35 42 4 13 11 30 16 37 2 10 18 34 5 43 12 41 33 32 7 22 45 1 25 39 36 23 6 47 3 
17 35 42 4 13 11 30 16 37 14 2 10 18 34 5 43 12 41 33 32 7 22 45 1 25 39 36 23 6 47 3 
18 35 42 4 13 11 30 16 37 14 2 10 18 34 5 43 12 41 33 32 7 22 45 1 25 39 36 23 6 47 3 
19 35 42 4 13 11 30 16 37 14 2 10 18 34 5 43 12 41 33 32 7 22 45 1 25 39 36 23 6 47 3 
20 35 42 4 13 11 30 16 37 14 2 10 18 34 5 43 12 41 33 32 7 22 45 1 25 39 36 23 6 47 3 
21 35 42 4 13 11 30 16 37 14 2 10 18 34 5 43 12 41 33 32 7 22 45 1 25 39 36 23 6 47 3 
22 35 42 4 13 11 30 16 37 14 2 10 18 34 5 43 12 41 33 32 7 22 45 1 25 39 36 23 6 47 3 
23 35 42 4 13 11 30 16 37 14 2 10 18 34 5 43 12 41 33 32 7 22 45 1 25 39 36 23 6 47 3 
24 35 42 4 13 11 30 16 37 14 2 10 18 34 5 43 12 41 33 32 7 22 45 1 25 39 36 23 6 47 3 
25 35 42 4 13 11 30 16 37 14 2 10 18 34 5 43 12 41 33 32 7 22 1 25 39 36 23 6 47 3 
26 35 42 4 13 11 30 16 37 14 2 10 18 34 5 43 12 41 33 32 7 22 45 1 25 39 36 23 6 47 3 
27 35 42 4 13 11 30 16 37 14 2 10 18 34 5 43 12 41 33 32 7 22 45 1 25 39 36 23 6 47 3 
28 35 42 4 13 11 30 16 37 14 2 10 18 34 5 43 12 41 33 32 7 22 45 1 25 39 36 23 6 47 3 
29 35 4 13 11 30 16 37 14 2 10 18 34 5 43 12 41 33 32 7 22 45 1 25 39 36 23 6 47 29 3 
30 35 4 13 11 30 16 37 14 2 10 18 34 5 43 12 41 33 32 7 22 45 1 25 36 23 6 47 29 3 
31 35 4 13 11 30 16 37 14 2 10 18 34 5 43 12 38 41 33 32 7 22 45 1 25 39 36 23 6 47 29 3 
32 35 4 13 11 30 16 37 14 2 10 18 34 5 43 12 38 41 33 32 7 22 45 1 25 39 36 23 6 47 29 3 
33 35 4 13 11 30 16 37 14 2 10 18 34 5 43 12 38 41 33 32 7 22 45 1 25 39 36 23 6 47 29 3 
34 35 4 13 11 30 16 37 14 2 10 18 34 5 43 12 38 41 33 32 7 22 45 1 25 39 36 23 6 47 29 3 
35 35 4 13 11 30 16 37 14 2 10 18 34 5 43 12 38 41 33 32 7 22 45 1 25 39 36 23 6 47 29 3 
36 35 4 13 11 30 16 37 14 2 10 18 34 5 43 12 38 41 33 32 7 22 45 1 25 39 36 23 6 47 29 3 
37 35 4 13 11 30 16 37 14 2 10 18 34 5 43 12 38 41 33 32 7 22 45 1 25 39 36 23 6 47 29 3 
38 35 4 13 11 30 16 37 14 2 10 18 34 5 43 12 38 41 33 32 7 22 45 1 25 39 36 23 6 47 3 
39 35 4 13 11 16 37 14 2 10 18 34 5 43 12 38 41 33 32 7 22 45 1 25 39 36 23 6 47 3 
40 35 4 13 11 16 37 14 2 10 18 34 5 43 12 38 41 33 32 7 22 45 1 25 39 36 23 6 47 3 
41 35 4 13 11 30 16 37 14 2 10 18 34 5 43 12 38 41 33 32 7 22 45 1 25 39 36 23 6 47 29 3 
42 35 42 4 13 11 30 16 37 14 2 10 18 34 5 43 12 41 33 32 7 22 45 1 25 39 36 23 6 47 3 
43 35 42 4 13 11 30 16 37 14 2 10 18 34 5 43 12 41 33 32 7 22 45 1 25 39 36 23 6 47 3 
44 35 42 4 13 11 30 16 37 14 2 10 18 34 5 43 12 41 33 32 7 22 45 1 25 39 36 23 6 47 3 
45 35 42 4 13 11 30 16 37 14 2 10 18 34 5 43 12 41 33 32 7 22 45 1 39 36 23 6 47 3 
46 35 42 4 13 11 30 16 37 14 2 10 18 34 5 43 12 41 33 32 7 22 45 1 39 36 23 6 47 3 
47 35 42 4 13 11 30 16 37 14 2 10 18 34 5 43 12 41 33 32 22 45 1 25 39 36 23 6 47 3 
48 35 42 4 13 11 30 16 37 14 2 10 18 34 5 43 12 41 33 32 22 45 1 25 39 36 23 6 47 3 
49 35 42 4 13 11 30 16 37 14 2 10 18 34 5 43 12 41 33 32 7 22 45 1 25 39 36 23 6 47 3 
