1 1 
2 1 2 
3 1 2 3 
4 1 4 2 3 
5 1 4 2 3 
6 1 4 2 3 6 
7 7 1 4 2 3 6 
8 7 19 4 6 8 10 1 14 17 21 11 15 16 12 18 2 3 13 
9 7 19 4 6 8 10 1 14 17 21 11 15 16 12 18 2 3 13 
10 7 19 4 6 8 10 1 14 17 21 11 15 16 12 18 2 3 13 
11 7 19 4 6 8 10 1 14 17 21 11 15 16 12 18 2 3 13 
12 7 19 4 6 8 10 1 14 17 21 11 15 16 18 12 2 3 13 
13 7 19 4 6 8 10 1 14 17 21 11 15 16 12 18 2 3 13 
14 7 19 4 6 8 10 1 14 17 21 11 15 16 12 18 2 3 13 
15 7 19 4 6 8 10 1 14 17 21 11 16 15 12 18 2 3 13 
16 7 19 4 6 8 10 1 14 17 21 11 15 16 12 18 2 3 13 
17 7 19 4 6 8 10 1 14 17 21 11 15 16 12 18 2 3 13 
18 7 19 4 6 8 10 1 14 17 21 11 15 16 12 18 2 3 13 
19 7 19 4 6 8 10 1 14 17 21 11 15 16 12 18 2 3 13 
20 7 19 4 6 8 10 1 14 17 21 11 15 16 12 18 2 3 13 
21 19 4 6 8 10 1 14 17 21 11 15 16 12 18 2 3 13 
22 19 4 6 8 10 1 14 17 21 11 15 16 12 18 2 3 13 
23 19 4 6 8 10 1 14 17 11 15 16 23 12 18 2 3 13 
24 19 4 6 8 24 10 1 14 17 11 23 15 16 12 18 2 3 13 
25 19 4 6 8 24 10 1 14 17 11 23 15 16 12 18 25 2 3 13 
26 19 4 6 8 24 10 1 14 17 11 23 15 16 12 18 25 2 3 13 26 
27 19 27 4 6 8 24 10 1 14 17 11 23 15 16 12 18 25 2 3 26 13 
28 19 27 4 6 8 24 10 1 14 17 11 23 15 16 12 18 25 2 3 28 26 13 
29 29 19 27 4 6 8 24 10 1 14 17 11 23 15 16 12 18 25 2 3 28 26 13 
30 43 78 30 72 63 70 69 8 42 71 32 16 12 2 68 26 19 74 60 49 73 56 76 50 37 62 47 10 33 67 64 55 18 66 3 28 39 29 41 83 27 53 6 38 79 48 14 61 77 58 23 25 82 13 36 46 44 40 4 34 80 24 1 17 11 15 52 59 
31 30 43 78 72 63 70 69 8 42 71 32 16 12 2 68 26 19 74 60 49 73 56 76 50 37 62 47 10 33 67 64 55 18 66 3 28 39 29 41 83 27 53 6 38 79 48 14 61 77 58 23 25 82 13 36 46 44 40 4 34 80 24 1 17 11 15 52 59 
32 30 43 78 72 63 70 69 8 42 71 32 16 12 2 68 26 19 74 60 49 73 56 76 50 37 62 47 10 33 67 64 55 18 66 3 28 39 29 41 83 27 53 6 38 79 48 14 61 77 58 23 25 82 13 36 46 44 40 4 34 80 24 1 17 11 15 52 59 
33 30 43 78 72 63 70 69 8 42 71 32 16 12 2 68 26 19 74 60 49 73 56 76 50 37 62 47 10 67 33 64 55 18 66 3 28 39 29 41 83 27 53 6 38 79 48 14 61 77 58 23 25 82 13 36 46 44 40 4 34 80 24 1 17 11 15 52 59 
34 30 43 78 72 63 70 69 8 42 71 32 16 12 2 68 26 19 74 60 49 73 56 76 50 37 62 47 10 33 67 64 55 18 66 3 28 39 29 41 83 27 53 6 38 79 48 14 61 77 58 23 25 82 13 36 46 44 40 4 34 80 24 1 17 11 15 52 59 
35 30 43 78 72 63 70 69 8 42 71 32 16 12 2 68 26 19 74 60 49 73 56 76 50 37 62 47 10 33 67 64 55 18 66 3 28 39 29 41 83 27 53 6 38 79 48 14 61 77 58 23 25 82 13 36 46 44 40 4 34 80 24 1 17 11 15 52 59 
36 30 43 78 72 63 70 69 8 42 71 32 16 12 2 68 26 19 74 60 49 73 56 76 50 37 62 47 10 33 67 64 55 18 66 3 28 39 29 41 83 27 53 6 38 79 48 14 61 77 58 23 25 82 13 36 46 44 40 4 34 80 24 1 17 11 15 52 59 
37 30 43 78 72 63 70 69 8 42 71 32 16 12 2 68 26 19 74 60 49 73 56 76 50 62 37 47 10 33 67 64 55 18 66 3 28 39 29 41 83 27 53 6 38 79 48 14 61 77 58 23 25 82 13 36 46 44 40 4 34 80 24 1 17 11 15 52 59 
38 30 43 78 72 63 70 69 8 42 71 32 16 12 2 68 26 19 74 60 49 73 56 76 50 37 62 47 10 33 67 64 55 18 66 3 28 39 29 41 83 27 53 6 79 38 48 14 61 77 58 23 25 82 13 36 46 44 40 4 34 80 24 1 17 11 15 52 59 
39 30 43 78 72 63 70 69 8 42 71 32 16 12 2 68 26 19 74 60 49 73 56 76 50 37 62 47 10 33 67 64 55 18 66 3 28 39 29 41 83 27 53 6 38 79 48 14 61 77 58 23 25 82 13 36 46 44 40 4 34 80 24 1 17 11 15 52 59 
40 30 43 78 72 63 70 69 8 42 71 32 16 12 2 68 26 19 74 60 49 73 56 76 50 37 62 47 10 33 67 64 55 18 66 3 28 39 29 41 83 27 53 6 38 79 48 14 61 77 58 23 25 82 13 36 46 44 40 4 34 80 24 1 17 11 15 52 59 
41 30 43 78 72 63 70 69 8 42 71 32 16 12 2 68 26 19 74 60 49 73 56 76 50 37 62 47 10 33 67 64 55 18 66 3 28 39 29 41 83 27 53 6 38 79 48 14 61 77 58 23 25 82 13 36 46 44 40 4 34 80 24 1 17 11 15 52 59 
42 30 43 78 72 63 70 69 8 42 71 32 16 12 2 68 26 19 74 60 49 73 56 76 50 37 62 47 10 33 67 64 55 18 66 3 28 39 29 41 83 27 53 6 38 79 48 14 61 77 58 23 25 82 13 36 46 44 40 4 34 80 24 1 17 11 15 52 59 
43 30 78 43 72 63 70 69 8 42 71 32 16 12 2 68 26 19 74 60 49 73 56 76 50 37 62 47 10 33 67 64 55 18 66 3 28 39 29 41 83 27 53 6 38 79 48 14 61 77 58 23 25 82 13 36 46 44 40 4 34 80 24 1 17 11 15 52 59 
44 30 43 78 72 63 70 69 8 42 71 32 16 12 2 68 26 19 74 60 49 73 56 76 50 37 62 47 10 33 67 64 55 18 66 3 28 39 29 41 83 27 53 6 38 79 48 14 61 77 58 23 25 82 13 36 46 44 40 4 34 80 24 1 17 11 15 52 59 
45 30 43 78 72 63 70 69 8 42 71 32 16 12 2 68 26 19 74 60 49 73 56 76 50 37 62 47 10 33 67 64 55 18 66 3 28 39 29 41 83 27 53 6 38 79 48 14 61 77 58 23 25 82 13 36 46 44 40 4 34 80 24 1 17 11 15 52 59 
46 30 43 78 72 63 70 69 8 42 71 32 16 12 2 68 26 19 74 60 49 73 56 76 50 37 62 47 10 33 67 64 55 18 66 3 28 39 29 41 83 27 53 6 38 79 48 14 61 77 58 23 25 82 13 36 46 44 40 4 34 80 24 1 17 11 15 52 59 
47 30 43 78 72 63 70 69 8 42 71 32 16 12 2 68 26 19 74 60 49 73 56 76 50 37 62 10 47 33 67 64 55 18 66 3 28 39 29 41 83 27 53 6 38 79 48 14 61 77 58 23 25 82 13 36 46 44 40 4 34 80 24 1 17 11 15 52 59 
48 30 43 78 72 63 70 69 8 42 71 32 16 12 2 68 26 19 74 60 49 73 56 76 50 37 62 47 10 33 67 64 55 18 66 3 28 39 29 41 83 27 53 6 38 79 48 14 61 77 58 23 25 82 13 36 46 44 40 4 34 80 24 1 17 11 15 52 59 
49 30 43 78 72 63 70 69 8 42 71 32 16 12 2 68 26 19 74 60 49 73 56 76 50 37 62 47 10 33 67 64 55 18 66 3 28 39 29 41 83 27 53 6 38 79 48 14 61 77 58 23 25 82 13 36 46 44 40 4 34 80 24 1 17 11 15 52 59 
50 30 43 78 72 63 70 69 8 42 71 32 16 12 2 68 26 19 74 60 49 73 56 76 50 37 62 47 10 33 67 64 55 18 66 3 28 39 29 41 83 27 53 6 38 79 48 14 61 77 58 23 25 82 13 36 46 44 40 4 34 80 24 1 17 11 15 52 59 
51 30 43 78 72 63 70 69 8 42 71 32 16 12 2 68 26 19 74 60 49 73 56 76 50 37 62 47 10 33 67 64 55 18 66 3 28 39 29 41 83 27 53 6 38 79 48 14 61 77 58 23 25 82 13 36 46 44 40 4 34 80 24 1 17 11 15 52 59 
52 30 43 78 72 63 70 69 8 42 71 32 16 12 2 68 26 19 74 60 49 73 56 76 50 37 62 47 10 33 67 64 55 18 66 3 28 39 29 41 83 27 53 6 38 79 48 14 61 77 58 23 13 36 46 44 40 4 34 80 24 1 17 11 15 59 52 
53 30 43 78 72 63 70 69 8 42 71 32 16 12 2 68 26 19 74 60 49 73 56 76 50 37 62 47 10 33 67 64 55 18 66 3 28 39 29 41 83 27 53 6 38 79 48 14 61 77 58 23 25 82 13 36 46 44 40 4 34 80 1 17 11 15 52 59 
54 30 43 78 72 63 70 69 8 42 71 32 16 12 2 68 26 19 74 60 49 73 56 76 50 37 62 47 10 33 67 64 55 18 66 3 28 39 29 41 83 27 53 6 38 79 48 14 61 77 58 23 25 82 13 36 46 44 40 4 34 80 1 17 11 15 52 59 
55 30 43 78 72 63 70 69 8 42 71 32 16 12 2 68 26 19 74 60 49 73 56 76 50 37 62 47 10 33 67 64 55 18 66 3 28 39 29 41 83 27 53 6 38 79 48 14 61 77 58 23 25 82 13 36 46 44 40 4 34 80 1 17 11 15 52 59 
56 30 43 78 72 63 70 69 8 42 71 32 16 12 2 68 26 19 74 60 49 73 56 76 50 37 62 47 10 33 67 64 55 18 66 3 28 39 29 41 83 27 53 6 38 79 48 14 61 77 58 23 25 82 13 36 46 44 40 4 34 80 1 17 11 15 52 59 
57 30 43 78 72 63 70 69 8 42 71 32 16 12 2 68 26 19 74 60 49 73 56 76 50 37 62 47 10 33 67 64 55 18 66 3 28 39 29 41 83 27 53 6 38 79 48 14 61 77 58 23 25 82 13 36 46 44 40 4 34 80 1 17 11 15 52 59 
58 30 43 78 72 63 70 69 8 42 71 32 16 12 2 68 26 19 74 60 49 73 56 76 50 37 62 47 10 33 67 64 55 18 66 3 28 39 29 41 83 27 53 6 38 79 48 14 61 77 58 23 25 82 13 36 46 44 40 4 34 80 1 17 11 15 52 59 
59 30 43 78 72 63 70 69 8 42 71 32 16 12 2 68 26 19 74 60 49 73 56 76 50 37 62 47 10 33 67 64 55 18 66 3 28 39 29 41 83 53 6 38 79 48 14 61 77 58 23 25 82 13 36 46 44 40 4 34 80 1 17 11 15 52 59 
60 30 43 78 72 63 70 69 8 42 71 32 16 12 2 68 26 19 74 60 49 73 56 76 50 37 62 47 10 33 67 64 55 18 66 3 39 29 41 83 53 6 38 79 48 14 61 77 58 23 25 82 13 36 46 44 40 4 34 80 1 17 11 15 52 59 
61 30 43 78 72 63 70 69 8 42 71 32 16 12 2 68 26 19 74 60 49 73 56 76 50 37 62 47 10 33 67 64 55 18 66 3 39 41 83 53 6 38 79 48 14 61 77 58 23 25 82 13 36 46 44 40 4 34 80 1 17 11 15 52 59 
62 30 43 78 72 63 70 69 8 42 71 32 16 12 2 68 26 19 74 60 49 73 56 76 50 37 62 47 10 33 67 64 55 18 66 3 28 39 29 41 83 27 53 6 38 79 48 14 61 77 58 23 25 82 13 36 46 44 40 4 34 80 1 17 11 15 52 59 
63 30 43 78 72 70 63 69 8 42 71 32 16 12 2 68 26 19 74 60 49 73 56 76 50 37 62 47 10 33 67 64 55 18 66 3 28 39 29 41 83 27 53 6 38 79 48 14 61 77 58 23 25 82 13 36 46 44 40 4 34 80 1 17 11 15 52 59 
64 30 43 78 72 63 70 69 8 42 71 32 16 12 2 68 26 19 74 60 49 73 56 76 50 37 62 47 10 33 67 64 55 18 66 3 28 39 29 41 83 27 53 6 38 79 48 14 61 77 58 23 25 82 13 36 46 44 40 4 34 80 1 17 11 15 52 59 
65 30 43 78 72 63 70 69 8 42 71 32 16 12 2 68 26 19 74 60 49 73 56 76 50 37 62 47 10 33 67 64 55 18 66 3 28 39 29 41 83 27 53 6 38 79 48 14 61 77 58 23 25 82 13 36 46 44 40 4 34 80 1 17 11 15 52 59 
66 30 43 78 72 63 70 69 8 42 71 32 16 12 2 68 26 19 74 60 49 73 56 76 50 37 62 47 10 33 67 64 55 18 66 3 28 39 29 41 83 27 53 6 38 79 48 14 61 77 58 23 25 82 13 36 46 44 40 4 34 80 1 17 11 15 52 59 
67 30 43 78 72 63 70 69 8 42 71 32 16 12 2 68 26 19 74 60 49 73 56 76 50 37 62 47 10 33 67 64 55 18 66 3 28 39 29 41 83 27 53 6 38 79 48 14 61 77 58 23 25 82 13 36 46 44 40 4 34 80 1 17 11 15 52 59 
68 30 43 78 72 63 70 69 8 42 71 32 16 12 2 68 26 19 74 60 49 73 56 76 50 37 62 47 10 33 67 64 55 18 66 3 28 39 29 41 83 27 53 6 38 79 48 14 61 77 58 23 25 82 13 36 46 44 40 4 34 80 1 17 11 15 52 59 
69 30 43 78 72 63 70 69 8 42 71 32 16 12 2 68 26 19 74 60 49 73 56 76 50 37 62 47 10 33 67 64 55 18 66 3 28 39 29 41 83 27 53 6 38 79 48 14 61 77 58 23 25 82 13 36 46 44 40 4 34 80 1 17 11 15 52 59 
70 30 43 78 72 63 70 69 8 42 71 32 16 12 2 68 26 19 74 60 49 73 56 76 50 37 62 47 10 33 67 64 55 18 66 3 28 39 29 41 83 27 53 6 38 79 48 14 61 77 58 23 25 82 13 36 46 44 40 4 34 80 1 17 11 15 52 59 
71 30 43 78 72 63 70 69 8 42 71 32 16 12 2 68 26 19 74 60 49 73 56 76 50 37 62 47 10 33 67 64 55 18 66 3 28 39 29 41 83 27 53 6 38 79 48 14 61 77 58 23 25 82 13 36 46 44 40 4 34 80 1 17 11 15 52 59 
72 30 43 78 72 63 70 69 8 42 71 32 16 12 2 68 26 19 74 60 49 73 56 76 50 37 62 47 10 33 67 64 55 18 66 3 28 39 29 41 83 27 53 6 38 79 48 14 61 77 58 23 25 82 13 36 46 44 40 4 34 80 1 17 11 15 52 59 
73 30 43 78 72 63 70 69 8 42 71 32 16 12 2 68 26 19 74 60 49 73 56 76 50 37 62 47 10 33 67 64 55 18 66 3 28 39 29 41 83 27 53 6 38 79 48 14 61 77 58 23 25 82 13 36 46 44 40 4 34 80 1 17 11 15 52 59 
74 30 43 78 72 63 70 69 8 42 71 32 16 12 2 68 26 19 74 60 49 73 56 76 50 37 62 47 10 33 67 64 55 18 66 3 28 39 29 41 83 27 53 6 38 79 48 14 61 77 58 23 25 82 13 36 46 44 40 4 34 80 1 17 11 15 52 59 
75 30 43 78 72 63 70 69 8 42 71 32 16 12 2 68 26 19 74 60 49 73 56 76 50 37 62 47 10 33 67 64 55 18 66 3 28 39 29 41 83 27 53 6 38 79 48 14 61 77 58 23 25 82 13 36 46 44 40 4 34 80 1 17 11 15 52 59 
76 30 43 78 72 63 70 69 8 42 71 32 16 12 2 68 26 19 74 60 49 73 56 76 50 37 62 47 10 33 67 64 55 18 66 3 28 39 29 41 83 27 53 6 38 79 48 14 61 77 58 23 25 82 13 36 46 44 40 4 34 80 1 17 11 15 52 59 
77 30 43 78 72 63 70 69 8 42 71 32 16 12 2 68 26 19 74 60 49 73 56 76 50 37 62 47 10 33 67 64 55 18 66 3 28 39 29 41 83 27 53 6 38 79 48 14 61 77 58 23 25 82 13 36 46 44 40 4 34 80 1 17 11 15 52 59 
78 30 43 78 72 63 70 69 8 42 71 32 16 12 2 68 26 19 74 60 49 73 56 76 50 37 62 47 10 33 67 64 55 18 66 3 28 39 29 41 83 27 53 6 38 79 48 14 61 77 58 23 25 82 13 36 46 44 40 4 34 80 1 17 11 15 52 59 
79 30 43 78 72 63 70 69 8 42 71 32 16 12 2 68 26 19 74 60 49 73 56 76 50 37 62 47 10 33 67 64 55 18 66 3 28 39 29 41 83 27 53 6 38 79 48 14 61 77 58 23 25 82 13 36 46 44 40 4 34 80 1 17 11 15 52 59 
80 30 43 78 72 63 70 69 8 42 71 32 16 12 2 68 26 19 74 60 49 73 56 76 50 37 62 47 10 33 67 64 55 18 66 3 28 39 29 41 83 27 53 6 38 79 48 14 61 77 58 23 25 82 13 36 46 44 40 4 34 80 1 17 11 15 52 59 
81 30 43 78 72 63 70 69 8 42 71 32 16 12 2 68 26 19 74 60 49 73 56 76 50 37 62 47 10 33 67 64 55 18 66 3 28 39 29 41 83 27 53 6 38 79 48 14 61 77 58 23 25 82 13 36 46 44 40 4 34 80 1 17 11 15 52 59 
82 30 43 78 72 63 70 69 8 42 71 32 16 12 2 68 26 19 74 60 49 73 56 76 50 37 62 47 10 33 67 64 55 18 66 3 28 39 29 41 83 27 53 6 38 79 48 14 61 77 58 23 82 13 36 46 44 40 4 34 80 1 17 11 15 59 
83 30 43 78 72 63 70 69 8 42 71 32 16 12 2 68 26 19 74 60 49 73 56 76 50 37 62 47 10 33 67 64 55 18 66 3 28 39 29 41 83 27 53 6 38 79 48 14 61 77 58 25 82 13 36 46 44 40 4 34 80 1 17 11 15 52 59 
84 30 43 78 72 63 70 69 8 42 71 32 16 12 2 68 26 19 74 60 49 73 56 76 50 37 62 47 10 33 67 64 55 18 66 3 28 39 29 41 83 27 53 6 38 79 48 14 61 77 58 25 82 13 36 46 44 40 4 34 80 1 17 11 15 52 59 
85 30 43 78 85 72 63 70 69 8 42 71 32 16 12 2 68 26 19 74 60 49 73 56 76 50 37 62 47 10 33 67 64 55 18 66 3 28 39 29 41 83 27 53 6 38 79 48 14 61 77 58 23 25 82 13 36 46 44 40 4 34 80 24 1 17 11 15 52 59 
86 30 43 78 85 72 63 70 69 8 42 71 32 16 12 2 68 26 19 74 60 49 73 56 76 50 37 62 47 10 33 67 64 55 18 66 3 28 39 29 41 83 27 53 6 38 79 48 14 61 77 58 23 25 82 13 36 46 44 40 4 34 80 24 1 17 11 15 52 59 
