1 1 
2 1 2 
3 1 3 2 
4 1 3 2 4 
5 1 3 2 4 
6 1 3 2 4 
7 1 3 2 4 
8 1 3 2 4 
9 1 3 2 4 
10 1 3 2 4 
11 1 11 3 2 4 
12 1 12 11 3 2 4 
13 1 12 13 11 3 2 4 
14 1 12 13 14 11 3 2 4 
15 1 12 15 13 14 11 3 2 4 
16 1 12 15 13 14 11 3 2 4 
17 1 12 15 13 14 11 17 3 2 4 
18 1 12 15 13 14 11 17 3 2 4 
19 1 12 15 13 14 11 17 3 2 4 19 
20 1 12 15 13 14 11 17 20 3 2 4 19 
21 1 12 15 13 14 11 17 20 3 2 4 19 
22 1 12 15 13 14 11 17 20 3 2 4 19 
23 26 25 28 33 23 13 35 17 20 30 3 4 19 1 12 15 14 11 2 29 
24 26 25 28 23 33 13 35 17 20 30 3 4 19 1 12 15 14 11 2 29 
25 26 25 28 23 33 13 35 17 20 30 3 4 19 1 12 15 14 11 2 29 
26 26 25 28 23 33 13 35 17 20 30 3 4 19 1 12 15 14 11 2 29 
27 26 25 28 23 33 13 35 17 20 30 3 4 19 1 12 15 14 11 2 29 
28 26 25 28 23 33 13 35 17 20 30 3 4 19 1 12 15 14 11 2 29 
29 26 25 28 23 33 13 35 17 20 30 3 4 19 1 12 15 14 11 2 29 
30 26 25 28 23 33 13 35 17 20 30 3 4 19 1 12 15 14 11 2 29 
31 26 25 28 23 33 13 35 17 20 30 3 4 19 1 12 15 14 11 2 29 
32 26 25 28 23 33 13 17 20 30 3 32 4 1 12 15 14 11 2 29 
33 26 25 28 23 33 13 17 20 30 3 32 4 1 12 15 14 11 2 29 
34 26 25 28 23 33 13 17 20 30 3 32 4 1 12 15 14 11 2 29 
35 26 25 28 23 33 13 35 17 20 30 3 4 1 12 15 14 11 2 29 
36 26 25 28 23 33 13 35 17 20 30 3 4 1 12 15 14 11 2 29 
37 26 37 25 28 23 33 13 35 17 20 30 3 4 19 1 12 15 14 11 2 29 
38 26 37 25 28 23 33 13 35 17 20 30 3 4 19 1 38 12 15 14 11 2 29 
39 26 37 25 28 23 33 13 35 17 20 30 3 4 19 1 38 12 15 14 11 2 29 
40 26 37 25 28 23 33 13 35 17 20 30 3 4 19 1 38 12 15 14 40 11 2 29 
41 26 37 25 28 23 33 13 35 17 20 30 3 4 19 1 38 12 41 15 14 40 11 2 29 
42 26 28 23 17 20 30 3 4 38 41 14 40 2 29 37 25 33 13 35 19 1 12 15 42 11 
43 26 28 23 17 20 30 3 4 38 41 43 14 40 2 29 37 25 33 13 35 19 1 12 15 42 11 
44 26 28 23 17 20 30 3 4 38 41 43 14 40 2 29 37 25 33 13 35 19 1 12 15 42 11 
45 26 28 23 17 20 30 3 4 38 41 43 14 40 2 29 37 25 33 13 35 19 1 12 15 42 11 
46 26 28 23 17 20 30 3 4 38 41 43 14 40 2 29 37 25 33 13 35 19 1 12 46 15 42 11 
47 26 28 23 17 20 30 3 4 38 41 43 14 40 2 29 37 25 33 13 35 19 1 12 46 15 42 11 
