1 1 
2 1 2 
3 1 3 2 
4 4 1 3 2 
5 7 4 8 1 3 6 2 
6 7 4 8 1 3 6 2 
7 7 4 8 1 3 6 
8 7 8 1 3 6 
9 7 8 1 3 6 
10 7 4 8 1 3 6 2 10 
11 7 4 8 1 3 6 2 10 
12 7 4 8 1 3 6 2 10 
13 13 4 8 1 3 6 10 
14 13 4 8 1 3 6 10 14 
15 13 4 8 1 3 6 10 14 
16 13 4 8 1 6 16 10 14 
17 13 4 8 37 17 39 33 27 43 31 32 10 14 19 28 1 16 24 6 34 38 22 25 30 
18 13 4 8 17 37 39 33 27 43 31 32 10 14 19 28 1 16 24 6 34 38 22 25 30 
19 13 4 8 17 37 39 33 27 43 31 32 10 14 19 28 1 16 24 6 34 38 22 25 30 
20 13 4 8 17 37 39 33 27 43 31 32 10 14 19 28 1 16 24 6 34 38 22 25 30 
21 13 4 8 17 37 39 33 27 43 31 32 10 14 19 28 1 16 24 6 34 38 22 25 30 
22 13 4 8 17 37 39 33 27 43 31 32 10 14 19 28 1 16 24 6 34 38 22 25 30 
23 13 4 8 17 37 39 33 27 43 31 32 10 14 19 28 1 16 24 6 34 38 22 25 30 
24 13 4 8 17 37 39 33 27 43 31 32 10 14 19 28 1 16 6 34 24 38 22 25 30 
25 13 4 8 17 37 39 33 27 43 31 32 10 14 19 28 1 16 24 6 34 38 22 30 25 
26 13 4 8 17 37 39 33 27 43 31 32 10 14 19 28 1 16 24 6 34 38 22 25 30 
27 13 4 8 17 37 39 33 27 43 31 32 10 14 19 28 1 16 24 34 38 22 25 30 
28 13 4 8 17 37 39 33 27 43 31 32 10 14 19 28 1 16 24 34 38 22 25 30 
29 13 4 8 17 37 39 33 27 43 31 32 10 14 19 28 1 16 24 34 38 22 25 30 
30 13 4 8 17 37 39 33 27 43 31 32 10 14 19 28 1 16 24 34 38 22 25 30 
31 13 4 8 17 37 39 33 27 43 31 32 10 14 19 28 1 16 24 34 38 22 25 30 
32 13 4 8 17 37 39 33 27 43 31 32 10 14 19 28 1 16 24 34 38 22 25 30 
33 13 4 8 17 37 39 33 27 43 31 32 10 14 19 28 1 16 24 34 38 22 25 30 
34 13 4 8 17 37 39 33 27 43 31 32 10 14 19 28 1 16 24 34 38 22 25 30 
35 13 4 8 17 37 39 33 27 43 31 32 10 14 19 28 1 16 24 34 38 22 25 30 
36 13 4 8 17 37 39 33 27 43 31 32 10 14 19 28 1 16 24 34 38 22 25 30 
37 13 4 8 17 37 39 33 27 43 31 32 10 14 19 28 1 16 24 34 38 22 25 30 
38 13 4 8 17 37 39 33 27 43 31 32 10 14 19 28 1 16 24 34 38 22 25 30 
39 13 4 8 17 37 39 33 27 43 31 32 10 14 19 28 1 16 24 34 38 22 25 30 
40 13 4 8 17 37 39 33 27 43 31 32 10 14 19 28 1 16 24 34 38 22 25 30 
41 13 4 8 17 37 39 33 27 43 31 32 10 14 19 28 1 16 24 34 38 22 25 30 
42 13 4 8 17 37 39 33 27 43 31 32 10 14 19 28 1 16 24 34 38 22 25 30 
43 13 4 8 17 37 39 33 27 43 31 32 10 14 19 28 1 24 34 38 22 25 30 
44 13 4 8 17 37 39 33 27 43 31 32 10 14 19 28 1 24 34 38 22 25 30 
45 13 4 8 17 37 39 33 27 43 31 32 10 14 19 28 1 16 24 6 34 38 22 25 30 
