1 1 
2 1 2 
3 3 1 2 
4 4 3 1 2 
5 4 3 1 2 
6 4 3 6 1 2 
7 19 14 9 2 11 22 4 13 3 7 6 15 1 20 
8 19 14 9 2 11 22 4 13 3 7 6 15 1 20 
9 19 14 9 2 11 22 4 13 3 7 6 15 1 20 
10 19 14 9 2 11 22 4 13 3 7 6 15 1 20 
11 19 14 9 2 11 22 4 13 3 7 6 15 1 20 
12 19 14 9 2 11 22 4 13 3 7 6 15 1 20 
13 19 14 9 2 11 22 4 13 3 7 6 15 1 20 
14 19 14 9 2 11 22 4 13 3 7 6 15 1 20 
15 19 14 9 2 11 22 4 13 3 7 6 15 1 20 
16 19 14 9 2 11 22 4 13 3 7 6 15 1 20 
17 19 14 9 2 11 22 4 13 3 7 6 15 1 20 
18 19 14 9 2 11 22 4 13 3 7 6 15 1 20 
19 19 14 9 2 11 22 4 13 3 7 6 15 1 20 
20 19 14 9 2 11 22 4 13 3 7 6 15 1 20 
21 19 14 9 2 11 22 4 13 3 7 6 15 1 20 
22 19 14 9 2 11 22 4 13 3 7 15 1 20 
23 19 14 9 2 11 22 4 13 3 7 15 1 20 
24 19 14 9 2 24 11 22 4 13 3 7 6 15 1 20 
25 19 14 9 2 24 11 22 4 13 3 7 6 15 1 20 
