1 1 
2 2 1 
3 3 2 1 
4 3 2 1 4 
5 3 2 1 5 4 
6 6 3 2 1 5 4 
7 6 3 2 1 5 7 4 
8 6 3 2 8 1 5 7 4 
9 6 3 2 8 1 5 7 9 4 
10 6 3 2 8 10 1 5 7 9 4 
11 6 3 11 2 8 10 1 5 7 9 4 
12 6 3 11 2 8 10 12 1 5 7 9 4 
13 17 15 8 10 1 19 6 3 11 14 2 21 16 12 5 7 9 4 
14 17 15 8 10 1 19 6 3 11 14 2 21 16 12 5 7 9 4 
15 17 15 8 10 1 19 6 3 11 14 2 21 16 12 5 7 9 4 
16 17 15 8 10 1 19 6 3 11 14 2 21 16 12 5 7 9 4 
17 17 15 8 10 1 19 6 3 11 14 2 21 16 12 5 7 9 4 
18 17 15 8 10 1 19 6 3 11 14 2 21 16 12 5 7 9 4 
19 17 15 8 10 1 19 6 3 11 14 2 21 16 12 7 9 4 
20 17 15 8 10 1 19 6 3 11 14 2 21 16 12 7 9 4 
21 17 15 8 10 1 19 6 3 11 14 2 21 16 5 7 9 4 
22 17 15 8 10 1 19 6 3 11 14 2 21 16 12 5 7 9 4 
23 17 15 8 10 1 19 6 3 11 14 2 21 16 12 23 5 7 9 4 
24 17 15 8 10 1 19 6 3 11 14 2 21 16 12 23 5 7 9 4 
