1 1 
2 2 1 
3 3 2 1 
4 4 3 2 1 
5 4 3 2 1 
6 4 3 2 1 6 
7 4 3 2 1 6 
8 4 8 3 2 1 6 
9 4 8 3 2 1 9 6 
10 21 12 16 17 14 2 11 9 4 8 13 18 19 3 15 1 6 
11 21 12 16 17 14 2 11 9 4 8 13 18 19 3 15 1 6 
12 21 16 12 17 14 2 11 9 4 8 13 18 19 3 15 1 6 
13 21 12 16 17 14 2 11 9 4 8 18 13 19 3 15 1 6 
14 21 12 16 17 14 2 11 9 4 8 13 18 19 3 15 1 6 
15 21 12 16 17 14 2 11 9 4 8 13 18 19 3 15 1 6 
16 21 12 16 17 14 2 11 9 4 8 13 18 19 3 15 1 6 
17 21 12 16 17 14 2 11 9 4 8 13 18 19 3 15 1 6 
18 21 12 16 17 14 2 11 9 4 8 13 18 19 3 15 1 6 
19 21 12 16 17 14 2 11 9 4 8 13 18 19 3 15 1 6 
20 21 12 16 17 14 2 11 9 4 8 13 18 19 3 15 1 6 
21 21 12 16 17 14 2 11 4 8 13 18 19 3 15 1 6 
22 21 12 16 17 14 2 11 4 8 13 18 19 3 15 1 6 
23 21 12 16 17 14 2 11 9 4 13 18 23 19 3 15 1 6 
24 12 16 17 14 2 11 4 23 13 18 19 3 15 24 1 6 
25 40 17 26 38 4 28 27 23 18 19 35 24 6 41 12 16 39 31 14 30 2 11 43 36 29 37 13 3 15 33 1 
26 40 17 26 38 4 28 27 23 18 19 35 24 6 41 12 16 39 31 14 30 2 43 36 29 37 13 3 15 33 1 
27 40 17 26 38 4 28 27 23 18 19 35 24 6 41 12 16 39 31 14 30 2 43 36 29 37 13 3 15 33 1 
28 40 17 26 38 4 28 27 23 18 19 35 24 6 41 12 16 39 31 14 30 2 43 36 29 37 13 3 15 33 1 
29 40 17 26 38 4 28 27 23 18 19 35 24 6 41 12 16 39 31 14 30 2 43 36 29 37 13 3 15 33 1 
30 40 17 26 38 4 28 27 23 18 19 35 24 6 41 12 16 39 31 14 30 2 43 36 29 37 13 3 15 33 1 
31 40 17 26 38 4 28 27 23 18 19 35 24 6 41 12 16 39 31 14 30 2 43 36 29 37 13 3 15 33 1 
32 40 17 26 38 4 28 27 23 18 19 35 24 6 41 12 16 39 31 14 30 2 43 36 29 37 13 3 15 33 1 
33 40 17 26 38 4 28 27 23 18 19 35 24 6 41 12 16 39 31 14 30 2 43 36 29 37 13 3 15 33 1 
34 40 17 26 38 4 28 27 23 18 19 35 24 6 41 12 16 39 31 14 30 2 43 36 29 37 13 3 15 33 1 
35 40 17 26 38 4 28 27 23 18 19 35 24 6 41 12 16 39 31 14 30 2 43 36 29 37 13 3 15 33 1 
36 40 17 26 38 4 28 27 23 18 19 35 24 6 41 12 16 39 31 14 30 2 43 36 29 37 13 3 15 33 1 
37 40 17 26 38 4 28 27 23 18 19 35 24 6 41 12 16 39 31 14 30 2 43 36 29 13 37 3 15 33 1 
38 40 17 26 38 4 28 27 23 18 19 35 24 6 41 12 16 39 31 14 30 2 43 36 29 37 13 3 15 33 1 
39 40 17 26 38 4 28 27 23 18 19 35 24 6 41 12 16 39 31 14 30 2 43 36 29 37 13 3 15 33 1 
40 40 17 26 38 4 28 27 23 18 19 35 24 6 41 12 16 39 31 14 30 2 43 36 29 37 13 3 15 33 1 
41 40 17 26 38 4 28 27 23 18 19 35 24 6 12 16 41 39 31 14 30 2 43 36 29 37 13 3 15 33 1 
42 40 17 26 38 4 28 27 23 18 19 35 24 6 41 12 16 39 31 14 30 2 43 36 29 37 13 3 15 33 1 
43 40 17 26 38 4 28 27 23 18 19 35 6 41 12 16 39 31 14 30 2 43 36 29 37 13 3 15 33 1 
44 40 17 26 38 4 28 27 23 18 19 35 6 41 12 16 39 31 14 30 2 43 36 29 37 13 3 15 33 1 
45 40 17 26 38 4 28 27 23 18 19 35 24 6 41 12 16 39 31 14 30 2 11 45 43 36 29 37 13 3 15 33 1 
46 40 17 26 38 4 28 46 27 23 18 19 35 24 6 41 12 16 39 31 14 30 2 11 45 43 36 29 37 13 3 15 33 1 
47 40 17 26 38 4 28 46 27 18 19 35 24 6 41 12 16 39 31 47 14 30 2 11 45 43 36 29 37 13 3 15 33 1 
48 50 52 40 17 26 48 38 4 28 46 27 18 19 35 24 6 41 12 16 39 31 47 14 30 2 11 45 43 36 51 29 37 13 3 15 33 1 54 
49 50 52 40 17 26 48 38 4 28 46 27 18 19 35 24 6 41 12 16 39 31 47 14 30 2 11 45 43 36 51 29 37 13 3 15 33 1 54 
50 52 50 40 17 26 48 38 4 28 46 27 18 19 35 24 6 41 12 16 39 31 47 14 30 2 11 45 43 36 51 29 37 13 3 15 33 1 54 
51 50 52 40 17 26 48 38 4 28 46 27 18 19 35 24 6 41 12 16 39 31 47 14 30 2 11 45 43 36 29 51 37 13 3 15 33 1 54 
52 50 52 40 17 26 48 38 4 28 46 27 18 19 35 24 6 41 12 16 39 31 47 14 30 2 11 45 43 36 51 29 37 13 3 15 33 1 54 
53 50 52 40 17 26 48 38 4 28 46 27 18 19 35 24 6 41 12 16 39 31 47 14 30 2 11 45 43 36 51 29 37 13 3 15 33 1 54 
54 50 52 40 17 26 48 38 4 28 46 27 18 19 35 24 6 41 12 16 39 31 14 30 2 11 45 43 36 51 29 37 13 3 15 33 1 54 
55 50 52 40 17 26 48 38 4 28 46 27 18 19 35 24 6 41 12 16 39 31 14 30 2 11 45 43 36 51 29 37 13 3 15 33 1 54 
56 50 52 40 17 26 48 38 4 28 46 27 18 19 35 24 6 41 12 16 39 31 47 14 30 2 11 45 43 36 51 29 37 13 3 15 33 1 54 
