1 1 
2 2 1 
3 2 11 15 9 5 8 10 20 17 6 1 13 14 3 
4 2 11 15 9 5 8 10 20 17 6 1 13 14 3 
5 2 11 15 9 5 8 10 20 17 6 1 13 14 3 
6 2 11 15 9 5 8 10 20 17 6 1 13 14 3 
7 2 11 15 9 5 8 10 20 17 6 1 13 14 3 
8 2 11 15 9 5 8 10 20 17 6 1 13 14 3 
9 2 11 15 9 5 8 10 20 17 6 1 13 14 3 
10 2 11 15 9 5 8 20 10 17 6 1 13 14 3 
11 2 11 15 9 5 8 10 20 17 6 1 13 14 3 
12 2 11 15 9 5 8 10 20 17 6 1 13 14 3 
13 2 11 15 9 5 8 10 20 17 6 1 14 13 3 
14 2 11 15 9 5 8 10 20 17 6 1 13 14 3 
15 2 11 15 9 5 8 10 20 17 6 1 13 14 3 
16 2 11 15 9 5 8 10 20 17 6 1 13 14 3 
17 2 11 15 9 5 8 10 20 17 6 1 13 14 3 
18 2 11 15 9 5 8 10 20 17 6 1 13 14 3 
19 11 15 9 5 8 10 17 6 19 1 13 14 3 
20 11 15 9 5 8 10 20 17 6 1 13 14 3 
21 11 15 9 5 8 10 20 17 6 1 13 14 3 
22 2 11 15 9 5 8 22 10 20 17 6 1 13 14 3 
23 2 11 15 9 5 22 8 10 20 17 6 1 13 14 3 
24 2 11 24 15 9 5 22 8 10 20 17 6 1 14 3 
25 2 24 27 11 15 9 5 22 8 10 20 33 28 17 6 31 25 30 1 14 3 
26 2 24 27 11 15 9 5 22 8 10 20 33 28 17 6 31 25 30 1 14 3 
27 2 24 11 27 15 9 5 22 8 10 20 33 28 17 6 31 25 30 1 14 3 
28 2 24 27 11 15 9 5 22 8 10 20 33 17 28 6 31 25 30 1 14 3 
29 2 24 27 11 15 9 5 22 8 10 20 33 28 17 6 31 25 30 1 14 3 
30 2 24 27 11 15 9 5 22 8 10 20 33 28 17 6 31 25 30 1 14 3 
31 2 24 27 11 15 9 5 22 8 10 20 33 28 17 6 31 25 30 1 14 3 
32 2 24 27 11 15 9 5 22 8 10 20 33 28 17 6 31 25 30 1 14 3 
33 2 27 11 15 9 5 22 8 10 20 33 28 17 6 31 25 30 1 14 3 
34 2 27 11 15 9 5 22 8 10 20 33 28 17 6 31 25 30 1 14 3 
35 2 24 27 11 15 9 5 22 8 10 20 33 28 17 6 31 25 30 1 14 3 
