1 1 
2 2 1 
3 2 1 3 
4 2 1 3 4 
5 2 1 3 4 5 
6 2 1 3 4 5 
7 2 1 3 4 5 
8 2 1 3 4 5 8 
9 16 11 24 20 2 17 3 5 13 19 18 22 10 1 4 8 15 
10 16 11 24 20 2 17 3 5 13 19 18 10 1 4 8 15 
11 16 11 20 24 2 17 3 5 13 19 18 22 10 1 4 8 15 
12 16 11 20 24 2 17 3 5 13 19 18 22 10 1 4 8 15 
13 16 11 20 24 2 17 3 5 19 13 18 22 10 1 4 8 15 
14 16 11 20 24 2 17 3 5 13 19 18 22 10 1 4 8 15 
15 16 11 20 24 2 17 3 5 13 19 18 22 10 1 4 8 15 
16 16 11 20 24 2 17 3 5 13 19 18 22 10 1 4 8 15 
17 16 11 20 24 2 17 3 5 13 19 18 22 10 1 4 8 15 
18 16 11 20 24 2 17 3 5 13 19 18 22 10 1 4 8 15 
19 16 11 20 24 2 17 3 5 13 19 18 22 10 1 4 8 15 
20 16 11 24 20 2 17 3 5 13 19 18 22 10 1 4 8 15 
21 16 11 20 24 2 17 3 5 13 19 18 22 10 1 4 8 15 
22 16 11 20 24 2 17 3 5 13 19 18 22 1 4 8 15 
23 16 11 20 24 2 17 3 5 13 19 18 22 1 4 8 15 
24 16 11 20 24 2 17 3 5 13 19 18 22 10 1 4 15 
25 16 11 24 20 2 17 3 5 13 19 18 22 10 1 4 15 
26 16 11 24 20 2 17 3 5 13 19 18 22 10 1 4 26 8 15 
27 16 11 24 20 2 17 3 5 13 19 18 22 10 1 4 26 8 15 
28 16 11 24 20 2 17 3 28 5 13 19 18 22 10 1 4 26 8 15 
29 16 11 24 20 2 17 3 28 5 13 19 18 22 10 1 4 26 8 15 
30 16 11 24 20 2 17 3 30 5 13 19 18 22 10 1 4 26 8 15 
31 16 11 24 20 2 17 3 28 30 5 13 19 18 22 10 1 4 26 8 15 
