1 1 
2 1 2 
3 3 1 2 
4 3 1 4 2 
5 3 1 4 5 2 
6 3 1 4 5 2 
7 3 1 4 7 5 2 
8 11 22 14 30 5 17 26 33 13 21 2 23 29 15 16 36 38 24 28 7 3 32 1 27 4 10 31 19 12 8 25 18 34 
9 11 22 14 30 5 17 26 33 13 21 2 23 29 15 16 36 38 24 28 7 3 32 1 27 4 10 31 19 8 12 25 18 34 
10 11 22 14 30 5 17 26 33 13 21 2 23 29 15 16 36 38 24 28 7 3 32 1 27 4 31 10 19 8 12 25 18 34 
11 11 22 14 30 5 17 26 33 13 21 2 23 29 15 16 36 38 24 28 7 3 32 1 27 4 10 31 19 8 12 25 18 34 
12 11 22 14 30 5 17 26 33 13 21 2 23 29 15 16 36 38 24 28 7 3 32 1 27 4 10 31 19 8 12 25 18 34 
13 11 22 14 30 5 17 26 33 13 21 2 23 29 15 16 36 38 24 28 7 3 32 1 27 4 10 31 19 8 12 25 18 34 
14 11 22 30 14 5 17 26 33 13 21 2 23 29 15 16 36 38 24 28 7 3 32 1 27 4 10 31 19 8 12 25 18 34 
15 11 22 14 30 5 17 26 33 13 21 2 23 29 16 15 36 38 24 28 7 3 32 1 27 4 10 31 19 8 12 25 18 34 
16 11 22 14 30 5 17 26 33 13 21 2 23 29 15 16 36 38 24 28 7 3 32 1 27 4 10 31 19 8 12 25 18 34 
17 11 22 14 30 5 26 17 33 13 21 2 23 29 15 16 36 38 24 28 7 3 32 1 27 4 10 31 19 8 12 25 18 34 
18 11 22 14 30 5 17 26 33 13 21 2 23 29 15 16 36 38 24 28 7 3 32 1 27 10 31 19 8 12 25 34 18 
19 11 22 14 30 5 17 26 33 13 21 2 23 29 15 16 38 24 28 7 3 32 1 27 10 31 19 8 12 25 18 34 
20 11 22 14 30 5 17 26 33 13 21 2 23 29 15 16 36 38 24 28 7 3 32 1 27 10 31 19 8 12 25 18 34 
21 11 22 14 30 5 17 26 33 13 21 2 23 29 15 16 36 38 24 28 7 3 32 1 27 10 31 19 8 12 25 18 34 
22 11 22 14 30 5 17 26 33 13 21 2 23 29 15 16 36 38 24 28 7 3 32 1 27 10 31 19 8 12 25 18 34 
23 11 22 14 30 5 17 26 33 13 21 2 29 23 15 16 36 38 24 28 7 3 32 1 27 10 31 19 8 12 25 18 34 
24 11 22 14 30 5 17 26 33 13 21 2 23 29 15 16 36 38 24 28 7 3 32 1 27 10 31 19 8 12 25 18 34 
25 11 22 14 30 5 17 26 33 13 21 2 23 29 15 16 36 38 24 28 7 3 32 1 27 10 31 19 8 12 25 18 34 
26 11 22 14 30 5 17 26 33 13 21 2 23 29 15 16 36 38 24 28 7 3 32 1 27 10 31 19 8 12 25 18 34 
27 11 22 14 30 5 17 26 33 13 21 2 23 29 15 16 36 38 24 28 7 3 32 1 27 10 31 19 8 12 25 18 34 
28 11 22 14 30 5 17 26 33 13 21 2 23 29 15 16 36 38 24 28 7 3 32 1 27 10 31 19 8 12 25 18 34 
29 11 22 14 30 5 17 26 33 13 21 2 23 29 15 16 36 38 24 28 7 3 32 1 27 10 31 19 8 12 25 18 34 
30 11 22 14 30 5 17 26 33 13 21 2 23 29 15 16 36 38 24 28 7 3 32 1 27 10 31 19 8 12 25 18 34 
31 11 22 14 30 5 17 26 33 13 21 2 23 29 15 16 36 38 24 28 7 3 32 1 27 10 31 19 8 12 25 18 34 
32 11 22 14 30 5 17 26 33 13 21 2 23 29 15 16 36 38 24 28 7 3 32 1 27 10 31 19 8 12 25 18 34 
33 11 22 14 30 5 17 26 33 13 21 2 23 29 15 16 36 38 24 28 7 3 32 1 27 10 31 19 8 12 25 18 34 
34 11 22 14 30 5 17 26 33 13 21 2 23 29 15 16 36 38 24 28 7 3 32 1 27 10 31 19 8 12 25 18 34 
35 11 22 14 30 5 17 26 33 13 21 2 23 29 15 16 36 38 24 28 7 3 32 1 27 10 31 19 8 12 25 18 34 
36 11 22 14 30 5 17 26 33 13 21 2 23 29 15 16 36 38 24 28 7 3 32 1 27 10 31 8 12 25 18 34 
37 11 22 14 30 5 17 26 33 13 21 2 23 29 15 16 36 38 24 28 7 3 32 1 27 10 31 8 12 25 18 34 
38 11 22 14 30 5 17 26 33 13 21 2 23 29 15 16 36 38 24 28 3 32 1 27 10 31 19 8 12 25 18 34 
39 11 22 14 30 5 17 26 33 13 21 2 23 29 15 16 36 38 24 28 3 32 1 27 10 31 19 8 12 25 18 34 
40 11 22 14 30 5 17 26 33 13 21 2 23 29 15 16 36 38 24 28 7 3 32 1 27 4 10 31 19 8 12 25 18 34 
