1 1 
2 1 2 
3 1 2 
4 1 2 
5 1 2 5 
6 1 2 5 
7 1 2 5 7 
8 1 8 2 5 7 
9 1 8 2 5 7 
10 1 8 2 5 7 10 
11 19 18 11 13 5 7 10 17 1 25 15 14 8 21 23 2 
12 19 11 18 13 5 7 10 17 1 25 15 14 8 21 23 2 
13 19 11 18 13 5 7 10 17 1 25 15 14 8 21 2 
14 19 11 18 13 5 7 10 17 1 25 15 14 8 21 23 2 
15 19 11 18 13 5 7 10 17 1 25 15 14 8 21 23 2 
16 19 11 18 13 5 7 10 17 1 25 15 14 8 21 23 2 
17 19 11 18 13 5 7 10 17 1 25 15 14 8 21 23 2 
18 19 11 18 13 5 7 10 17 1 25 15 14 8 21 23 2 
19 19 11 18 13 5 7 10 17 1 25 15 14 8 21 23 2 
20 19 11 18 13 5 7 10 17 1 25 15 14 8 21 23 2 
21 19 11 18 13 5 7 10 17 1 25 15 14 8 23 21 2 
22 19 11 18 13 5 7 10 17 1 25 15 14 8 21 23 2 
23 19 11 18 5 7 10 17 1 25 15 14 8 21 23 2 
24 19 11 18 5 7 10 17 1 25 15 14 8 21 23 2 
25 19 11 18 13 5 7 17 1 25 15 14 8 21 23 2 
26 19 11 18 13 5 7 17 1 25 15 14 8 21 23 2 
27 19 11 18 13 27 5 7 10 17 1 25 15 14 8 21 23 2 
28 19 11 18 13 27 5 7 10 17 1 25 15 14 8 21 23 2 
29 19 11 18 13 27 5 7 10 17 1 25 15 14 29 8 21 23 2 
30 19 11 18 13 27 30 5 7 10 17 1 25 15 29 14 8 21 23 2 
31 19 31 11 18 13 27 30 5 7 10 17 1 25 15 29 14 8 21 23 2 
32 19 31 11 18 13 27 30 5 7 10 17 1 25 15 29 14 8 21 23 2 
33 19 31 33 11 18 27 30 5 7 10 17 1 25 15 29 14 8 21 2 
34 19 31 11 18 39 5 7 1 41 29 37 43 21 47 45 36 33 40 27 30 10 17 34 25 15 14 8 2 
35 19 31 11 18 39 5 7 1 41 29 37 43 21 47 45 36 33 40 27 30 10 17 34 25 15 14 8 2 
36 19 31 11 18 39 5 7 1 41 29 37 43 21 47 36 33 40 27 30 10 17 34 25 15 14 8 2 
37 19 31 11 18 39 5 7 1 41 29 37 43 21 47 45 36 33 40 27 30 10 17 34 25 15 14 8 2 
38 19 31 11 18 39 5 7 1 41 29 37 43 21 47 45 36 33 40 27 30 10 17 34 25 15 14 8 2 
39 19 31 11 18 39 5 7 1 41 29 37 43 21 47 45 36 33 40 27 30 10 17 34 25 15 14 8 2 
40 19 31 11 18 39 5 7 1 41 29 37 43 21 47 45 36 33 40 27 30 10 17 34 25 15 14 8 2 
41 19 31 11 18 39 5 7 1 41 29 37 43 21 47 45 36 33 40 27 30 10 17 34 25 15 14 8 2 
42 19 31 11 18 39 5 7 1 41 29 37 43 21 47 45 36 33 40 27 30 10 17 34 25 15 14 8 2 
43 19 31 11 18 39 5 7 1 41 29 37 21 43 47 45 36 33 40 27 30 10 17 34 25 15 14 8 2 
44 19 31 11 18 39 5 7 1 41 29 37 43 21 47 45 36 33 40 27 30 10 17 34 25 15 14 8 2 
45 19 31 11 18 39 5 7 1 41 29 37 43 21 47 45 33 40 27 30 10 17 34 25 15 14 8 2 
46 19 31 11 18 39 5 7 1 41 29 37 43 21 47 45 33 40 27 30 10 17 34 25 15 14 8 2 
47 19 31 11 18 39 5 7 1 41 29 37 43 21 47 45 36 40 27 30 10 17 34 25 15 14 8 2 
48 19 31 11 18 39 5 7 1 41 29 37 43 21 47 45 36 40 27 30 10 17 34 25 15 14 8 2 
49 19 49 31 11 18 39 5 7 1 41 29 37 43 21 45 36 40 27 30 10 17 34 25 15 14 8 2 
50 56 19 49 31 11 18 39 69 5 7 1 62 41 29 52 37 43 21 45 36 40 27 30 57 10 67 17 34 25 15 54 14 59 50 8 2 65 53 63 
51 56 19 49 31 11 18 39 69 5 7 1 62 41 29 52 37 43 21 45 36 40 27 30 57 10 67 17 34 25 15 54 14 50 59 8 2 65 53 63 
52 56 19 49 31 11 18 39 69 5 7 1 62 41 29 37 52 43 21 40 27 30 57 10 17 34 25 15 54 14 50 59 8 2 65 53 63 
53 56 19 49 31 11 18 39 69 5 7 1 62 41 29 52 37 43 21 40 27 30 57 10 67 17 34 25 15 54 14 50 59 8 2 65 53 63 
54 56 19 49 31 11 18 39 69 5 7 1 62 41 29 52 37 43 21 40 27 30 57 10 67 17 34 25 15 54 14 50 59 8 2 65 53 63 
55 56 19 49 31 11 18 39 69 5 7 1 62 41 29 52 37 43 21 40 27 30 57 10 67 17 34 25 15 54 14 50 59 8 2 65 53 63 
56 56 19 49 31 11 18 39 69 5 7 1 62 41 29 52 37 43 21 40 27 30 57 10 67 17 34 25 15 54 14 50 59 8 2 65 53 63 
57 56 19 49 31 11 18 39 69 5 7 1 62 41 29 52 37 43 21 40 27 30 57 10 67 17 34 25 15 54 14 50 59 8 2 65 53 63 
58 56 19 49 31 11 18 39 69 5 7 1 62 41 29 52 37 43 21 40 27 30 57 10 67 17 34 25 15 54 14 50 59 8 2 65 53 63 
59 56 19 49 31 11 18 39 69 5 7 1 62 41 29 52 37 43 21 40 27 30 57 10 67 17 34 25 15 54 14 50 59 8 2 65 53 63 
60 56 19 49 31 11 18 39 69 5 7 1 62 41 29 52 37 43 21 40 27 30 57 10 67 17 34 25 15 54 14 50 59 8 2 65 53 63 
61 56 19 49 31 11 18 39 69 5 7 1 62 41 29 52 37 43 21 40 27 30 57 10 67 17 34 25 15 54 14 50 59 8 2 65 53 63 
62 56 19 49 31 11 18 39 69 5 7 1 41 62 29 52 37 43 21 40 27 30 57 10 67 17 34 25 15 54 14 50 59 8 2 65 53 63 
63 56 19 49 31 11 18 39 69 5 7 1 62 41 29 52 37 43 21 40 27 30 57 10 67 17 34 25 15 54 14 50 59 8 2 65 53 63 
64 56 19 49 31 11 18 39 69 5 7 1 62 41 29 52 37 43 21 40 27 30 57 10 67 17 34 25 15 54 14 50 59 8 2 65 53 63 
65 56 19 49 31 11 18 39 69 5 7 1 62 41 29 52 37 43 21 40 27 30 57 10 67 17 34 25 15 54 14 50 59 8 2 65 53 63 
66 56 19 49 31 11 18 39 69 5 7 1 62 41 29 52 37 43 21 40 27 30 57 10 67 17 34 25 15 54 14 50 59 8 2 65 53 63 
67 56 19 49 31 11 18 39 69 5 7 1 62 41 29 37 43 21 40 27 30 57 10 67 17 34 25 15 54 14 50 59 8 2 65 53 63 
68 56 19 49 31 11 18 39 69 5 7 1 62 41 29 37 43 21 40 27 30 57 10 67 17 34 25 15 54 14 50 59 8 2 65 53 63 
69 56 19 31 11 18 39 69 5 7 1 62 41 29 52 37 43 21 40 27 30 57 10 67 17 34 25 15 54 14 50 59 8 2 65 53 63 
70 56 19 31 11 18 39 69 5 7 1 62 41 29 52 37 43 21 40 27 30 57 10 67 17 34 25 15 54 14 50 59 8 2 65 53 63 
71 56 19 49 31 11 18 39 69 5 7 1 62 41 29 52 37 43 21 45 36 40 27 30 57 10 67 17 34 25 15 54 14 50 59 8 2 65 53 63 
