1 1 
2 1 2 
3 1 2 3 
4 4 1 2 3 
5 4 1 5 2 3 
6 4 1 5 2 3 6 
7 14 26 1 5 10 18 7 17 27 25 6 4 11 13 20 9 21 23 2 24 3 16 
8 14 26 1 5 10 7 18 17 27 25 6 4 11 13 20 9 21 23 2 24 3 16 
9 14 26 1 5 10 7 18 17 27 25 6 4 11 13 20 9 21 23 2 24 3 16 
10 14 26 1 5 10 7 18 17 27 25 6 4 11 13 20 9 21 23 2 24 3 16 
11 14 26 1 5 10 7 18 17 27 25 6 4 13 20 11 9 21 23 2 24 3 16 
12 14 26 1 5 10 7 18 17 27 25 6 4 11 13 20 9 21 23 2 24 3 16 
13 14 26 1 5 10 7 18 17 27 25 6 11 20 13 9 23 2 3 16 
14 26 14 1 5 10 7 18 17 27 25 6 11 13 9 2 16 
15 14 26 1 5 10 7 18 17 27 25 6 11 13 9 2 16 
16 14 26 1 5 10 7 18 17 27 25 6 4 11 13 20 9 21 23 2 24 3 16 
17 14 26 1 5 10 7 18 17 27 25 6 4 11 13 20 9 21 23 2 24 3 16 
18 14 26 1 5 10 7 18 17 27 25 6 4 11 13 20 9 21 23 2 24 3 16 
19 14 26 1 5 10 7 18 17 27 25 6 4 11 13 20 9 21 23 2 24 3 16 
20 26 1 5 10 7 18 17 27 25 6 4 11 13 20 9 21 2 24 16 
21 26 1 5 10 7 18 17 27 25 6 11 20 9 21 2 16 
22 26 1 5 10 7 18 17 27 25 6 11 20 9 21 2 16 
23 26 1 5 10 7 18 17 27 25 6 4 11 13 9 21 23 2 24 16 
24 26 1 5 10 7 18 17 27 25 6 11 9 23 2 24 16 
25 14 26 1 5 10 7 18 17 27 25 6 11 13 20 9 21 23 2 24 16 
26 14 26 1 10 7 18 17 27 25 6 11 13 20 9 21 23 2 24 16 
27 14 26 1 10 7 18 17 27 25 11 13 20 9 21 23 2 24 16 
28 14 26 1 10 7 18 17 27 25 11 13 20 9 21 23 2 24 16 
29 14 26 1 5 10 7 18 17 27 25 6 4 11 13 20 9 21 23 2 24 3 16 
