1 1 
2 2 
3 3 
6 4 
7 5 
8 6 
9 7 
10 8 
12 9 
13 10 
15 11 
16 12 
17 13 
19 14 
20 15 
22 16 
23 17 
24 18 
25 19 
26 20 
28 21 
29 22 
31 11 
33 9 
35 9 
36 23 
38 11 
39 24 
40 25 
42 26 
43 27 
45 28 
46 29 
47 30 
48 19 
50 31 
51 32 
52 33 
54 34 
55 35 
56 36 
57 37 
58 38 
61 39 
62 40 
63 41 
65 42 
66 43 
67 44 
68 45 
69 38 
71 46 
72 47 
74 48 
75 49 
76 50 
78 51 
79 52 
80 53 
81 54 
82 38 
84 55 
85 56 
86 57 
88 58 
89 59 
90 60 
92 61 
93 62 
94 63 
95 64 
96 38 
98 11 
100 9 
102 65 
