1 1 
2 1 2 
3 1 3 2 
4 1 3 2 
5 1 3 2 
6 1 3 2 6 
7 1 3 2 7 6 
8 1 3 2 7 6 8 
9 1 9 3 2 7 6 8 
10 1 9 3 2 7 6 8 10 
11 1 9 3 2 7 6 8 10 
12 1 9 3 2 7 12 6 8 10 
13 1 9 3 20 23 33 7 13 28 22 26 16 31 17 19 15 25 29 2 24 12 6 8 10 
14 1 9 3 20 23 33 7 13 28 22 26 16 31 17 19 15 25 29 2 24 12 6 8 10 
15 1 9 3 20 23 33 7 13 28 22 26 16 17 19 25 29 15 2 24 12 6 8 10 
16 1 9 3 20 23 33 7 13 28 22 26 31 16 17 19 15 25 29 2 24 12 6 8 10 
17 1 9 3 20 23 33 7 13 28 22 26 16 31 19 17 15 25 29 2 24 12 6 8 10 
18 1 9 3 20 23 33 7 13 28 22 26 16 31 17 19 15 25 29 2 24 12 6 8 10 
19 1 9 3 20 23 33 7 13 28 22 26 16 31 17 19 15 25 29 2 24 12 6 8 10 
20 1 9 3 20 23 33 7 13 28 22 26 16 31 17 19 15 25 29 2 24 12 6 8 10 
21 1 9 3 20 23 33 7 13 28 22 26 16 31 17 19 15 25 29 2 24 12 6 8 10 
22 1 9 3 20 23 33 7 13 28 22 26 16 31 17 19 15 25 29 2 24 12 6 8 10 
23 1 9 3 20 23 33 7 13 28 22 26 16 31 17 19 15 25 29 2 24 12 6 8 10 
24 1 9 3 20 23 33 7 13 28 22 26 16 31 17 19 15 25 29 2 24 12 6 8 10 
25 1 9 3 20 23 33 7 13 28 22 26 16 31 17 19 15 29 25 2 24 12 6 8 10 
26 1 9 3 20 23 33 7 13 28 22 26 16 31 17 19 15 25 29 2 24 12 6 8 10 
27 1 9 3 20 23 33 7 13 28 22 26 16 31 17 19 15 25 29 2 24 12 6 8 10 
28 1 9 3 20 23 33 7 13 28 22 26 16 31 17 19 15 25 29 2 24 12 6 8 10 
29 1 9 3 20 23 33 7 13 28 22 26 16 31 17 19 15 25 29 2 24 12 6 8 10 
30 1 9 3 20 23 33 7 13 28 22 26 16 31 17 19 15 25 29 2 24 12 6 8 10 
31 1 9 3 20 23 33 7 13 28 22 26 16 31 17 19 25 29 2 24 12 6 8 10 
32 1 9 3 20 23 33 7 13 28 22 26 16 31 17 19 25 29 2 24 12 6 8 10 
33 1 9 3 20 23 33 7 13 28 22 26 16 31 17 19 15 25 29 2 24 6 8 10 
34 1 9 3 20 23 33 7 13 28 22 26 16 31 17 19 15 25 29 2 24 6 8 10 
35 1 9 3 20 23 7 13 28 22 26 16 31 17 19 15 25 29 2 24 6 8 35 10 
36 1 3 42 93 95 23 92 13 51 75 74 16 31 39 29 72 85 100 61 71 8 50 68 10 9 94 57 84 65 81 80 82 38 25 2 48 63 67 52 54 69 98 78 22 46 26 17 79 96 47 24 56 62 6 43 76 36 89 40 20 7 58 28 45 88 55 66 90 19 15 86 35 
37 1 3 42 93 95 23 92 13 51 75 74 16 31 39 29 72 85 100 61 71 8 50 68 10 9 94 57 84 65 81 80 82 38 25 2 48 63 67 52 54 69 98 78 22 46 26 17 79 96 47 24 56 62 6 43 76 36 89 40 20 7 58 28 45 88 55 66 90 19 15 86 35 
38 1 3 42 93 95 23 92 13 51 75 74 16 39 29 72 85 100 61 71 8 50 68 10 9 94 57 84 65 81 80 82 38 25 2 48 63 67 52 54 69 78 22 46 26 17 79 96 47 24 56 62 6 43 76 36 89 40 20 7 58 28 45 88 55 66 90 19 86 35 
39 1 3 42 93 95 23 92 13 51 75 74 16 39 29 72 85 100 61 71 8 50 68 10 9 94 57 84 65 81 80 82 38 25 2 48 63 67 52 54 69 98 78 22 46 26 79 17 96 47 24 56 62 6 43 76 36 89 40 20 7 58 28 45 88 55 66 90 19 86 35 
40 1 3 42 93 95 23 92 13 51 75 74 16 39 29 72 85 100 61 71 8 50 68 10 9 94 57 84 65 81 80 82 38 25 2 48 63 67 52 54 69 98 78 22 46 26 79 17 96 47 24 56 62 6 43 76 36 89 40 20 7 58 28 45 88 55 66 90 19 86 35 
41 1 3 42 93 95 23 92 13 51 75 74 16 39 29 72 85 100 61 71 8 50 68 10 9 94 57 84 65 81 80 82 38 25 2 48 63 67 52 54 69 98 78 22 46 26 79 17 96 47 24 56 62 6 43 76 36 89 40 20 7 58 28 45 88 55 66 90 19 86 35 
42 1 3 42 93 95 23 92 13 51 75 74 16 39 29 72 85 100 61 71 8 50 68 10 9 94 57 84 65 81 80 82 38 25 2 48 63 67 52 54 69 98 78 22 46 26 79 17 96 47 24 56 62 6 43 76 36 89 40 20 7 58 28 45 88 55 66 90 19 86 35 
43 1 3 42 93 95 23 92 13 51 75 74 16 39 29 72 85 100 61 71 8 50 68 10 9 94 57 84 65 81 80 82 38 25 2 48 63 67 52 54 69 98 78 22 46 26 79 17 96 47 24 56 62 6 76 43 36 89 40 20 7 58 28 45 88 55 66 90 19 86 35 
44 1 3 42 93 95 23 92 13 51 75 74 16 39 29 72 85 100 61 71 8 50 68 10 9 94 57 84 65 81 80 82 38 25 2 48 63 67 52 54 69 98 78 22 46 26 79 17 96 47 24 56 62 6 43 76 36 89 40 20 7 58 28 45 88 55 66 90 19 86 35 
45 1 3 42 93 95 23 92 13 51 75 74 16 39 29 72 85 100 61 71 8 50 68 10 9 94 57 84 65 81 80 82 38 25 2 48 63 67 52 54 69 98 78 22 46 26 79 17 96 47 24 56 62 6 43 76 36 89 40 20 7 58 28 88 45 55 66 90 19 86 35 
46 1 3 42 93 95 23 92 13 51 75 74 16 39 29 72 85 100 61 71 8 50 68 10 9 94 57 84 65 81 80 82 38 25 2 48 63 67 52 54 69 98 78 22 46 26 79 17 96 47 24 56 62 6 43 76 36 89 40 20 7 58 28 45 88 55 66 90 19 86 35 
47 1 3 42 93 95 23 92 13 51 75 74 16 39 29 72 85 100 61 71 8 50 68 10 9 94 57 84 65 81 80 82 38 25 2 48 63 67 52 54 69 98 78 22 46 26 79 17 96 24 47 56 62 6 43 76 36 89 40 20 7 58 28 45 88 55 66 90 19 86 35 
48 1 3 42 93 95 23 92 13 51 75 74 16 39 29 72 85 100 61 71 8 50 68 10 9 94 57 84 65 81 80 82 38 2 48 63 67 52 54 69 98 78 22 46 26 79 17 96 47 24 56 62 6 43 76 36 89 40 20 7 58 28 45 88 55 66 90 19 86 35 
49 1 3 42 93 95 23 92 13 51 75 74 16 39 29 72 85 100 61 71 8 50 68 10 9 94 57 84 65 81 80 82 38 2 48 63 67 52 54 69 98 78 22 46 26 79 17 96 47 24 56 62 6 43 76 36 89 40 20 7 58 28 45 88 55 66 90 19 86 35 
50 1 3 42 93 95 23 92 13 51 75 74 16 39 29 72 85 100 61 71 8 68 50 10 9 94 57 84 65 81 80 82 38 2 48 63 67 52 54 69 98 78 22 46 26 79 17 96 47 24 56 62 6 43 76 36 89 40 20 7 58 28 45 88 55 66 90 19 86 35 
51 1 3 42 93 95 23 92 13 51 75 74 16 39 29 72 85 100 61 71 8 50 68 10 9 94 57 84 65 81 80 82 38 2 48 63 67 52 54 69 98 78 22 46 26 79 17 96 47 24 56 62 6 43 76 36 89 40 20 7 58 28 45 88 55 66 90 19 86 35 
52 1 3 42 93 95 23 92 13 51 75 74 16 39 29 72 85 100 61 71 8 50 68 10 9 94 57 84 65 81 80 82 38 2 48 63 67 52 54 69 98 78 22 46 26 79 17 96 47 24 56 62 6 43 76 36 89 40 20 7 58 28 45 88 55 66 90 19 86 35 
53 1 3 42 93 95 23 92 13 51 75 74 16 39 29 72 85 100 61 71 8 50 68 10 9 94 57 84 65 81 80 82 38 2 48 63 67 52 54 69 98 78 22 46 26 79 17 96 47 24 56 62 6 43 76 36 89 40 20 7 58 28 45 88 55 66 90 19 86 35 
54 1 3 42 93 95 23 92 13 51 75 74 16 39 29 72 85 100 61 71 8 50 68 10 9 94 57 84 65 81 80 82 38 2 48 63 67 52 69 54 98 78 22 46 26 79 17 96 47 24 56 62 6 43 76 36 89 40 20 7 58 28 45 88 55 66 90 19 86 35 
55 1 3 42 93 95 23 92 13 51 75 74 16 39 29 72 85 100 61 71 8 50 68 10 9 94 57 84 65 81 80 82 38 2 48 63 67 52 54 69 98 78 22 46 26 79 17 96 47 24 56 62 6 43 76 36 89 40 20 7 58 28 45 88 66 55 90 19 86 35 
56 1 3 42 93 95 23 92 13 51 75 74 16 39 29 72 85 100 61 71 8 50 68 10 9 94 57 84 65 81 80 82 38 2 48 63 67 52 54 69 98 78 22 46 26 79 17 96 47 24 62 56 6 43 76 36 89 40 20 7 58 28 45 88 55 66 90 19 86 35 
57 1 3 42 93 95 23 92 13 51 75 74 16 39 29 72 85 100 61 71 8 50 68 10 9 94 57 84 65 81 80 82 38 2 48 63 67 52 54 69 98 78 22 46 26 79 17 96 47 24 56 62 6 43 76 36 89 40 20 7 58 28 45 88 55 66 90 19 86 35 
58 1 3 42 93 95 23 92 13 51 75 74 16 39 29 72 85 100 61 71 8 50 68 10 9 94 57 84 65 81 80 38 2 48 63 67 52 54 98 78 22 46 26 79 17 47 24 56 62 6 43 76 36 89 40 20 7 58 28 45 88 55 66 90 19 86 35 
59 1 3 42 93 95 23 92 13 51 75 74 16 39 29 72 85 100 61 71 8 50 68 10 9 94 57 84 65 81 80 38 2 48 63 67 52 54 98 78 22 46 26 79 17 47 24 56 62 6 43 76 36 89 40 20 7 58 28 45 88 55 66 90 19 86 35 
60 1 3 42 93 95 23 92 13 51 75 74 16 39 29 72 85 100 61 71 8 50 68 10 9 94 57 84 65 81 80 82 38 2 48 63 67 52 54 69 98 78 22 46 26 79 17 96 47 24 56 62 6 43 76 36 89 40 20 7 58 28 45 88 55 66 90 19 86 35 
61 1 3 42 93 95 23 92 13 51 75 74 16 39 29 72 85 100 71 61 8 50 68 10 9 94 57 84 65 81 80 82 38 2 48 63 67 52 54 69 98 78 22 46 26 79 17 96 47 24 56 62 6 43 76 36 89 40 20 7 58 28 45 88 55 66 90 19 86 35 
62 1 3 42 93 95 23 92 13 51 75 74 16 39 29 72 85 100 61 71 8 50 68 10 9 94 57 84 65 81 80 82 38 2 48 63 67 52 54 69 98 78 22 46 26 79 17 96 47 24 56 62 6 43 76 36 89 40 20 7 58 28 45 88 55 66 90 19 86 35 
63 1 3 42 93 95 23 92 13 51 75 74 16 39 29 72 85 100 61 71 8 50 68 10 9 94 57 84 65 81 80 82 38 2 48 67 63 52 54 69 98 78 22 46 26 79 17 96 47 24 56 62 6 43 76 36 89 40 20 7 58 28 45 88 55 66 90 19 86 35 
64 1 3 42 93 95 23 92 13 51 75 74 16 39 29 72 85 100 61 71 8 50 68 10 9 94 57 84 65 81 80 82 38 2 48 63 67 52 54 69 98 78 22 46 26 79 17 96 47 24 56 62 6 43 76 36 89 40 20 7 58 28 45 88 55 66 90 19 86 35 
65 1 3 42 93 95 23 92 13 51 75 74 16 39 29 72 85 100 61 71 8 50 68 10 9 94 57 84 65 81 80 82 38 2 48 63 67 52 54 69 98 78 22 46 26 79 17 96 47 24 56 62 6 43 76 36 89 40 20 7 58 28 45 88 55 66 90 19 86 35 
66 1 3 42 93 95 23 92 13 51 75 74 16 39 29 72 85 100 61 71 8 50 68 10 9 94 57 84 65 81 80 82 38 2 48 63 67 52 54 69 98 78 22 46 26 79 17 96 47 24 56 62 6 43 76 36 89 40 20 7 58 28 45 88 55 66 90 19 86 35 
67 1 3 42 93 95 23 92 13 51 75 74 16 39 29 72 85 100 61 71 8 50 68 10 9 94 57 84 65 81 80 82 38 2 48 63 67 52 54 69 98 78 22 46 26 79 17 96 47 24 56 62 6 43 76 36 89 40 20 7 58 28 45 88 55 66 90 19 86 35 
68 1 3 42 93 95 23 92 13 51 75 74 16 39 29 72 85 100 61 71 8 50 68 10 9 94 57 84 65 81 80 82 38 2 48 63 67 52 54 69 98 78 22 46 26 79 17 96 47 24 56 62 6 43 76 36 89 40 20 7 58 28 45 88 55 66 90 19 86 35 
69 1 3 42 93 95 23 92 13 51 75 74 16 39 29 72 85 100 61 71 8 50 68 10 9 94 57 84 65 81 80 38 2 48 63 67 52 54 69 98 78 22 46 26 79 17 47 24 56 62 6 43 76 36 89 40 20 7 28 45 88 55 66 90 19 86 35 
70 1 3 42 93 95 23 92 13 51 75 74 16 39 29 72 85 100 61 71 8 50 68 10 9 94 57 84 65 81 80 38 2 48 63 67 52 54 69 98 78 22 46 26 79 17 47 24 56 62 6 43 76 36 89 40 20 7 28 45 88 55 66 90 19 86 35 
71 1 3 42 93 95 23 92 13 51 75 74 16 39 29 72 85 100 61 71 8 50 68 10 9 94 57 84 65 81 80 82 38 2 48 63 67 52 54 69 98 78 22 46 26 79 17 96 47 24 56 62 6 43 76 36 89 40 20 7 58 28 45 88 55 66 90 19 86 35 
72 1 3 42 93 95 23 92 13 51 75 74 16 39 29 72 85 100 61 71 8 50 68 10 9 94 57 84 65 81 80 82 38 2 48 63 67 52 54 69 98 78 22 46 26 79 17 96 47 24 56 62 6 43 76 36 89 40 20 7 58 28 45 88 55 66 90 19 86 35 
73 1 3 42 93 95 23 92 13 51 75 74 16 39 29 72 85 100 61 71 8 50 68 10 9 94 57 84 65 81 80 82 38 2 48 63 67 52 54 69 98 78 22 46 26 79 17 96 47 24 56 62 6 43 76 36 89 40 20 7 58 28 45 88 55 66 90 19 86 35 
74 1 3 42 93 95 23 92 13 51 75 74 16 39 29 72 85 100 61 71 8 50 68 10 9 94 57 84 65 81 80 82 38 2 48 63 67 52 54 69 98 78 22 46 26 79 17 96 47 24 56 62 6 43 76 36 89 40 20 7 58 28 45 88 55 66 90 19 86 35 
75 1 3 42 93 95 23 92 13 51 75 74 16 39 29 72 85 100 61 71 8 50 68 10 9 94 57 84 65 81 80 82 38 2 48 63 67 52 54 69 98 78 22 46 26 79 17 96 47 24 56 62 6 43 76 36 89 40 20 7 58 28 45 88 55 66 90 19 86 35 
76 1 3 42 93 95 23 92 13 51 75 74 16 39 29 72 85 100 61 71 8 50 68 10 9 94 57 84 65 81 80 82 38 2 48 63 67 52 54 69 98 78 22 46 26 79 17 96 47 24 56 62 6 43 76 36 89 40 20 7 58 28 45 88 55 66 90 19 86 35 
77 1 3 42 93 95 23 92 13 51 75 74 16 39 29 72 85 100 61 71 8 50 68 10 9 94 57 84 65 81 80 82 38 2 48 63 67 52 54 69 98 78 22 46 26 79 17 96 47 24 56 62 6 43 76 36 89 40 20 7 58 28 45 88 55 66 90 19 86 35 
78 1 3 42 93 95 23 92 13 51 75 74 16 39 29 72 85 100 61 71 8 50 68 10 9 94 57 84 65 81 80 82 38 2 48 63 67 52 54 69 98 22 78 46 26 79 17 96 47 24 56 62 6 43 76 36 89 40 20 7 58 28 45 88 55 66 90 19 86 35 
79 1 3 42 93 95 23 92 13 51 75 74 16 39 29 72 85 100 61 71 8 50 68 10 9 94 57 84 65 81 80 82 38 2 48 63 67 52 54 69 98 78 22 46 26 17 79 96 47 24 56 62 6 43 76 36 89 40 20 7 58 28 45 88 55 66 90 19 86 35 
80 1 3 42 93 95 23 92 13 51 75 74 16 39 29 72 85 100 61 71 8 50 68 10 9 94 57 84 65 81 80 82 38 2 48 63 67 52 54 69 98 78 22 46 26 79 17 96 47 24 56 62 6 43 76 36 89 40 20 7 58 28 45 88 55 66 90 19 86 35 
81 1 3 42 93 95 23 92 13 51 75 74 16 39 29 72 85 100 61 71 8 50 68 10 9 94 57 84 65 81 80 82 38 2 48 63 67 52 54 69 98 78 22 46 26 79 17 96 47 24 56 62 6 43 76 36 89 40 20 7 58 28 45 88 55 66 90 19 86 35 
82 1 3 42 93 95 23 92 13 51 75 74 16 39 29 72 85 100 61 71 8 50 68 10 9 94 57 84 65 81 80 82 38 2 48 63 67 52 54 98 78 22 46 26 79 17 47 24 56 62 6 43 76 36 89 40 20 7 28 45 88 55 66 90 19 86 35 
83 1 3 42 93 95 23 92 13 51 75 74 16 39 29 72 85 100 61 71 8 50 68 10 9 94 57 84 65 81 80 82 38 2 48 63 67 52 54 98 78 22 46 26 79 17 47 24 56 62 6 43 76 36 89 40 20 7 28 45 88 55 66 90 19 86 35 
84 1 3 42 93 95 23 92 13 51 75 74 16 39 29 72 85 100 61 71 8 50 68 10 9 94 57 84 65 81 80 82 38 2 48 63 67 52 54 69 98 78 22 46 26 79 17 96 47 24 56 62 6 43 76 36 89 40 20 7 58 28 45 88 55 66 90 19 86 35 
85 1 3 42 93 95 23 92 13 51 75 74 16 39 29 72 85 100 61 71 8 50 68 10 9 94 57 84 65 81 80 82 38 2 48 63 67 52 54 69 98 78 22 46 26 79 17 96 47 24 56 62 6 43 76 36 89 40 20 7 58 28 45 88 55 66 90 19 86 35 
86 1 3 42 93 95 23 92 13 51 75 74 16 39 29 72 85 100 61 71 8 50 68 10 9 94 57 84 65 81 80 82 38 2 48 63 67 52 54 69 98 78 22 46 26 79 17 96 47 24 56 62 6 43 76 36 89 40 20 7 58 28 45 88 55 66 90 19 86 35 
87 1 3 42 93 95 23 92 13 51 75 74 16 39 29 72 85 100 61 71 8 50 68 10 9 94 57 84 65 81 80 82 38 2 48 63 67 52 54 69 98 78 22 46 26 79 17 96 47 24 56 62 6 43 76 36 89 40 20 7 58 28 45 88 55 66 90 19 86 35 
88 1 3 42 93 95 23 92 13 51 75 74 16 39 29 72 85 100 61 71 8 50 68 10 9 94 57 84 65 81 80 82 38 2 48 63 67 52 54 69 98 78 22 46 26 79 17 96 47 24 56 62 6 43 76 36 89 40 20 7 58 28 45 88 55 66 90 19 86 35 
89 1 3 42 93 95 23 92 13 51 75 74 16 39 29 72 85 100 61 71 8 50 68 10 9 94 57 84 65 81 80 82 38 2 48 63 67 52 54 69 98 78 22 46 26 79 17 96 47 24 56 62 6 43 76 36 89 40 20 7 58 28 45 88 55 66 90 19 86 35 
90 1 3 42 93 95 23 92 13 51 75 74 16 39 29 72 85 100 61 71 8 50 68 10 9 94 57 84 65 81 80 82 38 2 48 63 67 52 54 69 98 78 22 46 26 79 17 96 47 24 56 62 6 43 76 36 89 40 20 7 58 28 45 88 55 66 90 19 86 35 
91 1 3 42 93 95 23 92 13 51 75 74 16 39 29 72 85 100 61 71 8 50 68 10 9 94 57 84 65 81 80 82 38 2 48 63 67 52 54 69 98 78 22 46 26 79 17 96 47 24 56 62 6 43 76 36 89 40 20 7 58 28 45 88 55 66 90 19 86 35 
92 1 3 42 93 95 23 92 13 51 75 74 16 39 29 72 85 100 61 71 8 50 68 10 9 94 57 84 65 81 80 82 38 2 48 63 67 52 54 69 98 78 22 46 26 79 17 96 47 24 56 62 6 43 76 36 89 40 20 7 58 28 45 88 55 66 90 19 86 35 
93 1 3 42 95 93 23 92 13 51 75 74 16 39 29 72 85 100 61 71 8 50 68 10 9 94 57 84 65 81 80 82 38 2 48 63 67 52 54 69 98 78 22 46 26 79 17 96 47 24 56 62 6 43 76 36 89 40 20 7 58 28 45 88 55 66 90 19 86 35 
94 1 3 42 93 95 23 92 13 51 75 74 16 39 29 72 85 100 61 71 8 50 68 10 9 94 57 84 65 81 80 82 38 2 48 63 67 52 54 69 98 78 22 46 26 79 17 96 47 24 56 62 6 43 76 36 89 40 20 7 58 28 45 88 55 66 90 19 86 35 
95 1 3 42 93 95 23 92 13 51 75 74 16 39 29 72 85 100 61 71 8 50 68 10 9 94 57 84 65 81 80 82 38 2 48 63 67 52 54 69 98 78 22 46 26 79 17 96 47 24 56 62 6 43 76 36 89 40 20 7 58 28 45 88 55 66 90 19 86 35 
96 1 3 42 93 95 23 92 13 51 75 74 16 39 29 72 85 100 61 71 8 50 68 10 9 94 57 84 65 81 80 38 2 48 63 67 52 54 98 78 22 46 26 79 17 96 47 24 56 62 6 43 76 36 89 40 20 7 28 45 88 55 66 90 19 86 35 
97 1 3 42 93 95 23 92 13 51 75 74 16 39 29 72 85 100 61 71 8 50 68 10 9 94 57 84 65 81 80 38 2 48 63 67 52 54 98 78 22 46 26 79 17 96 47 24 56 62 6 43 76 36 89 40 20 7 28 45 88 55 66 90 19 86 35 
98 1 3 42 93 95 23 92 13 51 75 74 16 39 29 72 85 100 61 71 8 50 68 10 9 94 57 84 65 81 80 82 25 2 48 63 67 52 54 69 98 78 22 46 26 79 17 96 47 24 56 62 6 43 76 36 89 40 20 7 58 28 45 88 55 66 90 19 86 35 
99 1 3 42 93 95 23 92 13 51 75 74 16 39 29 72 85 100 61 71 8 50 68 10 9 94 57 84 65 81 80 82 25 2 48 63 67 52 54 69 98 78 22 46 26 79 17 96 47 24 56 62 6 43 76 36 89 40 20 7 58 28 45 88 55 66 90 19 86 35 
100 1 3 42 93 95 23 92 13 51 75 74 16 39 29 72 85 100 61 71 8 50 68 10 9 94 57 84 65 81 80 82 38 25 2 48 63 67 52 54 69 98 78 22 46 26 79 17 96 47 24 56 62 6 43 76 36 89 40 20 7 58 28 45 88 55 66 90 19 86 
101 1 3 42 93 95 23 92 13 51 75 74 16 39 29 72 85 100 61 71 8 50 68 10 9 94 57 84 65 81 80 82 38 25 2 48 63 67 52 54 69 98 78 22 46 26 79 17 96 47 24 56 62 6 43 76 36 89 40 20 7 58 28 45 88 55 66 90 19 86 
102 1 3 42 93 95 23 92 13 51 75 74 16 31 39 29 72 85 100 61 71 8 50 68 10 9 94 57 84 65 81 80 82 38 25 2 48 63 67 52 54 69 98 78 22 46 26 17 79 96 47 24 56 62 102 6 43 76 36 89 40 20 7 58 28 45 88 55 66 90 19 15 86 35 
103 1 3 42 93 95 23 92 13 51 75 74 16 31 39 29 72 85 100 61 71 8 50 68 10 9 94 57 84 65 81 80 82 38 25 2 48 63 67 52 54 69 98 78 22 46 26 17 79 96 47 24 102 56 62 6 43 76 36 89 40 20 7 58 28 45 88 55 66 90 19 15 86 35 
