1 1 
2 1 2 
3 3 1 2 
4 3 1 2 
5 5 3 1 2 
6 5 3 1 2 
7 5 3 1 2 
8 5 3 1 8 2 
9 5 3 9 1 8 2 
10 5 3 9 1 8 2 
11 5 3 9 1 8 2 
12 5 3 9 1 8 12 2 
13 5 3 9 1 8 12 13 2 
14 5 3 9 1 8 12 13 2 
15 5 15 3 9 1 8 12 13 2 
16 5 15 3 9 1 8 12 13 2 
17 17 5 15 3 9 1 8 12 13 2 
18 17 5 15 3 9 1 8 12 13 2 
19 17 5 15 3 9 19 1 8 12 13 2 
20 17 5 15 3 9 19 1 8 12 13 2 
21 17 5 15 3 9 19 21 1 8 12 13 2 
22 17 5 15 3 9 19 21 1 8 12 13 2 
23 17 23 5 15 3 9 19 21 13 2 1 8 12 
24 17 23 5 15 3 9 19 21 13 2 1 8 12 
25 17 23 5 15 3 9 19 21 13 2 1 8 12 
