1 1 
2 3 17 14 5 15 7 6 18 21 8 11 13 19 1 2 
3 17 3 14 5 15 7 6 18 21 8 11 13 19 1 2 
4 3 17 14 5 15 7 6 18 21 8 11 13 19 1 2 
5 3 17 14 5 15 7 6 18 21 8 11 13 19 1 2 
6 3 17 14 5 15 7 6 18 21 8 11 13 19 1 2 
7 3 17 14 5 15 7 6 18 21 8 11 13 19 1 2 
8 3 17 14 5 15 7 6 18 21 11 13 19 8 1 2 
9 3 17 14 5 15 7 6 18 21 8 11 13 19 1 2 
10 3 17 14 5 15 7 6 18 21 8 11 13 19 1 2 
11 3 17 14 5 15 7 6 18 21 8 13 19 11 1 2 
12 3 17 14 5 15 7 6 18 21 8 11 13 19 1 2 
13 3 17 14 5 15 7 6 18 21 8 11 19 13 1 2 
14 3 17 14 5 15 7 6 18 21 8 11 13 19 1 2 
15 3 17 14 5 15 7 6 18 8 11 13 19 1 2 
16 3 17 14 5 15 7 6 18 21 8 11 13 19 1 2 
17 3 17 14 5 15 7 6 18 21 8 11 13 19 1 2 
18 3 17 14 5 15 7 6 18 21 8 11 13 19 1 2 
19 3 17 14 5 15 7 6 18 21 8 11 13 19 1 2 
20 3 17 14 5 15 7 6 18 21 8 11 13 19 1 2 
21 3 17 14 5 7 6 18 21 8 11 13 19 1 2 
22 3 17 14 5 7 6 18 21 8 11 13 19 1 2 
23 3 17 14 5 15 7 6 18 21 8 11 13 19 1 2 
24 3 17 14 5 15 7 6 18 21 8 11 13 19 1 2 
