1 1 
2 1 2 
3 1 3 2 
4 1 3 4 2 
5 1 5 3 4 2 
6 1 5 3 4 2 
7 1 5 3 7 4 2 
8 1 5 3 7 4 2 
9 1 5 3 7 4 2 
10 1 5 3 7 4 2 
11 1 5 3 11 4 2 
12 1 26 3 14 15 16 5 20 23 11 19 4 24 2 12 
13 1 26 3 14 15 16 5 20 23 11 19 4 24 2 12 
14 1 26 3 15 14 16 5 20 23 11 19 4 24 2 12 
15 1 26 3 14 15 16 5 20 23 11 19 4 24 2 12 
16 1 26 3 14 15 16 5 20 23 11 19 4 24 2 12 
17 1 26 3 14 15 16 5 20 23 11 19 4 24 2 12 
18 1 26 3 14 15 16 5 20 23 11 19 4 24 2 12 
19 1 26 3 14 15 16 5 20 23 11 19 4 24 2 12 
20 1 26 3 14 15 16 5 23 20 11 19 4 24 2 12 
21 1 26 3 14 15 16 5 20 23 11 19 4 24 2 12 
22 1 26 3 14 15 16 5 20 23 11 19 4 24 2 12 
23 1 26 3 14 15 16 5 20 23 11 19 4 24 2 12 
24 1 26 3 14 15 16 5 20 23 11 19 4 24 2 12 
25 1 26 3 14 15 16 5 20 23 11 19 4 24 2 12 
26 1 26 3 14 15 16 5 20 23 19 4 24 2 12 
27 1 26 3 14 15 16 5 20 23 19 4 24 2 12 
28 1 26 3 14 15 16 5 20 23 11 19 4 24 2 12 
