1 1 
2 1 2 
3 1 2 3 
4 1 2 3 
5 1 2 5 3 
6 1 2 5 3 
7 1 7 2 3 
8 1 7 2 8 3 
9 1 7 2 8 3 9 
10 18 7 16 17 13 12 14 15 8 9 1 19 2 10 3 
11 18 7 16 17 13 12 14 15 8 9 1 19 2 10 3 
12 18 7 16 17 13 12 14 15 8 9 1 19 2 10 3 
13 18 7 16 17 13 12 14 15 8 9 1 19 2 10 3 
14 18 7 16 17 13 12 15 14 8 9 1 19 2 10 3 
15 18 7 16 17 13 12 14 15 8 9 1 19 2 10 3 
16 18 7 17 16 13 12 14 15 8 9 1 19 2 10 3 
17 18 16 17 13 12 14 15 8 9 1 19 2 10 3 
18 18 16 17 13 12 14 15 9 1 19 2 10 3 
19 18 1 16 17 19 13 2 12 10 14 15 3 
20 18 1 16 17 19 13 2 12 10 14 15 3 
21 18 7 16 17 13 12 14 15 8 9 1 19 21 2 10 3 
22 18 7 16 17 13 12 14 15 8 9 1 19 21 2 10 3 
