1 1 
2 2 1 
3 2 3 1 
4 2 3 1 4 
5 2 3 1 4 
6 2 3 1 6 4 
7 2 3 1 6 4 7 
8 2 3 1 6 4 7 8 
9 2 3 1 6 4 7 8 9 
10 2 3 1 6 4 7 8 10 9 
11 2 11 3 1 6 4 7 8 10 9 
12 2 11 3 1 6 4 7 8 12 10 9 
13 2 11 3 1 6 4 7 8 12 10 9 
14 2 14 11 3 1 6 4 7 8 12 10 9 
15 14 11 3 4 8 12 15 9 2 1 6 7 10 
16 14 11 3 4 8 12 15 9 16 2 1 6 7 10 
17 14 11 17 3 4 8 12 15 9 16 2 1 6 7 10 
18 14 11 17 3 4 8 12 15 9 16 2 1 6 7 10 
19 14 11 17 3 4 8 12 15 19 9 16 2 1 6 7 10 
20 14 11 17 3 4 8 12 15 19 9 16 2 20 1 6 7 10 
21 14 11 17 3 4 8 12 15 19 9 16 2 20 1 6 7 21 10 
22 14 22 11 17 3 4 8 12 15 19 9 16 2 20 1 6 7 21 10 
23 23 14 22 11 17 3 4 8 12 15 19 9 16 2 20 1 6 7 21 10 
24 23 14 22 11 17 3 4 8 12 15 19 24 9 16 2 20 1 6 7 21 10 
25 23 14 22 11 17 3 25 4 8 12 15 19 24 9 16 2 20 1 6 7 21 10 
26 23 14 22 11 17 3 25 4 8 12 15 19 24 9 16 2 20 1 6 7 21 10 
27 23 14 22 11 17 3 25 4 8 12 15 19 24 9 16 2 20 1 6 7 21 10 
