1 1 
2 1 2 
3 1 2 3 
4 1 4 2 3 
5 5 1 4 2 3 
6 5 1 4 2 6 3 
7 5 1 4 2 6 3 
8 5 8 1 4 2 6 3 
9 9 5 8 1 4 2 6 3 
10 9 10 5 8 1 4 2 6 3 
11 9 10 5 8 1 4 2 11 6 3 
12 9 10 5 8 1 12 4 2 11 6 3 
13 9 10 5 8 1 12 4 2 11 6 3 
14 14 5 1 4 2 6 3 
15 14 15 5 1 4 2 6 3 
16 14 16 15 5 1 4 2 6 3 
17 14 16 15 5 1 17 4 2 6 3 
18 18 14 16 15 5 1 17 4 2 6 3 
19 18 14 16 15 19 5 1 17 4 2 6 3 
20 15 5 1 20 4 2 18 14 16 19 17 6 3 
21 15 5 1 20 4 2 21 18 14 16 19 17 6 3 
22 15 5 1 20 4 2 21 22 18 14 16 19 17 6 3 
23 15 5 23 1 20 4 2 21 22 18 14 16 19 17 6 3 
24 15 5 23 1 20 4 2 21 22 18 14 16 19 17 6 24 3 
25 15 5 23 1 25 20 4 2 21 22 18 14 16 19 17 6 24 3 
26 15 5 23 1 25 20 4 2 21 22 18 14 16 19 17 26 6 24 3 
27 15 5 23 1 25 20 4 2 21 22 18 14 16 19 17 26 6 24 3 
