1 1 
2 1 2 
3 1 2 3 
4 1 2 3 
5 5 1 2 3 
6 5 1 2 3 
7 23 20 7 8 2 26 13 19 10 18 22 5 21 1 17 24 3 14 12 16 
8 23 20 7 8 26 13 19 10 18 22 5 21 1 17 24 3 14 12 16 
9 23 20 7 8 26 13 19 10 18 22 5 21 1 17 24 3 14 12 16 
10 23 20 7 8 26 13 19 10 18 22 5 21 1 17 24 3 14 12 16 
11 23 20 7 8 26 13 19 10 18 22 5 21 1 17 24 3 14 12 16 
12 23 20 7 8 13 19 10 18 22 5 21 1 17 24 3 14 16 12 
13 23 20 7 8 26 13 19 10 18 22 5 21 1 17 24 3 14 12 16 
14 23 20 7 8 26 13 19 10 18 22 5 21 1 17 24 3 14 12 16 
15 23 20 7 8 26 13 19 10 18 22 5 21 1 17 24 3 14 12 16 
16 23 20 7 8 26 13 19 10 18 22 5 21 1 17 24 3 14 12 16 
17 23 20 7 8 26 13 19 10 18 22 5 21 1 24 17 3 14 12 16 
18 23 20 7 8 26 13 19 10 22 18 5 21 1 17 24 3 14 12 16 
19 23 20 7 8 26 13 19 10 18 22 5 21 1 17 24 3 14 12 16 
20 23 20 7 8 26 13 19 10 18 22 5 21 1 17 24 3 14 12 16 
21 23 20 7 8 26 13 19 10 18 22 5 21 1 17 24 3 14 12 16 
22 23 20 7 8 26 13 19 10 18 22 5 21 1 17 24 3 14 12 16 
23 23 20 7 8 26 13 19 10 18 22 5 21 1 17 24 3 14 12 16 
24 23 20 7 8 26 13 19 10 18 22 5 21 1 17 24 3 14 12 16 
25 23 20 7 8 26 13 19 10 18 22 5 21 1 17 24 3 14 12 16 
26 23 20 7 8 26 13 19 10 18 22 5 21 1 17 24 3 14 16 
27 23 20 7 8 26 13 19 10 18 22 5 21 1 17 24 3 14 16 
28 23 20 7 8 26 13 19 10 18 22 5 21 1 17 24 3 14 12 16 
29 23 20 7 8 26 13 19 10 18 22 5 21 1 17 24 3 14 12 16 
