1 1 
2 1 2 
3 1 3 2 
4 1 3 2 
5 1 3 2 
6 1 3 6 2 
7 1 3 6 2 7 
8 1 8 3 6 2 7 
9 1 9 8 3 6 2 7 
10 10 1 9 8 3 6 2 7 
11 10 1 9 8 3 6 2 7 11 
12 10 12 1 9 8 3 6 2 7 11 
13 10 12 1 9 8 3 6 13 2 7 11 
14 10 12 1 9 8 3 14 6 13 2 7 11 
15 10 12 1 9 8 3 14 6 13 2 7 11 
16 10 16 1 3 6 7 11 12 9 8 14 13 2 
17 10 16 1 3 6 7 11 12 9 8 17 14 13 2 
18 10 16 1 18 3 6 7 11 12 9 8 17 14 13 2 
19 10 16 1 18 3 6 7 11 12 9 8 17 14 13 2 19 
20 10 16 1 18 3 6 7 11 12 9 20 8 17 14 13 2 19 
21 10 16 1 18 3 6 7 11 12 9 20 8 17 14 13 21 2 19 
22 10 16 1 18 3 6 7 11 12 9 20 8 17 22 14 13 21 2 19 
23 10 16 1 18 3 6 7 11 12 9 20 8 17 22 14 13 21 2 19 
24 10 16 1 18 3 6 7 11 12 9 20 8 17 22 14 13 21 2 19 
