1 1 
2 2 1 
3 2 1 
4 2 1 
5 2 1 
6 2 1 
7 2 1 
8 2 1 
9 2 1 
10 2 1 
11 2 11 1 
12 2 11 1 
13 2 1 13 
14 2 11 14 1 13 
15 2 11 14 1 13 15 
16 16 2 11 14 1 13 15 
17 16 2 17 11 14 1 13 15 
18 16 2 17 18 11 14 1 13 15 
19 16 2 17 18 11 14 1 13 19 15 
20 20 16 2 17 18 11 14 1 13 19 15 
21 16 17 25 26 30 15 20 21 11 29 37 34 33 23 28 31 35 13 19 38 2 18 32 14 1 
22 16 17 25 26 30 15 20 21 11 29 37 34 33 23 28 31 35 13 19 38 2 18 32 14 1 
23 16 17 25 26 30 15 20 21 11 29 37 34 33 28 23 31 35 13 19 38 2 18 32 14 1 
24 16 17 25 26 30 15 20 21 11 29 37 34 33 23 28 31 35 13 19 38 2 18 32 14 1 
25 16 17 26 25 30 15 20 21 11 29 37 34 33 23 28 31 35 13 19 38 2 18 32 14 1 
26 16 17 25 26 30 15 20 21 11 29 37 34 33 23 28 31 35 13 19 38 2 18 32 14 1 
27 16 17 25 26 30 15 20 21 11 29 37 34 33 23 28 31 35 13 19 38 2 18 32 14 1 
28 16 17 25 26 30 15 20 21 11 29 37 34 33 23 28 31 35 13 19 38 2 18 32 14 1 
29 16 17 25 26 30 15 20 21 11 29 37 34 33 23 28 31 35 13 19 38 2 18 32 14 1 
30 16 17 25 26 30 15 20 21 11 29 37 34 33 23 28 31 35 13 19 38 2 18 32 14 1 
31 16 17 25 26 30 15 20 21 11 29 37 34 33 23 28 31 35 13 19 38 2 18 32 14 1 
32 33 16 23 28 31 17 25 26 35 30 13 15 20 38 2 21 18 11 32 14 29 1 37 34 
33 33 16 23 28 31 17 25 26 35 30 13 15 2 18 21 11 32 14 29 1 37 34 
34 33 16 23 28 31 17 25 26 35 30 13 15 2 21 11 32 14 29 1 34 
35 33 16 23 28 31 17 25 26 35 30 13 2 21 11 32 14 29 1 34 
36 33 16 23 28 31 17 25 26 35 30 13 2 21 11 32 14 29 1 34 
37 33 16 23 28 31 17 25 26 35 30 13 19 15 20 38 2 21 11 32 14 29 1 37 
38 16 23 28 31 17 25 26 35 30 13 19 15 38 2 21 11 32 14 29 1 37 
39 33 16 23 28 31 17 25 26 35 30 13 19 15 38 2 21 11 32 14 29 1 37 34 
40 16 17 25 26 30 15 20 21 11 29 37 34 33 23 28 31 35 40 13 19 38 2 18 32 14 1 
41 16 17 25 26 30 41 15 20 21 11 29 37 34 33 23 28 31 35 40 13 19 38 2 18 32 14 1 
42 16 17 25 26 30 41 15 20 21 11 29 37 34 33 23 28 31 35 40 13 19 38 2 18 32 14 1 
