1 1 
2 1 2 
3 3 1 2 
4 4 3 1 2 
5 5 4 3 1 2 
6 5 6 4 3 1 2 
7 5 6 4 3 1 2 7 
8 5 6 4 11 3 1 2 12 9 7 14 
9 5 6 4 11 3 1 2 12 9 7 14 
10 5 6 4 11 3 1 2 12 9 7 14 
11 5 6 4 11 3 1 2 12 9 7 14 
12 6 4 11 3 1 2 12 9 7 14 
13 6 4 11 3 1 2 12 9 7 14 
14 5 6 4 11 3 1 2 12 9 14 
15 5 6 4 11 3 1 2 12 9 14 
16 6 4 11 3 1 2 16 9 7 14 
17 6 4 11 3 1 2 16 9 7 14 
18 6 4 11 3 1 2 16 9 7 14 
19 6 4 11 3 1 2 16 19 9 7 14 
20 20 4 11 3 1 2 16 19 9 7 14 
21 26 4 3 2 16 19 31 30 46 39 37 42 1 9 35 14 22 29 34 48 28 44 11 40 23 41 7 25 33 38 20 32 36 
22 26 4 3 2 16 19 31 30 39 37 42 1 9 35 29 22 34 48 28 44 11 40 23 41 25 33 38 20 32 36 
23 26 4 3 2 16 19 31 30 46 39 37 42 1 9 35 22 29 34 48 28 44 11 40 23 41 25 33 38 20 32 36 
24 26 4 3 2 16 19 31 30 46 39 37 42 1 9 35 22 29 34 48 28 44 11 40 23 41 25 33 38 20 32 36 
25 26 4 3 2 16 19 31 30 46 39 37 42 1 35 22 29 34 48 28 44 11 40 23 41 25 33 38 20 32 36 
26 26 4 3 2 16 19 31 30 46 39 37 42 1 35 22 29 34 48 28 11 40 23 41 25 33 38 20 32 36 
27 26 4 3 2 16 19 31 30 46 39 37 42 1 35 22 29 34 48 28 44 11 40 23 41 25 33 38 20 32 36 
28 26 4 3 2 16 19 31 30 46 39 37 42 1 35 22 29 34 48 28 44 11 40 23 41 25 33 38 20 32 36 
29 26 4 3 2 16 19 31 30 46 39 37 42 1 35 22 29 34 48 28 44 11 40 23 41 25 33 38 20 32 36 
30 26 4 3 2 16 19 31 30 46 39 37 42 1 35 22 29 34 48 28 44 11 40 23 41 25 33 38 20 32 36 
31 26 4 3 2 16 19 31 30 46 39 37 42 1 35 22 29 34 48 28 44 11 40 23 41 25 33 38 20 32 36 
32 26 4 3 2 16 19 31 30 46 39 37 42 1 35 22 29 34 48 28 44 11 40 23 41 25 33 38 20 32 36 
33 26 4 3 2 16 19 31 30 46 39 37 42 1 35 22 29 34 48 28 44 11 40 23 41 25 33 38 20 32 36 
34 26 4 3 2 16 19 31 30 46 39 37 42 1 35 22 29 34 48 28 44 11 40 23 41 25 33 38 20 32 36 
35 26 4 3 2 16 19 31 30 46 39 37 42 1 35 22 29 34 48 28 44 11 40 23 41 25 33 38 20 32 36 
36 26 4 3 2 16 19 31 30 46 39 37 42 1 35 22 29 34 48 28 44 11 40 23 41 25 33 38 20 32 36 
37 26 4 3 2 16 19 31 30 46 39 37 42 1 35 22 29 34 48 28 44 11 40 23 41 25 33 38 20 32 36 
38 26 4 3 2 16 19 31 30 46 39 37 42 1 35 22 29 34 48 28 44 11 40 23 41 25 33 38 20 32 36 
39 26 4 3 2 16 19 31 30 46 39 37 42 1 35 22 29 34 48 28 44 11 40 23 41 25 33 38 20 32 36 
40 26 4 3 2 16 19 31 30 46 39 37 42 1 35 22 29 34 48 28 44 11 40 23 41 25 33 38 20 32 36 
41 26 4 3 2 16 19 31 30 46 39 37 42 1 35 22 29 34 48 28 44 11 40 23 41 25 33 38 20 32 36 
42 26 4 3 2 16 19 31 30 46 39 37 42 1 35 22 29 34 48 28 44 11 40 23 41 25 33 38 20 32 36 
43 26 4 3 2 16 19 31 30 46 39 37 42 1 35 22 29 34 48 28 44 11 40 23 41 25 33 38 20 32 36 
44 4 3 2 16 19 31 30 46 39 37 42 1 35 22 29 34 48 28 44 11 40 23 41 25 33 38 20 32 36 
45 4 3 2 16 19 31 30 46 39 37 42 1 35 22 29 34 48 28 44 11 40 23 41 25 33 38 20 32 36 
46 26 4 3 2 16 19 31 30 46 39 37 42 1 35 29 34 48 28 44 11 40 23 41 25 33 38 20 32 36 
47 26 4 3 2 16 19 31 30 46 39 37 42 1 35 29 34 48 28 44 11 40 23 41 25 33 38 20 32 36 
48 26 4 3 2 16 19 31 30 46 39 37 42 1 9 35 22 29 34 48 28 44 11 40 23 41 25 33 38 32 36 
49 26 4 3 2 16 19 31 30 46 39 37 42 1 9 35 22 29 34 48 28 44 11 40 23 41 25 33 38 32 36 
50 26 4 3 2 16 19 31 30 46 39 37 42 1 9 35 50 14 22 29 34 48 28 44 11 40 23 41 7 25 33 38 20 32 36 
51 26 4 3 2 16 19 31 30 46 39 37 42 1 9 35 50 14 22 29 34 48 28 44 11 40 23 41 7 25 33 38 51 20 32 36 
52 26 52 4 3 2 16 19 31 30 46 39 37 42 1 9 35 50 14 22 29 34 48 28 44 11 40 23 41 7 25 33 51 38 20 32 36 
53 52 26 4 3 2 16 19 31 30 46 39 37 42 1 9 35 50 14 22 29 34 48 28 44 11 40 23 41 7 25 33 51 38 20 32 36 
