1 1 
2 2 1 
3 3 2 1 
4 3 2 4 1 
5 3 2 5 4 1 
6 10 26 7 19 5 22 30 28 29 1 16 21 3 17 25 24 2 32 4 15 12 14 9 
7 10 26 7 19 5 22 28 29 1 16 21 3 17 25 24 2 32 4 15 12 14 9 
8 10 26 7 19 5 22 30 28 29 1 16 21 3 17 25 24 2 32 4 15 12 14 9 
9 10 26 7 19 5 22 30 28 29 1 16 21 3 17 25 24 2 32 4 15 12 14 9 
10 26 10 7 19 5 22 30 28 29 1 16 21 3 17 25 24 2 32 4 15 12 14 9 
11 10 26 7 19 5 22 30 28 29 1 16 21 3 17 25 24 2 32 4 15 12 14 9 
12 10 26 7 19 5 22 30 28 29 1 16 21 3 17 25 24 2 32 4 15 12 14 9 
13 10 26 7 19 5 22 30 28 29 1 16 21 3 17 25 24 2 32 4 15 12 14 9 
14 10 26 7 19 5 22 30 28 29 1 16 21 3 17 25 24 2 32 4 15 12 14 9 
15 10 26 7 19 5 22 30 28 29 1 16 21 3 17 25 24 2 32 4 15 12 14 9 
16 10 26 7 19 5 22 30 28 29 1 16 21 3 17 25 24 2 32 4 15 12 14 9 
17 10 26 7 19 5 22 30 28 29 1 16 21 3 17 25 24 2 32 4 15 12 14 9 
18 10 26 7 19 5 22 30 28 29 1 16 21 3 17 25 24 2 32 4 15 12 14 9 
19 10 26 7 19 5 22 30 28 29 1 16 21 3 17 25 24 2 32 4 15 12 14 9 
20 10 26 7 19 5 22 30 28 29 1 16 21 3 17 25 24 2 32 4 15 12 14 9 
21 10 26 7 19 5 22 30 28 29 1 16 21 3 17 25 24 2 32 4 15 12 14 9 
22 10 26 7 19 5 30 22 28 29 1 16 21 3 17 25 24 2 32 4 15 12 14 9 
23 10 26 7 19 5 22 30 28 29 1 16 21 3 17 25 24 2 32 4 15 12 14 9 
24 10 26 7 19 5 22 30 28 29 1 16 21 3 17 25 24 2 32 4 15 12 14 9 
25 10 26 7 19 5 22 30 28 29 1 16 21 3 17 25 24 2 32 4 15 12 14 9 
26 10 26 7 19 5 22 30 28 29 1 16 21 3 17 25 24 2 32 4 15 12 14 9 
27 10 26 7 19 5 22 30 28 29 1 16 21 3 17 25 24 2 32 4 15 12 14 9 
28 10 26 7 19 5 22 30 28 29 1 16 21 3 17 25 24 2 32 4 15 12 14 9 
29 10 26 7 19 5 22 30 28 29 1 16 21 3 17 25 24 2 32 15 12 14 9 
30 10 26 19 5 22 30 28 29 1 16 21 3 17 25 24 2 32 4 15 12 14 9 
31 10 26 19 5 22 30 28 29 1 16 21 3 17 25 24 2 32 4 15 12 14 9 
32 10 26 7 19 22 30 28 29 1 16 21 3 17 25 24 2 32 4 15 12 14 9 
33 10 26 7 19 22 30 28 29 1 16 21 3 17 25 24 2 32 4 15 12 14 9 
34 10 26 7 19 5 22 30 28 29 1 16 21 3 17 25 24 2 32 4 15 12 14 9 
