1 1 
2 1 2 
3 1 2 
4 1 4 2 
5 1 4 5 2 
6 1 8 10 4 5 2 7 
7 1 8 10 4 5 2 7 
8 1 10 8 4 5 2 7 
9 1 8 10 4 5 2 7 
10 1 8 10 4 2 7 
11 1 8 10 4 2 7 
12 1 8 10 4 5 12 2 7 
13 1 8 4 13 12 2 7 
14 1 8 4 14 13 12 2 
15 28 24 14 22 16 30 34 41 2 1 23 36 39 26 18 31 20 8 4 13 38 17 32 12 40 
16 28 24 14 22 30 16 34 41 2 1 23 36 39 26 18 31 20 8 4 13 38 17 32 12 40 
17 28 24 14 22 16 30 34 41 2 1 23 36 39 26 18 31 20 8 4 13 38 17 32 12 40 
18 28 24 14 22 16 30 34 41 2 1 23 36 39 26 18 31 20 8 4 13 38 17 32 12 40 
19 28 24 14 22 16 30 34 41 2 1 23 36 39 26 18 31 20 8 4 13 38 17 32 12 40 
20 28 24 14 22 16 30 34 41 2 1 23 36 39 26 18 31 20 8 4 13 38 17 32 12 40 
21 28 24 14 22 16 30 34 41 2 1 23 36 39 26 18 31 20 8 4 13 38 17 32 12 40 
22 20 8 24 4 14 13 22 16 30 34 38 17 41 2 1 23 36 39 26 18 31 32 12 40 
23 28 24 14 22 16 30 34 41 2 1 23 36 26 39 18 31 20 8 4 13 38 17 32 12 40 
24 28 24 14 22 16 30 34 41 2 1 23 36 26 39 18 31 20 8 4 13 38 17 32 12 40 
25 28 24 14 22 16 30 34 41 2 1 23 36 26 39 18 31 20 8 4 13 38 17 32 12 40 
26 28 24 14 22 16 30 34 41 2 1 23 36 39 26 18 31 20 8 4 13 38 17 32 12 40 
27 28 24 14 22 16 30 34 41 2 1 23 36 26 39 18 31 20 8 4 13 38 17 32 12 40 
28 20 8 28 24 4 14 13 16 30 34 38 17 41 2 1 23 36 26 39 18 31 32 12 40 
29 20 8 28 4 24 14 13 16 30 34 38 17 41 2 1 23 36 26 39 18 31 32 12 40 
30 20 8 28 24 4 14 22 13 16 30 34 38 17 41 2 1 23 26 39 18 31 32 12 40 
31 28 24 14 22 16 30 34 41 2 1 23 36 26 39 18 31 20 8 4 13 38 17 32 12 40 
32 28 24 14 22 16 30 34 41 2 1 23 36 26 39 18 31 20 8 4 13 38 17 32 12 40 
33 28 24 14 22 16 30 34 41 2 1 23 36 26 39 18 31 20 8 4 13 38 17 32 12 40 
34 28 24 14 22 16 30 34 41 2 1 23 36 26 39 18 31 20 8 4 13 38 17 32 12 40 
35 28 24 14 22 16 30 34 41 2 1 23 36 26 39 18 31 20 8 4 13 38 17 32 12 40 
36 20 8 28 24 4 14 22 13 16 34 38 17 41 2 1 23 36 26 39 18 31 32 12 40 
37 20 8 28 4 24 14 13 22 16 34 38 17 41 2 1 23 36 26 39 18 31 32 12 40 
38 28 24 14 22 16 30 34 41 2 1 23 36 26 39 18 31 20 8 4 13 38 17 32 12 40 
39 28 24 14 22 16 30 34 41 2 1 23 36 26 39 18 31 20 8 4 13 38 17 32 12 40 
40 20 8 28 24 4 14 22 13 16 30 34 38 17 41 2 1 23 36 39 26 18 31 32 40 
41 20 8 28 24 4 22 13 16 30 34 38 17 41 2 1 23 36 39 26 18 31 32 12 40 
42 20 8 28 4 24 13 22 16 30 34 38 17 41 2 1 23 36 39 26 18 31 32 12 40 
43 28 24 14 22 16 30 34 41 2 1 23 36 39 26 18 31 20 8 4 13 38 17 32 12 40 
