1 1 
2 1 2 
3 3 1 2 
4 3 1 2 
5 3 1 2 
6 3 6 1 2 
7 7 3 6 1 2 
8 8 7 3 6 1 2 
9 8 7 3 9 6 1 2 
10 8 7 3 9 6 10 1 2 
11 8 7 3 9 6 10 1 11 2 
12 8 7 3 12 9 6 10 1 11 2 
13 8 24 12 18 22 13 20 17 21 15 16 7 3 9 23 6 10 1 11 19 2 
14 8 24 12 18 22 13 20 17 21 15 16 7 3 9 23 6 10 1 11 19 2 
15 8 24 12 18 22 13 20 17 21 16 15 7 3 9 23 6 10 1 11 19 2 
16 8 24 12 18 22 13 20 17 21 15 16 7 3 9 23 6 10 1 11 19 2 
17 8 24 12 18 22 13 20 17 21 15 16 7 3 9 23 6 1 11 19 2 
18 8 24 12 18 22 13 20 17 21 15 16 7 3 9 23 6 1 11 19 2 
19 8 24 12 18 22 13 20 17 21 15 16 7 3 9 23 6 1 11 19 2 
20 8 24 12 18 22 13 20 17 21 15 16 7 3 9 23 6 1 19 2 
21 24 12 18 22 13 20 17 21 15 16 7 3 9 23 6 1 19 2 
22 24 12 18 22 13 20 17 21 15 16 7 3 23 6 1 19 2 
23 24 12 18 22 13 20 17 21 15 16 3 23 6 1 19 2 
24 24 18 22 13 20 17 21 15 16 3 23 6 1 19 2 
25 24 18 22 13 20 17 21 15 16 3 23 6 1 19 2 
26 8 24 12 18 22 13 26 20 17 21 15 16 7 3 9 23 6 10 1 11 19 2 
27 8 24 12 18 22 13 26 20 17 21 15 16 7 3 9 23 6 10 1 11 19 2 
