1 1 
2 1 2 
3 3 1 2 
4 3 1 2 4 
5 3 1 2 4 5 
6 3 1 2 6 4 5 
7 3 1 2 6 4 5 7 
8 3 1 2 8 6 4 5 7 
9 3 1 2 8 9 6 4 14 12 5 10 7 
10 3 1 2 8 9 6 4 14 12 5 10 7 
11 3 1 2 8 9 6 4 14 12 5 10 7 
12 3 1 2 8 9 6 4 14 12 5 10 7 
13 3 1 2 8 9 6 4 14 12 5 10 7 
14 3 1 2 9 6 4 14 12 5 10 7 
15 3 1 2 9 6 4 14 12 5 10 7 
16 3 1 2 9 16 6 4 12 5 10 7 
17 3 6 12 10 7 1 2 22 9 16 20 4 17 5 18 
18 3 6 12 10 7 1 2 22 9 16 20 4 17 5 18 
19 3 6 12 10 7 1 2 22 9 16 20 4 17 5 18 
20 3 6 12 10 7 1 2 22 9 16 20 4 17 5 18 
21 3 6 12 10 7 1 2 22 9 16 20 4 17 5 18 
22 3 6 12 10 7 1 2 22 9 20 4 17 5 18 
23 3 6 12 10 7 1 2 22 9 20 4 17 5 18 
24 3 6 12 10 7 1 2 9 20 4 17 24 5 18 
25 51 38 58 30 46 36 32 39 42 25 43 1 44 20 59 34 47 62 33 3 56 64 41 50 29 54 6 55 49 12 48 10 7 57 35 60 2 9 40 26 4 17 24 5 28 18 37 
26 51 38 58 30 46 36 32 39 42 25 43 1 44 20 59 34 47 62 33 3 56 64 41 50 29 54 6 55 49 12 48 10 7 57 35 60 2 9 40 26 4 17 24 5 28 18 37 
27 51 38 58 30 46 36 32 39 42 25 43 1 44 20 59 34 47 62 33 3 56 64 41 50 29 54 6 55 49 12 48 10 7 57 35 60 2 9 40 26 4 17 24 5 28 18 37 
28 51 38 58 30 46 36 32 39 42 25 43 1 44 20 59 34 47 33 3 56 64 41 50 29 54 6 55 49 12 48 10 7 57 35 60 2 9 40 26 4 17 24 5 28 18 37 
29 51 38 58 30 46 36 32 39 42 25 43 1 44 20 59 34 47 62 33 3 56 41 50 64 29 54 6 55 49 12 48 10 7 57 35 60 2 9 40 26 4 17 24 5 28 18 37 
30 51 38 58 30 46 36 32 39 42 25 43 1 44 20 59 34 47 62 33 3 56 41 50 64 29 54 6 55 49 12 48 10 7 57 35 60 2 9 40 26 4 17 24 5 28 18 37 
31 51 38 58 30 46 36 32 39 42 25 43 1 44 20 59 34 47 62 33 3 56 41 50 64 29 54 6 55 49 12 48 10 7 57 35 60 2 9 40 26 4 17 24 5 28 18 37 
32 51 38 58 30 46 36 32 39 42 25 43 1 44 20 59 34 47 62 33 3 56 41 50 64 29 54 6 55 49 12 48 10 7 57 35 60 2 9 40 26 4 17 24 5 28 18 37 
33 51 38 58 30 46 36 32 39 42 25 43 1 44 20 59 34 47 62 33 3 56 41 50 64 29 54 6 55 49 12 48 10 7 57 35 60 2 9 40 26 4 17 24 5 28 18 37 
34 51 38 58 30 46 36 32 39 42 25 43 1 44 20 59 34 47 62 33 3 56 41 50 64 29 54 6 55 49 12 48 10 7 57 35 60 2 9 40 26 4 17 24 5 28 18 37 
35 51 38 58 30 46 36 32 39 42 25 43 1 44 20 59 34 47 62 33 3 56 41 50 64 29 54 6 55 49 12 48 10 7 57 35 60 2 9 40 26 4 17 24 5 28 18 37 
36 51 38 58 30 46 36 32 39 42 25 43 1 44 20 59 34 47 62 33 3 56 41 50 64 29 54 6 55 49 12 48 10 7 57 35 60 2 9 40 26 4 17 24 5 28 18 37 
37 51 38 58 30 46 36 32 39 42 25 43 1 44 20 59 34 47 62 33 3 56 41 50 64 29 54 6 55 49 12 48 10 7 57 35 60 2 9 40 26 4 17 24 5 28 18 37 
38 51 58 38 30 46 36 32 39 42 25 43 1 44 20 59 34 47 62 33 3 56 41 50 64 29 54 6 55 49 12 48 10 7 57 35 60 2 9 40 26 4 17 24 5 28 18 37 
39 51 38 58 30 46 36 32 39 42 25 43 1 44 20 59 34 47 62 33 3 56 41 50 64 29 54 6 55 49 12 48 10 7 57 35 60 2 9 40 26 4 17 24 5 28 18 37 
40 51 38 58 30 46 36 32 39 42 25 43 1 44 20 59 34 47 62 33 3 56 41 50 64 29 54 6 55 49 12 48 10 7 57 35 60 2 9 40 26 4 17 24 5 28 18 37 
41 51 38 58 30 46 36 32 39 42 25 43 1 44 20 59 34 47 62 33 3 56 50 64 41 29 54 6 55 49 12 48 10 7 57 35 60 2 9 40 26 4 17 24 5 28 18 37 
42 51 38 58 30 46 36 32 39 42 25 43 1 44 20 59 34 47 62 33 3 56 41 50 64 29 54 6 55 49 12 48 10 7 57 35 60 2 9 40 26 4 17 24 5 28 18 37 
43 51 38 58 30 46 36 32 39 42 25 43 1 44 20 59 34 47 62 33 3 56 41 50 64 29 54 6 55 49 12 48 10 7 57 35 60 2 9 40 26 4 17 24 5 28 18 37 
44 51 38 58 30 46 36 32 39 42 25 43 1 44 20 59 34 47 62 33 3 56 41 50 64 29 54 6 55 49 12 48 10 7 57 35 60 2 9 40 26 4 17 24 5 28 18 37 
45 51 38 58 30 46 36 32 39 42 25 43 1 44 20 59 34 47 62 33 3 56 41 50 64 29 54 6 55 49 12 48 10 7 57 35 60 2 9 40 26 4 17 24 5 28 18 37 
46 51 38 58 30 46 36 32 39 42 25 43 1 44 20 59 34 47 62 33 3 56 41 50 64 29 54 6 55 49 12 48 10 7 57 35 60 2 9 40 26 4 17 24 5 28 18 37 
47 51 38 58 30 46 36 32 39 42 25 43 1 44 20 59 34 47 62 33 3 56 41 50 64 29 54 6 55 49 12 48 10 7 57 35 60 2 9 40 26 4 17 24 5 28 18 37 
48 51 38 58 30 46 36 32 39 42 25 43 1 44 20 59 34 47 62 33 3 56 41 50 64 29 54 6 55 49 12 48 10 7 57 35 60 2 9 40 26 4 17 24 5 28 18 37 
49 51 38 58 30 46 36 32 39 42 25 43 1 44 20 59 34 47 62 33 3 56 41 50 64 29 54 6 55 49 12 48 10 7 57 35 60 2 9 40 26 4 17 24 5 28 18 37 
50 51 38 58 30 46 36 32 39 42 25 43 1 44 20 59 34 47 62 33 3 56 41 64 50 29 54 6 55 49 12 48 10 7 57 35 60 2 9 40 26 4 17 24 5 28 18 37 
51 51 38 58 30 46 36 32 39 42 25 43 1 44 20 59 34 47 62 33 3 56 41 50 64 29 54 6 55 49 12 48 10 7 57 35 60 2 9 40 26 4 17 24 5 28 18 37 
52 51 38 58 30 46 36 32 39 42 25 43 1 44 20 59 34 47 62 33 3 56 41 50 64 29 54 6 55 49 12 48 10 7 57 35 60 2 9 40 26 4 17 24 5 28 18 37 
53 51 38 58 30 46 36 32 39 42 25 43 1 44 20 59 34 47 62 33 3 56 41 50 64 29 54 6 55 49 12 48 10 7 57 35 60 2 9 40 26 4 17 24 5 28 18 37 
54 51 38 58 30 46 36 32 39 42 25 43 1 44 20 59 34 47 62 33 3 56 41 50 64 29 54 6 55 49 12 48 10 7 57 35 60 2 9 40 26 4 17 24 5 28 18 37 
55 51 38 58 30 46 36 32 39 42 25 43 1 44 20 59 34 47 62 33 3 56 41 50 64 29 54 6 55 49 12 48 10 7 57 35 60 2 9 40 26 4 17 24 5 28 18 37 
56 51 38 58 30 46 36 32 39 42 25 43 1 44 20 59 34 47 62 33 3 56 41 50 64 29 54 6 55 49 12 48 10 7 57 35 60 2 9 40 26 4 17 24 5 28 18 37 
57 51 38 58 30 46 36 32 39 42 25 43 1 44 20 59 34 47 62 33 3 56 41 50 64 29 54 6 55 49 12 48 10 7 57 35 60 2 9 40 26 4 17 24 5 28 18 37 
58 51 38 58 30 46 36 32 39 42 25 43 1 44 20 59 34 47 62 33 3 56 41 50 64 29 54 6 55 49 12 48 10 7 57 35 60 2 9 40 26 4 17 24 5 28 18 37 
59 51 38 58 30 46 36 32 39 42 25 43 1 44 20 59 34 47 62 33 3 56 41 50 64 29 54 6 55 49 12 48 10 7 57 35 60 2 9 40 26 4 17 24 5 28 18 37 
60 51 38 58 30 46 36 32 39 42 25 43 1 44 20 59 34 47 62 33 3 56 41 50 64 29 54 6 55 49 12 48 10 7 57 35 60 2 9 40 26 4 17 24 5 28 18 37 
61 51 38 58 30 46 36 32 39 42 25 43 1 44 20 59 34 47 62 33 3 56 41 50 64 29 54 6 55 49 12 48 10 7 57 35 60 2 9 40 26 4 17 24 5 28 18 37 
62 51 38 58 30 46 36 32 39 42 25 43 1 44 20 59 34 47 62 33 3 56 41 50 64 29 54 6 55 49 12 48 10 7 57 35 60 2 9 40 26 4 17 24 5 18 37 
63 51 38 58 30 46 36 32 39 42 25 43 1 44 20 59 34 47 62 33 3 56 41 50 64 29 54 6 55 49 12 48 10 7 57 35 60 2 9 40 26 4 17 24 5 18 37 
64 51 38 58 30 46 36 32 39 42 25 43 1 44 20 59 34 47 62 33 3 56 41 50 64 29 54 6 55 49 12 48 10 7 57 35 60 2 9 40 26 4 17 5 28 18 37 
65 51 38 58 30 46 36 32 39 42 25 43 1 44 20 59 34 47 62 33 3 56 64 41 50 29 54 6 55 49 12 48 10 7 57 35 60 2 9 40 26 4 17 5 28 18 37 
66 51 38 58 30 46 36 32 39 42 25 43 1 44 20 59 34 66 47 62 33 3 56 64 41 50 29 54 6 55 49 12 48 10 7 57 35 60 2 9 40 26 4 17 24 5 28 18 37 
67 36 67 39 25 47 62 33 64 41 50 54 6 55 48 57 35 2 40 26 17 24 18 37 51 38 58 30 46 32 42 43 1 44 20 59 34 66 3 56 29 49 12 10 7 60 9 4 5 28 
68 67 36 39 25 47 62 33 64 41 50 54 68 6 55 48 57 35 2 40 26 17 24 18 37 51 38 58 30 46 32 42 43 1 44 20 59 34 66 3 56 29 49 12 10 7 60 9 4 5 28 
69 67 36 39 25 47 62 33 64 41 50 68 54 6 55 48 57 35 2 40 26 17 24 18 37 51 38 58 30 46 32 69 42 43 1 44 20 59 34 66 3 56 29 49 12 10 7 60 9 4 5 28 
70 67 36 39 25 47 62 33 64 41 50 68 54 6 55 48 57 35 2 40 26 17 24 18 37 51 38 58 30 46 32 69 42 43 1 44 20 59 34 66 3 56 29 49 12 10 7 60 9 4 5 28 
