1 1 
2 1 2 
3 1 2 3 
4 1 4 2 3 
5 5 1 4 2 3 
6 5 6 1 4 2 3 
7 5 6 1 4 2 7 3 
8 5 8 6 1 4 2 7 3 
9 5 8 6 1 4 2 7 3 
10 5 8 6 1 10 4 2 7 3 
11 5 8 6 1 10 4 2 11 7 3 
12 5 8 6 1 10 4 2 11 7 3 
13 5 8 6 1 4 2 7 3 
14 5 8 6 1 4 2 14 7 3 
15 5 8 6 1 15 4 2 14 7 3 
16 5 8 6 1 15 4 2 14 16 7 3 
17 5 8 6 1 15 4 2 14 17 16 7 3 
18 5 18 6 1 4 17 16 3 8 15 2 14 7 
19 5 18 6 1 4 17 16 3 8 15 2 14 7 
20 5 18 6 1 4 17 16 20 3 8 15 2 14 7 
21 5 18 6 1 4 17 16 20 3 8 21 15 2 14 7 
22 22 5 18 6 1 4 17 16 20 3 8 21 15 2 14 7 
23 22 5 18 1 23 4 17 16 20 3 8 21 15 2 14 7 
24 22 5 18 6 1 23 4 17 16 20 3 8 21 15 2 14 7 
25 22 5 18 6 25 1 23 4 17 16 20 3 8 21 15 2 14 7 
26 22 5 18 6 25 1 23 4 17 16 20 3 26 8 21 15 2 14 7 
27 22 5 18 6 25 1 23 4 17 16 20 3 26 8 21 15 2 14 7 27 
28 22 5 18 6 25 1 23 4 17 16 20 28 3 26 8 21 15 2 14 7 27 
29 22 5 18 6 25 1 23 4 29 17 16 20 28 3 26 8 21 15 2 14 7 27 
30 22 5 18 6 25 1 23 4 29 17 16 20 28 3 26 8 21 15 2 14 7 27 
31 22 5 18 6 25 1 23 4 29 17 16 20 28 3 31 26 8 21 15 2 14 7 27 
32 22 5 18 6 25 1 23 4 29 32 17 16 20 28 3 31 26 8 21 15 2 14 7 27 
33 22 5 18 6 25 23 4 29 17 20 28 31 8 21 15 2 14 27 1 32 16 3 26 33 7 
34 22 5 18 25 1 4 29 32 17 34 20 28 16 31 3 26 8 21 33 15 2 14 7 27 
35 22 5 18 6 25 23 4 29 17 34 20 28 31 8 21 15 2 14 27 35 1 32 16 3 26 33 7 
36 22 5 18 6 25 23 4 29 17 34 20 28 31 8 36 21 15 2 14 27 35 1 32 16 3 26 33 7 
37 22 5 18 6 25 23 4 29 17 34 20 28 31 8 36 21 15 2 14 27 35 1 32 16 3 26 33 7 
38 22 5 18 6 25 23 4 29 38 17 34 20 28 31 8 36 21 15 2 14 27 35 1 32 16 3 26 33 7 
39 22 5 18 6 25 23 4 29 38 17 34 20 28 31 8 36 21 15 2 14 27 35 1 32 16 3 26 33 39 7 
40 22 5 18 6 25 23 4 29 38 17 34 20 28 31 8 36 21 40 15 2 14 27 35 1 32 16 3 26 33 39 7 
41 22 5 18 6 25 23 4 29 38 17 34 20 28 31 8 36 21 40 15 2 14 27 41 35 1 32 16 3 26 33 39 7 
42 22 5 18 6 25 23 4 29 38 17 34 20 28 31 8 36 21 40 15 2 14 27 41 35 1 32 16 3 26 42 33 39 7 
43 22 5 18 6 25 23 4 29 38 17 34 20 28 31 8 36 21 40 15 2 14 27 41 35 1 32 16 3 26 42 33 39 7 
44 22 5 18 6 25 23 4 29 38 17 34 20 28 31 8 36 21 40 15 44 2 14 27 41 35 1 32 16 3 26 42 33 39 7 
45 22 5 18 6 25 23 4 29 38 17 34 20 28 31 8 36 21 40 15 44 2 14 45 27 41 35 1 32 16 3 26 42 33 39 7 
46 22 5 18 6 25 23 4 29 38 17 34 20 28 31 8 36 21 40 15 44 2 14 45 27 41 35 1 32 16 3 26 46 42 33 39 7 
47 22 5 18 25 4 29 38 17 20 28 31 8 36 21 40 15 44 2 14 47 45 27 41 35 1 32 16 3 26 46 42 33 39 7 
48 22 5 18 6 25 23 4 29 38 17 34 20 28 31 8 36 21 40 15 44 2 14 47 48 45 27 41 35 1 32 16 3 26 46 42 33 39 7 
49 22 5 18 6 25 23 49 4 29 38 17 34 20 28 31 8 36 21 40 15 44 2 14 47 48 45 27 41 35 1 32 16 3 26 46 42 33 39 7 
50 22 5 18 6 25 23 49 4 29 38 17 34 20 28 31 50 8 36 21 40 15 44 2 14 47 48 45 27 41 35 1 32 16 3 26 46 42 33 39 7 
51 22 5 18 6 25 23 49 4 29 38 17 34 20 28 31 50 8 36 21 40 15 44 2 14 47 48 45 27 41 35 1 32 16 3 26 46 42 33 39 7 
52 22 5 18 6 25 23 49 4 29 38 17 34 20 28 31 50 8 36 21 40 15 44 2 14 47 48 52 45 27 41 35 1 32 16 3 26 46 42 33 39 7 
53 22 5 18 6 25 23 49 4 29 38 17 34 20 28 31 50 8 36 21 40 15 44 2 14 47 53 48 52 45 27 41 35 1 32 16 3 26 46 42 33 39 7 
54 22 5 18 6 25 23 49 4 29 38 17 34 20 28 31 50 8 36 21 40 15 44 2 14 47 53 48 52 45 27 41 35 1 32 16 3 26 46 42 33 39 7 54 
55 22 5 18 6 25 23 49 4 29 38 17 34 20 28 31 50 8 36 21 40 15 44 2 14 47 53 48 52 45 27 41 35 1 32 16 3 26 46 42 55 33 39 7 54 
56 22 5 18 6 25 23 49 4 29 38 17 34 20 28 56 31 50 8 36 21 40 15 44 2 14 47 53 48 52 45 27 41 35 1 32 16 3 26 46 42 55 33 39 7 54 
57 22 5 18 6 25 23 49 4 29 38 17 34 20 28 56 31 50 8 36 21 40 15 44 2 14 47 53 48 52 45 27 41 35 1 32 16 3 26 46 42 55 33 39 7 54 
58 22 5 18 6 25 23 49 4 29 38 17 34 20 28 56 31 50 8 36 21 40 15 44 2 14 47 53 48 52 45 27 41 35 1 32 16 3 26 46 42 55 33 58 39 7 54 
59 22 5 18 6 25 23 49 4 29 38 17 34 20 28 56 31 50 8 36 21 40 15 44 2 14 47 53 48 52 45 27 41 35 1 59 32 16 3 26 46 42 55 33 58 39 7 54 
60 22 5 18 6 25 60 23 49 4 29 38 17 34 20 28 56 31 50 8 36 21 40 15 44 2 14 47 53 48 52 45 27 41 35 1 59 32 16 3 26 46 42 55 33 58 39 7 54 
61 22 5 18 25 60 49 61 4 29 38 17 20 28 56 31 50 8 36 21 40 15 44 2 14 53 48 52 45 27 41 35 1 59 32 16 3 26 46 42 55 33 58 39 7 54 
62 5 18 25 60 4 38 34 20 56 31 36 40 15 2 14 53 52 45 27 41 3 26 42 55 33 58 39 7 22 6 23 49 61 29 17 28 50 8 21 44 47 48 35 1 59 32 16 46 62 54 
63 5 18 25 60 4 38 34 20 56 31 36 40 15 2 14 53 52 45 27 41 3 26 42 55 33 58 39 7 22 6 23 49 61 29 17 28 50 8 21 44 47 48 35 1 59 32 16 46 62 54 
64 5 18 25 60 4 38 34 20 56 31 36 40 15 2 14 53 52 45 27 41 3 26 42 55 33 58 39 7 22 6 23 49 61 29 17 28 50 8 21 44 47 48 35 1 59 32 16 46 62 54 
