1 1 
2 2 1 
3 3 2 1 
4 3 2 1 
5 3 2 1 
6 3 2 6 1 
7 7 3 2 6 1 
8 7 8 3 2 6 1 
9 7 8 3 2 9 6 1 
10 7 8 3 2 9 6 1 
11 7 8 3 2 11 9 6 1 
12 12 7 8 3 2 11 9 6 1 
13 12 7 8 3 2 11 9 6 1 
14 12 7 8 3 14 2 11 9 6 1 
15 15 3 14 22 23 35 6 21 26 2 11 41 30 36 18 20 29 38 33 37 12 7 8 27 34 19 17 9 28 39 1 
16 15 3 14 22 23 35 6 21 26 2 11 41 30 36 18 20 29 38 33 37 12 7 8 27 34 19 17 9 28 39 1 
17 15 3 14 22 23 35 6 21 26 2 11 41 30 36 18 20 29 38 33 37 12 7 8 27 34 19 17 9 28 39 1 
18 15 3 14 22 23 35 6 21 26 2 11 41 30 36 18 20 29 38 33 37 12 7 8 27 34 19 17 9 28 39 1 
19 15 3 14 22 23 35 6 21 26 2 11 41 30 36 18 20 29 38 33 37 12 7 8 27 34 19 17 9 28 39 1 
20 15 3 14 22 23 35 6 21 26 2 11 41 30 36 18 20 29 38 33 37 12 7 8 27 34 19 17 9 28 39 1 
21 15 3 14 22 23 35 6 21 26 2 11 41 30 36 18 20 29 38 33 37 12 7 8 27 34 19 17 9 28 39 1 
22 15 3 14 22 23 35 6 21 26 2 11 41 30 36 18 20 29 38 33 37 12 7 8 27 34 19 17 9 28 39 1 
23 15 3 14 22 23 35 6 21 26 2 11 41 30 36 18 20 29 38 33 37 12 7 8 27 34 19 17 9 28 39 1 
24 15 3 14 22 23 35 6 21 26 2 11 41 30 36 18 20 29 38 33 37 12 7 8 27 34 19 17 9 28 39 1 
25 15 3 14 22 23 35 6 21 26 2 11 41 30 36 18 20 29 38 33 37 12 7 8 27 34 19 17 9 28 39 1 
26 15 3 14 22 23 35 6 21 26 2 11 41 30 36 18 20 29 38 33 37 12 7 8 27 34 19 17 9 28 39 1 
27 15 3 14 22 23 35 6 21 26 2 11 41 30 36 18 20 29 38 33 37 12 7 8 27 34 19 17 9 28 39 1 
28 15 3 14 22 23 35 6 21 26 2 11 41 30 36 18 20 29 38 33 37 12 7 8 27 34 19 17 9 28 39 1 
29 15 3 14 22 23 35 6 21 26 2 11 41 30 36 18 20 29 38 33 37 12 7 8 27 34 19 17 9 28 39 1 
30 15 3 14 22 23 35 6 21 26 2 11 41 36 30 18 20 29 38 33 37 12 7 8 27 34 19 17 9 28 39 1 
31 15 3 14 22 23 35 6 21 26 2 11 41 30 36 18 20 29 38 33 37 12 7 8 27 34 19 17 9 28 39 1 
32 15 3 14 22 23 35 6 21 26 2 11 41 30 36 18 20 29 38 33 37 12 7 8 27 34 19 17 9 28 39 1 
33 15 3 14 22 23 35 6 21 26 2 11 41 30 36 18 20 29 38 37 33 12 7 8 27 34 19 17 9 28 39 1 
34 15 3 14 22 23 35 6 21 26 2 11 41 30 36 18 20 29 38 33 37 12 7 8 27 34 19 17 9 28 39 1 
35 15 3 14 22 23 35 6 21 26 2 11 41 30 36 18 20 29 38 33 37 12 7 8 27 34 19 17 9 28 39 1 
36 15 3 14 22 23 35 6 21 26 2 11 41 30 36 18 20 29 38 33 37 12 7 8 27 34 19 17 9 28 39 1 
37 15 3 14 22 23 35 6 21 26 2 11 41 36 30 18 20 29 38 33 37 12 7 8 27 34 19 17 9 28 39 1 
38 15 3 14 22 23 35 6 21 26 2 11 41 36 30 18 20 29 38 33 37 12 7 8 27 34 19 17 9 28 39 1 
39 15 3 14 22 23 35 6 21 26 2 11 41 36 30 18 20 29 38 33 37 12 7 8 27 34 19 17 9 28 39 1 
40 15 3 14 22 23 35 6 21 26 2 11 41 36 30 18 20 29 38 33 37 12 7 8 27 34 19 17 9 28 39 1 
41 15 3 22 23 35 6 21 26 2 11 41 30 36 18 20 29 38 33 37 12 7 8 27 34 19 17 9 28 39 1 
42 15 3 22 23 35 6 21 26 2 11 41 30 36 18 20 29 38 33 37 12 7 8 27 34 19 17 9 28 39 1 
43 15 3 14 22 23 35 6 21 26 2 11 41 30 36 18 20 29 38 33 37 12 7 8 27 34 19 43 17 9 28 39 1 
44 15 3 14 22 23 35 6 21 26 2 11 41 30 36 18 20 29 38 33 37 12 7 8 27 34 19 43 17 9 28 39 1 44 
45 15 3 14 22 23 35 6 21 26 2 11 41 45 30 36 18 20 29 38 33 37 12 7 8 27 34 19 43 17 9 28 39 1 44 
46 15 3 14 22 23 35 6 21 26 2 11 41 45 30 36 18 20 29 38 33 37 46 12 7 8 27 34 19 43 17 9 28 39 1 44 
47 15 3 14 22 23 35 6 21 26 2 11 41 45 30 36 47 18 20 29 38 33 37 46 12 7 8 27 34 19 43 17 9 28 39 1 44 
48 15 3 14 22 23 35 6 21 26 2 11 41 45 30 36 47 18 20 29 38 33 37 46 12 7 8 27 34 19 43 48 17 9 28 39 1 44 
49 15 3 14 22 23 35 6 21 26 2 11 41 45 30 36 47 18 20 29 38 33 37 46 12 7 8 27 34 19 43 48 17 9 28 39 49 1 44 
50 15 3 14 22 23 35 6 21 26 2 11 41 45 30 36 47 18 20 29 38 33 37 46 12 7 8 27 34 19 43 48 17 9 28 49 39 1 44 
