1 1 
2 2 1 
3 3 2 1 
4 3 2 4 1 
5 3 2 4 5 1 
6 3 2 4 5 6 1 
7 3 2 4 5 6 1 7 
8 3 2 4 5 6 1 8 7 
9 3 2 4 5 6 9 1 8 7 
10 3 21 10 12 20 4 5 26 6 9 14 1 8 23 7 18 2 22 24 16 11 15 17 
11 3 21 10 12 20 4 5 26 6 9 14 1 8 23 7 18 2 22 24 16 15 11 17 
12 3 21 10 12 20 4 5 26 6 9 14 1 8 23 7 18 2 22 24 16 11 15 17 
13 3 21 10 12 20 4 5 26 6 9 14 1 8 23 7 18 2 22 24 16 11 15 17 
14 3 21 10 12 20 4 5 26 6 9 14 1 8 23 7 18 2 22 24 16 11 15 17 
15 3 21 10 12 20 4 5 26 6 9 14 1 8 23 7 18 2 22 16 11 15 17 
16 3 21 10 12 20 4 5 26 6 9 14 1 8 23 7 18 2 22 24 16 11 15 17 
17 3 21 10 12 20 4 5 26 6 9 14 1 8 23 7 18 2 22 24 16 11 15 17 
18 3 21 10 12 20 4 5 26 6 9 14 1 8 23 7 18 2 22 24 16 11 15 17 
19 3 21 10 12 20 4 5 26 6 9 14 1 8 23 7 18 2 22 24 16 11 15 17 
20 3 21 10 12 20 4 5 26 6 9 14 1 8 23 7 18 2 22 24 16 11 15 17 
21 3 21 10 12 20 4 5 26 6 9 14 1 8 23 7 18 2 22 24 16 11 15 17 
22 3 21 10 12 20 4 5 26 6 9 14 1 8 23 7 18 2 22 24 16 11 15 17 
23 3 21 10 12 20 4 5 26 6 9 14 1 8 23 18 2 22 24 16 11 15 17 
24 3 21 10 12 20 4 5 26 6 9 14 1 8 23 18 2 22 24 16 11 17 
25 3 21 10 12 20 4 5 26 6 9 14 1 8 23 18 2 22 24 16 11 17 
26 3 21 10 12 20 4 5 26 6 14 1 8 23 7 18 2 22 24 16 11 15 17 
27 3 21 10 12 20 4 5 26 6 14 1 8 23 7 18 2 22 24 16 11 15 17 
28 3 21 10 12 20 4 5 26 6 9 14 1 8 23 7 18 2 22 24 16 28 11 15 17 
29 21 10 6 1 23 29 7 2 22 28 16 17 3 12 20 4 5 26 9 14 8 18 24 11 15 
30 21 10 6 1 23 29 7 2 22 28 16 17 3 12 20 4 5 26 9 14 8 18 30 24 11 15 
31 21 10 31 6 1 29 2 22 28 16 17 3 12 20 4 5 26 9 14 8 18 30 24 11 15 
32 21 10 31 6 1 29 2 22 28 16 17 3 12 20 4 5 26 9 14 8 18 30 24 11 15 
