1 1 
2 2 1 
3 2 1 3 
4 2 1 3 4 
5 2 5 1 3 4 
6 2 5 1 6 3 4 
7 2 5 1 6 3 4 
8 8 2 5 1 6 3 4 
9 8 2 5 1 6 3 4 
10 8 5 1 6 3 4 10 
11 8 5 1 11 6 3 4 10 
12 8 5 1 11 6 3 4 10 
13 8 5 1 13 11 6 3 4 10 
14 8 5 1 13 11 6 3 4 10 
15 8 5 1 13 11 6 3 4 10 15 
16 8 5 1 13 11 6 16 3 4 10 15 
17 8 5 1 13 11 6 16 3 4 10 15 
18 8 5 18 1 13 11 6 16 3 4 10 15 
19 5 1 13 11 16 3 15 8 18 6 4 10 19 
20 5 20 1 13 11 16 3 15 8 18 6 4 10 19 
21 5 20 1 13 11 16 3 15 8 18 6 4 10 19 
22 5 20 1 13 11 16 3 15 8 18 6 4 10 19 
23 2 5 1 6 3 23 4 
24 2 5 1 6 3 23 4 
25 2 5 1 25 6 3 23 4 
26 2 5 26 1 25 6 3 23 4 
27 2 5 26 1 25 6 3 23 4 
28 2 5 26 1 28 25 6 3 23 4 
29 2 5 26 1 28 25 6 3 23 4 29 
30 2 5 30 26 1 28 25 6 3 23 4 29 
31 2 5 30 26 1 28 25 6 3 23 4 29 
32 2 5 30 26 1 28 25 6 3 23 4 29 
33 33 2 5 1 6 3 23 4 
34 33 2 5 1 6 3 23 4 
35 33 2 5 1 35 6 3 23 4 
36 33 2 5 1 35 36 6 3 23 4 
37 33 2 5 1 35 36 6 3 23 4 
38 33 2 5 1 35 36 38 6 3 23 4 
39 33 2 5 1 35 36 38 39 6 3 23 4 
40 33 2 5 1 35 36 38 39 6 3 23 4 
41 33 2 5 1 35 36 38 39 6 3 23 4 
42 33 42 2 5 1 6 3 23 4 
43 33 42 2 5 1 6 3 23 43 4 
44 33 42 2 5 44 1 6 3 23 43 4 
45 33 42 2 5 44 45 1 6 3 23 43 4 
46 5 44 45 1 3 23 43 33 42 2 6 46 4 
47 5 47 44 45 1 3 23 43 33 42 2 6 46 4 
48 5 47 44 45 1 3 23 43 33 42 2 6 46 4 
49 5 20 45 13 11 3 23 43 8 33 18 36 25 46 10 19 47 30 44 1 38 39 16 15 29 42 2 26 35 28 6 4 
