1 1 
2 2 1 
3 3 2 1 
4 3 2 1 
5 3 2 1 
6 3 6 2 1 
7 3 7 6 2 1 
8 3 7 6 2 1 
9 3 7 6 2 1 
10 3 7 10 6 2 1 
11 3 7 10 11 6 2 1 
12 3 7 10 11 6 2 12 1 
13 3 13 7 10 11 6 2 12 1 
14 3 13 7 10 11 14 6 2 12 1 
15 40 7 35 41 10 11 6 12 24 13 37 43 15 27 18 34 46 14 28 44 23 29 1 19 32 3 38 17 21 22 36 31 2 
16 40 7 35 41 10 11 6 12 24 13 37 43 15 27 18 34 46 14 28 44 23 29 1 19 32 3 38 17 21 22 36 31 2 
17 40 7 35 41 10 11 6 12 24 13 37 43 15 27 18 34 46 14 28 44 23 29 1 19 32 3 38 17 21 22 36 31 2 
18 40 7 35 41 10 11 6 12 24 13 37 43 15 27 18 34 46 14 28 44 23 29 1 19 32 3 38 17 21 22 36 31 2 
19 40 7 35 41 10 11 6 12 24 13 37 43 15 27 18 34 46 14 28 44 23 29 1 32 19 3 38 17 21 22 36 31 2 
20 40 7 35 41 10 11 6 12 24 13 37 43 15 27 18 34 46 14 28 44 23 29 1 19 32 3 38 17 21 22 36 31 2 
21 40 7 35 41 10 11 6 12 24 13 37 43 15 27 18 34 46 14 28 44 23 29 1 19 32 3 38 17 22 36 21 31 2 
22 40 7 35 41 10 11 6 12 24 13 37 43 15 27 18 34 46 14 28 44 23 29 1 19 32 3 38 17 21 36 22 31 2 
23 40 7 35 41 10 11 6 12 24 13 37 43 15 27 18 34 46 14 28 44 23 29 1 19 32 3 38 17 21 22 36 31 2 
24 40 7 35 41 10 11 6 12 24 13 37 43 15 27 18 34 46 14 28 44 23 29 1 19 32 3 38 17 21 22 36 31 2 
25 40 7 35 41 10 11 6 12 24 13 37 43 15 27 18 34 46 14 28 44 23 29 1 19 32 3 38 17 21 22 36 31 2 
26 40 7 35 41 10 11 6 12 24 13 37 43 15 27 18 34 46 14 28 44 23 29 1 19 32 3 38 17 21 22 36 31 2 
27 40 7 35 41 10 11 6 12 24 13 37 43 15 27 18 34 46 14 28 44 23 29 1 19 32 3 38 17 21 22 36 31 2 
28 40 7 35 41 10 11 6 12 24 13 37 43 15 27 18 34 46 14 28 44 23 29 1 19 32 3 38 17 21 22 36 31 2 
29 40 7 35 41 10 11 6 12 24 13 37 43 15 27 18 34 46 14 28 44 23 29 1 19 32 3 38 17 21 22 36 31 2 
30 40 7 35 41 10 11 6 12 24 13 37 43 15 27 18 34 46 14 28 44 23 29 1 19 32 3 38 17 21 22 36 31 2 
31 40 7 35 41 10 11 6 12 24 13 37 43 15 27 18 34 46 14 28 44 23 29 1 19 32 3 38 17 21 22 36 31 2 
32 40 7 35 41 10 11 6 12 24 13 37 43 15 27 18 34 46 14 28 44 23 29 1 19 32 3 38 17 21 22 36 31 2 
33 40 7 35 41 10 11 6 12 24 13 37 43 15 27 18 34 46 14 28 44 23 29 1 19 32 3 38 17 21 22 36 31 2 
34 40 7 35 41 11 6 12 24 13 37 43 15 27 18 46 34 14 28 44 23 29 1 19 32 3 38 17 21 22 36 31 2 
35 40 7 41 35 11 6 12 24 13 37 43 15 27 18 34 46 14 28 44 23 29 1 19 32 3 38 17 21 22 36 31 2 
36 40 7 35 41 11 6 12 24 13 37 43 15 27 18 34 46 14 28 44 23 29 1 19 32 3 38 17 21 22 36 31 2 
37 40 7 35 41 11 6 12 24 13 37 43 15 27 18 34 46 14 28 44 23 29 1 19 32 3 38 17 36 21 22 31 2 
38 40 7 35 41 11 6 12 24 13 37 43 15 27 18 34 46 14 28 44 23 29 1 19 32 3 38 17 36 21 22 31 2 
39 40 7 35 41 11 6 12 24 13 37 43 15 27 18 34 46 14 28 44 23 29 1 19 32 3 38 17 36 21 22 31 2 
40 40 7 35 41 11 6 12 24 13 37 43 15 27 18 34 46 14 28 44 23 29 1 19 32 3 38 17 36 21 22 31 2 
41 40 7 35 41 11 6 12 24 13 37 43 15 27 18 34 46 14 28 44 23 29 1 19 32 3 38 17 36 21 22 31 2 
42 40 7 35 41 11 6 12 24 13 37 43 15 27 18 34 46 14 28 44 23 29 1 19 32 3 38 17 36 21 22 31 2 
43 40 7 35 41 11 12 24 13 37 43 15 27 18 34 46 14 28 44 23 29 1 19 32 3 38 17 36 21 22 31 2 
44 40 7 35 41 11 12 24 13 37 43 15 27 18 34 46 14 28 44 23 29 1 19 32 3 38 17 36 21 22 31 2 
45 40 7 35 41 11 12 24 13 37 43 15 27 18 34 46 14 28 44 23 29 1 19 32 3 38 17 36 21 22 31 2 
46 40 7 35 41 10 11 6 12 24 13 37 43 15 27 18 34 46 28 44 23 29 1 19 32 3 38 17 21 22 36 31 2 
47 40 7 35 41 10 11 6 12 24 13 37 43 15 27 18 34 46 28 44 23 29 1 19 32 3 38 17 21 22 36 31 2 
48 40 7 35 41 10 11 6 12 24 13 37 48 43 15 27 18 34 28 44 23 29 1 19 32 3 38 17 21 22 36 31 2 
49 40 7 35 41 10 52 11 6 12 24 13 37 48 43 15 27 18 34 28 44 23 29 1 19 32 3 49 38 17 21 22 36 31 2 
50 40 7 35 41 10 52 11 6 12 24 13 37 48 43 15 27 18 34 28 44 23 29 1 19 32 3 49 38 17 21 22 36 31 2 
51 40 7 35 41 10 52 11 6 12 24 13 37 48 43 15 27 18 34 28 44 23 29 1 19 32 3 49 38 17 21 22 36 31 2 
52 40 7 35 41 10 52 11 6 12 24 13 37 43 15 27 18 34 28 44 23 29 1 19 32 3 49 38 17 21 22 36 31 2 
53 40 7 35 41 10 52 11 6 12 24 13 37 43 15 27 18 34 28 44 23 29 1 19 32 3 49 38 17 21 22 36 31 2 
54 40 7 35 41 10 11 6 12 24 13 37 43 15 27 18 34 28 44 23 29 1 19 32 3 49 38 17 21 22 36 54 31 2 
55 40 7 35 41 10 11 6 12 73 24 13 37 43 15 27 18 34 58 28 44 23 29 1 19 32 3 62 49 63 64 38 57 17 61 21 22 36 54 65 31 55 2 
56 40 7 35 41 10 11 6 12 73 24 13 37 43 15 27 18 34 58 28 44 23 29 1 19 32 3 62 49 63 64 38 57 17 61 21 22 36 54 65 31 55 2 
57 40 7 35 41 10 11 6 12 73 24 13 37 43 15 27 18 34 58 28 44 23 29 1 19 32 3 62 49 63 64 38 57 17 61 21 22 36 54 65 31 55 2 
58 40 7 35 41 10 11 6 12 73 24 13 37 43 15 27 18 34 28 58 44 23 29 1 19 32 3 62 49 63 64 38 57 17 61 21 22 36 54 65 31 55 2 
59 40 7 35 41 10 11 6 12 73 24 13 37 43 15 27 18 34 58 28 44 23 29 1 19 32 3 62 49 63 64 38 57 17 61 21 22 36 54 65 31 55 2 
60 40 7 35 41 10 11 6 12 73 24 13 37 43 15 27 18 34 58 28 44 23 29 1 19 32 3 62 49 63 64 38 57 17 61 21 22 36 54 65 31 55 2 
61 40 7 35 41 10 11 6 12 73 24 13 37 43 15 27 18 34 58 28 44 23 29 1 19 32 3 62 49 63 64 38 57 17 21 22 36 61 54 65 31 55 2 
62 40 7 35 41 10 11 6 12 73 24 13 37 43 15 27 18 34 58 28 44 23 29 1 19 32 3 62 49 63 64 38 57 17 61 21 22 36 54 65 31 55 2 
63 40 7 35 41 10 11 6 12 73 24 13 37 43 15 27 18 34 58 28 44 23 29 1 19 32 3 62 49 63 64 38 57 17 61 21 22 36 54 65 31 55 2 
64 40 7 35 41 10 11 6 12 73 24 13 37 43 15 27 18 34 58 28 44 23 29 1 19 32 3 62 49 63 64 38 57 17 61 21 22 36 54 65 31 55 2 
65 40 7 35 41 10 11 6 12 73 24 13 37 43 15 27 18 34 58 28 44 23 29 1 19 32 3 62 49 63 64 38 57 17 61 21 22 36 54 31 65 55 2 
66 40 7 35 41 10 11 6 12 73 24 13 37 43 15 27 18 34 58 28 44 23 29 1 19 32 3 62 49 63 64 38 57 17 61 21 22 36 54 65 31 55 2 
67 40 7 35 41 10 11 6 12 73 24 13 37 43 15 27 18 34 58 28 44 23 29 1 19 32 3 62 49 63 64 38 57 17 61 21 22 36 67 54 65 31 55 2 
68 40 7 35 41 10 11 6 12 73 24 13 37 43 15 27 18 34 58 28 44 23 29 1 19 32 3 62 49 63 64 38 57 17 61 67 21 22 36 54 65 31 55 2 
69 40 7 35 41 10 11 6 12 73 24 13 37 43 69 15 27 18 34 58 28 44 23 29 1 19 32 3 62 49 63 64 38 57 17 61 67 21 22 36 54 65 31 55 2 
70 40 7 35 41 10 11 6 12 73 24 13 37 43 69 15 27 18 34 58 28 44 23 29 1 19 32 3 62 49 63 64 38 57 17 61 67 21 22 36 54 65 31 55 2 
71 40 7 35 41 10 11 6 12 73 24 13 37 43 15 27 18 34 58 28 44 23 29 1 19 32 3 62 49 63 64 38 57 17 61 67 21 22 36 54 65 31 55 2 
72 40 7 35 41 10 11 6 12 73 24 13 37 43 15 27 18 34 58 28 44 23 29 1 19 32 3 62 49 63 64 38 57 17 61 21 22 36 54 65 31 55 2 
73 40 7 35 41 10 11 6 12 24 73 13 37 43 15 27 18 34 58 28 44 23 29 1 19 32 3 62 49 63 64 38 57 17 61 21 22 36 65 31 55 2 
74 40 7 35 41 10 11 6 12 73 24 13 37 43 15 27 18 34 58 28 44 23 29 1 19 32 3 62 49 63 64 38 57 17 61 21 22 36 65 31 55 2 
75 40 7 35 41 10 11 6 12 73 24 13 37 43 15 27 18 34 58 28 44 23 29 1 19 32 3 62 49 63 64 38 57 17 61 21 22 36 54 65 31 55 2 
