1 1 
2 2 1 
3 2 1 3 
4 2 1 4 3 
5 2 1 4 5 3 
6 2 1 4 5 3 6 
7 2 1 4 5 3 6 
8 2 1 4 5 3 6 
9 2 1 4 5 3 6 9 
10 2 1 28 10 19 4 15 18 22 5 3 6 12 24 21 23 17 14 26 9 
11 2 1 10 28 19 4 15 18 22 5 3 6 12 24 21 23 17 14 26 9 
12 2 1 10 28 19 4 15 18 22 5 3 6 12 24 21 23 17 14 9 
13 2 1 10 28 19 4 15 18 22 5 3 6 12 24 21 23 17 14 26 9 
14 2 1 10 28 19 4 15 18 22 5 3 6 12 24 21 23 17 14 26 9 
15 2 1 10 28 19 4 18 15 22 5 3 6 12 24 21 23 17 14 26 9 
16 2 1 10 28 19 4 15 18 22 5 3 6 12 24 21 23 17 14 26 9 
17 2 1 10 28 19 4 15 18 22 5 3 6 12 24 21 23 17 14 26 9 
18 2 1 10 28 19 4 15 18 22 5 3 6 12 24 21 23 17 14 26 9 
19 2 1 10 28 19 4 15 18 22 5 3 6 12 24 21 23 17 14 26 9 
20 2 1 10 28 19 4 15 18 22 5 3 6 12 24 21 23 17 14 26 9 
21 2 1 10 28 19 4 15 18 22 5 3 6 12 24 21 23 17 14 26 9 
22 2 1 10 28 19 4 15 18 22 5 3 6 12 24 21 23 17 14 26 9 
23 2 1 10 28 19 4 15 18 22 5 3 6 12 24 21 23 17 14 26 9 
24 2 1 10 28 19 4 15 18 22 5 3 6 12 24 21 23 17 14 26 9 
25 2 1 10 28 19 4 15 18 22 5 3 6 12 24 21 23 17 14 26 9 
26 2 1 10 28 19 4 15 18 22 5 3 6 24 21 23 17 14 26 9 
27 2 1 10 28 19 4 15 18 22 5 3 6 24 21 23 17 14 26 9 
28 2 1 10 28 19 4 15 18 22 5 3 6 12 24 21 23 17 14 26 
29 2 1 10 28 19 4 15 18 22 5 3 6 12 24 21 23 17 14 26 
30 2 1 10 28 19 4 15 18 22 30 5 3 6 12 24 21 23 17 14 26 9 
31 2 1 10 28 19 4 15 18 22 30 5 3 6 12 24 21 23 17 14 26 31 9 
32 2 1 10 28 19 4 15 18 22 30 5 3 6 12 24 21 32 23 17 14 26 31 9 
33 2 1 10 28 19 4 15 18 22 30 5 3 6 12 24 32 21 23 17 14 26 31 9 
