1 1 
2 1 2 
3 1 2 3 
4 1 4 2 3 
5 1 4 2 3 
6 6 1 4 2 3 
7 6 1 4 2 3 
8 8 1 4 2 3 
9 8 1 4 9 2 3 
10 8 12 19 29 4 9 20 14 18 2 25 3 16 1 26 11 27 15 22 13 
11 8 12 19 29 4 9 20 14 18 2 25 3 16 1 26 11 27 15 22 13 
12 8 12 19 29 4 9 20 14 18 2 25 3 16 1 26 11 27 15 22 13 
13 8 12 19 29 4 9 20 14 18 2 25 3 16 1 26 11 27 15 22 13 
14 8 12 19 29 4 9 20 18 14 2 25 3 16 1 26 11 27 15 22 13 
15 8 12 19 29 4 9 20 14 18 2 25 3 16 1 26 11 27 22 15 13 
16 8 12 19 29 4 9 20 14 18 2 25 3 16 1 26 11 27 15 22 13 
17 8 12 19 29 4 9 20 14 18 2 25 3 16 1 26 11 27 15 22 13 
18 8 12 19 29 4 9 20 14 18 2 25 3 16 1 26 11 27 15 22 13 
19 8 12 29 19 4 9 20 14 18 2 25 3 16 1 26 11 27 15 22 13 
20 8 12 19 29 4 9 20 14 18 2 25 3 16 1 26 11 27 15 22 13 
21 8 12 19 29 4 9 20 14 18 2 25 3 16 1 26 11 27 15 22 13 
22 8 12 19 29 4 20 14 18 2 25 3 16 1 26 11 27 15 22 13 
23 8 12 19 29 4 20 14 18 2 25 3 16 1 26 11 27 15 22 13 
24 8 12 19 29 4 9 20 14 18 2 25 3 16 1 26 11 27 15 22 13 
25 8 12 19 29 4 9 20 14 18 2 25 3 16 1 26 11 27 15 22 13 
26 8 12 19 29 4 9 20 14 18 2 25 3 16 1 26 11 27 15 22 13 
27 8 12 19 29 4 9 20 14 18 2 25 3 16 1 26 11 27 15 22 13 
28 8 12 19 29 4 9 20 14 18 2 25 3 16 1 26 11 27 15 22 13 
29 12 19 29 4 9 20 14 18 2 25 3 16 1 26 11 27 15 22 13 
30 12 19 29 4 9 20 14 18 2 25 3 16 1 26 11 27 15 22 13 
31 8 12 19 29 4 9 20 14 18 2 25 3 16 1 26 11 27 15 22 13 
32 8 12 19 29 4 9 20 14 18 2 25 3 16 1 26 11 27 15 22 32 13 
33 33 8 12 19 29 4 9 20 14 18 2 25 3 16 1 26 11 27 15 22 32 13 
34 33 8 12 19 29 4 9 20 14 18 2 25 3 16 1 26 11 27 15 22 32 13 
35 8 12 19 29 4 9 20 14 18 2 25 3 16 1 26 11 27 15 22 13 
36 8 12 19 29 4 9 20 14 18 2 25 3 16 36 1 26 11 27 15 22 13 
37 8 12 19 29 4 9 20 14 18 37 2 25 3 16 36 1 26 11 27 15 22 13 
38 8 12 19 29 4 9 20 14 18 37 2 25 3 16 36 1 26 11 27 15 22 13 
39 39 8 12 19 29 4 9 20 14 18 2 25 3 16 1 26 11 27 15 22 13 
40 39 8 12 40 19 29 4 9 20 14 18 2 25 3 16 1 26 11 27 15 22 13 
41 39 8 12 40 19 29 4 9 20 41 14 18 2 25 3 16 1 26 11 27 15 22 13 
42 39 8 12 40 19 29 4 9 20 41 42 14 18 2 25 3 16 1 26 11 27 15 22 13 
43 39 40 29 9 41 43 2 25 3 16 1 26 27 15 22 8 12 19 4 20 42 14 18 11 13 
44 33 39 40 29 9 41 43 37 2 25 3 16 36 1 44 26 27 15 22 8 12 19 4 20 42 14 18 11 32 13 
45 33 39 40 29 9 41 43 37 2 25 3 16 36 1 44 26 27 15 22 8 12 19 4 20 42 14 18 45 11 32 13 
46 33 39 40 29 9 41 43 37 2 25 3 16 36 1 44 26 27 15 22 8 12 19 4 20 42 14 18 45 11 32 13 
47 33 39 40 29 9 41 43 37 2 25 3 16 36 47 1 44 26 27 15 22 8 12 19 4 20 42 14 18 45 11 32 13 
48 33 39 40 29 9 41 43 37 2 25 3 16 36 47 1 44 26 27 15 22 8 12 19 4 20 42 14 18 45 11 32 13 
49 33 39 40 29 9 41 43 37 2 25 3 16 36 1 44 26 27 15 22 8 12 19 4 20 42 14 18 45 11 32 13 
50 33 39 40 29 9 41 43 37 2 25 3 16 36 1 44 26 27 50 15 22 8 12 19 4 20 42 14 18 45 11 32 13 
51 33 39 40 29 9 41 43 37 2 25 3 16 36 1 44 26 27 50 15 22 8 12 19 4 20 42 14 18 45 11 32 13 
52 33 39 40 29 9 41 43 37 2 25 3 16 36 1 44 26 27 15 22 8 12 19 4 20 42 14 18 45 11 32 13 
53 33 39 40 29 9 53 41 43 37 2 25 3 16 36 1 44 26 27 15 22 8 12 19 4 20 42 14 18 45 11 32 13 
54 33 39 40 29 9 53 41 43 37 2 25 3 16 36 1 44 26 27 15 22 8 12 19 4 20 42 14 18 45 11 32 13 
55 33 39 40 29 9 41 43 37 2 25 3 16 36 1 44 26 27 15 22 8 12 19 4 20 42 14 18 45 11 55 32 13 
56 33 39 40 29 9 41 43 37 2 25 3 16 36 1 44 26 27 15 22 8 12 19 4 20 42 14 18 45 11 56 55 32 13 
57 33 39 40 29 9 41 43 37 57 2 25 3 16 36 1 44 26 27 15 22 8 12 19 4 20 42 14 18 45 11 56 55 32 13 
58 33 39 40 29 9 53 41 43 37 57 2 25 3 16 36 1 44 26 27 50 58 15 22 8 12 19 4 20 42 14 18 45 11 56 55 32 13 
59 33 39 40 29 9 53 41 43 37 57 2 25 3 16 36 1 44 26 27 50 58 15 22 59 8 12 19 4 20 42 14 18 45 11 56 55 32 13 
60 33 39 40 29 9 53 41 43 37 57 2 25 3 16 36 1 44 26 27 50 58 15 22 59 8 12 19 4 20 42 14 18 45 11 56 60 55 32 13 
61 33 39 40 29 9 53 41 43 37 57 2 25 3 16 36 1 44 26 27 50 58 15 22 59 8 12 19 4 20 42 14 18 45 11 56 61 60 55 32 13 
62 33 39 40 29 9 53 41 43 37 57 2 25 3 16 36 1 44 26 27 50 58 15 22 59 8 12 19 4 20 42 14 18 45 11 56 61 60 55 32 13 
63 8 12 19 29 4 9 20 14 18 2 25 3 16 1 26 11 27 15 22 13 
64 8 12 19 29 4 9 20 14 18 2 25 3 16 1 26 11 27 15 22 13 
