1 1 
2 1 2 
3 1 2 
4 1 2 4 
5 1 2 4 
6 1 2 4 
7 1 2 4 7 
8 1 8 2 4 7 
9 1 8 2 9 4 7 
10 1 8 10 2 9 4 7 
11 1 8 10 11 2 9 4 7 
12 1 8 10 12 11 2 9 4 7 
13 1 8 13 10 12 11 2 9 4 7 
14 13 12 54 34 14 33 67 58 7 52 43 23 44 50 11 22 4 65 32 2 9 57 56 1 8 16 10 66 45 64 63 21 
15 13 12 54 34 14 33 67 58 7 52 43 23 44 50 11 22 4 65 32 2 9 57 56 1 8 16 10 66 45 64 63 21 
16 13 12 54 34 14 33 67 58 7 52 43 23 44 50 11 22 4 65 32 2 9 57 56 1 8 16 10 66 45 64 63 21 
17 13 12 54 34 14 33 67 58 7 52 43 23 44 50 11 22 4 65 32 2 9 57 56 1 8 16 10 66 45 64 63 21 
18 13 12 54 34 14 33 67 58 7 52 43 23 44 11 22 4 65 32 2 9 57 56 1 16 10 66 45 64 63 21 18 
19 13 12 54 34 14 33 67 58 7 52 43 23 44 11 22 4 65 32 2 9 57 56 1 16 10 66 45 64 63 21 18 
20 13 12 54 34 14 25 33 67 58 7 52 23 43 44 11 22 4 65 32 2 9 57 56 1 16 10 66 45 64 63 21 18 
21 13 12 54 34 14 25 33 67 58 7 52 23 43 44 11 22 4 65 32 2 9 57 56 1 16 10 66 45 64 63 21 18 
22 13 12 54 34 14 25 33 67 58 7 52 23 43 44 11 22 4 65 32 2 9 57 56 1 16 10 66 45 64 63 21 18 
23 13 12 54 34 14 25 33 67 58 7 52 43 23 44 11 22 4 65 32 2 9 57 56 1 16 10 66 45 64 63 21 18 
24 13 12 54 34 14 25 33 67 58 7 52 23 43 44 11 22 4 65 32 2 9 57 56 1 16 10 66 45 64 63 21 18 
25 13 12 54 34 14 33 25 67 58 7 52 23 43 44 11 22 4 65 32 2 9 57 56 1 16 10 66 45 64 63 21 
26 13 12 54 34 14 25 33 67 58 7 52 23 43 44 11 22 4 65 32 2 9 57 56 1 16 10 66 45 64 63 21 
27 13 12 54 34 14 33 67 58 7 52 43 23 44 11 22 4 65 32 2 9 57 56 1 16 10 66 45 64 63 21 18 
28 13 12 54 34 14 33 67 28 58 7 52 23 43 44 11 22 4 65 32 2 9 57 56 1 16 10 66 45 64 63 21 
29 13 12 54 34 14 33 67 28 58 29 52 23 43 44 11 22 4 65 32 2 9 57 56 1 16 10 66 45 64 21 
30 13 12 54 34 14 33 67 28 58 29 52 23 43 44 11 22 4 65 32 2 9 57 56 1 16 10 66 45 64 21 
31 13 12 54 34 14 33 67 28 58 29 52 23 43 44 11 22 4 36 65 32 2 9 57 56 1 16 10 66 45 64 21 
32 13 12 54 34 14 33 67 28 58 29 52 23 43 44 11 22 4 36 65 32 2 9 57 56 1 16 10 66 45 64 21 
33 13 12 54 34 14 33 67 28 58 29 52 23 43 44 11 22 4 36 65 32 2 9 57 56 1 16 10 66 45 64 21 
34 13 12 54 34 14 33 67 28 58 29 52 23 43 44 11 22 4 36 65 32 2 9 57 56 1 16 10 66 45 64 21 
35 13 12 54 34 14 33 67 28 58 29 52 23 43 44 11 22 4 36 65 32 2 9 57 56 1 16 10 66 45 64 21 
36 13 12 54 34 14 33 67 28 58 52 23 43 44 11 22 4 65 36 32 2 9 57 56 1 16 10 66 45 64 21 
37 13 12 54 34 14 33 67 28 58 52 23 43 44 11 22 4 36 65 32 2 9 57 56 1 16 10 66 45 64 21 
38 13 12 54 34 14 33 67 28 58 29 52 23 43 44 11 22 4 65 32 2 9 57 56 1 16 10 66 45 64 21 
39 13 12 54 34 14 33 67 28 58 52 23 43 44 11 22 4 65 32 2 9 57 56 1 16 10 66 45 64 21 39 
40 13 12 54 34 14 33 67 58 52 23 43 44 11 22 4 65 32 2 9 57 56 1 16 10 66 45 40 64 39 21 
41 13 12 54 34 14 33 67 58 52 23 43 44 11 22 4 65 32 2 9 57 56 1 16 10 66 40 45 64 39 21 
42 13 47 12 54 34 14 33 67 58 52 43 23 44 11 22 4 65 32 2 9 57 56 1 16 10 66 40 45 64 39 21 
43 13 47 12 54 34 14 33 67 58 52 23 43 44 11 22 4 65 32 2 9 57 56 1 16 10 66 40 45 64 39 21 
44 13 47 12 54 34 14 33 67 58 52 43 23 44 11 22 4 65 32 2 9 57 56 1 16 10 66 40 45 64 39 21 
45 13 47 12 54 34 14 33 67 58 52 43 23 44 11 22 4 65 32 2 9 57 56 1 16 10 66 40 45 64 39 21 
46 13 47 12 54 34 14 33 67 58 52 43 23 44 11 22 4 65 32 2 9 57 56 1 16 10 66 40 45 64 39 21 
47 13 47 12 54 34 14 33 67 58 52 43 23 44 11 22 4 65 32 2 9 57 56 1 16 10 66 45 64 39 21 
48 13 47 12 54 34 14 33 67 58 52 43 23 44 11 22 4 65 32 2 9 57 56 1 16 10 66 45 64 39 21 
49 13 12 54 34 14 33 67 58 52 23 43 44 11 22 4 65 32 2 9 57 56 1 16 10 66 40 45 64 39 21 
50 13 12 54 34 14 33 67 58 52 43 23 44 50 11 22 4 65 32 2 9 57 56 1 16 10 66 45 64 39 21 
51 13 12 54 34 14 33 67 58 52 43 23 44 50 11 51 22 4 65 32 2 9 57 56 1 16 10 66 45 64 21 
52 13 12 54 34 14 33 67 58 52 43 23 44 50 11 51 22 4 65 32 2 9 57 56 1 16 10 66 45 64 21 
53 13 12 54 34 14 33 67 58 52 43 23 44 50 11 51 22 4 65 32 2 9 57 56 1 16 10 66 45 64 21 
54 13 12 54 34 14 33 67 58 60 52 43 23 44 50 11 51 22 4 65 32 2 9 57 56 1 16 10 66 45 64 21 
55 13 12 54 34 14 33 67 58 60 52 43 23 44 50 11 51 22 4 65 32 2 9 57 56 1 16 10 66 45 64 21 
56 13 12 54 34 14 33 67 58 60 52 43 23 44 50 11 51 22 4 65 32 2 9 57 56 1 16 10 66 45 64 21 
57 13 12 54 34 14 33 67 58 60 52 43 23 44 50 11 51 22 4 65 32 2 9 57 56 1 16 10 66 45 64 21 
58 13 12 54 34 14 33 67 58 60 52 43 23 44 50 11 51 22 4 65 32 2 9 57 56 1 16 10 66 45 64 21 
59 13 12 54 34 14 33 67 58 60 52 43 23 44 50 11 51 22 4 65 32 2 9 57 56 1 16 10 66 45 64 21 
60 13 12 54 34 14 33 67 58 60 52 43 23 44 50 11 22 4 65 32 2 9 57 56 1 16 10 66 45 64 21 
61 13 12 54 34 14 33 67 58 60 52 43 23 44 50 11 22 4 65 32 2 9 57 56 1 16 10 66 45 64 21 
62 13 12 54 34 14 33 67 58 52 43 23 44 50 11 51 22 4 65 32 2 9 57 56 1 16 10 66 45 64 21 
63 13 12 54 34 14 33 67 58 52 43 23 44 50 11 22 4 65 32 2 9 57 56 1 16 10 66 45 64 63 21 
64 13 54 34 14 33 67 58 52 43 23 44 50 11 22 4 65 32 2 9 57 56 1 16 10 66 45 64 63 21 
65 13 54 34 14 33 67 58 52 43 23 44 50 11 22 4 65 32 2 57 56 1 16 10 66 45 64 63 21 
66 54 34 14 33 67 58 52 43 23 44 50 11 22 4 65 32 2 57 56 1 16 10 66 45 64 63 21 
67 54 34 14 33 67 58 52 43 23 44 50 22 4 65 32 2 57 56 1 16 10 66 45 64 63 21 
68 54 34 14 33 67 58 52 43 23 44 50 22 4 65 32 2 57 56 1 16 10 66 45 64 63 21 
69 13 12 54 34 14 33 67 58 7 52 43 23 44 50 11 22 4 65 32 2 9 57 56 1 8 16 10 66 45 64 63 21 
