1 1 
2 2 1 
3 2 1 3 
4 2 1 3 
5 2 1 3 
6 2 1 3 6 
7 2 1 3 6 
8 2 8 1 3 6 
9 2 8 1 3 6 
10 2 8 1 3 10 6 
11 2 8 1 3 10 6 
12 2 8 1 3 10 6 
13 2 8 1 3 13 10 6 
14 14 2 8 1 3 13 10 6 
15 14 2 8 1 3 13 15 10 6 
16 14 16 2 8 1 3 13 15 10 6 
17 14 16 2 8 1 3 13 15 10 6 
18 14 16 2 8 18 1 3 13 15 10 6 
19 14 19 16 2 8 18 1 3 13 15 10 6 
20 20 19 16 2 8 3 13 15 6 14 18 1 10 
21 20 19 16 2 8 3 13 15 6 21 14 18 1 10 
22 20 19 16 2 8 3 13 15 6 21 14 18 1 10 
23 20 19 16 2 8 3 13 15 23 6 21 14 18 1 10 
24 20 19 16 2 8 3 13 15 23 6 21 14 18 1 10 
25 20 19 25 16 2 8 3 13 15 6 21 14 18 1 10 
26 20 19 25 16 2 8 3 13 15 23 6 21 14 18 1 10 
