1 1 
2 1 
3 1 
4 4 1 
5 4 5 1 
6 4 5 1 
7 4 5 1 
8 8 4 5 1 
9 18 15 4 11 16 1 8 21 19 17 23 5 9 13 14 
10 18 15 4 11 16 1 8 21 19 17 23 5 9 13 14 
11 18 15 4 11 16 1 8 19 17 23 5 9 13 14 
12 18 15 4 11 16 1 8 21 19 17 23 5 9 13 14 
13 18 15 4 11 16 1 8 21 19 17 23 5 9 14 13 
14 18 15 4 11 16 1 8 21 19 17 23 5 9 13 14 
15 18 15 4 11 16 1 8 21 19 17 23 5 9 13 14 
16 18 15 4 11 16 1 8 21 19 17 23 5 9 13 14 
17 18 15 4 11 16 1 8 21 19 17 23 5 9 13 14 
18 18 15 4 11 16 1 8 21 19 17 23 5 9 13 14 
19 18 15 4 11 16 1 8 21 19 17 23 5 9 13 14 
20 18 15 4 11 16 1 8 21 19 17 23 5 9 13 14 
21 18 15 4 16 1 8 21 19 17 23 5 9 13 14 
22 18 15 4 16 1 8 21 19 17 23 5 9 13 14 
23 18 15 4 11 16 1 21 19 17 23 5 9 13 14 
24 18 15 4 11 16 1 21 19 17 23 5 9 13 14 
25 18 25 15 4 11 16 1 8 21 19 17 23 5 9 13 14 
26 25 18 15 4 11 16 1 8 21 19 17 23 5 9 13 14 
