1 1 
2 2 1 
3 2 1 3 
4 2 1 3 
5 5 2 1 3 
6 5 16 14 21 2 1 18 23 17 15 25 8 12 22 13 6 9 10 3 
7 5 16 14 21 2 1 18 23 17 15 25 8 12 22 13 6 9 10 3 
8 5 16 14 21 2 1 18 23 17 15 25 8 12 22 13 6 9 10 3 
9 5 16 14 21 2 1 18 23 17 15 25 8 12 22 13 6 10 9 3 
10 5 16 14 21 2 1 18 23 17 15 25 8 12 22 13 6 9 10 3 
11 5 16 14 21 2 1 18 23 17 15 25 8 12 22 13 6 9 10 3 
12 5 16 14 21 2 1 18 23 17 15 25 8 12 22 13 6 9 10 3 
13 5 16 14 21 2 1 18 23 17 15 25 8 12 22 13 6 9 10 3 
14 5 16 14 21 2 1 18 23 17 15 25 8 12 22 13 6 9 10 3 
15 5 16 14 21 2 1 18 23 17 15 25 8 12 22 13 6 9 10 3 
16 5 16 14 21 2 1 18 23 17 15 25 8 12 22 13 6 9 10 3 
17 5 16 14 21 2 1 18 23 17 15 25 8 12 22 13 6 9 10 3 
18 5 16 14 21 2 1 18 23 17 15 25 8 12 22 13 6 9 10 3 
19 5 16 14 21 2 1 18 23 17 15 25 8 12 22 13 6 9 10 3 
20 5 16 14 21 2 1 18 23 17 15 25 8 12 22 13 6 9 10 3 
21 5 16 14 21 2 1 18 23 17 15 25 8 12 22 13 6 9 10 3 
22 5 16 14 21 2 1 18 23 17 15 25 8 12 22 13 6 9 10 3 
23 5 16 14 21 2 1 18 23 17 15 25 8 12 22 13 6 9 10 3 
24 5 16 14 21 2 1 18 23 17 15 25 8 12 22 13 6 9 10 3 
25 16 14 21 2 1 18 23 17 15 25 8 12 22 13 6 9 10 3 
26 16 14 21 2 1 18 23 17 15 25 8 12 22 13 6 9 10 3 
27 16 14 21 2 1 18 23 17 15 8 12 27 22 13 6 9 10 3 
28 16 14 21 2 1 18 23 17 28 15 12 27 22 13 6 9 10 3 
29 16 14 21 2 1 18 23 17 29 28 15 12 27 22 13 6 9 10 3 
30 16 14 21 2 1 18 23 29 17 28 15 12 27 22 13 6 9 10 3 30 
31 16 14 21 31 2 1 18 23 29 17 28 15 12 27 22 13 6 9 10 3 30 
32 16 14 21 31 2 1 18 23 29 17 28 15 12 27 22 13 6 9 10 3 30 32 
33 43 14 28 15 44 37 81 60 27 66 41 13 39 70 42 9 10 3 76 65 36 16 21 62 1 18 71 33 63 12 22 79 50 30 31 73 2 78 23 52 69 45 40 56 58 67 6 59 49 48 74 29 17 75 53 68 47 55 61 35 32 
34 43 14 28 15 44 37 81 60 27 66 41 13 39 70 42 9 10 3 76 65 36 16 21 62 1 18 71 33 63 12 22 79 50 30 31 73 2 78 23 52 69 45 40 56 58 67 6 59 49 48 74 29 17 75 53 68 47 55 61 35 32 
35 43 14 28 15 44 37 81 60 27 66 41 13 39 70 42 9 10 3 76 65 36 16 21 62 1 18 71 33 63 12 22 79 50 30 31 73 2 78 23 52 69 45 40 56 58 67 6 59 49 48 74 29 17 75 53 68 47 55 61 35 32 
36 43 14 28 15 44 37 81 60 27 66 41 13 39 70 42 9 10 3 76 65 16 36 21 62 1 18 71 33 63 12 22 79 50 30 31 73 2 78 23 52 69 45 40 56 58 67 6 59 49 48 74 29 17 75 53 68 47 55 61 35 32 
37 43 14 28 15 44 81 37 60 27 66 41 13 39 70 42 9 10 3 76 65 36 16 21 62 1 18 71 33 63 12 22 79 50 30 31 73 2 78 23 52 69 45 40 56 58 67 6 59 49 48 74 29 17 75 53 68 47 55 61 35 32 
38 43 14 28 15 44 37 81 60 27 66 41 13 39 70 42 9 10 3 76 65 36 16 21 62 1 18 71 33 63 12 22 79 50 30 31 73 2 78 23 52 69 45 40 56 58 67 6 59 49 48 74 29 17 75 53 68 47 55 61 35 32 
39 43 14 28 15 44 37 81 60 27 66 41 13 70 39 42 9 10 3 76 65 36 16 21 62 1 18 71 33 63 12 22 79 50 30 31 73 2 78 23 52 69 45 40 56 58 67 6 59 49 48 74 29 17 75 53 68 47 55 61 35 32 
40 43 14 28 15 44 37 81 60 27 66 41 13 39 70 42 9 10 3 76 65 36 16 21 62 1 18 71 33 63 12 22 79 50 30 31 73 2 78 23 52 69 45 40 56 58 67 6 59 49 48 74 29 17 75 53 68 47 55 61 35 32 
41 43 14 28 15 44 37 81 60 27 66 13 41 39 70 42 9 10 3 76 65 36 16 21 62 1 18 71 33 63 12 22 79 50 30 31 73 2 78 23 52 69 45 40 56 58 67 6 59 49 48 74 29 17 75 53 68 47 55 61 35 32 
42 43 14 28 15 44 37 81 60 27 66 41 13 39 70 9 10 42 3 76 65 36 16 21 62 1 18 71 33 63 12 22 79 50 30 31 73 2 78 23 52 69 45 40 56 58 67 6 59 49 48 74 29 17 75 53 68 47 55 61 35 32 
43 43 14 28 15 44 37 81 60 27 66 41 13 39 70 42 9 10 3 76 65 36 16 21 62 1 18 71 33 63 12 22 79 50 30 31 73 2 78 23 52 69 45 40 56 58 67 6 59 49 48 74 29 17 75 53 68 47 55 61 35 32 
44 43 14 28 15 44 37 81 60 27 66 41 13 39 70 42 9 10 3 76 65 36 16 21 62 1 18 71 33 63 12 22 79 50 30 31 73 2 78 23 52 69 45 40 56 58 67 6 59 49 48 74 29 17 75 53 68 47 55 61 35 32 
45 43 14 28 15 44 37 81 60 27 66 41 13 39 70 42 9 10 3 76 65 36 16 21 62 1 18 71 33 63 12 22 79 50 30 31 73 2 78 23 52 69 45 40 56 58 67 6 59 49 48 74 29 17 75 53 68 47 55 61 35 32 
46 43 14 28 15 44 37 81 60 27 66 41 13 39 70 42 9 10 3 76 65 36 16 21 62 1 18 71 33 63 12 22 79 50 30 31 73 2 78 23 52 69 45 40 56 58 67 6 59 49 48 74 29 17 75 53 68 47 55 61 35 32 
47 43 14 28 15 44 37 81 60 27 66 41 13 39 70 42 9 10 3 76 65 36 16 21 62 1 18 71 33 63 12 22 79 50 30 31 73 2 78 23 52 69 45 40 56 58 67 6 59 49 48 74 29 17 75 53 68 47 55 61 35 32 
48 43 14 28 15 44 37 81 60 27 66 41 13 39 70 42 9 10 3 76 65 36 16 21 62 1 18 71 33 63 12 22 79 50 30 31 73 2 78 23 52 69 45 40 56 58 67 6 59 49 48 74 29 17 75 53 68 47 55 61 35 32 
49 43 14 28 15 44 37 81 60 27 66 41 13 39 70 42 9 10 3 76 65 36 16 21 62 1 18 71 33 63 12 22 79 50 30 31 73 2 78 23 52 69 45 40 56 58 67 6 59 49 48 74 29 17 75 53 68 47 55 61 35 32 
50 43 14 28 15 44 37 81 60 27 66 41 13 39 70 42 9 10 3 76 65 36 16 21 62 1 18 71 33 63 12 22 79 50 30 31 73 2 78 23 52 69 45 40 56 58 67 6 59 49 48 74 29 17 75 53 68 47 55 61 35 32 
51 43 14 28 15 44 37 81 60 27 66 41 13 39 70 42 9 10 3 76 65 36 16 21 62 1 18 71 33 63 12 22 79 50 30 31 73 2 78 23 52 69 45 40 56 58 67 6 59 49 48 74 29 17 75 53 68 47 55 61 35 32 
52 43 14 28 15 44 37 81 60 27 66 41 13 39 70 42 9 10 3 76 65 36 16 21 62 1 18 71 33 63 12 22 79 50 30 31 73 2 23 69 52 45 40 56 58 67 6 59 49 48 74 17 75 53 68 47 55 61 35 32 
53 43 14 28 15 44 37 81 60 27 66 41 13 39 70 42 9 10 3 76 65 36 16 21 62 1 18 71 33 63 12 22 79 50 30 31 73 2 78 23 52 69 45 40 56 58 67 6 59 49 48 74 29 17 75 68 53 47 55 61 35 32 
54 43 14 28 15 44 37 81 60 27 66 41 13 39 70 42 9 10 3 76 65 36 16 21 62 1 18 71 33 63 12 22 79 50 30 31 73 2 78 23 52 69 45 40 56 58 67 6 59 49 48 74 29 17 75 53 68 47 55 61 35 32 
55 43 14 28 15 44 37 81 60 27 66 41 13 39 70 42 9 10 3 76 65 36 16 21 62 1 18 71 33 63 12 22 79 50 30 31 73 2 78 23 52 69 45 40 56 58 67 6 59 49 48 74 29 17 75 53 68 47 55 61 35 32 
56 43 14 28 15 44 37 81 60 27 66 41 13 39 70 42 9 10 3 76 65 36 16 21 62 1 18 71 33 63 12 22 79 50 30 31 73 2 78 23 52 69 45 40 58 56 67 6 59 49 48 74 29 17 75 53 68 47 55 61 35 32 
57 43 14 28 15 44 37 81 60 27 66 41 13 39 70 42 9 10 3 76 65 36 16 21 62 1 18 71 33 63 12 22 79 50 30 31 73 2 78 23 52 69 45 40 56 58 67 6 59 49 48 74 29 17 75 53 68 47 55 61 35 32 
58 43 14 28 15 44 37 81 60 27 66 41 13 39 70 42 9 10 3 76 65 36 16 21 62 1 18 71 33 63 12 22 79 50 31 73 2 78 23 52 69 45 40 56 58 67 6 59 49 48 74 29 17 75 53 68 47 55 61 35 32 
59 43 14 28 15 44 37 81 60 27 66 41 13 39 70 42 9 10 3 76 65 36 16 21 62 1 18 71 33 63 12 22 79 50 31 73 2 78 23 52 69 45 40 56 58 67 6 59 49 48 74 29 17 75 53 68 47 55 61 35 32 
60 43 14 28 15 44 37 81 60 27 66 41 13 39 70 42 9 10 3 76 65 36 16 21 62 1 18 71 33 63 12 22 79 50 31 73 2 78 23 52 69 45 40 56 58 67 6 59 49 48 74 29 17 75 53 68 47 55 61 35 
61 43 14 28 15 44 37 81 60 27 66 41 13 39 70 42 9 10 3 76 65 36 16 21 62 1 18 71 33 63 12 22 79 50 30 31 73 2 78 23 52 69 45 40 56 58 67 6 59 49 48 74 29 17 75 53 68 47 55 61 35 32 
62 43 14 28 15 44 37 81 60 27 66 41 13 39 70 42 9 10 3 76 65 36 16 21 62 1 18 71 33 63 12 22 79 50 30 31 73 2 78 23 52 69 45 40 56 58 67 6 59 49 48 74 29 17 75 53 68 47 55 61 35 32 
63 43 14 28 15 44 37 81 60 27 66 41 13 39 70 42 9 10 3 76 65 36 16 21 62 1 18 71 33 63 12 22 79 50 30 31 73 2 78 23 52 69 45 40 56 58 67 6 59 49 48 74 29 17 75 53 68 47 55 61 35 32 
64 43 14 28 15 44 37 81 60 27 66 41 13 39 70 42 9 10 3 76 65 36 16 21 62 1 18 71 33 63 12 22 79 50 30 31 73 2 78 23 52 69 45 40 56 58 67 6 59 49 48 74 29 17 75 53 68 47 55 61 35 32 
65 43 14 28 15 44 37 81 60 27 66 41 13 39 70 42 9 10 3 76 65 36 16 21 62 1 18 71 33 63 12 22 79 50 30 31 73 2 78 23 52 69 45 40 56 58 67 6 59 49 48 74 29 17 75 53 68 47 55 61 35 32 
66 43 14 28 15 44 37 81 60 27 66 41 13 39 70 42 9 10 3 76 65 36 16 21 62 1 18 71 33 63 12 22 79 50 30 31 73 2 78 23 52 69 45 40 56 58 67 6 59 49 48 74 29 17 75 53 68 47 55 61 35 32 
67 43 14 28 15 44 37 81 60 27 66 41 13 39 70 42 9 10 3 76 65 36 16 21 62 1 18 71 33 63 12 22 79 50 30 31 73 2 78 23 52 69 45 40 56 58 67 6 59 49 48 74 29 17 75 53 68 47 55 61 35 32 
68 43 14 28 15 44 37 81 60 27 66 41 13 39 70 42 9 10 3 76 65 36 16 21 62 1 18 71 33 63 12 22 79 50 30 31 73 2 78 23 52 69 45 40 56 58 67 6 59 49 48 74 29 17 75 53 68 47 55 61 35 32 
69 43 14 28 15 44 37 81 60 27 66 41 13 39 70 42 9 10 3 76 65 36 16 21 62 1 18 71 33 63 12 22 79 50 30 31 73 2 78 23 52 69 45 40 56 58 67 6 59 49 48 74 29 17 75 53 68 47 55 61 35 32 
70 43 14 28 15 44 37 81 60 27 66 41 13 39 70 42 9 10 3 76 65 36 16 21 62 1 18 71 33 63 12 22 79 50 30 31 73 2 78 23 52 69 45 40 56 58 67 6 59 49 48 74 29 17 75 53 68 47 55 61 35 32 
71 43 14 28 15 44 37 81 60 27 66 41 13 39 70 42 9 10 3 76 65 36 16 21 62 1 18 71 33 63 12 22 79 50 30 31 73 2 78 23 52 69 45 40 56 58 67 6 59 49 48 74 29 17 75 53 68 47 55 61 35 32 
72 43 14 28 15 44 37 81 60 27 66 41 13 39 70 42 9 10 3 76 65 36 16 21 62 1 18 71 33 63 12 22 79 50 30 31 73 2 78 23 52 69 45 40 56 58 67 6 59 49 48 74 29 17 75 53 68 47 55 61 35 32 
73 43 14 28 15 44 37 81 60 27 66 41 13 39 70 42 9 10 3 76 65 36 16 21 62 1 18 71 33 63 12 22 79 50 30 31 73 2 78 23 52 69 45 40 56 58 67 6 59 49 48 74 29 17 75 53 68 47 55 61 35 32 
74 43 14 28 15 44 37 81 60 27 66 41 13 39 70 42 9 10 3 76 65 36 16 21 62 1 18 71 33 63 12 22 79 50 30 31 73 2 78 23 52 69 45 40 56 58 67 6 59 49 48 74 29 17 75 53 68 47 55 61 35 32 
75 43 14 28 15 44 37 81 60 27 66 41 13 39 70 42 9 10 3 76 65 36 16 21 62 1 18 71 33 63 12 22 79 50 30 31 73 2 78 23 52 69 45 40 56 58 67 6 59 49 48 74 29 17 75 53 68 47 55 61 35 32 
76 43 14 28 15 44 37 81 60 27 66 41 13 39 70 42 9 10 3 76 65 36 16 21 62 1 18 71 33 63 12 22 79 50 30 31 73 2 78 23 52 69 45 40 56 58 67 6 59 49 48 74 29 17 75 53 68 47 55 61 35 32 
77 43 14 28 15 44 37 81 60 27 66 41 13 39 70 42 9 10 3 76 65 36 16 21 62 1 18 71 33 63 12 22 79 50 30 31 73 2 78 23 52 69 45 40 56 58 67 6 59 49 48 74 29 17 75 53 68 47 55 61 35 32 
78 43 14 28 15 44 37 81 60 27 66 41 13 39 70 42 9 10 3 76 65 36 16 21 62 1 18 71 33 63 12 22 79 50 30 31 73 2 78 23 69 45 40 56 58 67 6 59 49 48 74 17 75 53 68 47 55 61 35 32 
79 43 14 15 44 37 81 60 27 66 41 13 39 70 42 9 10 3 76 65 36 16 21 62 1 18 71 33 63 12 22 79 50 30 31 73 2 78 23 52 69 45 40 56 58 67 6 59 49 48 74 29 17 75 53 68 47 55 61 35 32 
80 43 14 15 44 37 81 60 27 66 41 13 39 70 42 9 10 3 76 65 36 16 21 62 1 18 71 33 63 12 22 79 50 30 31 73 2 78 23 52 69 45 40 56 58 67 6 59 49 48 74 29 17 75 53 68 47 55 61 35 32 
81 43 14 28 15 44 37 81 60 66 41 13 39 70 42 9 10 3 76 65 36 16 21 62 1 18 71 33 63 12 22 79 50 30 31 73 2 78 23 52 69 45 40 56 58 67 6 59 49 48 74 29 17 75 53 68 47 55 61 35 32 
82 43 14 28 15 44 37 81 60 66 41 13 39 70 42 9 10 3 76 65 36 16 21 62 1 18 71 33 63 12 22 79 50 30 31 73 2 78 23 52 69 45 40 56 58 67 6 59 49 48 74 29 17 75 53 68 47 55 61 35 32 
83 43 83 14 28 15 44 37 81 60 27 66 41 13 39 70 42 9 10 3 76 65 36 16 21 62 1 18 71 33 63 12 22 79 50 30 31 73 2 78 23 52 69 45 40 56 58 67 6 59 49 48 74 29 17 75 53 68 47 55 61 35 32 
84 83 43 14 28 15 44 37 81 60 27 66 41 13 39 70 42 9 10 3 76 65 36 16 21 62 1 18 71 33 63 12 22 79 50 30 31 73 2 78 23 52 69 45 40 56 58 67 6 59 49 48 74 29 17 75 53 68 84 47 55 61 35 32 
85 83 43 14 28 15 44 37 81 60 27 66 41 13 39 70 42 9 10 3 76 65 36 16 21 62 1 18 71 33 63 12 22 79 50 30 31 73 2 78 23 52 69 45 40 56 58 67 6 59 49 48 74 29 17 75 84 53 68 47 55 61 35 32 
86 83 43 14 28 15 44 37 81 60 27 66 41 13 39 70 42 9 10 3 76 65 36 16 21 62 1 18 71 33 63 12 22 79 50 30 31 73 2 78 23 52 69 45 40 56 58 67 6 59 49 48 74 29 17 75 84 53 68 47 55 61 35 32 
87 83 43 14 28 15 44 37 81 60 27 66 41 13 39 70 42 9 10 3 76 65 36 16 21 62 1 18 71 33 63 12 22 79 50 30 31 73 2 78 23 52 69 45 40 56 58 87 67 6 59 49 48 74 29 17 75 84 53 68 47 55 61 35 32 
88 83 43 14 28 15 44 37 81 60 27 66 41 13 39 70 42 9 10 3 76 65 36 16 21 62 1 18 71 33 63 12 22 79 50 30 31 73 2 78 23 52 69 45 40 56 58 87 67 6 88 59 49 48 74 29 17 75 84 53 68 47 55 61 35 32 
89 83 43 14 28 15 44 37 81 60 27 66 41 13 39 70 42 9 10 3 76 65 36 16 21 62 1 18 71 33 63 12 22 79 50 30 31 73 2 78 23 52 69 45 40 56 58 87 67 6 88 59 49 48 74 29 17 75 84 53 68 47 55 61 35 32 
