1 1 
2 2 1 
3 2 1 
4 2 1 
5 2 1 
6 2 1 6 
7 2 1 6 
8 2 1 6 
9 2 1 9 
10 2 1 10 9 
11 2 1 10 9 11 
12 18 33 23 29 16 12 27 21 34 17 2 37 36 19 14 10 26 31 20 35 25 1 28 39 9 11 
13 18 33 23 29 16 12 27 21 34 17 2 37 36 19 14 10 26 31 20 35 25 1 28 39 9 11 
14 18 33 23 29 16 12 27 21 34 17 2 37 36 19 14 10 26 31 20 35 25 1 28 39 9 11 
15 18 33 23 29 16 12 27 21 34 17 2 37 36 19 14 10 26 31 20 35 25 1 28 39 9 11 
16 18 33 23 29 16 12 27 21 34 17 2 37 36 19 14 10 26 31 20 35 25 1 28 39 9 11 
17 18 33 23 29 16 12 27 21 34 17 2 37 36 19 14 10 26 31 20 35 25 1 28 39 9 11 
18 33 18 23 29 16 12 27 21 34 17 2 37 36 19 14 10 26 31 20 35 25 1 28 39 9 11 
19 18 33 23 29 16 12 27 21 34 17 2 37 36 19 14 10 26 31 20 35 25 1 28 39 9 11 
20 18 33 23 29 16 12 27 21 34 17 2 37 36 19 14 10 26 31 20 35 25 1 28 39 9 11 
21 18 33 23 29 16 12 27 34 21 17 2 37 36 19 14 10 26 31 20 35 25 1 28 39 9 11 
22 18 33 23 29 16 12 27 21 34 17 2 37 36 19 14 10 26 31 20 35 25 1 28 39 9 11 
23 18 33 23 29 16 12 27 21 34 17 2 37 36 19 14 10 26 31 20 35 25 1 28 39 9 11 
24 18 33 23 29 16 12 27 21 34 17 2 37 36 19 14 10 26 31 20 35 25 1 28 39 9 11 
25 18 33 23 29 16 12 27 21 34 17 2 37 36 19 14 10 26 31 20 35 25 1 28 39 9 11 
26 18 33 23 29 16 12 27 21 34 17 2 37 36 19 14 10 26 31 20 35 25 1 28 39 9 11 
27 18 33 23 29 16 12 27 21 34 17 2 37 36 19 14 10 26 31 20 35 25 1 28 39 9 11 
28 18 33 23 29 16 12 27 21 34 17 2 37 36 19 14 10 26 31 20 35 25 1 28 39 9 11 
29 18 33 23 29 16 12 27 21 34 17 2 37 36 19 14 10 26 31 20 35 25 1 28 39 9 11 
30 18 33 23 29 16 12 27 21 34 17 2 37 36 19 14 10 26 31 20 35 25 1 28 39 9 11 
31 18 33 23 29 16 12 27 21 34 17 2 37 36 19 14 10 26 31 20 35 25 1 28 39 9 11 
32 18 33 23 29 16 12 27 21 34 17 2 37 36 19 14 10 26 31 20 35 25 1 28 39 9 11 
33 18 33 23 29 16 12 27 21 34 17 2 37 36 19 14 10 26 31 20 35 25 1 28 39 9 11 
34 18 33 23 29 16 12 27 21 34 17 2 37 36 19 14 10 26 31 20 35 25 1 28 39 9 11 
35 18 33 23 29 16 12 27 21 34 17 2 37 36 19 14 10 26 31 20 35 25 1 28 39 9 11 
36 18 33 23 29 16 12 27 21 34 17 2 37 36 19 14 10 26 31 20 35 25 1 28 39 9 11 
37 18 33 23 29 16 12 27 21 34 17 2 37 36 19 14 10 26 31 20 35 25 1 28 39 9 11 
38 18 33 23 29 16 12 27 21 34 17 2 37 36 19 14 10 26 31 20 35 25 1 28 39 9 11 
39 18 33 23 29 16 12 27 21 34 17 2 37 36 19 14 10 26 31 20 35 25 1 28 39 9 
40 18 33 23 29 16 12 27 21 34 17 2 37 36 19 14 10 26 31 20 35 25 1 28 39 9 
41 18 33 23 29 16 12 27 21 34 17 2 37 36 19 14 10 26 31 20 35 25 1 28 9 41 
42 18 23 77 44 29 58 16 12 27 71 2 36 19 66 26 31 75 45 25 1 9 41 55 53 68 73 33 51 57 60 48 46 61 56 63 65 21 34 17 37 50 14 10 47 20 69 35 28 67 59 42 70 
43 18 23 77 44 29 58 16 12 27 71 2 36 19 66 26 31 75 45 25 1 9 41 55 53 68 73 33 51 57 60 48 46 61 56 63 65 21 34 17 37 50 14 10 47 20 69 35 28 67 59 42 70 
44 18 23 77 44 29 58 16 12 27 71 2 36 19 66 26 31 75 45 25 1 9 41 55 53 68 73 33 51 57 60 48 46 61 56 63 65 21 34 17 37 50 14 10 47 20 69 35 28 67 59 42 70 
45 18 23 77 44 29 58 16 12 27 71 2 36 19 66 26 31 75 25 45 1 9 41 55 53 68 73 33 51 57 60 48 46 61 56 63 65 21 34 17 37 50 14 10 47 20 69 35 28 67 59 42 70 
46 18 23 77 44 29 58 16 12 27 71 2 36 19 66 26 31 75 45 25 1 9 41 55 53 68 73 33 51 57 60 48 46 61 56 63 65 21 34 17 37 50 14 10 47 20 69 35 28 67 59 42 70 
47 18 23 77 44 29 58 16 12 27 71 2 36 19 66 26 31 45 25 1 9 41 55 53 68 73 33 51 57 60 48 46 61 56 63 65 21 34 17 37 50 14 10 47 20 69 35 28 67 59 42 70 
48 18 23 77 44 29 58 16 12 27 71 2 36 19 66 26 31 75 45 25 1 9 41 55 53 68 73 51 33 57 60 48 46 61 56 63 65 21 34 17 37 50 14 10 47 20 69 35 28 67 59 42 70 
49 18 23 77 44 29 58 16 12 27 71 2 36 19 66 26 31 75 45 25 1 9 41 55 53 68 73 51 33 57 60 48 46 61 56 63 65 21 34 17 37 50 14 10 47 20 69 35 28 67 59 42 70 
50 18 23 77 44 29 58 16 12 27 71 2 36 19 66 26 31 75 45 25 1 9 41 55 53 68 51 33 57 60 48 46 61 56 63 65 21 34 17 37 50 14 10 47 20 69 35 28 67 59 42 70 
51 18 23 77 44 29 58 16 12 27 71 2 36 19 66 26 31 75 45 25 1 9 41 55 53 68 73 57 33 51 60 48 46 61 56 63 65 21 34 17 37 50 14 10 47 20 69 35 28 67 59 42 70 
52 18 23 77 44 29 58 16 12 27 71 2 36 19 66 26 31 75 45 25 1 9 41 55 53 68 73 51 57 33 60 48 46 61 56 63 65 21 34 17 37 50 14 10 47 20 69 35 28 67 59 42 70 
53 18 23 77 44 29 58 16 12 27 71 2 36 19 66 26 31 75 45 25 1 9 41 55 53 68 73 51 57 33 60 48 46 61 56 63 65 21 34 17 37 50 14 10 47 20 69 35 28 67 59 42 70 
54 18 23 77 44 29 58 16 12 27 71 2 36 19 66 26 31 75 45 25 1 9 41 55 53 68 73 51 57 33 60 48 46 61 56 63 65 21 34 17 37 50 14 10 47 20 69 35 28 67 59 42 70 
55 18 23 77 44 29 58 16 12 27 71 2 36 19 66 26 31 75 45 25 1 9 41 55 53 68 73 51 57 33 60 48 46 61 56 63 65 21 34 17 37 50 14 10 47 20 69 35 28 67 59 42 70 
56 18 23 77 44 29 58 16 12 27 71 2 36 19 66 26 31 75 45 25 1 9 41 55 53 68 73 51 57 33 60 48 46 61 56 63 65 21 34 17 37 50 14 10 47 20 69 35 28 67 59 42 70 
57 18 23 77 44 29 58 16 12 27 71 2 36 19 66 26 31 75 45 25 1 9 41 55 53 68 73 51 33 57 60 48 46 61 56 63 65 21 34 17 37 50 14 10 47 20 69 35 28 67 59 42 70 
58 18 23 77 44 29 58 16 12 27 71 2 36 19 66 26 31 75 45 25 1 9 41 55 53 68 73 51 57 33 60 48 46 61 56 63 65 21 34 17 37 50 14 10 47 20 69 35 28 67 59 42 70 
59 18 23 77 44 29 58 16 12 27 71 2 36 19 66 26 31 75 45 25 1 9 41 55 53 68 73 51 57 33 60 48 46 61 56 63 65 21 34 17 37 50 14 10 47 20 69 35 28 67 59 42 70 
60 18 23 77 44 29 58 16 12 27 71 2 36 19 66 26 31 75 45 25 1 9 41 55 53 68 73 51 57 33 60 48 46 61 56 63 65 21 34 17 37 50 14 10 47 20 69 35 28 67 59 42 70 
61 18 23 77 44 29 58 16 12 27 71 2 36 19 66 26 31 75 45 25 1 9 41 55 53 68 73 51 57 33 60 48 46 61 56 63 65 21 34 17 37 50 14 10 47 20 69 35 28 67 59 42 70 
62 18 23 77 44 29 58 16 12 27 71 2 36 19 66 26 31 75 45 25 1 9 41 55 53 68 73 51 57 33 60 48 46 61 56 63 65 21 34 17 37 50 14 10 47 20 69 35 28 67 59 42 70 
63 18 23 77 44 29 58 16 12 27 71 2 36 19 66 26 31 75 45 25 1 9 41 55 53 68 73 51 57 33 60 48 46 61 56 63 65 21 34 17 37 50 14 10 47 20 69 35 28 67 59 42 70 
64 18 23 77 44 29 58 16 12 27 71 2 36 19 66 26 31 75 45 25 1 9 41 55 53 68 73 51 57 33 60 48 46 61 56 63 65 21 34 17 37 50 14 10 47 20 69 35 28 67 59 42 70 
65 18 23 77 44 29 58 16 12 27 71 2 36 19 66 26 31 75 45 25 1 9 41 55 53 68 73 51 57 33 60 48 46 61 56 63 65 21 34 17 37 50 14 10 47 20 69 35 28 67 59 42 70 
66 18 23 77 44 29 58 16 12 27 71 2 36 19 66 26 31 75 45 25 1 9 41 55 53 68 73 51 57 33 60 48 46 61 56 63 65 21 34 17 37 50 14 10 47 20 69 35 28 67 59 42 70 
67 18 23 77 44 29 58 16 12 27 71 2 36 19 66 26 31 75 45 25 1 9 41 55 53 68 73 51 57 33 60 48 46 61 56 63 65 21 34 17 37 50 14 10 47 20 69 35 28 67 59 42 70 
68 18 23 77 44 29 58 16 12 27 71 2 36 19 66 26 31 75 45 25 1 9 41 55 53 68 73 51 57 33 60 48 46 61 56 63 65 21 34 17 37 50 14 10 47 20 69 35 28 67 59 42 70 
69 18 23 77 44 29 58 16 12 27 71 2 36 19 66 26 31 75 45 25 1 9 41 55 53 68 73 51 57 33 60 48 46 61 56 63 65 21 34 17 37 50 14 10 47 20 69 35 28 67 59 42 70 
70 18 23 77 44 29 58 16 12 27 71 2 36 19 66 26 31 75 45 25 1 9 41 55 53 68 73 51 57 33 60 48 46 61 56 63 65 21 34 17 37 50 14 10 47 20 69 35 28 67 59 42 70 
71 18 23 77 44 29 58 16 12 27 71 2 36 19 66 26 31 75 45 25 1 9 41 55 53 68 73 51 57 33 60 48 46 61 56 63 65 21 34 17 37 50 14 10 47 20 69 35 28 67 59 42 70 
72 18 23 77 44 29 58 16 12 27 71 2 36 19 66 26 31 75 45 25 1 9 41 55 53 68 73 51 57 33 60 48 46 61 56 63 65 21 34 17 37 50 14 10 47 20 69 35 28 67 59 42 70 
73 18 23 77 44 29 58 16 12 27 71 2 36 19 66 26 31 75 45 25 1 9 41 55 53 68 73 51 57 33 60 48 46 61 56 63 65 21 34 17 37 14 10 47 20 69 35 28 67 59 42 70 
74 18 23 77 44 29 58 16 12 27 71 2 36 19 66 26 31 75 45 25 1 9 41 55 53 68 73 51 57 33 60 48 46 61 56 63 65 21 34 17 37 14 10 47 20 69 35 28 67 59 42 70 
75 18 23 77 44 29 58 16 12 27 71 2 36 19 66 26 31 75 45 25 1 9 41 55 53 68 73 51 57 33 60 48 46 61 56 63 65 21 34 17 37 50 14 10 20 69 35 28 67 59 42 70 
76 18 23 77 44 29 58 16 12 27 71 2 36 19 66 26 31 75 45 25 1 9 41 55 53 68 73 51 57 33 60 48 46 61 56 63 65 21 34 17 37 50 14 10 20 69 35 28 67 59 42 70 
77 18 23 77 44 29 58 16 12 27 71 2 36 19 66 26 31 75 45 25 1 9 55 53 68 73 51 33 57 60 48 46 61 56 63 65 21 34 17 37 50 14 10 47 20 69 35 28 67 59 42 70 
78 18 23 77 44 29 58 16 12 27 71 2 36 19 66 26 31 75 45 25 1 9 55 53 68 73 51 33 57 60 48 46 61 56 63 65 21 34 17 37 50 14 10 47 20 69 35 28 67 59 42 70 
79 18 23 77 44 29 58 16 12 27 71 2 36 19 66 26 31 75 45 25 1 9 41 55 53 79 68 73 33 51 57 60 48 46 61 56 63 65 21 34 17 37 50 14 10 47 20 69 35 28 67 59 42 70 
80 18 23 77 44 29 58 16 12 27 71 2 36 19 66 26 31 75 45 25 1 9 41 55 53 79 68 73 33 51 57 60 48 46 61 56 63 65 21 34 17 37 50 14 10 47 20 69 35 28 67 59 42 70 
81 18 23 77 44 29 58 16 12 27 71 2 36 19 66 26 31 75 45 25 1 9 41 55 53 79 68 73 33 51 57 60 48 46 61 56 63 65 21 34 17 37 50 14 10 47 20 69 35 28 67 59 42 70 
