1 1 
2 1 2 
3 1 2 3 
4 1 2 3 4 
5 1 5 2 3 4 
6 1 5 2 3 4 
7 1 5 7 2 3 4 
8 1 5 7 2 8 3 4 
9 1 5 7 2 8 3 4 
10 1 10 5 2 3 4 
11 1 10 5 7 2 8 3 4 
12 1 10 5 7 12 2 8 3 4 
13 1 10 5 7 12 2 8 3 4 13 
14 1 10 5 7 14 12 2 8 3 4 13 
15 1 10 5 7 14 12 2 8 3 4 13 
16 1 10 5 7 14 12 2 8 3 4 13 
17 1 10 5 7 14 12 2 17 8 3 4 13 
18 1 10 18 7 12 3 4 5 14 2 17 8 13 
19 1 10 18 7 12 3 4 5 14 2 17 8 13 
20 1 10 18 7 12 20 3 4 5 14 2 17 8 13 
21 1 10 18 7 12 20 3 4 5 14 2 17 8 13 
22 1 10 18 7 12 20 3 4 5 14 2 17 8 13 
