1 1 
2 1 
3 1 3 
4 1 3 
5 1 3 
6 1 3 
7 1 3 
8 1 3 
9 1 3 
10 1 3 
11 1 3 
12 1 3 
13 1 3 
14 1 3 
15 1 3 
16 1 3 
17 1 3 
18 1 3 
19 1 3 
20 1 3 
21 1 3 
22 1 3 
23 1 3 
24 1 3 
25 1 3 
26 1 3 
27 1 3 
28 1 3 
29 1 3 
30 1 3 
31 1 3 
32 1 3 
33 1 3 
34 1 3 
35 1 3 
36 1 3 
37 1 3 
38 1 3 
39 1 3 
40 1 3 
41 1 3 
42 1 3 
43 1 3 
44 1 3 
45 1 3 
46 1 46 3 
47 1 47 46 3 
48 1 47 46 3 
49 1 47 46 3 
50 1 47 46 3 50 
51 51 1 47 46 3 50 
52 51 1 47 46 3 50 
53 51 1 53 47 46 3 50 
54 51 1 53 54 47 46 3 50 
55 51 1 53 54 47 46 3 50 
56 51 1 53 54 47 46 3 50 
57 51 57 1 53 54 47 46 3 50 
58 51 57 1 53 54 47 46 58 3 50 
59 51 57 1 53 54 47 46 58 3 50 
60 51 57 1 53 54 47 46 58 3 50 
61 51 57 61 1 53 54 47 46 58 3 50 
62 51 57 61 62 1 53 54 47 46 58 3 50 
63 51 57 61 62 1 53 54 47 46 58 3 50 
64 51 57 61 62 1 53 54 47 46 58 3 50 
65 51 57 61 62 1 53 54 47 46 58 3 50 
66 51 57 61 62 1 53 54 47 46 58 3 50 
67 51 57 61 62 1 53 54 47 46 58 3 50 
68 51 57 61 62 1 53 54 47 46 58 3 50 
69 51 1 53 54 46 69 3 50 57 61 62 47 58 
70 51 1 53 54 46 69 3 50 70 57 61 62 47 58 
71 51 1 53 54 46 69 3 50 70 57 61 62 47 58 
72 51 1 53 54 46 69 3 50 70 57 61 62 47 58 
73 51 1 53 54 46 69 3 50 70 57 61 62 47 73 58 
74 51 1 74 53 54 46 69 3 50 70 57 61 62 47 73 58 
75 51 1 74 53 54 46 69 3 50 70 57 61 62 47 73 58 
76 51 1 74 53 54 46 69 3 76 50 70 57 61 62 47 73 58 
77 51 1 74 77 53 54 46 69 3 76 50 70 57 61 62 47 73 58 
78 51 1 74 77 53 54 46 69 3 76 50 70 57 61 62 47 73 58 
79 51 1 74 77 53 54 46 69 3 76 50 70 57 61 62 47 73 58 
80 51 1 74 77 53 54 80 46 69 3 76 50 70 57 61 62 47 73 58 
81 51 81 1 74 77 53 54 80 46 69 3 76 50 70 57 61 62 47 73 58 
82 51 81 1 74 77 53 54 80 46 69 3 76 50 70 57 61 62 47 73 58 
83 51 81 1 74 77 53 54 80 46 69 3 76 50 70 57 61 62 47 73 58 
84 51 81 1 74 77 53 54 80 46 69 3 76 50 70 57 61 62 47 73 58 
85 51 81 1 74 77 53 54 80 46 69 3 76 50 70 57 61 62 47 73 58 
86 51 81 1 74 77 53 54 80 46 69 3 76 50 70 57 61 62 47 73 58 
87 87 51 81 1 74 77 53 54 80 46 69 3 76 50 70 57 61 62 47 73 58 
88 87 51 81 1 74 77 53 54 80 46 69 3 76 50 70 57 61 62 47 73 58 88 
89 87 51 81 1 74 77 53 54 80 46 69 3 76 50 70 57 61 62 47 73 58 88 
90 87 51 81 1 74 77 53 54 80 46 69 3 76 50 70 57 61 62 47 73 58 88 
91 87 51 81 1 74 77 53 54 80 46 69 3 76 50 70 57 61 62 47 73 58 88 
92 87 51 81 1 74 77 53 54 80 46 69 3 76 50 70 57 61 62 47 73 58 88 
93 87 51 81 1 74 77 53 54 80 46 69 3 76 50 70 57 61 62 47 73 58 88 
94 87 51 81 1 74 77 53 54 80 46 69 3 76 50 70 57 61 62 47 73 58 88 
95 87 51 81 1 74 77 95 53 54 80 46 69 3 76 50 70 57 61 62 47 73 58 88 
96 87 51 81 1 74 77 95 53 54 80 46 69 3 76 50 70 57 61 62 96 47 73 58 88 
97 87 51 81 1 74 77 95 53 54 80 46 69 3 76 50 70 57 61 62 96 47 73 58 88 
98 87 51 81 1 74 95 53 46 69 3 76 57 96 77 54 80 50 70 61 62 47 73 58 88 98 
99 87 51 81 1 74 95 53 46 69 3 76 57 99 96 77 54 80 50 70 61 62 47 73 58 88 98 
100 87 51 81 1 74 95 53 46 69 3 76 57 99 96 77 54 80 50 70 61 62 47 73 58 88 98 
101 87 51 81 1 74 95 53 46 69 3 76 57 99 96 77 54 80 50 70 61 62 47 73 58 88 98 
102 87 51 81 1 74 95 53 46 69 3 76 57 99 96 77 54 80 50 70 61 62 47 73 58 88 98 
103 87 51 81 1 74 95 53 46 69 3 76 57 99 96 77 54 80 50 70 61 62 47 73 58 88 98 
104 87 51 81 1 74 95 53 46 69 3 76 57 99 96 104 77 54 80 50 70 61 62 47 73 58 88 98 
105 87 51 81 1 74 95 53 46 69 3 76 57 99 96 104 105 77 54 80 50 70 61 62 47 73 58 88 98 
106 87 51 81 1 74 95 53 46 69 3 76 57 99 96 104 105 77 54 80 50 70 61 62 47 73 58 88 98 
107 87 51 81 1 74 95 53 46 69 3 76 57 99 96 104 105 77 54 80 50 70 61 62 47 73 58 88 98 
108 87 51 81 1 74 95 53 108 46 69 3 76 57 99 96 104 105 77 54 80 50 70 61 62 47 73 58 88 98 
109 87 51 81 1 74 95 53 108 46 69 3 76 57 99 96 104 105 77 54 80 50 70 61 109 62 47 73 58 88 98 
110 87 51 81 1 74 95 53 108 46 69 3 76 57 99 96 104 105 77 54 80 50 70 61 109 62 47 73 58 88 98 
111 87 51 81 1 74 95 53 108 46 69 3 76 57 99 96 104 105 77 54 80 50 70 61 109 62 47 73 58 88 98 
112 87 51 81 1 74 95 112 53 108 46 69 3 76 57 99 96 104 105 77 54 80 50 70 61 109 62 47 73 58 88 98 
113 87 51 81 1 74 95 112 53 108 46 69 3 76 57 99 96 113 104 105 77 54 80 50 70 61 109 62 47 73 58 88 98 
114 87 51 81 1 74 95 112 53 108 46 69 3 76 57 99 96 113 104 105 77 54 80 50 70 61 109 62 47 73 58 88 98 
115 87 51 81 1 74 95 112 53 108 46 69 3 76 57 99 96 113 104 105 77 54 80 50 70 61 109 62 47 73 58 88 98 
116 87 51 81 1 74 95 112 53 108 46 69 3 76 57 99 96 113 104 105 116 77 54 80 50 70 61 109 62 47 73 58 88 98 
117 87 51 81 1 74 95 112 53 108 46 69 3 76 57 99 96 113 104 105 117 116 77 54 80 50 70 61 109 62 47 73 58 88 98 
118 87 51 81 1 74 95 112 53 108 46 69 3 76 57 99 96 113 104 105 117 116 77 54 80 50 70 61 109 62 47 73 58 88 98 
119 87 51 81 1 74 95 112 53 108 46 69 3 76 57 99 96 113 104 105 117 116 77 54 80 50 70 61 109 62 47 73 58 88 98 
120 87 51 81 1 74 95 112 53 108 46 69 3 76 57 99 96 113 104 105 120 117 116 77 54 80 50 70 61 109 62 47 73 58 88 98 
121 87 51 81 1 74 95 112 53 108 46 69 3 76 57 99 96 113 104 105 120 117 116 77 54 80 50 70 61 109 62 47 73 58 88 98 
