1 1 
2 1 2 
3 1 2 
4 1 2 4 
5 1 2 4 
6 1 2 6 
7 1 2 6 4 
8 1 2 6 8 4 
9 1 2 6 8 4 
10 1 2 6 8 4 
11 1 2 6 8 4 
12 1 2 6 8 4 
13 1 2 6 8 4 
14 1 2 6 8 4 
15 1 2 6 8 4 
16 1 2 6 8 4 
17 1 2 6 8 4 
18 18 1 2 6 8 4 
19 18 1 2 6 8 4 
20 18 1 2 6 8 4 
21 18 1 2 6 8 4 
22 18 1 2 22 6 8 4 
23 18 1 2 22 6 8 4 
24 18 1 2 22 6 8 4 
25 18 1 2 22 6 8 25 4 
26 18 1 2 22 6 8 25 4 
27 18 1 2 22 6 8 25 4 
28 18 1 2 22 6 8 25 4 
29 18 1 2 22 6 29 8 25 4 
30 18 1 2 22 6 29 8 25 4 
31 18 1 2 22 6 29 8 25 4 
32 18 1 2 22 6 29 8 25 4 
33 18 33 1 2 22 6 29 8 25 4 
34 18 33 1 2 22 6 29 8 25 4 
35 18 33 1 2 22 6 29 8 25 4 
36 18 33 1 2 22 6 29 8 25 4 
37 18 33 1 2 22 6 29 8 25 4 
38 18 33 1 2 22 6 29 8 25 4 
39 18 33 1 2 22 6 29 8 25 4 
40 18 33 1 2 22 6 29 8 25 4 
41 18 33 1 2 22 6 29 8 25 4 
42 18 33 1 2 22 6 29 8 25 4 
43 18 33 1 2 43 22 6 29 8 25 4 
44 18 33 1 2 43 22 6 29 8 25 4 
45 18 33 1 2 43 22 6 29 8 25 4 
46 18 33 1 2 43 22 6 29 8 25 4 
47 18 33 1 2 43 22 6 29 8 25 4 
48 18 33 1 2 43 22 6 29 8 25 4 
49 18 33 1 2 43 22 6 29 8 25 4 
50 18 33 1 2 43 22 6 29 8 25 4 
51 18 33 1 2 43 22 6 29 8 25 4 
52 18 33 1 2 43 22 6 29 8 25 4 
53 18 33 1 2 43 22 6 29 8 25 4 
54 18 33 1 2 43 22 6 29 8 25 4 
55 18 33 1 2 43 22 6 29 8 25 4 
56 18 33 1 2 43 22 6 29 8 25 4 
57 18 33 1 2 43 22 6 29 8 25 4 
58 18 33 1 2 43 22 6 29 8 25 4 
59 18 33 1 2 43 22 6 29 8 25 4 
60 18 33 1 2 43 22 6 29 8 25 4 
61 18 33 1 2 43 22 6 29 8 25 4 
62 18 33 1 2 43 22 6 29 8 25 4 
63 18 33 1 2 43 22 6 29 8 25 4 
64 18 33 1 2 43 22 6 29 8 25 4 
65 18 33 1 2 43 22 6 29 8 25 4 
66 18 33 1 2 43 22 6 29 8 25 4 
67 18 33 1 2 43 22 6 29 8 25 4 
68 18 33 1 2 43 22 6 29 8 25 4 
69 18 33 1 2 43 22 6 29 8 25 4 
70 18 33 1 2 43 22 6 29 8 25 4 
71 18 33 1 2 43 22 6 29 8 25 4 
72 18 33 1 2 43 22 6 29 8 25 4 
73 18 33 1 2 43 22 6 29 8 25 4 
74 18 33 1 2 43 22 6 29 8 25 4 
75 18 33 1 2 43 22 6 29 8 25 4 
76 18 33 1 2 43 22 6 29 8 25 4 
77 18 33 1 2 43 22 6 29 8 25 4 
78 18 33 1 2 43 22 6 29 8 25 4 
79 18 33 1 2 43 22 6 29 8 25 4 
80 18 33 1 2 43 22 6 29 8 25 4 
81 18 33 1 2 43 22 6 29 8 25 4 
82 18 33 1 2 43 22 6 29 8 25 4 
83 18 33 1 2 43 22 6 29 8 25 4 
84 18 33 1 2 43 22 6 29 8 25 4 
85 18 33 1 2 43 22 6 29 8 25 4 
86 18 33 1 2 43 22 6 29 8 25 4 
87 18 33 1 2 43 22 6 29 8 25 4 
88 18 33 1 2 43 22 6 29 8 25 4 
89 18 33 1 2 43 22 6 29 8 25 4 
90 18 33 1 2 43 22 6 29 8 25 4 
91 18 33 1 2 43 22 6 29 8 25 4 
92 18 33 1 2 43 22 6 29 8 25 4 
93 18 33 1 2 43 22 6 29 8 25 4 
94 18 33 1 2 43 22 6 29 8 25 4 
95 18 33 1 2 43 22 6 29 8 25 4 
96 18 33 1 2 43 22 6 29 8 25 4 
97 18 33 1 2 43 22 6 29 8 25 4 
98 18 33 1 2 43 22 6 29 8 25 4 
99 18 33 1 2 43 22 6 29 8 25 4 
100 18 33 1 2 43 22 6 29 8 25 4 
101 18 33 1 2 43 22 6 29 8 25 4 
102 18 33 1 2 43 22 6 29 8 25 4 
103 18 33 1 2 43 22 6 29 8 25 4 
104 18 33 1 2 43 22 6 29 8 25 4 
105 18 33 1 2 43 22 6 29 8 25 4 
106 18 33 1 2 43 22 6 29 8 25 4 
107 18 33 1 2 43 22 6 29 8 25 4 
108 18 33 1 2 43 22 6 29 8 25 4 
109 18 33 1 2 43 22 6 29 8 25 4 
110 18 33 1 2 43 22 6 29 8 25 4 
111 18 33 1 2 43 22 6 29 8 25 4 
112 18 33 1 2 43 22 6 29 8 25 4 
113 18 33 1 2 43 22 6 29 8 25 4 
114 18 33 1 2 43 22 6 29 8 25 4 
115 18 33 1 2 43 22 6 29 8 25 4 
116 18 33 1 2 43 22 6 29 8 25 4 
117 18 33 1 2 43 22 6 29 8 25 4 
118 18 33 1 2 43 22 6 29 8 25 4 
119 18 33 1 2 43 22 6 29 8 25 4 
120 18 33 1 2 43 22 6 29 8 25 4 
121 18 33 1 2 43 22 6 29 8 25 4 
122 18 33 1 2 43 22 6 29 8 25 4 
123 18 33 1 2 43 22 6 29 8 25 4 
124 18 33 1 2 43 22 6 29 8 25 4 
