1 1 
2 2 1 
3 2 1 
4 4 2 1 
5 4 2 1 5 
6 4 2 1 5 
7 4 7 2 1 5 
8 4 7 2 8 1 5 
9 4 7 2 8 1 5 
10 4 2 1 5 10 
11 4 7 2 8 1 11 5 10 
12 4 7 2 12 8 1 11 5 10 
13 4 7 2 12 8 13 1 11 5 10 
14 4 7 2 12 8 13 1 14 11 5 10 
15 15 4 7 2 12 8 13 1 14 11 5 10 
16 15 4 12 13 14 11 5 10 7 16 2 8 1 
17 15 4 12 13 14 11 5 10 7 16 2 8 1 
18 15 4 12 13 14 11 5 10 7 16 2 8 1 
19 15 4 12 13 14 11 19 5 10 7 16 2 8 1 
20 15 4 12 13 14 11 19 5 10 7 16 2 8 1 20 
21 15 4 12 21 13 14 11 19 5 10 7 16 2 8 1 20 
22 15 4 12 21 13 14 11 19 5 10 7 16 2 8 1 20 
23 15 4 12 23 21 13 14 11 19 5 10 7 16 2 8 1 20 
24 15 4 12 23 21 13 14 11 19 5 10 7 16 2 8 1 20 
25 15 4 12 23 21 13 14 11 19 5 10 7 16 2 8 1 20 
26 15 4 12 23 21 13 14 11 19 5 10 7 16 2 8 1 20 26 
27 15 4 12 23 21 13 14 11 19 5 10 7 16 2 8 1 20 26 
28 15 4 12 23 21 13 14 11 19 5 10 7 16 2 8 1 20 28 26 
29 15 4 12 23 21 13 14 11 19 5 10 7 16 2 31 33 36 8 1 29 20 28 32 26 
30 15 4 12 23 21 13 14 11 19 5 10 7 16 2 31 33 36 8 1 29 20 28 32 26 
31 15 4 12 23 21 13 14 11 19 5 10 7 16 2 33 31 36 8 1 29 20 28 32 26 
32 15 4 12 23 21 13 14 11 19 5 10 7 16 2 31 33 36 8 1 29 20 28 32 26 
33 15 4 12 23 21 13 14 11 19 5 10 7 16 2 31 33 36 8 1 29 20 28 32 26 
34 15 4 12 23 21 13 14 11 19 5 10 7 16 2 31 33 36 8 1 29 20 28 32 26 
35 15 4 12 23 21 13 14 11 19 5 10 7 16 2 31 33 36 8 1 29 20 28 32 26 
36 15 4 12 23 21 13 14 11 19 5 10 7 16 2 31 33 36 8 1 29 20 32 26 
37 15 4 12 23 21 13 14 11 19 5 10 7 16 2 31 33 36 8 1 29 20 32 26 
38 15 4 12 23 21 13 14 11 19 5 10 7 16 2 31 33 36 8 1 29 20 28 32 26 
