1 1 
2 1 
3 1 
4 1 
5 1 
6 1 
7 1 
8 8 1 
9 8 1 
10 8 1 
11 8 1 
12 8 12 1 
13 8 12 1 
14 8 12 1 
15 8 12 1 
16 8 12 1 
17 8 12 17 1 
18 8 12 17 1 
19 8 12 17 1 
20 8 12 17 1 
21 8 12 17 1 21 
22 8 12 17 1 21 
23 8 12 17 1 21 
24 8 12 17 1 21 
25 8 12 17 1 21 
26 8 12 17 1 21 
27 8 12 17 27 1 21 
28 8 12 17 27 1 21 
29 8 12 17 27 1 21 
30 8 12 17 27 1 21 
31 8 12 17 27 1 21 
32 8 12 17 27 1 21 
33 8 12 17 27 1 21 
34 8 12 17 27 1 21 
35 8 35 12 17 27 1 21 
36 8 35 12 17 27 1 21 
37 8 35 12 17 27 1 21 
38 8 35 12 17 27 1 21 
39 8 35 12 17 27 1 21 
40 8 35 12 17 27 1 21 
41 8 35 12 17 27 1 21 
42 8 35 12 17 27 1 21 
43 8 35 12 17 27 1 21 
44 8 35 12 17 27 1 21 
45 8 35 12 17 27 1 21 
46 8 35 12 17 27 1 21 
47 8 35 12 17 27 47 1 21 
48 8 35 12 17 27 47 1 21 
49 8 35 12 17 27 47 1 21 
50 8 35 12 17 27 47 1 21 
51 8 35 12 17 27 47 1 21 
52 8 35 12 17 27 47 1 21 
53 8 35 12 17 27 47 1 21 
54 8 35 12 17 27 47 1 21 
55 8 35 12 17 27 47 1 21 
56 8 35 12 17 27 47 1 21 
57 8 35 12 17 27 47 1 21 
58 8 35 12 17 27 47 1 21 
59 8 35 12 17 27 47 1 21 
60 8 35 12 17 27 47 1 21 
61 8 35 12 17 27 47 1 21 
62 8 35 12 17 27 47 1 21 
63 8 35 12 17 27 47 1 21 
64 8 35 12 17 27 47 1 21 
65 8 35 12 17 27 47 1 21 
66 8 35 12 17 27 47 1 21 
67 8 35 12 17 27 47 1 21 
68 8 35 12 17 27 47 1 21 
69 8 35 12 17 27 47 1 21 
70 8 35 12 17 27 47 1 21 
71 8 35 12 17 27 47 1 21 71 
72 8 35 12 17 27 47 1 21 71 
73 8 35 12 17 27 47 1 21 71 
74 8 35 12 17 27 47 1 21 71 
75 8 35 12 17 27 47 1 21 71 
76 8 35 12 17 27 47 1 21 71 
77 8 35 12 17 27 47 1 21 71 
78 8 35 12 17 27 47 1 21 71 
79 8 35 79 12 17 27 47 1 21 71 
80 8 35 79 12 17 27 47 1 21 71 
81 8 35 79 12 17 27 47 1 21 71 
82 8 35 79 12 17 27 47 1 21 71 
83 8 35 79 12 17 27 47 1 21 71 
84 8 35 79 12 17 27 47 1 21 84 71 
85 8 35 79 12 17 27 47 1 21 84 71 
86 8 35 79 12 17 27 47 1 21 84 71 
87 8 35 79 12 17 27 47 1 21 84 71 
88 8 35 79 12 88 17 27 47 1 21 84 71 
89 8 35 79 12 88 17 27 47 1 21 84 71 
90 8 35 79 12 88 17 27 47 1 21 84 71 
91 8 35 79 12 88 17 27 47 1 21 84 71 
92 8 35 79 12 88 17 27 47 1 21 84 71 
93 8 35 79 12 88 17 27 47 1 21 84 71 
94 8 35 79 12 88 17 27 47 1 21 84 71 
95 8 35 79 12 88 17 27 47 1 21 84 71 
96 8 35 79 12 88 17 27 47 1 21 84 71 
97 8 35 79 12 88 17 27 47 1 21 84 71 
98 8 35 79 12 88 17 27 47 1 21 84 71 
99 8 35 79 12 88 17 27 47 1 21 84 71 
100 8 35 79 12 88 17 27 47 1 21 84 71 
101 8 35 79 12 88 17 27 47 1 21 84 71 
102 8 35 12 88 27 84 79 17 47 1 21 102 71 
103 8 35 12 88 27 84 79 17 47 1 21 102 71 
104 8 35 12 88 27 84 79 17 47 1 21 102 71 
105 8 35 12 88 27 84 79 17 47 1 21 102 71 
106 8 35 12 88 27 84 79 17 47 1 21 102 71 
107 8 35 12 88 27 84 79 107 17 47 1 21 102 71 
108 8 35 12 88 27 84 79 107 17 47 1 21 102 71 
109 8 35 12 88 27 84 79 107 17 47 1 21 102 71 
110 8 35 12 88 27 84 79 107 17 47 1 21 102 71 
111 8 35 12 88 27 84 79 107 17 47 1 21 102 71 
112 8 35 12 88 27 84 79 107 17 47 1 21 102 71 
113 8 35 12 88 27 84 79 107 17 47 1 21 102 71 
114 8 35 12 88 27 84 79 107 17 47 1 21 102 71 
115 8 35 12 115 88 27 84 79 107 17 47 1 21 102 71 
116 8 35 12 115 88 27 84 79 107 17 47 1 21 102 71 
117 8 35 12 115 88 27 84 79 107 17 47 1 21 102 71 
118 8 35 12 115 88 27 84 79 107 17 47 1 21 102 71 
119 8 35 12 115 88 27 84 79 107 17 47 1 21 102 71 
120 8 35 12 115 88 27 84 79 107 17 47 1 21 102 120 71 
121 8 35 12 115 88 27 84 79 107 17 47 1 21 102 120 71 
122 8 35 12 115 88 27 84 79 107 17 47 1 21 102 120 71 
123 8 35 12 115 88 27 84 79 107 17 47 1 21 102 120 71 
124 8 35 12 115 88 27 84 79 107 17 47 1 21 102 120 71 
125 8 35 12 115 88 27 84 79 107 17 47 1 21 102 120 71 125 
126 8 35 12 115 88 27 84 79 107 17 47 1 21 102 120 71 125 
127 8 35 12 115 88 27 84 79 107 17 47 1 21 102 120 71 125 
128 8 35 12 115 88 27 84 79 107 17 47 1 21 102 120 71 125 
129 8 35 12 115 88 27 84 79 107 17 47 1 21 102 120 71 125 
130 8 35 12 115 88 27 84 79 107 17 47 1 21 102 120 71 125 
131 8 35 12 115 88 27 84 79 107 17 47 1 21 102 120 71 125 
132 8 35 12 115 88 27 84 79 107 17 47 1 21 102 120 71 125 
133 8 35 12 115 88 27 84 79 107 17 47 1 21 102 120 71 125 
134 8 35 12 115 88 27 84 79 107 17 47 1 21 102 120 71 125 
135 8 35 12 115 88 27 84 79 107 17 47 1 21 102 120 71 125 
136 8 35 12 115 88 27 84 79 107 17 47 1 21 102 120 71 125 
137 8 35 12 115 88 27 84 79 107 17 47 1 21 102 120 71 125 
138 8 35 12 115 88 138 27 84 79 107 17 47 1 21 102 120 71 125 
139 8 35 12 115 88 138 27 84 79 107 17 47 1 21 102 120 71 125 
140 8 35 12 115 88 138 27 84 79 107 17 47 1 21 102 120 71 125 
141 8 35 12 115 88 138 27 84 79 107 17 47 1 21 102 120 71 125 
142 8 35 12 115 88 138 27 84 79 107 17 47 1 21 102 120 71 125 
143 8 35 12 115 88 138 27 84 79 107 17 47 1 21 102 120 71 125 
144 8 35 12 115 88 138 27 84 79 107 17 47 1 21 102 120 71 125 
145 8 35 12 115 88 138 27 84 79 107 17 47 1 21 102 120 71 125 
146 8 35 12 115 88 138 27 84 79 107 17 47 1 21 102 120 71 125 
147 8 35 12 115 88 138 27 84 79 107 17 47 1 21 102 120 71 125 
148 8 35 12 115 88 138 27 84 79 107 17 47 1 21 102 120 71 125 
149 8 35 12 115 88 138 27 84 79 107 17 47 1 21 102 120 71 125 
150 8 35 12 115 88 138 27 84 79 107 17 47 1 21 102 120 71 125 
151 8 35 12 115 88 138 27 84 79 107 17 47 1 21 102 120 71 125 
152 8 35 12 115 88 138 27 84 79 107 17 47 1 21 102 120 71 125 
153 8 35 12 115 88 138 27 84 79 107 17 47 1 21 102 120 71 125 
154 8 35 12 115 88 138 27 84 79 107 17 47 1 21 102 120 71 125 
155 8 35 12 115 88 138 27 84 79 107 17 47 1 21 102 120 71 125 
156 8 35 12 115 88 138 27 84 79 107 17 47 1 21 102 120 71 125 
157 8 35 12 115 88 138 27 84 79 107 17 47 1 21 102 120 71 125 
158 8 35 12 115 88 138 27 84 79 107 17 47 1 21 102 120 71 125 
159 8 35 12 115 88 138 27 84 79 107 17 47 1 21 102 120 71 125 
160 8 35 12 115 88 138 27 84 79 107 17 47 1 21 102 120 71 125 
161 8 35 12 115 88 138 27 84 79 107 17 47 1 21 102 120 71 125 
162 8 35 12 115 88 138 27 84 79 107 17 47 1 21 102 120 71 125 
163 8 35 12 115 88 138 27 84 79 107 17 47 1 21 102 120 71 125 
164 8 35 12 115 88 138 164 27 84 79 107 17 47 1 21 102 120 71 125 
165 8 35 12 115 88 138 164 27 84 79 107 17 47 1 21 102 120 71 125 
166 8 35 12 115 88 138 164 27 84 79 107 17 47 1 21 102 120 71 125 
167 8 35 12 115 88 138 164 27 84 79 107 17 47 1 21 102 120 71 125 
168 8 35 12 115 88 138 164 27 84 79 107 17 47 1 21 102 120 71 125 
169 8 35 12 115 88 138 164 27 84 79 107 17 47 1 21 102 120 71 125 
170 8 35 12 115 88 138 164 27 84 79 107 17 47 1 21 102 120 71 125 
171 8 35 12 115 88 138 164 27 84 79 107 17 47 1 21 102 120 71 125 
172 8 35 12 115 88 138 164 27 84 79 107 17 47 1 21 102 120 71 125 
173 8 35 12 115 88 138 164 27 84 79 107 17 47 1 21 102 120 71 125 
174 8 35 12 115 88 138 164 27 84 79 107 17 47 1 21 102 120 71 125 
175 8 35 12 115 88 138 164 27 84 79 107 17 47 1 21 102 120 71 125 
176 8 35 12 115 88 138 164 27 84 79 107 17 47 1 21 102 120 71 125 
177 8 35 12 115 88 138 164 27 84 79 107 17 47 1 21 102 120 71 125 
178 8 35 12 115 88 138 164 27 84 79 107 17 47 1 21 102 120 71 125 
179 8 35 12 115 88 138 164 27 84 79 107 17 47 1 21 102 120 71 125 
180 8 35 12 115 88 138 164 27 84 79 107 17 180 47 1 21 102 120 71 125 
181 8 35 12 115 88 138 164 27 84 79 107 17 180 47 1 21 102 120 71 125 
182 8 35 12 115 88 138 164 27 84 79 107 17 180 47 1 21 102 120 71 125 
183 8 35 12 115 88 138 164 27 84 79 107 17 180 47 1 21 102 120 71 125 
184 8 35 12 115 88 138 164 27 84 79 107 17 180 47 1 21 102 120 71 125 
185 8 35 12 115 88 138 164 27 84 79 107 17 180 47 1 21 102 120 71 125 
186 8 35 12 115 88 138 164 27 84 79 107 17 180 47 1 21 102 120 71 125 
187 8 35 12 115 88 138 164 27 84 79 107 17 180 47 1 21 102 187 120 71 125 
188 8 35 12 115 88 138 164 27 84 79 107 17 180 47 1 21 102 187 120 71 125 
189 8 35 12 115 88 138 164 27 84 79 107 17 180 47 1 21 102 187 120 71 125 
190 8 35 12 115 88 138 164 27 84 79 107 17 180 47 1 21 102 187 120 71 125 
191 8 35 12 115 88 138 164 27 84 79 107 17 180 47 1 21 102 187 120 71 125 
192 8 35 12 115 88 138 164 27 84 79 192 107 17 180 47 1 21 102 187 120 71 125 
193 8 35 12 115 88 138 164 27 84 79 192 107 17 180 47 1 21 102 187 120 71 125 
194 8 35 12 115 88 138 164 27 84 79 192 107 17 180 47 1 21 102 187 120 71 125 
195 8 35 12 115 88 138 164 27 84 79 192 107 17 180 47 1 21 102 187 120 71 125 
196 8 35 12 115 88 138 164 27 84 79 192 107 17 180 47 1 21 102 187 120 71 125 
197 8 35 12 115 88 138 164 27 84 79 192 197 107 17 180 47 1 21 102 187 120 71 125 
198 8 35 12 115 88 138 164 27 84 79 192 197 107 17 180 47 1 21 102 187 120 71 125 
199 8 35 12 115 88 138 164 27 84 79 192 197 107 17 180 47 1 21 102 187 120 71 125 
200 8 35 12 115 88 138 164 27 84 79 192 197 107 17 180 47 1 21 102 187 120 71 125 
201 8 35 12 115 88 138 164 27 84 79 192 197 107 17 180 47 1 21 102 187 120 71 125 201 
202 8 35 12 115 88 138 164 27 84 79 192 197 107 17 180 47 1 21 102 187 120 71 125 201 
203 8 35 12 115 88 138 164 27 84 79 192 197 107 17 180 47 1 21 102 187 120 71 125 201 
204 8 35 12 115 88 138 164 27 84 79 192 197 107 17 180 47 1 21 102 187 120 71 125 201 
205 8 115 164 84 205 197 17 180 47 1 102 187 125 35 12 88 138 27 79 192 107 21 120 71 201 
206 8 115 164 84 205 197 17 180 47 1 102 187 125 35 12 88 138 27 79 192 107 21 120 71 201 
207 8 115 164 84 205 197 17 180 47 1 102 187 125 35 12 88 138 27 79 192 107 21 120 71 201 
208 8 115 164 84 205 197 17 180 47 1 102 187 125 35 12 88 138 27 79 192 107 21 120 71 201 
209 8 115 164 84 205 197 17 180 47 1 102 187 125 35 12 88 138 27 79 192 107 21 120 71 201 
210 8 115 164 84 205 197 17 180 47 1 102 187 125 35 12 88 138 27 79 192 107 21 120 71 201 
211 8 115 164 84 205 197 17 180 47 1 102 187 125 35 12 88 138 27 79 192 107 21 120 71 201 
212 8 115 164 84 205 197 17 180 47 1 102 187 125 35 12 88 138 27 212 79 192 107 21 120 71 201 
213 8 115 164 84 205 197 17 180 47 1 102 187 125 35 12 88 138 27 212 79 192 107 21 120 71 201 
214 8 115 164 84 205 197 17 180 47 1 102 187 125 35 12 88 138 27 212 79 192 107 21 120 71 201 
215 8 115 164 84 205 197 17 180 47 1 102 187 125 35 12 88 138 27 212 79 192 107 21 120 71 201 
216 8 115 164 84 205 197 17 180 47 1 102 187 125 35 12 88 138 27 212 79 192 107 21 120 71 201 
217 8 115 164 84 205 197 17 180 47 1 102 187 125 35 12 88 138 27 212 79 192 107 21 120 71 201 
218 8 115 164 84 205 197 17 180 47 1 102 187 125 35 12 88 138 27 212 79 192 107 21 120 71 201 
219 8 115 164 84 205 197 17 180 47 1 102 187 125 35 12 88 138 27 212 79 192 107 21 120 71 201 219 
220 8 115 164 84 205 197 17 180 47 1 102 187 125 35 12 88 138 27 212 79 192 107 21 120 71 201 219 
221 8 115 164 84 205 197 17 180 47 1 102 187 125 35 12 88 138 27 212 79 192 107 21 120 71 201 219 
222 8 115 164 84 205 197 17 180 47 1 102 187 125 35 12 88 138 27 212 79 192 107 21 120 71 201 219 
223 8 115 164 84 205 197 17 180 47 1 102 187 125 35 12 88 138 27 212 79 192 107 21 120 71 201 219 
224 8 115 164 84 205 197 17 180 47 1 102 187 125 35 12 88 138 27 212 79 192 107 21 120 71 201 219 
225 8 115 164 84 205 197 17 180 47 1 102 187 125 35 12 88 138 27 212 79 192 107 21 120 71 201 219 
226 8 115 164 84 205 197 17 180 47 1 102 187 125 35 12 88 138 27 212 79 192 107 21 120 71 201 219 
227 8 115 164 84 205 197 17 180 47 1 102 187 125 35 12 88 138 27 212 79 192 107 21 120 71 201 219 
228 8 115 164 84 205 197 17 180 47 1 102 187 125 35 12 88 138 27 212 79 192 107 21 120 71 201 219 
229 8 115 164 84 205 197 17 180 47 1 102 187 125 35 12 88 138 27 212 79 192 107 21 120 71 201 219 
230 8 115 164 84 205 197 17 180 230 47 1 102 187 125 35 12 88 138 27 212 79 192 107 21 120 71 201 219 
231 8 115 164 84 205 197 17 180 230 47 1 102 187 125 35 12 88 138 27 212 79 192 107 21 120 71 201 219 
232 8 115 164 84 205 197 17 180 230 47 1 102 187 125 35 12 88 138 27 212 79 192 107 21 120 71 201 219 
233 8 115 164 84 205 197 17 180 230 47 1 102 187 125 35 12 88 138 27 212 79 192 107 21 120 71 201 219 
234 8 115 164 84 205 197 17 180 230 47 1 102 187 125 35 12 88 138 27 212 79 192 107 21 120 71 201 219 
235 8 115 164 84 205 197 17 180 230 47 1 102 187 125 35 12 88 138 27 212 79 192 107 21 120 71 201 219 
236 8 115 164 84 205 197 17 180 230 47 1 102 187 125 35 12 88 138 27 212 79 192 107 21 120 71 201 219 
237 8 115 164 84 205 197 17 180 230 47 1 102 187 125 35 12 88 138 27 212 79 192 107 21 120 71 201 219 
238 8 115 164 84 205 197 17 180 230 47 1 102 187 125 35 12 88 138 27 212 79 192 107 21 120 71 201 219 
239 8 115 164 84 205 197 17 180 230 47 1 102 187 125 35 12 88 138 27 212 79 192 107 21 120 71 201 219 
240 8 115 164 84 205 197 17 180 230 47 1 102 187 125 35 12 88 138 27 212 79 192 107 21 120 71 201 219 
241 8 115 164 84 205 197 17 180 230 47 1 102 187 125 35 12 88 138 27 212 79 192 107 21 120 71 201 219 
242 8 115 164 84 205 197 17 180 230 47 1 102 187 125 35 12 88 138 27 212 79 192 107 21 120 71 201 219 
243 8 115 164 84 205 197 17 180 230 47 1 102 187 125 35 12 88 138 243 27 212 79 192 107 21 120 71 201 219 
244 8 115 164 84 205 197 17 180 230 47 1 102 187 125 35 12 88 138 243 27 212 79 192 107 21 120 71 201 219 
245 8 115 164 84 205 197 17 180 230 47 1 102 187 125 35 12 88 138 243 27 212 79 192 107 21 120 71 201 219 
246 8 115 164 84 205 197 17 180 230 47 1 102 187 125 35 12 88 138 243 27 212 79 192 107 21 120 71 201 219 
247 8 115 164 84 205 197 17 180 230 47 1 102 187 125 35 12 88 138 243 27 212 79 192 107 21 120 71 201 219 
248 8 115 164 84 205 197 17 180 230 47 1 102 187 125 35 12 88 138 243 27 212 79 192 107 21 120 71 201 219 
249 8 115 164 84 205 197 17 180 230 47 1 102 187 125 35 12 88 138 243 27 212 79 192 107 21 120 71 201 219 
250 8 115 164 84 205 197 17 180 230 47 1 102 187 125 35 250 12 88 138 243 27 212 79 192 107 21 120 71 201 219 
251 8 115 164 84 205 197 17 180 230 47 1 102 187 125 35 250 12 88 138 243 27 212 79 192 107 21 120 71 201 219 
252 8 115 164 84 205 197 17 180 230 47 1 102 187 125 35 250 12 88 138 243 27 212 79 192 107 21 120 71 201 219 
253 8 115 164 84 205 197 17 180 230 47 1 102 187 125 35 250 12 88 138 243 27 212 79 192 107 21 120 71 201 219 
254 8 115 164 84 205 197 17 180 230 47 1 102 187 125 35 250 12 88 138 243 27 212 79 192 107 21 120 71 201 219 
255 8 115 164 84 205 197 17 180 230 47 1 102 187 125 35 250 12 88 138 243 27 212 79 192 107 21 120 71 201 219 
256 8 115 164 84 205 197 17 180 230 47 1 102 187 125 35 250 12 88 138 243 27 212 79 192 107 21 120 71 201 219 
257 8 115 164 84 205 197 17 180 230 47 1 102 187 125 35 250 12 88 138 243 27 212 79 192 107 21 120 71 201 219 
258 8 115 164 84 205 197 17 180 230 47 1 102 187 125 35 250 12 88 138 243 258 27 212 79 192 107 21 120 71 201 219 
259 8 115 164 84 205 197 17 180 230 47 1 102 187 125 35 250 12 88 138 243 258 27 212 79 192 107 21 120 71 201 219 
260 8 115 164 84 205 197 17 180 230 47 1 102 187 125 35 250 12 88 138 243 258 27 212 79 192 107 21 120 71 201 219 
261 8 115 164 84 205 197 17 180 230 47 1 102 187 125 35 250 12 88 138 243 258 27 212 79 192 107 21 120 71 201 219 
262 8 115 164 84 205 197 17 180 230 47 1 102 187 125 35 250 12 88 138 243 258 27 212 79 192 107 21 120 71 201 219 
263 8 115 164 84 205 197 17 180 230 47 1 102 187 125 35 250 12 88 138 243 258 27 212 79 192 107 21 120 71 201 219 
264 8 115 164 84 205 197 17 180 230 47 1 102 187 125 35 250 12 88 138 243 258 27 212 79 192 107 21 120 71 201 219 
265 8 115 164 84 205 197 17 180 230 47 1 102 187 125 35 250 12 88 138 243 258 27 212 79 192 107 21 120 71 201 219 
266 8 115 164 84 205 197 17 180 230 47 1 102 187 125 35 250 12 88 138 243 258 27 212 79 192 107 21 120 71 201 219 
267 8 115 164 84 205 197 17 180 230 47 1 102 187 125 35 250 12 88 138 243 258 27 212 79 192 107 21 120 71 201 219 
268 8 115 164 84 205 197 268 17 180 230 47 1 102 187 125 35 250 12 88 138 243 258 27 212 79 192 107 21 120 71 201 219 
269 8 115 164 84 205 197 268 17 180 230 47 1 102 187 125 35 250 12 88 138 243 258 27 212 79 192 107 21 120 71 201 219 
270 8 115 164 84 205 197 268 17 180 230 47 1 102 187 125 35 250 12 88 138 243 258 27 212 79 192 107 21 120 71 201 219 
271 8 115 164 84 205 197 268 17 180 230 47 1 102 187 125 35 250 12 88 138 243 258 27 212 79 192 107 21 120 71 201 219 
272 8 115 164 84 205 197 268 17 180 230 47 1 102 187 125 35 250 12 88 138 243 258 27 212 79 192 107 21 120 71 201 219 
273 8 115 164 84 205 197 268 17 180 230 47 1 102 187 125 35 250 12 88 138 243 258 27 212 79 192 107 21 120 71 201 219 
274 8 115 164 84 205 197 268 17 180 230 47 1 102 187 125 35 250 12 88 138 243 258 27 212 79 192 107 21 120 71 201 219 
275 8 115 164 84 205 197 268 17 180 230 47 1 102 187 125 35 250 12 88 138 243 258 27 212 79 192 107 21 120 71 201 219 
276 8 115 164 84 205 197 268 17 180 230 47 1 102 187 125 35 250 12 88 138 243 258 27 212 79 192 107 21 120 71 201 219 
277 8 115 164 84 205 197 268 17 180 230 47 1 102 187 125 35 250 12 277 88 138 243 258 27 212 79 192 107 21 120 71 201 219 
278 8 115 164 84 205 197 268 17 180 230 47 1 102 187 125 35 250 12 277 88 138 243 258 27 212 79 192 107 21 120 71 201 219 
279 8 115 164 84 205 197 268 17 180 230 47 1 102 187 125 35 250 12 277 88 138 243 258 27 212 79 192 107 21 120 71 201 219 
280 8 115 164 84 205 197 268 17 180 230 47 1 102 187 125 35 250 12 277 88 138 243 258 27 212 79 192 107 21 120 71 201 219 
281 8 115 164 84 205 197 268 17 180 230 47 1 102 187 125 35 250 12 277 88 138 243 258 27 212 79 192 107 21 120 71 201 219 
282 8 115 164 84 205 197 268 17 180 230 47 1 102 187 125 35 250 12 277 88 138 243 258 27 212 79 192 107 21 120 71 201 219 
283 8 115 164 84 205 197 268 17 180 230 47 1 102 187 125 35 250 12 277 88 138 243 258 27 212 79 192 107 21 120 71 201 219 
284 8 115 164 84 205 197 268 17 180 230 47 1 102 187 125 35 250 12 277 88 138 243 258 27 212 79 192 107 21 120 71 201 219 
285 8 115 164 84 205 197 268 17 180 230 47 1 102 187 125 35 250 12 277 88 138 243 258 27 212 79 192 107 21 120 71 201 219 
286 8 115 164 84 205 286 197 268 17 180 230 47 1 102 187 125 35 250 12 277 88 138 243 258 27 212 79 192 107 21 120 71 201 219 
287 8 115 164 84 205 286 197 268 17 180 230 47 1 102 187 125 35 250 12 277 88 138 243 258 27 212 79 192 107 21 120 71 201 219 
288 8 115 164 84 205 286 197 268 17 180 230 47 1 102 187 125 35 250 12 277 88 138 243 258 27 212 79 192 107 21 120 71 201 219 
289 8 115 164 84 205 286 197 268 17 180 230 47 1 102 187 125 35 250 12 277 88 138 243 258 27 212 79 192 107 21 120 71 201 219 
290 8 115 164 84 205 286 197 268 17 180 230 47 1 102 187 125 35 250 12 277 88 138 243 258 27 212 79 192 107 21 120 71 201 219 
291 8 115 164 84 205 286 197 268 17 180 230 47 1 102 187 125 35 250 291 12 277 88 138 243 258 27 212 79 192 107 21 120 71 201 219 
292 8 115 164 84 205 286 197 268 17 180 230 47 1 102 187 125 35 250 291 12 277 88 138 243 258 27 212 79 192 107 21 120 71 201 219 
293 8 115 164 84 205 286 197 268 17 180 230 47 1 102 187 125 35 250 291 12 277 88 138 243 258 27 212 79 192 107 21 120 71 201 219 
294 8 115 164 84 205 286 197 268 17 180 230 47 1 102 187 125 35 250 291 12 277 88 138 243 258 27 212 79 192 107 21 120 71 201 219 
295 8 115 164 84 205 286 197 268 17 180 230 47 1 102 187 125 35 250 291 12 277 88 138 243 258 27 212 79 192 107 21 120 71 201 219 
296 8 115 164 84 205 286 197 268 17 180 230 47 1 102 187 125 35 250 291 12 277 88 138 243 258 27 212 79 192 107 21 120 71 201 219 
297 8 115 164 84 205 286 197 268 17 180 230 47 1 102 187 125 35 250 291 12 277 88 138 243 258 27 212 79 192 107 21 120 71 201 219 
298 8 115 164 84 205 286 197 268 17 180 230 47 1 102 187 125 35 250 291 12 277 88 138 243 258 27 212 79 192 107 21 120 71 201 219 
299 8 115 164 84 205 286 197 268 17 180 230 47 1 102 187 125 35 250 291 12 277 88 138 243 258 27 212 79 192 107 21 120 71 201 219 
300 8 115 164 84 205 286 197 268 17 180 230 47 1 102 187 125 35 250 291 12 277 88 138 243 258 27 212 79 192 107 21 120 71 201 219 
301 8 115 164 84 205 286 197 268 17 180 230 47 1 102 187 125 35 250 291 12 277 88 138 243 258 27 212 79 192 107 301 21 120 71 201 219 
302 8 115 164 84 205 286 197 268 17 180 230 47 1 102 187 125 35 250 291 12 277 88 138 243 258 27 212 79 192 107 301 21 120 71 201 219 
303 8 115 164 84 205 286 197 268 17 180 230 47 1 102 187 125 35 250 291 12 277 88 138 243 258 27 212 79 192 107 301 21 120 71 201 219 
304 8 115 164 84 205 286 197 268 17 180 230 47 1 102 187 125 35 250 291 12 277 88 138 243 258 27 212 79 192 107 301 21 120 71 201 219 
305 8 115 164 84 205 286 197 268 17 180 230 47 1 102 187 125 35 250 291 12 277 88 138 243 258 27 212 79 192 107 301 21 120 71 201 219 
306 8 115 164 84 205 286 306 197 268 17 180 230 47 1 102 187 125 35 250 291 12 277 88 138 243 258 27 212 79 192 107 301 21 120 71 201 219 
307 8 115 164 84 205 286 306 197 268 17 180 230 47 1 102 187 125 35 250 291 12 277 88 138 243 258 27 212 79 192 107 301 21 120 71 201 219 
308 8 115 164 84 205 286 306 197 268 17 180 230 47 1 102 187 125 35 250 291 12 277 88 138 243 258 27 212 79 192 107 301 21 120 71 201 219 
309 8 115 164 84 205 286 306 197 268 17 180 230 47 1 102 187 125 35 250 291 12 277 88 138 243 258 27 212 79 192 107 301 21 120 71 201 219 
310 8 115 164 84 310 205 286 306 197 268 17 180 230 47 1 102 187 125 35 250 291 12 277 88 138 243 258 27 212 79 192 107 301 21 120 71 201 219 
311 8 115 164 84 310 205 286 306 197 268 17 180 230 47 1 102 187 125 35 250 291 12 277 88 138 243 258 27 212 79 192 107 301 21 120 71 201 219 
312 8 115 164 84 310 205 286 306 197 268 17 180 230 47 1 102 187 125 35 250 291 12 277 88 138 243 258 27 212 79 192 107 301 21 120 71 201 219 
313 8 115 164 84 310 205 286 306 197 268 17 180 230 47 1 102 187 125 35 250 291 12 277 88 138 243 258 27 212 79 192 107 301 21 120 71 201 219 
314 8 115 164 84 310 205 286 306 197 268 17 180 230 47 1 102 187 125 35 250 291 12 277 88 138 243 258 27 212 79 192 107 301 21 120 71 201 219 
315 8 115 164 84 310 205 286 306 197 268 17 180 230 47 1 102 187 125 35 250 291 12 277 88 138 243 258 27 212 79 192 107 301 21 120 71 201 219 
316 8 115 164 84 310 205 286 306 197 268 17 180 230 47 1 102 187 125 35 250 291 12 277 88 138 243 258 27 212 79 192 107 301 21 120 71 201 219 
317 8 115 164 84 310 205 286 306 197 268 17 180 230 47 1 102 187 125 35 250 291 12 277 88 138 243 258 27 212 79 192 107 301 21 120 71 201 219 
318 8 115 164 84 310 205 286 306 197 268 17 180 230 47 1 102 187 125 35 250 291 12 277 88 138 243 258 27 212 79 192 107 301 21 120 71 201 219 
319 8 115 164 84 310 205 286 306 197 268 17 180 230 47 1 102 187 125 35 250 291 12 277 88 138 243 258 27 212 79 192 107 301 21 120 71 201 219 
320 8 115 164 84 310 205 286 306 197 268 17 180 230 47 1 102 187 125 35 250 291 12 277 88 138 243 258 27 212 79 192 107 301 21 120 71 201 219 
321 8 115 164 84 310 205 286 306 197 268 17 180 230 47 1 102 187 125 35 250 291 12 277 88 138 243 258 27 212 79 192 107 301 21 120 71 201 219 
322 8 115 164 84 310 205 286 306 197 268 17 180 230 47 1 102 187 125 35 250 291 12 277 88 138 243 258 27 212 79 192 107 301 21 120 71 201 219 
