1 1 
2 2 1 
3 2 3 1 
4 4 2 3 1 
5 4 2 3 5 1 
6 4 2 3 5 1 6 
7 4 2 3 5 1 6 7 
8 4 2 3 5 1 6 8 7 
9 4 2 3 5 1 6 8 7 9 
10 4 2 3 10 5 1 6 8 7 9 
11 4 2 3 10 5 1 14 6 8 12 7 9 
12 4 2 3 10 5 1 14 6 8 12 7 9 
13 4 2 3 10 5 1 14 6 8 12 7 9 
14 4 2 3 5 1 14 6 8 12 7 9 
15 4 2 3 5 1 14 6 8 12 7 9 
16 4 2 16 3 10 5 1 14 9 6 8 12 7 
17 4 2 16 3 10 5 1 14 17 9 6 8 12 7 
18 4 2 16 3 10 5 1 14 17 9 19 21 6 8 12 7 
19 4 2 16 3 10 5 1 14 17 9 19 21 6 8 12 7 
20 4 2 16 3 10 5 1 14 17 9 19 21 6 8 12 7 
21 4 2 16 3 10 5 1 14 9 19 21 6 8 12 7 
22 4 2 16 3 10 5 1 14 9 19 21 6 8 12 7 
23 4 2 16 3 10 5 1 14 17 9 19 21 6 8 12 7 
