1 1 
2 2 1 
3 2 1 3 
4 2 1 3 
5 2 1 5 3 
6 2 1 5 3 
7 2 1 5 3 
8 2 1 5 3 8 
9 2 1 5 3 9 8 
10 2 1 5 3 9 10 8 
11 2 1 5 3 9 10 8 
12 2 1 5 3 12 9 10 8 
13 2 1 5 13 3 12 9 10 8 
14 2 1 5 13 3 12 9 10 8 
15 2 1 5 13 15 3 12 9 10 8 
16 2 1 5 13 15 3 12 9 16 10 8 
17 15 3 9 17 10 2 18 1 5 13 21 12 16 20 8 
18 15 3 9 17 10 2 18 1 5 13 21 12 20 8 
19 15 3 9 17 10 2 18 1 5 13 21 12 20 8 
20 15 3 9 17 10 2 18 1 5 13 21 12 20 8 
21 15 3 9 17 10 2 18 1 5 13 21 12 20 8 
22 15 3 9 17 10 2 18 1 5 13 21 12 20 8 
23 15 3 9 17 10 2 18 1 5 13 21 12 20 8 
24 15 3 9 17 10 2 18 1 5 13 21 12 20 8 
25 15 3 9 17 25 10 2 18 1 5 13 21 12 20 8 
26 15 3 9 17 25 10 2 18 1 5 13 21 12 20 8 
27 27 15 3 9 17 25 10 2 1 5 13 21 12 20 8 
28 27 15 3 9 17 25 10 2 1 5 13 21 29 12 28 20 31 8 
29 15 3 9 17 25 10 2 1 5 13 21 29 12 28 20 31 8 
30 15 3 9 17 25 10 2 1 5 13 21 29 12 28 20 31 8 
31 15 3 9 17 25 10 2 1 5 13 21 29 12 28 20 31 8 
32 15 3 9 17 25 10 2 1 5 13 21 29 12 28 20 31 8 
33 15 3 9 17 25 10 2 1 5 13 21 29 12 28 20 31 8 
34 15 3 9 17 25 10 2 1 5 13 21 29 12 28 20 31 8 
35 15 3 9 17 25 10 2 1 5 13 21 29 12 28 20 31 8 
36 2 1 5 13 3 12 9 10 8 
37 2 1 5 13 3 12 9 37 10 8 
38 2 1 5 13 3 12 9 37 38 10 8 
39 3 9 38 40 10 2 1 5 13 12 37 42 8 
40 3 9 38 40 10 2 1 5 13 12 37 42 8 
41 3 9 38 40 10 2 1 5 13 12 37 42 8 
42 2 1 5 13 3 12 9 37 40 42 10 8 
43 2 1 5 13 3 12 9 37 40 42 10 8 
44 3 9 38 40 44 10 2 1 5 13 12 37 42 8 
45 3 9 38 40 44 10 2 1 5 13 12 37 42 8 
46 3 9 38 40 44 10 2 1 5 13 12 37 42 8 
47 3 9 38 40 44 10 2 1 5 13 12 37 42 8 
