1 1 
2 2 1 
3 3 2 1 
4 3 2 1 
5 3 2 1 
6 3 6 2 1 
7 3 6 2 1 
8 3 6 2 8 1 
9 9 3 6 2 8 1 
10 9 3 6 2 8 1 
11 9 3 6 2 11 8 1 
12 9 3 6 2 11 8 1 12 
13 9 3 6 13 2 11 8 1 12 
14 9 3 6 13 2 11 8 1 12 14 
15 9 15 3 6 13 2 11 8 1 12 14 
16 9 15 3 6 13 2 11 8 1 12 16 14 
17 9 15 3 6 13 2 11 8 1 12 16 14 
18 9 15 3 6 13 2 11 8 1 12 16 14 
19 9 15 3 1 12 14 19 6 13 2 11 8 16 
20 9 15 3 1 12 14 19 6 13 2 11 8 16 
21 9 15 3 1 12 14 19 6 13 2 11 8 16 
22 9 15 3 1 12 14 19 6 22 13 2 11 8 16 
23 9 15 3 1 12 14 19 6 22 13 2 11 8 16 23 
24 9 15 3 1 12 14 19 24 6 22 13 2 11 8 16 23 
25 9 15 3 1 12 14 19 24 6 22 13 2 11 8 16 23 
26 9 15 3 1 12 14 19 24 6 22 13 2 11 8 16 23 26 
27 9 15 27 3 1 12 14 19 24 6 22 13 2 11 8 16 23 26 
28 9 30 15 27 3 48 53 56 32 31 1 12 28 34 6 22 13 2 40 11 50 23 43 41 42 45 14 44 59 19 55 24 47 8 16 36 38 26 57 
29 9 30 15 27 3 48 53 56 32 31 1 12 28 34 6 22 13 2 40 11 50 23 43 41 42 45 14 44 59 19 55 24 47 8 16 36 38 26 57 
30 9 30 15 27 3 48 53 56 32 31 1 12 28 34 6 22 13 2 40 11 50 23 43 41 45 14 44 59 19 55 24 47 8 16 36 38 26 57 
31 9 30 15 27 3 48 53 56 32 31 1 12 28 34 6 22 13 2 40 11 50 23 43 41 45 14 44 59 19 55 24 47 8 16 36 38 26 57 
32 9 30 15 27 3 48 53 56 32 31 1 12 28 34 6 22 13 2 40 11 50 23 43 41 45 14 44 59 19 55 24 47 8 16 36 38 26 57 
33 9 30 15 27 3 48 53 56 32 31 1 12 28 34 6 22 13 2 40 11 50 23 43 41 45 14 44 59 19 55 24 47 8 16 36 38 26 57 
34 9 30 15 27 3 48 53 56 32 31 1 12 28 34 6 22 13 2 40 11 50 23 43 41 45 14 44 59 19 55 24 47 8 16 38 26 57 
35 9 30 15 27 3 48 53 56 32 31 1 12 28 34 6 22 13 2 40 11 50 23 43 41 45 14 44 59 19 55 24 47 8 16 38 26 57 
36 9 30 15 27 3 48 53 56 32 31 1 12 28 6 22 13 2 40 11 50 23 43 41 45 14 44 59 19 55 24 47 8 16 38 36 26 57 
37 9 30 15 27 3 48 53 56 32 31 1 12 28 34 6 22 13 2 40 11 50 23 43 41 45 14 44 59 19 55 24 47 8 16 36 38 26 57 
38 9 30 15 27 3 48 53 56 32 31 1 12 28 34 6 22 13 2 40 11 50 23 43 41 45 14 44 59 19 55 24 47 8 16 36 38 26 57 
39 9 30 15 27 3 48 53 56 32 31 1 12 28 34 6 22 13 2 40 11 50 23 43 41 45 14 44 59 19 55 24 47 8 16 36 38 26 57 
40 9 30 15 27 3 48 53 56 32 31 1 12 28 34 6 22 13 2 40 11 50 23 43 41 45 14 44 59 19 55 24 47 8 16 36 38 26 57 
41 9 30 15 27 3 48 53 56 32 31 1 12 28 34 6 22 13 2 40 11 50 23 43 41 45 14 44 59 19 55 24 47 8 16 36 38 26 57 
42 9 15 27 3 48 53 56 32 31 1 12 28 34 6 22 13 2 40 11 50 23 43 41 45 42 14 44 59 19 55 24 47 8 16 36 38 26 57 
43 9 30 15 27 3 48 53 56 32 31 1 12 28 34 6 22 13 2 40 11 50 23 43 41 42 45 14 44 59 19 55 24 47 8 16 36 38 26 57 
44 9 30 15 27 3 48 53 56 32 31 1 12 28 34 6 22 13 2 40 11 50 23 43 41 42 45 14 59 44 19 55 24 47 8 16 36 38 26 57 
45 9 30 15 27 3 48 53 56 32 31 1 12 28 34 6 22 13 2 40 11 50 23 43 41 42 45 14 44 59 19 55 24 47 8 16 36 38 26 57 
46 9 30 15 27 3 48 53 56 32 31 1 12 28 34 6 22 13 2 40 11 50 23 43 41 42 45 14 44 59 19 55 24 47 8 16 36 38 26 57 
47 9 30 15 27 3 48 53 56 32 31 1 12 28 34 6 22 13 2 40 11 50 23 43 41 42 45 14 44 59 19 55 24 47 8 16 36 38 26 57 
48 9 30 15 27 3 48 53 56 32 31 1 12 28 34 6 22 13 2 40 11 50 23 43 41 42 45 14 44 59 19 55 24 47 8 16 36 38 26 57 
49 9 30 15 27 3 48 53 56 32 31 1 12 28 34 6 22 13 2 40 11 50 23 43 41 42 45 14 44 59 19 55 24 47 8 16 36 38 26 57 
50 9 30 15 27 3 48 53 56 32 31 1 12 28 34 6 22 13 2 40 11 50 23 43 41 42 45 14 44 59 19 55 24 47 8 16 36 38 26 57 
51 9 30 15 27 3 48 53 56 32 31 1 12 28 34 6 22 13 2 40 11 50 23 43 41 42 45 14 44 59 19 55 24 47 8 16 36 38 26 57 
52 9 30 15 27 3 48 53 56 32 31 1 12 28 34 6 22 13 2 40 11 50 23 43 41 42 45 14 44 59 19 55 24 47 8 16 36 38 26 57 
53 9 30 15 27 3 48 56 53 32 31 1 12 28 34 6 22 13 2 40 11 50 23 43 41 42 45 14 44 59 19 55 24 47 8 16 36 38 26 57 
54 9 30 15 27 3 48 53 56 32 31 1 12 28 34 6 22 13 2 40 11 50 23 43 41 42 45 14 44 59 19 55 24 47 8 16 36 38 26 57 
55 9 30 15 27 3 48 53 56 32 31 1 12 28 34 6 22 13 2 40 11 50 23 43 41 42 45 14 44 59 19 55 24 47 8 16 36 38 26 57 
56 9 30 15 27 3 48 53 56 32 31 1 12 28 34 6 22 13 2 40 11 50 23 43 41 42 45 14 44 59 19 55 24 47 8 16 36 38 26 57 
57 9 30 15 27 3 48 53 56 32 31 1 12 28 34 6 22 13 2 40 11 50 23 43 41 42 45 14 44 59 19 55 24 47 8 16 36 38 26 57 
58 9 30 15 27 3 48 53 56 32 31 1 12 28 34 6 22 13 2 40 11 50 23 43 41 42 45 14 44 59 19 55 24 47 8 16 36 38 26 57 
59 9 30 15 3 48 53 56 32 31 1 12 28 34 6 22 13 2 40 11 50 23 43 41 42 45 14 44 59 19 55 24 47 8 16 36 38 26 57 
60 9 30 15 3 48 53 56 32 31 1 12 28 34 6 22 13 2 40 11 50 23 43 41 42 45 14 44 59 19 55 24 47 8 16 36 38 26 57 
61 9 30 15 27 3 48 53 56 32 31 1 12 28 34 6 22 13 2 40 11 50 23 43 41 42 45 14 44 59 19 55 24 47 8 16 36 38 26 57 
62 9 15 3 1 12 14 19 24 62 6 22 13 2 11 8 16 23 
63 9 15 3 1 12 14 19 24 62 6 22 13 2 11 8 16 23 
64 9 15 3 64 1 12 14 19 24 62 6 22 13 2 11 8 16 23 
65 9 65 15 3 64 1 12 14 19 24 62 6 22 13 2 11 8 16 23 
66 9 65 15 3 64 66 1 12 14 19 24 62 6 22 13 2 11 8 16 23 
67 9 65 15 3 64 66 1 12 14 19 24 62 6 22 13 2 11 8 16 23 
68 9 65 30 15 27 3 64 48 66 53 56 32 31 1 12 28 34 6 22 13 2 40 11 50 23 43 41 42 45 14 44 59 19 55 24 62 47 8 16 36 38 26 57 
