1 2 
2 3 
3 4 
4 5 
5 6 
6 7 
7 8 
8 33 69 37 41 45 49 53 57 61 65 17 21 29 25 13 9 72 
9 10 
10 11 72 
11 12 
12 72 
13 14 
14 15 72 
15 16 
16 72 
17 18 
18 19 72 
19 20 
20 72 
21 22 
22 23 72 
23 24 
24 72 
25 26 
26 27 72 
27 28 
28 72 
29 30 
30 31 72 
31 32 
32 72 
33 34 
34 35 72 
35 36 
36 72 
37 38 
38 39 72 
39 40 
40 72 
41 42 
42 43 72 
43 44 
44 72 
45 46 
46 47 72 
47 48 
48 72 
49 50 
50 51 72 
51 52 
52 72 
53 54 
54 55 72 
55 56 
56 72 
57 58 
58 59 72 
59 60 
60 72 
61 62 
62 63 72 
63 64 
64 72 
65 66 
66 67 72 
67 68 
68 72 
69 70 
70 71 72 
71 72 
72 73 75 87 94 98 113 127 139 153 156 
73 74 
74 
75 76 
76 77 79 
77 78 
78 
79 80 
80 81 
81 82 
82 83 
83 84 85 
84 85 
85 86 
86 196 
87 88 
88 89 91 
89 90 
90 
91 92 
92 93 
93 196 
94 95 
95 96 196 
96 97 
97 
98 99 
99 100 
100 101 103 
101 102 
102 103 105 
103 104 
104 
105 106 
106 107 
107 108 
108 109 
109 110 111 
110 111 
111 112 
112 196 
113 114 
114 115 119 
115 116 
116 117 
117 118 
118 
119 120 
120 121 
121 122 
122 123 
123 124 125 
124 125 
125 126 
126 196 
127 128 
128 129 131 
129 130 
130 
131 132 
132 133 
133 134 
134 135 
135 136 137 
136 137 
137 138 
138 196 
139 140 
140 141 
141 142 144 
142 143 
143 
144 145 
145 146 
146 147 
147 148 
148 149 150 
149 150 
150 151 
151 152 
152 196 
153 154 
154 155 
155 
156 157 
157 158 
158 159 161 
159 160 
160 
161 162 
162 163 
163 164 176 
164 165 
165 166 168 
166 167 
167 
168 169 
169 170 
170 171 
171 172 
172 173 174 
173 174 
174 175 
175 196 
176 177 
177 178 
178 179 194 
179 180 
180 181 196 
181 182 
182 183 185 
183 184 
184 
185 186 
186 187 
187 188 
188 189 
189 190 191 
190 191 
191 192 
192 193 
193 196 
194 195 
195 
196 
