1 1 
2 1 2 
3 1 2 3 
4 1 4 2 3 
5 1 4 2 3 5 
6 1 4 2 3 5 
7 1 4 2 3 7 5 
8 1 4 2 3 7 5 
9 1 9 4 2 3 7 5 
10 1 9 4 2 3 7 5 10 
11 1 9 4 2 3 7 5 10 
12 1 9 4 2 3 7 5 10 12 
13 1 9 4 13 2 3 7 5 10 12 
14 1 9 4 13 2 3 7 5 10 12 14 
15 1 15 9 4 13 2 3 7 5 10 12 14 
16 1 15 9 4 13 2 3 7 5 10 12 14 
17 9 13 3 7 10 14 1 15 4 17 2 5 12 
18 9 13 3 7 10 14 1 15 4 17 2 5 12 
19 9 19 13 3 7 10 14 1 15 4 17 2 5 12 
20 9 19 13 3 7 10 14 1 15 4 17 2 5 12 
21 9 19 13 21 3 7 10 14 1 15 4 17 2 5 12 
22 9 19 13 21 3 7 10 14 22 1 15 4 17 2 5 12 
23 9 19 13 21 3 7 10 14 22 1 15 4 17 2 5 12 
24 9 19 13 21 3 7 24 10 14 22 1 15 4 17 2 5 12 
25 9 19 13 21 3 7 24 10 14 22 1 15 4 17 2 5 12 
26 9 19 13 21 3 7 24 10 14 22 1 15 4 17 2 5 12 
27 9 19 13 21 3 7 24 10 14 22 1 15 4 17 2 5 12 
28 9 19 13 21 3 28 7 24 10 14 22 1 15 4 17 2 5 12 
29 9 19 13 21 29 3 28 7 24 10 14 22 1 15 4 17 2 5 12 
30 9 19 13 21 29 3 28 7 24 10 14 22 1 15 4 17 2 5 12 
31 9 19 13 21 29 3 28 7 24 10 14 22 1 15 4 17 2 31 5 12 
32 9 19 13 21 29 3 28 7 24 10 14 22 1 15 4 17 2 31 5 12 
33 9 19 13 21 29 3 28 7 24 10 14 22 1 15 4 17 2 33 5 12 
34 9 19 13 21 29 3 28 7 24 10 14 22 1 15 4 17 34 2 33 31 5 12 
35 9 19 13 21 29 3 28 7 24 10 14 22 1 15 4 17 34 2 33 31 5 12 
36 9 19 13 21 29 3 36 28 7 24 10 14 22 1 15 4 17 34 2 33 31 5 12 
37 9 19 13 21 29 3 36 28 7 24 10 14 22 1 15 4 17 34 37 2 33 31 5 12 
38 9 19 13 21 29 3 36 28 7 24 10 14 22 1 15 4 17 34 37 2 33 31 5 12 
39 9 19 13 21 29 28 10 14 22 1 15 39 3 36 7 24 4 17 34 37 2 33 31 5 12 
40 9 19 13 21 29 28 10 14 22 1 15 39 3 36 7 24 4 17 34 37 2 33 31 5 12 
41 9 19 13 21 29 28 10 14 22 1 15 3 36 7 24 41 4 17 34 37 2 33 31 5 12 
42 9 19 13 21 29 28 10 14 22 1 15 39 42 3 36 7 24 41 4 17 34 37 2 33 31 5 12 
43 9 19 13 21 29 28 10 14 22 1 15 39 42 3 36 7 24 41 4 17 34 37 2 33 31 5 12 
44 9 19 13 21 29 28 10 14 22 1 15 39 42 3 36 7 24 41 4 17 34 37 2 33 31 5 12 
