1 1 
2 2 1 
3 2 3 1 
4 2 3 1 4 
5 2 3 5 1 4 
6 2 3 5 1 4 
7 2 3 5 1 4 
8 2 3 5 8 1 4 
9 2 3 5 8 1 4 
10 2 3 5 10 1 4 
11 2 3 5 10 8 11 1 4 
12 2 3 5 10 12 8 11 1 4 
13 2 15 21 5 10 13 12 30 8 1 4 18 20 16 27 3 11 
14 2 15 21 5 10 13 12 30 8 1 4 18 20 16 27 3 11 
15 2 21 15 5 10 13 12 30 8 1 4 18 20 16 27 3 11 
16 2 15 21 5 10 13 12 8 1 4 18 20 27 16 3 11 
17 2 15 21 5 10 13 12 30 8 1 4 18 20 16 27 3 11 
18 2 15 21 5 10 13 12 30 8 1 4 18 16 27 3 11 
19 2 15 21 5 10 13 12 30 8 1 4 18 16 27 3 11 
20 2 15 21 5 10 13 12 30 8 1 4 20 16 27 3 11 
21 2 15 21 5 10 13 12 30 8 1 4 18 20 16 27 3 11 
22 2 15 21 5 10 13 12 30 8 1 4 18 20 16 27 3 11 
23 2 15 21 5 10 13 12 30 8 1 4 18 20 16 27 3 11 
24 2 15 21 5 10 13 12 30 8 1 4 18 20 16 27 3 11 
25 2 15 21 5 10 13 12 30 8 1 4 18 20 16 27 3 11 
26 2 15 21 5 10 13 12 30 8 1 4 18 20 16 27 3 11 
27 2 15 21 5 10 13 12 30 8 1 4 18 20 16 27 3 11 
28 2 15 21 5 10 13 12 30 8 1 4 18 20 16 27 3 11 
29 2 15 21 5 10 13 12 30 8 1 4 18 20 16 27 3 11 
30 2 15 21 5 10 13 12 30 8 1 4 18 20 27 3 11 
31 2 15 21 5 10 13 12 30 8 1 4 18 20 27 3 11 
32 2 15 21 5 10 13 12 30 8 1 4 18 20 16 27 3 11 
33 2 15 21 5 10 13 12 30 8 1 4 18 20 16 27 3 11 
