1 1 
2 2 1 
3 3 2 1 
4 3 2 1 
5 3 2 1 5 
6 3 6 2 1 5 
7 3 6 2 7 1 5 
8 3 6 2 7 1 8 5 
9 3 6 2 7 1 8 9 5 
10 3 6 2 7 10 1 8 9 5 
11 3 6 2 7 10 11 1 8 9 5 
12 3 6 2 7 10 11 1 8 9 5 12 
13 3 6 2 7 10 11 13 1 8 9 5 12 
14 6 10 11 14 8 9 5 3 2 7 13 1 12 
15 6 15 10 11 14 8 9 5 3 2 7 13 1 12 
16 6 15 10 11 14 8 9 5 16 3 2 7 13 1 12 
17 6 15 10 11 14 8 9 5 16 17 3 2 7 13 1 12 
18 6 15 10 11 14 8 9 5 16 17 3 2 7 13 1 12 
19 6 15 10 11 14 8 9 5 16 17 3 2 7 13 19 1 12 
20 6 15 10 20 11 14 8 9 5 16 17 3 2 7 13 19 1 12 
21 6 15 10 20 11 14 8 9 5 16 17 3 2 7 13 19 1 12 21 
22 6 15 10 20 11 14 8 9 5 16 17 3 2 7 22 13 19 1 12 21 
23 6 15 10 20 11 14 8 9 5 16 17 3 23 2 7 22 13 19 1 12 21 
24 6 15 10 20 11 14 8 9 5 16 17 3 23 2 7 22 13 19 1 24 12 21 
25 6 15 10 25 20 11 14 8 9 5 16 17 3 23 2 7 22 13 19 1 24 12 21 
26 6 15 10 25 20 11 14 8 9 5 16 17 3 23 2 7 22 13 19 1 24 12 21 
27 6 10 25 20 11 14 8 9 27 5 16 17 3 23 2 7 22 13 19 1 24 12 21 
28 6 10 25 20 11 14 8 9 27 5 16 17 3 23 2 7 22 28 13 19 1 24 12 21 
29 6 25 20 11 14 8 27 5 16 17 2 22 28 19 21 10 9 3 23 7 13 1 24 29 12 
30 6 25 20 11 14 8 27 5 16 17 2 22 28 19 21 10 9 3 23 7 13 1 24 29 12 
31 6 25 20 11 14 8 27 5 16 17 2 22 28 19 21 15 10 9 3 23 7 13 1 24 29 12 
