1 2 
2 3 
3 4 
4 5 
5 6 9 
6 7 
7 8 
8 
9 10 
10 11 
11 12 
12 13 
13 14 
14 15 17 
15 16 
16 18 
17 18 
18 19 
19 20 
20 21 
21 22 23 
22 23 
23 24 89 
24 25 
25 26 
26 27 
27 28 33 
28 29 
29 30 
30 31 
31 32 
32 35 
33 34 
34 35 
35 39 
36 37 
37 38 
38 
39 40 
40 41 
41 42 
42 43 
43 44 57 
44 45 
45 46 
46 47 
47 48 50 
48 49 
49 50 
50 51 54 
51 52 
52 53 54 
53 54 
54 55 56 
55 57 
56 42 
57 58 77 
58 59 
59 60 77 
60 61 
61 62 
62 63 
63 64 66 
64 65 
65 72 
66 67 
67 68 72 
68 69 
69 70 
70 71 72 
71 72 
72 73 77 
73 74 
74 75 
75 76 77 
76 77 
77 78 
78 79 86 
79 80 
80 81 86 
81 82 
82 83 
83 84 
84 85 
85 88 
86 87 88 
87 88 
88 90 
89 90 
90 91 119 
91 92 93 
92 93 
93 94 
94 95 
95 96 
96 97 
97 98 107 
98 99 
99 100 107 
100 101 
101 102 
102 103 105 
103 104 
104 106 
105 106 
106 107 
107 108 
108 112 
109 110 
110 111 
111 
112 113 
113 114 
114 115 
115 116 
116 117 119 
117 118 
118 119 
119 120 
120 
