1 1 
2 2 1 
3 2 1 3 
4 2 1 4 3 
5 2 1 4 3 5 
6 18 1 15 3 14 5 2 11 9 8 7 4 10 
7 18 1 15 3 14 5 2 11 9 8 7 4 10 
8 18 1 15 3 14 5 2 11 9 8 7 4 10 
9 18 1 15 3 14 5 2 11 9 8 7 4 10 
10 18 1 15 3 14 5 2 11 9 8 7 4 10 
11 18 1 15 3 14 5 2 11 9 8 7 4 10 
12 18 1 15 3 14 5 2 11 9 8 7 4 10 
13 18 1 15 3 14 5 2 11 9 8 7 4 10 
14 18 1 15 3 14 5 2 11 9 8 7 4 10 
15 18 1 15 3 14 5 2 11 9 8 7 4 10 
16 18 1 15 3 14 5 2 11 9 8 7 4 10 
17 18 1 15 3 14 5 2 11 9 8 7 4 10 
18 2 11 18 9 8 1 7 15 4 3 14 10 
19 2 11 18 9 8 1 7 15 4 3 14 10 
20 18 1 15 3 14 5 2 11 9 8 7 4 10 
21 18 1 15 3 14 5 2 11 9 8 7 4 10 
