1 1 
2 1 2 
3 1 2 3 
4 1 2 3 4 
5 1 2 3 4 
6 1 2 3 4 6 
7 1 2 3 4 6 
8 1 2 3 4 6 
9 1 2 9 3 4 
10 1 2 9 3 4 10 
11 1 2 9 11 3 4 10 
12 1 2 12 9 11 3 4 10 
13 1 2 12 9 11 3 4 10 
14 1 2 12 9 11 14 3 4 10 
15 1 2 12 9 11 14 3 4 10 
16 1 2 12 9 11 14 3 4 10 
17 1 2 12 9 11 3 4 10 
18 1 2 12 9 11 3 4 10 
19 1 2 12 9 11 3 4 10 19 
20 1 2 12 9 20 11 3 4 10 19 
21 1 2 12 9 20 11 3 4 21 10 19 
22 1 2 12 9 20 11 3 4 22 21 10 19 
23 1 2 12 9 20 11 3 4 22 21 10 19 
24 1 2 20 11 3 4 10 19 12 9 24 22 21 
25 1 2 20 11 3 4 10 19 12 9 24 22 21 
26 1 2 20 11 3 4 10 19 12 9 24 22 26 
27 1 2 20 11 3 4 10 19 12 9 24 22 26 
28 1 2 28 20 11 3 4 10 19 12 9 22 21 
29 1 2 28 20 11 3 4 10 19 12 9 22 21 
30 1 2 28 20 11 3 4 10 19 12 9 30 22 
31 1 2 28 20 11 3 4 10 19 12 9 24 30 22 26 21 
32 1 2 28 20 11 3 4 10 19 12 9 24 30 22 26 21 32 
33 1 2 28 20 11 3 4 10 19 12 9 24 33 30 22 26 21 32 
34 1 2 28 20 11 3 4 10 19 12 9 24 33 30 22 26 21 32 
35 1 2 28 20 11 3 4 10 19 12 9 24 30 22 26 21 
36 1 2 28 20 11 3 4 10 19 12 9 24 30 22 26 21 
37 1 2 28 20 11 3 4 10 19 37 12 9 24 30 22 26 21 
38 1 2 28 20 11 3 4 10 19 37 12 9 24 30 22 26 21 
39 1 2 28 20 11 3 4 10 19 12 9 24 30 22 26 21 
40 1 2 12 9 11 3 4 40 10 
41 1 2 12 9 11 3 4 40 41 10 
42 1 2 12 9 42 11 3 4 40 41 10 
43 1 2 12 9 42 11 3 4 40 41 10 
44 1 2 12 9 42 11 3 4 44 40 41 10 
45 1 2 11 3 4 44 40 10 45 12 9 42 41 
46 1 2 11 3 4 44 40 10 45 46 12 9 42 41 
47 1 2 11 3 4 44 40 10 45 46 12 9 42 41 
48 1 2 11 3 4 44 40 10 45 46 12 9 42 41 
49 1 2 11 3 4 44 40 10 45 46 12 9 42 41 
50 1 2 11 3 4 44 40 10 45 46 12 9 42 41 
51 1 2 11 3 4 44 40 10 51 45 46 12 9 42 41 
52 1 2 11 3 4 44 40 10 51 45 46 12 9 42 41 
53 1 2 11 3 4 44 40 10 51 45 46 12 9 42 41 
54 1 2 54 12 9 42 11 3 4 40 41 10 
55 1 2 54 12 9 42 11 3 4 40 41 10 
56 1 2 12 9 11 3 4 56 10 
57 1 2 12 9 11 3 4 56 57 10 
58 1 2 12 9 58 11 3 4 56 57 10 
59 1 2 12 9 58 11 3 4 56 57 10 
60 1 2 12 9 58 11 3 4 56 57 10 
61 1 2 12 9 58 11 3 4 56 57 61 10 
62 1 2 12 9 58 11 3 4 56 57 61 10 
63 1 2 12 9 11 63 3 4 10 
64 1 2 12 9 11 63 3 4 10 
65 1 2 28 20 11 3 4 44 40 10 19 51 45 46 12 9 24 42 30 14 22 26 21 41 
