1 1 
2 2 1 
3 3 2 1 
4 3 2 1 
5 3 5 2 1 
6 18 3 1 14 11 16 15 8 9 6 5 2 12 10 
7 18 3 1 14 11 16 15 6 8 9 5 2 12 10 
8 18 3 1 14 11 16 15 6 9 8 5 2 12 10 
9 18 3 1 14 11 16 15 6 8 9 5 2 12 10 
10 3 1 14 11 16 15 6 8 9 5 2 12 10 
11 3 1 14 11 16 15 6 8 9 5 2 12 10 
12 3 1 14 11 16 15 6 8 9 5 2 12 10 
13 3 1 14 11 16 15 6 8 9 5 2 12 10 
14 3 1 14 11 16 15 6 8 9 5 2 12 10 
15 3 1 14 11 16 15 6 8 9 5 2 12 10 
16 3 1 14 11 16 15 6 8 9 5 2 12 10 
17 3 1 14 11 16 15 6 8 9 5 2 12 10 
18 18 3 1 14 11 16 15 6 8 9 5 2 12 
19 18 3 1 14 11 16 15 6 8 9 5 2 12 
20 3 1 14 11 16 15 6 8 9 5 2 12 10 
21 18 3 1 14 11 16 15 6 8 9 5 2 12 10 
22 18 3 1 14 11 16 15 6 8 9 5 2 12 10 
23 18 3 1 14 11 16 15 6 8 9 5 2 12 10 
24 18 3 1 14 11 16 15 6 8 9 5 2 12 10 
