1 1 
2 1 2 
3 1 2 3 
4 1 2 4 3 
5 5 1 2 4 3 
6 6 5 1 2 4 3 
7 6 5 1 2 7 4 3 
8 6 5 1 2 7 4 3 8 
9 6 5 1 9 2 7 4 3 8 
10 13 11 3 15 6 5 1 9 19 12 2 14 7 4 8 
11 13 11 3 15 6 5 1 9 19 12 2 14 7 4 8 
12 13 11 3 15 6 5 1 9 19 12 2 14 7 4 8 
13 13 11 3 15 6 5 1 9 19 12 2 14 7 4 8 
14 13 11 3 15 6 5 1 9 19 12 2 14 7 4 8 
15 13 11 3 15 6 5 1 9 19 12 2 14 7 4 8 
16 13 11 3 15 6 5 1 9 19 12 2 14 7 4 8 
17 13 11 3 15 17 5 1 9 19 12 2 14 7 4 8 
18 13 11 3 15 17 5 1 9 19 12 2 14 7 4 8 
19 13 11 3 15 6 5 1 19 12 2 14 7 4 8 
20 13 11 3 15 6 5 1 19 12 2 14 7 4 8 
21 13 11 3 15 17 6 5 1 9 19 12 2 14 7 4 8 
22 13 11 3 15 17 6 5 1 9 19 12 2 14 7 4 8 
23 13 11 3 15 17 6 5 1 9 19 12 2 14 7 23 4 8 
24 13 11 3 15 17 6 5 1 9 19 12 2 14 7 23 4 24 8 
25 13 11 3 15 17 6 25 5 1 12 2 14 7 23 4 24 8 
26 13 11 3 15 17 27 28 6 25 29 30 5 1 12 34 2 14 7 23 4 24 8 
27 13 11 3 15 17 28 27 6 25 29 30 5 1 12 34 2 14 7 23 4 24 8 
28 13 11 3 15 17 27 28 6 25 29 30 5 1 12 34 2 14 7 23 4 24 8 
29 11 3 15 17 27 28 6 25 30 29 5 1 12 34 2 14 7 23 4 24 8 
30 11 3 15 17 27 28 6 25 29 30 5 1 12 34 2 14 7 23 4 24 8 
31 11 3 15 17 27 28 6 25 29 30 5 1 12 34 2 14 7 23 4 24 8 
32 11 3 15 17 27 28 6 25 29 30 5 1 12 34 2 14 7 23 4 24 8 
33 11 3 15 17 27 28 6 25 29 30 5 1 12 34 2 14 7 23 4 24 8 
34 11 3 15 17 27 28 6 29 30 5 1 12 34 2 14 7 23 4 24 8 
35 11 3 15 17 27 28 6 29 30 5 1 12 34 2 14 7 23 4 24 8 
36 13 11 3 15 17 27 28 6 25 29 30 5 1 12 34 2 14 7 23 4 24 8 
