1 1 
2 1 2 
3 1 2 3 
4 1 2 3 
5 5 1 2 3 
6 5 6 1 2 3 
7 5 6 1 2 3 
8 5 6 1 2 3 8 
9 9 5 6 1 2 3 8 
10 9 5 6 1 2 3 8 
11 9 5 11 6 1 3 8 
12 9 5 11 6 1 3 8 12 
13 9 5 11 6 1 3 8 12 
14 9 5 11 14 6 1 3 8 12 
15 9 5 11 14 6 1 3 8 15 12 
16 9 5 11 16 14 6 1 3 8 15 12 
17 9 5 11 16 14 6 1 3 8 15 12 
18 9 5 11 16 14 6 1 3 8 15 12 
19 1 2 3 19 
20 1 2 3 19 
21 21 1 3 19 
22 22 21 1 3 19 
23 22 21 1 3 19 
24 22 21 1 3 24 19 
25 22 21 25 1 3 24 19 
26 22 21 25 1 3 24 19 26 
27 22 21 25 1 3 24 19 26 
28 22 21 25 1 3 24 19 26 
29 1 2 29 3 19 
30 1 2 29 3 19 
31 1 2 29 31 3 19 
32 1 2 29 31 3 32 19 
33 1 2 29 31 3 32 19 33 
34 34 1 2 29 31 3 32 19 33 
35 34 1 2 29 31 3 32 19 33 
36 5 16 34 6 1 31 8 15 26 33 9 11 22 14 21 25 2 29 3 24 32 19 12 
