1 1 
2 2 1 
3 2 1 
4 4 2 1 
5 4 5 2 1 
6 4 5 2 1 
7 4 5 2 1 
8 4 8 5 2 1 
9 4 8 5 2 1 
10 4 8 5 10 2 1 
11 4 8 5 10 11 2 1 
12 4 8 5 10 11 12 2 1 
13 4 13 8 5 10 11 12 2 1 
14 4 13 8 5 10 11 12 2 1 
15 4 8 15 5 2 1 
16 4 16 8 15 5 2 1 
17 4 13 16 17 8 15 5 10 11 12 2 1 
18 13 17 8 15 10 11 4 16 5 12 2 18 1 
19 13 17 8 15 10 11 4 16 5 12 2 18 19 1 
20 13 17 8 15 10 11 4 16 20 5 12 2 18 19 1 
21 13 17 8 15 10 11 4 16 20 5 12 2 18 19 1 
22 13 17 22 8 15 10 11 4 16 20 5 12 2 18 19 1 
23 13 17 22 8 15 10 11 26 25 29 4 16 20 28 5 24 27 12 2 18 34 19 1 
24 13 17 22 8 15 10 11 26 25 29 4 16 20 28 5 27 24 12 2 18 34 19 1 
25 13 17 22 8 15 10 11 26 25 29 4 16 20 28 5 24 27 12 2 18 34 19 1 
26 13 17 22 8 15 10 11 26 25 29 4 16 20 28 5 24 27 12 2 18 34 19 1 
27 13 17 22 8 15 10 11 26 25 29 4 16 20 28 5 24 27 12 2 18 34 19 1 
28 13 17 22 8 15 10 11 26 25 29 4 16 20 28 5 24 27 12 2 18 34 19 1 
29 13 17 22 8 15 10 11 26 25 29 4 16 20 28 5 24 27 12 2 18 34 19 1 
30 13 17 22 8 15 10 11 26 25 29 4 16 20 28 5 24 27 12 2 18 34 19 1 
31 13 17 22 8 15 10 11 26 25 29 4 16 20 28 5 24 27 12 2 18 34 19 1 
32 13 17 22 8 15 10 11 26 25 29 4 16 20 28 5 24 27 12 2 18 34 19 1 
33 13 17 22 8 15 10 11 26 25 29 4 16 20 28 5 24 27 12 2 18 34 19 1 
34 13 17 8 15 10 11 26 25 29 4 16 20 28 5 24 27 12 2 18 34 19 1 
35 13 17 8 15 10 11 26 25 29 4 16 20 28 5 24 27 12 2 18 34 19 1 
36 13 17 22 8 15 10 11 26 25 29 4 16 36 20 28 5 24 27 12 2 18 34 19 1 
37 13 17 22 8 15 10 11 26 25 29 4 16 36 20 28 5 24 27 12 2 18 34 19 1 
38 13 17 22 8 15 10 11 26 25 29 4 16 36 20 28 5 24 27 12 2 18 34 19 1 
39 13 17 22 8 11 26 25 36 20 5 12 2 34 15 39 10 29 4 16 28 24 27 18 19 1 
40 13 17 22 8 11 26 25 36 20 5 12 2 34 15 39 40 10 29 4 16 28 24 27 18 19 1 
41 13 17 22 8 11 26 25 36 20 5 12 2 34 15 39 40 10 29 4 16 28 24 27 18 19 1 
42 13 17 22 8 11 26 25 36 20 5 12 2 34 15 39 40 10 29 4 16 28 24 27 42 18 19 1 
43 13 17 22 8 11 26 25 36 20 5 12 2 34 15 39 40 10 29 4 16 28 24 27 42 18 19 1 
44 13 17 22 8 11 26 25 36 20 5 12 2 34 44 15 39 40 10 29 4 16 28 24 27 18 19 1 
45 13 17 22 8 11 26 25 36 20 5 12 2 34 44 15 39 40 10 29 4 16 28 24 27 42 18 19 1 
46 13 17 22 8 11 26 25 36 20 5 12 2 34 44 15 39 40 10 29 4 16 28 24 27 42 18 19 1 
47 13 17 22 8 11 26 25 47 36 20 5 12 2 34 44 15 39 40 10 29 4 16 28 24 27 42 18 19 1 
48 13 17 22 8 11 26 25 48 47 36 20 5 12 2 34 44 15 39 40 10 29 4 16 28 24 27 42 18 19 1 
49 13 17 22 8 11 26 25 48 47 36 20 5 12 2 34 44 15 39 40 10 29 4 16 28 24 27 42 18 19 1 
50 13 17 22 8 11 26 25 48 47 36 20 5 12 2 34 44 15 39 40 10 29 4 16 28 24 27 42 18 19 1 
51 13 17 22 8 11 26 25 48 47 36 20 5 12 2 34 44 15 39 40 10 29 4 16 28 24 27 42 18 19 51 1 
52 13 17 22 8 11 26 25 48 47 36 20 5 12 2 34 44 15 39 40 10 29 4 16 28 24 27 42 18 19 51 1 
53 13 17 22 8 11 26 25 48 47 36 20 5 12 2 34 44 15 39 40 10 29 4 16 28 24 27 42 18 19 51 1 
54 13 17 22 8 11 26 25 48 47 36 20 5 12 2 34 44 15 39 40 10 29 54 4 16 28 24 27 42 18 19 51 1 
55 13 17 22 8 11 26 25 48 47 36 20 5 12 2 34 44 15 39 40 10 29 54 4 16 28 24 27 42 18 19 51 1 
56 13 17 22 8 11 26 25 48 47 36 20 5 12 2 34 44 15 39 40 10 29 56 54 4 16 28 24 27 42 18 19 51 1 
57 13 17 22 8 11 26 25 48 47 36 20 5 12 2 34 44 15 39 40 10 29 56 54 4 16 28 24 27 42 18 19 51 1 
58 13 17 22 8 11 26 25 48 47 36 20 58 5 12 2 34 44 15 39 40 10 29 54 4 16 28 24 27 42 18 19 51 1 
59 13 17 22 8 11 26 25 48 47 36 20 58 5 12 2 34 44 15 39 40 10 29 56 54 4 16 28 24 27 42 18 19 51 1 
60 13 17 22 8 11 26 25 48 47 36 20 58 5 12 2 34 44 15 39 40 10 29 56 54 4 16 28 24 27 42 18 19 51 1 
61 61 
62 61 62 
63 61 62 
64 61 62 
65 13 17 22 8 11 26 25 48 47 36 20 58 5 12 2 34 44 15 39 40 10 29 56 54 4 16 28 24 27 42 18 19 51 1 
