1 1 
2 1 2 
3 1 2 3 
4 1 2 3 4 
5 5 21 16 17 14 12 2 3 8 9 20 1 22 18 7 19 4 10 
6 5 21 16 17 14 12 2 3 8 9 20 1 22 18 7 19 4 10 
7 5 21 16 17 14 12 2 3 8 9 20 1 22 18 7 19 4 10 
8 5 21 16 17 14 12 2 3 9 8 20 1 22 18 7 19 4 10 
9 5 21 16 17 14 12 2 3 8 9 20 1 22 18 7 19 4 10 
10 5 21 16 17 14 12 2 3 8 9 20 1 22 18 7 19 4 10 
11 5 21 16 17 14 12 2 3 8 9 20 1 22 18 7 19 4 10 
12 5 21 16 17 14 12 2 3 8 9 20 1 22 7 19 4 10 
13 5 21 16 17 12 14 2 3 8 9 20 1 22 7 19 4 10 
14 5 21 16 17 12 14 2 3 8 9 20 1 22 18 7 19 4 10 
15 5 21 16 17 14 12 2 3 8 9 20 1 22 18 7 19 4 10 
16 5 21 16 17 14 12 2 3 8 9 20 1 22 18 7 19 4 10 
17 5 21 16 17 14 12 2 3 8 9 20 1 22 18 7 19 4 10 
18 5 21 16 17 14 2 3 8 9 20 1 22 18 7 19 4 10 
19 5 21 16 17 12 14 2 3 8 9 20 1 22 18 7 19 4 10 
20 5 21 16 17 12 14 2 3 8 9 20 1 22 18 7 19 4 10 
21 5 21 16 17 12 14 2 3 8 9 20 1 22 18 7 19 4 10 
22 5 21 16 17 12 14 2 3 8 9 20 1 22 18 7 19 4 10 
23 5 21 16 17 12 14 2 3 8 9 20 1 22 18 7 19 4 10 
24 5 21 16 17 12 14 2 3 8 9 20 1 22 18 7 19 4 10 
25 5 21 16 17 14 12 2 3 8 9 20 1 22 18 7 25 19 4 10 
26 5 21 16 26 17 14 12 2 3 8 9 20 1 22 18 7 25 19 10 
27 5 21 26 16 17 14 12 2 3 8 9 20 1 22 18 7 25 19 10 
28 5 21 26 16 17 14 12 2 3 8 9 20 28 1 22 18 7 25 19 10 
29 5 29 21 26 16 17 14 12 2 3 8 9 28 20 1 22 18 7 25 19 10 
30 5 29 21 26 16 17 14 12 2 3 8 9 28 20 1 22 18 7 25 19 10 
31 5 21 26 16 17 14 12 2 3 8 9 20 1 22 18 7 25 31 19 10 
32 5 29 21 26 16 17 14 12 2 3 8 9 28 20 1 22 18 7 25 31 19 10 
