1 1 
2 2 1 
3 2 3 1 
4 2 3 4 1 
5 2 3 4 5 1 
6 6 2 3 4 5 1 
7 6 2 3 4 5 1 
8 8 6 2 3 4 5 1 
9 8 6 2 3 4 5 1 
10 8 6 2 3 4 5 1 10 
11 8 6 3 4 18 10 14 2 13 15 5 11 1 
12 8 6 3 4 18 10 14 2 13 15 5 11 1 
13 8 6 3 4 18 10 14 2 15 13 5 11 1 
14 8 6 3 4 18 10 14 2 13 15 5 11 1 
15 8 6 3 4 18 10 14 2 13 15 5 11 1 
16 8 6 3 4 18 10 14 2 13 15 5 11 1 
17 8 6 3 4 18 10 14 2 13 15 5 11 1 
18 8 14 6 2 3 4 18 13 15 5 11 1 
19 8 14 6 2 3 4 18 13 15 5 11 1 
20 8 14 6 3 4 2 13 15 5 11 20 1 
21 8 6 3 4 23 24 20 14 2 13 15 5 11 1 21 
22 8 6 3 4 23 24 20 14 2 13 15 5 11 1 21 
23 8 6 3 4 23 24 20 14 2 13 15 5 11 1 21 
24 8 6 3 4 23 24 20 2 13 15 5 11 1 21 
25 8 6 3 4 23 24 20 2 13 15 5 11 1 21 
26 8 6 3 4 23 24 20 2 13 15 5 11 1 21 
27 8 6 3 4 23 27 24 20 14 2 13 15 5 11 1 21 
28 8 6 3 4 23 27 24 28 20 14 2 13 15 5 11 1 21 
29 8 6 3 4 23 27 24 28 20 14 2 13 15 5 11 1 21 
30 8 6 3 4 23 27 24 28 20 14 2 13 15 5 11 1 21 
31 8 6 3 4 23 27 24 28 20 14 2 13 15 5 11 1 21 
