1 1 
2 2 1 
3 2 1 
4 2 1 4 
5 2 1 4 
6 2 1 4 
7 2 1 4 7 
8 2 1 4 7 
9 2 9 1 4 7 
10 2 9 1 10 4 7 
11 2 9 1 10 4 7 
12 2 9 1 10 4 7 12 
13 2 9 1 10 4 7 12 13 
14 2 9 1 10 4 7 12 13 
15 2 15 9 1 10 4 7 12 13 
16 2 15 9 1 10 4 7 12 13 
17 2 15 9 1 10 4 7 17 12 13 
18 2 15 9 1 10 4 7 17 12 18 13 
19 2 15 9 1 10 4 7 17 12 18 13 
20 2 15 9 20 1 10 4 7 17 12 18 13 
21 2 10 7 21 17 12 15 9 20 1 4 18 13 
22 2 10 7 21 17 12 15 9 20 1 4 18 13 
23 2 15 9 1 10 4 7 17 12 18 13 23 
24 2 24 10 7 21 17 12 23 15 9 20 1 4 18 13 
25 2 24 10 7 21 17 12 23 15 9 20 1 4 18 13 
26 2 15 9 1 10 4 7 12 13 26 
27 2 15 9 1 10 4 7 12 13 26 
28 2 15 9 1 10 4 7 28 12 13 26 
29 2 15 9 1 10 4 7 28 12 13 26 
30 2 15 9 1 10 4 7 30 12 13 26 
31 2 24 10 7 21 17 12 23 26 15 9 20 31 1 4 28 30 18 13 
32 2 24 10 7 21 32 17 12 23 26 15 9 20 31 1 4 28 30 18 13 
33 2 24 10 7 21 32 17 12 23 26 15 9 20 31 1 4 28 30 18 13 
34 2 24 10 7 21 32 17 12 23 26 15 9 20 31 1 4 28 30 18 13 
35 2 24 10 7 21 32 17 12 23 26 15 9 20 31 1 4 28 30 18 13 
36 2 24 10 7 21 32 17 12 23 26 15 9 20 31 1 4 28 30 18 13 
37 2 24 37 10 7 21 32 17 12 23 26 15 9 20 31 1 4 28 30 18 13 
38 2 24 37 10 7 21 32 17 12 23 26 15 9 20 31 1 4 28 30 18 13 
39 2 24 37 10 7 21 32 17 12 23 26 15 9 20 31 1 4 28 30 18 13 
40 2 24 37 10 7 21 32 17 12 23 26 15 9 20 31 1 4 28 30 18 13 
