1 1 
2 2 1 
3 3 2 1 
4 3 2 4 1 
5 3 2 4 1 
6 3 2 6 4 1 
7 7 3 2 6 4 1 
8 7 3 2 6 4 1 
9 7 3 2 6 4 1 
10 7 10 3 2 6 4 1 
11 7 10 3 2 6 4 1 
12 7 10 3 2 12 6 4 1 
13 7 10 3 2 12 6 4 1 
14 7 10 3 14 2 12 6 4 1 
15 7 10 3 15 14 2 12 6 4 1 
16 7 10 3 15 14 2 12 16 6 4 1 
17 7 10 3 15 14 2 12 16 6 4 1 
18 7 10 3 15 14 2 12 16 6 4 1 
19 7 10 3 15 14 2 12 16 6 4 1 
20 7 10 3 20 2 12 6 4 1 
21 7 10 3 20 2 12 21 6 4 1 
22 7 10 3 20 2 12 21 6 4 1 
23 7 10 3 20 2 12 21 6 4 1 
24 7 10 3 20 2 12 21 6 4 1 
25 7 10 3 25 2 6 4 1 
26 7 10 3 25 2 6 4 1 
27 7 10 27 3 25 2 6 4 1 
28 7 10 27 3 25 2 6 28 4 1 
29 7 10 27 3 25 2 6 28 4 1 29 
30 7 10 27 3 25 2 6 28 4 1 29 
31 7 10 27 3 25 2 6 28 4 1 29 
32 7 10 27 3 25 2 6 28 4 1 29 
33 33 7 10 3 25 2 6 4 1 
34 33 7 10 3 25 2 6 4 1 
35 33 35 7 10 3 25 2 6 4 1 
36 33 35 7 10 3 25 36 2 6 4 1 
37 33 35 7 10 37 3 25 36 2 6 4 1 
38 33 35 7 10 37 3 25 36 2 6 4 1 
39 33 35 7 10 37 3 25 36 2 6 4 1 
40 33 35 7 10 37 3 25 36 2 6 4 1 
41 41 33 7 10 3 25 2 6 4 1 
42 41 33 7 10 3 25 2 6 4 1 
43 41 33 7 10 3 25 43 2 6 4 1 
44 41 44 33 7 10 3 25 43 2 6 4 1 
45 3 2 6 4 1 41 44 33 45 7 10 25 43 
46 3 2 6 4 1 41 44 33 45 7 10 25 43 
47 3 2 6 4 1 41 44 33 45 7 10 25 43 
48 3 2 6 4 1 41 44 33 45 7 10 25 43 
49 41 33 7 10 3 25 2 49 6 4 1 
50 41 33 7 10 3 25 2 49 6 4 1 
51 41 33 7 10 3 25 51 2 49 6 4 1 
52 52 3 51 2 6 4 1 41 33 7 10 25 49 
53 52 3 51 2 6 4 1 41 33 7 10 25 53 49 
54 52 3 51 2 6 4 1 41 33 7 10 25 53 49 
55 52 3 51 2 6 4 1 41 33 7 10 25 53 49 
56 52 3 51 2 6 4 1 41 33 7 10 25 53 49 
57 41 33 7 10 3 25 2 49 6 4 1 57 
58 41 33 7 10 3 25 2 49 6 4 1 57 
59 59 3 2 6 4 1 57 41 33 7 10 25 49 
60 59 3 2 60 6 4 1 57 41 33 7 10 25 49 
61 59 3 2 60 6 4 1 57 41 33 7 10 61 25 49 
62 59 3 2 60 6 4 1 57 41 33 7 10 61 25 49 
63 59 3 2 60 6 4 1 57 41 33 7 10 61 25 49 
64 59 3 2 60 6 4 1 57 41 33 7 10 61 25 49 
65 3 65 2 6 4 1 57 41 33 7 10 25 49 
66 3 65 2 6 4 1 57 41 33 7 10 25 49 
67 67 3 65 2 6 4 1 57 41 33 7 10 25 49 
68 67 3 65 2 6 4 1 57 41 33 7 10 25 49 68 
69 69 67 3 65 2 6 4 1 57 41 33 7 10 25 49 68 
70 69 67 3 65 2 70 6 4 1 57 41 33 7 10 25 49 68 
71 69 67 3 65 2 70 6 4 1 57 41 33 7 10 25 49 68 
72 69 67 3 65 2 70 6 4 1 57 41 33 7 10 25 49 68 
73 69 67 3 65 2 70 6 4 1 57 41 33 7 10 25 49 68 
74 3 65 2 6 4 1 57 41 33 7 10 74 25 49 
75 3 65 2 6 4 1 57 41 75 33 7 10 74 25 49 
76 3 65 2 6 4 1 57 76 41 75 33 7 10 74 25 49 
77 3 65 2 6 4 1 57 76 41 75 33 7 10 74 25 49 
78 3 65 2 6 4 78 1 57 76 41 75 33 7 10 74 25 49 
79 3 65 2 6 4 78 1 57 76 41 75 33 7 10 74 25 49 
80 3 65 2 6 4 78 1 57 76 41 75 33 7 10 74 25 49 
81 3 65 2 6 4 78 1 57 76 41 75 33 7 10 74 25 49 
82 67 37 59 2 70 6 1 41 35 45 10 27 25 43 14 49 68 28 52 69 3 20 65 15 36 51 16 21 60 4 57 44 33 7 61 53 12 29 
