1 1 
2 1 
3 1 
4 1 4 
5 1 4 
6 1 4 
7 1 7 4 
8 1 7 4 
9 1 7 4 
10 1 10 7 4 
11 1 10 7 4 
12 1 10 7 4 
13 1 10 7 4 13 
14 1 10 7 4 13 
15 1 10 7 4 13 
16 1 10 7 16 4 13 
17 1 10 7 16 4 13 
18 1 10 7 16 4 13 
19 1 10 7 16 19 4 13 
20 1 10 7 16 20 19 4 13 
21 1 10 7 16 20 19 4 13 
22 1 10 22 7 16 20 19 4 13 
23 1 10 22 7 16 20 19 4 13 
24 1 10 22 7 16 20 24 19 4 13 
25 1 10 22 7 16 20 24 19 4 13 
26 1 10 22 7 16 20 24 19 4 13 26 
27 1 10 22 7 16 20 24 19 4 13 26 
28 1 10 22 7 16 20 28 24 19 4 13 26 
29 1 10 22 7 16 20 28 24 19 4 13 26 
30 1 22 16 20 28 24 19 4 26 10 7 30 13 
31 1 22 16 20 28 24 19 4 26 10 7 30 13 
32 1 22 16 20 28 24 19 4 26 10 7 30 13 
33 1 22 16 20 28 24 19 4 26 10 7 30 13 
