128 57 
1 1 
2 2 
3 3 
132 58 
133 59 
7 4 
135 60 
8 5 
136 61 
12 6 
140 62 
13 7 
141 63 
15 8 
143 64 
16 9 
144 65 
20 10 
148 66 
21 11 
149 67 
151 68 
152 69 
25 12 
26 13 
156 70 
157 71 
30 14 
31 15 
159 72 
160 73 
35 16 
36 17 
164 74 
165 75 
167 76 
40 18 
168 77 
41 19 
172 78 
45 20 
173 79 
46 21 
174 80 
176 81 
177 82 
50 22 
51 23 
55 24 
56 25 
60 26 
61 27 
65 28 
66 29 
70 30 
71 31 
75 32 
76 33 
80 34 
81 35 
85 36 
86 37 
90 38 
91 39 
95 40 
96 41 
100 42 
101 43 
103 44 
104 45 
108 46 
109 47 
111 48 
112 49 
116 50 
117 51 
119 52 
120 53 
124 54 
125 55 
127 56 
