1 1 
2 1 2 
3 3 1 2 
4 3 1 2 
5 3 1 2 
6 3 1 2 6 
7 3 7 1 2 6 
8 3 7 1 2 6 8 
9 24 25 7 14 17 2 32 12 30 13 22 8 3 29 37 28 9 31 34 16 23 1 6 21 10 39 
10 24 25 7 14 17 2 32 12 30 13 22 8 3 29 37 28 9 31 34 16 23 1 6 21 10 39 
11 24 25 7 14 17 2 32 12 30 13 22 8 3 29 37 28 9 31 34 16 23 1 6 21 10 39 
12 24 25 7 14 17 2 32 12 30 13 22 8 3 29 28 9 31 34 16 23 1 6 21 10 39 
13 24 25 7 14 17 2 32 12 30 13 22 8 3 29 37 28 9 31 34 16 23 1 6 21 10 39 
14 24 25 7 14 17 2 32 12 30 13 22 8 3 29 37 28 9 31 34 16 23 1 6 21 10 39 
15 24 25 7 14 17 2 32 12 30 13 22 8 3 29 37 28 9 31 34 16 23 1 6 21 10 39 
16 24 25 7 14 17 2 32 12 30 13 22 8 3 29 37 28 9 31 34 23 16 1 6 21 10 39 
17 24 25 7 14 17 2 32 12 30 13 22 8 3 29 37 28 9 31 34 16 23 1 6 21 10 39 
18 24 25 7 14 17 2 32 12 30 13 22 8 3 29 37 28 9 31 34 16 23 1 6 21 10 39 
19 24 25 7 14 17 2 32 12 30 13 22 8 3 29 37 28 9 31 34 16 23 1 6 21 10 39 
20 24 25 7 14 17 2 32 12 30 13 22 8 3 29 37 28 9 31 34 16 23 1 6 21 10 39 
21 24 25 7 14 17 2 32 12 30 13 22 8 3 29 37 28 9 31 34 16 23 1 6 21 10 39 
22 24 25 7 14 17 2 32 12 30 13 22 8 3 29 37 28 9 31 34 16 23 1 6 21 10 39 
23 24 25 7 14 17 2 32 12 30 13 22 8 3 29 37 28 9 31 34 16 23 1 6 21 10 39 
24 24 25 7 14 17 2 32 12 30 13 22 8 3 29 37 28 9 31 34 16 23 1 6 21 10 39 
25 24 25 7 14 17 2 32 12 30 13 22 8 3 29 37 28 9 31 34 16 23 1 6 21 10 39 
26 24 25 7 14 17 2 32 12 30 13 22 8 3 29 37 28 9 31 34 16 23 1 6 21 10 39 
27 24 25 7 14 17 2 32 12 30 13 22 8 3 29 37 28 9 31 34 16 23 1 6 21 10 39 
28 24 25 7 14 17 2 32 12 30 13 22 8 3 29 37 28 9 31 34 16 23 1 6 21 10 39 
29 24 25 7 14 17 2 32 12 30 13 22 8 3 29 37 28 9 31 34 16 23 1 6 21 10 39 
30 24 25 7 14 17 2 32 12 30 13 22 8 3 29 37 28 9 31 34 16 23 1 6 21 10 39 
31 24 25 7 14 17 2 32 12 30 13 22 8 3 29 37 28 9 31 34 16 23 1 6 21 10 39 
32 24 25 7 14 17 2 32 12 30 13 22 8 3 29 37 28 9 31 34 16 23 1 6 21 10 39 
33 24 25 7 14 17 2 32 12 30 13 22 8 3 29 37 28 9 31 34 16 23 1 6 21 10 39 
34 24 25 14 17 2 32 12 30 13 22 8 3 29 37 28 9 31 34 16 23 1 6 21 10 39 
35 24 25 14 17 2 32 12 30 13 22 8 3 29 37 28 9 31 34 16 23 1 6 21 10 39 
36 24 25 3 29 14 17 2 28 9 31 32 36 30 34 16 23 13 22 1 6 21 8 10 39 
37 24 25 7 14 17 2 32 30 13 22 8 3 29 37 28 9 31 34 16 23 1 6 21 10 39 
38 24 25 7 14 17 2 32 30 13 22 8 3 29 37 28 9 31 34 16 23 1 6 21 10 39 
39 24 25 7 14 17 2 32 12 30 13 22 3 29 37 28 9 31 34 16 23 1 6 21 10 39 
40 24 25 7 14 17 2 32 12 30 13 22 3 29 37 28 9 31 34 16 23 1 6 21 10 39 
41 24 25 7 14 17 2 32 12 30 13 22 8 3 29 37 28 9 31 34 16 23 1 6 21 10 39 
