1 1 
2 2 1 
3 3 2 1 
4 3 2 1 
5 3 2 5 1 
6 17 25 6 8 23 9 5 16 22 19 1 20 3 13 27 11 2 10 
7 17 25 6 8 23 9 5 16 22 19 1 20 3 13 27 11 2 10 
8 17 25 6 8 23 9 5 16 22 19 1 20 3 13 27 11 2 10 
9 17 25 6 8 23 9 5 16 22 19 1 20 3 13 27 11 2 10 
10 17 25 6 8 23 9 5 16 22 19 1 20 3 13 27 11 2 10 
11 17 25 6 8 23 9 5 16 22 19 1 20 3 13 27 11 2 10 
12 17 25 6 8 23 9 5 16 22 19 1 20 3 13 27 11 2 10 
13 17 25 6 8 23 9 5 16 22 19 1 20 3 13 27 11 2 10 
14 17 25 6 8 23 9 5 16 22 19 1 20 3 13 27 11 2 10 
15 17 25 6 8 23 9 5 16 22 19 1 20 3 13 27 11 2 10 
16 17 25 6 8 23 9 5 22 16 19 1 20 3 13 27 11 2 10 
17 17 25 6 8 23 9 5 16 22 19 1 20 3 13 27 11 2 10 
18 17 25 6 8 23 9 5 16 22 19 1 20 3 13 27 11 2 10 
19 17 25 6 8 23 9 5 16 22 19 1 20 3 13 11 2 10 
20 17 25 6 8 23 9 5 16 22 19 1 20 3 13 27 11 2 10 
21 17 25 6 8 23 9 5 16 22 19 1 20 3 13 27 11 2 10 
22 17 25 6 8 23 9 5 16 22 19 1 20 3 13 27 11 2 10 
23 17 25 6 8 23 9 5 16 22 19 1 20 3 13 27 11 2 10 
24 17 25 6 8 23 9 5 16 22 19 1 20 3 13 27 11 2 10 
25 17 25 6 8 23 9 5 16 22 19 1 20 3 13 27 11 2 10 
26 17 25 6 8 23 9 5 16 22 19 1 20 3 13 27 11 2 10 
27 17 25 6 8 23 9 5 16 22 1 20 3 13 27 11 2 10 
28 17 25 6 8 23 9 5 16 22 1 20 3 13 27 11 2 10 
29 17 25 6 8 23 9 5 16 22 19 1 20 3 13 27 11 2 10 
30 17 25 6 8 23 9 5 16 22 19 1 20 3 13 27 11 2 10 
