1 1 
2 1 2 
3 3 1 2 
4 3 1 4 2 
5 3 1 4 2 
6 3 6 1 4 2 
7 3 6 1 4 2 7 
8 3 6 1 4 2 7 8 
9 1 15 9 14 3 6 13 12 4 17 19 2 7 8 11 16 
10 1 15 9 14 3 6 13 12 4 17 19 2 7 8 11 16 
11 1 15 9 14 3 6 13 12 4 17 19 2 7 8 16 11 
12 1 15 9 14 3 6 13 12 4 17 19 2 7 8 11 16 
13 1 15 9 14 3 6 13 12 4 17 19 2 7 8 11 16 
14 1 15 9 14 3 6 13 12 4 17 19 2 7 8 11 16 
15 1 15 9 14 3 6 13 12 4 17 19 2 7 8 11 16 
16 1 15 9 14 3 6 13 12 4 17 19 2 7 8 11 16 
17 1 15 9 14 3 6 13 12 4 17 19 2 7 8 11 16 
18 1 15 9 14 3 6 13 12 4 17 19 2 7 8 11 16 
19 1 15 9 14 3 6 13 12 4 17 19 2 7 8 11 16 
20 1 15 9 14 3 6 13 12 4 17 19 2 7 8 11 16 
21 1 15 9 14 3 6 13 12 4 17 19 2 7 8 11 16 
22 1 15 9 14 3 6 13 12 4 17 19 2 7 8 11 16 
