1 1 
2 2 1 
3 3 2 1 
4 3 2 1 
5 3 5 2 1 
6 3 5 2 1 
7 3 2 7 1 
8 3 5 2 7 1 
9 3 5 9 2 7 1 
10 3 5 9 2 7 1 
11 3 5 9 11 2 7 1 
12 3 5 9 11 2 7 1 
13 3 5 9 2 7 1 13 
14 3 5 9 11 2 7 1 13 
15 3 15 5 9 11 2 7 1 13 
16 3 15 5 9 11 2 7 16 1 13 
17 3 15 5 9 11 2 7 16 1 13 
18 3 15 5 9 11 2 7 16 1 18 13 
19 3 15 5 9 11 2 7 16 1 18 13 
20 3 15 5 9 11 2 7 16 1 18 20 13 
21 3 15 5 9 11 2 7 16 1 18 20 13 
22 5 9 11 22 2 7 16 1 18 13 3 15 20 
23 5 9 11 22 2 7 16 1 18 13 23 3 15 20 
24 5 9 11 22 2 7 16 1 24 18 13 23 3 15 20 
25 5 9 11 22 2 7 16 1 24 18 13 23 3 15 25 20 
26 5 9 11 22 2 7 16 1 24 18 13 23 3 15 25 20 
27 5 9 11 22 2 7 16 1 24 18 13 23 3 15 25 20 
28 5 9 11 22 2 7 16 1 24 18 13 23 3 15 25 20 
