1 1 
2 1 2 
3 1 3 2 
4 1 3 4 2 
5 5 1 3 4 2 
6 5 6 1 3 4 2 
7 5 6 1 3 4 2 
8 5 6 1 3 4 8 2 
9 5 6 1 3 4 8 2 
10 5 6 1 3 10 4 8 2 
11 5 6 1 3 10 4 8 2 
12 5 6 1 3 10 4 8 2 
13 5 6 1 3 10 4 8 2 
14 5 6 1 3 10 4 8 2 
15 5 6 1 3 10 4 15 8 2 
16 5 6 1 3 10 4 15 8 2 
17 5 6 1 17 3 10 4 15 8 2 
18 5 6 1 17 3 10 4 15 8 18 2 
19 5 6 1 17 3 10 4 15 8 18 2 
20 5 6 1 17 3 10 4 15 8 18 2 20 
21 5 6 1 17 3 10 4 15 8 18 2 20 
22 22 1 3 15 18 2 5 6 17 10 4 8 20 
23 22 23 1 3 15 18 2 5 6 17 10 4 8 20 
24 22 23 1 3 15 18 2 5 6 17 10 4 8 20 
25 22 23 1 3 15 18 2 5 6 25 17 10 4 8 20 
26 22 23 1 3 15 18 2 5 6 25 17 10 4 8 20 
27 22 23 1 3 15 18 2 5 6 25 17 10 4 27 8 20 
28 22 23 1 3 28 15 18 2 5 6 25 17 10 4 27 8 20 
29 22 23 1 3 28 15 18 2 5 6 25 29 17 10 4 27 8 20 
30 22 23 1 3 28 15 18 2 5 6 25 29 17 10 4 27 8 20 
31 22 23 1 3 31 28 15 18 2 5 6 25 29 17 10 4 27 8 20 
32 22 23 1 3 31 28 15 18 2 5 6 25 29 17 10 4 27 8 20 
33 22 23 33 1 3 31 28 15 18 2 5 6 25 29 17 10 4 27 8 20 
34 22 23 33 1 3 34 31 28 15 18 2 5 6 25 29 17 10 4 27 8 20 
35 22 23 33 1 3 34 35 31 28 15 18 2 5 6 25 29 17 10 4 27 8 20 
36 22 23 33 1 3 34 35 31 28 15 18 2 5 6 25 29 17 10 4 27 8 20 
37 22 23 33 1 3 34 35 31 28 15 18 2 5 6 25 29 17 10 4 27 8 20 
38 22 23 33 1 3 34 35 31 28 15 18 2 5 6 25 29 17 10 4 27 8 20 
