1 1 
2 1 2 
3 1 2 
4 1 2 
5 1 2 5 
6 6 1 2 5 
7 6 1 2 5 
8 6 1 2 8 5 
9 6 1 2 8 5 
10 6 10 1 2 8 5 
11 24 13 17 11 21 8 6 19 10 14 15 1 20 2 16 5 
12 24 13 17 11 21 8 6 19 10 14 15 1 20 2 16 5 
13 24 13 17 11 21 8 6 19 10 14 15 1 20 2 16 5 
14 24 13 17 11 21 8 6 19 10 15 14 1 20 2 16 5 
15 24 13 17 11 21 8 6 19 10 14 15 1 20 2 16 5 
16 24 13 17 11 21 8 6 19 10 14 15 1 20 2 16 5 
17 24 13 17 11 21 8 6 19 10 14 15 1 20 2 16 5 
18 24 13 17 11 21 8 6 19 10 14 15 1 20 2 16 5 
19 24 13 17 11 21 8 6 19 10 14 15 1 20 2 16 5 
20 24 13 17 11 21 8 6 19 10 14 15 1 20 2 16 5 
21 24 13 17 11 21 8 6 19 10 14 15 1 20 2 16 5 
22 24 13 17 11 21 8 6 19 10 14 15 1 20 2 16 5 
23 24 13 17 11 21 8 6 19 10 14 15 1 20 2 16 5 
24 24 13 17 11 21 8 6 19 10 14 15 1 20 2 16 5 
25 24 13 17 11 21 8 6 19 10 14 15 1 20 2 16 5 
26 24 13 17 11 21 8 6 19 10 14 15 1 20 2 16 5 
27 24 13 17 11 21 8 6 19 10 14 15 1 20 2 16 5 
28 24 13 17 11 21 28 8 6 19 10 14 15 1 20 2 16 5 
29 24 13 17 11 28 21 8 6 19 10 14 15 1 20 2 16 5 
30 24 13 17 11 28 21 8 6 19 10 14 15 1 20 2 16 5 
