1 1 
2 2 1 
3 2 3 1 
4 2 3 1 
5 2 3 5 1 
6 2 6 3 5 1 
7 2 6 7 3 5 1 
8 2 6 7 3 5 1 
9 2 6 7 3 5 1 
10 10 
11 2 6 7 3 5 1 11 10 
12 2 6 7 3 12 5 1 11 10 
13 13 2 6 7 3 12 5 1 11 10 
14 13 2 6 7 3 12 5 1 11 10 
15 13 2 6 7 3 12 5 1 11 10 
16 16 
17 13 17 2 6 7 16 3 12 5 1 11 10 
18 13 17 6 7 2 16 3 12 5 1 11 18 10 
19 13 17 6 7 19 2 16 3 12 5 1 11 18 10 
20 13 17 6 7 19 2 16 3 12 5 1 11 18 10 
21 13 17 6 7 19 2 16 3 12 5 1 11 18 10 
22 22 
23 13 17 6 7 23 19 22 2 16 3 12 5 1 11 18 10 
24 13 17 6 7 23 19 22 24 2 16 3 12 5 1 11 18 10 
25 13 17 6 7 23 19 25 22 24 2 16 3 12 5 1 11 18 10 
26 13 17 6 7 23 19 25 22 24 2 16 3 12 5 1 11 18 10 
27 13 17 6 7 23 19 25 22 24 2 16 3 12 5 1 11 18 10 
28 28 
29 13 17 6 7 23 19 25 28 22 24 29 2 16 3 12 5 1 11 18 10 
30 13 17 6 7 23 19 25 28 30 22 24 29 2 16 3 12 5 1 11 18 10 
31 13 17 6 7 23 19 25 28 30 22 24 29 2 31 16 3 12 5 1 11 18 10 
32 13 17 6 7 23 19 25 28 30 22 24 29 2 31 16 3 12 5 1 11 18 10 
33 13 17 6 7 23 19 25 28 30 22 24 29 2 31 16 3 12 5 1 11 18 10 
34 34 
35 13 17 34 6 7 23 19 25 28 35 30 22 24 29 2 31 16 3 12 5 1 11 18 10 
36 13 17 6 36 23 25 35 30 22 2 31 3 12 5 10 34 7 19 28 24 29 16 1 11 18 
37 13 17 6 36 23 25 35 30 22 2 31 37 3 12 5 10 34 7 19 28 24 29 16 1 11 18 
38 13 17 6 36 23 25 35 30 22 2 31 37 3 12 5 10 34 7 19 28 24 29 16 1 11 18 
39 13 17 6 36 23 25 35 30 22 2 31 37 3 12 5 10 34 7 19 28 24 29 16 1 11 18 
40 40 
41 13 17 6 36 23 25 35 30 22 2 31 37 3 12 5 10 34 7 19 28 24 29 40 16 1 11 18 
