1 1 
2 1 2 
3 1 3 2 
4 1 3 4 2 
5 1 3 4 2 5 
6 1 3 4 6 2 5 
7 1 7 3 4 6 2 5 
8 12 7 6 2 16 1 10 3 4 13 11 5 8 14 
9 12 7 6 2 16 1 10 3 4 13 11 5 8 14 
10 12 7 6 2 16 1 10 3 4 13 11 5 8 14 
11 12 7 6 2 16 1 10 3 4 13 11 5 8 14 
12 12 7 6 2 16 1 10 3 4 13 11 5 8 14 
13 12 7 6 2 16 1 10 3 4 13 11 5 8 14 
14 12 7 6 2 16 1 10 3 4 13 11 5 8 14 
15 12 7 6 2 16 1 10 3 4 13 11 5 8 14 
16 12 7 6 2 16 1 10 3 13 11 5 8 14 
17 12 7 6 2 16 1 10 3 4 13 11 5 8 14 
18 12 7 6 2 16 1 10 3 4 13 11 5 8 14 
19 12 7 6 2 16 1 10 3 4 13 11 5 8 14 
20 12 7 6 2 16 1 10 3 4 13 11 5 8 14 
