1 1 
2 1 
3 3 1 
4 3 16 1 7 8 5 17 4 9 14 
5 3 16 1 7 8 4 17 5 9 14 
6 3 16 1 7 8 4 5 17 9 14 
7 3 16 1 7 8 4 5 17 9 14 
8 3 16 1 7 8 4 5 17 9 14 
9 3 16 1 7 8 4 5 17 9 14 
10 3 16 1 7 8 4 5 17 9 14 
11 3 16 1 7 8 4 5 17 9 14 
12 3 16 1 7 8 4 5 17 9 14 
13 3 16 1 7 8 4 5 17 9 14 
14 3 16 1 7 8 4 5 17 9 14 
15 3 16 1 7 8 4 5 17 9 14 
16 3 16 1 7 8 4 5 17 9 14 
17 3 16 1 7 8 4 5 17 9 14 
18 3 16 1 7 8 4 5 17 9 14 
19 3 16 1 7 8 4 5 17 9 14 
20 16 7 8 4 5 17 23 20 14 27 28 3 1 24 22 9 
21 16 7 8 4 5 17 23 20 14 27 28 3 1 24 22 9 
22 16 7 8 4 5 17 23 20 14 27 28 3 1 24 22 9 
23 16 7 8 4 5 17 23 20 14 27 28 3 1 24 22 9 
24 16 7 8 4 5 17 23 20 14 27 28 3 1 24 22 
25 16 7 8 4 5 17 23 20 14 27 28 3 1 24 22 
26 16 7 8 4 5 17 23 20 14 27 28 3 1 24 22 
27 16 7 8 4 5 17 23 20 14 28 27 3 1 24 22 
28 16 7 8 4 5 17 23 20 14 27 28 3 1 24 22 
29 16 7 8 4 5 17 23 20 14 27 28 3 1 24 22 
30 16 7 8 4 5 17 23 20 14 27 28 3 1 24 22 
31 16 7 8 4 5 17 23 20 14 27 28 3 1 24 31 22 9 
32 16 7 8 4 5 17 23 20 14 27 28 3 1 24 31 22 32 9 
33 16 7 33 8 4 5 17 23 20 14 27 28 3 1 24 31 22 32 9 
34 16 7 33 8 4 5 17 23 20 14 27 28 3 1 24 31 22 32 34 9 
35 16 7 33 8 4 5 17 23 20 14 27 28 3 1 24 31 22 32 34 9 35 
36 16 7 33 8 4 5 17 23 20 14 27 28 3 1 24 31 22 32 34 9 35 
