1 1 
2 2 1 
3 3 2 1 
4 3 4 2 1 
5 3 4 2 1 
6 3 4 2 1 
7 3 4 2 1 
8 3 4 2 1 8 
9 3 4 2 1 8 
10 10 3 4 2 1 8 
11 10 3 4 11 2 1 8 
12 10 3 12 4 11 2 1 8 
13 10 3 12 4 11 2 1 8 
14 10 14 3 12 4 11 2 1 8 
15 15 10 14 3 12 4 11 2 1 8 
16 15 10 14 3 12 4 11 2 1 8 
17 17 10 3 12 4 11 2 1 8 
18 17 10 3 12 4 11 2 1 8 
19 19 17 10 3 12 4 11 2 1 8 
20 19 17 20 10 3 12 4 11 2 1 8 
21 19 21 17 20 10 3 12 4 11 2 1 8 
22 19 21 17 20 10 3 12 4 11 2 1 8 
23 19 21 17 20 10 3 12 4 11 2 1 8 
24 21 20 10 24 11 1 19 17 3 12 4 2 8 
25 21 20 10 24 11 1 19 17 3 12 4 2 8 
26 21 20 10 24 11 1 19 17 3 12 4 2 8 
27 21 20 27 10 11 1 19 17 3 12 4 2 8 
28 21 20 27 10 11 1 19 17 3 12 4 2 8 
29 21 20 27 10 29 11 1 19 17 3 12 4 2 8 
30 21 20 27 10 29 11 1 19 17 3 12 4 2 8 
31 21 31 20 27 10 29 11 1 19 17 3 12 4 2 8 
32 21 31 20 27 10 29 11 1 19 17 3 12 4 2 8 
33 21 31 20 27 10 29 11 1 19 17 3 12 4 2 8 33 
34 21 31 20 27 10 29 11 1 19 17 34 3 12 4 2 8 33 
35 21 31 20 27 35 10 29 11 1 19 17 34 3 12 4 2 8 33 
36 21 31 20 27 35 36 10 29 11 1 19 17 34 3 12 4 2 8 33 
37 21 31 20 27 35 36 10 29 11 1 19 17 34 3 12 4 2 8 33 
38 21 31 20 27 35 36 10 29 11 38 1 19 17 34 3 12 4 2 8 33 
39 39 21 31 20 27 35 36 10 29 11 38 1 19 17 34 3 12 4 2 8 33 
40 39 21 31 20 27 35 36 10 29 11 38 1 19 17 34 3 12 4 2 8 33 
41 21 31 20 27 35 36 10 29 11 1 19 17 34 3 12 4 2 41 8 33 
42 21 31 20 27 35 36 10 29 11 1 19 17 34 3 12 4 2 41 8 33 
43 21 31 20 27 35 36 10 29 11 1 19 17 34 3 12 4 2 41 43 8 33 
44 21 31 20 27 35 36 10 29 11 1 19 17 34 3 12 4 2 41 44 43 8 33 
45 21 31 20 27 35 36 10 29 11 1 19 17 34 3 12 4 2 41 44 43 8 33 45 
46 21 31 20 27 35 36 10 29 11 1 19 17 34 3 12 4 2 41 44 43 8 33 45 
47 21 31 20 27 47 35 36 10 29 11 1 19 17 34 3 12 4 2 41 44 43 8 33 45 
48 21 31 20 27 47 35 36 10 29 11 1 19 17 34 3 12 4 2 41 44 43 8 33 45 
49 21 31 20 27 35 36 10 29 11 49 1 19 17 34 3 12 4 2 41 44 43 8 33 45 
50 21 31 20 27 35 36 10 29 11 49 1 19 17 34 3 12 4 2 41 44 43 8 33 45 
51 21 20 35 29 11 34 3 12 4 41 8 33 45 31 27 36 10 49 1 19 17 2 44 43 51 
52 21 20 35 29 11 52 34 3 12 4 41 8 33 45 31 27 36 10 49 1 19 17 2 44 43 51 
53 21 20 35 29 11 52 34 53 3 12 4 41 8 33 45 31 27 36 10 49 1 19 17 2 44 43 51 
54 21 20 35 29 11 52 34 53 3 12 4 41 8 33 45 31 27 36 10 54 49 1 19 17 2 44 43 51 
55 21 20 35 29 11 52 34 53 3 12 4 41 8 33 45 31 27 36 10 54 49 1 19 17 2 44 43 51 
56 21 20 35 29 56 11 52 34 53 3 12 4 41 8 33 45 31 27 36 10 54 49 1 19 17 2 44 43 51 
57 21 20 35 29 56 11 52 34 53 3 12 4 41 8 33 45 31 27 36 10 54 49 1 19 17 2 44 43 51 
58 21 20 35 29 56 11 52 34 53 3 12 4 41 8 33 45 31 27 36 10 54 49 1 19 17 2 44 43 51 
59 21 20 35 29 56 11 52 34 53 3 12 4 41 8 33 45 31 27 36 10 54 49 1 19 17 2 44 43 51 
60 21 20 35 29 56 11 52 34 53 3 12 4 41 8 33 45 31 27 36 10 54 60 49 1 19 17 2 44 43 51 
61 21 20 35 29 56 11 52 34 53 3 12 4 41 8 33 45 31 27 36 10 54 60 49 1 19 17 2 44 43 51 
62 21 20 10 24 11 1 19 17 3 12 4 2 8 
