1 1 
2 1 2 
3 1 2 
4 1 2 4 
5 5 1 2 4 
6 5 1 2 4 
7 5 7 1 2 4 
8 5 7 1 2 4 8 
9 5 7 1 2 4 8 
10 5 7 1 10 2 4 8 
11 5 7 1 10 2 4 8 
12 12 1 2 
13 12 1 2 
14 12 1 14 2 
15 12 1 15 14 2 
16 12 1 15 14 2 
17 12 17 1 15 14 2 
18 12 17 1 15 14 18 2 
19 12 17 1 15 14 18 2 
20 12 17 1 15 14 20 18 2 
21 12 17 1 15 14 20 18 2 
22 12 1 2 22 
23 12 23 1 2 22 
24 12 23 1 2 22 
25 12 23 1 25 2 22 
26 26 12 23 1 25 2 22 
27 26 12 23 1 25 2 22 
28 26 12 23 1 25 28 2 22 
29 26 12 23 1 25 28 2 29 22 
30 26 12 23 1 25 28 2 29 22 
31 26 12 23 1 25 28 2 29 22 31 
32 26 12 23 1 25 28 2 29 22 31 
