1 1 
2 2 1 
3 3 2 1 
4 3 2 4 1 
5 3 5 2 4 1 
6 6 3 5 2 4 1 
7 6 3 7 5 2 4 1 
8 6 3 7 5 2 4 1 
9 6 9 3 7 5 2 4 1 
10 6 9 3 7 5 2 4 10 1 
11 6 9 3 7 11 5 2 4 10 1 
12 6 9 3 7 11 5 2 4 10 1 
13 6 9 3 7 11 5 2 4 10 1 
14 6 9 3 7 11 5 2 4 10 1 
15 6 9 3 7 11 15 5 2 4 10 1 
16 6 9 3 7 11 15 5 2 4 10 1 
17 6 9 3 7 11 15 5 2 4 10 1 
18 6 9 3 7 11 15 5 2 4 10 1 
19 6 9 3 7 11 15 5 2 4 10 1 19 
20 6 9 3 7 11 15 5 2 4 10 1 19 
21 6 9 3 7 11 15 5 2 4 10 1 19 
22 6 9 3 7 11 15 5 2 4 10 22 1 
23 9 3 7 11 15 5 2 4 10 22 1 6 23 
24 9 3 7 11 15 5 2 4 10 22 1 6 23 
25 9 3 7 11 15 5 2 4 10 22 1 6 23 
26 9 3 7 11 15 5 2 4 10 22 1 6 23 
27 9 3 7 11 15 5 2 4 10 22 1 6 27 23 
28 9 3 7 11 15 5 2 4 10 22 1 6 27 23 
29 9 3 7 11 15 5 2 4 29 10 22 1 6 23 
30 9 3 7 11 15 5 2 4 29 10 22 1 30 6 23 
31 9 3 7 11 15 5 2 4 29 10 22 1 30 6 23 
32 9 3 7 11 15 5 2 4 29 10 22 1 30 6 32 23 
33 9 3 7 11 15 5 2 4 29 10 22 1 30 6 32 23 
34 9 3 7 11 15 5 2 4 29 10 22 1 30 6 34 23 
35 9 3 7 11 15 5 2 4 29 10 22 1 30 6 34 23 
36 6 3 7 5 2 4 1 36 
37 6 37 3 7 5 2 4 1 36 
38 6 37 3 7 5 2 4 1 38 36 
39 6 37 3 7 39 5 2 4 1 38 36 
40 6 37 3 7 39 5 2 4 1 38 36 
41 6 37 3 7 39 5 2 4 41 1 38 36 
42 6 37 3 7 39 5 2 4 41 1 38 36 
43 6 37 3 7 39 5 2 4 41 1 38 36 
44 6 37 3 7 39 5 2 4 41 1 38 36 
45 6 37 3 7 39 5 2 4 41 1 38 36 
46 6 37 3 7 39 5 2 4 41 1 38 36 
47 3 7 39 47 5 2 4 41 1 6 37 38 36 
48 3 7 39 47 5 2 4 41 1 6 37 38 36 
49 3 7 39 47 5 2 4 41 1 6 37 38 36 
50 6 37 3 7 39 5 2 4 1 38 36 50 
51 6 37 3 7 39 5 2 4 1 38 36 50 
52 3 7 39 5 2 4 1 50 6 37 52 38 36 
53 3 7 39 5 2 4 1 50 6 37 52 38 36 
54 3 7 39 5 2 4 1 50 6 37 54 38 36 
55 3 7 39 5 2 4 1 55 50 6 37 54 38 36 
56 3 7 39 5 2 4 1 55 50 6 37 54 38 36 
57 3 7 39 5 2 4 1 55 50 6 37 54 38 36 
58 3 7 39 5 2 4 1 55 50 6 37 54 38 36 
59 3 7 39 5 2 4 1 55 50 6 37 54 59 38 36 
60 3 7 39 5 2 4 1 55 50 6 37 54 59 38 36 
61 6 3 7 5 61 2 4 1 
62 6 3 7 5 61 2 4 1 
63 9 3 7 11 15 39 47 5 2 4 41 10 1 6 37 19 38 36 
