1 1 
2 2 1 
3 2 1 
4 2 1 4 
5 5 2 1 4 
6 5 2 6 1 4 
7 5 2 6 7 1 4 
8 5 2 8 6 7 1 4 
9 10 5 2 8 6 7 1 4 18 12 13 16 
10 10 5 2 8 6 7 1 4 18 12 13 
11 10 5 2 8 6 7 1 4 18 12 13 16 
12 10 5 2 8 6 7 1 4 18 13 12 16 
13 10 5 2 8 6 7 1 4 18 12 13 16 
14 10 5 2 8 6 7 1 4 18 12 13 16 
15 10 5 2 8 6 7 1 4 18 12 13 16 
16 5 2 8 6 7 1 4 18 12 13 16 
17 5 2 8 6 7 1 4 18 12 13 16 
18 10 5 2 8 6 7 1 18 12 13 16 
19 10 5 2 8 6 7 1 18 12 13 16 
20 10 5 2 8 6 7 1 4 18 12 13 16 
21 10 5 2 8 6 7 1 4 18 12 13 16 
22 5 2 6 22 18 13 16 10 8 7 1 4 12 
23 5 2 6 22 18 13 16 10 23 8 7 1 4 12 
24 5 2 6 22 18 24 13 16 10 23 8 7 1 4 12 
25 5 2 6 22 18 24 13 16 10 23 8 7 1 4 25 12 
26 5 2 6 22 18 24 13 16 10 23 8 7 1 4 25 12 
27 5 2 6 18 13 16 27 10 8 7 1 4 12 
28 5 2 6 22 18 24 13 27 16 10 23 8 7 1 4 25 12 
