1 1 
2 1 2 
3 3 1 2 
4 3 1 2 4 
5 3 1 2 5 4 
6 9 12 3 13 27 5 7 15 18 24 1 2 22 4 8 16 14 
7 9 12 3 13 27 5 7 15 18 24 1 2 22 4 8 16 14 
8 9 12 3 13 27 5 7 15 18 24 1 2 22 4 16 8 14 
9 9 12 3 13 27 5 7 15 18 24 1 2 22 4 8 16 14 
10 9 12 3 13 27 5 7 15 18 24 1 2 22 4 8 16 14 
11 9 12 3 13 27 5 7 15 18 24 1 2 22 4 8 16 14 
12 9 12 3 13 27 5 7 15 18 24 1 2 22 4 8 16 14 
13 9 12 3 13 27 5 7 15 18 24 1 2 22 4 8 16 14 
14 9 12 3 13 27 5 7 15 18 24 1 2 22 4 8 16 14 
15 9 12 3 13 27 5 7 18 15 24 1 2 22 4 8 16 14 
16 9 12 3 13 27 5 7 15 18 24 1 2 22 4 8 16 14 
17 9 12 3 13 27 5 7 15 18 24 1 2 22 4 8 16 14 
18 9 12 3 13 27 5 7 15 18 24 1 2 22 4 8 16 14 
19 9 12 3 13 27 5 7 15 18 24 1 2 22 4 8 16 14 
20 9 12 3 13 27 5 7 15 18 24 1 2 22 4 8 16 14 
21 9 12 3 13 27 5 7 15 18 24 1 2 22 4 8 16 14 
22 9 12 3 13 27 5 7 15 18 1 2 22 4 8 16 14 
23 9 12 3 13 27 5 7 15 18 1 2 22 4 8 16 14 
24 9 12 3 13 27 5 7 15 18 24 1 2 4 8 16 14 
25 9 12 3 13 27 5 7 15 18 24 1 2 22 4 8 16 14 
26 9 12 3 13 27 5 7 15 18 24 1 2 22 4 8 16 14 
27 9 12 3 13 27 7 15 18 24 1 2 22 4 8 16 14 
28 9 12 3 13 27 7 15 18 24 1 2 22 4 8 16 14 
29 9 12 3 13 27 5 7 15 18 24 1 2 22 4 8 16 14 
