1 1 
2 1 2 
3 1 2 
4 1 2 4 
5 1 2 5 4 
6 1 2 6 5 4 
7 1 7 2 6 5 4 
8 9 1 7 2 6 10 5 4 13 
9 9 1 7 2 6 10 5 4 13 
10 9 1 7 2 6 10 5 4 13 
11 9 1 7 2 6 10 5 4 13 
12 9 1 7 2 6 10 5 4 13 
13 9 1 7 2 6 10 5 13 
14 9 1 7 2 6 10 5 13 
15 9 1 7 2 6 10 5 4 13 
16 9 1 7 2 6 10 16 5 4 13 
17 9 1 7 2 6 10 16 5 4 13 
18 9 1 7 2 6 10 16 18 5 4 13 
19 9 1 7 2 6 19 10 16 18 5 4 13 
20 9 2 6 19 18 5 13 1 7 10 16 4 20 
21 9 2 6 19 18 5 13 1 7 10 21 16 4 20 
22 9 2 6 19 18 5 13 1 7 10 21 16 4 20 
23 9 1 7 2 6 10 23 16 5 4 13 
24 9 2 6 19 23 18 5 13 1 7 10 21 16 4 20 
