1 1 
2 2 1 
3 2 3 1 
4 2 3 1 
5 2 5 3 1 
6 2 5 3 6 1 
7 2 5 3 6 1 
8 8 2 5 3 6 1 
9 9 8 2 5 3 6 1 
10 9 8 2 10 5 3 6 1 
11 9 8 2 10 5 3 6 1 
12 9 8 2 10 5 3 6 1 
13 9 8 2 10 5 13 3 6 1 
14 9 8 2 10 5 13 3 6 1 
15 9 15 8 2 5 13 3 6 1 
16 9 15 8 2 5 13 3 6 16 1 
17 9 15 8 2 5 13 3 6 16 1 
18 9 15 18 8 2 5 13 3 6 16 1 
19 19 9 15 18 8 2 5 13 3 6 16 1 
20 19 9 15 18 8 2 5 13 3 6 16 1 
21 9 15 2 21 3 19 18 8 5 13 6 16 1 
22 9 15 2 21 3 19 18 8 5 13 22 6 16 1 
23 9 15 2 21 3 19 18 8 5 23 13 22 6 16 1 
24 9 15 2 21 3 24 19 18 8 5 23 13 22 6 16 1 
25 9 15 2 21 25 3 24 19 18 8 5 23 13 22 6 16 1 
26 9 15 2 21 25 3 24 19 18 8 5 23 13 22 6 16 1 
27 9 15 2 21 25 3 24 19 18 8 5 23 13 22 6 16 1 
28 9 28 8 2 10 5 13 3 6 1 
29 9 28 29 8 2 10 5 13 3 6 1 
30 30 9 28 29 8 2 10 5 13 3 6 1 
31 30 9 31 2 10 3 28 29 8 5 13 6 1 
32 30 9 31 2 10 3 28 29 32 8 5 13 6 1 
33 30 9 31 2 10 3 33 28 29 32 8 5 13 6 1 
34 30 9 31 34 2 10 3 33 28 29 32 8 5 13 6 1 
35 30 9 31 34 2 10 3 33 28 29 32 8 5 13 6 1 
36 30 9 31 34 2 10 3 33 28 29 32 8 5 13 6 1 
37 30 9 31 34 2 10 3 33 28 29 32 8 5 13 6 1 
