1 1 
257 96 
259 97 
4 2 
261 98 
7 3 
263 99 
265 100 
10 4 
267 101 
13 5 
269 102 
271 103 
16 6 
273 104 
19 7 
275 105 
277 106 
22 8 
279 107 
25 9 
281 108 
283 109 
28 10 
285 110 
31 11 
287 111 
289 112 
34 12 
291 113 
37 13 
293 114 
295 115 
40 14 
297 116 
43 15 
299 117 
301 118 
46 16 
303 119 
49 17 
305 120 
307 121 
52 18 
309 122 
55 19 
311 123 
313 124 
58 20 
315 125 
61 21 
317 126 
319 127 
64 22 
321 128 
67 23 
323 129 
325 130 
70 24 
327 131 
73 25 
329 132 
331 133 
76 26 
333 134 
79 27 
335 135 
82 28 
338 136 
85 29 
88 30 
91 31 
94 32 
352 137 
97 33 
100 34 
103 35 
106 36 
109 37 
367 138 
112 38 
115 39 
118 40 
121 41 
124 42 
127 43 
130 44 
133 45 
136 46 
139 47 
142 48 
145 49 
148 50 
151 51 
154 52 
157 53 
160 54 
163 55 
166 56 
169 57 
172 58 
175 59 
178 60 
181 61 
184 62 
187 63 
190 64 
193 65 
196 66 
199 67 
202 68 
203 69 
205 70 
207 71 
209 72 
211 73 
213 74 
215 75 
217 76 
219 77 
221 78 
223 79 
225 80 
227 81 
229 82 
231 83 
233 84 
235 85 
237 86 
239 87 
241 88 
243 89 
245 90 
247 91 
249 92 
251 93 
253 94 
255 95 
