1 1 
2 2 1 
3 3 2 1 
4 3 2 1 4 
5 3 2 1 5 4 
6 3 2 1 6 5 4 
7 3 2 1 6 5 4 
8 3 8 2 1 6 5 4 
9 3 8 2 1 6 5 4 
10 10 3 2 1 6 5 4 
11 10 3 8 2 1 6 5 11 4 
12 10 3 8 2 12 1 6 5 11 4 
13 10 3 8 2 12 1 6 5 11 4 
14 10 3 8 2 12 1 6 5 11 4 
15 15 10 3 8 2 12 1 6 5 11 4 
16 15 10 3 8 2 12 1 6 5 11 4 
17 15 10 3 8 2 12 1 6 5 11 17 4 
18 15 10 3 8 2 12 1 6 5 11 17 4 
19 15 19 10 3 8 2 12 1 6 5 11 4 
20 15 19 2 12 6 17 10 3 8 1 5 11 20 4 
21 15 19 2 12 6 17 10 3 8 1 5 11 20 4 
22 15 19 2 12 6 17 10 3 8 1 5 11 20 4 
