1 1 
2 2 1 
3 2 1 3 
4 2 1 3 4 
5 2 1 3 4 
6 2 1 3 4 
7 2 1 3 4 
8 2 1 3 8 4 
9 2 1 3 9 8 4 
10 2 10 1 3 9 8 4 
11 2 10 11 1 3 9 8 4 
12 2 10 11 1 3 9 8 4 
13 2 10 11 1 3 9 13 8 4 
14 2 10 11 14 1 3 9 13 8 4 
15 2 10 11 14 1 3 9 13 8 15 4 
16 2 10 11 14 1 3 9 13 8 15 16 4 
17 2 10 11 14 1 3 9 13 8 15 16 4 
18 2 10 8 18 16 4 11 14 1 3 9 13 15 
19 2 10 8 18 16 19 4 11 14 1 3 9 13 15 
20 2 10 8 18 16 19 4 11 14 1 3 9 20 13 15 
21 2 10 21 8 18 16 19 4 11 14 1 3 9 20 13 15 
22 2 10 25 21 27 8 18 23 16 19 4 11 14 1 3 9 20 13 15 
23 2 10 25 21 27 8 18 23 16 19 4 11 14 1 3 9 20 13 15 
24 2 10 25 21 27 8 18 23 16 19 4 11 14 1 3 9 20 13 15 
25 2 10 25 21 27 8 18 23 16 19 4 11 14 1 3 9 20 13 15 
26 2 10 25 21 27 8 18 23 16 19 4 11 14 1 3 9 20 13 15 
27 2 10 25 27 8 18 23 16 19 4 11 14 1 3 9 20 13 15 
28 2 10 25 27 8 18 23 16 19 4 11 14 1 3 9 20 13 15 
29 2 10 25 21 27 8 18 23 16 19 4 11 14 1 3 9 20 13 15 29 
30 2 10 25 21 27 8 18 23 16 19 4 11 14 1 3 9 20 13 15 29 
31 2 10 25 21 27 8 18 23 16 19 4 11 14 1 3 9 20 13 15 29 
32 2 10 25 21 27 8 18 23 32 16 19 4 11 14 1 3 9 20 13 15 29 
33 2 10 25 21 27 8 18 32 23 16 19 4 11 14 1 3 9 20 13 15 29 
34 2 10 25 21 27 8 18 34 32 23 16 19 4 11 14 1 3 9 20 13 15 29 
35 2 10 25 21 27 8 18 34 32 23 16 19 4 11 14 1 3 9 20 13 15 29 
36 2 10 25 21 27 8 18 34 32 23 16 19 4 11 14 1 3 9 20 13 15 29 
