1 1 
2 1 2 
3 1 3 2 
4 1 3 2 
5 1 3 5 2 
6 6 1 3 5 2 
7 11 6 13 7 14 1 10 3 9 5 2 
8 11 6 7 13 14 1 10 3 9 5 2 
9 11 6 7 13 14 1 10 3 9 5 2 
10 11 6 7 13 14 1 10 3 9 5 2 
11 11 6 7 13 14 1 10 3 9 5 2 
12 11 6 7 13 14 1 10 3 9 5 2 
13 11 6 7 13 14 1 10 3 9 5 2 
14 11 6 7 13 14 1 10 3 9 5 2 
15 11 6 7 13 14 1 10 3 9 5 2 
16 11 6 7 13 14 1 10 3 9 5 2 
17 11 6 7 13 14 1 10 3 9 5 2 
18 18 11 6 7 13 14 1 10 3 9 5 2 
19 18 11 19 7 13 14 1 10 3 9 5 2 
20 19 7 14 1 3 28 9 25 30 2 24 18 22 11 21 13 10 5 
21 19 7 14 1 3 28 9 25 30 2 24 18 22 11 21 13 10 5 
22 19 7 14 1 3 28 9 25 30 2 24 18 11 22 21 13 5 
23 19 7 14 1 3 28 9 25 30 2 24 18 22 11 21 13 5 
24 19 7 14 1 3 28 9 25 30 2 24 18 22 11 21 13 5 
25 19 7 14 1 3 28 9 30 25 2 24 18 22 11 21 13 5 
26 19 7 14 1 3 28 9 25 30 2 24 18 22 11 21 13 5 
27 19 7 14 1 3 28 9 25 30 2 24 18 22 11 21 13 5 
28 19 7 14 1 3 28 9 25 30 2 24 18 22 11 21 13 5 
29 19 7 14 1 3 28 9 25 30 2 24 18 22 11 21 13 5 
30 7 14 1 3 28 9 25 30 2 24 18 22 11 21 13 5 
31 7 14 1 3 28 9 25 30 2 24 18 22 11 21 13 5 
32 19 7 14 1 3 28 9 25 30 2 24 18 22 11 21 13 10 5 
