1 1 
2 2 1 
3 2 1 3 
4 2 1 4 3 
5 5 2 1 4 3 
6 5 6 2 1 4 3 
7 5 6 2 7 1 4 3 
8 5 6 2 7 1 4 3 
9 5 6 9 2 7 1 4 3 
10 5 6 9 2 7 1 4 3 10 
11 5 6 9 2 7 1 4 3 11 10 
12 5 6 9 2 7 12 1 4 3 11 10 
13 5 6 9 2 7 12 1 4 3 11 10 
14 5 6 9 2 7 12 1 4 3 11 10 
15 5 6 9 2 7 12 1 4 3 11 10 
16 5 6 9 2 7 12 1 4 3 11 10 
17 5 6 9 2 7 12 1 4 3 11 10 
18 5 6 2 7 1 4 3 18 
19 5 6 2 7 1 4 3 18 
20 5 6 2 7 1 4 3 18 
21 5 6 2 7 1 4 3 
22 5 6 2 7 1 4 3 
23 5 23 6 2 7 1 4 3 
24 5 23 6 2 7 24 1 4 3 
25 5 23 6 2 7 24 1 4 3 25 
26 5 23 6 2 7 24 1 4 3 25 
27 5 23 6 2 7 24 1 4 27 3 25 
28 5 28 23 6 2 7 24 1 4 27 3 25 
29 5 28 23 6 2 7 24 1 4 27 3 25 
30 5 23 30 6 2 7 24 1 4 3 25 
31 5 23 30 6 2 7 24 1 4 3 25 
32 5 23 30 6 2 7 24 1 4 3 32 25 
33 2 24 4 3 25 5 23 30 6 7 1 32 33 
34 2 24 4 3 25 34 5 23 30 6 7 1 32 33 
35 2 24 4 3 25 34 5 23 30 6 7 1 32 33 
36 2 24 4 3 25 34 5 23 30 6 7 1 32 33 
37 2 24 4 3 25 34 5 23 30 6 7 1 32 33 
38 2 24 4 3 25 34 5 23 30 6 7 1 32 33 
39 5 23 30 6 2 7 24 1 4 39 3 25 
40 5 23 30 6 2 7 24 1 4 39 3 25 
41 2 24 4 39 3 25 5 23 30 6 7 1 41 
42 2 24 4 39 42 3 25 5 23 30 6 7 1 41 
43 2 24 4 39 42 3 25 5 23 30 6 7 1 43 41 
44 2 24 4 39 42 3 25 5 23 30 6 7 1 43 41 
45 2 24 4 39 42 3 25 5 23 30 6 7 1 43 41 
46 2 24 4 39 42 3 25 5 23 30 6 46 7 1 43 41 
47 2 24 4 39 42 3 25 5 23 30 6 46 7 1 43 41 47 
48 2 24 4 39 42 3 48 25 5 23 30 6 46 7 1 43 41 47 
49 2 24 4 39 42 3 48 25 5 23 30 6 46 7 1 43 41 47 
50 2 24 4 39 42 3 48 25 5 23 30 6 46 7 1 43 41 47 
51 2 24 4 39 42 3 48 25 5 23 30 6 46 7 1 43 41 47 
52 2 24 4 39 42 3 48 25 5 23 30 6 46 7 1 43 41 47 
53 2 53 24 4 39 3 25 5 23 30 6 7 1 
54 2 53 24 4 39 3 25 5 23 30 6 7 1 
55 2 53 24 4 39 3 25 5 23 30 6 7 1 
56 2 53 24 4 39 3 25 5 23 30 6 7 56 1 
57 2 53 24 4 39 3 25 5 23 30 6 7 56 1 
58 2 53 24 4 39 3 25 5 23 30 6 7 1 58 
59 2 53 24 4 39 3 25 59 5 23 30 6 7 1 58 
60 2 53 24 4 39 3 25 59 5 23 30 6 7 1 58 
61 2 53 24 4 39 3 25 59 5 23 30 6 7 1 58 
62 2 53 24 4 39 3 25 59 5 23 30 6 7 62 1 58 
63 2 53 24 4 39 3 25 59 5 23 30 6 7 62 1 58 
64 2 53 24 4 39 3 25 59 5 23 30 6 7 62 1 58 
65 2 53 24 4 39 3 25 59 5 23 30 6 7 62 1 58 
66 2 53 24 4 39 3 25 59 66 5 23 30 6 7 62 1 58 
67 2 53 24 4 39 3 25 59 66 5 23 30 6 7 62 1 58 
68 2 53 24 4 39 3 25 59 5 23 30 6 7 1 58 68 
69 2 53 24 4 39 3 25 59 5 23 30 6 7 1 58 68 
70 2 53 24 4 39 3 25 59 5 23 30 6 7 1 58 68 70 
71 71 2 53 24 4 39 3 25 59 5 23 30 6 7 1 58 68 70 
72 71 2 53 24 4 39 3 25 59 5 23 30 6 7 1 58 68 70 
73 2 53 24 4 39 3 25 59 5 23 30 6 7 1 58 68 73 
74 2 53 24 4 39 3 25 59 5 23 30 6 7 1 58 68 73 
75 5 6 75 2 7 1 4 3 
76 5 6 75 2 7 76 1 4 3 
77 5 6 75 2 7 76 1 4 3 77 
78 5 6 75 2 7 76 1 4 3 77 78 
79 5 6 75 2 7 76 1 4 3 77 78 
80 5 6 75 2 7 76 1 4 3 80 77 78 
81 5 6 75 2 7 76 1 4 3 80 77 78 
82 5 6 75 2 7 76 1 4 3 80 78 82 
83 5 6 75 2 7 76 1 4 3 80 78 82 
84 5 6 75 2 7 76 1 4 3 77 78 84 
85 5 6 75 2 7 76 1 4 3 77 78 84 
86 5 6 75 2 7 76 1 4 3 78 84 86 
87 5 6 75 2 7 76 1 4 3 78 84 86 
88 5 88 6 75 2 7 76 1 4 3 77 78 
89 5 88 6 75 2 7 76 1 4 3 77 78 
90 5 88 6 75 2 7 76 1 4 3 78 90 
91 88 75 2 76 4 3 77 78 90 84 86 5 6 7 1 80 82 
92 88 75 2 92 76 4 3 77 78 90 84 86 5 6 7 1 80 82 
93 88 75 2 92 76 4 3 77 78 90 93 84 86 5 6 7 1 80 82 
94 88 94 75 2 92 76 4 3 77 78 90 93 84 86 5 6 7 1 80 82 
95 88 94 75 2 92 76 4 3 77 78 90 93 84 86 5 6 7 1 80 82 
96 88 94 75 2 92 76 4 3 77 96 78 90 93 84 86 5 6 7 1 80 82 
97 88 94 75 2 92 76 4 3 77 96 78 90 93 84 86 5 97 6 7 1 80 82 
98 88 94 75 2 92 76 4 3 77 96 78 90 93 84 86 5 97 6 7 1 80 82 
99 88 94 75 2 92 76 4 3 77 96 78 90 93 84 86 5 97 6 7 1 99 80 82 
100 88 94 75 100 2 92 76 4 3 77 96 78 90 93 84 86 5 97 6 7 1 99 80 82 
101 94 2 92 4 96 78 90 93 84 5 1 82 101 88 75 100 76 3 77 86 97 6 7 99 80 
102 94 2 92 4 96 78 90 93 84 102 5 1 82 101 88 75 100 76 3 77 86 97 6 7 99 80 
103 94 2 92 4 96 78 90 93 84 102 5 1 82 101 88 75 100 76 3 77 86 97 6 7 99 80 
104 94 2 92 4 96 78 90 93 84 102 5 1 82 101 88 75 100 76 3 77 86 97 6 7 99 80 
105 94 2 92 105 4 96 78 90 93 84 102 5 1 82 101 88 75 100 76 3 77 86 97 6 7 99 80 
106 94 2 92 105 4 96 78 90 93 84 102 106 5 1 82 101 88 75 100 76 3 77 86 97 6 7 99 80 
107 94 2 92 105 4 107 96 78 90 93 84 102 106 5 1 82 101 88 75 100 76 3 77 86 97 6 7 99 80 
108 94 2 92 105 4 107 96 78 90 93 84 102 106 5 1 82 101 88 75 100 76 3 77 86 97 6 7 99 80 
109 94 2 92 105 4 107 96 78 90 93 84 102 106 5 1 82 101 88 75 100 76 3 77 86 97 6 7 99 80 
110 94 2 92 105 4 107 96 78 90 93 84 102 106 5 1 82 101 88 75 100 76 3 77 86 97 6 7 99 80 
111 94 2 92 105 4 107 96 78 90 93 84 102 106 5 1 82 101 88 75 100 76 3 77 86 97 6 7 99 80 
112 94 2 92 105 4 107 96 78 90 93 84 102 106 5 1 82 101 88 75 100 76 3 77 86 97 6 7 99 80 
113 113 88 75 2 76 4 3 77 78 90 84 86 5 6 7 1 80 82 
114 113 88 75 2 76 4 3 77 78 90 84 86 5 114 6 7 1 80 82 
115 113 88 75 2 76 4 3 77 78 90 84 86 5 114 6 115 7 1 80 82 
116 113 88 75 2 76 4 3 77 78 90 84 86 5 114 6 115 7 1 80 82 
117 113 88 75 2 76 4 3 77 78 90 84 86 5 114 6 115 7 1 80 82 
118 113 88 75 2 76 4 3 77 78 90 84 86 5 114 6 115 7 1 80 82 
119 113 88 75 2 76 4 3 77 78 90 84 86 5 114 6 115 7 1 80 82 
120 113 88 75 2 76 4 3 77 78 90 84 86 5 114 6 115 7 1 80 82 
121 88 75 2 76 4 3 77 78 90 84 86 5 6 7 121 1 80 82 
122 88 75 2 76 4 3 77 78 90 84 86 5 6 7 121 1 80 82 
123 88 75 2 76 4 3 77 78 90 84 86 5 6 7 121 1 80 82 
124 88 75 2 76 4 3 77 78 90 84 86 5 6 7 121 1 80 82 
125 88 75 2 76 4 3 77 78 90 84 86 5 6 7 121 1 80 82 
126 88 75 2 76 4 3 77 78 90 84 86 5 6 7 121 1 80 82 
127 88 75 2 76 4 3 77 78 90 84 86 5 6 7 121 1 80 82 
128 88 75 2 76 4 3 77 78 90 84 86 5 6 7 1 128 80 82 
129 88 75 2 76 4 3 77 78 90 84 86 5 6 7 1 128 80 82 
130 94 2 92 105 4 107 96 78 90 93 84 102 106 5 121 1 82 101 113 88 75 100 76 3 77 86 97 114 6 115 7 99 80 
131 5 6 2 7 131 1 4 3 
132 5 6 2 7 131 1 4 3 132 
133 5 133 6 2 7 131 1 4 3 132 
134 5 133 6 2 7 131 1 4 3 132 
135 5 133 6 2 7 131 1 4 3 132 
136 5 133 6 2 7 131 1 4 3 132 
137 5 6 2 7 1 4 3 137 
138 5 6 2 7 1 4 3 137 
139 94 133 24 39 42 11 107 48 25 90 93 34 5 23 30 131 121 82 113 75 76 3 18 132 77 97 114 6 9 46 7 33 2 92 105 4 96 78 84 102 106 1 101 88 100 10 86 115 12 43 32 41 99 80 47 
