1 1 
2 1 2 
3 1 2 3 
4 1 2 3 4 
5 1 2 3 4 
6 1 6 2 3 4 
7 1 6 2 3 4 7 
8 1 6 2 3 4 7 
9 1 6 2 3 9 4 7 
10 1 6 2 3 9 4 7 
11 1 6 2 3 9 4 7 
12 1 2 3 12 4 
13 1 2 3 12 4 13 
14 1 2 3 12 4 13 
15 1 2 15 3 12 4 13 
16 1 2 15 3 12 4 13 
17 1 2 15 3 17 12 4 13 
18 1 2 15 3 17 12 4 13 
19 1 19 2 15 3 17 12 4 13 
20 1 19 2 15 3 17 12 4 13 
21 1 19 2 15 3 17 12 4 13 
22 1 2 15 3 17 12 22 4 13 
23 1 2 15 3 17 12 22 4 13 
24 1 2 15 3 17 12 22 4 13 
25 1 2 15 3 17 12 4 13 
26 1 26 2 15 3 17 12 4 13 
27 1 26 2 15 3 17 12 4 13 
28 1 26 2 15 3 17 12 4 13 
29 1 2 15 29 3 17 12 4 13 
30 1 2 15 29 3 17 12 4 13 
31 1 2 15 29 3 31 17 4 13 
32 1 2 15 3 17 22 13 26 19 29 31 12 4 
33 1 2 15 3 33 4 13 
34 1 2 15 3 17 33 22 13 26 19 29 31 12 4 
35 1 2 15 3 17 33 22 13 26 19 29 31 12 4 
36 1 2 15 3 17 33 36 22 13 26 19 29 31 12 4 
37 1 2 15 3 17 33 36 22 13 26 19 29 31 12 4 
38 1 2 15 3 17 33 36 22 13 26 19 29 31 12 4 
39 1 2 15 3 17 33 36 22 13 26 19 29 31 12 4 
