1 1 
2 1 2 
3 3 1 2 
4 3 1 2 
5 3 1 2 5 
6 3 1 6 2 5 
7 3 1 6 2 5 7 
8 3 1 6 2 5 7 
9 3 1 6 2 5 7 
10 10 
11 3 1 6 11 2 5 7 10 
12 3 1 6 11 2 5 12 7 10 
13 13 3 1 6 11 2 5 12 7 10 
14 13 3 1 6 11 2 5 12 7 10 
15 13 3 1 6 11 2 5 12 7 10 
16 16 
17 13 3 1 17 6 11 2 5 12 7 10 16 
18 13 3 1 17 11 2 5 18 10 6 12 7 16 
19 13 3 1 17 11 2 5 18 10 6 12 7 19 16 
20 13 3 1 17 11 2 5 18 10 6 12 7 19 16 
21 13 3 1 17 11 2 5 18 10 6 12 7 19 16 
22 22 
23 22 13 3 1 17 11 2 5 18 10 6 23 12 7 19 16 
24 22 13 3 1 17 11 2 5 18 10 24 6 23 12 7 19 16 
25 22 13 3 1 17 11 2 5 25 18 10 24 6 23 12 7 19 16 
26 22 13 3 1 17 11 2 5 25 18 10 24 6 23 12 7 19 16 
27 22 13 3 1 17 11 2 5 25 18 10 24 6 23 12 7 19 16 
28 28 
29 22 13 3 1 17 11 29 2 5 25 18 10 24 28 6 23 12 7 19 16 
30 22 13 3 1 17 11 29 2 5 25 18 10 24 28 6 23 30 12 7 19 16 
31 22 13 3 1 17 11 29 2 31 5 25 18 10 24 28 6 23 30 12 7 19 16 
32 22 13 3 1 17 11 29 2 31 5 25 18 10 24 28 6 23 30 12 7 19 16 
33 22 13 3 1 17 11 29 2 31 5 25 18 10 24 28 6 23 30 12 7 19 16 
34 34 
35 22 13 3 1 17 11 29 2 31 5 25 35 18 10 24 28 6 23 34 30 12 7 19 16 
36 22 3 31 10 24 34 7 19 13 1 17 11 29 2 5 25 35 18 28 6 23 36 30 12 16 
37 22 3 31 10 24 34 7 37 19 13 1 17 11 29 2 5 25 35 18 28 6 23 36 30 12 16 
38 22 3 31 10 24 34 7 37 19 13 1 17 11 29 2 5 25 35 18 28 6 23 36 30 12 16 
39 22 3 31 10 24 34 7 37 19 13 1 17 11 29 2 5 25 35 18 28 6 23 36 30 12 16 
40 40 
41 22 3 31 10 24 34 7 37 19 13 40 1 17 11 29 2 5 25 35 18 28 6 23 36 30 12 16 
