1 1 
2 2 1 
3 3 2 1 
4 21 10 7 23 25 11 13 15 17 3 4 2 8 5 1 
5 21 10 7 23 25 11 13 15 17 3 4 2 8 5 1 
6 21 10 7 23 25 11 13 15 17 3 4 2 8 5 1 
7 21 10 7 23 25 11 13 15 17 3 4 2 8 5 1 
8 21 10 7 23 25 11 13 15 17 3 4 2 8 5 1 
9 21 10 7 23 25 11 13 15 17 3 4 2 8 5 1 
10 21 10 7 23 25 11 13 15 17 3 4 2 8 5 1 
11 21 10 7 23 25 13 11 15 17 3 4 2 8 5 1 
12 21 10 7 23 25 11 13 15 17 3 4 2 8 5 1 
13 21 10 7 23 25 11 13 15 17 3 4 2 8 5 1 
14 21 10 7 23 25 11 13 15 17 3 4 2 8 5 1 
15 21 10 7 23 25 11 13 17 15 3 4 2 8 5 1 
16 21 10 7 23 25 11 13 15 17 3 4 2 8 5 1 
17 21 10 7 23 25 11 13 15 17 3 4 2 8 5 1 
18 21 10 7 23 25 11 13 15 17 3 4 2 8 5 1 
19 21 10 7 23 25 11 13 15 17 3 4 2 8 5 1 
20 21 10 7 23 25 11 13 15 17 3 4 2 8 5 1 
21 21 10 7 23 25 11 13 15 17 3 4 2 8 5 1 
22 21 10 7 23 25 11 13 15 17 3 4 2 8 5 1 
23 21 10 7 25 23 11 13 15 17 3 4 2 8 5 1 
24 21 10 7 23 25 11 13 15 17 3 4 2 8 5 1 
25 21 10 7 23 25 11 13 15 17 3 4 2 8 5 1 
26 21 10 7 23 25 11 13 15 17 3 4 2 8 5 1 
27 21 10 7 23 25 11 13 15 17 3 4 2 8 5 1 
28 21 10 28 7 23 25 11 13 15 17 3 4 2 8 5 1 
29 21 28 10 7 23 25 11 13 15 17 3 4 2 8 5 1 
