1 1 
2 1 2 
3 1 3 2 
4 1 3 2 4 
5 1 3 2 4 
6 1 6 3 2 4 
7 1 6 3 7 2 4 
8 1 6 3 7 2 4 8 
9 1 6 3 7 2 4 8 
10 1 6 10 3 7 2 4 8 
11 1 6 10 3 7 2 4 11 8 
12 1 6 10 3 7 2 4 12 11 8 
13 6 10 3 18 22 12 11 16 17 1 7 2 4 13 15 8 
14 6 10 3 18 22 12 11 16 17 1 7 2 4 13 15 8 
15 6 10 3 18 22 12 11 16 17 1 7 2 4 13 15 8 
16 6 10 3 18 22 12 11 17 16 1 7 2 4 13 15 8 
17 6 10 3 18 22 12 11 16 17 1 7 2 4 13 15 8 
18 6 10 3 18 22 12 11 16 17 1 7 2 4 13 15 8 
19 6 10 3 18 22 12 11 16 17 1 7 2 4 13 15 8 
20 6 10 3 18 22 12 11 16 17 1 7 2 4 13 15 8 
21 6 10 3 18 22 12 11 16 17 1 7 2 4 13 15 8 
22 6 3 18 22 12 11 16 17 1 7 2 4 13 15 8 
23 6 10 3 18 22 12 11 16 17 1 7 2 4 13 15 8 
24 6 10 3 18 22 12 11 16 17 1 24 7 2 4 13 15 8 
25 6 10 3 18 22 11 16 17 25 1 24 7 2 4 13 15 8 
26 6 10 3 18 22 11 16 17 25 1 24 7 2 4 13 15 8 
27 27 6 10 3 18 22 11 16 17 25 1 24 7 2 4 13 15 8 
28 27 6 10 3 18 22 11 16 17 25 1 24 7 2 4 13 15 8 
29 27 6 10 3 18 22 11 16 17 25 1 24 7 2 4 13 15 8 
