1 1 
2 1 2 
3 1 3 2 
4 1 3 2 4 
5 1 3 2 4 5 
6 1 3 2 4 6 5 
7 1 7 3 2 4 6 5 
8 1 7 3 8 2 4 6 5 
9 1 3 27 2 11 12 5 13 10 7 8 23 4 6 
10 1 3 27 2 11 12 5 13 10 7 8 23 4 6 
11 1 3 27 2 11 12 5 13 10 7 8 23 4 6 
12 1 3 27 2 11 12 5 13 10 7 8 23 4 6 
13 1 3 27 2 11 12 5 13 10 7 8 23 4 6 
14 1 3 27 2 11 12 5 13 10 7 8 23 4 6 
15 1 3 27 2 11 12 5 13 10 7 8 23 4 6 
16 1 3 27 2 11 16 12 5 13 10 7 8 23 4 6 
17 1 3 27 2 11 16 12 5 13 10 7 17 8 23 4 6 
18 1 3 27 2 11 16 12 5 18 13 10 7 17 8 23 4 6 
19 1 3 27 2 11 16 12 5 18 13 10 7 17 8 23 4 6 
20 1 3 27 2 11 16 12 5 18 13 10 7 17 8 23 4 6 
21 1 3 27 2 11 16 12 5 18 13 10 7 17 8 23 4 6 
22 1 3 27 2 11 16 12 5 18 13 10 7 17 8 23 4 6 
23 1 3 27 2 11 12 5 13 10 7 8 23 4 6 
24 1 3 27 2 11 12 5 13 10 7 8 23 4 6 
25 1 3 27 2 11 12 5 13 10 7 8 23 4 6 
26 1 3 27 2 11 12 5 13 10 7 8 23 4 6 
27 1 3 27 2 11 12 5 13 10 7 23 4 6 
28 1 3 27 2 11 12 5 13 10 7 23 4 6 
29 1 3 27 2 11 16 12 5 18 13 10 7 17 8 23 4 6 
