1 1 
2 1 2 
3 1 2 3 
4 1 2 3 
5 5 1 2 
6 5 1 2 6 3 
7 5 1 2 7 6 3 
8 5 1 2 8 7 6 3 
9 5 1 2 8 7 6 3 
10 5 1 2 8 7 6 10 3 
11 5 1 2 8 7 6 10 3 
12 5 1 2 12 8 7 6 10 3 
13 5 1 2 12 8 7 6 10 3 
14 5 1 2 8 7 6 3 14 
15 5 1 2 8 7 6 3 14 
16 5 16 1 2 8 7 6 3 14 
17 5 16 1 2 8 7 6 3 14 
18 5 16 1 2 18 8 7 6 3 14 
19 5 16 1 2 18 8 7 6 3 14 
20 5 16 1 2 18 8 20 7 6 3 14 
21 5 16 1 2 18 8 20 7 6 3 14 
22 5 16 1 2 8 22 7 6 3 14 
23 5 16 1 2 8 22 7 6 3 14 
24 5 16 1 2 8 22 7 6 3 14 24 
25 5 16 2 18 8 20 22 7 6 10 14 1 12 3 24 
26 5 16 2 18 8 20 22 7 6 10 14 1 12 3 24 
