1 1 
2 1 2 
3 1 3 2 
4 1 3 2 
5 1 3 5 2 
6 1 3 5 2 
7 1 3 5 2 
8 1 3 5 2 
9 1 3 5 9 2 
10 1 3 5 9 2 
11 1 3 5 9 2 
12 1 3 5 12 9 2 
13 1 3 5 12 9 2 
14 1 3 5 12 9 2 
15 1 3 5 12 9 2 15 
16 1 3 5 12 9 2 15 
17 1 3 5 12 9 2 15 
18 1 3 5 12 18 9 2 15 
19 1 3 5 12 18 9 2 15 
20 1 3 5 12 18 9 2 15 
21 1 3 5 12 18 21 9 2 15 
22 1 3 5 12 18 21 9 2 15 
23 1 3 5 12 18 21 9 2 15 
24 1 3 5 12 18 21 24 9 2 15 
25 1 3 5 12 18 21 24 9 2 15 
26 1 3 5 12 18 21 24 9 2 15 
27 1 3 5 27 12 18 21 24 9 2 15 
28 1 3 5 27 12 18 21 24 9 2 15 
29 1 3 5 27 12 18 21 24 9 2 15 
30 1 3 5 27 12 18 21 30 24 9 2 15 
31 1 3 5 27 12 18 21 30 24 9 2 15 
32 1 5 12 21 30 9 2 3 27 18 24 15 32 
33 1 5 12 21 30 9 2 3 27 18 24 15 32 
34 1 5 12 21 30 9 2 3 27 18 24 15 32 
35 1 5 12 21 30 9 2 3 27 18 24 15 32 
36 1 5 12 21 30 9 2 3 27 18 24 15 32 
