1 1 
2 2 1 
3 2 1 3 
4 2 1 3 4 
5 2 1 3 4 
6 2 1 3 6 4 
7 2 1 3 6 4 
8 2 1 3 6 4 
9 2 1 3 9 4 
10 2 1 3 9 4 
11 2 1 3 9 11 4 
12 2 1 3 9 11 4 
13 2 1 3 9 11 4 
14 2 14 1 3 9 4 
15 2 14 1 3 9 4 
16 2 14 1 3 9 4 
17 2 14 1 3 9 4 
18 2 14 18 1 3 9 4 
19 2 14 18 1 3 9 4 
20 20 2 14 18 1 3 9 4 
21 20 2 14 18 21 1 3 9 4 
22 20 2 14 18 21 1 3 9 22 4 
23 20 2 14 18 21 1 3 9 22 4 
24 20 2 14 18 21 1 3 9 22 4 24 
25 20 2 14 18 21 25 1 3 9 22 4 24 
26 20 2 14 18 21 25 1 3 9 22 4 24 
27 20 2 14 18 21 1 27 3 9 22 4 
28 20 2 14 18 21 1 27 3 9 22 4 
29 20 2 14 18 21 1 29 27 3 9 22 4 
30 2 14 18 29 22 4 20 21 1 27 3 9 30 
31 31 2 14 18 29 22 4 20 21 1 27 3 9 30 
32 31 2 14 18 29 22 4 20 21 1 27 3 9 30 
33 31 2 14 18 29 22 4 20 21 1 27 3 9 30 33 
34 31 2 14 18 29 22 4 20 21 1 27 3 9 30 33 
35 31 2 14 18 29 22 4 20 21 1 27 3 9 30 33 
36 31 2 14 18 29 36 22 4 20 21 1 27 3 9 30 
37 31 2 14 18 29 36 22 4 20 21 1 27 3 9 30 
38 31 2 14 18 29 38 36 22 4 20 21 1 27 3 9 30 
39 31 39 2 14 18 29 38 36 22 4 20 21 1 27 3 9 30 
40 31 39 2 14 18 29 38 36 22 40 4 20 21 1 27 3 9 30 
41 31 39 2 14 18 29 38 36 22 40 4 20 21 1 27 3 9 30 
42 31 39 2 14 18 29 38 36 22 40 4 42 20 21 1 27 3 9 30 
43 31 39 2 14 18 43 29 38 36 22 40 4 42 20 21 1 27 3 9 30 
44 31 39 2 14 18 43 29 38 36 22 40 4 42 20 21 1 27 3 9 30 
45 31 39 2 14 18 29 38 36 22 40 4 20 21 1 27 3 9 45 30 
46 31 39 2 14 18 29 38 36 22 40 4 20 21 1 27 3 9 45 30 
47 31 39 2 14 18 29 38 36 22 40 4 20 21 1 27 3 9 45 30 
48 31 39 2 14 18 29 38 36 22 40 4 20 21 1 27 3 9 45 30 
49 31 39 2 14 18 29 38 36 22 40 4 20 21 1 27 3 9 45 30 
50 31 39 2 14 18 29 38 36 22 40 4 20 21 1 27 3 9 45 6 11 30 33 
