1 1 
2 2 1 
3 2 3 1 
4 2 3 4 1 
5 2 3 4 5 1 
6 2 3 4 6 5 1 
7 2 3 4 6 5 1 7 
8 8 2 3 4 6 5 1 7 
9 8 9 2 3 4 6 5 1 7 
10 8 10 9 2 3 4 6 5 1 7 
11 8 10 9 2 3 4 6 5 1 7 
12 8 10 9 2 3 4 6 12 5 1 7 
13 8 10 9 2 3 4 6 12 5 1 7 
14 8 10 9 2 3 4 6 12 5 1 7 14 
15 8 10 9 2 3 4 6 12 5 1 7 14 
16 10 2 4 5 7 14 8 16 9 3 6 12 1 
17 10 2 4 5 7 14 8 16 9 3 6 12 1 
18 10 2 4 18 5 7 14 8 16 9 3 6 12 1 
19 10 2 4 18 5 7 14 8 16 9 3 6 12 1 
20 20 10 2 4 18 5 7 14 8 16 9 3 6 12 1 
21 20 10 2 4 18 5 7 14 8 16 9 3 6 12 1 
22 20 10 2 4 18 5 7 14 22 8 16 9 3 6 12 1 
23 20 10 2 4 18 5 7 14 22 8 16 9 3 6 12 1 
24 20 10 24 2 4 18 5 7 14 22 8 16 9 3 6 12 1 
25 20 10 24 2 4 18 5 7 14 22 8 16 9 3 6 12 1 
26 20 10 24 2 4 18 5 7 14 22 8 16 9 3 6 12 1 
