1 1 
2 1 
3 1 
4 1 
5 1 
6 1 
7 1 
8 1 8 
9 12 13 21 19 17 27 25 15 22 9 14 18 1 23 8 10 29 
10 12 13 21 19 17 27 25 15 22 9 14 18 1 23 8 10 29 
11 12 13 21 19 17 27 25 15 22 9 14 18 1 23 8 10 29 
12 13 12 21 19 17 25 15 22 9 14 18 1 23 8 10 29 
13 12 13 21 19 17 27 25 15 22 9 14 18 1 23 8 10 29 
14 12 13 21 19 17 27 25 15 22 9 18 14 1 23 8 10 29 
15 12 13 21 19 17 27 25 22 15 9 14 18 1 23 8 10 29 
16 12 13 21 19 17 27 25 15 22 9 14 18 1 23 8 10 29 
17 12 13 21 19 27 17 25 15 22 9 14 18 1 23 8 10 29 
18 12 13 21 19 17 27 25 15 22 9 14 18 1 23 8 10 29 
19 12 13 21 19 17 27 25 15 22 9 14 18 1 23 8 10 29 
20 12 13 21 19 17 27 25 15 22 9 14 18 1 23 8 10 29 
21 12 13 21 19 17 27 25 15 22 9 14 18 1 23 8 10 29 
22 12 13 21 19 17 27 25 15 22 9 14 18 1 23 8 10 29 
23 12 13 21 19 17 27 25 15 22 9 14 18 1 23 8 10 29 
24 12 13 21 19 17 27 25 15 22 9 14 18 1 23 8 10 29 
25 12 13 21 19 17 27 25 15 22 9 14 18 1 23 8 10 29 
26 12 13 21 19 17 27 25 15 22 9 14 18 1 23 8 10 29 
27 13 21 19 17 27 25 15 22 9 14 18 1 23 8 10 29 
28 13 21 19 17 27 25 15 22 9 14 18 1 23 8 10 29 
29 12 13 21 19 17 27 25 15 22 9 14 18 1 23 10 29 
30 12 13 21 19 17 27 25 15 22 9 14 18 1 23 10 29 
31 12 13 21 19 17 27 25 15 22 9 14 18 1 23 8 10 29 
