1 1 
2 1 2 
3 1 3 2 
4 1 3 2 4 
5 1 3 2 4 5 
6 1 3 2 4 5 6 
7 1 3 2 4 5 7 6 
8 1 3 2 4 8 5 7 6 
9 1 3 2 4 9 8 5 7 6 
10 3 21 2 4 15 18 12 16 5 7 6 1 13 19 9 8 
11 3 21 2 4 15 18 12 16 5 7 6 1 13 19 9 8 
12 3 21 2 4 15 18 12 16 5 7 6 1 13 19 9 8 
13 3 21 2 4 15 18 12 16 5 7 6 1 13 19 9 8 
14 3 21 2 4 15 18 12 16 5 7 6 1 13 19 9 8 
15 3 21 2 4 15 18 12 16 5 7 6 1 13 19 9 
16 3 1 13 2 4 15 18 12 16 5 7 6 
17 1 3 13 2 4 15 18 12 16 5 7 6 
18 1 3 13 2 4 15 18 12 16 5 7 
19 1 3 13 2 4 15 18 12 19 5 7 
20 1 3 13 2 4 15 18 12 19 5 7 
21 3 21 2 4 15 18 12 5 7 6 1 13 8 
22 3 21 2 4 15 18 12 5 7 6 1 13 8 
23 3 21 2 4 15 18 12 16 5 7 6 1 13 19 9 8 
