1 1 
2 2 1 
3 3 2 1 
4 4 3 2 1 
5 4 3 2 1 
6 4 3 2 6 1 
7 4 3 7 2 6 1 
8 19 3 6 16 11 17 8 14 4 15 7 2 12 1 24 
9 19 3 6 16 11 17 8 14 4 15 7 2 12 1 24 
10 19 3 6 16 11 17 8 14 4 15 7 2 12 1 24 
11 19 3 6 16 17 11 8 14 4 15 7 2 12 1 24 
12 19 3 6 16 11 17 8 14 4 15 7 2 12 1 24 
13 19 3 6 16 11 17 8 14 4 15 7 2 12 1 24 
14 19 3 6 16 11 17 8 14 4 15 2 12 1 24 
15 19 3 6 16 11 17 8 14 4 15 2 12 1 24 
16 16 11 17 8 19 14 4 3 15 2 12 1 
17 16 11 17 8 14 19 4 3 15 2 12 1 
18 16 11 17 8 14 19 4 3 15 2 12 1 
19 16 11 17 8 14 19 4 3 15 2 12 1 
20 16 11 17 8 14 19 4 3 15 2 12 1 
21 16 11 17 8 14 19 4 3 15 2 12 1 
22 16 11 17 8 14 19 4 3 15 2 12 1 
23 16 11 17 8 14 19 4 3 15 2 12 1 
24 19 3 11 17 8 14 4 15 7 2 12 1 24 
25 19 3 11 17 8 14 4 15 7 2 12 1 24 
26 19 3 6 16 11 17 8 14 4 15 7 2 12 1 24 
