1 1 
2 2 1 
3 2 3 1 
4 7 4 12 29 10 16 28 35 20 17 31 5 2 6 3 33 1 25 9 
5 4 7 12 29 10 16 28 35 20 17 31 5 2 6 3 33 1 25 9 
6 4 7 12 29 10 16 28 35 20 17 31 5 2 6 3 33 1 25 9 
7 4 7 12 29 10 16 28 35 20 17 31 5 2 6 3 1 25 9 
8 4 7 12 24 14 29 10 16 28 35 20 17 31 5 2 6 3 33 1 25 9 
9 4 7 12 24 14 29 10 16 28 35 20 17 31 5 2 6 3 33 1 25 9 
10 4 7 12 24 14 29 10 16 28 35 20 17 31 5 2 6 3 33 1 25 9 
11 4 7 12 24 14 29 10 16 28 35 20 17 31 5 2 6 3 33 1 25 9 
12 4 7 12 24 14 29 10 16 28 35 20 17 31 5 2 6 3 33 1 25 9 
13 4 7 12 24 14 29 10 16 28 35 20 17 31 5 2 6 3 33 1 25 9 
14 4 7 12 29 14 10 16 28 20 17 31 5 2 6 33 1 25 9 
15 4 7 12 14 29 10 16 28 20 17 31 5 2 6 33 1 25 9 
16 4 7 12 24 14 29 10 16 28 35 20 17 31 5 2 6 3 33 1 25 9 
17 4 7 12 24 14 29 10 16 28 35 20 17 31 5 2 6 3 33 1 25 9 
18 4 7 12 24 14 29 10 16 28 35 20 17 31 5 2 6 3 33 1 25 9 
19 4 7 12 24 14 29 10 16 28 35 20 17 31 5 2 6 3 33 1 25 9 
20 4 7 12 24 14 29 10 16 28 35 20 17 31 5 2 6 3 33 1 25 9 
21 4 7 12 24 14 29 10 16 28 35 20 17 31 5 2 6 3 33 1 25 9 
22 4 7 12 24 14 29 10 16 28 35 20 17 31 5 2 6 3 33 1 25 9 
23 4 7 12 24 14 29 10 16 28 35 20 17 31 5 2 6 3 33 1 25 9 
24 4 7 12 24 29 10 16 28 20 17 31 5 2 6 33 1 25 9 
25 4 7 12 24 29 10 16 28 20 17 31 5 2 6 33 1 25 9 
26 4 7 12 24 29 10 16 28 20 17 31 5 2 6 33 1 25 9 
27 4 7 12 24 29 10 16 28 20 17 31 5 2 6 33 1 25 9 
28 4 7 12 24 14 29 10 16 28 35 20 17 31 5 2 6 3 33 1 25 9 
29 4 7 12 24 14 29 10 16 28 35 20 17 31 5 2 6 3 33 1 25 9 
30 4 7 12 24 29 14 10 16 28 35 20 17 31 5 2 6 3 33 1 25 9 
31 4 7 12 24 29 14 10 16 28 35 20 17 31 5 2 6 3 33 1 25 9 
32 4 7 12 24 29 14 10 16 28 35 20 17 31 5 2 6 3 33 1 25 9 
33 4 12 24 14 29 10 16 28 35 20 17 31 5 2 6 3 33 1 25 9 
34 4 12 24 14 29 10 16 28 35 20 17 31 5 2 6 3 33 1 25 9 
35 4 7 12 29 10 16 28 35 20 17 31 5 2 6 33 1 25 9 
36 4 7 12 29 10 16 28 35 20 17 31 5 2 6 33 1 25 9 
