1 1 
2 2 1 
3 2 1 3 
4 2 3 16 10 11 6 8 19 1 17 5 14 18 20 
5 2 3 16 11 6 8 19 1 17 14 5 18 20 
6 19 2 1 17 3 5 14 16 6 8 18 20 
7 2 3 10 16 11 6 8 19 1 17 5 14 18 20 
8 2 3 10 16 11 6 8 19 1 17 5 14 18 20 
9 2 3 10 16 11 6 8 19 1 17 5 14 18 20 
10 2 3 16 10 11 6 8 19 1 17 14 18 20 
11 2 3 10 16 11 8 19 1 17 5 14 18 20 
12 2 3 10 16 11 8 19 1 17 5 14 18 20 
13 2 3 10 16 11 6 8 19 1 17 5 14 18 20 
14 2 3 10 16 11 6 8 19 1 17 5 14 18 20 
15 2 3 10 16 11 6 8 19 1 17 5 14 18 20 
16 2 3 10 16 11 6 8 19 1 17 5 14 18 20 
17 2 3 16 10 11 6 8 19 1 17 5 14 18 20 
18 2 3 16 10 11 6 8 19 1 17 5 14 18 20 
19 3 16 10 11 6 8 19 1 17 5 14 18 20 
20 2 16 10 11 6 8 19 1 17 5 14 18 20 
21 2 16 10 11 6 8 19 1 17 5 14 18 20 
22 2 3 16 10 11 6 8 22 19 1 17 5 14 18 20 
23 2 3 16 10 11 6 8 22 19 1 17 5 14 18 20 
24 2 3 16 10 11 6 8 22 24 19 1 17 5 14 18 20 
25 2 3 16 10 11 6 8 22 24 19 1 17 5 14 18 20 
26 2 3 16 10 11 6 8 22 24 19 1 17 5 14 18 20 
