1 1 
2 1 2 
3 1 2 
4 1 4 2 
5 1 4 5 2 
6 1 6 4 5 2 
7 1 6 4 5 7 2 
8 8 1 6 4 5 7 2 
9 9 8 1 6 4 5 7 2 
10 9 8 1 6 4 5 7 2 
11 9 11 8 1 6 4 5 7 2 
12 9 12 11 8 1 6 4 5 7 2 
13 9 12 11 8 13 1 6 4 5 7 2 
14 9 12 11 8 13 1 6 4 5 14 7 2 
15 11 1 5 14 15 2 9 12 8 13 6 4 7 
16 11 1 5 14 15 2 9 12 8 13 6 4 7 
17 11 17 1 5 14 15 2 9 12 8 13 6 4 7 
18 11 18 17 1 5 14 15 2 9 12 8 13 6 4 7 
19 11 18 17 1 5 14 15 2 9 12 8 13 6 19 4 7 
20 11 18 17 1 5 14 15 2 9 12 8 13 6 19 4 7 
21 11 18 17 1 5 14 15 2 9 12 8 13 6 19 4 7 21 
22 11 18 17 1 5 14 15 2 22 9 12 8 13 6 19 4 7 21 
23 11 18 17 1 5 14 15 2 22 9 12 8 13 6 19 4 7 21 
24 11 18 17 1 5 14 15 2 22 9 12 24 8 13 6 19 4 7 21 
25 11 18 17 1 5 14 15 2 22 9 12 24 8 13 6 19 4 7 25 21 
26 11 18 17 26 1 5 14 15 2 22 9 12 24 8 13 6 19 4 7 25 21 
27 11 18 17 26 1 5 14 15 2 22 9 12 24 8 13 6 19 4 7 25 21 
28 11 18 17 26 1 5 14 15 2 22 9 12 24 8 13 6 19 4 7 25 21 28 
29 11 18 17 26 1 5 14 15 2 22 9 12 24 8 13 6 19 4 7 25 29 21 28 
30 11 18 17 26 1 5 14 15 2 22 9 12 24 8 13 6 19 4 7 25 29 21 28 
31 11 18 17 26 1 31 5 14 15 2 22 9 12 24 8 13 6 19 4 7 25 29 21 28 
32 11 17 32 1 5 14 15 2 9 8 13 19 7 25 29 18 26 31 22 12 24 6 4 21 28 
33 11 17 32 1 5 14 15 2 9 8 13 19 7 25 29 18 26 31 33 22 12 24 6 4 21 28 
34 11 17 32 1 5 14 15 2 9 8 13 19 7 25 29 18 26 31 33 22 12 24 6 4 21 28 
35 11 17 32 1 5 14 15 2 9 8 13 19 7 25 29 18 26 31 33 22 12 24 35 6 4 21 28 
36 11 17 32 1 5 14 15 2 9 8 13 19 7 25 29 18 26 31 33 22 12 24 36 35 6 4 21 28 
37 11 17 32 1 5 14 15 2 9 8 13 19 7 25 29 18 26 31 33 22 12 24 36 35 6 4 21 28 
38 11 17 32 1 5 14 15 2 38 9 8 13 19 7 25 29 18 26 31 33 22 12 24 36 35 6 4 21 28 
39 11 17 32 1 5 14 15 2 38 39 9 8 13 19 7 25 29 18 26 31 33 22 12 24 36 35 6 4 21 28 
40 11 17 32 1 5 14 15 2 38 39 9 8 13 19 7 25 29 18 26 40 31 33 22 12 24 36 35 6 4 21 28 
41 11 17 32 1 5 14 15 2 38 39 9 8 13 19 7 25 29 18 26 40 31 33 22 12 24 36 35 6 4 21 28 
42 11 17 32 1 5 14 15 2 38 39 9 8 42 13 19 7 25 29 18 26 40 31 33 22 12 24 36 35 6 4 21 28 
43 11 17 32 1 5 14 15 2 38 39 9 8 42 13 19 7 25 29 18 26 40 31 33 22 12 24 36 35 6 4 43 21 28 
44 11 17 32 1 5 14 15 2 38 39 9 8 42 13 19 7 25 29 18 26 40 31 33 22 12 24 36 35 6 4 43 21 28 
45 11 17 32 1 5 14 15 2 38 39 9 8 42 13 19 7 25 29 18 26 40 31 33 45 22 12 24 36 35 6 4 43 21 28 
46 11 17 32 1 5 14 15 2 38 39 9 8 42 13 19 7 25 29 18 26 40 31 33 45 22 12 46 24 36 35 6 4 43 21 28 
47 11 17 32 1 5 14 15 2 38 39 9 8 42 13 19 7 25 29 18 47 26 40 31 33 45 22 12 46 24 36 35 6 4 43 21 28 
48 11 17 32 1 5 14 15 2 38 39 9 8 42 13 19 7 25 29 18 47 26 40 31 33 45 22 12 46 24 36 35 6 4 43 21 28 
49 11 17 32 1 5 14 15 2 38 39 9 8 42 49 13 19 7 25 29 18 47 26 40 31 33 45 22 12 46 24 36 35 6 4 43 21 28 
50 11 17 32 1 5 14 15 2 38 39 9 8 42 49 13 19 7 25 29 18 47 26 40 31 33 45 22 12 46 24 36 35 6 4 43 21 28 
51 11 17 32 1 5 14 15 2 38 39 9 8 42 49 13 19 7 25 29 51 18 47 26 40 31 33 45 22 12 46 24 36 35 6 4 43 21 28 
52 11 17 32 1 5 14 15 2 38 39 9 8 42 49 13 19 7 25 29 51 18 47 26 40 31 33 45 22 12 46 52 24 36 35 6 4 43 21 28 
53 11 53 17 32 1 5 14 15 2 38 39 9 8 42 49 13 19 7 25 29 51 18 47 26 40 31 33 45 22 12 46 52 24 36 35 6 4 43 21 28 
54 11 53 17 32 1 5 14 54 15 2 38 39 9 8 42 49 13 19 7 25 29 51 18 47 26 40 31 33 45 22 12 46 52 24 36 35 6 4 43 21 28 
55 11 53 17 32 1 5 14 54 15 2 38 39 9 8 42 49 13 19 7 25 29 51 18 47 26 40 31 33 45 22 12 46 52 24 36 35 6 4 43 55 21 28 
56 11 53 17 32 1 5 14 54 15 2 38 39 9 8 42 49 13 19 7 25 29 51 18 47 26 40 31 33 45 22 12 46 52 24 36 35 6 4 43 55 21 28 
57 11 53 17 32 1 5 14 54 15 2 38 39 9 57 8 42 49 13 19 7 25 29 51 18 47 26 40 31 33 45 22 12 46 52 24 36 35 6 4 43 55 21 28 
58 11 53 17 32 1 5 14 54 15 2 38 39 9 57 8 42 49 13 19 7 25 29 51 18 47 26 40 31 33 45 22 12 46 52 58 24 36 35 6 4 43 55 21 28 
59 11 53 17 32 1 5 14 54 15 2 38 39 9 57 8 42 49 13 19 7 25 29 51 18 47 26 40 31 59 33 45 22 12 46 52 58 24 36 35 6 4 43 55 21 28 
60 11 53 17 32 1 5 14 54 15 2 38 39 9 57 8 42 49 13 19 7 25 29 51 18 47 26 40 31 59 33 45 22 12 46 52 58 60 24 36 35 6 4 43 55 21 28 
61 11 53 17 32 1 5 14 54 15 2 38 39 9 57 8 42 49 13 19 7 25 29 51 18 47 26 40 31 59 33 45 22 12 46 52 58 60 61 24 36 35 6 4 43 55 21 28 
62 11 53 17 32 1 5 14 54 15 2 38 39 9 57 8 42 49 13 19 7 25 29 51 18 47 26 40 31 59 33 45 22 12 46 52 58 60 61 24 36 35 6 4 43 55 21 28 
63 11 53 17 32 1 5 14 54 15 2 63 38 39 9 57 8 42 49 13 19 7 25 29 51 18 47 26 40 31 59 33 45 22 12 46 52 58 60 61 24 36 35 6 4 43 55 21 28 
64 11 53 17 32 5 14 54 15 38 39 57 8 42 13 64 25 40 31 59 33 45 22 46 58 61 24 35 6 43 55 21 28 1 2 63 9 49 19 7 29 51 18 47 26 12 52 60 36 4 
65 11 53 17 32 5 14 54 15 38 39 57 8 42 13 64 25 40 31 59 33 45 22 46 58 61 24 35 6 43 55 21 28 1 2 63 9 49 19 7 29 51 18 47 26 65 12 52 60 36 4 
66 11 53 17 32 5 14 54 15 38 39 57 8 42 13 64 25 40 31 59 33 45 22 46 58 61 24 35 6 43 55 21 28 1 2 63 9 49 19 7 29 51 66 18 47 26 65 12 52 60 36 4 
67 11 53 17 32 5 14 54 15 38 39 57 8 42 13 64 25 40 31 59 33 45 22 46 58 61 24 35 6 43 55 21 28 1 2 63 9 67 49 19 7 29 51 66 18 47 26 65 12 52 60 36 4 
68 11 53 17 32 5 14 54 15 38 39 57 68 8 42 13 64 25 40 31 59 33 45 22 46 58 61 24 35 6 43 55 21 28 1 2 63 9 67 49 19 7 29 51 66 18 47 26 65 12 52 60 36 4 
69 11 53 17 32 5 14 54 15 38 39 57 68 8 42 13 64 25 40 31 59 33 45 22 46 58 61 24 35 6 69 43 55 21 28 1 2 63 9 67 49 19 7 29 51 66 18 47 26 65 12 52 60 36 4 
70 11 53 17 32 5 14 54 15 38 39 57 68 8 42 13 64 25 40 31 59 33 45 22 46 58 61 24 35 6 69 43 55 21 28 1 2 63 9 67 49 19 7 29 51 66 18 47 26 65 12 52 60 36 4 
71 11 53 17 32 5 14 54 15 38 39 57 68 8 42 13 64 25 40 31 71 59 33 45 22 46 58 61 24 35 6 69 43 55 21 28 1 2 63 9 67 49 19 7 29 51 66 18 47 26 65 12 52 60 36 4 
72 11 53 17 32 5 14 54 15 38 39 57 68 8 42 13 64 25 40 31 71 59 33 45 22 46 58 61 24 35 6 69 43 55 21 28 1 2 63 9 67 49 19 7 29 51 66 72 18 47 26 65 12 52 60 36 4 
73 11 53 17 32 5 14 54 15 38 39 57 68 8 42 13 64 25 40 31 71 59 33 45 22 46 58 61 24 35 6 69 43 55 21 28 1 73 2 63 9 67 49 19 7 29 51 66 72 18 47 26 65 12 52 60 36 4 
74 11 53 17 32 5 14 54 15 38 39 57 68 8 42 13 64 25 40 31 71 59 33 45 22 46 58 61 24 35 6 69 43 55 21 28 1 73 2 63 9 67 49 19 7 29 51 66 72 18 47 26 65 12 52 60 36 4 
75 11 53 17 32 5 14 54 15 38 39 57 68 8 42 13 64 25 40 31 71 59 33 45 22 46 58 61 24 35 6 69 43 55 21 28 1 73 2 63 9 67 49 19 7 29 51 66 72 18 47 26 75 65 12 52 60 36 4 
76 11 53 17 32 5 14 54 15 38 39 57 76 68 8 42 13 64 25 40 31 71 59 33 45 22 46 58 61 24 35 6 69 43 55 21 28 1 73 2 63 9 67 49 19 7 29 51 66 72 18 47 26 75 65 12 52 60 36 4 
77 11 53 17 32 5 14 54 15 38 39 57 76 68 8 42 13 64 25 40 31 71 59 33 45 22 46 58 61 24 35 6 69 43 55 21 28 1 73 2 63 9 67 49 19 7 29 51 66 72 18 47 26 75 65 12 52 60 36 4 
78 11 53 17 32 5 14 54 15 38 39 57 76 68 8 42 13 64 25 40 78 31 71 59 33 45 22 46 58 61 24 35 6 69 43 55 21 28 1 73 2 63 9 67 49 19 7 29 51 66 72 18 47 26 75 65 12 52 60 36 4 
79 11 53 17 32 5 14 54 15 38 39 57 76 68 8 42 13 64 25 40 78 31 71 59 33 45 22 46 58 61 24 35 6 69 43 55 21 28 1 73 2 63 9 67 49 19 7 29 51 66 72 18 47 79 26 75 65 12 52 60 36 4 
80 11 53 17 32 5 14 54 15 38 39 57 76 68 8 42 13 80 64 25 40 78 31 71 59 33 45 22 46 58 61 24 35 6 69 43 55 21 28 1 73 2 63 9 67 49 19 7 29 51 66 72 18 47 79 26 75 65 12 52 60 36 4 
81 11 53 17 32 5 14 54 15 38 39 57 76 68 8 42 13 80 64 25 40 78 31 71 59 33 45 22 46 58 61 24 35 6 69 43 55 21 28 1 73 2 63 9 67 49 19 7 29 51 66 72 18 47 79 26 75 65 12 52 60 36 4 
82 11 53 17 32 5 14 54 15 38 39 57 76 68 8 42 13 80 64 25 40 78 31 71 59 33 45 22 46 58 61 24 35 6 69 43 55 21 28 1 73 2 63 9 67 49 82 19 7 29 51 66 72 18 47 79 26 75 65 12 52 60 36 4 
83 11 53 17 32 5 14 54 15 38 39 57 76 68 8 42 13 80 64 25 40 78 31 71 59 33 45 22 46 58 61 24 35 6 69 43 55 21 28 1 73 2 63 9 67 49 82 19 83 7 29 51 66 72 18 47 79 26 75 65 12 52 60 36 4 
84 11 53 17 32 5 14 54 15 38 39 57 76 68 8 42 13 80 64 25 40 78 31 71 59 33 45 22 46 58 61 24 35 6 69 43 55 21 28 1 73 2 63 9 67 49 82 19 83 7 29 51 66 72 18 47 79 26 75 65 12 52 60 36 4 
85 11 53 17 32 5 14 54 15 38 39 57 76 68 8 42 13 80 64 25 40 78 31 71 59 33 45 22 46 58 61 24 85 35 6 69 43 55 21 28 1 73 2 63 9 67 49 82 19 83 7 29 51 66 72 18 47 79 26 75 65 12 52 60 36 4 
86 11 53 17 32 5 14 54 15 38 39 57 76 68 8 42 13 80 64 25 40 78 31 71 59 33 45 22 46 58 61 24 85 35 6 69 43 55 21 28 1 73 2 63 9 67 49 82 19 83 7 29 86 51 66 72 18 47 79 26 75 65 12 52 60 36 4 
87 11 53 17 32 5 14 54 15 38 39 57 76 68 8 42 13 80 64 25 40 78 31 71 59 33 45 22 46 58 61 24 85 35 6 69 43 55 21 28 1 73 2 63 9 67 49 82 19 83 7 29 86 51 66 72 18 47 79 26 75 87 65 12 52 60 36 4 
88 11 53 17 32 5 14 54 15 38 39 57 76 68 8 42 13 80 64 25 40 78 31 71 59 33 45 22 46 58 61 24 85 35 6 69 43 55 21 28 1 73 2 63 9 67 49 82 19 83 7 29 86 51 66 72 18 47 79 26 75 87 65 12 52 60 36 4 
89 11 53 17 32 5 14 54 15 38 39 57 76 68 8 42 13 80 64 25 40 78 31 71 59 33 45 22 46 58 61 24 85 35 6 69 43 55 21 28 1 73 2 63 9 67 49 82 19 83 7 29 86 51 66 72 18 47 79 26 75 87 65 12 52 60 36 4 
