1 1 
2 1 
3 1 3 
4 1 3 
5 1 5 
6 1 6 3 5 
7 7 6 3 5 
8 7 6 8 3 5 
9 7 10 15 16 13 6 8 12 3 5 14 
10 7 10 15 16 13 6 8 12 3 5 14 
11 7 10 15 16 13 6 8 12 3 5 14 
12 7 10 15 16 13 6 8 12 3 5 14 
13 7 10 15 16 13 6 8 12 3 5 14 
14 7 10 15 16 13 6 8 12 3 5 14 
15 7 10 16 15 13 6 12 3 5 14 
16 10 15 16 13 6 12 3 5 14 
17 10 15 16 13 6 12 3 5 14 
18 18 7 10 15 16 13 6 8 12 3 5 14 
19 18 7 10 15 16 13 6 8 12 3 5 14 
20 18 7 10 15 16 13 6 8 12 3 5 14 
21 18 7 10 15 16 13 6 8 12 3 5 14 
22 22 7 10 16 12 3 5 14 18 15 13 6 8 
23 22 23 7 10 16 12 3 5 14 18 15 13 6 8 
24 22 23 7 10 16 12 3 5 14 18 15 13 6 8 
25 22 23 7 10 25 16 12 3 5 14 18 15 13 6 8 
26 22 23 7 25 10 16 26 12 3 5 14 18 15 13 6 8 
27 22 23 7 25 10 26 16 12 3 5 14 18 27 15 13 6 8 
28 22 23 7 25 10 26 16 12 3 5 14 18 27 15 13 6 8 
29 22 23 7 25 10 26 16 12 3 5 14 18 27 15 13 6 8 
30 30 7 10 16 12 3 5 14 18 15 13 6 8 
31 30 7 10 16 12 3 5 14 18 15 13 6 8 
32 30 7 10 16 12 3 5 14 18 32 15 13 6 8 
33 30 7 10 16 12 3 5 14 18 32 33 15 13 6 8 
34 30 34 7 10 16 12 3 5 14 18 32 33 13 6 
35 30 34 7 10 16 12 35 3 5 14 18 32 33 13 6 
36 30 34 7 10 16 35 12 3 5 14 18 32 33 13 6 
37 30 37 34 7 10 16 35 12 3 5 14 18 32 33 13 6 
38 30 37 34 7 10 16 35 12 3 5 14 18 32 33 13 6 
39 30 37 34 7 10 16 35 12 3 5 14 18 39 32 33 13 6 
40 30 37 34 7 10 16 35 12 3 5 14 18 39 32 33 13 6 
41 30 37 34 7 10 16 35 12 3 5 14 18 39 32 33 13 6 
42 30 37 34 7 10 16 35 12 3 5 14 18 32 33 13 6 
43 30 37 34 7 10 16 35 12 3 5 14 43 18 32 33 13 6 
44 30 37 34 7 10 16 35 12 3 5 14 43 18 32 33 13 6 
45 30 37 34 7 10 16 45 35 12 3 5 14 43 18 32 33 13 6 
46 30 37 34 7 10 45 16 35 12 3 5 14 43 18 32 33 46 13 6 
47 30 37 7 10 45 16 35 12 3 5 14 43 18 47 32 33 46 13 6 
48 30 37 34 7 10 45 16 35 12 3 5 14 43 18 47 32 33 46 13 6 
