1 1 
2 2 1 
3 2 1 
4 2 1 
5 5 2 1 
6 5 2 1 6 
7 5 2 1 6 
8 5 2 1 8 6 
9 5 2 1 8 6 9 
10 5 2 1 8 6 10 9 
11 5 2 1 8 6 10 9 
12 5 2 1 8 6 10 9 
13 2 13 1 
14 2 13 1 14 
15 2 13 1 14 15 
16 2 13 1 16 14 15 
17 18 2 13 23 1 22 16 17 14 20 15 
18 18 2 13 23 1 22 16 17 14 20 15 
19 18 2 13 23 1 22 16 17 14 20 15 
20 18 2 13 23 1 22 16 17 14 20 15 
21 18 2 13 23 1 22 16 17 14 20 15 
22 18 2 23 1 22 16 17 14 20 15 
23 18 2 13 23 1 22 17 14 20 15 
24 18 2 13 23 1 22 17 14 20 15 
25 18 2 13 23 1 22 16 25 17 14 20 15 
26 2 13 26 16 25 17 18 23 1 22 14 20 15 
27 2 13 26 27 16 25 17 18 23 1 22 14 20 15 
28 2 13 26 27 16 25 17 18 23 1 22 14 20 15 
29 2 26 27 16 25 17 29 18 23 1 14 20 15 
30 2 13 26 27 16 25 17 29 18 23 1 22 14 20 15 
