1 1 
2 2 1 
3 2 1 3 
4 10 2 15 1 17 3 22 11 20 6 12 14 7 8 4 16 
5 10 2 15 1 17 3 22 11 20 6 12 14 7 4 8 16 
6 10 2 15 1 17 3 22 11 6 12 14 7 4 8 16 
7 10 2 15 1 17 3 22 11 20 6 12 14 7 4 8 16 
8 10 2 15 1 17 3 22 11 20 6 12 14 7 4 8 16 
9 10 2 15 1 17 3 22 11 20 6 12 14 7 4 8 16 
10 10 2 15 1 17 3 22 11 20 6 12 14 7 4 8 16 
11 10 2 15 1 17 3 22 20 11 6 12 14 7 4 8 16 
12 10 2 15 1 17 3 22 11 20 6 12 14 7 4 8 16 
13 10 2 15 1 17 3 22 11 20 6 12 14 7 4 8 16 
14 10 2 15 1 17 3 22 11 20 6 12 14 7 4 8 16 
15 10 2 15 1 17 3 22 11 20 6 12 14 7 4 8 16 
16 10 2 15 1 17 3 22 11 20 6 12 14 7 4 8 16 
17 10 2 15 1 17 3 22 11 20 6 12 14 7 4 8 16 
18 10 2 15 1 17 3 22 11 20 6 12 14 7 4 8 16 
19 10 2 15 1 17 3 22 11 20 6 12 14 7 4 8 16 
20 10 2 15 1 17 3 22 11 20 12 14 7 4 8 16 
21 10 2 15 1 17 3 22 11 20 12 14 7 4 8 16 
22 10 2 15 1 17 22 11 20 6 12 14 7 4 8 16 
23 10 2 15 1 17 22 11 20 6 12 14 7 4 8 16 
24 10 2 15 1 17 3 22 11 20 6 12 14 7 4 8 16 
