1 1 
2 1 2 
3 1 2 3 
4 1 2 3 
5 1 2 5 3 
6 1 2 5 3 
7 7 1 2 5 3 
8 7 8 1 2 5 3 
9 7 8 1 2 5 3 
10 10 7 8 1 2 5 3 
11 10 7 8 1 2 5 11 3 
12 10 7 8 1 2 5 11 3 
13 10 7 8 1 2 5 13 11 3 
14 10 7 14 8 1 2 5 13 11 3 
15 10 15 7 14 8 1 2 5 13 11 3 
16 19 15 21 22 14 8 1 2 5 10 16 7 17 13 11 20 3 
17 19 15 21 22 14 8 1 2 5 10 16 7 17 13 11 20 3 
18 19 15 21 22 14 8 1 2 5 10 16 7 17 13 11 20 3 
19 19 15 21 22 14 8 1 2 5 10 16 7 17 13 11 20 3 
20 19 15 21 22 14 8 1 2 5 10 16 7 17 13 11 20 3 
21 19 15 22 21 8 1 2 5 10 16 7 17 13 11 20 3 
22 19 21 22 8 1 2 5 10 16 7 17 13 11 20 3 
23 19 21 22 8 1 2 5 10 16 7 17 13 11 20 3 
24 19 15 21 22 14 8 1 2 5 10 16 7 17 24 13 11 20 3 
25 19 15 21 22 14 8 1 2 5 25 10 16 7 17 24 13 11 20 3 
26 19 15 21 22 14 8 1 2 5 25 10 16 7 17 24 13 11 20 3 
27 19 15 21 22 14 8 1 2 5 25 10 16 7 17 27 24 13 11 20 3 
28 19 15 21 22 14 8 1 2 5 28 25 10 16 7 17 27 24 13 11 20 3 
29 19 15 21 22 14 8 1 2 5 28 25 10 16 7 29 17 27 24 13 11 20 3 
30 19 15 21 22 14 8 1 2 5 28 25 10 16 7 29 17 27 24 13 11 20 3 
31 19 15 21 22 14 8 1 2 5 28 25 10 16 7 29 17 27 24 13 11 20 3 
