1 1 
2 2 1 
3 2 3 1 
4 2 3 4 1 
5 2 3 4 1 5 
6 9 3 20 11 8 1 14 5 21 2 4 17 13 
7 9 3 11 20 8 1 14 5 21 2 4 17 13 
8 9 3 11 20 8 1 14 5 21 2 4 17 13 
9 9 3 11 20 8 1 14 5 21 2 4 17 13 
10 9 3 11 20 8 1 14 5 21 2 4 17 13 
11 2 9 3 20 11 8 1 14 17 5 13 21 
12 2 9 3 11 20 8 1 14 17 5 13 21 
13 9 3 11 20 8 1 14 5 21 2 4 17 13 
14 9 3 11 20 8 1 14 5 21 2 4 17 13 
15 9 3 11 20 8 1 14 5 21 2 4 17 13 
16 9 3 11 20 8 1 14 5 21 2 4 17 13 
17 2 9 3 11 20 8 4 1 14 17 13 21 
18 2 9 3 11 20 4 8 1 14 17 13 21 
19 9 3 11 20 8 1 14 5 21 2 4 17 13 
20 9 3 11 20 8 1 14 5 21 2 4 17 13 
21 9 3 20 11 8 1 14 5 21 2 4 17 13 
22 9 3 20 11 8 1 14 5 21 2 4 17 13 
23 9 3 20 11 8 1 14 5 21 2 4 17 13 
24 9 3 20 11 8 1 14 5 21 2 4 17 13 
25 9 3 11 8 1 14 5 21 2 4 25 17 13 
26 9 26 3 11 8 1 14 5 21 2 4 25 17 13 
27 9 26 3 11 8 1 14 5 21 2 4 25 17 13 
28 9 26 3 11 8 1 14 5 21 2 4 25 17 13 
29 9 26 3 11 8 1 14 5 21 2 4 25 17 13 
