1 1 
2 1 2 
3 1 3 2 
4 1 3 2 4 
5 1 3 2 4 
6 1 3 2 4 
7 1 3 2 4 
8 1 3 2 4 
9 1 3 2 4 
10 1 3 10 2 4 
11 1 3 10 15 2 4 12 13 
12 1 3 10 15 2 4 13 12 
13 1 3 10 15 2 4 12 13 
14 1 3 10 15 2 4 12 13 
15 1 3 15 2 4 12 13 
16 1 3 15 2 4 12 13 
17 17 1 3 2 4 12 13 
18 17 1 3 2 4 20 12 13 21 19 
19 17 1 3 2 4 20 12 13 21 19 
20 17 1 3 2 12 13 20 21 19 
21 1 3 2 20 12 13 21 19 
22 1 3 2 20 12 13 21 19 
23 17 1 23 3 2 4 20 12 13 21 19 
24 17 1 23 24 3 2 4 20 12 13 21 19 
25 17 1 23 4 12 21 19 25 24 3 2 20 13 
26 17 1 23 26 4 12 21 19 25 24 3 2 20 13 
27 17 1 23 26 4 12 21 19 25 24 3 2 20 13 
28 17 1 23 26 4 12 21 19 25 24 3 28 2 20 13 
29 17 1 23 26 4 12 21 19 25 29 24 3 28 2 20 13 
30 17 1 23 26 30 4 12 21 19 25 29 24 3 28 2 20 13 
31 17 1 23 26 30 4 12 21 19 25 29 24 3 28 2 20 13 
32 17 1 23 26 30 32 4 12 21 19 25 29 24 3 28 2 20 13 
33 17 1 23 26 30 32 4 12 21 19 33 25 29 24 3 28 2 20 13 
34 17 1 23 26 30 32 4 12 21 33 19 25 29 24 3 28 2 20 13 
35 17 1 23 26 30 32 4 12 21 33 19 35 25 29 24 3 28 2 20 13 
36 17 1 23 26 30 32 4 12 21 33 19 36 35 25 29 24 3 28 2 20 13 
37 17 1 23 26 30 32 4 12 21 33 36 19 37 35 25 29 24 3 28 2 20 13 
38 17 1 23 26 30 32 4 12 21 33 36 19 37 35 25 29 24 3 28 38 2 20 13 
39 17 1 23 26 30 32 4 12 21 33 36 19 37 35 25 29 24 3 28 38 2 20 13 
40 17 1 23 26 30 32 4 12 21 33 36 19 37 35 25 29 24 3 28 38 2 20 13 
