1 1 
2 2 1 
3 2 1 3 
4 2 1 3 
5 2 1 3 
6 2 1 3 
7 2 1 3 7 
8 8 2 1 3 7 
9 8 2 1 3 7 
10 8 2 10 1 3 7 
11 8 17 18 2 10 1 16 3 7 21 12 13 
12 8 17 18 2 10 1 16 3 7 21 13 12 
13 8 17 18 2 10 1 16 3 7 21 12 13 
14 8 17 18 2 10 1 16 3 7 21 12 13 
15 8 17 18 2 10 1 16 3 7 21 12 13 
16 8 17 18 2 10 1 16 3 7 21 12 13 
17 8 17 18 2 10 1 16 3 7 21 12 13 
18 8 17 18 2 10 1 16 3 7 21 12 13 
19 8 17 18 2 10 1 16 3 7 21 12 13 
20 8 17 18 2 10 1 16 3 7 21 12 13 
21 8 17 18 2 1 16 3 7 21 12 13 
22 8 17 18 2 1 16 3 7 21 12 13 
23 8 17 18 2 10 1 16 3 7 21 12 13 
