1 2 
2 3 
3 4 
4 5 
5 6 
6 7 
7 8 
8 9 
9 10 
10 11 74 
11 12 
12 13 
13 14 
14 15 
15 16 
16 17 55 
17 18 
18 19 
19 20 
20 21 53 
21 22 
22 23 
23 24 
24 25 
25 26 
26 27 
27 28 
28 29 
29 30 
30 31 53 
31 32 
32 33 51 
33 34 
34 35 
35 36 
36 37 
37 38 
38 39 
39 40 
40 41 49 
41 42 
42 43 
43 44 
44 45 
45 46 
46 47 
47 48 
48 49 
49 50 
50 32 
51 52 
52 30 
53 54 
54 16 
55 56 
56 57 
57 58 70 
58 59 60 
59 70 
60 61 
61 62 
62 63 
63 64 
64 65 68 
65 66 
66 67 
67 68 
68 69 
69 57 
70 71 72 
71 72 
72 73 
73 10 
74 
