1 1 
2 2 1 
3 2 3 1 
4 4 2 3 1 
5 4 2 3 1 5 
6 4 2 3 1 6 5 
7 4 2 3 1 6 5 7 
8 4 2 3 8 1 6 5 7 
9 4 9 2 3 8 1 6 5 7 
10 2 3 55 28 9 14 22 41 29 17 46 72 37 25 45 31 36 38 42 61 23 19 67 11 66 34 8 68 33 71 18 7 47 21 24 56 51 13 44 27 60 39 62 43 49 6 26 35 4 63 1 5 
11 2 3 55 28 9 14 22 41 29 17 46 72 37 25 45 31 36 38 42 61 23 19 67 66 11 34 8 68 33 71 18 7 47 21 24 56 51 13 44 27 60 39 62 43 49 6 26 35 4 63 1 5 
12 2 3 55 28 9 14 22 41 29 17 46 72 37 25 45 31 36 38 42 61 23 19 67 11 66 34 8 68 33 71 18 7 47 21 24 56 51 13 44 27 60 39 62 43 49 6 26 35 4 63 1 5 
13 2 3 55 9 14 22 41 29 17 46 72 37 25 45 31 36 38 42 61 23 19 11 66 34 8 68 33 71 18 7 47 21 24 56 51 13 44 27 60 39 62 43 49 6 26 35 4 63 1 5 
14 2 3 55 9 22 14 29 17 46 72 37 25 45 31 36 38 42 61 23 19 11 66 34 8 68 33 71 18 7 47 21 24 56 51 13 44 27 60 39 62 43 49 6 26 35 4 63 1 5 
15 11 66 2 3 34 55 8 33 71 18 7 9 47 14 22 21 29 24 51 17 13 44 27 46 60 39 62 43 72 49 37 6 26 25 45 31 35 4 63 36 38 15 42 61 23 19 1 5 
16 2 3 55 28 9 14 22 41 29 17 46 72 37 25 45 31 36 38 15 42 61 23 19 11 66 34 8 33 18 71 7 53 47 21 24 51 13 44 27 60 39 62 43 49 6 26 35 4 63 1 5 
17 2 3 55 28 9 14 22 41 29 17 46 72 37 25 45 31 36 38 15 42 61 23 19 11 66 34 8 33 18 71 7 53 47 21 24 51 13 44 27 60 39 62 43 49 6 26 35 4 63 1 5 
18 2 3 55 28 9 14 22 41 29 17 46 72 37 25 45 31 36 38 15 42 61 23 19 11 66 34 8 33 71 18 7 53 47 21 24 51 13 44 27 60 39 62 43 49 6 26 35 4 63 1 5 
19 2 3 55 28 9 14 22 41 29 17 46 72 37 25 45 31 36 38 15 42 61 23 19 11 66 34 8 33 18 71 7 53 47 21 24 51 13 44 27 60 39 62 43 49 6 26 35 4 63 1 5 
20 2 3 55 28 9 14 22 41 29 17 46 72 37 25 45 31 36 38 15 42 61 23 19 11 66 34 8 33 18 71 7 53 47 21 24 51 13 44 27 60 39 62 43 49 6 26 35 4 63 1 5 
21 2 3 55 28 9 14 22 41 29 17 46 72 37 25 45 31 36 38 15 42 61 23 19 11 66 34 8 33 18 71 7 53 47 21 24 51 13 44 27 60 39 62 43 49 6 26 35 4 63 1 5 
22 2 3 55 28 9 14 41 22 29 17 46 72 37 25 45 31 36 38 15 42 61 23 19 11 66 34 8 33 18 71 7 53 47 21 24 51 13 44 27 60 39 62 43 49 6 26 35 4 63 1 5 
23 2 3 55 28 9 14 22 41 29 17 46 72 37 25 45 31 36 38 15 42 61 23 19 11 66 34 8 33 18 71 7 53 47 21 24 51 13 44 27 60 39 62 43 49 6 26 35 4 63 1 5 
24 2 3 55 28 9 14 22 41 29 17 46 72 37 25 45 31 36 38 15 42 61 23 19 11 66 34 8 33 18 71 7 53 47 21 24 51 13 44 27 60 39 62 43 49 6 26 35 4 63 1 5 
25 2 3 55 28 9 14 22 41 29 17 46 72 37 25 45 31 36 38 15 42 61 23 19 11 66 34 8 33 18 71 7 53 47 21 24 51 13 44 27 60 39 62 43 49 6 26 35 4 63 1 5 
26 2 3 55 28 9 14 22 41 29 17 46 72 37 25 45 31 36 38 15 42 61 23 19 11 66 34 8 33 18 71 7 53 47 21 24 51 13 44 27 60 39 62 43 49 6 26 35 4 63 1 5 
27 2 3 55 28 9 14 22 41 29 17 46 72 37 25 45 31 36 38 15 42 61 23 19 11 66 34 8 33 18 71 7 53 47 21 24 51 13 44 27 60 39 62 43 49 6 26 35 4 63 1 5 
28 2 3 55 28 9 14 22 41 29 17 46 72 37 25 45 31 36 38 15 42 61 23 19 11 66 34 8 33 18 71 7 53 47 21 24 51 44 27 60 39 62 43 49 6 26 35 4 63 1 5 
29 2 3 55 28 9 14 22 41 29 17 46 72 37 25 45 31 36 38 15 42 61 23 19 11 66 34 8 33 18 71 7 53 47 21 24 44 27 60 39 62 43 49 6 26 35 4 63 1 5 
30 2 3 55 28 9 14 22 41 29 17 46 72 37 25 45 31 36 38 15 42 61 23 19 11 66 34 8 33 18 71 7 53 47 21 24 51 44 27 60 39 62 43 49 6 26 35 4 63 1 5 
31 2 3 55 28 9 14 22 41 29 17 46 72 37 25 45 31 36 38 15 42 61 23 19 11 66 34 8 33 18 71 7 53 47 21 24 51 44 27 60 39 62 43 6 26 35 4 63 1 5 
32 2 3 55 28 9 14 22 41 29 17 46 72 37 25 45 31 36 38 15 42 61 23 19 11 66 34 8 33 18 71 7 47 53 21 24 51 44 27 60 39 62 43 49 6 26 35 4 63 1 5 
33 2 3 55 28 9 14 22 41 29 17 46 72 37 25 45 31 36 38 15 42 61 23 19 11 66 34 8 33 18 71 7 47 53 21 24 51 44 27 60 39 62 43 49 6 26 35 4 63 1 5 
34 2 3 55 28 9 14 22 41 29 17 46 72 37 25 45 31 36 38 15 42 61 23 19 11 66 34 8 33 18 71 7 47 53 21 24 51 44 27 60 39 62 43 49 6 26 35 4 63 1 5 
35 2 3 55 28 9 14 22 41 29 17 46 72 37 25 45 31 36 38 15 42 61 23 19 11 66 34 8 33 18 71 7 47 53 21 24 51 44 27 60 39 62 43 49 6 26 35 4 63 1 5 
36 2 3 55 28 9 14 22 41 29 17 46 72 37 25 45 31 38 36 15 42 61 23 19 11 66 34 8 33 18 71 7 47 53 21 24 51 44 27 60 39 62 43 49 6 26 35 4 63 1 5 
37 2 3 55 28 9 14 22 41 29 17 46 72 37 25 45 31 36 38 15 42 61 23 19 11 66 34 8 33 18 71 7 47 53 21 24 51 44 27 60 39 62 43 49 6 26 35 4 63 1 5 
38 2 3 55 28 9 14 22 41 29 17 46 72 37 25 45 31 36 38 15 42 61 23 19 11 66 34 8 33 18 71 7 47 53 21 24 51 44 27 60 39 62 43 49 6 26 35 4 63 1 5 
39 2 3 55 28 9 14 22 41 29 17 46 72 37 25 45 31 36 38 15 42 61 23 19 11 66 34 8 33 18 71 7 47 53 21 24 51 44 27 60 39 62 43 49 6 26 35 4 63 1 5 
40 2 3 55 28 9 14 22 41 29 17 46 72 37 25 45 31 36 38 15 42 61 23 19 11 66 34 8 33 18 71 7 47 53 21 24 51 44 27 60 39 62 43 49 6 26 35 4 63 1 5 
41 2 3 55 28 9 22 41 29 17 46 72 37 25 45 31 36 38 15 42 61 23 19 11 66 34 8 33 18 71 7 47 53 21 24 51 44 27 60 39 62 43 49 6 26 35 4 63 1 5 
42 2 3 55 28 9 22 41 29 17 46 72 37 25 45 31 36 38 15 42 61 23 19 11 66 34 8 33 18 71 7 47 53 21 24 51 44 27 60 39 62 43 49 6 26 35 4 63 1 5 
43 2 3 55 28 9 22 41 29 17 46 72 37 25 45 31 36 38 15 42 61 23 19 11 66 34 8 33 18 71 7 47 53 21 24 51 44 27 60 39 62 43 49 6 26 35 4 63 1 5 
44 2 3 55 28 9 22 41 29 17 46 72 37 25 45 31 36 38 15 42 61 23 19 11 66 34 8 33 18 71 7 47 53 21 24 51 44 27 60 39 62 43 49 6 26 35 4 63 1 5 
45 2 3 55 28 9 22 41 29 17 46 72 37 25 45 31 36 38 15 42 61 23 19 11 66 34 8 33 18 71 7 47 53 21 24 51 44 27 60 39 62 43 49 6 26 35 4 63 1 5 
46 2 3 55 28 9 22 41 29 17 46 72 37 25 45 31 36 38 15 42 61 23 19 11 66 34 8 33 18 71 7 47 53 21 24 51 44 27 60 39 62 43 49 6 26 35 4 63 1 5 
47 2 3 55 28 9 22 41 29 17 46 72 37 25 45 31 36 38 15 42 61 23 19 11 66 34 8 33 18 71 7 53 47 21 24 51 44 27 60 39 62 43 49 6 26 35 4 63 1 5 
48 2 3 55 28 9 22 41 29 17 46 72 37 25 45 31 36 38 15 42 61 23 19 11 66 34 8 33 18 71 7 47 53 21 24 51 44 27 60 39 62 43 49 6 26 35 4 63 1 5 
49 2 3 55 28 9 14 22 41 29 17 46 72 37 25 45 36 38 15 42 61 23 19 11 66 34 8 33 18 71 7 47 53 21 24 51 44 27 60 39 62 43 49 6 26 35 4 63 1 5 
50 2 3 55 28 9 14 22 41 29 17 46 72 37 25 45 36 38 15 42 61 23 19 11 66 34 8 33 18 71 7 47 53 21 24 51 44 27 60 39 62 43 49 6 26 35 4 63 1 5 
51 2 3 55 28 9 14 22 41 17 46 72 37 25 45 31 36 38 15 42 61 23 19 11 66 34 8 33 18 71 7 47 53 21 24 51 44 27 60 39 62 43 49 6 26 35 4 63 1 5 
52 2 3 55 28 9 14 22 41 17 46 72 37 25 45 31 36 38 15 42 61 23 19 11 66 34 8 33 18 71 7 47 53 21 24 51 44 27 60 39 62 43 49 6 26 35 4 63 1 5 
53 2 3 55 28 9 14 22 41 29 17 46 72 37 25 45 31 36 38 42 61 23 19 11 66 34 8 33 18 71 7 47 53 21 24 51 13 44 27 60 39 62 43 49 6 26 35 4 63 1 5 
54 2 3 55 28 9 14 22 41 29 17 46 72 37 25 45 31 36 38 42 61 23 19 11 66 34 8 33 18 71 7 53 47 21 24 51 13 44 27 60 39 62 43 49 6 26 35 4 63 1 5 
55 2 3 55 28 9 14 22 41 29 17 46 72 37 25 45 31 36 38 15 42 61 23 19 11 66 34 8 33 18 71 7 53 47 21 24 51 13 44 27 60 39 62 43 49 6 26 35 4 63 1 5 
56 2 3 55 28 9 14 22 41 29 17 46 72 37 25 45 31 36 38 42 61 23 19 11 66 34 8 33 18 71 7 47 21 24 56 51 13 44 27 60 39 62 43 49 6 26 35 4 63 1 5 
57 2 3 55 28 9 14 22 41 29 17 46 72 37 25 45 31 36 38 42 61 23 19 67 11 66 34 8 68 33 18 71 7 47 21 24 56 51 13 44 27 60 39 62 43 49 6 26 35 4 63 1 5 
58 2 3 55 28 9 14 22 41 29 17 46 72 37 25 45 31 36 38 42 61 23 19 67 11 66 34 8 68 33 18 71 7 47 21 24 56 51 13 44 27 60 39 62 43 49 6 26 35 4 63 1 5 
59 2 3 55 28 9 14 22 41 29 17 46 72 37 25 45 31 36 38 42 61 23 19 67 11 66 34 8 68 33 18 71 7 47 21 24 56 51 13 44 27 60 39 62 43 49 6 26 35 4 63 1 5 
60 2 3 55 28 9 14 22 41 29 17 46 72 37 25 45 31 36 38 42 61 23 19 67 11 66 34 8 68 33 18 71 7 47 21 24 56 51 13 44 27 60 39 62 43 49 6 26 35 4 63 1 5 
61 2 3 55 28 9 14 22 41 29 17 46 72 37 25 45 31 36 38 42 61 23 19 67 11 66 34 8 68 33 18 71 7 47 21 24 56 51 13 44 27 60 39 62 43 49 6 26 35 4 63 1 5 
62 2 3 55 28 9 14 22 41 29 17 46 72 37 25 45 31 36 38 42 61 23 19 67 11 66 34 8 68 33 18 71 7 47 21 24 56 51 13 44 27 60 39 62 43 49 6 26 35 4 63 1 5 
63 2 3 55 28 9 14 22 41 29 17 46 72 37 25 45 31 36 38 42 61 23 19 67 11 66 34 8 68 33 18 71 7 47 21 24 56 51 13 44 27 60 39 62 43 49 6 26 35 4 63 1 5 
64 2 3 55 28 9 14 22 41 29 17 46 72 37 25 45 31 36 38 42 61 23 19 67 11 66 34 8 68 33 18 71 7 47 21 24 56 51 13 44 27 60 39 62 43 49 6 26 35 4 63 1 5 
65 2 3 55 28 9 14 22 41 29 17 46 72 37 25 45 31 36 38 42 61 23 19 67 11 66 34 8 68 33 18 71 7 47 21 24 56 51 13 44 27 60 39 62 43 49 6 26 35 4 63 1 5 
66 2 3 55 28 9 14 22 41 29 17 46 72 37 25 45 31 36 38 42 61 23 19 67 11 66 34 8 68 33 18 71 7 47 21 24 56 51 13 44 27 60 39 62 43 49 6 26 35 4 63 1 5 
67 2 3 55 9 14 22 41 29 17 46 72 37 25 45 31 36 38 42 61 23 19 67 11 66 34 8 68 33 18 71 7 47 21 24 56 51 44 27 60 39 62 43 49 6 26 35 4 63 1 5 
68 2 3 55 28 9 14 22 41 29 17 46 72 37 25 45 31 36 38 42 61 23 19 67 11 66 34 8 33 68 18 71 7 47 21 24 51 13 44 27 60 39 62 43 49 6 26 35 4 63 1 5 
69 2 3 55 28 9 14 22 41 29 17 46 72 37 25 45 31 36 38 42 61 23 19 67 11 66 34 8 68 33 18 71 7 47 21 24 51 13 44 27 60 39 62 43 49 6 26 35 4 63 1 5 
70 2 3 55 28 9 14 22 41 29 17 46 72 37 25 45 31 36 38 42 61 23 19 67 11 66 34 8 68 33 18 71 7 47 21 24 56 51 13 44 27 60 39 62 43 49 6 26 35 4 63 1 5 
71 2 3 55 28 9 14 22 41 29 17 46 72 37 25 45 31 36 38 42 61 23 19 67 11 66 34 8 68 33 18 71 47 21 24 56 51 13 44 27 60 39 62 43 49 6 26 35 4 63 1 5 
72 2 3 55 28 14 22 41 29 17 46 72 37 25 45 31 36 38 42 61 23 19 67 11 66 34 8 68 33 71 18 7 47 21 24 56 51 13 44 27 60 39 62 43 49 6 26 35 4 63 1 5 
73 2 3 55 28 14 22 41 29 17 46 72 37 25 45 31 36 38 42 61 23 19 67 11 66 34 8 68 33 71 18 7 47 21 24 56 51 13 44 27 60 39 62 43 49 6 26 35 4 63 1 5 
74 2 3 55 28 9 14 22 41 29 17 46 72 37 25 45 31 36 38 42 61 23 19 67 11 66 34 8 68 33 71 18 7 47 21 24 56 51 13 44 27 60 39 62 43 49 6 26 35 4 63 1 5 
