1 1 
2 1 2 
3 1 2 3 
4 1 4 2 3 
5 1 4 2 3 5 
6 1 4 2 3 6 5 
7 1 4 2 3 6 5 7 
8 1 4 2 3 6 5 8 7 
9 1 4 2 3 6 5 8 9 7 
10 59 35 46 57 62 48 5 34 16 20 45 7 1 29 37 2 26 53 31 54 42 18 27 24 10 61 32 41 36 19 39 40 55 4 15 43 3 6 25 12 22 44 50 8 33 9 23 
11 59 35 46 57 62 48 5 34 16 20 45 7 1 29 37 2 26 53 31 54 42 18 27 10 24 61 32 41 36 19 39 40 55 4 15 43 3 6 25 12 22 44 50 8 33 9 23 
12 59 35 46 57 62 48 5 34 16 20 45 7 1 29 37 2 26 53 31 54 42 18 27 10 24 61 32 41 36 19 39 40 55 4 15 43 3 6 25 12 22 44 50 8 33 9 23 
13 59 35 46 57 62 48 5 34 16 20 45 7 1 29 37 2 26 53 31 54 42 18 27 10 24 61 32 41 36 19 39 40 55 4 15 43 3 6 25 12 22 44 50 8 33 9 23 
14 35 46 57 62 48 5 34 16 20 45 7 1 29 37 2 26 53 31 54 42 18 27 10 24 61 32 41 36 19 39 40 55 4 15 43 3 6 25 12 22 44 50 14 8 33 9 23 
15 35 46 57 62 48 5 34 16 20 45 7 1 29 37 2 26 53 31 54 42 18 27 10 24 61 32 41 36 19 39 55 4 15 43 3 6 25 12 22 44 14 50 8 33 9 23 
16 35 46 62 48 5 34 16 20 45 7 1 29 37 2 26 53 31 54 42 18 27 10 24 61 32 41 36 19 39 55 4 15 43 3 6 25 12 22 44 14 50 8 33 9 23 
17 35 46 57 62 48 5 34 16 20 45 7 1 29 37 2 26 53 56 31 54 42 18 27 10 24 61 32 41 36 19 39 40 55 4 15 43 3 6 25 12 22 44 14 50 8 33 9 23 
18 35 46 57 62 48 5 34 16 20 45 7 1 29 37 2 26 53 56 31 54 42 27 18 10 24 61 32 41 36 19 39 40 55 4 15 43 3 6 25 12 22 44 14 50 8 33 9 23 
19 35 46 57 62 48 5 34 16 20 45 7 1 29 37 2 26 53 56 31 54 42 18 27 10 24 61 32 41 36 19 39 40 55 4 15 43 3 6 25 12 22 44 14 50 8 33 9 23 
20 35 46 57 62 48 5 34 16 45 20 7 1 29 37 2 26 53 56 31 54 42 18 27 10 24 61 32 41 36 19 39 40 55 4 15 43 3 6 25 12 22 44 14 50 8 33 9 23 
21 35 46 57 62 48 5 34 16 20 45 7 1 29 37 2 26 53 56 31 54 42 18 27 10 24 61 32 41 36 19 39 40 55 4 15 43 3 6 25 12 22 44 14 50 8 33 9 23 
22 35 46 57 62 48 5 34 16 20 45 7 1 29 37 2 26 53 56 31 54 42 18 27 10 24 61 32 41 36 19 40 55 4 15 43 3 6 25 12 44 22 14 50 8 33 9 23 
23 35 46 57 62 48 5 34 16 20 45 7 1 29 37 2 26 53 56 31 54 42 18 27 10 24 61 32 41 36 19 40 55 4 15 43 3 6 25 12 22 44 14 50 8 33 9 23 
24 35 46 57 62 48 5 34 16 20 45 7 1 29 37 2 26 53 56 31 54 42 18 27 10 24 61 32 41 36 19 40 55 4 15 43 3 6 25 12 22 44 14 50 8 33 9 23 
25 35 46 57 62 48 5 34 16 20 45 7 1 29 37 2 26 53 56 31 54 42 18 27 10 24 61 32 41 36 19 40 55 4 15 43 3 6 25 12 22 44 14 50 8 33 9 23 
26 35 46 57 62 48 5 34 16 20 45 7 1 29 37 2 53 56 26 31 54 42 18 27 10 24 61 32 41 36 19 40 55 4 15 43 3 6 25 12 22 44 14 50 8 33 9 23 
27 35 46 57 62 48 5 34 16 20 45 7 1 29 37 2 26 53 56 31 54 42 18 27 10 24 61 32 41 36 19 40 55 4 15 43 3 6 25 12 22 44 14 8 33 9 23 
28 35 46 57 62 48 5 34 16 20 45 7 1 29 37 2 26 53 56 31 54 42 18 27 10 24 61 32 41 36 19 39 40 55 4 15 43 3 6 25 12 22 44 14 50 8 33 9 23 
29 35 46 57 62 5 34 16 20 45 7 1 37 29 2 26 53 56 31 54 42 18 27 10 24 61 32 41 36 19 39 40 55 4 15 43 3 6 25 12 22 44 14 50 8 33 9 23 
30 35 46 57 62 48 5 34 16 20 45 7 1 29 37 2 26 53 56 31 54 42 18 27 10 24 61 32 41 36 19 39 40 55 4 15 43 3 6 25 12 22 44 14 50 8 33 9 23 
31 35 46 57 62 48 5 34 16 20 45 7 1 29 37 2 26 53 56 31 54 42 18 27 10 24 61 32 41 36 19 39 40 55 4 15 43 3 6 25 12 22 44 14 50 8 33 9 23 
32 35 46 57 62 48 5 34 16 20 45 7 1 29 37 2 26 53 56 31 54 42 18 27 10 24 61 32 41 36 19 39 40 55 4 15 43 3 6 25 12 22 44 14 50 8 33 9 23 
33 35 46 57 62 48 5 34 16 20 45 7 1 29 37 2 26 53 56 31 54 42 18 27 10 24 61 32 41 36 19 39 40 55 4 15 43 3 6 25 12 22 44 14 50 8 33 9 23 
34 35 46 57 62 48 5 34 16 20 45 7 1 29 37 2 26 53 56 31 54 42 18 27 10 24 61 32 41 36 19 39 40 55 4 15 43 3 6 25 12 22 44 14 50 8 33 9 23 
35 46 35 57 62 48 5 34 16 20 45 7 1 29 37 2 26 53 56 31 54 42 18 27 10 24 61 32 41 36 19 39 40 55 4 15 43 3 6 25 12 22 44 14 50 8 33 9 23 
36 35 46 57 62 48 5 34 16 20 45 7 1 29 37 2 26 53 56 31 54 42 18 27 10 24 61 32 41 36 19 39 40 55 4 15 43 3 6 25 12 22 44 14 50 8 33 9 23 
37 35 46 57 62 48 5 34 16 20 45 7 1 29 37 2 26 53 56 31 54 42 18 27 10 24 61 32 41 36 19 39 40 55 4 15 43 3 6 25 12 22 44 14 50 8 33 9 23 
38 35 46 57 62 48 5 34 16 20 45 7 1 29 37 2 26 53 56 31 54 42 18 27 10 24 61 32 41 36 19 39 40 55 4 15 43 3 6 25 12 22 44 14 50 8 33 9 23 
39 35 46 57 62 48 5 34 16 20 45 7 1 29 37 2 26 53 56 31 54 42 18 27 10 24 61 32 41 36 19 40 39 55 4 15 43 3 6 25 12 44 14 50 8 33 9 23 
40 35 46 57 62 48 5 34 16 20 45 7 1 29 37 2 26 53 56 31 54 42 18 27 10 24 61 32 41 36 19 39 40 55 4 43 3 6 25 12 44 14 50 8 33 9 23 
41 35 46 57 62 48 5 34 16 20 45 7 1 29 37 2 26 53 56 31 54 42 18 27 10 24 61 32 41 36 19 39 40 55 4 43 3 6 25 12 44 14 50 8 33 9 23 
42 35 46 57 62 48 5 34 16 20 45 7 1 29 37 2 26 53 56 31 54 42 18 27 10 24 61 32 41 36 19 39 40 55 4 43 3 6 25 12 44 14 50 8 33 9 23 
43 35 46 57 62 48 5 34 16 20 45 7 1 29 37 2 26 53 56 31 54 42 18 27 10 24 61 32 41 36 19 39 40 55 4 43 3 6 25 12 44 14 50 8 33 9 23 
44 35 46 57 62 48 5 34 16 20 45 7 1 29 37 2 26 53 56 31 54 42 18 27 10 24 61 32 41 36 19 39 40 55 4 43 3 6 25 12 44 14 50 8 33 9 23 
45 35 46 57 62 48 5 34 16 20 45 7 1 29 37 2 26 53 56 31 54 42 18 27 10 24 61 32 41 36 19 39 40 55 4 43 3 6 25 12 44 14 50 8 33 9 23 
46 35 46 57 62 48 5 34 16 20 45 7 1 29 37 2 26 53 56 31 54 42 18 27 10 24 61 32 41 36 19 39 40 55 4 43 3 6 25 12 44 14 50 8 33 9 23 
47 35 46 57 62 48 5 34 16 20 45 7 1 29 37 2 26 53 56 31 54 42 18 27 10 24 61 32 41 36 19 39 40 55 4 43 3 6 25 12 44 14 50 8 33 9 23 
48 35 46 57 62 48 5 34 16 20 45 7 1 37 2 26 53 56 31 54 42 18 27 10 24 61 32 41 36 19 39 40 55 4 15 43 3 6 25 12 22 44 14 50 8 33 9 23 
49 35 46 57 62 48 5 34 16 20 45 7 1 37 2 26 53 56 31 54 42 18 27 10 24 61 32 41 36 19 39 40 55 4 15 43 3 6 25 12 22 44 14 50 8 33 9 23 
50 35 46 57 62 48 5 34 16 20 45 7 1 29 37 2 26 53 56 31 54 42 18 10 24 61 32 41 36 19 39 40 55 4 15 43 3 6 25 12 22 44 14 50 8 33 9 23 
51 35 46 57 62 48 5 34 16 20 45 7 1 29 37 2 26 53 56 31 54 42 18 10 24 61 32 41 36 19 39 40 55 4 15 43 3 6 25 12 22 44 14 50 8 33 9 23 
52 35 46 57 62 48 5 34 16 20 45 7 1 29 37 2 26 53 56 31 54 42 18 27 10 24 61 32 41 36 19 39 40 55 4 15 43 3 6 25 12 22 44 14 50 8 33 9 23 
53 35 46 57 62 48 5 34 16 20 45 7 1 29 37 2 26 56 53 31 54 42 18 27 10 24 61 32 41 36 19 39 40 55 4 15 43 3 6 25 12 22 44 14 50 8 33 9 23 
54 35 46 57 62 48 5 34 16 20 45 7 1 29 37 2 26 53 56 31 54 42 18 27 10 24 61 32 41 36 19 39 40 55 4 15 43 3 6 25 12 22 44 14 50 8 33 9 23 
55 35 46 57 62 48 5 34 16 20 45 7 1 29 37 2 26 53 56 31 54 42 18 27 10 24 61 32 41 36 19 39 40 55 4 15 43 3 6 25 12 22 44 14 50 8 33 9 23 
56 35 46 57 62 48 5 34 16 20 45 7 1 29 37 2 26 53 56 31 54 42 18 27 10 24 61 32 41 36 19 39 40 55 4 15 43 3 6 25 12 22 44 50 8 33 9 23 
57 35 46 57 62 48 5 34 20 45 7 1 29 37 2 26 53 56 31 54 42 18 27 10 24 61 32 41 36 19 39 40 55 4 15 43 3 6 25 12 22 44 14 50 8 33 9 23 
58 35 46 57 62 48 5 34 20 45 7 1 29 37 2 26 53 56 31 54 42 18 27 10 24 61 32 41 36 19 39 40 55 4 15 43 3 6 25 12 22 44 14 50 8 33 9 23 
59 35 46 59 57 62 48 5 34 16 20 45 7 1 29 37 2 26 53 31 54 42 18 27 10 24 61 32 41 36 19 39 40 55 4 15 43 3 6 25 12 22 44 50 8 33 9 23 
60 59 35 46 57 62 48 5 34 16 20 45 7 1 29 37 2 26 53 31 54 42 18 27 10 24 61 32 41 36 19 39 40 55 4 15 43 3 6 25 12 22 44 50 8 33 9 23 
61 59 35 46 57 62 48 5 34 16 20 45 7 1 29 37 2 26 53 31 54 42 18 27 10 24 61 32 41 36 19 39 40 55 4 15 43 3 6 25 12 22 44 50 33 9 23 
62 59 35 46 57 62 48 5 34 16 20 45 7 1 29 37 2 26 53 31 54 42 18 27 10 24 61 32 41 36 19 39 40 55 4 15 43 3 6 25 12 22 44 50 8 33 23 
63 59 35 46 57 62 48 5 34 16 20 45 7 1 29 37 2 26 53 31 54 42 18 27 10 24 61 32 41 36 19 39 40 55 4 15 43 3 6 25 12 22 44 50 8 33 23 
64 59 35 46 57 62 48 5 34 16 20 45 7 1 29 37 2 26 53 31 54 42 18 27 10 24 61 32 41 36 19 39 40 55 4 15 43 3 6 25 12 22 44 50 8 33 9 23 
