1 1 
2 2 1 
3 2 3 1 
4 2 3 1 
5 2 5 3 1 
6 2 5 3 6 1 
7 2 5 3 6 1 
8 2 5 3 6 1 8 
9 2 5 3 6 1 8 
10 2 5 3 6 1 10 
11 2 5 3 6 1 10 
12 2 5 3 6 1 10 
13 13 2 5 3 6 1 10 
14 22 2 19 5 20 3 10 17 24 13 14 18 36 6 23 1 15 34 
15 22 2 19 5 20 3 10 17 24 13 14 18 36 6 23 1 34 15 
16 22 2 19 5 20 3 10 17 24 13 14 18 36 6 23 1 15 34 
17 22 2 19 5 20 3 10 17 24 13 14 18 36 6 23 1 15 
18 22 2 19 5 20 3 10 17 24 13 14 18 36 6 23 1 15 34 
19 22 2 19 5 20 3 10 17 24 13 14 18 36 6 23 1 15 34 
20 22 2 19 5 20 3 10 17 24 13 14 18 36 6 23 1 15 34 
21 22 2 19 5 20 3 10 17 24 13 14 18 36 6 23 1 15 34 
22 22 2 19 5 20 3 10 17 24 13 14 18 36 6 23 1 15 34 
23 22 2 19 5 20 3 10 17 24 13 14 18 36 6 23 1 15 34 
24 22 2 19 5 20 3 10 17 24 13 14 18 36 6 23 1 15 34 
25 22 2 19 5 20 3 10 17 24 13 14 18 36 6 23 1 15 34 
26 22 2 19 5 20 3 26 10 17 24 13 14 18 36 6 23 1 15 34 
27 22 2 19 5 20 3 26 10 17 24 13 14 18 36 6 23 1 15 34 
28 22 2 19 5 20 3 26 10 17 24 13 14 18 36 6 23 1 15 34 
29 22 2 19 5 20 3 26 10 17 24 13 14 18 36 6 23 1 15 34 
30 22 2 19 5 20 3 26 10 17 24 13 14 18 36 30 6 23 1 15 34 
31 22 2 19 5 20 3 26 10 17 24 13 14 18 36 30 6 23 1 15 34 
32 22 2 19 5 20 3 26 10 17 24 13 14 18 36 30 6 23 1 15 34 
33 22 2 19 5 20 3 26 10 17 24 13 14 18 36 30 6 23 1 15 34 
34 22 2 19 5 20 3 10 24 13 14 18 36 6 23 1 15 34 
35 22 2 19 5 20 3 10 24 13 14 18 36 6 23 1 15 34 
36 22 2 19 5 20 3 10 17 24 14 18 36 6 23 1 15 34 
37 22 2 19 5 20 3 10 17 24 14 18 36 6 23 1 15 34 
38 22 2 19 5 20 3 10 17 24 13 14 18 36 6 23 1 15 34 
