1 1 
2 1 2 
3 1 2 3 
4 4 1 2 3 
5 4 5 1 2 3 
6 4 5 1 6 2 3 
7 4 8 13 14 9 19 15 6 5 10 1 17 12 2 3 
8 4 13 8 14 9 19 15 6 5 10 1 2 3 
9 4 8 13 14 9 19 15 6 5 10 1 2 3 
10 4 8 13 14 9 19 15 6 5 10 1 2 3 
11 4 8 13 14 9 19 15 6 5 10 1 2 3 
12 4 13 14 9 19 15 6 5 10 1 12 2 3 
13 4 8 13 14 9 19 15 6 5 10 1 12 2 3 
14 4 8 13 14 9 19 15 6 5 10 1 12 2 3 
15 4 8 13 14 9 19 15 6 5 10 1 12 2 3 
16 4 8 13 14 9 19 15 6 5 10 1 12 2 3 
17 4 13 14 9 19 15 6 5 10 1 17 2 3 
18 4 8 13 14 9 19 15 6 5 10 1 17 12 2 3 
19 4 8 13 14 9 19 15 5 10 1 17 12 2 3 
20 4 8 13 14 9 19 15 5 10 1 17 12 2 3 
21 4 8 13 14 9 19 15 6 5 10 1 17 12 2 3 
