1 1 
2 2 1 
3 2 1 
4 2 1 4 
5 2 1 4 
6 2 1 6 
7 2 7 1 6 
8 2 8 7 1 6 
9 2 8 7 9 1 6 
10 2 8 7 9 1 10 6 
11 2 8 7 9 1 11 10 6 
12 12 2 8 7 9 1 11 10 6 
13 12 2 13 8 7 9 1 11 10 6 
14 12 2 14 13 8 7 9 1 11 10 6 
15 12 2 14 13 8 7 9 1 11 15 10 6 
16 12 13 7 9 11 15 2 14 8 16 1 10 6 
17 12 13 20 7 9 21 11 15 2 14 18 8 16 1 22 19 10 6 
18 12 13 20 7 9 21 11 15 2 14 18 8 16 1 22 19 10 6 
19 12 13 20 7 9 21 11 15 2 14 18 8 16 1 22 19 10 6 
20 12 13 20 7 9 21 11 15 2 14 18 8 16 1 22 19 10 6 
21 12 13 20 7 9 21 11 15 2 14 18 8 16 1 22 19 10 
22 12 13 20 7 9 21 11 15 2 14 18 8 1 22 19 10 
23 12 13 20 7 9 21 11 15 2 14 18 8 1 22 19 10 
24 12 13 20 7 9 21 11 15 2 14 18 8 16 1 22 19 10 6 
25 12 13 20 7 9 21 11 15 2 14 18 8 16 25 1 22 19 10 6 
26 12 13 20 7 9 21 11 15 2 14 18 8 16 25 1 22 19 10 6 
