1 1 
2 1 2 
3 1 2 
4 4 1 2 
5 4 1 2 
6 6 1 2 
7 6 7 1 2 
8 6 7 1 2 
9 6 7 9 1 2 
10 6 10 7 9 1 2 
11 6 10 7 9 1 2 11 
12 6 10 7 12 9 1 2 11 
13 6 10 7 12 9 1 2 13 11 
14 6 10 14 7 12 9 1 2 13 11 
15 6 10 14 7 12 9 1 2 13 15 11 
16 6 10 14 7 12 9 1 2 13 15 11 16 
17 6 10 7 12 17 9 13 11 16 14 1 2 15 
18 6 10 7 12 17 9 13 11 16 14 1 2 18 15 
19 6 10 7 12 19 17 9 13 11 16 14 1 2 18 15 
20 6 10 7 12 19 17 9 20 13 11 16 14 1 2 18 15 
21 6 10 21 7 12 19 17 9 20 13 11 16 14 1 2 18 15 
22 6 10 21 7 12 19 17 9 20 13 11 16 14 1 2 22 18 15 
23 6 10 21 7 12 19 17 9 20 13 11 16 14 1 2 22 18 23 15 
24 6 10 21 7 12 19 17 9 20 13 11 16 24 14 1 2 22 18 23 15 
25 6 10 25 21 7 12 19 17 9 20 13 11 16 24 14 1 2 22 18 23 15 
26 6 10 25 21 7 12 19 17 9 26 20 13 11 16 24 14 1 2 22 18 23 15 
27 6 10 25 21 7 12 19 17 9 26 20 13 11 16 24 14 1 2 22 18 27 23 15 
28 6 10 25 21 7 12 19 17 9 26 20 13 11 16 24 14 1 2 22 28 18 27 23 15 
29 10 25 7 12 17 9 26 11 24 14 2 22 28 27 15 29 6 21 19 20 13 16 1 18 23 
30 10 25 7 12 17 9 26 11 24 14 30 2 22 28 27 15 29 6 21 19 20 13 16 1 18 23 
31 10 25 7 12 17 9 26 11 24 14 30 2 22 28 27 15 29 6 21 19 20 13 16 31 1 18 23 
32 10 25 7 12 17 9 26 11 24 14 30 2 22 28 27 15 29 6 21 19 20 32 13 16 31 1 18 23 
33 10 25 7 12 17 9 26 11 24 14 30 2 22 28 27 15 29 6 33 21 19 20 32 13 16 31 1 18 23 
34 10 25 7 12 17 9 34 26 11 24 14 30 2 22 28 27 15 29 6 33 21 19 20 32 13 16 31 1 18 23 
35 10 25 7 12 17 9 34 26 11 24 14 30 2 22 28 27 15 29 6 33 21 19 20 35 32 13 16 31 1 18 23 
36 10 25 36 7 12 17 9 34 26 11 24 14 30 2 22 28 27 15 29 6 33 21 19 20 35 32 13 16 31 1 18 23 
37 10 25 36 7 12 17 9 34 37 26 11 24 14 30 2 22 28 27 15 29 6 33 21 19 20 35 32 13 16 31 1 18 23 
38 10 25 36 7 12 17 9 34 37 26 11 24 14 30 2 22 28 27 15 29 6 33 21 19 38 20 35 32 13 16 31 1 18 23 
39 10 25 36 7 12 17 9 34 37 26 11 24 14 30 2 22 28 27 39 15 29 6 33 21 19 38 20 35 32 13 16 31 1 18 23 
40 10 25 36 7 12 17 9 34 37 26 11 24 14 30 2 22 28 27 39 15 29 6 33 21 19 38 20 40 35 32 13 16 31 1 18 23 
41 10 25 36 7 12 17 9 34 37 26 11 24 14 30 2 22 28 27 39 15 29 6 33 21 19 38 20 40 35 32 13 16 31 1 18 23 
42 6 7 42 1 2 
43 6 7 42 1 2 43 
44 6 7 42 1 2 43 
45 6 7 42 1 2 45 43 
46 6 7 42 46 1 2 45 43 
47 6 7 42 46 1 2 45 43 47 
48 6 48 7 42 46 1 2 45 43 47 
49 6 48 7 42 46 1 2 45 43 47 49 
50 6 48 7 42 46 1 2 50 45 43 47 49 
51 6 7 46 50 43 47 49 48 42 51 1 2 45 
52 6 7 46 50 43 47 49 48 42 52 51 1 2 45 
53 6 7 46 50 43 53 47 49 48 42 52 51 1 2 45 
54 6 7 46 50 43 53 47 49 48 42 52 51 1 2 45 54 
55 6 7 46 50 43 53 47 49 48 42 52 51 1 2 55 45 54 
56 6 7 56 46 50 43 53 47 49 48 42 52 51 1 2 55 45 54 
57 6 7 56 57 46 50 43 53 47 49 48 42 52 51 1 2 55 45 54 
58 6 7 56 57 46 50 43 53 47 49 48 42 52 51 1 2 55 45 54 58 
59 6 7 56 57 46 50 59 43 53 47 49 48 42 52 51 1 2 55 45 54 58 
60 6 7 56 57 46 50 59 43 53 47 49 48 42 52 51 1 2 55 45 54 58 60 
61 6 7 56 57 46 50 59 43 53 47 49 48 42 52 51 1 2 55 45 54 58 60 61 
62 6 7 56 57 46 50 59 43 53 47 49 48 42 52 51 1 2 55 45 54 62 58 60 61 
63 7 57 59 43 42 63 51 2 55 61 6 56 46 50 53 47 49 48 52 1 45 54 62 58 60 
64 7 57 59 43 42 63 51 2 55 61 6 56 46 50 53 47 49 48 64 52 1 45 54 62 58 60 
65 7 57 65 59 43 42 63 51 2 55 61 6 56 46 50 53 47 49 48 64 52 1 45 54 62 58 60 
66 7 57 65 59 43 42 63 51 2 55 61 6 56 46 50 53 47 49 66 48 64 52 1 45 54 62 58 60 
67 7 57 65 59 43 67 42 63 51 2 55 61 6 56 46 50 53 47 49 66 48 64 52 1 45 54 62 58 60 
68 7 57 65 59 43 67 42 63 51 2 55 61 6 56 46 50 53 47 49 66 48 64 68 52 1 45 54 62 58 60 
69 7 57 65 69 59 43 67 42 63 51 2 55 61 6 56 46 50 53 47 49 66 48 64 68 52 1 45 54 62 58 60 
70 7 57 65 69 59 43 67 42 63 51 2 55 61 6 70 56 46 50 53 47 49 66 48 64 68 52 1 45 54 62 58 60 
71 7 57 65 69 59 43 67 42 63 51 2 55 61 6 70 56 46 71 50 53 47 49 66 48 64 68 52 1 45 54 62 58 60 
72 7 57 65 69 59 43 67 42 63 51 2 55 61 6 70 56 46 71 50 53 47 49 66 48 64 68 52 1 72 45 54 62 58 60 
73 7 57 65 69 59 43 67 42 63 51 2 55 61 6 70 56 46 71 50 73 53 47 49 66 48 64 68 52 1 72 45 54 62 58 60 
74 7 57 65 69 59 74 43 67 42 63 51 2 55 61 6 70 56 46 71 50 73 53 47 49 66 48 64 68 52 1 72 45 54 62 58 60 
75 7 57 65 69 59 74 43 75 67 42 63 51 2 55 61 6 70 56 46 71 50 73 53 47 49 66 48 64 68 52 1 72 45 54 62 58 60 
76 7 57 65 69 76 59 74 43 75 67 42 63 51 2 55 61 6 70 56 46 71 50 73 53 47 49 66 48 64 68 52 1 72 45 54 62 58 60 
77 7 57 65 69 76 59 74 43 75 67 42 63 51 2 55 61 6 70 56 46 71 50 73 53 47 49 66 48 64 68 52 1 72 45 54 62 58 60 
78 6 7 42 78 1 2 43 
79 6 7 42 78 1 2 79 43 
80 6 7 42 78 1 2 79 43 
81 6 7 42 78 1 2 79 81 43 
82 6 82 7 42 78 1 2 79 81 43 
83 6 82 7 42 83 78 1 2 79 81 43 
84 6 82 7 42 83 78 1 2 79 81 84 43 
85 6 82 7 85 79 81 43 42 83 78 1 2 84 
86 6 82 7 85 79 81 43 42 83 78 1 2 84 86 
87 6 82 87 7 85 79 81 43 42 83 78 1 2 84 86 
88 6 82 87 7 88 85 79 81 43 42 83 78 1 2 84 86 
89 6 82 87 7 88 85 79 81 89 43 42 83 78 1 2 84 86 
90 6 82 87 7 88 90 85 79 81 89 43 42 83 78 1 2 84 86 
91 6 82 87 7 88 90 85 79 81 89 43 91 42 83 78 1 2 84 86 
92 6 82 87 7 88 90 85 79 81 89 43 91 42 83 92 78 1 2 84 86 
93 6 82 87 7 88 90 85 79 81 89 43 91 42 83 92 78 1 2 84 93 86 
94 6 94 82 87 7 88 90 85 79 81 89 43 91 42 83 92 78 1 2 84 93 86 
95 6 94 82 87 7 88 90 85 79 81 95 89 43 91 42 83 92 78 1 2 84 93 86 
96 6 94 82 87 7 88 90 85 79 81 95 89 43 96 91 42 83 92 78 1 2 84 93 86 
97 94 82 7 81 89 43 96 91 97 42 83 78 2 84 6 87 88 90 85 79 95 92 1 93 86 
98 94 82 7 81 89 43 96 91 98 97 42 83 78 2 84 6 87 88 90 85 79 95 92 1 93 86 
99 94 82 7 81 99 89 43 96 91 98 97 42 83 78 2 84 6 87 88 90 85 79 95 92 1 93 86 
100 94 82 7 81 99 89 43 96 91 98 97 42 83 78 2 84 6 87 88 90 85 79 95 100 92 1 93 86 
101 94 82 7 81 99 89 43 96 91 98 97 42 83 78 2 84 6 87 88 90 85 79 95 100 92 1 93 86 101 
102 94 82 7 81 99 89 43 102 96 91 98 97 42 83 78 2 84 6 87 88 90 85 79 95 100 92 1 93 86 101 
103 94 82 7 81 103 99 89 43 102 96 91 98 97 42 83 78 2 84 6 87 88 90 85 79 95 100 92 1 93 86 101 
104 94 82 7 81 103 99 89 43 102 96 91 98 97 42 83 78 2 84 6 87 88 90 85 79 95 100 92 1 93 86 104 101 
105 94 82 7 81 103 99 89 43 102 96 91 98 97 42 83 78 2 84 6 87 88 90 85 79 95 105 100 92 1 93 86 104 101 
106 94 82 7 81 103 99 89 43 102 96 106 91 98 97 42 83 78 2 84 6 87 88 90 85 79 95 105 100 92 1 93 86 104 101 
107 94 82 7 81 103 99 89 43 102 96 106 91 98 97 42 83 78 2 84 6 87 88 90 85 79 95 105 100 92 107 1 93 86 104 101 
108 94 82 7 81 103 99 89 43 102 96 106 91 98 97 42 83 78 2 84 6 87 88 90 85 79 95 105 100 92 107 1 108 93 86 104 101 
109 94 82 7 81 103 99 89 109 43 102 96 106 91 98 97 42 83 78 2 84 6 87 88 90 85 79 95 105 100 92 107 1 108 93 86 104 101 
110 94 82 7 110 81 103 99 89 109 43 102 96 106 91 98 97 42 83 78 2 84 6 87 88 90 85 79 95 105 100 92 107 1 108 93 86 104 101 
111 94 82 7 110 81 103 99 89 109 43 102 96 106 91 98 97 42 83 78 2 84 6 87 88 90 85 79 111 95 105 100 92 107 1 108 93 86 104 101 
112 94 82 7 110 81 103 99 89 109 43 102 96 106 91 98 97 42 83 78 2 84 6 87 88 90 85 79 111 95 105 100 112 92 107 1 108 93 86 104 101 
113 94 82 7 110 81 103 99 89 109 43 102 96 106 91 98 97 42 83 78 2 84 6 87 88 90 85 79 111 95 105 100 112 92 107 1 108 93 86 104 101 
114 6 7 42 78 1 2 79 114 43 
115 6 7 42 78 115 1 2 79 114 43 
116 6 7 42 116 78 115 1 2 79 114 43 
117 6 7 42 116 117 78 115 1 2 79 114 43 
118 6 7 79 118 43 42 116 117 78 115 1 2 114 
119 6 7 79 118 43 119 42 116 117 78 115 1 2 114 
120 6 7 79 118 43 119 42 116 117 78 115 1 2 120 114 
121 6 7 79 118 43 119 121 42 116 117 78 115 1 2 120 114 
122 6 7 79 118 43 119 121 122 42 116 117 78 115 1 2 120 114 
123 6 7 123 79 118 43 119 121 122 42 116 117 78 115 1 2 120 114 
124 6 124 7 123 79 118 43 119 121 122 42 116 117 78 115 1 2 120 114 
125 6 124 7 123 79 118 43 119 121 122 42 116 117 78 115 1 2 120 125 114 
126 6 124 7 123 79 118 43 119 121 122 42 116 117 78 115 1 2 120 125 114 126 
127 6 124 127 7 123 79 118 43 119 121 122 42 116 117 78 115 1 2 120 125 114 126 
128 6 128 124 127 7 123 79 118 43 119 121 122 42 116 117 78 115 1 2 120 125 114 126 
129 6 128 124 127 7 123 79 118 43 119 121 129 122 42 116 117 78 115 1 2 120 125 114 126 
130 124 127 7 130 43 119 122 42 117 78 2 120 114 6 128 123 79 118 121 129 116 115 1 125 126 
131 124 127 7 130 43 119 122 42 117 78 2 120 131 114 6 128 123 79 118 121 129 116 115 1 125 126 
132 124 127 7 130 43 119 122 42 117 78 132 2 120 131 114 6 128 123 79 118 121 129 116 115 1 125 126 
133 124 127 7 130 43 119 122 42 117 78 132 2 120 131 114 6 128 133 123 79 118 121 129 116 115 1 125 126 
134 124 127 7 130 43 119 122 134 42 117 78 132 2 120 131 114 6 128 133 123 79 118 121 129 116 115 1 125 126 
135 124 127 7 130 43 119 122 134 42 117 78 132 2 120 135 131 114 6 128 133 123 79 118 121 129 116 115 1 125 126 
136 124 127 7 130 43 119 136 122 134 42 117 78 132 2 120 135 131 114 6 128 133 123 79 118 121 129 116 115 1 125 126 
137 124 127 7 130 137 43 119 136 122 134 42 117 78 132 2 120 135 131 114 6 128 133 123 79 118 121 129 116 115 1 125 126 
138 124 127 7 130 137 43 119 136 122 134 42 117 78 138 132 2 120 135 131 114 6 128 133 123 79 118 121 129 116 115 1 125 126 
139 124 127 7 130 137 43 119 136 122 134 42 117 78 138 132 2 120 135 131 114 6 128 133 123 139 79 118 121 129 116 115 1 125 126 
140 124 127 7 130 140 137 43 119 136 122 134 42 117 78 138 132 2 120 135 131 114 6 128 133 123 139 79 118 121 129 116 115 1 125 126 
141 124 127 7 130 140 137 43 119 136 122 134 42 117 78 138 132 2 120 135 131 114 141 6 128 133 123 139 79 118 121 129 116 115 1 125 126 
142 124 127 7 130 140 137 43 119 136 122 134 42 117 78 138 132 2 120 135 131 114 141 6 128 142 133 123 139 79 118 121 129 116 115 1 125 126 
143 124 127 7 130 140 137 43 119 136 122 134 42 117 78 138 132 2 120 135 131 114 141 6 128 142 133 123 139 79 118 121 129 143 116 115 1 125 126 
144 124 127 7 144 130 140 137 43 119 136 122 134 42 117 78 138 132 2 120 135 131 114 141 6 128 142 133 123 139 79 118 121 129 143 116 115 1 125 126 
145 124 127 7 144 130 140 137 43 119 136 122 134 42 117 78 138 132 2 120 135 131 114 145 141 6 128 142 133 123 139 79 118 121 129 143 116 115 1 125 126 
146 36 94 110 37 26 130 59 103 109 102 119 11 136 132 55 120 114 141 21 123 38 85 111 118 20 40 13 73 143 64 68 107 108 93 25 65 9 76 81 137 99 74 43 96 106 24 91 122 134 97 30 117 2 28 27 128 142 19 79 121 49 100 112 48 52 115 23 125 58 126 10 82 127 7 12 17 144 69 89 67 83 63 138 51 135 15 29 33 87 88 133 90 46 71 139 50 32 16 105 31 92 1 72 18 45 62 104 60 101 124 57 34 140 14 75 98 42 78 22 39 131 84 145 61 6 70 56 95 35 53 129 47 66 146 116 54 86 
147 36 94 110 37 26 130 59 103 109 102 119 11 136 132 55 120 114 141 21 123 38 85 111 118 20 40 13 73 143 64 68 107 108 93 25 65 9 76 81 137 99 74 43 96 106 24 91 122 134 97 30 117 2 28 27 128 142 19 79 121 49 100 112 48 52 115 23 125 58 126 10 82 127 7 12 17 144 69 89 67 83 63 138 51 135 15 29 33 87 88 133 90 46 71 139 50 32 16 105 31 92 1 72 18 45 62 104 60 101 124 57 34 140 14 75 98 42 78 22 39 131 84 145 61 6 70 56 95 35 53 129 47 66 146 116 54 86 
148 36 94 148 110 37 26 130 59 103 109 102 119 11 136 132 55 120 114 141 21 123 38 85 111 118 20 40 13 73 143 64 68 107 108 93 25 65 9 76 81 137 99 74 43 96 106 24 91 122 134 97 30 117 2 28 27 128 142 19 79 121 49 100 112 48 52 115 23 125 58 126 10 82 127 7 12 17 144 69 89 67 83 63 138 51 135 15 29 33 87 88 133 90 46 71 139 50 32 16 105 31 92 1 72 18 45 62 104 60 101 124 57 34 140 14 75 98 42 78 22 39 131 84 145 61 6 70 56 95 35 53 129 47 66 116 54 86 
149 36 94 148 110 37 26 130 59 103 109 102 119 11 136 132 55 120 114 141 21 123 38 85 111 118 20 40 13 73 143 64 68 107 108 93 25 65 9 76 81 137 99 74 43 96 106 24 91 122 134 97 30 117 2 28 27 128 142 19 79 121 49 100 112 48 52 115 23 125 58 126 10 82 127 7 12 17 144 69 89 67 83 63 138 51 135 15 29 33 87 88 133 90 46 71 139 50 32 16 105 31 92 1 72 18 45 62 104 60 101 124 57 34 140 14 75 98 42 78 22 39 131 84 145 61 6 70 56 95 35 53 129 47 66 146 116 54 86 
150 36 94 110 37 26 130 59 103 109 102 119 11 136 150 132 55 120 114 141 21 123 38 85 111 118 20 40 13 73 143 64 68 107 108 93 25 65 9 76 81 137 99 74 43 96 106 24 91 122 134 97 30 117 2 28 27 128 142 19 79 121 49 100 112 48 52 115 23 125 58 126 10 82 127 7 12 17 144 69 89 67 83 63 138 51 135 15 29 33 87 88 133 90 46 71 139 50 32 16 105 31 92 1 72 18 45 62 104 60 101 124 57 34 140 14 75 98 42 78 22 39 131 84 145 61 6 70 56 95 35 53 129 47 66 116 54 86 
151 36 94 148 110 37 26 130 59 103 109 102 119 11 136 150 132 55 120 114 141 21 123 38 85 111 118 20 40 13 73 143 64 68 107 108 93 25 65 9 76 81 137 99 74 43 96 106 24 91 122 134 97 30 117 2 28 27 128 142 19 79 121 49 100 112 48 52 115 23 125 58 126 10 82 127 7 12 17 144 69 89 67 83 63 138 51 135 15 29 33 87 88 133 90 46 71 139 50 32 16 105 31 92 1 72 18 45 62 104 60 101 124 57 34 140 14 75 98 42 78 22 39 131 84 145 61 6 70 56 95 35 53 129 47 66 146 116 54 86 
152 36 94 110 37 26 130 59 103 109 102 119 11 136 132 55 120 114 141 21 123 38 85 111 118 20 40 13 73 143 64 68 107 108 93 25 65 9 76 81 137 99 74 43 96 106 24 91 122 134 97 30 117 2 28 27 128 142 19 79 121 49 100 112 48 52 115 23 125 58 126 10 82 127 7 12 17 144 69 89 67 83 63 138 51 135 15 29 33 87 88 133 90 46 71 139 50 32 16 105 31 92 1 72 18 45 62 104 60 101 124 57 34 140 152 14 75 98 42 78 22 39 131 84 145 61 6 70 56 95 35 53 129 47 66 116 54 86 
153 36 94 148 110 37 26 130 59 103 109 102 119 11 136 150 132 55 120 114 141 21 123 38 85 111 118 20 40 13 73 143 64 68 107 108 93 25 65 9 76 81 137 99 74 43 96 106 24 91 122 134 97 30 117 2 28 27 128 142 19 79 121 49 100 112 48 52 115 23 125 58 126 10 82 127 7 12 17 144 69 89 67 83 63 138 51 135 15 29 33 87 88 133 90 46 71 139 50 32 16 105 31 92 1 72 18 45 62 104 60 101 124 57 34 140 152 14 75 98 42 78 22 39 131 84 145 61 6 70 56 95 35 53 129 47 66 146 116 54 86 
154 36 94 110 37 26 130 59 103 109 102 119 11 136 132 55 120 114 141 21 123 38 85 111 118 20 40 13 73 143 64 68 107 108 93 25 65 9 76 81 137 99 74 43 96 106 24 91 122 134 97 30 117 2 28 27 128 142 19 79 121 49 100 112 48 52 115 23 125 58 126 10 82 127 7 12 17 144 69 89 67 83 63 138 51 135 15 29 33 87 88 133 154 90 46 71 139 50 32 16 105 31 92 1 72 18 45 62 104 60 101 124 57 34 140 14 75 98 42 78 22 39 131 84 145 61 6 70 56 95 35 53 129 47 66 116 54 86 
155 36 94 148 110 37 26 130 59 103 109 102 119 11 136 150 132 55 120 114 141 21 123 38 85 111 118 20 40 13 73 143 64 68 107 108 93 25 65 9 76 81 137 99 74 43 96 106 24 91 122 134 97 30 117 2 28 27 128 142 19 79 121 49 100 112 48 52 115 23 125 58 126 10 82 127 7 12 17 144 69 89 67 83 63 138 51 135 15 29 33 87 88 133 154 90 46 71 139 50 32 16 105 31 92 1 72 18 45 62 104 60 101 124 57 34 140 152 14 75 98 42 78 22 39 131 84 145 61 6 70 56 95 35 53 129 47 66 146 116 54 86 
156 36 94 110 37 26 130 59 103 109 102 119 11 136 132 55 120 114 141 21 123 38 85 111 118 20 40 13 73 143 64 68 107 108 93 25 65 9 76 81 137 99 74 43 96 106 24 91 122 134 97 30 117 2 28 27 128 142 19 79 121 49 100 112 48 52 115 23 125 156 58 126 10 82 127 7 12 17 144 69 89 67 83 63 138 51 135 15 29 33 87 88 133 90 46 71 139 50 32 16 105 31 92 1 72 18 45 62 104 60 101 124 57 34 140 14 75 98 42 78 22 39 131 84 145 61 6 70 56 95 35 53 129 47 66 116 54 86 
157 36 94 148 110 37 26 130 59 103 109 102 119 11 136 150 132 55 120 114 141 21 123 38 85 111 118 20 40 13 73 143 64 68 107 108 93 25 65 9 76 81 137 99 74 43 96 106 24 91 122 134 97 30 117 2 28 27 128 142 19 79 121 49 100 112 48 52 115 23 125 156 58 126 10 82 127 7 12 17 144 69 89 67 83 63 138 51 135 15 29 33 87 88 133 154 90 46 71 139 50 32 16 105 31 92 1 72 18 45 62 104 60 101 124 57 34 140 152 14 75 98 42 78 22 39 131 84 145 61 6 70 56 95 35 53 129 47 66 146 116 54 86 
158 36 94 110 37 26 130 59 103 109 102 119 11 136 132 55 120 114 141 21 123 38 85 111 118 20 40 13 73 143 64 68 107 108 93 25 65 9 76 81 137 99 74 43 96 106 24 91 122 134 97 30 117 2 28 27 128 142 19 79 121 49 100 112 48 52 115 23 125 58 126 10 82 127 7 12 17 144 69 89 67 83 63 138 51 135 15 29 33 87 88 133 90 46 71 139 50 32 16 105 31 92 1 72 18 45 62 104 60 101 158 124 57 34 140 14 75 98 42 78 22 39 131 84 145 61 6 70 56 95 35 53 129 47 66 116 54 86 
159 36 94 148 110 37 26 130 59 103 109 102 119 11 136 150 132 55 120 114 141 21 123 38 85 111 118 20 40 13 73 143 64 68 107 108 93 25 65 9 76 81 137 99 74 43 96 106 24 91 122 134 97 30 117 2 28 27 128 142 19 79 121 49 100 112 48 52 115 23 125 156 58 126 10 82 127 7 12 17 144 69 89 67 83 63 138 51 135 15 29 33 87 88 133 154 90 46 71 139 50 32 16 105 31 92 1 72 18 45 62 104 60 101 158 124 57 34 140 152 14 75 98 42 78 22 39 131 84 145 61 6 70 56 95 35 53 129 47 66 146 116 54 86 
160 36 94 148 110 37 26 130 59 103 109 102 119 11 136 150 132 55 120 114 141 21 123 38 85 111 118 20 40 13 73 143 64 68 107 108 93 25 65 9 76 81 137 99 74 43 96 106 24 91 122 134 97 30 117 2 28 27 128 142 19 79 121 49 100 112 48 52 115 23 125 156 58 126 10 82 127 7 12 17 144 69 89 67 83 63 138 51 135 15 29 33 87 88 133 154 90 46 71 139 50 32 16 105 31 92 1 72 18 45 62 104 60 101 158 124 57 34 140 152 14 75 98 42 78 22 39 131 84 145 61 6 70 56 95 35 53 129 47 66 146 116 54 86 
