1 1 
2 2 1 
3 2 1 
4 2 4 1 
5 5 2 4 1 
6 5 6 2 4 1 
7 10 16 9 14 11 4 8 13 5 6 18 2 1 12 
8 10 16 9 14 11 4 13 8 5 6 18 2 1 12 
9 10 16 14 9 11 4 8 13 5 6 18 2 1 12 
10 16 10 9 14 11 4 8 13 5 6 18 2 1 12 
11 10 16 9 14 11 4 8 13 5 6 18 2 1 12 
12 10 16 9 14 11 4 8 13 5 6 18 2 1 12 
13 10 16 9 14 11 4 8 13 5 6 18 2 1 12 
14 10 16 9 14 11 4 8 13 5 6 18 2 1 12 
15 10 16 9 14 11 4 8 13 5 6 18 2 1 12 
16 10 16 9 14 11 4 8 13 5 6 18 2 1 12 
17 10 16 9 14 11 4 8 13 5 6 18 2 1 12 
18 10 16 9 14 11 4 8 13 5 18 2 1 12 
19 10 16 9 14 11 4 8 13 5 18 2 1 12 
20 10 16 9 14 11 4 8 13 5 6 18 2 1 12 
