1 1 
2 1 2 
3 1 3 2 
4 1 3 4 2 
5 1 3 4 2 
6 1 6 3 4 2 
7 1 22 24 3 31 17 16 4 2 10 7 21 25 6 15 9 12 19 13 23 20 28 
8 1 22 24 3 31 17 16 4 2 10 7 21 25 6 15 9 12 19 13 23 20 28 
9 1 22 24 3 31 17 16 4 2 10 7 21 25 6 15 9 12 19 13 23 20 28 
10 1 22 24 3 31 17 16 4 2 10 7 21 25 6 15 9 12 19 13 23 20 28 
11 1 22 24 3 31 17 16 4 2 10 7 21 25 6 15 9 12 19 13 23 20 28 
12 1 22 24 3 31 17 16 4 2 10 7 21 25 6 15 9 12 19 13 23 20 
13 1 22 24 3 17 31 16 4 2 10 7 21 25 6 15 9 12 19 23 13 20 28 
14 1 22 24 3 17 31 16 4 2 10 7 21 25 6 15 9 12 19 13 23 20 28 
15 1 22 24 3 17 31 16 4 2 10 7 21 25 6 15 9 12 19 13 23 20 28 
16 1 22 24 3 17 31 16 4 2 10 7 21 25 6 15 9 12 19 13 23 20 28 
17 1 22 24 3 31 17 16 4 2 10 7 21 25 6 15 9 12 19 13 23 20 28 
18 1 22 24 3 17 31 16 4 2 10 7 21 25 6 15 9 12 19 13 23 20 28 
19 1 22 24 3 17 31 16 4 2 10 7 21 25 6 15 9 12 19 13 23 20 28 
20 1 22 24 3 17 31 16 4 2 10 7 21 25 6 15 9 12 19 13 23 20 28 
21 1 22 24 3 17 31 16 4 2 10 7 25 21 6 15 9 12 19 13 23 20 28 
22 1 24 22 3 17 31 16 4 2 10 7 21 25 6 15 9 12 19 13 23 20 28 
23 1 22 24 3 17 31 16 4 2 10 7 21 25 6 15 9 12 19 13 23 20 28 
24 1 22 24 3 17 31 16 4 2 10 7 21 25 6 15 9 12 19 13 23 20 28 
25 1 22 24 3 17 31 16 4 2 10 7 21 25 6 15 9 12 19 13 23 20 28 
26 1 22 24 3 17 31 16 4 2 10 7 21 25 6 15 9 12 19 13 23 20 28 
27 1 22 24 3 17 31 16 4 2 10 7 21 25 6 15 9 12 19 13 23 20 28 
28 1 22 24 3 17 31 16 4 2 10 7 21 25 6 15 9 19 13 23 20 28 
29 1 22 24 3 17 31 16 4 2 10 7 21 25 6 15 9 19 13 23 20 28 
30 1 22 24 3 31 17 16 4 2 10 7 21 25 6 15 9 12 19 13 23 20 28 
31 1 22 24 3 17 31 16 4 2 10 7 21 25 15 9 12 19 13 23 20 28 
32 1 22 24 3 31 17 16 4 2 10 7 21 25 15 9 12 19 13 23 20 28 
33 1 22 24 3 31 17 16 4 2 10 7 21 25 6 15 9 12 19 13 23 20 28 
