1 1 
2 1 2 
3 1 3 2 
4 1 3 2 
5 1 5 3 2 
6 1 5 3 6 2 
7 1 7 5 3 6 2 
8 1 7 5 8 3 6 2 
9 1 7 5 8 3 6 2 9 
10 1 7 5 10 8 3 6 2 9 
11 1 7 5 10 11 8 3 6 2 9 
12 1 7 5 10 11 8 3 6 2 9 12 
13 1 7 5 10 11 8 3 6 13 2 9 12 
14 1 7 5 10 11 8 3 6 13 2 9 12 
15 1 7 5 10 11 8 3 6 13 2 9 12 
16 1 7 5 10 11 8 3 6 13 2 9 12 
17 1 7 5 10 11 8 3 6 13 2 9 12 
18 1 7 11 8 18 3 5 10 6 13 2 9 12 
19 1 38 42 25 50 37 47 5 23 13 27 43 34 44 7 41 11 8 18 3 30 39 28 48 10 22 29 6 46 2 20 32 9 12 
20 1 38 42 50 37 47 5 23 13 27 43 34 44 7 41 11 8 18 3 30 39 28 48 10 22 29 6 46 2 32 20 9 12 
21 1 38 42 25 50 37 47 5 23 13 27 43 34 44 7 41 11 8 18 3 30 39 28 48 10 22 29 6 46 2 20 32 9 12 
22 1 38 42 25 50 37 47 5 23 13 27 43 34 44 7 41 11 8 18 3 30 39 28 48 10 29 22 6 46 2 20 32 9 12 
23 1 38 42 25 50 37 47 5 23 13 27 43 34 44 7 41 11 8 18 3 30 39 28 48 10 22 29 6 46 2 20 32 9 12 
24 1 38 42 25 50 37 47 5 23 13 27 43 34 44 7 41 11 8 18 3 30 39 28 48 10 22 29 6 46 2 20 32 9 12 
25 1 38 42 25 50 37 47 5 23 13 27 43 34 44 7 41 11 8 18 3 30 39 28 48 10 22 29 6 46 2 32 9 12 
26 1 38 42 25 50 37 47 5 23 13 27 43 34 44 7 41 11 8 18 3 30 39 28 48 10 22 29 6 46 2 32 9 12 
27 1 38 42 25 50 37 47 5 23 13 27 43 34 44 7 41 11 8 18 3 30 39 28 48 10 22 29 6 46 2 20 32 9 12 
28 1 38 42 25 50 37 47 5 23 13 27 43 34 44 7 41 11 8 18 3 30 39 28 48 10 22 29 6 46 2 20 32 9 12 
29 1 38 42 25 50 37 47 5 23 13 27 43 34 44 7 41 11 8 18 3 30 39 28 48 10 22 29 6 46 2 20 32 9 12 
30 1 38 42 25 50 37 47 5 23 13 27 43 34 44 7 41 11 8 18 3 30 39 28 48 10 22 29 6 46 2 20 32 9 12 
31 1 38 42 25 50 37 47 5 23 13 27 43 34 44 7 41 11 8 18 3 30 39 28 48 10 22 29 6 46 2 20 32 9 12 
32 1 38 42 25 50 37 47 5 23 13 27 43 44 7 41 11 8 18 3 30 39 28 48 10 22 29 6 46 2 20 32 9 12 
33 1 38 42 25 50 37 47 5 23 13 27 43 44 7 41 11 8 18 3 30 39 28 48 10 22 29 6 46 2 20 32 9 12 
34 1 38 42 25 50 37 47 5 23 13 27 43 34 44 7 41 11 8 18 3 30 39 28 48 10 22 29 6 46 2 20 9 12 
35 1 38 42 25 50 37 47 5 23 13 27 43 34 44 7 41 11 8 18 3 30 39 28 48 10 22 29 6 46 2 20 32 9 12 
36 1 38 42 25 50 37 47 5 23 13 27 43 34 44 7 41 11 8 18 3 30 39 28 48 10 22 29 6 46 2 20 32 9 12 
37 1 38 42 25 50 37 47 5 23 13 27 43 34 44 7 41 11 8 18 3 30 39 28 48 10 22 29 6 46 2 20 32 9 12 
38 1 38 42 25 50 37 47 5 23 13 27 43 34 44 7 41 11 8 18 3 30 39 28 48 10 22 29 6 46 2 20 32 9 12 
39 1 38 42 25 50 37 47 5 23 13 27 43 34 44 7 41 11 8 18 3 30 39 28 48 10 22 29 6 46 2 20 32 9 12 
40 1 38 42 25 50 37 47 5 23 13 27 43 34 44 7 41 11 8 18 3 30 39 28 48 10 22 29 6 46 2 20 32 9 12 
41 1 38 42 25 50 37 47 5 23 13 27 43 34 44 7 41 11 8 18 3 30 39 28 48 10 22 29 6 46 2 20 32 9 12 
42 1 38 42 25 50 37 47 5 23 13 27 43 34 44 7 41 11 8 18 3 30 39 28 48 10 22 29 6 46 2 20 32 9 12 
43 1 38 42 25 50 37 47 5 23 13 27 43 34 44 7 41 11 8 18 3 30 39 28 48 10 22 29 6 46 2 20 32 9 12 
44 1 38 42 25 50 37 47 5 23 13 27 43 34 44 7 41 11 8 18 3 30 39 28 48 10 22 29 6 46 2 20 32 9 12 
45 1 38 42 25 50 37 47 5 23 13 27 43 34 44 7 41 11 8 18 3 30 39 28 48 10 22 29 6 46 2 20 32 9 12 
46 1 38 42 25 50 37 47 5 23 13 27 43 34 44 7 41 11 8 18 3 30 39 28 48 10 22 29 6 46 2 20 32 9 12 
47 1 38 42 25 50 37 47 5 23 13 27 43 34 44 7 41 11 8 18 3 30 39 28 48 10 22 29 6 46 2 20 32 9 12 
48 1 38 42 25 50 37 47 5 23 13 27 43 34 44 7 41 11 8 18 3 30 39 28 48 10 22 29 6 46 2 20 32 9 12 
49 1 38 42 25 50 37 47 5 23 13 27 43 34 44 7 41 11 8 18 3 30 39 28 48 10 22 29 6 46 2 20 32 9 12 
50 1 38 42 25 50 37 47 5 23 13 27 43 34 44 7 41 11 8 3 30 39 28 48 10 22 29 6 46 2 20 32 9 12 
51 1 38 42 25 50 37 47 5 23 13 27 43 34 44 7 41 11 8 3 30 39 28 48 10 22 29 6 46 2 20 32 9 12 
52 1 38 42 25 50 37 47 5 23 13 27 43 34 52 44 7 41 11 8 18 3 30 39 28 48 10 22 29 6 46 2 20 32 9 12 
53 1 38 42 25 50 37 47 5 23 13 27 43 34 52 44 7 41 11 8 18 3 30 39 28 48 10 53 22 29 6 46 2 20 32 9 12 
54 1 38 42 25 50 37 47 5 23 13 27 43 34 52 44 7 41 11 8 18 3 30 39 28 48 10 53 22 29 6 46 2 20 32 9 12 
55 1 38 42 25 50 37 47 5 23 13 27 43 34 52 44 7 41 11 8 18 3 30 39 28 48 10 55 53 22 29 6 46 2 20 32 9 12 
56 1 38 42 25 50 56 37 47 5 23 13 27 43 34 52 44 7 41 11 8 18 3 30 39 28 48 10 55 53 22 29 6 46 2 20 32 9 12 
57 1 38 42 25 50 56 37 47 5 23 13 27 43 34 52 44 7 41 11 8 18 3 30 39 28 48 10 55 53 22 29 6 46 2 20 32 9 12 
58 1 38 42 25 50 56 37 47 5 23 13 27 43 34 52 44 7 41 11 8 18 3 30 39 28 48 10 55 53 22 29 6 46 2 20 32 9 12 
