1 1 
2 2 
3 3 
4 4 
6 5 
7 6 
8 5 
10 7 
11 8 
12 9 
13 10 
15 11 
18 10 
20 12 
22 13 
24 14 
25 15 
26 16 
27 17 
28 18 
31 13 
33 19 
34 13 
35 20 
36 21 
37 22 
39 23 
40 24 
41 25 
42 20 
44 26 
45 27 
46 28 
48 29 
49 30 
50 31 
53 21 
54 32 
55 33 
57 34 
58 35 
59 36 
61 37 
62 38 
64 33 
66 39 
67 24 
68 32 
69 20 
70 33 
71 40 
73 41 
74 34 
76 42 
77 43 
79 44 
80 45 
81 46 
84 47 
85 48 
87 49 
88 20 
90 45 
91 50 
93 51 
94 52 
95 53 
96 54 
97 55 
99 56 
100 57 
101 58 
103 59 
104 60 
106 61 
107 62 
110 63 
111 64 
112 65 
113 66 
115 67 
116 68 
117 69 
118 70 
122 71 
123 54 
124 72 
126 73 
127 57 
128 74 
130 75 
131 76 
133 77 
134 78 
137 79 
138 80 
139 81 
140 82 
142 83 
143 84 
144 85 
145 86 
152 33 
153 34 
154 42 
155 52 
156 54 
158 57 
159 87 
161 88 
163 89 
165 42 
167 90 
169 33 
171 91 
173 34 
174 54 
176 45 
177 52 
178 54 
180 57 
181 92 
183 93 
185 42 
187 94 
189 33 
191 95 
193 34 
194 54 
196 96 
197 97 
198 45 
201 98 
202 45 
205 45 
