1 2 
2 3 
3 4 
4 5 
5 6 
6 7 
7 8 
8 9 126 
9 10 
10 11 
11 12 
12 13 
13 14 28 
14 15 
15 16 26 
16 17 
17 18 24 
18 19 
19 20 
20 21 
21 22 
22 23 
23 17 
24 25 
25 15 
26 27 
27 13 
28 29 
29 30 
30 31 
31 32 
32 33 
33 34 
34 35 
35 36 
36 37 122 
37 38 
38 39 
39 40 
40 41 49 
41 42 49 
42 43 
43 44 45 
44 45 
45 46 
46 47 
47 48 
48 121 
49 50 
50 51 
51 52 
52 53 
53 54 
54 55 73 
55 56 
56 57 72 
57 58 
58 59 70 
59 60 
60 61 
61 62 
62 63 
63 64 
64 65 
65 66 
66 67 
67 68 
68 69 
69 58 
70 71 
71 56 
72 120 
73 74 94 
74 75 
75 76 93 
76 77 
77 78 91 
78 79 
79 80 
80 81 
81 82 
82 83 
83 84 
84 85 
85 86 
86 87 
87 88 
88 89 
89 90 
90 77 
91 92 
92 75 
93 120 
94 95 120 
95 96 
96 97 120 
97 98 
98 99 118 
99 100 
100 101 
101 102 114 
102 103 
103 104 
104 105 
105 106 
106 107 
107 108 
108 109 
109 110 
110 111 
111 112 
112 113 
113 101 
114 115 
115 116 
116 117 
117 98 
118 119 
119 96 
120 121 
121 35 
122 123 
123 124 
124 125 
125 6 
126 
