1 1 
2 1 2 
3 1 3 2 
4 1 3 2 4 
5 1 3 2 4 5 
6 46 13 1 34 4 40 14 31 26 3 45 2 18 20 54 5 47 25 33 42 22 6 41 37 51 8 10 16 49 12 43 21 35 29 38 24 
7 46 13 1 34 4 40 14 31 26 3 45 2 18 20 54 5 47 25 33 42 22 6 41 37 51 8 10 16 49 12 43 21 35 29 38 24 
8 46 13 1 34 4 40 14 31 26 3 45 2 18 20 54 5 47 25 33 42 22 6 41 37 51 8 10 16 49 12 43 21 35 29 38 24 
9 46 13 1 34 4 40 14 31 26 3 45 2 18 20 54 5 47 25 33 42 22 6 41 37 51 8 10 16 49 12 43 21 35 29 38 24 
10 46 13 1 34 4 40 14 31 26 3 45 2 18 20 54 5 47 25 33 42 22 6 41 37 51 8 10 16 49 12 43 21 35 29 38 24 
11 46 13 1 34 4 40 14 31 26 3 45 2 18 20 54 5 47 25 33 42 22 6 41 37 51 8 10 16 49 12 43 21 35 29 38 24 
12 46 13 1 34 4 40 14 31 26 3 45 2 18 20 54 5 47 25 33 42 22 6 41 37 51 8 10 16 49 43 12 21 35 29 38 24 
13 46 13 1 34 4 40 14 31 26 3 45 2 18 20 54 5 47 25 33 42 22 6 41 37 51 8 10 16 49 12 43 21 35 29 38 24 
14 46 13 1 34 4 40 14 31 26 3 45 2 18 20 54 5 47 25 33 42 22 6 41 37 51 8 10 16 49 12 43 21 35 29 38 24 
15 46 13 1 34 4 40 14 31 26 3 45 2 18 20 54 5 47 25 33 42 22 6 41 37 51 8 10 16 49 12 43 21 35 29 38 24 
16 46 13 1 34 14 31 26 3 45 2 18 20 54 5 47 25 33 42 22 6 41 51 8 10 16 49 12 43 21 35 38 24 
17 46 13 1 34 14 31 26 3 45 2 18 20 54 5 47 25 33 42 22 6 41 51 8 10 16 49 12 43 21 35 38 24 
18 46 13 1 34 4 40 14 31 26 3 45 2 18 20 54 5 25 47 33 42 22 6 41 37 51 8 10 16 49 12 43 21 35 29 24 38 
19 46 13 1 34 4 40 14 31 26 3 45 2 18 20 54 5 25 47 33 42 22 6 41 37 51 8 10 16 49 12 43 21 35 29 24 38 
20 46 13 1 34 4 40 14 31 26 3 45 2 18 20 54 5 25 47 33 42 22 6 41 37 51 8 10 16 49 12 43 21 35 29 24 38 
21 46 13 1 34 4 40 14 31 26 3 45 2 18 20 54 5 25 47 33 42 22 6 41 37 51 8 10 16 49 12 43 21 35 29 24 38 
22 46 13 1 34 4 40 14 31 26 3 45 2 18 20 54 5 25 47 33 42 22 6 41 37 51 8 10 16 49 12 43 21 35 29 24 38 
23 46 13 1 34 4 40 14 31 26 3 45 2 18 20 54 5 25 47 33 42 22 6 41 37 51 8 10 16 49 12 43 21 35 29 24 38 
24 46 13 1 34 4 40 14 31 26 3 45 2 18 20 54 5 25 47 33 42 22 6 41 37 51 8 10 16 49 12 43 21 35 29 38 24 
25 46 13 1 34 4 40 14 31 26 3 45 2 18 20 54 5 47 25 33 42 22 6 41 37 51 8 10 16 49 12 43 21 35 29 24 38 
26 46 13 1 34 4 40 14 31 26 3 45 2 18 20 54 5 25 47 33 42 22 6 41 37 51 8 10 16 49 12 43 21 35 29 24 38 
27 46 13 1 34 4 40 14 31 26 3 45 2 18 20 54 5 25 47 33 42 22 6 41 37 51 8 10 16 49 12 43 21 35 29 24 38 
28 46 13 1 34 4 40 14 31 26 3 45 2 18 20 54 5 25 47 33 42 22 6 41 37 51 8 10 16 49 12 43 21 35 29 24 38 
29 46 13 1 34 14 31 26 3 45 2 18 20 54 5 25 47 33 42 22 6 41 51 8 10 49 12 43 21 35 29 24 38 
30 46 13 1 34 14 31 26 3 45 2 18 20 54 5 25 47 33 42 22 6 41 51 8 10 49 12 43 21 35 29 24 38 
31 46 13 1 34 4 40 14 31 26 3 45 2 18 20 54 5 25 47 33 42 22 6 41 37 51 8 10 16 49 12 43 21 35 29 24 38 
32 46 13 1 34 4 40 14 31 26 3 45 2 18 20 54 5 25 47 33 42 22 6 41 37 51 8 10 16 49 12 43 21 35 29 24 38 
33 46 13 1 34 4 40 14 31 26 3 45 2 18 20 54 5 25 47 33 42 22 6 41 37 51 8 10 16 49 12 43 21 35 29 24 38 
34 46 13 1 34 4 40 14 31 26 3 45 2 18 20 54 5 25 47 33 42 22 6 41 37 51 8 10 16 49 12 43 21 35 29 24 38 
35 46 13 1 34 4 40 14 31 26 3 45 2 18 20 54 5 25 47 33 42 22 6 41 37 51 8 10 16 49 12 43 21 35 29 24 38 
36 46 13 1 34 4 40 14 31 26 3 45 2 18 20 54 5 25 47 33 42 22 6 41 37 51 8 10 16 49 12 43 21 35 29 24 38 
37 46 13 1 34 14 31 26 3 45 2 18 20 54 5 25 47 33 42 22 6 41 51 37 8 10 49 12 43 21 35 24 38 
38 46 13 1 34 4 40 14 31 26 3 45 2 18 20 54 5 25 47 33 42 22 6 41 37 51 8 10 16 49 12 43 21 35 29 24 38 
39 46 13 1 34 4 40 14 31 26 3 45 2 18 20 54 5 25 47 33 42 22 6 41 37 51 8 10 16 49 12 43 21 35 29 38 24 
40 46 13 1 34 40 14 31 26 3 45 2 18 20 54 5 25 47 33 42 22 6 41 51 8 10 49 12 43 21 35 38 24 
41 46 13 1 34 4 40 14 31 26 3 45 2 18 20 54 5 25 47 33 42 22 6 41 37 51 8 10 16 49 12 43 21 35 29 38 24 
42 46 13 1 34 4 40 14 31 26 3 45 2 18 20 54 25 47 33 42 22 6 41 37 51 8 10 16 49 12 43 21 35 29 38 24 
43 46 13 1 34 4 40 14 31 26 3 45 2 18 20 54 25 47 33 42 22 6 41 37 51 8 10 16 49 12 43 21 35 29 38 24 
44 46 13 1 34 4 40 14 31 26 3 45 2 18 20 54 25 47 33 42 22 6 41 37 51 8 10 16 49 12 43 21 35 29 38 24 
45 46 13 1 34 4 40 14 31 26 3 45 2 18 20 54 25 47 33 42 22 6 41 37 51 8 10 16 49 12 43 21 35 29 38 24 
46 46 13 1 34 4 40 14 31 26 3 45 2 18 20 54 25 47 33 42 22 6 41 37 51 8 10 16 49 12 43 21 35 29 38 24 
47 46 13 1 34 4 40 14 31 26 3 45 2 18 20 54 25 47 33 42 22 6 41 37 51 8 10 16 49 12 43 21 35 29 38 24 
48 46 13 1 34 4 40 14 31 26 3 45 2 18 20 54 47 25 33 42 22 6 41 37 51 8 10 16 49 12 43 21 35 29 38 24 
49 46 13 1 34 4 40 14 31 26 3 45 2 18 20 54 47 25 33 42 22 6 41 37 51 8 10 16 49 12 43 21 35 29 38 24 
50 46 13 1 34 4 40 14 31 26 3 45 2 18 20 54 47 25 33 42 22 6 41 37 51 8 10 16 49 12 43 21 35 29 38 24 
51 46 13 1 34 4 40 14 31 26 3 45 2 18 20 54 47 25 33 42 22 6 41 37 51 8 10 16 49 12 43 21 35 29 38 24 
52 46 13 1 34 4 40 14 31 26 3 45 2 18 20 54 47 25 33 42 22 6 41 37 51 8 10 16 49 12 43 21 35 29 38 24 
53 46 13 1 34 4 40 14 31 26 3 45 2 18 20 54 47 25 33 42 22 6 41 37 51 8 10 16 49 12 43 21 35 29 38 24 
54 46 13 1 34 4 40 14 31 26 45 2 18 20 54 47 25 33 42 22 6 41 37 51 8 10 16 49 12 43 21 35 29 38 24 
55 46 13 1 34 4 40 14 31 26 45 2 18 20 54 47 25 33 42 22 6 41 37 51 8 10 16 49 12 43 21 35 29 38 24 
56 46 13 1 34 4 40 14 31 26 3 45 2 18 20 54 5 47 25 33 42 22 6 41 37 51 8 10 16 49 12 43 21 35 29 38 24 
