1 1 
2 2 1 
3 3 2 1 
4 3 2 1 4 
5 3 2 1 4 
6 3 6 2 1 4 
7 3 6 2 1 4 
8 3 6 2 1 4 8 
9 3 6 2 1 4 8 9 
10 3 6 2 1 4 8 9 
11 3 6 2 1 11 4 8 9 
12 3 6 2 12 1 11 4 8 9 
13 3 6 2 12 1 11 4 8 9 
14 3 6 2 12 1 11 4 8 9 
15 24 50 68 48 53 47 66 46 34 18 27 45 1 52 19 9 63 44 2 20 56 11 4 43 28 65 59 29 22 35 67 17 12 62 38 39 42 37 54 3 6 15 41 25 33 21 58 30 31 49 36 8 57 61 55 64 
16 24 50 68 48 53 47 66 46 34 18 27 45 1 52 19 9 63 44 2 20 56 11 4 43 28 65 59 29 22 35 67 17 12 62 38 39 42 37 54 3 6 15 41 25 33 21 58 30 31 49 36 8 57 61 55 64 
17 24 50 68 48 53 47 66 46 34 18 27 45 1 52 19 9 63 44 2 20 56 11 4 43 28 65 59 29 22 35 67 17 12 62 38 39 42 37 54 3 6 15 41 25 33 21 58 30 31 49 36 8 57 61 55 64 
18 24 50 68 48 53 47 66 46 34 18 27 45 1 52 19 9 63 44 2 20 56 11 4 43 28 65 59 29 22 35 67 17 12 62 38 39 42 37 54 3 6 15 41 33 21 58 30 31 49 36 8 57 61 55 64 
19 24 50 68 48 53 47 66 46 34 18 27 45 1 52 19 9 63 44 2 20 56 11 4 43 28 65 59 29 22 35 67 17 12 62 38 39 42 37 54 3 6 15 25 41 33 21 58 30 31 49 36 8 57 61 55 64 
20 24 50 68 48 53 47 66 46 34 18 27 45 1 52 19 9 63 44 2 20 56 11 4 43 28 65 59 29 22 35 67 17 12 62 38 39 42 37 54 3 6 15 25 41 33 21 58 30 31 49 36 8 57 61 55 64 
21 24 50 68 48 53 47 66 46 34 18 27 45 1 52 19 9 63 44 2 20 56 11 4 43 28 65 59 29 22 35 67 17 12 62 38 39 42 37 54 3 6 15 25 41 33 21 58 30 31 49 36 8 57 61 55 64 
22 24 50 68 48 53 47 66 46 34 18 27 45 1 52 19 9 63 44 2 20 56 11 4 43 28 65 59 29 22 35 67 17 12 62 38 39 42 37 54 3 6 15 25 41 33 21 58 30 31 49 36 8 57 61 55 64 
23 24 50 68 48 53 47 66 46 34 18 27 45 1 52 19 9 63 44 2 20 56 11 4 43 28 65 59 29 22 35 67 17 12 62 38 39 42 37 54 3 6 15 25 41 33 21 58 30 31 49 36 8 57 61 55 64 
24 24 50 68 48 53 47 66 46 34 18 27 45 1 52 19 9 63 44 2 20 56 11 4 43 28 65 59 29 22 35 67 17 12 62 38 39 42 37 54 3 6 15 25 41 33 21 58 30 31 49 36 8 57 61 55 64 
25 24 50 68 48 53 47 66 46 34 27 45 1 52 19 9 63 44 2 20 56 11 4 43 28 65 59 29 22 35 67 17 12 62 38 39 42 37 54 3 6 15 41 25 33 21 58 30 31 49 36 8 57 61 55 64 
26 24 50 68 48 53 47 66 46 34 27 45 1 52 19 9 63 44 2 20 56 11 4 43 28 65 59 29 22 35 67 17 12 62 38 39 42 37 54 3 6 15 25 41 33 21 58 30 31 49 36 8 57 61 55 64 
27 24 50 68 48 53 47 66 46 34 18 27 45 1 52 19 9 63 44 2 20 56 11 4 43 28 65 59 29 22 35 67 17 12 62 38 39 42 37 54 3 6 15 25 41 33 21 58 30 31 49 36 8 57 61 55 64 
28 24 50 68 48 53 47 66 46 34 18 27 45 1 52 19 9 63 44 2 20 56 11 4 43 28 65 59 29 22 35 67 17 12 62 38 39 42 37 54 3 6 15 25 41 33 21 58 30 31 49 36 8 57 61 55 64 
29 24 50 68 48 53 47 66 46 34 18 27 45 1 52 19 9 63 44 2 20 56 11 4 43 28 65 59 29 22 35 67 17 12 62 38 39 42 37 54 3 6 15 25 41 33 21 58 30 31 49 36 8 57 61 55 64 
30 24 50 68 48 53 47 66 46 34 18 27 45 1 52 19 9 63 44 2 20 56 11 4 43 28 65 59 29 22 35 67 17 12 62 38 39 42 37 54 3 6 15 25 41 33 21 58 30 31 49 36 8 57 61 55 64 
31 24 50 68 48 53 47 66 46 34 18 27 45 1 52 19 9 63 44 2 20 56 11 4 43 28 65 59 29 22 35 67 17 12 62 38 39 42 37 54 3 6 15 41 25 33 21 58 30 31 49 36 8 57 61 55 64 
32 24 50 68 48 53 47 66 46 34 18 27 45 1 52 19 9 63 44 2 20 56 11 4 43 28 65 59 29 22 35 67 17 12 62 38 39 42 37 54 3 6 15 41 25 33 21 58 30 31 49 36 8 57 61 55 64 
33 24 50 68 48 53 47 66 46 34 18 27 45 1 52 19 9 63 44 2 20 56 11 4 43 28 65 59 29 22 35 67 17 12 62 38 39 42 37 54 3 6 15 41 25 33 21 58 30 31 49 36 8 57 61 55 64 
34 24 50 68 48 53 47 66 46 34 18 27 45 1 52 19 9 63 44 2 20 56 11 4 43 28 65 59 29 22 35 67 17 12 62 38 39 42 37 54 3 6 15 41 25 33 21 58 30 31 49 36 8 57 61 55 64 
35 24 50 68 48 53 47 66 46 34 18 27 45 1 52 19 9 63 44 2 20 56 11 4 43 28 65 59 29 22 35 67 17 12 62 38 39 42 37 54 3 6 15 41 25 33 21 58 30 31 49 36 8 57 61 55 64 
36 24 50 68 48 53 47 66 46 34 18 27 45 1 52 19 9 63 44 2 20 56 11 4 43 28 65 59 29 22 35 67 17 12 62 38 39 42 37 54 3 6 15 41 25 33 21 58 30 31 49 36 8 57 61 55 64 
37 24 50 68 48 53 47 66 46 34 18 27 45 1 52 19 9 63 44 2 20 56 11 4 43 28 65 59 29 22 35 67 17 12 62 38 39 42 37 54 3 6 15 41 25 33 21 58 30 31 49 36 8 57 61 55 64 
38 24 50 68 48 53 47 66 46 34 18 27 45 1 52 19 9 63 44 2 20 56 11 4 43 28 65 59 29 22 35 67 17 12 62 39 42 38 37 54 3 6 15 41 25 33 21 58 30 31 49 36 8 57 61 55 64 
39 24 50 68 48 53 47 66 46 34 18 27 45 1 52 19 9 63 44 2 20 56 11 4 43 28 65 59 29 22 35 67 17 12 62 38 42 39 37 54 3 6 15 41 25 33 21 58 30 31 49 36 8 57 61 55 64 
40 24 50 68 48 53 47 66 46 34 18 27 45 1 52 19 9 63 44 2 20 56 11 4 43 28 65 59 29 22 35 67 17 12 62 38 39 42 37 54 3 6 15 41 25 33 21 58 30 31 49 36 8 57 61 55 64 
41 24 50 68 48 53 47 66 46 34 18 27 45 1 52 19 9 63 44 2 20 56 11 4 43 28 65 59 29 22 35 67 17 12 62 38 39 42 37 54 3 6 15 25 41 33 21 58 30 31 49 36 8 57 61 55 64 
42 24 50 68 48 53 47 66 46 34 18 27 45 1 52 19 9 63 44 2 20 56 11 4 43 28 65 59 29 22 35 67 17 12 62 38 39 42 37 54 3 6 15 41 25 33 21 58 30 31 49 36 8 57 61 55 64 
43 24 50 68 48 53 47 66 46 34 18 27 45 1 52 19 9 63 44 2 20 56 11 4 43 28 65 59 29 22 35 67 17 12 62 38 39 42 37 54 3 6 15 41 25 33 21 58 30 31 49 36 8 57 61 55 64 
44 24 50 68 48 53 47 66 46 34 18 27 45 1 52 19 9 63 44 2 20 56 11 4 43 28 65 59 29 22 35 67 17 12 62 38 39 42 37 54 3 6 15 41 25 33 21 58 30 31 49 36 8 57 61 55 64 
45 24 50 68 48 53 47 66 46 34 18 27 45 1 52 19 9 63 44 2 20 56 11 4 43 28 65 59 29 22 35 67 17 12 62 38 39 42 37 54 3 6 15 41 25 33 21 58 30 31 49 36 8 57 61 55 64 
46 24 50 68 48 53 47 66 46 34 18 27 45 1 52 19 9 63 44 2 20 56 11 4 43 28 65 59 29 22 35 67 17 12 62 38 39 42 37 54 3 6 15 41 25 33 21 58 30 31 49 36 8 57 61 55 64 
47 24 50 68 48 53 47 66 46 34 18 27 45 1 52 19 9 63 44 2 20 56 11 4 43 28 65 59 29 22 35 67 17 12 62 38 39 42 37 54 3 6 15 41 25 33 21 58 30 31 49 36 8 57 61 55 64 
48 24 50 68 48 53 47 66 46 34 18 27 45 1 52 19 9 63 44 2 20 56 11 4 43 28 65 59 29 22 35 67 17 12 62 38 39 42 37 54 3 6 15 41 25 33 21 58 30 31 49 36 8 57 61 55 64 
49 24 50 68 48 53 47 66 46 34 18 27 45 1 52 19 9 63 44 2 20 56 11 4 43 28 65 59 29 22 35 67 17 12 62 38 39 42 37 54 3 6 15 41 25 33 21 58 30 31 49 36 8 57 61 55 64 
50 24 68 50 48 53 47 66 46 34 18 27 45 1 52 19 9 63 44 2 20 56 11 4 43 28 65 59 29 22 35 67 17 12 62 38 39 42 37 54 3 6 15 41 25 33 21 58 30 31 49 36 8 57 61 55 64 
51 24 50 68 48 53 47 66 46 34 18 27 45 1 52 19 9 63 44 2 20 56 11 4 43 28 65 59 29 22 35 67 17 12 62 38 39 42 37 54 3 6 15 41 25 33 21 58 30 31 49 36 8 57 61 55 64 
52 24 50 68 48 53 47 66 46 34 18 27 45 1 52 19 9 63 44 2 20 56 11 4 43 28 65 59 29 22 35 67 17 12 62 38 39 42 37 54 3 6 15 41 25 33 21 58 30 31 49 36 8 57 61 55 64 
53 24 50 68 48 53 47 66 46 34 18 27 45 1 52 19 9 63 44 2 20 56 11 4 43 28 65 59 29 22 35 67 17 12 62 38 39 42 37 54 3 6 15 41 25 33 21 58 30 31 49 36 8 57 61 55 64 
54 24 50 68 48 53 47 66 46 34 18 27 45 1 52 19 9 63 44 2 20 56 11 4 43 28 65 59 29 22 35 67 17 12 62 38 39 42 37 54 3 6 15 41 25 33 21 58 30 31 49 36 8 57 61 55 64 
55 24 50 68 48 53 47 66 46 34 18 27 45 1 52 19 9 63 44 2 20 56 11 4 43 28 65 59 29 22 35 67 17 12 62 38 39 42 37 54 3 6 15 41 25 33 21 58 30 31 49 36 8 57 61 64 55 
56 24 50 68 48 53 47 66 46 34 18 27 45 1 52 19 9 63 44 2 20 56 11 4 43 28 65 59 29 22 35 67 17 12 62 38 39 42 37 54 3 6 15 41 25 33 21 58 30 31 49 36 8 57 61 55 64 
57 24 50 68 48 53 47 66 46 34 18 27 45 1 52 19 9 63 44 2 20 56 11 4 43 28 65 59 29 22 35 67 17 12 62 38 39 42 37 54 3 6 15 41 25 33 21 58 30 31 49 36 8 57 61 55 64 
58 24 50 68 48 53 47 66 46 34 18 27 45 1 52 19 9 63 44 2 20 56 11 4 43 28 65 59 29 22 35 67 17 12 62 38 39 42 37 54 3 6 15 41 25 33 21 58 30 31 49 36 8 57 61 55 64 
59 24 50 68 48 53 47 66 46 34 18 27 45 1 52 19 9 63 44 2 20 56 11 4 43 28 65 59 29 22 35 67 17 12 62 38 39 42 37 54 3 6 15 41 25 33 21 58 30 31 49 36 8 57 61 55 64 
60 24 50 68 48 53 47 66 46 34 18 27 45 1 52 19 9 63 44 2 20 56 11 4 43 28 65 59 29 22 35 67 17 12 62 38 39 42 37 54 3 6 15 41 25 33 21 58 30 31 49 36 8 57 61 55 64 
61 24 50 68 48 53 47 66 46 34 18 27 45 1 52 19 9 63 44 2 20 56 11 4 43 28 65 59 29 22 35 67 17 12 62 38 39 42 37 54 3 6 15 41 25 33 21 58 30 31 49 36 8 57 61 55 64 
62 24 50 68 48 53 47 66 46 34 18 27 45 1 52 19 9 63 44 2 20 56 11 4 43 28 65 59 29 22 35 67 17 12 62 38 39 42 37 54 3 6 15 41 25 33 21 58 30 31 49 36 8 57 61 55 64 
63 24 50 68 48 53 47 66 46 34 18 27 45 1 52 19 9 63 44 2 20 56 11 4 43 28 65 59 29 22 35 67 17 12 62 38 39 42 37 54 3 6 15 41 25 33 21 58 30 31 49 36 8 57 61 55 64 
64 24 50 68 48 53 47 66 46 34 18 27 45 1 52 19 9 63 44 2 20 56 11 4 43 28 65 59 29 22 35 67 17 12 62 38 39 42 37 54 3 6 15 41 25 33 21 58 30 31 49 36 8 57 61 55 64 
65 24 50 68 48 53 47 66 46 34 18 27 45 1 52 19 9 63 44 2 20 56 11 4 43 28 65 59 29 22 35 67 17 12 62 38 39 42 37 54 3 6 15 41 25 33 21 58 30 31 49 36 8 57 61 55 64 
66 24 50 68 48 53 47 66 46 34 18 27 45 1 52 19 9 63 44 2 20 56 11 4 43 28 65 59 29 22 35 67 17 12 62 38 39 42 37 54 3 6 15 41 25 33 21 58 30 31 49 36 8 57 61 55 64 
67 24 50 68 48 53 47 66 46 34 18 27 45 1 52 19 9 63 44 2 20 56 11 4 43 28 65 59 29 22 35 67 17 12 62 38 39 42 37 54 3 6 15 41 25 33 21 58 30 31 49 36 8 57 61 55 64 
68 24 50 68 48 53 47 66 46 34 18 27 45 1 52 19 9 63 44 2 20 56 11 4 43 28 65 59 29 22 35 67 17 12 62 38 39 42 37 54 3 6 15 41 25 33 21 58 30 31 49 36 8 57 61 55 64 
69 24 50 68 48 53 47 66 46 34 18 27 45 1 52 19 9 63 44 2 20 56 11 4 43 28 65 59 29 22 35 67 17 12 62 38 39 42 37 54 3 6 15 41 25 33 21 58 30 31 49 36 8 57 61 55 64 
70 24 50 68 48 53 47 66 46 34 18 27 45 1 52 19 9 63 44 2 20 56 11 4 43 28 65 59 29 22 35 67 17 12 62 38 39 42 37 54 3 6 15 41 25 33 21 58 30 31 49 36 8 57 61 55 64 
71 24 50 68 48 53 47 66 46 34 18 27 45 1 52 19 9 63 44 2 20 56 11 4 43 28 65 59 29 22 35 67 17 12 62 38 39 42 37 54 3 6 15 41 25 33 21 58 30 31 49 36 8 57 61 55 64 
72 24 50 68 48 53 47 66 46 34 18 27 45 1 52 19 9 63 44 2 20 56 11 4 43 28 65 59 29 22 35 67 17 12 62 38 39 42 37 54 3 6 15 41 25 33 21 58 30 31 49 36 8 57 61 55 64 
73 24 50 68 48 53 47 66 46 34 18 27 45 1 52 19 9 63 44 2 20 56 11 4 43 28 65 59 29 22 35 67 17 12 62 38 39 42 37 54 3 6 15 41 25 33 21 58 30 31 49 36 8 57 61 55 64 
