1 1 
2 1 2 
3 1 2 3 
4 1 2 3 
5 5 1 2 3 
6 16 7 21 17 18 10 19 14 5 12 1 23 6 2 3 25 9 11 
7 16 21 17 7 18 10 19 14 12 1 6 23 2 3 25 9 11 
8 16 7 21 17 18 10 19 14 12 1 6 23 2 3 25 9 11 
9 16 7 21 17 18 10 19 14 12 1 6 23 2 3 25 11 9 
10 16 7 21 17 18 10 19 14 12 1 6 23 2 3 25 9 11 
11 16 7 21 17 18 10 19 14 12 1 6 23 2 3 25 9 11 
12 16 7 21 17 10 19 14 12 1 6 23 2 3 25 9 11 
13 16 7 21 17 10 19 14 12 1 6 23 2 3 25 9 11 
14 16 7 21 17 10 14 12 1 6 23 2 3 25 9 11 
15 16 7 17 21 18 10 19 14 12 1 6 23 2 3 25 9 11 
16 16 7 17 21 18 10 19 14 12 1 6 23 2 3 25 9 11 
17 16 7 21 17 18 10 19 14 12 1 6 23 2 3 25 9 11 
18 16 7 17 21 18 10 19 14 1 6 23 2 3 25 9 11 
19 16 7 17 21 18 10 19 1 6 23 2 3 25 9 11 
20 16 7 17 21 18 10 19 1 6 23 2 3 25 9 11 
21 16 7 17 21 18 10 19 14 12 1 6 23 2 3 25 9 11 
22 16 7 21 17 18 10 19 14 12 1 6 23 2 3 25 9 11 
23 16 7 21 17 18 10 19 14 12 1 6 23 2 3 9 11 
24 16 7 21 17 18 10 19 14 12 1 6 23 2 3 9 11 
25 16 7 21 17 18 10 19 14 12 1 6 2 3 25 9 11 
26 16 7 21 17 18 10 19 14 12 1 6 23 2 3 25 9 11 
27 16 7 21 17 18 10 19 14 12 1 6 23 2 3 25 9 11 
28 16 7 21 17 18 10 19 14 12 1 6 23 2 3 25 9 11 
