1 1 
2 2 1 
3 2 1 3 
4 2 1 3 4 
5 5 2 1 3 4 
6 5 2 1 3 4 6 
7 5 2 1 3 4 6 
8 5 2 1 3 4 8 6 
9 5 2 1 3 4 8 6 
10 5 2 1 3 4 8 6 10 
11 5 2 1 3 4 8 6 10 11 
12 5 2 1 3 4 8 6 10 11 
13 5 2 1 3 4 8 6 10 11 
14 5 2 1 14 3 4 8 6 10 11 
15 5 2 1 14 15 3 4 8 6 10 11 
16 5 2 1 14 15 16 3 4 8 6 10 11 
17 5 22 2 1 15 20 4 8 31 26 19 23 30 25 14 16 21 28 3 6 29 10 11 17 
18 5 22 2 1 15 20 4 8 31 26 19 23 30 25 14 16 21 28 3 6 29 10 11 17 
19 5 22 2 1 15 20 4 8 31 26 23 19 30 25 14 16 21 28 3 6 29 10 11 17 
20 5 22 2 1 15 20 4 8 31 26 19 23 30 25 14 16 21 28 3 6 29 10 11 17 
21 5 22 2 1 15 20 4 8 31 26 19 23 30 25 14 16 28 21 3 6 29 10 11 17 
22 5 22 2 1 15 20 4 8 31 26 19 23 30 25 14 16 21 28 3 6 29 10 11 17 
23 5 22 2 1 15 20 4 8 31 26 19 23 30 25 14 16 21 28 3 6 29 10 11 17 
24 5 22 2 1 15 20 4 8 31 26 19 23 30 25 14 16 21 28 3 6 29 10 11 17 
25 5 22 2 1 15 20 4 8 31 26 19 23 30 25 14 16 21 28 3 6 29 10 11 17 
26 5 22 2 1 15 20 4 8 31 26 19 23 30 25 14 16 21 28 3 6 29 10 11 17 
27 5 22 2 1 15 20 4 8 31 26 19 23 30 25 14 16 21 28 3 6 29 10 11 17 
28 5 22 2 1 15 20 4 8 31 26 19 23 30 25 14 16 21 28 3 6 29 10 11 17 
29 5 22 2 1 15 20 4 8 31 26 19 23 30 25 14 16 21 28 3 6 29 10 11 17 
30 5 22 2 1 15 20 4 8 31 26 19 23 30 25 14 16 21 28 3 6 29 10 11 17 
31 5 22 2 1 15 20 4 8 31 26 19 23 30 25 14 16 21 28 3 6 29 10 11 17 
32 5 22 2 1 15 20 4 8 31 26 19 23 30 25 14 16 21 28 3 6 29 10 11 17 
33 5 22 2 1 15 20 4 8 31 26 19 23 30 25 14 16 21 28 3 6 29 10 11 17 
34 5 22 2 1 15 20 4 8 31 26 19 23 30 25 14 16 21 28 3 6 29 10 11 17 
35 5 71 50 26 16 3 72 67 2 1 47 66 37 20 58 54 19 74 30 59 51 70 53 55 44 8 42 60 65 48 75 63 25 14 41 21 28 73 6 29 61 17 22 40 56 15 4 68 31 49 23 64 45 57 38 39 10 11 35 
36 5 71 50 26 16 3 72 67 2 1 47 66 37 20 58 54 19 74 30 59 51 70 53 55 44 8 42 60 65 48 75 63 25 14 41 21 28 73 6 29 61 17 22 40 56 15 4 68 31 49 23 64 45 57 38 39 10 11 35 
37 5 71 50 26 16 3 72 67 2 1 47 66 37 20 58 54 19 74 30 59 51 70 53 55 44 8 42 60 65 48 75 63 25 41 21 28 73 6 29 61 17 22 40 56 15 4 68 31 49 23 64 45 57 38 39 10 11 35 
38 5 71 50 26 16 3 72 67 2 1 47 66 37 20 58 54 19 74 30 59 51 70 53 55 44 8 42 60 65 48 75 63 25 41 21 28 73 6 29 61 17 22 40 56 15 4 68 31 49 23 64 45 57 38 39 10 11 35 
39 5 71 50 26 3 72 67 2 1 47 66 37 20 58 54 19 74 30 59 51 70 53 55 44 8 42 60 65 48 75 63 25 41 21 28 73 6 29 61 17 22 40 56 15 4 68 31 49 23 64 57 38 39 10 11 35 
40 5 71 50 26 3 72 67 2 1 47 66 37 20 58 54 19 74 30 59 51 70 53 55 44 8 42 60 65 48 75 63 25 41 21 28 73 6 29 61 17 22 40 56 15 4 68 31 49 23 64 45 57 38 39 10 11 35 
41 5 71 50 26 3 72 67 2 1 47 66 37 20 58 54 19 74 30 59 51 70 53 55 44 8 42 60 65 48 75 63 25 41 21 28 73 6 29 61 17 22 40 56 15 4 68 31 49 23 64 45 57 38 39 10 11 35 
42 5 71 50 26 3 72 67 2 1 47 66 37 20 58 54 19 74 30 59 51 70 53 55 44 8 60 65 42 48 75 63 25 41 21 28 73 6 29 61 17 22 40 56 15 4 68 31 49 23 64 45 57 38 39 10 11 35 
43 5 71 50 26 3 72 67 2 1 47 66 37 20 58 54 19 74 30 59 51 70 53 55 44 8 42 60 65 48 75 63 25 41 21 28 73 6 29 61 17 22 40 56 15 4 68 31 49 23 64 45 57 38 39 10 11 35 
44 5 71 50 26 3 72 67 2 1 47 66 37 20 58 54 19 74 30 59 51 70 53 55 44 8 42 60 65 48 75 63 25 41 21 28 73 6 29 61 17 22 40 56 15 4 68 31 49 23 64 45 57 38 39 10 11 35 
45 5 71 50 26 3 72 67 2 1 47 66 37 20 58 54 19 74 30 59 51 70 53 55 44 8 42 60 65 48 75 63 25 41 21 28 73 6 29 61 17 22 40 56 15 4 68 31 49 23 64 45 57 38 10 11 35 
46 5 71 50 26 3 72 67 2 1 47 66 37 20 58 54 19 74 30 59 51 70 53 55 44 8 42 60 65 48 75 63 25 41 21 28 73 6 29 61 17 22 40 56 15 4 68 31 49 23 64 45 57 38 10 11 35 
47 5 71 50 26 3 72 67 2 1 47 66 37 20 58 54 19 74 30 59 51 70 53 55 44 8 42 60 65 48 75 63 25 41 21 28 73 6 29 61 17 22 40 56 15 4 68 31 49 23 64 45 57 38 39 10 11 35 
48 5 71 50 26 3 72 67 2 1 47 66 37 20 58 54 19 74 30 59 51 70 53 55 44 8 42 60 65 48 75 63 25 41 21 28 73 6 29 61 17 22 40 56 15 4 68 31 49 23 64 45 57 38 39 10 11 35 
49 5 71 50 26 3 72 67 2 1 47 66 37 20 58 54 19 74 30 59 51 70 53 55 44 8 42 60 65 48 75 63 25 41 21 28 73 6 29 61 17 22 40 56 15 4 68 31 49 23 64 45 57 38 39 10 11 35 
50 5 71 50 26 3 72 67 2 1 47 66 37 20 58 54 19 74 30 59 51 70 53 55 44 8 42 60 65 48 75 63 25 41 21 28 73 6 29 61 17 22 40 56 15 4 68 31 49 23 64 45 57 38 39 10 11 35 
51 5 71 50 26 3 72 67 2 1 47 66 37 20 58 54 74 19 30 59 70 51 53 55 44 8 42 60 65 48 75 63 25 41 73 21 28 6 29 61 17 22 40 56 15 4 68 31 49 64 23 45 57 38 39 10 11 35 
52 5 71 50 26 3 72 67 2 1 47 66 37 20 58 54 74 19 30 59 51 70 53 55 44 8 42 60 65 48 75 63 25 41 73 21 28 6 29 61 17 22 40 56 15 4 68 31 49 64 23 45 57 38 39 10 11 35 
53 5 71 50 26 3 72 67 2 1 47 66 37 20 58 54 74 19 30 59 51 70 53 55 44 8 42 60 65 48 75 63 25 41 73 21 28 6 29 61 17 22 40 56 15 4 68 31 49 64 23 45 57 38 39 10 11 35 
54 5 71 50 26 3 72 67 2 1 47 66 37 20 58 54 74 19 30 59 51 70 53 55 44 8 42 60 65 48 75 63 25 41 73 21 28 6 29 61 17 22 40 56 15 4 68 31 49 64 23 45 57 38 39 10 11 35 
55 5 71 50 26 3 72 67 2 1 47 66 37 20 58 54 74 19 30 59 51 70 53 55 44 8 42 60 65 48 75 63 25 41 73 21 28 6 29 61 17 22 40 56 15 4 68 31 49 64 23 45 57 38 39 10 11 35 
56 5 71 50 26 3 72 67 2 1 47 66 37 20 58 54 74 19 30 59 51 70 53 55 44 8 42 60 65 48 75 63 25 41 73 21 28 6 29 61 17 22 40 56 15 4 68 31 49 64 23 45 57 38 39 10 11 35 
57 5 71 50 26 3 72 67 2 1 47 66 37 20 58 54 74 19 30 59 51 70 53 55 44 8 42 60 65 48 75 63 25 41 73 21 28 6 29 61 17 22 40 56 15 4 68 31 49 64 23 45 57 38 39 10 11 35 
58 5 71 50 26 3 72 67 2 1 47 66 37 20 58 54 74 19 30 59 51 70 53 55 44 8 42 60 65 48 75 63 25 41 73 21 28 6 29 61 17 22 40 56 15 4 68 31 49 64 23 45 57 38 39 10 11 35 
59 5 71 50 26 3 72 67 2 1 47 66 37 20 58 54 74 19 30 59 51 70 53 55 44 8 42 60 65 48 75 63 25 41 73 21 28 6 29 61 17 22 40 56 15 4 68 31 49 64 23 45 57 38 39 10 11 35 
60 5 71 50 26 3 72 67 2 1 47 66 37 20 58 54 74 19 30 59 51 70 53 55 44 8 42 65 60 48 75 63 25 41 73 21 28 6 29 61 17 22 40 56 15 4 68 31 49 64 23 45 57 38 39 10 11 35 
61 5 71 50 26 3 72 67 2 1 47 66 37 20 58 54 74 19 30 59 51 70 53 55 44 8 42 60 65 48 75 63 25 41 73 21 28 6 29 61 17 22 40 56 15 4 68 31 49 64 23 45 57 38 39 10 11 35 
62 5 71 50 26 3 72 67 2 1 47 66 37 20 58 54 74 19 30 59 51 70 53 55 44 8 42 60 65 48 75 63 25 41 73 21 28 6 29 61 17 22 40 56 15 4 68 31 49 64 23 45 57 38 39 10 11 35 
63 5 71 50 26 3 72 67 2 1 47 66 37 20 58 54 74 19 30 59 51 70 53 55 44 8 42 60 65 48 75 63 25 41 73 21 28 6 29 61 17 22 40 56 15 4 68 31 49 64 23 45 57 38 39 10 11 35 
64 5 71 50 26 3 72 67 2 1 47 66 37 20 58 54 74 19 30 59 51 70 53 55 44 8 42 60 65 48 75 63 25 41 73 21 28 6 29 61 17 22 40 56 15 4 68 31 49 23 64 45 57 38 39 10 11 35 
65 5 71 50 26 3 72 67 2 1 47 66 37 20 58 54 74 19 30 59 51 70 53 55 44 8 42 60 65 48 75 63 25 41 73 21 28 6 29 61 17 22 40 56 15 4 68 31 49 64 23 45 57 38 39 10 11 35 
66 5 71 50 26 3 72 67 2 1 47 66 37 20 58 54 74 19 30 59 51 70 53 55 44 8 42 60 65 48 75 63 25 41 73 21 28 6 29 61 17 22 40 56 15 4 68 31 49 64 23 45 57 38 39 10 11 35 
67 5 71 50 26 3 72 67 2 1 47 66 37 20 58 54 74 19 30 59 51 70 53 55 44 8 42 60 65 48 75 63 25 41 73 21 28 6 29 61 17 22 40 56 15 4 68 31 49 64 23 45 57 38 39 10 11 35 
68 5 71 50 26 3 72 67 2 1 47 66 37 20 58 54 74 19 30 59 51 70 53 55 44 8 42 60 65 48 75 63 25 41 73 21 28 6 29 61 17 22 40 56 15 4 68 31 49 64 23 45 57 38 39 10 11 35 
69 5 71 50 26 3 72 67 2 1 47 66 37 20 58 54 74 19 30 59 51 70 53 55 44 8 42 60 65 48 75 63 25 41 73 21 28 6 29 61 17 22 40 56 15 4 68 31 49 64 23 45 57 38 39 10 11 35 
70 5 71 50 26 3 72 67 2 1 47 66 37 20 58 54 74 19 30 59 51 70 53 55 44 8 42 60 65 48 75 63 25 41 73 21 28 6 29 61 17 22 40 56 15 4 68 31 49 64 23 45 57 38 39 10 11 35 
71 5 71 50 26 3 72 67 2 1 47 66 37 20 58 54 74 19 30 59 51 70 53 55 44 8 42 60 65 48 75 63 25 41 73 21 28 6 29 61 17 22 40 56 15 4 68 31 49 64 23 45 57 38 39 10 11 35 
72 5 71 50 26 3 72 67 2 1 47 66 37 20 58 54 74 19 30 59 51 70 53 55 44 8 42 60 65 48 75 63 25 41 73 21 28 6 29 61 17 22 40 56 15 4 68 31 49 64 23 45 57 38 39 10 11 35 
73 5 71 50 26 3 72 67 2 1 47 66 37 20 58 54 74 19 30 59 51 70 53 55 44 8 42 60 65 48 75 63 25 41 21 28 73 6 29 61 17 22 40 56 15 4 68 31 49 64 23 45 57 38 39 10 11 35 
74 5 71 50 26 3 72 67 2 1 47 66 37 20 58 54 19 74 30 59 51 70 53 55 44 8 42 60 65 48 75 63 25 41 73 21 28 6 29 61 17 22 40 56 15 4 68 31 49 64 23 45 57 38 39 10 11 35 
75 5 71 50 26 3 72 67 2 1 47 66 37 20 58 54 74 19 30 59 51 70 53 55 44 8 42 60 65 48 75 63 25 41 73 21 28 6 29 61 17 22 40 56 15 4 68 31 49 64 23 45 57 38 39 10 11 35 
76 5 71 50 26 3 72 67 2 1 47 66 37 20 58 54 74 19 30 59 51 70 53 55 44 8 42 60 65 48 75 63 25 41 73 21 28 6 29 61 17 22 40 56 15 4 68 31 49 64 23 45 57 38 39 10 11 35 
77 5 71 50 26 3 72 67 2 1 47 66 37 20 58 54 74 19 30 59 51 70 53 55 44 8 42 60 65 48 75 63 25 41 73 21 28 6 29 61 17 22 40 56 15 4 68 31 49 64 23 45 57 38 39 10 11 35 
78 5 71 50 26 3 72 67 2 1 47 66 37 20 58 54 74 19 30 59 51 70 53 55 44 8 42 60 65 48 75 63 25 41 73 21 28 6 29 61 17 22 40 56 15 4 68 31 49 64 23 45 57 38 39 10 11 35 
79 5 71 50 26 3 72 67 2 1 47 66 37 20 58 54 74 19 30 59 51 70 53 55 44 8 42 60 65 48 75 63 25 41 73 21 28 6 29 61 17 22 40 56 15 4 68 31 49 64 23 45 57 38 39 10 11 35 
80 5 71 50 26 16 3 72 67 2 1 47 66 37 20 58 54 19 74 30 59 51 70 53 55 44 8 42 60 65 48 75 63 25 14 41 21 28 73 6 29 61 17 22 40 56 15 4 68 31 49 23 64 45 57 38 39 10 11 35 
