1 1 
2 2 1 
3 2 1 
4 4 2 1 
5 4 5 2 1 
6 4 6 5 2 1 
7 4 6 5 2 7 1 
8 8 4 6 5 2 7 1 
9 8 4 6 5 2 7 1 9 
10 8 4 6 5 2 7 1 10 9 
11 8 4 6 5 11 2 7 1 10 9 
12 8 4 6 5 11 12 2 7 1 10 9 
13 8 4 6 5 11 12 2 7 13 1 10 9 
14 8 4 14 11 9 6 5 12 2 7 13 1 10 
15 15 8 4 14 11 9 6 5 12 2 7 13 1 10 
16 15 8 4 14 11 16 9 6 5 12 2 7 13 1 10 
17 15 8 4 14 11 17 16 9 6 5 12 2 7 13 1 10 
18 15 8 4 14 11 17 16 18 9 6 5 12 2 7 13 1 10 
19 15 8 4 14 11 19 17 16 18 9 6 5 12 2 7 13 1 10 
20 15 8 4 14 11 19 17 16 18 9 20 6 5 12 2 7 13 1 10 
21 15 8 4 14 11 19 17 16 18 9 20 21 6 5 12 2 7 13 1 10 
22 15 8 4 14 11 19 17 16 18 9 20 21 6 5 12 2 7 13 1 10 
