1 1 
2 1 2 
3 1 2 3 
4 1 2 3 
5 5 1 2 3 
6 20 1 2 19 9 10 7 6 5 14 21 3 12 16 11 
7 20 1 2 19 9 10 7 6 14 21 3 12 16 11 
8 20 1 2 19 9 10 7 6 14 21 3 12 16 11 
9 20 1 2 19 9 10 7 6 14 21 3 12 16 11 
10 20 1 2 19 9 10 7 6 14 21 3 12 16 11 
11 20 1 2 19 9 10 7 6 14 21 3 12 16 11 
12 20 1 2 19 9 10 7 6 14 21 3 12 11 
13 20 1 2 19 9 10 7 6 14 21 3 12 16 11 
14 20 1 2 19 9 10 7 6 14 21 3 12 16 11 
15 20 1 2 19 9 10 7 6 14 21 3 12 16 11 
16 20 1 2 19 9 10 7 6 14 21 3 16 11 
17 20 1 2 19 9 10 7 6 14 21 3 16 11 
18 20 1 2 19 9 10 7 6 14 21 3 12 16 11 
19 20 1 2 19 9 10 7 6 14 21 3 12 16 11 
20 20 1 2 19 9 10 7 6 14 21 3 12 16 11 
21 20 1 2 19 9 10 7 6 14 21 3 12 16 11 
22 20 1 2 19 9 10 7 6 14 21 3 12 16 11 
23 20 1 2 19 9 10 7 6 14 21 3 12 16 11 
24 20 1 2 19 9 10 7 6 14 21 3 12 16 11 
