1 1 
2 1 2 
3 1 2 3 
4 1 2 3 
5 1 2 3 5 
6 1 2 3 5 
7 7 1 2 3 5 
8 7 1 2 3 5 8 
9 7 9 1 2 3 5 8 
10 7 9 1 2 3 5 8 
11 32 35 2 3 33 9 23 24 28 17 11 21 30 12 8 15 14 26 7 1 19 20 16 5 34 27 37 
12 32 35 3 33 9 23 24 28 17 11 21 30 12 8 15 14 26 7 1 19 20 16 5 34 27 37 
13 32 35 3 33 9 23 24 28 17 11 21 30 12 8 15 14 26 7 1 19 20 16 5 34 27 37 
14 32 35 3 33 9 23 24 28 17 11 21 30 12 8 15 14 26 7 1 19 20 16 5 34 27 37 
15 32 35 3 33 9 23 24 28 17 11 21 30 12 8 15 14 26 7 1 19 20 16 5 34 27 37 
16 32 35 3 33 9 23 24 28 17 11 21 30 12 8 15 14 26 7 1 19 20 16 5 34 27 37 
17 32 35 3 33 9 23 24 28 17 11 21 30 12 8 15 14 26 7 1 19 20 16 5 34 27 37 
18 32 35 3 33 9 23 24 28 17 11 21 30 12 8 15 14 26 7 1 19 20 16 5 34 27 37 
19 32 35 3 33 9 23 24 28 17 11 21 30 12 8 15 14 26 7 1 20 19 16 5 34 27 37 
20 32 35 3 33 9 23 24 28 17 11 21 30 12 8 15 14 26 7 1 19 20 16 5 34 27 37 
21 32 35 3 33 9 23 24 28 17 11 21 30 12 8 15 14 26 7 1 19 20 16 5 34 27 37 
22 32 35 3 33 9 23 24 28 17 11 21 30 12 8 15 14 26 7 1 19 20 16 5 34 27 37 
23 32 35 3 33 9 23 24 28 17 11 21 30 12 8 15 14 26 7 1 19 20 16 5 34 27 37 
24 32 35 3 33 9 23 24 28 17 11 21 30 12 8 15 14 26 7 1 19 20 16 5 34 27 
25 32 35 3 33 9 23 24 28 17 11 21 30 12 8 15 14 26 7 1 19 20 16 5 34 27 37 
26 32 35 3 33 9 23 24 28 17 11 21 30 12 8 15 14 26 7 1 19 20 16 5 34 27 37 
27 32 35 3 33 9 23 24 28 17 11 21 30 12 8 15 14 26 7 1 19 20 16 5 34 27 37 
28 32 35 3 33 9 23 24 28 17 11 21 30 12 8 15 14 26 7 1 19 20 16 5 34 27 37 
29 32 35 3 33 9 23 24 28 17 11 21 30 12 8 15 14 26 7 1 19 20 16 5 34 27 37 
30 32 35 3 33 9 23 24 28 17 11 21 30 12 8 15 14 26 7 1 19 20 16 5 34 27 37 
31 32 35 3 33 9 23 24 28 17 11 21 30 12 8 15 14 26 7 1 19 20 16 5 34 27 37 
32 32 35 3 33 9 23 24 28 17 11 21 30 12 8 15 14 26 7 1 19 20 16 5 34 27 37 
33 32 35 3 33 9 23 24 28 17 11 21 30 12 8 15 14 26 7 1 19 20 16 5 34 27 37 
34 32 35 3 33 9 23 24 28 17 11 21 30 12 8 15 14 26 7 1 19 20 16 5 34 27 37 
35 32 35 3 33 9 23 24 28 17 11 21 30 12 8 15 14 26 7 1 19 20 16 5 34 27 37 
36 32 35 3 33 9 23 24 28 17 11 21 30 12 8 15 14 26 7 1 19 20 16 5 34 27 37 
37 32 35 3 33 9 23 28 17 11 21 30 12 8 15 14 26 7 1 19 20 16 5 34 27 37 
38 32 35 3 33 9 23 28 17 11 21 30 12 8 15 14 26 7 1 19 20 16 5 34 27 37 
39 32 35 3 33 9 23 24 28 17 11 21 30 12 8 15 14 26 7 1 19 20 16 5 34 27 37 
40 32 35 3 33 9 23 24 28 17 11 21 30 12 8 15 14 26 7 1 19 20 16 5 34 27 37 
41 32 35 3 41 33 9 23 24 28 17 11 21 30 12 8 15 14 26 7 1 19 20 16 5 34 27 37 
42 32 35 3 41 33 9 23 24 28 17 11 21 30 12 8 15 14 26 7 1 19 20 16 5 34 27 37 
43 32 35 3 41 33 9 23 24 28 17 11 21 30 12 8 15 14 26 7 1 19 20 16 5 34 27 37 
