1 1 
2 2 1 
3 2 3 1 
4 2 3 4 1 
5 2 3 4 1 5 
6 2 3 4 6 1 5 
7 2 7 3 4 6 1 5 
8 2 7 3 8 4 6 1 5 
9 2 7 9 3 8 4 6 1 5 
10 2 7 9 3 8 4 6 1 10 5 
11 2 7 9 3 8 11 4 6 1 10 5 
12 2 7 9 3 8 11 4 12 6 1 10 5 
13 2 7 9 3 8 11 4 12 6 1 10 5 
14 2 7 9 3 8 11 4 12 6 1 10 5 
15 15 8 4 12 5 2 7 9 3 11 6 1 10 
16 15 8 4 12 5 2 7 9 3 11 6 1 10 
17 15 8 4 12 5 2 7 9 3 11 17 6 1 10 
18 15 8 4 12 5 2 7 9 3 11 17 6 1 10 
19 15 8 4 12 5 2 7 9 3 19 11 17 6 1 10 
20 15 8 4 12 5 2 7 9 3 19 11 17 6 1 10 
21 15 8 4 12 5 2 7 9 3 19 11 17 6 1 10 
22 15 8 4 12 5 2 7 9 3 19 22 11 17 6 1 10 
23 15 8 4 12 5 2 7 23 9 3 19 22 11 17 6 1 10 
24 35 8 4 7 23 9 19 43 36 27 1 29 44 26 42 15 39 28 12 33 40 5 45 24 2 3 22 11 17 31 34 6 10 
25 35 8 4 7 23 9 19 43 36 27 1 29 44 26 42 15 39 28 12 33 40 5 45 24 2 3 22 11 17 31 34 6 10 
26 35 8 4 7 23 9 19 43 36 27 1 29 44 26 42 15 39 28 12 33 40 5 45 24 2 3 22 11 17 31 34 6 10 
27 35 8 4 7 23 9 19 43 36 27 1 29 44 26 42 15 39 28 12 33 40 5 45 24 2 3 22 11 17 31 34 6 10 
28 35 8 4 7 23 9 19 43 36 27 1 29 44 26 42 15 39 28 12 33 40 5 45 24 2 3 22 11 17 31 34 6 10 
29 35 8 4 7 23 9 19 43 36 27 1 29 44 26 42 15 39 28 12 33 40 5 45 24 2 3 22 11 17 31 34 6 10 
30 35 8 4 7 23 9 19 43 36 27 1 29 44 26 42 15 39 28 12 33 40 5 45 24 2 3 22 11 17 31 34 6 10 
31 35 8 4 7 23 9 19 43 36 27 1 29 44 26 42 15 39 28 12 33 40 5 45 24 2 3 22 11 17 34 31 6 10 
32 35 8 4 7 23 9 19 43 36 27 1 29 44 26 42 15 39 28 12 33 40 5 45 24 2 3 22 11 17 31 34 6 10 
33 35 8 4 7 23 9 19 43 36 27 1 29 44 26 42 15 39 28 12 33 40 5 45 24 2 3 22 11 17 31 34 6 10 
34 35 8 4 7 23 9 19 43 36 27 1 29 44 26 42 15 39 28 12 33 40 5 45 24 2 3 22 11 17 31 34 6 10 
35 35 8 4 7 23 9 19 43 36 27 1 29 44 26 42 15 39 28 12 33 40 5 45 24 2 3 22 11 17 31 34 6 10 
36 35 8 4 7 23 9 19 43 36 27 1 29 44 26 42 15 39 28 12 33 40 5 45 24 2 3 22 11 17 31 34 6 10 
37 35 8 4 7 23 9 19 43 36 27 1 29 44 26 42 15 39 28 12 33 40 5 45 24 2 3 22 11 17 31 34 6 10 
38 35 8 4 7 23 9 19 43 36 27 1 29 44 26 42 15 39 28 12 33 40 5 45 24 2 3 22 11 17 31 34 6 10 
39 35 8 4 7 23 9 19 43 36 27 1 29 44 26 42 15 39 28 12 33 40 5 45 24 2 3 22 11 17 31 34 6 10 
40 35 8 4 7 23 9 19 43 36 27 1 29 44 26 42 15 39 28 12 33 40 5 45 24 2 3 22 11 17 31 34 6 10 
41 35 8 4 7 23 9 19 43 36 27 1 29 44 26 42 15 39 28 12 33 40 5 45 24 2 3 22 11 17 31 34 6 10 
42 35 8 4 7 23 9 19 43 36 27 1 29 44 26 42 15 39 28 12 33 40 5 45 24 2 3 22 11 17 31 34 6 10 
43 35 8 4 7 23 9 19 43 36 27 1 29 44 26 42 15 39 28 12 33 40 5 45 24 2 3 22 11 17 31 34 6 10 
44 35 8 4 7 23 9 19 43 36 27 1 29 44 26 42 15 39 28 12 33 40 5 45 24 2 3 22 11 17 31 34 6 10 
45 35 8 4 7 23 9 19 43 36 27 1 29 44 26 42 15 39 28 12 33 40 5 45 24 2 3 22 11 17 31 34 6 10 
46 35 8 4 7 23 9 19 43 36 27 1 29 44 26 42 15 39 28 12 33 40 5 45 24 2 3 22 11 17 31 34 6 10 
47 35 8 4 7 23 9 19 43 36 27 1 29 44 26 42 15 39 28 12 33 40 5 45 24 2 3 22 11 17 31 34 6 10 
48 48 35 8 4 7 23 9 19 43 36 27 1 29 44 26 42 15 39 28 12 33 40 5 45 24 2 3 22 11 17 31 34 6 10 
49 48 35 8 4 7 23 9 19 43 36 27 1 29 44 26 42 15 39 28 12 33 40 5 45 24 2 3 22 49 11 17 31 34 6 10 
50 48 35 8 4 7 23 9 19 43 36 27 1 29 44 26 42 15 39 28 12 33 40 5 45 24 2 3 22 49 11 17 31 34 6 10 
51 48 51 35 8 4 7 23 9 19 43 36 27 1 29 44 26 42 15 39 28 12 33 40 5 45 24 2 3 22 49 11 17 31 34 6 10 
52 48 51 35 8 4 7 23 9 19 43 36 27 1 29 44 26 42 15 39 28 12 33 40 5 45 24 2 3 22 49 11 17 31 34 6 10 
53 48 51 35 54 8 4 57 7 23 9 19 53 43 36 27 1 29 44 26 42 15 39 28 55 12 58 33 40 5 45 24 2 3 22 49 59 11 17 31 34 6 10 
54 48 51 35 54 8 4 57 7 23 9 19 53 43 36 27 1 29 44 26 42 15 39 28 55 12 58 33 40 5 45 24 2 3 22 49 59 11 17 31 34 6 10 
55 48 51 35 54 8 4 57 7 23 9 19 53 43 36 27 1 29 44 26 42 15 39 28 55 12 58 33 40 5 45 24 2 3 22 49 59 11 17 31 34 6 10 
56 48 51 35 54 8 4 57 7 23 9 19 53 43 36 27 1 29 44 26 42 15 39 28 55 12 58 33 40 5 45 24 2 3 22 49 59 11 17 31 34 6 10 
57 48 51 35 54 8 4 57 7 23 9 19 53 43 36 27 1 29 44 26 42 15 39 28 55 12 58 33 40 5 45 24 2 3 22 49 59 11 17 31 34 6 10 
58 48 51 35 54 8 4 57 7 23 9 19 53 43 36 1 29 44 26 42 15 39 28 55 12 33 58 40 5 45 24 2 3 22 49 59 11 17 31 34 6 10 
59 48 51 35 54 8 4 57 7 23 9 19 53 43 36 1 29 44 26 42 15 39 28 55 12 58 33 40 5 45 24 2 3 22 49 59 11 17 31 34 6 10 
60 48 51 35 54 8 4 57 7 23 9 19 53 43 36 1 29 44 26 42 15 39 28 55 12 58 33 40 5 45 24 2 3 22 49 59 11 17 31 34 6 10 
61 48 51 35 54 8 4 57 7 23 9 19 53 43 36 1 29 44 26 42 15 39 28 55 12 58 33 40 5 45 24 2 3 22 49 59 11 17 31 34 6 10 
62 48 51 35 54 8 4 57 7 23 9 19 53 43 36 1 29 44 26 42 15 39 28 55 12 58 33 40 5 45 24 2 3 22 49 59 11 17 31 34 6 10 
63 48 51 35 54 8 4 57 7 23 9 19 53 43 36 27 1 29 44 26 42 15 39 28 55 12 58 33 40 5 45 24 2 3 22 49 59 11 17 31 34 6 10 63 
64 48 51 35 54 8 4 57 7 23 9 19 53 43 36 1 29 44 26 42 15 39 28 55 12 33 64 40 5 45 24 2 3 22 49 59 11 17 31 34 6 10 63 
65 48 51 35 54 8 4 57 7 23 9 19 53 43 36 1 29 44 26 42 15 39 65 28 55 12 64 33 40 5 45 24 2 3 22 49 59 11 17 31 34 6 10 63 
66 48 51 35 54 8 4 57 7 23 9 19 53 43 36 1 29 44 26 42 15 65 39 28 55 12 64 33 40 5 45 24 2 3 22 49 59 11 17 31 34 6 10 63 
67 48 51 35 54 8 4 57 7 23 9 19 53 43 36 1 29 44 26 42 15 65 39 28 55 12 64 33 40 5 45 24 2 3 22 49 59 11 17 31 34 6 10 63 
68 48 51 35 54 8 4 57 7 23 9 19 53 43 36 1 29 44 26 42 15 65 39 28 55 12 64 33 40 5 45 24 2 3 22 49 59 11 17 31 34 6 10 63 
69 48 51 35 54 8 4 57 7 23 9 19 53 43 36 27 1 29 44 26 42 15 65 39 28 55 12 64 33 40 5 45 24 2 3 22 49 59 11 17 31 34 6 10 63 
