1 1 
2 1 2 
3 1 3 2 
4 4 1 3 2 
5 8 40 41 59 61 1 9 14 54 10 36 27 32 5 26 28 3 60 6 53 63 31 20 58 34 56 4 25 65 38 50 45 11 24 52 2 
6 8 40 41 59 61 1 9 14 54 10 36 27 32 5 26 28 3 60 6 53 63 31 20 58 34 56 25 65 38 50 45 11 24 52 2 
7 8 40 41 59 61 1 9 14 54 10 36 27 32 5 26 28 3 60 6 53 63 31 20 58 34 56 25 65 38 50 45 11 24 52 2 
8 8 40 41 59 61 1 9 14 54 10 36 27 32 5 26 28 3 60 6 53 63 31 20 58 34 56 25 65 38 50 45 11 24 52 2 
9 8 40 41 59 61 1 9 14 54 10 36 27 32 5 26 28 3 60 6 53 63 31 20 58 34 56 25 65 38 50 45 11 24 52 2 
10 8 40 41 59 61 1 9 14 54 36 10 27 32 5 26 28 3 60 6 53 63 31 20 58 34 56 25 65 38 50 45 11 24 52 2 
11 8 40 41 59 61 1 9 14 54 10 36 27 32 5 26 28 3 60 6 53 63 31 20 58 34 56 25 65 38 50 45 11 24 52 2 
12 8 40 41 59 61 1 9 14 54 10 36 12 27 32 5 26 28 3 60 6 53 63 31 20 58 34 56 65 38 50 45 11 24 52 2 
13 8 40 41 59 61 1 9 14 54 10 36 12 27 32 5 26 28 3 60 6 53 63 31 16 20 58 34 56 65 38 50 45 11 24 52 2 
14 8 40 41 59 61 1 9 14 54 10 36 12 27 32 5 26 28 3 60 6 53 63 31 16 20 58 34 56 65 38 50 45 11 24 52 2 
15 8 40 41 59 61 1 9 14 54 10 36 12 27 32 5 26 28 3 60 6 53 63 31 16 20 58 34 56 65 38 50 45 11 24 52 2 
16 8 40 41 59 61 1 9 14 54 10 36 27 32 5 26 28 3 60 6 53 63 31 16 20 58 34 56 65 38 50 45 11 24 52 2 
17 8 40 41 59 61 1 9 14 54 10 36 27 32 5 26 28 3 60 6 53 63 31 16 20 58 34 56 65 38 50 45 11 24 52 2 
18 8 40 41 59 61 1 9 14 54 10 36 27 32 5 26 28 3 60 6 53 63 31 18 20 58 34 56 65 38 50 45 11 24 52 2 
19 8 40 41 59 61 1 9 14 54 10 36 27 32 5 26 28 3 60 6 53 63 31 18 20 58 34 56 65 38 50 22 45 11 24 52 2 
20 8 40 41 59 61 1 9 14 54 10 36 27 32 5 26 28 3 60 6 53 63 31 18 20 58 34 56 65 38 50 22 45 11 24 52 2 
21 8 40 41 59 61 1 9 14 54 10 36 27 32 5 26 28 3 60 6 53 63 31 18 20 58 34 56 65 38 50 22 45 11 24 52 2 
22 8 40 41 59 61 1 9 14 54 10 36 27 32 5 26 28 3 60 6 53 63 31 20 58 34 56 65 38 50 45 22 11 24 52 2 
23 8 40 41 59 61 1 9 14 54 10 36 27 32 5 26 28 3 60 6 53 63 31 20 58 34 56 65 38 50 22 45 11 24 52 2 
24 8 40 41 59 61 1 9 14 54 10 36 27 32 5 26 28 3 60 6 53 63 31 18 20 58 34 56 65 38 50 22 45 11 52 24 2 
25 8 40 41 59 61 1 9 14 54 10 36 27 32 5 26 28 3 60 6 53 63 31 20 58 34 56 65 38 25 50 45 11 24 52 2 
26 8 40 41 59 61 1 9 14 54 10 27 32 5 28 26 3 60 6 53 63 31 20 58 34 56 25 65 38 50 45 11 24 52 2 
27 8 41 59 61 1 9 14 54 10 32 27 5 26 28 3 60 6 53 63 31 20 58 34 56 25 65 38 50 45 11 24 52 2 
28 8 59 61 1 9 14 54 10 27 32 5 26 28 3 60 6 53 63 31 20 58 34 56 25 65 38 50 45 11 24 52 2 
29 8 40 41 59 61 1 9 14 54 10 36 27 32 5 26 28 3 60 6 53 63 31 20 34 58 56 25 38 65 50 45 11 24 52 2 
30 8 40 41 59 61 1 9 14 54 10 36 27 32 5 26 28 3 60 6 53 63 31 20 34 58 56 25 38 65 50 45 11 24 52 2 
31 8 40 41 59 61 1 9 14 54 10 36 27 32 5 26 28 3 60 6 53 63 31 20 34 58 56 25 38 65 50 45 11 24 52 2 
32 8 40 41 59 61 1 9 14 54 10 36 27 32 5 26 28 3 60 6 53 63 31 20 34 58 56 25 38 65 50 45 11 24 52 2 
33 8 40 41 59 61 1 9 14 54 10 36 27 32 5 26 28 3 60 6 53 63 31 20 34 58 56 25 38 65 50 45 11 24 52 2 
34 8 40 41 59 61 1 9 14 54 10 36 27 32 5 26 28 3 60 6 53 63 31 20 58 34 56 25 38 65 50 45 11 24 52 2 
35 8 40 41 59 61 1 9 14 54 10 36 27 32 5 26 28 3 60 6 53 63 31 20 34 58 56 25 38 65 50 45 11 24 52 2 
36 8 40 41 59 61 1 9 14 54 10 36 27 32 5 28 3 60 6 53 63 31 20 34 58 56 25 38 65 50 45 11 24 52 2 
37 8 40 41 59 61 1 9 14 54 10 36 27 32 5 28 3 60 6 53 63 31 20 34 58 56 25 38 65 50 45 11 24 52 2 
38 8 40 41 59 61 1 9 14 54 10 36 27 32 5 26 28 3 60 6 53 63 31 20 34 58 56 25 65 38 50 45 11 24 52 2 
39 8 40 41 59 61 1 9 14 54 10 36 27 32 5 26 28 3 60 6 53 63 31 20 34 58 56 25 38 65 50 45 11 24 52 2 
40 8 41 40 59 61 1 9 14 54 10 36 32 5 26 28 3 60 6 53 63 31 20 34 58 56 25 38 65 50 45 11 24 52 2 
41 8 40 41 59 61 1 9 14 54 10 36 27 32 5 26 3 60 6 53 63 31 20 34 58 56 25 38 65 50 45 11 24 52 2 
42 8 40 41 59 61 1 9 14 54 10 36 27 32 5 26 3 60 6 53 63 31 20 34 58 56 25 38 65 50 45 11 24 52 2 
43 8 40 41 59 61 1 9 14 54 10 36 27 32 5 26 28 3 60 6 53 63 31 20 34 58 56 25 38 65 50 45 11 24 52 2 
44 8 40 41 59 61 1 9 14 54 10 36 27 32 5 26 28 3 60 6 53 63 31 20 34 58 56 25 38 65 50 45 11 24 52 2 
45 8 40 41 59 61 1 9 14 54 10 36 27 32 5 26 28 3 60 6 53 63 31 20 34 58 56 25 38 65 50 45 11 24 52 2 
46 8 40 41 59 61 1 9 14 54 10 36 27 32 5 26 28 3 60 6 53 63 31 20 34 58 56 25 38 65 50 45 11 24 52 2 
47 8 40 41 59 61 1 9 14 54 10 36 27 32 5 26 28 3 60 6 53 63 31 20 34 58 56 25 38 65 50 45 11 24 52 2 
48 8 40 41 59 61 1 9 14 54 10 36 27 32 5 26 28 3 60 6 53 63 31 20 34 58 56 25 38 65 50 45 11 24 52 2 
49 8 40 41 59 61 1 9 14 54 10 36 27 32 5 26 28 3 60 6 53 63 31 20 34 58 56 25 38 65 50 45 11 24 52 2 
50 8 40 41 59 61 1 9 14 54 10 36 27 32 5 26 28 3 60 6 53 63 31 20 34 58 56 25 38 65 50 45 11 24 52 2 
51 8 40 41 59 61 1 9 14 54 10 36 27 32 5 26 28 3 60 6 53 63 31 20 34 58 56 25 38 65 50 45 11 24 52 2 
52 8 40 41 59 61 1 9 14 54 10 36 27 32 5 26 28 3 60 6 53 63 31 20 34 58 56 25 38 65 50 45 11 24 52 2 
53 8 40 41 59 61 1 9 14 54 10 36 27 32 5 26 28 3 60 6 63 53 31 20 34 58 56 25 38 65 50 45 11 24 52 2 
54 8 40 41 59 61 1 9 14 54 10 36 27 32 5 26 28 3 60 6 53 31 20 34 58 56 25 38 65 50 45 11 24 52 2 
55 8 40 41 59 61 1 9 14 54 10 36 27 32 5 26 28 3 60 6 53 63 31 20 58 34 56 25 38 65 50 45 11 24 52 2 
56 8 40 41 59 61 1 9 14 54 10 36 27 32 5 26 28 3 60 6 53 63 31 20 58 34 56 25 38 65 50 45 11 24 52 2 
57 8 40 41 59 61 1 9 14 54 10 36 27 32 5 26 28 3 60 6 53 63 31 20 58 34 56 25 38 65 50 45 11 24 52 2 
58 8 40 41 59 61 1 9 14 54 10 36 27 32 5 26 28 3 60 6 53 63 31 20 34 58 56 25 38 65 50 45 11 24 52 2 
59 8 40 41 59 61 1 9 14 54 10 36 27 32 5 26 28 3 60 6 53 63 31 20 58 34 56 25 38 65 50 45 11 24 52 2 
60 8 40 41 59 61 1 9 14 54 10 36 27 32 5 26 28 3 60 6 53 63 31 20 58 34 56 25 38 65 50 45 11 24 52 2 
61 8 40 41 59 61 1 9 14 54 10 36 27 32 5 26 28 3 60 6 53 63 31 20 58 34 56 25 38 65 50 45 11 24 52 2 
62 8 40 41 59 61 1 9 14 54 10 36 27 32 5 26 28 3 60 6 53 63 31 20 58 34 56 25 38 65 50 45 11 24 52 2 
63 8 40 41 59 61 1 9 14 10 36 27 32 5 26 28 3 60 6 53 63 31 20 58 34 56 25 38 65 50 45 11 24 52 2 
64 8 40 41 59 61 1 9 14 10 36 27 32 5 26 28 3 60 6 53 63 31 20 58 34 56 25 38 65 50 45 11 24 52 2 
65 8 40 41 59 61 1 9 14 54 10 36 27 32 5 26 28 3 60 6 53 63 31 20 58 34 56 25 38 65 50 45 11 24 52 2 
66 8 40 41 59 61 1 9 14 54 10 36 27 32 5 26 28 3 60 6 53 63 31 20 58 34 56 25 65 38 50 45 11 24 52 2 
67 8 40 41 59 61 1 9 14 54 10 36 27 32 5 26 28 3 60 6 53 63 31 20 58 34 56 25 65 38 50 45 11 24 52 2 
68 8 40 41 59 61 1 9 14 54 10 36 27 32 5 26 28 3 60 6 53 63 31 20 58 34 56 25 65 38 50 45 11 24 52 2 
69 8 40 41 59 61 1 9 14 54 10 36 27 32 5 26 28 3 60 6 53 63 31 20 58 34 56 25 65 38 50 45 11 24 52 2 
