1 1 
2 2 
3 3 
5 4 
6 5 
7 6 
8 7 
10 8 
11 9 
13 10 
14 11 
16 12 
17 6 
18 7 
20 7 
21 13 
22 14 
23 15 
25 16 
26 17 
27 18 
29 15 
31 19 
33 20 
34 21 
35 22 
36 23 
38 24 
39 25 
40 26 
41 27 
42 28 
44 29 
45 30 
46 31 
47 32 
48 33 
50 34 
51 35 
52 36 
53 37 
55 38 
56 39 
57 40 
58 41 
60 42 
61 43 
63 23 
65 44 
67 45 
68 46 
70 23 
71 47 
72 48 
73 49 
74 50 
75 51 
77 52 
80 23 
81 47 
83 53 
85 54 
86 55 
88 53 
91 23 
92 47 
93 56 
95 57 
97 58 
98 59 
99 60 
100 61 
103 62 
104 63 
105 64 
107 65 
108 58 
110 66 
111 67 
112 68 
114 57 
116 69 
118 70 
120 71 
123 72 
124 73 
126 50 
