1 1 
2 1 2 
3 1 2 3 
4 1 2 3 4 
5 1 2 3 4 
6 1 2 3 4 6 
7 4 8 14 6 16 9 1 2 3 12 13 10 17 
8 4 14 8 6 16 9 1 2 3 12 13 10 17 
9 4 8 14 6 16 9 1 2 3 12 13 10 17 
10 4 8 14 6 16 9 1 2 3 12 13 10 17 
11 4 8 14 6 16 9 1 2 3 12 13 10 17 
12 4 8 14 6 16 9 1 2 3 12 13 10 17 
13 4 8 14 6 16 9 1 2 3 12 13 10 17 
14 4 8 14 6 16 9 1 2 3 12 13 10 17 
15 4 8 14 6 16 9 1 2 3 12 13 10 17 
16 9 1 3 12 13 4 8 14 10 6 16 17 
17 9 1 2 3 12 13 4 8 10 14 16 17 
18 9 1 2 3 12 13 4 8 10 14 16 17 
19 4 8 14 6 16 9 1 2 3 12 13 10 17 
