1 1 
2 2 1 
3 2 3 1 
4 2 3 1 
5 5 2 3 1 
6 7 6 21 26 24 43 46 5 17 31 1 9 20 32 19 18 36 27 38 41 13 28 2 29 10 40 3 47 
7 7 6 21 26 24 43 46 17 31 1 9 20 32 19 18 36 27 38 41 13 28 2 29 10 40 3 47 
8 7 6 21 26 24 43 46 17 31 1 9 20 32 19 18 36 27 38 41 13 28 2 29 10 40 3 47 
9 7 6 21 26 24 43 46 17 31 1 9 20 32 19 18 36 27 38 41 13 28 2 29 10 40 3 47 
10 7 6 21 26 24 43 46 17 31 1 9 20 32 19 18 36 27 38 41 13 28 2 29 40 10 3 47 
11 7 6 21 26 24 43 46 17 31 1 9 20 32 18 36 27 38 41 11 13 28 2 29 10 40 3 47 
12 7 6 15 21 26 24 43 46 17 31 1 9 20 32 18 36 27 38 41 11 13 28 2 29 10 40 3 47 
13 7 6 15 21 26 24 43 46 17 31 1 9 20 32 18 36 27 38 41 11 13 28 2 29 10 40 3 47 
14 7 6 15 21 26 24 43 46 17 31 1 9 20 32 18 36 27 38 41 11 13 28 2 29 10 40 3 47 
15 7 6 15 21 26 24 43 46 17 31 1 9 20 32 18 36 27 38 41 13 28 2 29 10 40 3 47 
16 7 6 15 21 26 24 43 46 17 31 1 9 20 32 18 36 27 38 41 13 28 2 29 10 40 3 47 
17 7 6 15 21 26 24 43 46 17 31 1 9 20 32 18 36 27 38 41 11 13 28 2 29 10 40 3 47 
18 7 6 15 21 26 24 43 46 17 31 1 9 20 32 18 36 27 38 41 11 13 28 2 29 10 40 3 47 
19 7 6 21 26 24 43 46 17 31 1 9 20 32 19 18 36 27 38 41 13 28 2 29 10 40 3 47 
20 7 6 21 26 24 43 46 17 31 1 9 32 20 19 18 36 27 38 41 13 28 2 29 10 40 3 47 
21 7 6 21 26 24 43 46 17 1 9 20 32 19 18 36 27 38 41 13 28 2 29 10 40 3 47 
22 7 6 22 21 26 24 43 46 17 1 9 20 32 19 18 36 27 13 28 2 29 10 40 3 47 
23 7 6 22 21 26 24 43 46 17 31 1 9 20 32 19 18 36 27 34 13 28 2 29 10 40 3 47 
24 7 6 22 21 26 24 43 46 17 31 1 9 20 19 18 36 27 34 13 28 2 29 10 40 3 47 
25 7 6 22 21 26 24 43 46 17 31 1 9 20 32 19 18 27 36 34 13 28 2 29 10 40 3 47 
26 7 6 22 21 26 24 43 46 17 31 1 9 20 32 19 18 27 36 34 13 28 2 29 10 40 3 47 
27 7 6 22 21 26 24 43 46 17 31 1 9 20 32 19 18 36 27 34 13 28 2 29 10 40 3 47 
28 7 6 22 21 26 24 43 46 17 31 1 9 20 32 19 18 27 36 34 13 28 2 29 10 40 3 47 
29 7 6 22 21 26 24 43 46 17 31 1 9 20 32 19 18 27 36 34 13 28 2 29 10 40 3 47 
30 7 6 22 21 26 24 43 46 17 31 1 9 20 32 19 18 27 36 34 13 28 2 29 10 40 3 47 
31 7 6 22 26 24 43 46 17 31 1 9 20 32 19 18 27 36 34 13 28 2 29 10 40 3 47 
32 7 6 22 26 43 46 17 31 1 9 20 32 19 18 27 36 34 13 28 2 29 10 40 3 47 
33 7 6 22 26 43 46 17 31 1 9 20 32 19 18 27 36 34 13 28 2 29 10 40 3 47 
34 7 6 21 26 24 43 46 17 31 1 9 20 32 19 18 27 36 34 13 28 2 29 10 40 3 47 
35 7 6 21 26 24 43 46 17 31 1 9 20 32 19 18 27 36 34 13 28 2 29 10 40 3 47 
36 7 6 22 21 26 24 43 46 17 31 1 9 20 32 19 18 27 36 34 13 28 2 29 10 40 3 47 
37 7 6 22 21 26 24 43 46 17 31 1 9 20 32 19 18 36 27 34 13 28 2 29 10 40 3 47 
38 7 6 21 26 24 43 46 17 31 1 9 20 32 19 18 36 27 38 13 28 2 29 10 40 3 47 
39 7 6 21 26 24 43 46 17 31 1 9 20 32 19 18 36 27 38 13 28 2 29 10 40 3 47 
40 7 6 22 21 26 24 43 46 17 31 1 9 20 32 19 18 36 27 34 13 28 2 29 10 40 3 47 
41 7 6 21 26 24 43 46 17 31 1 9 20 32 19 18 36 27 41 13 28 2 29 10 40 3 47 
42 7 6 21 26 24 43 46 17 31 1 9 20 32 19 18 36 27 38 41 13 28 2 29 10 40 3 47 
43 7 6 21 26 24 43 46 17 31 1 9 20 32 19 18 36 27 38 41 13 28 2 29 10 40 3 47 
44 7 6 21 26 24 43 46 17 31 1 9 20 32 19 18 36 27 38 41 13 28 2 29 10 40 3 47 
45 7 6 21 26 24 43 46 17 31 1 9 20 32 19 18 36 27 38 41 13 28 2 29 10 40 3 47 
46 7 6 21 26 24 43 46 17 31 1 9 20 32 19 18 36 27 38 41 13 28 2 29 10 40 3 47 
47 7 6 21 26 24 43 46 17 31 1 9 20 32 19 18 36 27 38 41 13 28 2 29 10 40 3 47 
48 7 6 21 26 24 43 46 17 31 1 9 20 32 19 18 36 27 38 41 13 28 2 29 10 40 3 47 
49 7 6 21 26 24 43 46 17 31 1 9 20 32 19 18 36 27 38 41 13 28 2 29 10 40 3 47 
50 7 6 21 26 24 43 46 17 31 1 9 20 32 19 18 36 27 38 41 13 28 2 29 10 40 3 47 
