1 1 
2 2 1 
3 3 2 1 
4 3 2 1 
5 3 2 1 5 
6 3 2 1 6 5 
7 3 2 1 6 5 7 
8 3 2 1 8 6 5 7 
9 3 2 1 8 6 9 5 7 
10 3 10 2 1 8 6 9 5 7 
11 3 10 11 2 1 8 6 9 5 7 
12 12 3 10 11 2 1 8 6 9 5 7 
13 12 3 13 10 11 2 1 8 6 9 5 7 
14 12 10 2 1 8 5 7 3 13 14 11 6 9 
15 12 10 15 2 1 8 5 7 3 13 14 11 6 9 
16 12 10 15 2 1 8 5 7 16 3 13 14 11 6 9 
17 12 10 15 2 1 8 5 7 16 3 13 14 11 6 9 
18 12 10 15 2 1 8 5 7 18 16 3 13 14 11 6 9 
19 12 45 10 15 41 2 1 54 39 5 31 34 7 16 26 36 13 11 47 29 57 6 58 66 46 42 30 49 38 8 21 53 50 32 18 3 14 59 35 37 48 22 9 62 64 19 
20 12 45 10 15 41 2 1 54 39 5 31 34 7 16 26 36 13 11 47 29 57 6 58 66 46 42 30 49 38 8 21 53 50 32 18 3 14 59 35 37 48 22 9 62 64 19 
21 12 45 10 15 41 2 1 54 39 5 31 34 7 16 26 36 13 11 47 29 57 6 58 66 46 42 30 49 38 8 53 21 50 32 18 3 14 59 35 37 48 22 9 62 19 
22 12 45 10 15 41 2 1 54 39 5 31 34 7 16 26 36 13 11 47 29 57 6 58 46 66 42 30 49 38 8 21 53 50 32 18 3 14 59 35 37 48 22 9 62 64 19 
23 12 45 10 15 41 2 1 54 39 5 31 34 7 16 26 36 13 11 47 29 57 6 58 46 66 42 30 49 38 8 21 53 50 32 18 3 14 59 35 37 48 22 9 62 64 19 
24 12 45 10 15 41 2 1 54 39 5 31 34 7 16 26 36 13 11 47 29 57 6 58 46 66 42 30 49 38 8 21 53 50 32 18 3 14 59 35 37 48 22 9 62 64 19 
25 12 45 10 15 41 2 1 54 39 5 31 34 7 16 26 36 13 11 47 29 57 6 58 46 66 42 30 49 38 8 21 53 50 32 18 3 14 59 35 37 48 22 9 62 64 19 
26 12 45 10 15 41 2 1 54 39 5 31 34 7 16 36 26 13 11 47 29 57 6 58 46 66 42 30 49 38 8 21 53 50 32 18 3 14 59 35 37 48 22 9 62 64 19 
27 12 45 10 15 41 2 1 54 39 5 31 34 7 16 26 36 13 11 47 29 57 6 58 46 66 42 30 49 38 8 21 53 50 32 18 3 14 59 35 37 48 22 9 62 64 19 
28 12 45 10 15 41 2 1 54 39 5 31 34 7 16 26 36 13 11 47 29 57 6 58 46 66 42 30 49 38 8 21 53 50 32 18 3 14 59 35 37 48 22 9 62 64 19 
29 12 45 10 15 41 2 1 54 39 5 31 34 7 16 26 36 13 11 47 29 57 6 58 46 66 42 30 49 38 8 21 53 50 32 18 3 14 59 35 37 48 22 9 62 64 19 
30 12 45 10 15 41 2 1 54 39 5 31 34 7 16 26 36 13 11 47 29 57 6 58 46 66 42 30 49 38 8 21 53 50 32 18 3 14 59 35 37 48 22 9 62 64 19 
31 12 45 10 15 41 2 1 54 39 5 34 31 7 16 26 36 13 11 47 29 57 6 58 46 66 42 30 49 38 8 21 53 50 32 18 3 14 59 35 37 48 22 9 62 64 19 
32 12 45 10 15 41 2 1 54 39 5 31 34 7 16 26 36 13 11 47 29 57 6 58 46 66 42 30 49 38 8 21 53 50 32 18 3 14 59 35 37 48 22 9 62 64 19 
33 12 45 10 15 41 2 1 54 39 5 31 34 7 16 26 36 13 11 47 29 57 6 58 46 66 42 30 49 38 8 21 53 50 32 18 3 14 59 35 37 48 22 9 62 64 19 
34 12 45 10 15 41 2 1 54 39 5 31 34 7 16 26 36 13 11 47 29 57 6 58 46 66 42 30 49 38 8 21 53 50 32 18 3 14 59 35 37 48 22 9 62 64 19 
35 12 45 10 15 41 2 1 54 39 5 31 34 7 16 26 36 13 11 47 29 57 6 58 46 66 42 30 49 38 8 21 53 50 32 18 3 14 59 37 48 35 22 9 62 64 19 
36 12 45 10 15 41 2 1 54 39 5 31 34 7 16 26 36 13 11 47 29 57 6 58 46 66 42 30 49 38 8 21 53 50 32 18 3 14 59 35 37 48 22 9 62 64 19 
37 12 45 10 15 41 2 1 54 39 5 31 34 7 16 36 26 13 11 47 29 57 6 58 46 66 42 30 49 38 8 21 53 50 32 18 3 14 59 35 48 37 22 9 62 64 19 
38 12 45 10 15 41 2 1 54 39 5 31 34 7 16 36 26 13 11 47 29 57 6 58 46 66 42 30 49 38 8 21 53 50 32 18 3 14 59 35 37 48 22 9 62 64 19 
39 12 45 10 15 41 2 1 54 39 5 31 34 7 16 36 26 13 11 47 29 57 6 58 46 66 42 30 49 38 8 21 53 50 32 18 3 14 59 35 37 48 22 9 62 64 19 
40 12 45 10 15 41 2 1 54 39 5 31 34 7 16 36 26 13 11 47 29 57 6 58 46 66 42 30 49 38 8 21 53 50 32 18 3 14 59 35 37 48 22 9 62 64 19 
41 12 45 10 15 41 2 1 54 39 5 31 34 7 16 36 26 13 11 47 29 57 6 58 46 66 42 30 49 38 8 21 53 50 32 18 3 14 59 35 37 48 22 9 62 64 19 
42 12 45 10 15 41 2 1 54 39 5 31 34 7 16 36 26 13 11 47 29 57 6 58 46 66 42 30 49 38 8 21 53 50 32 18 3 14 59 35 37 48 22 9 62 64 19 
43 12 45 10 15 41 2 1 54 39 5 31 34 7 16 36 26 13 11 47 29 57 6 58 46 66 42 30 49 38 8 21 53 50 32 18 3 14 59 35 37 48 22 9 62 64 19 
44 12 45 10 15 41 2 1 54 39 5 31 34 7 16 36 26 13 11 47 29 57 6 58 46 66 42 30 49 38 8 21 53 50 32 18 3 14 59 35 37 48 22 9 62 64 19 
45 12 45 10 15 41 2 1 54 39 5 31 34 7 16 36 26 13 11 47 29 57 6 58 46 66 42 30 49 38 8 21 53 50 32 18 3 14 59 35 37 48 22 9 62 64 19 
46 12 45 10 15 41 2 1 54 39 5 31 34 7 16 36 26 13 11 47 29 57 6 58 66 46 42 30 49 38 8 21 53 50 32 18 3 59 35 37 48 22 9 62 64 19 
47 12 45 10 41 2 1 54 39 5 31 34 7 16 36 26 13 11 47 29 57 6 58 46 66 42 30 49 38 8 21 53 50 32 18 3 59 35 37 48 22 9 62 64 19 
48 12 45 10 41 2 1 54 39 5 31 34 7 16 36 26 13 11 47 29 57 6 58 46 66 42 30 49 38 8 21 53 50 32 18 3 59 35 37 48 22 9 62 64 19 
49 12 45 10 41 2 1 54 39 5 31 34 7 16 36 26 13 11 47 29 57 6 58 46 66 42 30 49 38 8 21 53 50 32 18 3 59 35 37 48 22 9 62 64 19 
50 12 45 10 41 2 1 54 39 5 31 34 7 16 36 26 13 11 47 29 57 6 58 46 66 42 30 49 38 8 21 53 50 32 18 3 59 35 37 48 22 9 62 64 19 
51 12 45 10 41 2 1 54 39 5 31 34 7 16 36 26 13 11 47 29 57 6 58 46 66 42 30 49 38 8 21 53 50 32 18 3 59 35 37 48 22 9 62 64 19 
52 12 45 10 41 2 1 54 39 5 31 34 7 16 36 26 13 11 47 29 57 6 58 46 66 42 30 49 38 8 21 53 50 32 18 3 59 35 37 48 22 9 62 64 19 
53 12 45 10 15 41 2 1 54 39 5 31 34 7 16 36 26 13 11 47 29 57 6 58 46 66 42 30 49 38 8 21 53 50 32 18 3 14 59 35 37 48 22 9 62 64 19 
54 12 45 10 15 41 2 1 54 39 5 31 34 7 16 36 26 13 11 47 29 57 6 58 46 66 42 30 49 38 8 21 53 50 32 18 3 14 59 35 37 48 22 9 62 64 19 
55 12 45 10 15 41 2 1 54 39 5 31 34 7 16 36 26 13 11 47 29 57 6 58 46 66 42 30 49 38 8 21 53 50 32 18 3 14 59 35 37 48 22 9 62 64 19 
56 12 45 10 15 41 2 1 54 39 5 31 34 7 16 36 26 13 11 47 29 57 6 58 46 66 42 30 49 38 8 21 53 50 32 18 3 14 59 35 37 48 22 9 62 64 19 
57 12 45 10 15 41 2 1 54 39 5 31 34 7 16 36 26 13 11 47 29 57 6 58 46 66 42 30 49 38 8 21 53 50 32 18 3 14 59 35 37 48 22 9 62 64 19 
58 12 45 10 15 41 2 1 54 39 5 31 34 7 16 36 26 13 11 47 29 57 6 58 46 66 42 30 49 38 8 21 53 50 32 18 3 14 59 35 37 48 22 9 62 64 19 
59 12 45 10 15 41 2 1 54 39 5 31 34 7 16 36 26 13 11 47 29 57 6 58 46 66 42 30 49 38 8 21 53 50 32 18 3 14 59 35 37 48 22 9 62 64 19 
60 12 45 10 15 41 2 1 54 39 5 31 34 7 16 36 26 13 11 47 29 57 6 58 46 66 42 30 49 38 8 21 53 50 32 18 3 14 59 35 37 48 22 9 62 64 19 
61 12 45 10 15 41 2 1 54 39 5 31 34 7 16 36 26 13 11 47 29 57 6 58 46 66 42 30 49 38 8 21 53 50 32 18 3 14 59 35 37 48 22 9 62 64 19 
62 12 45 10 15 41 2 1 54 39 5 31 34 7 16 26 36 13 11 47 29 57 6 58 46 66 42 30 49 38 8 21 53 50 32 18 3 14 59 35 37 48 22 9 64 62 19 
63 12 45 10 15 41 2 1 54 39 5 31 34 7 16 26 36 13 11 47 29 57 6 58 46 66 42 30 49 38 8 21 53 50 32 18 3 14 59 35 37 48 22 9 62 64 19 
64 12 45 10 15 41 2 1 54 39 5 31 34 7 16 26 36 13 11 47 29 57 6 58 46 66 42 30 49 38 8 53 50 32 18 3 14 59 35 37 48 22 9 62 64 19 
65 12 45 10 15 41 2 1 54 39 5 31 34 7 16 26 36 13 11 47 29 57 6 58 46 66 42 30 49 38 8 53 50 32 18 3 14 59 35 37 48 22 9 62 64 19 
66 12 45 10 15 41 2 1 54 39 5 31 34 7 16 26 36 13 11 47 29 57 6 58 46 66 42 30 49 38 8 21 53 50 32 3 14 59 35 37 48 22 9 62 64 19 
67 12 45 10 15 41 2 1 54 39 5 31 34 7 16 26 36 13 11 47 29 57 6 58 66 46 42 30 49 38 8 21 53 50 32 3 14 59 35 37 48 22 9 62 64 19 
68 12 45 10 15 41 2 1 54 39 5 31 34 7 16 26 36 13 11 47 29 57 6 58 66 46 42 30 49 38 8 21 53 50 32 18 3 14 59 68 35 37 48 22 9 62 64 19 
69 12 45 10 15 41 2 1 54 39 5 31 34 7 16 26 36 13 11 47 29 57 6 58 66 46 42 30 49 38 8 21 53 50 32 18 3 14 59 68 35 37 48 22 9 62 64 19 
70 12 45 10 15 41 2 1 54 39 5 31 34 7 16 26 36 13 11 47 29 57 6 58 66 46 42 30 49 38 8 21 53 50 32 18 3 14 59 68 35 37 48 22 9 62 64 19 
71 12 45 10 15 41 2 1 54 39 5 31 34 7 16 26 36 13 11 47 29 57 6 58 66 46 42 30 49 38 8 21 53 71 50 32 18 3 14 59 68 35 37 48 22 9 62 64 19 
72 12 45 10 15 41 2 1 54 39 5 31 34 7 16 26 36 13 11 47 29 57 6 58 66 46 42 30 49 38 8 71 21 53 50 32 18 3 14 59 68 35 37 48 22 9 62 64 19 
73 12 45 10 15 41 2 1 54 39 5 31 34 7 16 26 36 13 11 47 29 57 6 58 66 46 42 30 49 38 8 71 21 53 50 32 18 3 14 59 68 35 37 48 22 9 62 64 19 
