1 1 
2 2 1 
3 2 3 1 
4 2 4 3 1 
5 2 4 5 3 1 
6 2 4 5 3 1 6 
7 2 7 4 5 3 1 6 
8 2 7 4 5 8 3 1 6 
9 2 7 4 5 9 8 3 1 6 
10 2 7 4 5 9 8 3 1 6 10 
11 2 7 4 5 9 11 8 3 1 6 10 
12 2 7 12 4 5 9 11 8 3 1 6 10 
13 2 7 4 11 3 1 6 12 5 13 9 8 10 
14 2 7 4 11 3 1 6 12 5 13 9 8 10 
15 2 7 4 11 3 1 6 12 5 13 15 9 8 10 
16 2 7 4 11 3 1 6 12 5 13 15 9 8 10 
17 2 7 4 11 3 1 6 12 5 13 9 8 17 10 
18 2 7 4 11 3 1 6 12 5 13 15 9 8 17 10 
19 2 7 4 11 3 1 6 19 12 5 13 15 9 8 17 10 
20 2 7 4 11 3 1 6 19 12 5 13 15 8 17 20 10 
21 2 7 4 3 1 6 19 21 12 5 13 15 8 17 20 10 
22 2 7 4 11 3 1 6 19 21 22 12 5 13 15 9 8 17 20 10 
23 2 7 4 11 3 1 6 19 21 22 12 5 13 15 9 8 17 20 10 
24 2 7 4 11 3 1 6 19 21 22 12 5 13 15 9 8 24 17 20 10 
25 2 7 4 11 3 1 6 25 19 21 22 12 5 13 15 9 8 24 17 20 10 
26 2 7 4 11 3 1 6 25 19 26 21 22 12 5 13 15 9 8 24 17 20 10 
27 2 7 4 11 3 1 6 25 19 26 21 22 12 5 13 15 9 8 24 17 20 10 
28 2 7 4 11 3 1 6 25 19 26 21 22 12 5 13 15 9 8 24 17 20 10 
