1 1 
2 2 
3 3 
5 4 
6 5 
7 4 
9 6 
10 7 
11 8 
13 9 
14 10 
15 11 
18 8 
20 12 
23 13 
25 14 
27 15 
28 16 
30 17 
31 18 
32 19 
34 15 
36 20 
37 21 
39 22 
41 23 
42 24 
44 25 
47 26 
48 27 
49 28 
51 29 
52 30 
53 31 
54 32 
55 33 
58 34 
59 35 
60 36 
62 37 
63 38 
64 39 
65 40 
66 41 
67 42 
70 24 
72 23 
74 43 
76 44 
78 45 
80 46 
82 47 
86 48 
88 49 
90 50 
91 51 
92 52 
94 53 
95 54 
97 55 
99 56 
100 57 
101 58 
102 59 
105 60 
107 61 
108 62 
109 63 
110 64 
113 65 
117 66 
119 67 
121 68 
122 69 
123 70 
125 71 
126 72 
128 73 
132 74 
134 75 
135 76 
136 77 
137 78 
140 79 
142 80 
143 81 
144 82 
145 83 
147 84 
151 85 
153 86 
154 87 
155 88 
156 89 
157 90 
159 44 
161 91 
163 92 
164 93 
165 94 
167 95 
168 96 
170 97 
173 98 
174 99 
