1 1 
2 2 
3 3 
5 4 
6 5 
7 4 
9 6 
10 7 
11 8 
12 9 
14 10 
17 9 
19 9 
21 11 
22 12 
23 13 
24 14 
25 15 
26 16 
27 17 
29 18 
30 19 
31 20 
33 9 
35 21 
36 22 
39 14 
40 23 
42 24 
43 25 
44 26 
45 27 
48 23 
50 28 
52 14 
53 23 
54 24 
55 29 
56 30 
58 31 
59 32 
60 33 
62 34 
63 35 
64 36 
66 37 
67 32 
69 38 
70 39 
71 40 
72 41 
75 42 
78 43 
79 44 
80 45 
82 46 
83 47 
84 48 
85 49 
87 29 
89 50 
90 51 
92 52 
93 53 
94 54 
97 55 
99 24 
103 56 
106 32 
107 57 
109 58 
110 39 
111 59 
112 60 
114 61 
115 62 
116 63 
117 64 
118 65 
120 66 
