1 1 
2 1 2 
3 3 1 2 
4 3 1 2 
5 3 1 2 5 
6 32 33 6 30 7 26 43 1 19 21 23 31 12 24 20 27 5 17 28 3 16 2 35 25 29 9 18 37 40 
7 6 32 33 30 7 26 43 1 19 21 23 31 12 24 20 27 17 28 3 16 2 35 25 29 9 18 37 40 
8 6 32 33 30 7 26 43 1 19 21 23 31 12 24 20 27 17 28 3 16 2 35 25 29 9 18 37 40 
9 6 32 33 30 7 26 43 1 19 21 23 31 12 24 20 27 17 28 3 16 2 35 25 29 9 18 37 40 
10 6 32 33 30 7 26 43 1 19 21 23 31 12 24 20 10 27 17 28 3 2 35 25 29 9 18 37 40 
11 6 32 33 30 7 26 43 1 19 21 12 23 31 24 20 10 27 17 28 3 2 35 14 25 29 9 18 37 40 
12 6 32 33 30 7 26 43 1 19 21 23 31 12 24 20 10 27 17 28 3 2 35 14 25 29 9 18 37 40 
13 6 32 33 30 7 26 43 1 19 21 12 23 31 24 20 10 27 17 28 3 2 35 14 25 29 9 18 37 40 
14 6 32 33 30 7 26 43 1 19 21 12 23 31 24 20 27 17 28 3 2 35 14 25 29 9 18 37 40 
15 6 32 33 30 7 26 43 1 19 21 12 23 31 24 20 27 17 28 3 2 35 14 25 29 9 18 37 40 
16 6 32 33 30 7 26 43 1 19 21 12 23 31 24 20 27 17 28 3 16 2 35 25 29 9 18 37 40 
17 6 32 33 30 7 26 43 1 19 21 12 23 31 24 20 27 17 28 3 16 2 35 25 29 9 18 37 40 
18 6 32 33 30 7 26 43 1 19 21 12 23 31 24 20 27 17 28 3 16 2 25 29 9 18 37 40 
19 6 32 33 30 7 26 43 1 19 21 12 23 31 24 20 27 17 28 3 16 2 25 29 9 18 37 40 
20 6 32 33 30 7 26 43 1 19 21 12 23 31 24 20 27 17 28 3 16 2 25 29 9 18 37 40 
21 6 32 33 30 7 26 43 1 19 21 12 23 31 24 20 27 17 28 3 16 2 25 29 9 18 40 
22 6 32 33 30 7 26 43 1 19 21 23 31 12 24 20 27 17 28 3 16 2 25 29 9 18 37 40 
23 6 32 33 30 7 26 43 1 19 21 31 12 23 24 20 27 17 28 3 16 2 25 29 9 18 37 40 
24 6 32 33 30 7 26 43 1 19 21 23 31 12 24 20 27 17 28 3 16 2 25 29 9 18 37 40 
25 6 32 33 30 7 26 43 1 19 21 23 31 12 24 20 27 17 28 3 16 2 25 29 9 18 37 40 
26 6 32 33 30 7 43 26 1 19 21 23 31 12 24 20 27 17 28 3 16 2 25 29 9 18 37 40 
27 6 32 33 30 7 26 43 1 19 21 23 31 12 24 20 27 17 28 3 16 2 25 29 9 18 37 40 
28 6 32 33 30 7 26 43 1 19 21 23 31 12 24 20 27 17 28 3 16 2 25 29 9 18 37 40 
29 6 32 33 30 7 26 43 1 19 21 23 31 12 24 20 27 17 28 3 16 2 25 29 9 18 37 40 
30 6 32 33 30 7 26 43 1 19 21 23 31 12 24 20 27 17 28 3 16 2 25 29 9 18 37 40 
31 6 32 33 30 7 26 43 1 19 21 23 12 31 24 20 27 17 28 3 16 2 25 29 9 18 37 40 
32 6 33 32 30 7 26 43 1 19 21 23 31 12 24 20 27 17 28 3 16 2 25 29 9 18 37 40 
33 6 32 33 30 7 26 43 1 19 21 23 31 12 24 20 27 17 28 3 16 2 25 29 9 18 37 40 
34 6 32 33 30 7 26 43 1 19 21 23 31 12 24 20 27 17 28 3 16 2 25 29 9 18 37 40 
35 6 32 33 30 7 26 43 1 19 21 23 31 12 24 20 27 17 28 3 16 2 35 25 29 9 37 40 
36 6 32 33 30 7 26 43 1 19 21 23 31 12 24 20 27 17 28 3 16 2 35 25 29 9 37 40 
37 6 32 33 30 7 26 43 1 19 23 31 12 24 20 27 17 28 3 16 2 25 29 9 18 37 40 
38 6 32 33 30 7 26 43 1 19 23 31 12 24 20 27 17 28 3 16 2 25 29 9 18 37 40 
39 6 32 33 30 7 26 43 1 19 21 23 31 12 24 20 27 17 28 3 16 2 35 25 29 9 18 37 40 
40 6 32 33 30 7 26 43 1 19 21 23 31 12 24 20 27 17 28 3 16 2 35 25 29 9 18 37 40 
41 6 32 33 30 7 26 43 1 19 21 23 31 12 24 20 27 17 28 3 16 2 35 25 29 9 18 37 40 
42 6 32 33 30 7 26 43 1 19 21 23 31 12 24 20 27 17 28 3 16 2 35 25 29 9 18 37 40 
43 6 32 33 30 7 26 43 1 19 21 23 31 12 24 20 27 17 28 3 16 2 35 25 29 9 18 37 40 
44 6 32 33 30 7 26 43 1 19 21 23 31 12 24 20 27 17 28 3 16 2 35 25 29 9 18 37 40 
45 6 32 33 30 7 26 43 1 19 21 23 31 12 24 20 27 17 28 3 16 2 35 25 29 9 18 37 40 
46 6 32 33 30 7 26 43 1 19 21 23 31 12 24 20 27 17 28 3 16 2 35 25 29 9 18 37 40 
