1 1 
2 2 
3 3 
4 4 
5 5 
6 6 
7 7 
8 8 
9 9 
10 10 
11 11 
13 12 
15 12 
16 13 
18 14 
19 15 
20 16 
21 17 
23 18 
24 19 
25 20 
26 17 
27 21 
28 22 
29 23 
31 24 
32 25 
34 26 
35 27 
36 28 
38 29 
40 30 
42 31 
43 32 
44 33 
45 34 
46 35 
47 36 
51 24 
52 37 
54 38 
55 27 
56 39 
58 40 
59 41 
60 42 
62 43 
63 44 
64 45 
65 46 
66 47 
68 48 
69 49 
70 40 
73 50 
74 51 
75 52 
79 24 
80 53 
82 54 
83 27 
84 55 
86 40 
87 41 
88 56 
90 57 
91 58 
92 59 
93 60 
94 61 
96 62 
97 63 
98 40 
101 64 
102 65 
103 66 
106 24 
107 67 
109 68 
110 27 
111 69 
113 70 
115 71 
117 72 
118 73 
119 74 
120 75 
121 76 
122 77 
