1 1 
2 1 2 
3 1 3 2 
4 1 3 2 
5 1 3 5 2 
6 1 3 5 6 2 
7 1 3 7 5 6 2 
8 8 1 3 7 5 6 2 
9 8 1 3 7 10 5 6 12 2 
10 8 1 3 7 10 5 6 12 2 
11 8 1 3 7 10 5 6 12 2 
12 1 3 7 10 5 6 12 2 
13 1 3 7 10 5 6 12 2 
14 1 3 7 10 5 6 14 2 
15 1 3 7 10 5 6 14 2 15 
16 16 1 3 7 10 5 6 14 2 15 
17 16 1 3 7 10 5 6 14 17 2 15 
18 24 16 21 7 10 5 14 17 22 2 15 25 27 1 3 6 19 
19 24 16 21 7 10 5 14 17 22 2 15 25 27 1 3 6 19 
20 24 16 21 7 10 5 14 17 22 2 15 25 27 1 3 6 19 
21 24 16 21 7 10 5 14 17 22 2 15 25 27 1 3 6 19 
22 24 16 21 7 10 5 14 17 22 2 15 25 27 1 3 6 19 
23 24 16 21 7 10 5 14 17 22 2 15 25 27 1 3 6 19 
24 24 16 21 7 10 5 14 17 22 2 15 25 27 1 3 6 19 
25 24 16 21 7 10 5 14 17 22 2 15 25 27 1 3 6 19 
26 24 16 21 7 10 5 14 17 22 2 15 25 27 1 3 6 19 
27 24 16 21 7 10 5 14 22 2 15 25 27 1 3 6 19 
28 24 16 21 7 10 5 14 22 2 15 25 27 1 3 6 19 
29 24 16 21 29 7 10 5 14 22 2 15 25 1 3 6 19 
30 24 16 29 21 7 10 5 14 22 2 15 25 1 3 6 30 19 
31 24 16 29 21 7 10 5 14 22 2 15 25 1 3 6 30 19 31 
32 24 16 29 21 7 10 5 52 34 22 33 15 42 3 36 46 47 37 14 43 2 44 25 1 54 6 30 19 31 
33 24 16 29 21 7 10 5 34 22 33 15 42 3 36 46 47 37 14 43 2 44 25 1 54 6 30 19 31 
34 24 16 29 21 7 10 5 52 34 22 33 15 42 3 36 46 47 37 14 43 2 44 25 1 54 6 30 19 31 
35 24 16 29 21 7 10 5 52 34 22 33 15 42 3 36 46 47 37 14 43 2 44 25 1 54 6 30 19 31 
36 24 16 29 21 7 10 5 52 34 22 33 15 42 3 36 46 47 37 14 43 2 44 25 1 54 6 30 19 31 
37 24 16 29 21 7 10 5 52 34 22 33 15 42 3 36 46 47 37 14 43 2 44 25 1 54 6 30 19 31 
38 24 16 29 21 7 10 5 52 34 22 33 15 42 3 36 46 47 37 14 43 2 44 25 1 54 6 30 19 31 
39 24 16 21 7 10 5 52 34 22 33 39 15 42 3 36 46 47 37 14 43 2 44 25 1 54 6 30 19 31 
40 24 16 21 7 10 5 52 34 22 33 39 15 42 3 36 46 47 37 14 43 2 44 25 40 1 54 6 19 31 
41 24 16 21 7 10 5 52 34 22 33 39 15 42 3 36 46 47 37 14 43 2 44 40 25 1 54 6 19 31 
42 24 16 29 21 7 10 5 52 34 22 33 15 42 3 36 46 47 37 14 43 2 44 25 1 54 6 30 19 31 
43 24 16 29 21 7 10 5 52 34 22 33 15 42 3 36 46 47 37 14 43 2 44 25 1 54 6 30 19 31 
44 24 16 29 21 7 10 5 52 34 22 33 15 42 3 36 46 47 37 14 43 2 44 25 1 54 6 30 19 31 
45 24 16 29 21 7 10 5 52 34 22 33 15 42 3 36 46 47 37 14 43 2 44 25 1 54 6 30 19 31 
46 24 16 29 21 7 10 5 52 34 22 33 15 42 3 36 46 47 37 14 43 2 44 25 1 54 6 30 19 31 
47 24 16 29 21 7 10 5 52 34 22 33 15 42 3 36 46 47 37 14 43 2 44 25 1 54 6 30 19 31 
48 24 16 29 21 7 10 5 52 34 22 33 15 42 3 36 46 47 37 14 43 2 44 25 1 54 6 30 19 31 
49 24 16 21 7 10 5 52 34 22 33 15 42 3 36 46 47 37 49 14 43 2 44 25 1 54 6 30 19 31 
50 24 16 21 7 10 5 52 34 22 33 15 42 3 36 46 47 37 49 50 14 43 2 44 25 1 54 6 19 31 
51 24 16 21 7 10 5 52 34 22 33 15 42 3 36 46 47 37 49 50 14 43 2 44 25 1 54 6 19 31 
52 24 16 29 21 7 10 5 52 34 22 15 42 3 36 46 47 37 14 43 2 44 25 1 54 6 30 19 31 
53 24 16 29 21 7 10 5 52 34 22 15 42 3 36 46 47 37 14 43 2 44 25 1 54 6 30 19 31 
54 24 16 29 21 7 10 5 52 34 22 33 15 42 3 36 46 47 37 14 43 2 44 25 1 54 6 30 19 
55 24 16 29 21 7 10 5 52 34 22 33 15 42 3 36 46 47 37 14 43 2 44 25 1 54 6 30 19 
56 24 16 29 21 7 10 5 52 34 22 33 39 15 42 3 36 46 47 37 49 50 14 43 2 44 40 25 1 54 6 30 19 31 
57 24 16 29 21 7 10 5 52 34 22 33 39 15 42 3 36 57 46 47 37 49 50 14 43 2 44 40 25 1 54 6 30 19 31 
58 24 16 29 21 7 10 5 52 34 22 33 39 15 42 3 36 57 46 47 37 49 50 14 43 2 44 40 25 1 54 6 30 19 31 
59 24 16 29 21 7 10 5 52 34 22 33 39 15 42 3 36 57 46 47 37 49 50 14 43 2 44 40 25 1 54 6 30 19 31 
60 24 16 29 21 7 10 5 52 34 22 33 39 15 42 3 36 46 47 37 60 49 50 14 43 2 44 40 25 1 54 6 30 19 31 
61 24 16 29 21 7 10 5 52 34 22 33 39 15 42 3 36 46 47 37 60 49 50 14 43 2 44 40 25 1 54 6 30 19 31 
62 24 16 29 21 7 10 5 52 34 22 33 39 15 42 3 36 46 47 37 62 60 49 50 14 43 2 44 40 25 1 54 6 30 19 31 
63 24 16 29 21 7 10 5 52 34 22 33 39 15 42 3 36 46 47 37 62 60 49 50 14 43 2 44 40 25 1 54 6 30 19 31 
64 24 16 29 21 7 10 5 52 34 22 33 39 15 42 3 36 57 46 47 37 62 60 49 50 14 43 2 44 40 25 1 54 6 30 19 31 
