1 1 
2 2 1 
3 2 3 1 
4 4 2 3 1 
5 5 4 2 3 1 
6 5 4 2 3 1 
7 7 5 4 2 3 1 
8 7 8 5 4 2 3 1 
9 7 13 8 15 9 5 18 2 1 16 12 19 4 21 3 
10 7 13 8 9 15 5 18 2 1 16 12 19 4 21 3 
11 7 13 8 9 15 5 18 2 1 16 12 19 4 21 3 
12 7 13 8 9 15 5 18 2 1 16 12 19 4 21 3 
13 7 13 8 9 15 5 18 2 1 16 12 19 4 21 3 
14 7 13 8 9 15 5 18 2 1 16 12 19 4 21 3 
15 7 13 8 9 15 5 18 2 1 16 12 19 4 21 3 
16 7 13 8 9 15 5 18 2 1 16 12 19 4 21 3 
17 7 13 8 9 15 5 18 2 1 16 12 19 4 21 3 
18 13 8 9 15 5 18 2 1 16 12 19 4 21 3 
19 12 13 9 15 19 5 4 18 2 3 1 16 
20 12 13 9 15 19 5 4 18 2 3 1 16 
21 7 13 9 15 5 18 2 1 16 12 4 21 3 
22 7 13 9 15 5 18 2 1 16 12 4 21 3 
23 23 7 13 8 9 15 5 18 2 1 16 12 19 4 21 3 
24 23 7 13 8 9 15 5 24 18 2 1 16 12 19 4 21 3 
25 23 7 13 25 9 15 5 24 18 2 1 16 12 4 3 
26 23 7 13 25 28 9 15 5 24 18 2 36 1 16 30 12 29 4 3 27 
27 23 7 13 25 28 9 15 5 24 18 2 36 1 16 30 12 29 4 3 27 
28 23 7 13 25 28 9 15 5 24 18 2 36 1 16 30 12 29 4 3 27 
29 23 7 13 25 28 9 15 5 24 18 2 36 1 16 30 12 29 4 3 27 
30 23 7 13 25 28 9 15 5 24 18 2 36 1 16 12 30 29 4 3 27 
31 23 7 13 25 28 9 15 5 24 18 2 36 1 16 30 12 29 4 3 27 
32 23 7 13 25 28 9 15 32 5 24 18 2 36 1 16 30 12 29 4 3 27 
33 23 7 13 25 28 9 32 15 5 24 33 18 2 36 1 16 30 12 29 4 3 27 
34 23 7 13 25 28 9 32 15 5 24 33 18 2 36 1 16 30 12 29 4 3 27 
35 23 7 13 25 28 9 32 15 5 24 33 18 2 36 1 16 30 12 29 4 3 27 
36 23 7 13 28 9 15 5 24 18 2 36 1 16 30 12 29 4 3 27 
37 23 7 13 28 9 15 5 24 18 2 36 1 16 30 12 29 4 3 27 
38 23 7 13 25 28 9 32 15 5 24 33 18 2 36 1 16 30 12 29 4 3 27 
