1 1 
2 2 1 
3 2 3 1 
4 2 3 1 
5 5 2 3 1 
6 90 67 74 79 82 1 55 61 13 16 15 32 76 70 56 35 73 18 69 97 81 19 92 50 57 29 103 105 99 100 53 30 84 78 10 101 33 68 49 80 11 51 9 102 2 98 3 20 48 23 64 6 5 14 86 46 7 58 17 12 63 31 45 94 
7 90 67 74 79 82 1 55 61 13 16 15 32 76 70 56 35 73 18 69 97 81 19 92 50 57 29 103 105 99 100 53 30 84 78 10 101 33 68 49 80 11 51 9 102 2 98 3 20 48 6 23 64 14 86 46 7 58 17 12 63 31 45 94 
8 90 67 74 79 82 1 55 61 13 16 15 32 76 70 56 35 73 18 69 97 81 19 92 50 57 29 103 105 99 100 53 30 84 78 10 101 33 68 49 80 11 51 9 102 2 98 3 20 48 6 23 64 14 86 46 7 58 17 12 63 31 45 94 
9 90 67 74 79 82 1 55 61 13 16 15 32 76 70 56 35 73 18 69 97 81 19 92 50 57 29 103 105 99 100 53 30 84 78 10 101 33 68 49 80 11 51 9 102 2 98 3 20 48 6 23 64 14 86 46 7 58 17 12 63 31 45 94 
10 90 67 74 79 82 1 55 61 13 16 15 32 76 70 56 35 73 18 69 97 81 19 92 50 57 29 103 105 99 100 53 30 84 78 10 101 33 68 49 80 11 51 9 102 2 98 3 20 48 6 23 64 14 86 46 7 58 17 12 63 31 45 94 
11 90 67 74 79 82 1 55 61 13 16 15 32 76 70 56 35 73 18 69 97 81 19 92 50 57 29 103 105 99 100 53 30 84 78 10 101 33 68 49 80 11 51 9 102 2 98 3 20 48 6 23 64 14 86 46 7 58 17 12 63 31 45 94 
12 90 67 74 79 82 1 55 61 13 16 15 32 76 70 56 35 73 18 69 97 81 19 92 50 57 29 103 105 99 100 53 30 84 78 10 101 33 68 49 80 11 51 9 102 2 98 3 20 48 6 23 64 14 86 46 7 58 17 63 12 31 45 94 
13 90 67 74 79 82 1 55 61 16 13 15 32 76 70 56 35 73 18 69 97 81 19 92 50 57 29 103 105 99 100 53 30 84 78 10 101 33 68 49 80 11 51 9 102 2 98 3 20 48 6 23 64 14 86 46 7 58 17 12 63 31 45 94 
14 90 67 74 79 82 1 55 61 13 16 15 32 76 70 56 35 73 18 69 97 81 19 92 50 57 29 103 105 99 100 53 30 84 78 10 101 33 68 49 80 11 51 9 102 2 98 3 20 48 6 23 64 14 86 46 7 58 17 12 63 31 45 94 
15 90 67 74 79 82 1 55 61 13 16 32 15 76 70 56 35 73 18 69 97 81 19 92 50 57 29 103 105 99 100 53 30 84 78 10 101 33 68 49 80 11 51 9 102 2 98 3 20 48 6 23 64 14 86 46 7 58 17 12 63 31 45 94 
16 90 67 74 79 82 1 55 61 13 16 15 32 76 70 56 35 73 18 69 97 81 19 92 50 57 29 103 105 99 100 53 30 84 78 10 101 33 68 49 80 11 51 9 102 2 98 3 20 48 6 23 64 14 86 46 7 58 17 12 63 31 45 94 
17 90 67 74 79 82 1 55 61 13 16 15 32 76 70 56 35 73 18 69 97 81 19 92 50 57 29 103 105 99 100 53 30 84 78 10 101 33 68 49 80 11 51 9 102 2 98 3 20 48 6 23 64 14 86 46 7 58 17 12 63 31 45 94 
18 90 67 74 79 82 1 55 61 13 16 15 32 76 70 56 35 73 18 69 97 81 19 92 50 57 29 103 105 99 100 53 30 84 78 10 101 33 68 49 80 11 51 9 102 2 98 3 20 48 6 23 64 14 86 46 7 58 17 12 63 31 45 94 
19 90 67 74 79 82 1 55 61 13 16 15 32 76 70 56 35 73 18 69 97 81 92 19 50 57 29 103 105 99 100 53 30 84 78 10 101 33 68 49 80 11 51 9 102 2 98 3 20 48 6 23 64 14 86 46 7 58 17 12 63 31 45 94 
20 90 67 74 79 82 1 55 61 13 16 15 32 76 70 56 35 73 18 69 97 81 19 92 50 57 29 103 105 99 100 53 30 84 78 10 101 33 68 49 80 11 51 9 102 2 98 3 20 48 6 23 64 14 86 46 7 58 17 12 63 31 45 94 
21 67 74 79 82 1 55 61 13 16 15 32 76 70 56 35 73 18 69 97 81 19 92 50 57 29 103 99 100 53 30 84 78 10 101 33 68 21 49 80 11 51 9 102 2 98 3 20 48 6 23 64 14 86 46 7 58 17 12 63 31 45 94 
22 67 74 79 82 1 55 61 13 16 15 32 76 70 56 35 73 18 69 97 81 19 92 50 57 29 103 99 100 53 30 84 78 10 101 33 68 21 49 80 11 51 9 102 2 98 3 20 48 6 23 64 14 25 86 46 7 58 17 12 63 31 45 94 
23 67 74 79 82 1 55 61 13 16 15 32 76 70 56 35 73 18 69 97 81 19 92 50 57 29 103 99 100 53 30 84 78 10 101 33 68 21 49 80 11 51 9 102 2 98 3 20 48 6 64 23 14 25 86 46 7 58 17 12 63 31 45 94 
24 67 74 79 82 1 55 61 13 16 15 32 76 70 56 35 73 18 69 97 81 19 92 50 57 29 103 99 100 53 30 84 78 10 101 33 68 21 49 80 11 51 9 102 2 98 3 20 48 6 23 64 14 25 86 46 7 58 17 12 63 31 45 94 
25 67 74 79 82 1 55 61 13 16 15 32 76 70 56 35 73 18 69 97 81 19 92 50 57 29 103 99 100 53 30 84 78 10 101 33 68 49 80 11 51 9 102 2 98 3 20 48 6 23 64 14 86 25 46 7 58 17 12 63 31 45 94 
26 67 74 79 82 1 55 61 13 16 15 32 76 70 56 35 73 18 69 97 81 19 92 50 57 29 103 99 100 53 30 84 78 10 101 33 68 49 80 11 51 9 102 2 98 3 20 48 6 23 64 14 25 86 46 7 58 17 12 63 31 45 94 
27 67 74 79 82 1 55 61 13 16 15 32 76 70 56 35 73 18 69 97 81 19 92 50 57 29 103 99 27 100 53 30 84 78 10 101 33 68 49 80 11 51 9 102 2 98 3 20 48 6 23 64 14 86 46 7 58 17 12 63 31 45 94 
28 67 74 79 82 1 55 61 13 16 15 32 76 70 56 35 73 18 69 97 81 19 92 50 57 29 103 27 99 100 53 30 84 78 10 33 101 68 49 80 11 51 9 102 2 41 98 3 20 48 6 23 64 14 86 46 7 58 17 12 63 31 45 94 
29 67 74 79 82 1 55 61 13 16 15 32 76 70 56 35 73 18 69 97 81 19 92 50 57 29 103 27 99 100 30 84 78 10 33 101 68 49 80 11 51 9 102 2 41 98 3 20 48 6 23 64 14 46 7 58 17 12 63 31 45 94 
30 67 74 79 82 1 61 13 16 15 32 70 56 35 73 18 69 97 81 19 92 50 57 29 103 27 99 100 30 84 78 10 33 101 68 49 80 11 51 9 102 2 41 98 3 20 48 6 23 64 14 46 7 58 17 12 63 31 45 94 
31 67 74 79 82 1 61 13 16 15 32 70 56 35 73 18 69 97 81 19 92 50 57 29 103 27 99 100 30 84 78 10 33 101 68 49 80 11 51 9 102 2 41 98 3 20 48 6 23 64 14 46 7 58 17 12 63 31 45 94 
32 67 74 79 82 1 61 13 16 15 32 70 56 35 73 18 69 97 81 19 92 50 57 29 103 27 99 100 30 84 78 10 33 101 68 49 80 11 51 9 102 2 41 98 3 20 48 6 23 64 14 46 7 58 17 12 63 31 45 94 
33 67 74 79 82 1 61 13 16 15 32 70 56 35 73 18 69 97 81 19 92 50 57 29 103 27 99 100 30 84 78 10 101 33 68 49 80 11 51 9 102 2 41 98 3 20 48 6 23 64 14 46 7 58 17 12 63 31 45 94 
34 67 74 79 82 1 61 13 16 15 32 70 56 35 73 18 69 97 81 19 92 50 57 29 103 27 99 100 30 84 78 10 33 101 68 49 80 11 51 9 102 2 41 98 3 20 48 6 23 64 14 46 7 58 17 12 63 31 45 94 
35 67 74 79 82 1 61 13 16 15 32 70 56 73 35 18 69 97 81 19 92 50 57 29 103 27 99 100 30 84 78 10 33 101 68 49 80 11 51 9 102 2 41 98 3 20 48 6 23 64 14 46 7 58 17 12 63 31 45 94 
36 67 74 79 82 1 61 13 16 15 32 70 56 35 73 18 69 97 81 19 92 50 57 29 103 27 99 100 30 84 78 10 33 101 68 49 80 11 51 9 102 2 41 98 3 20 48 6 23 64 14 46 7 58 17 12 63 31 45 94 
37 67 74 79 82 1 61 13 16 15 32 70 56 35 73 18 69 97 81 19 92 50 57 29 103 27 99 100 30 84 78 10 33 101 68 49 80 11 51 9 102 2 41 98 3 20 48 6 23 64 14 46 7 58 17 12 63 31 45 94 
38 67 74 79 82 1 61 13 16 15 32 70 56 35 73 18 69 97 81 19 92 50 57 29 103 27 99 100 30 84 78 10 33 101 68 49 80 11 51 9 102 2 41 98 3 20 48 6 23 64 14 46 7 58 17 12 63 31 45 94 
39 67 74 79 82 1 61 13 16 15 32 70 56 35 73 18 69 97 81 19 92 50 57 29 103 27 99 100 30 84 78 10 33 101 68 49 80 11 51 9 102 2 41 98 3 20 48 6 23 64 14 46 7 58 17 12 63 31 45 94 
40 67 74 79 82 1 61 13 16 15 32 70 56 35 73 18 69 97 81 19 92 50 57 29 103 27 99 100 30 84 78 10 33 101 68 49 80 11 51 9 102 2 41 98 3 20 48 6 23 64 14 46 7 58 17 12 63 31 45 94 
41 67 74 79 82 1 61 13 16 15 32 70 56 35 73 18 69 97 81 19 92 50 57 29 103 99 100 30 84 78 10 33 101 68 49 80 11 51 9 102 2 98 41 3 20 48 6 23 64 14 46 7 58 17 12 63 31 45 94 
42 67 74 79 82 1 61 13 16 15 32 70 56 35 73 18 69 97 81 19 92 50 57 29 103 99 100 30 84 78 10 33 101 68 49 80 11 51 9 102 2 41 98 3 20 48 6 23 64 14 46 7 58 17 12 63 31 45 94 
43 67 74 79 82 1 55 61 13 16 15 32 76 70 56 35 73 18 69 97 81 19 92 50 57 29 103 99 100 53 30 84 78 10 33 101 68 49 80 11 51 43 9 102 2 98 3 20 48 6 23 64 14 86 46 7 58 17 12 63 31 45 94 
44 67 74 79 82 1 55 61 13 16 15 32 76 70 56 35 73 18 69 97 81 19 92 50 57 29 103 99 53 100 30 84 78 10 33 101 68 49 80 11 51 43 9 102 2 98 3 20 48 6 23 64 14 86 46 7 58 17 12 63 31 45 94 88 
45 67 74 79 82 1 55 61 13 16 15 32 76 70 56 35 73 18 69 97 81 19 92 50 57 29 103 99 53 100 30 84 78 10 33 101 68 49 80 11 51 43 9 102 2 98 3 20 48 6 23 64 14 86 46 7 58 17 12 63 31 45 94 88 
46 67 74 79 82 1 55 61 13 16 15 32 76 70 56 35 73 18 69 97 81 19 92 50 57 29 103 99 53 100 30 84 78 10 33 101 68 49 80 11 51 43 9 102 2 98 3 20 48 6 23 64 14 86 46 7 58 17 12 63 31 45 94 88 
47 67 74 79 82 1 55 61 13 16 15 32 76 70 56 35 73 18 69 97 81 19 92 50 57 29 103 99 53 100 30 84 78 10 33 101 68 49 80 11 51 43 9 102 2 98 3 20 48 6 23 64 14 86 46 7 58 17 12 63 31 45 94 88 
48 67 74 79 82 1 55 61 13 16 15 32 76 70 56 35 73 18 69 97 81 19 92 50 57 29 103 99 53 100 30 84 78 10 33 101 68 49 80 11 51 43 9 102 2 98 3 20 48 6 23 64 14 86 46 7 58 17 12 63 31 45 94 88 
49 67 74 79 82 1 55 61 13 16 15 32 76 70 56 35 73 18 69 97 81 19 92 50 57 29 103 99 53 100 30 84 78 10 33 101 68 80 49 11 51 43 9 102 2 98 3 20 48 6 23 64 14 86 46 7 58 17 12 63 31 45 94 88 
50 67 74 79 82 1 55 61 13 16 15 32 76 70 56 35 73 18 69 97 81 19 92 50 57 29 103 99 53 100 30 84 78 10 33 101 68 49 80 11 51 43 9 102 2 98 3 20 48 6 23 64 14 86 46 7 58 17 12 63 31 45 94 88 
51 67 74 79 82 1 55 61 13 16 15 32 76 70 56 35 73 18 69 97 81 19 92 50 57 29 103 99 53 100 30 84 78 10 33 101 68 49 80 11 51 43 9 102 2 98 3 20 48 6 23 64 14 86 46 7 58 17 12 63 31 45 94 88 
52 67 74 79 82 1 55 61 13 16 15 32 76 70 56 35 73 18 69 97 81 19 92 50 57 29 103 99 53 100 30 84 78 10 33 101 68 49 80 11 51 43 9 102 2 98 3 20 48 6 23 64 14 86 46 7 58 17 12 63 31 45 94 88 
53 67 74 79 82 1 55 61 13 16 15 32 76 70 56 35 73 18 69 97 81 19 92 50 57 103 99 100 53 30 84 78 10 33 101 68 49 80 11 51 43 9 102 2 98 3 20 48 6 23 64 14 46 7 58 17 12 63 31 45 94 88 
54 67 74 79 82 1 55 61 13 16 15 32 76 70 56 35 73 18 69 97 81 19 92 50 57 103 99 53 100 30 84 78 10 33 101 68 49 80 11 51 43 9 102 2 98 3 20 48 6 23 64 14 86 46 7 58 17 12 63 31 45 94 88 
55 67 74 79 82 1 61 55 13 16 15 32 70 56 35 73 18 69 97 81 19 92 50 57 103 99 53 100 84 78 10 33 101 68 49 80 11 51 43 9 102 2 98 3 20 48 6 23 64 14 86 46 7 58 17 12 63 31 45 94 88 
56 67 74 79 82 1 55 61 13 16 15 32 70 56 35 73 18 69 97 81 19 92 50 57 103 99 53 100 84 78 10 33 101 68 49 80 11 51 43 9 102 2 98 3 20 48 6 23 64 14 86 46 7 58 17 12 63 31 45 94 88 
57 67 74 79 82 1 55 61 13 16 15 32 70 56 35 73 18 69 97 81 19 92 50 57 103 99 53 100 78 10 33 101 68 49 80 11 51 43 9 102 2 98 3 20 48 6 23 64 14 86 46 7 58 17 12 63 31 45 94 88 
58 67 74 79 82 1 55 61 13 16 15 32 70 56 35 73 18 69 97 81 19 92 50 57 103 99 53 100 78 10 33 101 68 49 80 11 51 43 9 102 2 98 3 20 48 6 23 64 14 86 46 7 58 17 12 63 31 45 94 88 
59 67 74 79 82 1 55 61 13 16 15 32 70 56 35 73 18 69 97 81 19 92 50 57 103 99 53 100 78 10 33 101 68 49 80 11 51 43 9 102 2 98 3 20 48 6 23 64 14 86 46 7 58 17 12 63 31 45 94 88 
60 67 74 79 82 1 55 61 13 16 15 32 76 70 56 73 35 18 69 97 81 19 92 50 57 103 99 53 100 84 78 10 33 101 68 49 80 11 51 43 9 102 2 98 3 20 48 6 64 23 14 86 46 7 58 17 12 63 31 45 94 88 
61 67 74 79 82 1 55 61 13 16 15 32 76 70 56 73 35 18 69 97 81 19 92 50 57 103 99 53 100 84 78 10 33 101 68 49 80 11 51 43 9 102 2 98 3 20 48 6 64 23 14 86 46 7 58 17 12 63 31 45 94 88 
62 67 74 79 82 1 55 61 13 16 15 32 76 70 56 73 35 18 69 97 81 19 92 50 57 103 99 53 100 84 78 10 33 101 68 49 80 11 51 43 9 102 2 98 3 20 48 6 64 23 14 86 46 7 58 17 12 63 31 45 94 88 
63 67 74 79 82 1 55 61 13 16 15 32 76 70 56 73 35 18 69 97 81 19 92 50 57 103 99 53 100 84 78 10 33 101 68 49 80 11 51 43 9 102 2 98 3 20 48 6 64 23 14 86 46 7 58 17 12 63 31 45 94 88 
64 67 74 79 82 1 55 61 13 16 15 32 76 70 56 73 35 18 69 97 81 19 92 50 57 103 99 53 100 84 78 10 33 101 68 49 80 11 51 43 9 102 2 98 3 20 48 6 23 64 14 86 46 7 58 17 12 63 31 45 94 88 
65 67 74 79 82 1 55 61 13 16 15 32 76 70 56 73 35 18 69 97 81 19 92 50 57 103 99 53 100 84 78 10 33 101 68 49 80 11 51 43 9 102 2 98 3 20 48 6 64 23 14 86 46 7 58 17 12 63 31 45 94 88 
66 67 74 79 82 1 55 61 13 16 15 32 76 70 56 73 35 18 69 97 81 19 92 50 57 103 99 53 100 84 78 10 33 101 68 49 80 11 51 43 9 102 2 98 3 20 48 6 64 23 14 86 46 7 58 17 12 63 31 45 94 88 
67 67 74 79 82 1 55 61 13 16 15 32 76 70 56 73 35 18 69 97 81 19 92 50 57 103 99 53 100 84 78 10 33 101 68 49 80 11 51 43 9 102 2 98 3 20 48 6 64 23 14 86 46 7 58 17 12 63 31 45 94 88 
68 67 74 79 82 1 55 61 13 16 15 32 76 70 56 73 35 18 69 97 81 19 92 50 57 103 99 53 100 84 78 10 33 101 68 49 80 11 51 43 9 102 2 98 3 20 48 6 64 23 14 86 46 7 58 17 12 63 31 45 94 88 
69 67 74 79 82 1 55 61 13 16 15 32 76 70 56 73 35 18 69 97 81 19 92 50 57 103 99 53 100 84 78 10 33 101 68 49 80 11 51 43 9 102 2 98 3 20 48 6 64 23 14 86 46 7 58 17 12 63 31 45 94 88 
70 67 74 79 82 1 55 61 13 16 15 32 76 70 56 73 35 18 69 97 81 19 92 50 57 103 99 53 100 84 78 10 33 101 68 49 80 11 51 43 9 102 2 98 3 20 48 6 64 23 14 86 46 7 58 17 12 63 31 45 94 88 
71 67 74 79 82 1 55 61 13 16 15 32 76 70 56 73 35 18 69 97 81 19 92 50 57 103 99 53 100 84 78 10 33 101 68 49 80 11 51 43 9 102 2 98 3 20 48 6 64 23 14 86 46 7 58 17 12 63 31 45 94 88 
72 67 74 79 82 1 55 61 13 16 15 32 76 70 56 73 35 18 69 97 81 19 92 50 57 103 99 53 100 84 78 10 33 101 68 49 80 11 51 43 9 102 2 98 3 20 48 6 64 23 14 86 46 7 58 17 12 63 31 45 94 88 
73 67 74 79 82 1 55 61 13 16 15 32 76 70 56 35 73 18 69 97 81 19 92 50 57 103 99 53 100 84 78 10 33 101 68 49 80 11 51 43 9 102 2 98 3 20 48 6 64 23 14 86 46 7 58 17 12 63 31 45 94 88 
74 67 74 79 82 1 55 61 13 16 15 32 76 70 56 73 35 18 69 97 81 19 92 50 57 103 99 53 100 84 78 10 33 101 68 49 80 11 51 43 9 102 2 98 3 20 48 6 64 23 14 86 46 7 58 17 12 63 31 45 94 88 
75 67 74 79 82 1 55 61 13 16 15 32 76 70 56 73 35 18 69 97 81 19 92 50 57 103 99 53 100 84 78 10 33 101 68 49 80 11 51 43 9 102 2 98 3 20 48 6 64 23 14 86 46 7 58 17 12 63 31 45 94 88 
76 67 74 79 82 1 61 13 16 15 32 76 70 56 73 35 18 69 97 81 19 92 50 57 103 99 53 100 84 78 10 33 101 68 49 80 11 51 43 9 102 2 98 3 20 48 6 64 23 14 86 46 7 58 17 12 63 31 45 94 88 
77 67 74 79 82 1 61 13 16 15 32 76 70 56 73 35 18 69 97 81 19 92 50 57 103 99 53 100 84 78 10 33 101 68 49 80 11 51 43 9 102 2 98 3 20 48 6 64 23 14 86 46 7 58 17 12 63 31 45 94 88 
78 67 74 79 82 1 61 13 16 15 32 76 70 56 73 35 18 69 97 81 19 92 50 57 103 99 53 100 84 78 10 33 101 68 49 80 11 51 43 9 102 2 98 3 20 48 6 64 23 14 86 46 7 58 17 12 63 31 45 94 88 
79 67 74 79 82 1 61 13 16 15 32 76 70 56 73 35 18 69 97 81 19 92 50 57 103 99 53 100 84 78 10 33 101 68 49 80 11 51 43 9 102 2 98 3 20 48 6 64 23 14 86 46 7 58 17 12 63 31 45 94 88 
80 67 74 79 82 1 61 13 16 15 32 76 70 56 73 35 18 69 97 81 19 92 50 57 103 99 53 100 84 78 10 33 101 68 49 80 11 51 43 9 102 2 98 3 20 48 6 64 23 14 86 46 7 58 17 12 63 31 45 94 88 
81 67 74 79 82 1 61 13 16 15 32 76 70 56 73 35 18 69 97 81 19 92 50 57 103 99 53 100 84 78 10 33 101 68 49 80 11 51 43 9 102 2 98 3 20 48 6 64 23 14 86 46 7 58 17 12 63 31 45 94 88 
82 67 74 79 82 1 61 13 16 15 32 76 70 56 73 35 18 69 97 81 19 92 50 57 103 99 53 100 84 78 10 33 101 68 49 80 11 51 43 9 102 2 98 3 20 48 6 64 23 14 86 46 7 58 17 12 63 31 45 94 88 
83 67 74 79 82 1 61 13 16 15 32 76 70 56 73 35 18 69 97 81 19 92 50 57 103 99 53 100 84 78 10 33 101 68 49 80 11 51 43 9 102 2 98 3 20 48 6 64 23 14 86 46 7 58 17 12 63 31 45 94 88 
84 67 74 79 82 1 61 13 16 15 32 76 70 56 73 35 18 69 97 81 19 92 50 103 99 53 100 84 78 10 33 101 68 49 80 11 51 43 9 102 2 98 3 20 48 6 64 23 14 86 46 7 58 17 12 63 31 45 94 88 
85 67 74 79 82 1 61 13 16 15 32 76 70 56 73 35 18 69 97 81 19 92 50 103 99 53 100 84 78 10 33 101 68 49 80 11 51 43 9 102 2 98 3 20 48 6 64 23 14 86 46 7 58 17 12 63 31 45 94 88 
86 67 74 79 82 1 55 61 13 16 15 32 76 70 56 73 35 18 69 97 81 19 92 50 57 103 99 100 84 78 10 33 101 68 49 80 11 51 43 9 102 2 98 3 20 48 6 64 23 14 86 46 7 58 17 12 63 31 45 94 88 
87 67 74 79 82 1 55 61 13 16 15 32 76 70 56 73 35 18 69 97 81 19 92 50 57 103 99 100 84 78 10 33 101 68 49 80 11 51 43 9 102 2 98 3 20 48 6 64 23 14 86 46 7 58 17 12 63 31 45 94 88 
88 67 74 79 82 1 55 61 13 16 15 32 76 70 56 35 73 18 69 97 81 19 92 50 57 29 103 99 53 100 30 84 78 10 33 101 68 49 80 11 51 9 102 2 98 3 20 48 6 23 64 14 86 46 7 58 17 12 63 31 45 94 88 
89 67 74 79 82 1 55 61 13 16 15 32 76 70 56 35 73 18 69 97 81 19 92 50 57 29 103 99 53 100 30 84 78 10 33 101 68 49 80 11 51 9 102 2 98 3 20 48 6 23 64 14 86 46 7 58 17 12 63 31 45 94 88 
90 67 90 74 79 82 1 55 61 13 16 15 32 76 70 56 35 73 18 69 97 81 19 92 50 57 29 103 99 53 100 30 84 78 10 33 101 68 49 80 11 51 9 102 2 98 3 20 48 6 23 64 14 86 46 7 58 17 12 63 31 45 94 
91 90 67 74 79 82 1 55 61 13 16 15 32 76 70 56 35 73 18 69 97 81 19 92 50 57 29 103 105 99 100 53 30 84 78 10 101 33 68 49 80 11 51 9 102 2 98 3 20 48 6 23 64 14 86 46 7 58 17 12 63 31 45 94 
92 90 67 74 79 82 1 55 61 13 16 15 32 76 70 56 35 73 18 69 97 81 19 92 50 57 29 103 105 99 100 53 30 84 78 10 101 33 68 49 80 11 51 9 102 2 98 3 20 48 6 23 64 14 86 46 7 58 17 12 63 31 45 94 
93 90 67 74 79 82 1 55 61 13 16 15 32 76 70 56 35 73 18 69 97 81 19 92 50 57 29 103 105 99 100 53 30 84 78 10 101 33 68 49 80 11 51 9 102 2 98 3 20 48 6 23 64 14 86 46 7 58 17 12 63 31 45 94 
94 90 67 74 79 82 1 55 61 13 16 15 32 76 70 56 35 73 18 69 97 81 19 92 50 57 29 103 105 99 100 53 30 84 78 10 101 33 68 49 80 11 51 9 102 2 98 3 20 48 6 23 64 14 86 46 7 58 17 12 63 31 45 94 
95 90 67 74 79 82 1 55 61 13 16 15 32 76 70 56 35 73 18 69 97 81 19 92 50 57 29 103 105 99 100 53 30 84 78 10 101 33 68 49 80 11 51 9 102 2 98 3 20 48 6 23 64 14 86 46 7 58 17 12 63 31 45 94 
96 90 67 74 79 82 1 55 61 13 16 15 32 76 70 56 35 73 18 69 97 81 19 92 50 57 29 103 105 99 100 53 30 84 78 10 101 33 68 49 80 11 51 9 102 2 98 3 20 48 6 23 64 14 86 46 7 58 17 12 63 31 45 94 
97 90 67 74 79 82 1 55 61 13 16 15 32 76 70 56 35 73 18 69 97 81 19 92 50 57 29 103 105 99 100 53 30 84 78 10 101 33 68 49 80 11 51 9 102 2 98 3 20 48 6 23 64 14 86 46 7 58 17 12 63 31 45 94 
98 90 67 74 79 82 1 55 61 13 16 15 32 76 70 56 35 73 18 69 97 81 19 92 50 57 29 103 105 99 100 53 30 84 78 10 101 33 68 49 80 11 51 9 102 2 98 3 20 48 6 23 64 14 86 46 7 58 17 12 63 31 45 94 
99 90 67 74 79 82 1 55 61 13 16 15 32 76 70 56 35 73 18 69 97 81 19 92 50 57 29 103 105 99 100 53 30 84 78 10 101 33 68 49 80 11 51 9 102 2 98 3 20 48 6 23 64 14 86 46 7 58 17 12 63 31 45 94 
100 90 67 74 79 82 1 55 61 13 16 15 32 76 70 56 35 73 18 69 97 81 19 92 50 57 29 103 105 99 53 100 30 84 78 10 101 33 68 49 80 11 51 9 102 2 98 3 20 48 6 23 64 14 86 46 7 58 17 12 63 31 45 94 
101 90 67 74 79 82 1 55 61 13 16 15 32 76 70 56 35 73 18 69 97 81 19 92 50 57 29 103 105 99 100 53 30 84 78 10 33 101 68 49 80 11 51 9 102 2 98 3 20 48 6 23 64 14 86 46 7 58 17 12 63 31 45 94 
102 90 67 74 79 82 1 55 61 13 16 15 32 76 70 56 35 73 18 69 97 81 19 92 50 57 29 103 105 99 100 53 30 84 78 10 101 33 68 49 80 11 51 9 102 2 98 3 20 48 6 23 64 14 86 46 7 58 17 12 63 31 45 94 
103 90 67 74 79 82 1 55 61 13 16 15 32 76 70 56 35 73 18 69 97 81 19 92 50 57 29 103 105 99 100 53 30 84 78 10 101 33 68 49 80 11 51 9 102 2 98 3 20 48 6 23 64 14 86 46 7 58 17 12 63 31 45 94 
104 90 67 74 79 82 1 55 61 13 16 15 32 76 70 56 35 73 18 69 97 81 19 92 50 57 29 103 105 99 100 53 30 84 78 10 101 33 68 49 80 11 51 9 102 2 98 3 20 48 6 23 64 14 86 46 7 58 17 12 63 31 45 94 
105 67 74 79 82 1 55 61 13 16 15 32 76 70 56 35 73 18 69 97 81 19 92 50 57 29 103 105 99 100 53 30 84 78 10 101 33 68 49 80 11 51 9 102 2 98 3 20 48 6 23 64 14 86 46 7 58 17 12 63 31 45 94 
106 67 74 79 82 1 55 61 13 16 15 32 76 70 56 35 73 18 69 97 81 19 92 50 57 29 103 105 99 100 53 30 84 78 10 101 33 68 49 80 11 51 9 102 2 98 3 20 48 6 23 64 14 86 46 7 58 17 12 63 31 45 94 
107 90 67 74 79 82 1 55 61 13 16 15 32 76 70 56 35 73 18 69 97 81 19 92 50 57 29 103 105 99 100 53 30 84 78 10 101 33 68 49 80 11 51 9 102 2 98 3 20 48 6 23 64 14 86 46 7 58 17 12 63 31 45 94 
108 90 67 74 79 82 1 55 61 13 16 15 32 76 70 56 35 73 18 69 97 81 19 92 50 57 29 103 105 99 100 53 30 84 78 10 101 33 68 49 80 11 51 9 102 2 98 3 20 48 6 23 64 14 86 46 7 58 17 12 63 31 45 94 
