1 1 
2 1 2 
3 1 3 2 
4 1 3 2 4 
5 1 3 5 2 4 
6 1 3 5 2 6 4 
7 1 3 5 2 6 4 7 
8 1 3 5 2 6 8 4 7 
9 1 3 13 22 9 4 18 41 16 36 27 25 2 19 29 39 47 40 35 45 21 32 43 5 14 11 7 44 6 8 34 38 31 28 
10 1 3 13 22 9 4 18 41 16 36 27 25 2 19 29 39 47 40 35 45 21 32 43 5 14 11 7 44 6 8 34 38 31 28 
11 1 3 13 22 9 4 18 41 36 27 25 2 19 29 39 47 40 35 45 21 32 43 5 14 11 7 44 6 8 34 38 31 28 
12 1 3 13 22 9 4 16 18 41 36 27 25 2 19 29 39 47 40 35 45 21 32 43 5 14 11 7 44 6 8 34 38 31 28 
13 1 3 13 22 9 4 16 18 41 36 27 25 2 19 29 39 47 40 35 45 21 32 43 5 14 11 7 44 6 8 34 38 31 28 
14 1 3 13 22 9 4 16 18 41 36 27 25 2 19 29 39 47 40 35 45 21 32 43 5 14 11 7 44 6 8 34 38 31 28 
15 1 3 13 22 9 4 16 18 41 36 27 25 2 19 29 39 47 40 35 45 21 32 43 5 14 11 7 44 6 8 34 38 31 28 
16 1 3 13 22 9 4 18 41 16 36 27 25 2 19 29 39 47 40 35 45 21 32 43 5 14 7 44 6 8 34 38 31 28 
17 1 3 13 22 9 4 16 18 41 36 27 25 2 19 29 39 47 40 35 45 21 32 43 5 14 7 44 6 8 34 38 31 28 
18 1 3 13 22 9 4 16 41 18 36 27 25 2 19 29 39 47 40 35 45 21 32 43 5 14 11 7 44 6 8 34 38 31 28 
19 1 3 13 22 9 4 18 16 41 36 27 25 2 19 29 39 47 40 35 45 21 32 43 5 14 11 7 44 6 8 34 38 31 28 
20 1 3 13 22 9 4 18 16 41 36 27 25 2 19 29 39 47 40 35 45 21 32 43 5 14 11 7 44 6 8 34 38 31 28 
21 1 3 13 22 9 4 18 16 41 36 27 25 2 19 29 39 47 40 35 45 21 32 43 5 14 11 7 44 6 8 34 38 31 28 
22 1 3 13 22 9 4 18 16 41 36 27 25 2 19 29 39 47 40 35 45 21 32 43 5 14 11 7 44 6 8 34 38 31 28 
23 1 3 13 22 9 4 18 16 41 36 27 25 2 19 29 39 47 40 35 45 21 32 43 5 14 11 7 44 6 8 34 38 31 28 
24 1 3 13 22 9 4 18 16 41 36 27 25 2 19 29 39 47 40 35 45 21 32 43 5 14 11 7 44 6 8 34 38 31 28 
25 1 3 13 22 9 4 18 16 41 36 27 25 2 19 29 39 47 40 35 45 21 32 43 5 14 11 7 44 6 8 34 38 31 28 
26 1 3 13 22 9 4 18 16 41 36 27 25 2 19 29 39 47 40 35 45 21 32 43 5 14 11 7 44 6 8 34 38 31 28 
27 1 3 13 22 9 4 18 16 41 36 27 25 2 19 29 39 47 40 35 45 21 32 43 5 14 11 7 44 6 8 34 38 31 28 
28 1 3 13 22 9 4 18 16 41 36 27 25 2 19 29 39 47 40 35 45 21 32 43 5 14 11 7 44 6 8 34 38 31 28 
29 1 3 13 22 9 4 18 16 41 36 27 25 2 19 29 39 47 40 35 45 21 32 43 5 14 11 7 44 6 8 34 38 31 28 
30 1 3 13 22 9 4 18 16 41 36 27 25 2 19 29 39 47 40 35 45 21 32 43 5 14 11 7 44 6 8 34 38 31 28 
31 1 3 13 22 9 4 18 16 41 36 27 25 2 19 29 39 47 40 35 45 21 32 43 5 14 11 7 44 6 8 34 38 31 28 
32 1 3 13 22 9 4 18 16 41 36 27 25 2 19 29 39 47 40 35 45 21 32 43 5 14 11 7 44 6 8 34 38 31 28 
33 1 3 13 22 9 4 18 16 41 36 27 25 2 19 29 39 47 40 35 45 21 32 43 5 14 11 7 44 6 8 34 38 31 28 
34 1 3 13 22 9 4 18 16 41 36 27 25 2 19 29 39 47 40 35 45 21 32 43 5 14 11 7 44 6 8 38 34 31 28 
35 1 3 13 22 9 4 18 16 41 36 27 25 2 19 29 39 47 40 45 35 21 32 43 5 14 11 7 44 6 8 34 38 31 28 
36 1 3 13 22 9 4 18 16 41 36 27 25 2 19 29 39 47 40 35 45 21 32 43 5 14 11 7 44 6 8 34 38 31 28 
37 1 3 13 22 9 4 18 16 41 36 27 25 2 19 29 39 47 40 35 45 21 32 43 5 14 11 7 44 6 8 34 38 31 28 
38 1 3 13 22 9 4 18 16 41 36 27 25 2 19 29 39 47 40 35 45 21 32 43 5 14 11 7 44 6 8 34 38 31 28 
39 1 3 13 22 9 4 18 16 41 36 27 25 2 19 29 39 47 40 35 45 21 32 43 5 14 11 7 44 6 8 34 38 31 28 
40 1 3 13 22 9 4 18 16 41 36 27 25 2 19 29 39 47 40 35 45 21 32 43 5 14 11 7 44 6 8 34 38 31 28 
41 1 3 13 22 9 4 18 16 41 36 27 25 2 19 29 39 47 40 35 45 21 32 43 5 14 11 7 44 6 8 34 38 31 28 
42 1 3 13 22 9 4 18 41 16 36 27 25 2 19 29 39 47 40 35 45 21 32 43 5 14 11 7 44 6 8 34 38 31 28 
43 1 3 13 22 9 4 18 41 16 36 27 25 2 19 29 39 47 40 35 45 21 32 43 5 14 11 7 44 6 8 34 38 31 28 
44 1 3 13 22 9 4 18 41 16 36 27 25 2 19 29 39 47 40 35 45 21 32 43 5 14 11 7 44 6 8 34 38 31 28 
45 1 3 13 22 9 4 18 41 16 36 27 25 2 19 29 39 47 40 35 45 21 32 43 5 14 11 7 44 6 8 34 38 31 28 
46 1 3 13 22 9 4 18 41 16 36 27 25 2 19 29 39 47 40 35 45 21 32 43 5 14 11 7 44 6 8 34 38 31 28 
47 1 3 13 22 9 4 18 41 16 36 27 25 2 19 29 39 47 40 35 45 21 32 43 5 14 11 7 44 6 34 38 31 28 
48 1 3 13 22 9 4 18 41 16 36 27 25 2 19 29 39 47 40 35 45 21 32 43 5 14 11 7 44 6 34 38 31 28 
49 1 3 13 22 9 4 18 41 16 36 27 25 2 19 29 39 47 40 35 45 21 32 43 5 14 11 7 44 6 8 34 38 31 28 
