1 1 
2 2 
3 3 
4 4 
5 5 
6 4 
8 6 
9 7 
10 8 
12 9 
15 8 
17 8 
18 10 
20 11 
21 12 
22 13 
23 14 
25 15 
27 15 
28 16 
30 17 
32 18 
33 19 
36 10 
38 20 
40 12 
42 21 
43 22 
44 23 
47 12 
49 12 
50 24 
51 25 
53 26 
54 27 
56 28 
57 29 
58 30 
59 31 
60 32 
61 33 
62 34 
64 35 
65 36 
66 37 
68 38 
69 39 
71 25 
73 40 
75 25 
76 26 
78 29 
79 41 
81 42 
82 43 
83 44 
85 45 
86 31 
87 46 
88 47 
89 48 
90 49 
92 50 
93 51 
94 52 
96 53 
97 54 
99 55 
100 56 
102 26 
104 57 
106 58 
107 24 
108 59 
111 12 
113 60 
114 25 
115 61 
117 62 
118 26 
119 63 
121 64 
122 65 
123 66 
125 67 
126 68 
