1 1 
2 2 1 
3 2 3 1 
4 2 4 3 1 
5 2 4 3 1 
6 2 4 3 6 1 
7 24 19 29 3 6 10 8 31 21 23 15 11 20 2 4 27 38 25 1 33 7 12 36 
8 24 19 29 3 10 8 31 21 23 15 11 20 2 4 27 38 25 1 7 33 12 36 
9 24 19 29 3 10 8 31 21 23 15 11 20 2 4 27 38 25 1 7 33 12 36 
10 24 19 29 3 10 8 31 21 23 15 11 20 2 4 27 38 25 1 7 33 12 36 
11 24 19 29 3 10 8 31 21 23 15 11 20 2 4 27 38 25 1 7 33 12 36 
12 24 19 29 3 10 8 31 21 23 15 11 20 2 4 27 38 25 1 7 33 12 36 
13 24 29 3 10 8 31 13 21 23 15 11 20 2 4 38 25 1 7 33 12 36 
14 24 29 3 10 8 31 13 21 23 15 11 20 2 4 38 17 25 1 7 33 12 36 
15 24 29 3 10 8 31 13 21 23 15 11 20 2 4 38 17 25 1 7 33 12 36 
16 24 29 3 10 8 31 13 21 23 15 11 20 2 4 38 17 25 1 7 33 12 36 
17 24 29 3 10 8 31 21 23 15 11 20 2 4 38 17 25 1 7 33 12 36 
18 24 29 3 10 8 31 21 23 15 11 20 2 4 38 17 25 1 7 33 12 36 
19 24 29 19 3 10 8 31 21 23 15 11 20 2 4 38 25 1 7 33 12 36 
20 24 19 29 3 10 8 21 23 15 11 20 2 4 38 25 1 7 33 12 36 
21 24 19 29 3 10 8 21 23 15 11 20 2 4 38 25 1 7 12 36 
22 24 19 29 3 10 8 31 21 23 15 11 20 2 4 38 25 1 7 33 12 36 
23 24 19 29 3 10 8 31 21 23 15 11 20 2 4 38 25 1 7 33 12 36 
24 24 19 29 3 10 8 31 21 23 15 11 20 2 4 38 25 1 7 33 12 36 
25 24 19 29 3 10 8 31 21 23 15 11 20 2 4 38 25 1 7 33 12 36 
26 24 19 29 3 10 8 31 21 23 15 11 20 2 4 38 25 1 7 33 12 36 
27 24 29 3 10 8 31 21 23 15 11 20 2 4 38 27 25 1 7 33 12 36 
28 24 29 3 10 8 31 21 23 15 11 20 2 4 27 38 25 1 7 33 12 36 
29 24 19 29 3 10 8 31 21 23 15 11 20 2 4 38 25 1 7 33 12 36 
30 24 19 29 3 10 8 31 21 23 15 11 20 2 4 38 25 1 7 33 12 36 
31 24 19 29 3 10 8 31 21 23 15 11 2 4 38 25 1 7 33 12 36 
32 24 19 29 3 10 8 31 21 23 15 11 2 4 38 25 1 7 33 12 36 
33 24 19 29 3 10 8 31 23 15 11 20 2 4 38 25 1 7 33 12 36 
34 24 19 29 3 10 8 31 23 15 11 20 2 4 38 25 1 7 33 12 36 
35 24 19 29 3 10 8 31 21 23 15 11 20 2 4 27 38 25 1 7 33 12 36 
36 24 19 29 3 10 8 31 21 23 15 11 20 2 4 27 25 1 7 33 12 36 
37 24 19 29 3 10 8 31 21 23 15 11 20 2 4 27 25 1 7 33 12 36 
38 24 19 29 3 10 8 31 21 23 15 11 20 2 4 27 38 25 1 7 33 12 
39 24 19 29 3 10 8 31 21 23 15 11 20 2 4 27 38 25 1 7 33 12 36 
40 24 19 29 3 10 8 31 21 23 15 11 20 2 4 27 38 25 1 7 33 12 36 
41 24 19 29 3 10 8 31 21 23 15 11 20 2 4 27 38 25 1 7 33 12 36 
