1 1 
2 2 1 
3 2 3 1 
4 2 3 1 4 
5 2 3 1 4 
6 2 3 1 6 4 
7 2 3 7 1 6 4 
8 2 3 7 1 6 4 
9 2 3 7 1 6 9 4 
10 2 3 10 7 1 6 9 4 
11 2 3 10 7 1 6 11 9 4 
12 2 3 10 7 1 6 11 9 12 4 
13 2 3 10 7 1 6 11 9 12 4 13 
14 2 3 10 7 1 6 11 9 12 4 13 
15 2 3 10 7 15 1 6 11 9 12 4 13 
16 2 3 10 7 15 1 6 11 9 12 4 13 
17 2 3 10 7 15 1 6 11 9 12 4 13 
18 3 10 7 15 11 9 2 18 1 6 12 4 13 
19 3 10 7 15 11 9 2 18 1 6 12 4 13 
20 3 10 7 15 11 9 20 2 18 1 6 12 4 13 
21 3 10 7 15 11 9 20 2 21 18 1 6 12 4 13 
22 3 10 7 15 11 9 20 2 21 18 1 6 12 4 13 
23 3 10 7 15 11 9 23 20 2 21 18 1 6 12 4 13 
24 3 10 7 15 11 9 23 20 2 21 18 1 6 24 12 4 13 
25 3 10 7 15 11 9 23 20 2 21 18 1 6 24 12 4 13 25 
26 3 10 7 15 26 11 9 23 20 2 21 18 1 6 24 12 4 13 25 
27 3 10 7 15 26 11 9 23 20 2 27 21 18 1 6 24 12 4 13 25 
28 28 3 10 7 15 26 11 9 23 20 2 27 21 18 1 6 24 12 4 13 25 
29 28 3 10 7 15 26 11 9 23 29 20 2 27 21 18 1 6 24 12 4 13 25 
30 28 3 10 7 15 26 11 9 23 29 20 30 2 27 21 18 1 6 24 12 4 13 25 
31 28 3 10 7 15 26 11 9 23 29 20 30 2 27 21 18 1 6 24 12 4 13 25 
32 28 3 10 7 15 26 11 32 9 23 29 20 30 2 27 21 18 1 6 24 12 4 13 25 
33 28 26 11 32 33 27 24 12 25 3 10 7 15 9 23 29 20 30 2 21 18 1 6 4 13 
34 28 26 11 32 33 27 24 12 25 3 10 7 15 9 23 29 20 30 2 21 18 1 6 34 4 13 
35 28 26 11 32 33 27 24 12 25 3 10 7 15 9 23 29 20 30 2 21 18 1 6 34 4 13 
36 28 26 11 32 33 27 24 12 25 3 10 7 15 36 9 23 29 20 30 2 21 18 1 6 34 4 13 
37 28 26 11 32 33 27 24 12 25 3 10 7 15 36 9 37 23 29 20 30 2 21 18 1 6 34 4 13 
38 28 26 11 32 33 27 24 12 25 3 10 7 15 36 9 37 23 29 20 30 2 21 18 1 6 34 4 13 
39 28 26 11 32 33 27 24 12 40 25 3 10 7 15 36 9 37 23 29 42 20 30 2 21 18 1 6 34 4 13 
40 28 26 11 32 33 27 24 12 40 25 3 10 7 15 36 9 37 23 29 42 20 30 2 21 18 1 6 34 4 13 
41 28 26 11 32 33 27 24 12 40 25 3 10 7 15 36 9 37 23 29 42 20 30 2 21 18 1 6 34 4 13 
42 28 26 11 32 33 27 24 12 40 25 3 10 7 15 36 9 37 29 42 20 30 2 21 18 1 6 34 4 13 
43 28 26 11 32 33 27 24 12 40 25 3 10 7 15 36 9 37 29 42 20 30 2 21 18 1 6 34 4 13 
44 28 26 11 32 33 27 24 12 40 25 3 10 44 7 15 36 9 37 23 29 42 20 30 2 21 18 1 6 34 4 13 
45 28 26 70 49 67 11 32 33 45 65 27 57 63 24 12 53 51 40 25 3 10 44 7 15 52 36 9 37 23 64 29 60 42 20 30 2 21 47 18 1 6 34 55 68 4 85 13 
46 28 26 70 49 67 11 32 33 45 65 27 57 63 24 12 53 51 40 25 3 10 44 7 15 52 36 9 37 23 64 29 60 42 20 30 2 21 47 18 1 6 34 55 68 4 85 13 
47 28 26 70 49 67 11 32 33 45 65 27 57 63 24 12 53 51 40 25 3 10 44 7 15 52 36 9 37 23 64 29 60 42 20 30 2 21 47 18 1 6 34 55 68 4 85 13 
48 28 26 70 49 67 11 32 33 45 65 27 57 63 24 12 53 51 40 25 3 10 44 7 15 52 36 9 37 23 64 29 60 42 20 30 2 21 47 18 1 6 34 55 68 4 85 13 
49 28 26 70 67 49 11 32 33 45 65 27 57 63 24 12 53 51 40 25 3 10 44 7 15 52 36 9 37 23 64 29 60 42 20 30 2 21 47 18 1 6 34 55 68 4 85 13 
50 28 26 70 49 67 11 32 33 45 65 27 57 63 24 12 53 51 40 25 3 10 44 7 15 52 36 9 37 23 64 29 60 42 20 30 2 21 47 18 1 6 34 55 68 4 85 13 
51 28 26 70 49 67 11 32 33 45 65 27 57 63 24 12 53 51 40 25 3 10 44 7 15 52 36 9 37 23 64 29 60 42 20 30 2 21 47 18 1 6 34 55 68 4 85 13 
52 28 26 70 49 67 11 32 33 45 65 27 57 63 24 12 53 51 40 25 3 10 44 7 15 52 36 9 37 23 64 29 60 42 20 30 2 21 47 18 1 6 34 55 68 4 85 13 
53 28 26 70 49 67 11 32 33 45 65 27 57 63 24 12 53 51 40 25 3 10 44 7 15 52 36 9 37 23 64 29 60 42 20 30 2 21 47 18 1 6 34 55 68 4 85 13 
54 28 26 70 49 67 11 32 33 45 65 27 57 63 24 12 53 51 40 25 3 10 44 7 15 52 36 9 37 23 64 29 60 42 20 30 2 21 47 18 1 6 34 55 68 4 85 13 
55 28 26 70 49 67 11 32 33 45 65 27 57 63 24 12 53 51 40 25 3 10 44 7 15 52 36 9 37 23 64 29 60 42 20 30 2 21 47 18 1 6 34 68 55 4 85 13 
56 28 26 70 49 67 11 32 33 45 65 27 57 63 24 12 53 51 40 25 3 10 44 7 15 52 36 9 37 23 64 29 60 42 20 30 2 21 47 18 1 6 34 55 68 4 85 13 
57 28 26 70 49 67 11 32 33 45 65 27 63 57 24 12 53 51 40 25 3 10 44 7 15 52 36 9 37 23 64 29 60 42 20 30 2 21 47 18 1 6 34 55 68 4 85 13 
58 28 26 70 49 67 11 32 33 45 65 27 57 63 24 12 53 51 40 25 3 10 44 7 15 52 36 9 37 23 64 29 60 42 20 30 2 21 47 18 1 6 34 55 68 4 85 13 
59 28 26 70 49 67 11 32 33 45 65 27 57 63 24 12 53 51 40 25 3 10 44 7 15 52 36 9 37 23 64 29 60 42 20 30 2 21 47 18 1 6 34 55 68 4 85 13 
60 28 26 70 49 67 11 32 33 45 65 27 57 63 24 12 53 51 40 25 3 10 44 7 15 52 36 9 37 23 64 29 42 60 20 30 2 21 47 18 1 6 34 55 68 4 85 13 
61 28 26 70 49 67 11 32 33 45 65 27 57 63 24 12 53 51 40 25 3 10 44 7 15 52 36 9 37 23 64 29 60 42 20 30 2 21 47 18 1 6 34 55 68 4 85 13 
62 28 26 70 49 67 11 32 33 45 65 27 57 63 24 12 53 51 40 25 3 10 44 7 15 52 36 9 37 23 64 29 60 42 20 30 2 21 47 18 1 6 34 55 68 4 85 13 
63 28 26 70 49 67 11 32 33 45 65 27 57 63 24 12 53 51 40 25 3 10 44 7 15 52 36 9 37 64 29 60 20 30 2 21 47 18 1 6 34 55 68 4 85 13 
64 28 26 70 49 67 11 32 33 45 65 27 57 63 24 12 53 51 40 25 3 10 7 15 52 36 9 37 23 64 29 60 42 20 30 2 21 47 18 1 6 34 55 68 4 85 13 
65 28 26 70 49 67 11 32 33 45 65 27 57 63 24 12 53 51 40 25 3 10 7 15 52 36 9 37 23 64 29 60 42 20 30 2 21 47 18 1 6 34 55 68 4 85 13 
66 28 26 70 49 67 11 32 33 45 65 27 57 63 24 12 53 51 40 25 3 10 7 15 52 36 9 37 23 64 29 60 42 20 30 2 21 47 18 1 6 34 55 68 4 85 13 
67 28 26 70 49 67 11 32 33 45 65 27 57 63 24 12 53 51 40 25 3 10 7 15 52 36 9 37 23 64 29 60 42 20 30 2 21 47 18 1 6 34 55 68 4 85 13 
68 28 26 70 49 67 11 32 33 45 65 27 57 63 24 12 53 51 40 25 3 10 7 15 52 36 9 37 23 64 29 60 42 20 30 2 21 47 18 1 6 34 55 68 4 85 13 
69 28 26 70 49 67 11 32 33 45 65 27 57 63 24 12 53 51 40 25 3 10 7 15 52 36 9 37 23 64 29 60 42 20 30 2 21 47 18 1 6 34 55 68 4 85 13 
70 28 26 70 49 67 11 32 33 45 65 27 57 63 24 12 53 51 40 25 3 10 44 7 15 52 36 9 37 23 64 29 60 42 20 30 2 21 47 18 1 6 34 55 68 4 85 13 
71 28 26 70 49 67 11 32 33 45 65 27 57 63 24 12 53 51 40 25 3 10 44 7 15 52 36 9 37 23 64 29 60 42 20 30 2 21 47 18 1 6 34 55 68 4 85 13 
72 28 26 70 49 67 11 32 33 45 65 27 57 63 24 12 53 51 40 25 3 10 44 7 15 52 72 36 9 37 23 64 29 60 42 20 30 2 21 47 18 1 6 34 55 68 4 85 13 
73 28 26 70 49 67 11 32 33 45 65 27 57 63 24 12 53 51 40 25 3 10 44 7 15 52 72 36 9 37 23 64 29 60 42 20 30 2 21 47 18 1 6 34 55 68 4 85 13 
74 70 67 65 27 12 53 51 40 3 7 15 36 37 64 29 42 30 21 18 1 55 68 85 13 28 26 49 11 32 33 45 57 63 24 25 10 44 74 52 72 9 23 60 20 2 47 6 34 4 
75 70 67 65 27 75 12 53 51 40 3 7 15 36 37 64 29 42 30 21 18 1 55 68 85 13 28 26 49 11 32 33 45 57 63 24 25 10 44 74 52 72 9 23 60 20 2 47 6 34 4 
76 76 70 67 65 27 75 12 53 51 40 3 7 15 36 37 64 29 42 30 21 18 1 55 68 85 13 28 26 49 11 32 33 45 57 63 24 25 10 44 74 52 72 9 23 60 20 2 47 6 34 4 
77 76 70 67 65 27 75 12 53 51 40 3 7 15 36 37 64 29 42 30 21 18 1 55 68 85 13 28 26 49 11 32 33 45 57 63 24 25 10 44 74 52 72 9 23 60 20 2 47 6 34 4 
78 76 70 67 65 27 75 12 53 51 40 3 7 15 36 37 64 29 42 30 21 18 1 55 68 85 13 28 26 49 11 32 33 45 57 63 24 78 25 10 44 74 52 72 9 23 60 20 2 47 6 34 4 
79 76 70 67 65 27 75 12 53 51 40 3 7 15 36 37 64 29 42 30 21 18 1 55 68 85 13 28 26 49 11 32 33 45 57 63 24 78 25 10 44 74 52 72 9 23 60 20 2 47 6 34 4 
80 76 70 67 65 27 75 12 53 51 40 3 7 15 36 37 64 29 42 30 21 18 1 55 68 85 13 28 26 49 11 32 33 45 80 57 63 24 78 25 10 44 74 52 72 9 23 60 20 2 47 6 34 4 
81 76 70 67 65 27 75 12 53 51 40 3 7 15 36 37 64 29 42 30 21 18 1 55 68 85 13 28 26 49 11 32 33 45 80 57 63 24 78 25 10 44 74 52 72 9 23 60 20 2 47 6 34 4 
82 76 70 67 65 27 75 12 53 51 40 3 7 15 36 37 64 29 42 30 21 18 1 55 68 85 13 28 26 49 11 32 33 45 80 57 63 24 78 25 10 44 74 52 72 9 23 60 20 2 47 6 34 4 
83 76 70 67 65 27 75 12 53 51 40 3 7 15 36 37 64 29 42 30 21 18 1 55 68 85 13 28 26 49 11 32 33 45 80 57 63 24 78 25 10 44 74 52 72 9 23 60 20 2 47 6 34 4 
84 76 70 67 65 27 75 12 53 51 40 3 7 15 36 37 64 29 42 30 21 18 1 55 68 85 13 28 26 49 11 32 33 45 80 57 63 24 78 25 10 44 74 52 72 9 23 60 20 2 47 6 34 4 
85 28 26 70 49 67 11 32 33 45 65 27 57 63 24 12 53 51 40 25 3 10 44 7 15 52 36 9 37 23 64 29 60 42 20 30 2 21 47 18 1 6 34 55 68 4 85 13 
86 28 26 70 49 67 11 32 33 45 65 27 57 63 24 12 53 51 40 25 3 10 44 7 15 52 36 9 37 23 64 29 60 42 20 30 2 21 47 18 1 6 34 55 68 4 85 13 
87 28 26 70 49 67 11 32 33 45 65 27 57 63 24 12 53 51 40 25 3 10 44 7 15 52 36 9 37 23 64 29 60 42 20 30 2 21 47 18 1 6 34 55 68 4 85 13 
88 76 70 67 65 27 75 12 53 51 40 3 7 15 36 37 64 29 42 30 21 18 1 55 68 85 13 28 88 26 49 11 32 33 45 80 57 63 24 78 25 10 44 74 52 72 9 23 60 20 2 47 6 34 4 
89 76 70 67 65 27 75 12 53 51 40 3 7 15 36 37 64 29 42 30 21 18 1 55 68 85 13 28 88 26 49 11 32 33 45 80 57 63 24 78 25 10 44 74 52 72 9 23 60 20 2 47 6 34 4 
90 76 90 70 67 65 27 75 12 53 51 40 3 7 15 36 37 64 29 42 30 21 18 1 55 68 85 13 28 88 26 49 11 32 33 45 80 57 63 24 78 25 10 44 74 52 72 9 23 60 20 2 47 6 34 4 
91 76 90 70 67 65 27 75 12 53 51 40 3 7 15 36 37 64 29 42 30 21 18 1 55 68 91 85 13 28 88 26 49 11 32 33 45 80 57 63 24 78 25 10 44 74 52 72 9 23 60 20 2 47 6 34 4 
92 76 90 70 67 65 27 75 12 53 51 40 3 7 15 36 37 64 29 42 30 21 18 1 55 68 91 85 13 28 88 26 49 11 32 33 45 80 57 63 24 78 25 10 44 74 52 72 9 23 60 20 2 47 6 34 4 
93 76 90 70 67 65 27 75 12 53 51 40 3 7 15 36 37 64 29 42 30 21 18 1 55 68 91 85 13 28 88 26 49 11 32 33 45 80 57 63 24 78 25 10 44 74 52 72 9 23 60 20 2 47 6 34 4 
94 76 90 70 67 94 65 27 75 12 53 51 40 3 7 15 36 37 64 29 42 30 21 18 1 55 68 91 85 13 28 88 26 49 11 32 33 45 80 57 63 24 78 25 10 44 74 52 72 9 23 60 20 2 47 6 34 4 
95 76 90 70 67 94 65 27 75 12 53 51 40 3 7 15 36 37 64 29 42 30 21 18 1 55 68 91 85 13 28 88 26 49 11 32 33 45 80 57 63 24 78 25 10 44 74 52 72 9 23 60 20 2 47 6 34 4 
96 76 90 70 67 94 65 27 75 12 53 51 40 3 7 15 36 37 64 29 42 30 21 18 1 55 68 91 85 13 28 88 26 49 11 32 33 45 80 57 63 24 78 25 10 44 74 52 72 9 23 60 20 2 47 6 34 4 
