128 60 
1 1 
2 2 
3 3 
131 73 
5 4 
6 5 
134 74 
7 6 
135 65 
9 7 
11 8 
13 9 
141 75 
15 10 
143 76 
16 11 
17 12 
18 13 
146 77 
19 14 
148 78 
22 15 
25 16 
28 17 
29 11 
31 18 
32 19 
36 20 
37 21 
38 22 
39 23 
40 24 
41 25 
42 26 
44 27 
45 28 
46 29 
49 30 
51 31 
53 18 
58 32 
59 33 
60 34 
62 35 
63 28 
64 36 
66 37 
67 38 
68 39 
71 40 
74 18 
76 41 
77 42 
78 43 
80 44 
81 28 
86 45 
87 46 
88 47 
89 48 
92 49 
94 50 
95 51 
96 52 
97 53 
99 54 
100 55 
101 56 
102 57 
104 58 
106 59 
108 60 
110 61 
111 62 
112 63 
114 64 
115 65 
119 66 
120 67 
121 68 
122 69 
124 70 
125 71 
126 72 
