1 1 
2 2 
3 3 
5 4 
6 5 
7 6 
9 7 
11 8 
13 9 
15 10 
16 11 
17 12 
18 13 
19 14 
20 15 
23 16 
26 17 
28 10 
30 18 
31 12 
35 19 
36 20 
37 21 
38 22 
39 23 
40 24 
41 25 
43 26 
44 27 
45 28 
48 29 
50 30 
52 10 
57 31 
58 32 
59 33 
61 34 
62 27 
63 35 
65 36 
66 37 
67 38 
70 39 
73 10 
75 40 
76 41 
77 42 
79 43 
80 27 
85 44 
86 45 
87 46 
88 47 
91 48 
93 49 
94 50 
95 51 
96 52 
98 53 
99 54 
100 55 
101 56 
103 57 
105 58 
107 59 
109 60 
110 61 
111 62 
113 63 
114 64 
118 65 
119 66 
120 67 
121 68 
122 69 
124 70 
125 71 
126 72 
127 73 
128 74 
130 75 
131 76 
134 77 
135 78 
136 79 
138 59 
141 80 
144 81 
145 64 
151 82 
153 83 
156 84 
158 85 
162 10 
163 86 
165 87 
166 12 
167 88 
