1 1 
2 1 2 
3 1 2 3 
4 1 2 3 
5 1 2 5 3 
6 1 2 5 3 6 
7 1 2 5 3 6 7 
8 1 2 5 3 8 6 7 
9 1 16 8 11 10 17 2 5 3 13 6 18 7 14 
10 1 16 8 11 10 17 2 5 3 13 6 18 7 14 
11 1 16 8 11 10 17 2 5 3 13 6 18 7 14 
12 1 16 8 11 10 17 2 5 3 13 6 18 7 14 
13 1 16 8 11 10 17 2 5 3 13 6 18 7 14 
14 1 16 8 11 10 17 2 5 3 13 6 18 7 14 
15 1 16 8 11 10 17 2 5 3 13 6 18 7 14 
16 1 16 8 11 10 17 2 5 3 13 6 18 7 14 
17 1 16 8 11 10 17 2 5 3 13 6 18 14 
18 1 16 11 10 17 2 5 3 13 6 18 7 14 
19 1 16 11 10 17 2 5 3 13 6 18 7 14 
20 20 1 16 11 10 17 2 5 3 13 6 7 14 
21 20 1 16 11 10 17 2 5 3 13 6 21 7 14 
22 20 1 16 11 10 17 2 5 3 13 6 22 21 7 14 
23 20 1 16 23 11 10 17 2 5 3 13 6 22 21 7 14 
24 20 1 27 16 23 11 25 10 17 2 5 29 3 13 6 22 26 21 7 14 
25 20 1 27 16 23 11 10 25 17 2 5 29 3 13 6 22 26 21 7 14 
26 20 1 27 16 23 11 25 10 17 2 5 29 3 13 6 22 26 21 7 14 
27 20 1 27 16 23 11 25 10 17 2 5 29 3 13 6 22 26 21 7 14 
28 20 1 27 16 23 11 25 10 17 2 5 29 3 13 6 22 26 21 7 14 
29 20 1 27 16 11 25 10 17 2 5 29 3 13 6 22 26 21 7 14 
30 20 1 27 16 11 25 10 17 2 5 29 3 13 6 22 26 21 7 14 
31 20 1 27 16 23 11 25 10 17 2 5 31 29 3 13 6 22 26 21 7 14 
32 20 1 27 16 11 25 10 32 17 2 5 31 3 13 6 22 26 21 7 14 
33 20 1 27 16 11 32 25 10 17 2 5 31 3 13 6 22 26 21 7 14 
34 20 1 34 27 16 11 32 25 10 17 2 5 31 3 13 6 22 26 21 7 14 
35 42 1 71 32 75 13 14 69 77 59 68 54 73 37 36 26 20 60 27 16 39 67 49 11 25 10 17 2 31 72 57 43 40 63 34 61 38 5 64 55 48 66 3 6 22 41 45 21 7 51 
36 42 20 1 60 27 16 71 39 67 11 32 25 10 75 17 2 31 72 43 40 13 14 69 77 34 61 38 68 5 64 55 54 73 48 66 37 3 6 22 41 45 26 36 21 7 51 
37 20 42 1 60 27 16 39 71 67 11 32 25 10 17 75 2 31 72 43 40 13 14 69 34 77 61 38 68 5 55 54 73 66 3 37 6 22 41 45 36 26 21 7 51 
38 20 42 1 60 27 16 39 71 67 11 32 25 10 17 75 2 31 72 43 40 13 14 69 34 77 61 38 68 5 55 54 73 66 3 37 6 22 41 45 36 26 21 7 51 
39 20 42 1 60 27 16 71 39 67 11 32 25 10 17 75 2 31 72 43 40 13 14 69 34 77 61 38 68 5 55 54 73 66 3 37 6 22 41 45 36 26 21 7 51 
40 20 42 1 60 27 16 39 71 67 11 32 25 10 17 75 2 31 72 43 40 13 14 69 34 77 61 38 68 5 55 54 73 66 3 37 6 22 41 45 36 26 21 7 51 
41 20 42 1 60 27 16 39 71 67 11 32 25 10 17 75 2 31 72 43 40 13 14 69 34 77 61 38 68 5 55 54 73 66 3 37 6 22 45 41 36 26 21 7 51 
42 20 42 1 60 27 16 39 71 67 11 32 25 10 17 2 31 72 43 40 13 14 69 34 77 61 38 68 5 55 54 73 66 3 37 6 22 41 45 36 26 21 7 51 
43 42 1 71 32 75 13 14 69 77 59 68 54 73 37 36 26 20 60 27 16 39 67 49 11 25 10 17 2 31 72 57 43 40 63 34 61 38 5 64 55 48 66 3 6 22 41 45 21 7 51 
44 42 1 71 32 75 13 14 69 77 59 68 54 73 37 36 26 20 60 27 16 39 67 49 11 25 10 17 2 31 72 57 43 40 63 34 61 38 5 64 55 48 66 3 6 22 41 45 21 7 51 
45 42 1 71 32 75 13 14 69 77 59 68 54 73 37 36 26 20 60 27 16 39 67 49 11 25 10 17 2 31 72 57 43 40 63 34 61 38 5 64 55 48 66 3 6 22 41 45 21 7 51 
46 42 1 71 32 75 13 14 69 77 59 68 54 73 37 36 26 20 60 27 16 39 67 49 11 25 10 17 2 31 72 57 43 40 63 34 61 38 5 64 55 48 66 3 6 22 41 45 21 7 51 
47 42 1 71 32 75 13 14 69 77 59 68 54 73 37 36 26 20 60 27 16 39 67 49 11 25 10 17 2 31 72 57 43 40 63 34 61 38 5 64 55 48 66 3 6 22 41 45 21 7 51 
48 42 20 1 60 27 16 71 39 67 49 11 32 25 10 75 17 2 31 72 57 43 40 13 14 69 63 77 34 59 61 38 68 5 55 54 73 48 66 3 6 22 41 45 36 26 21 7 51 
49 42 20 1 60 27 16 71 39 67 49 11 32 25 10 75 17 2 31 72 43 40 13 14 69 77 34 61 38 68 5 64 55 54 73 48 66 37 3 6 22 41 45 26 21 7 51 
50 20 42 1 60 27 16 39 71 67 49 11 32 25 10 75 17 2 31 72 43 40 13 14 69 34 77 61 38 68 5 64 55 54 48 73 66 3 37 6 22 41 45 26 21 7 51 
51 42 1 71 32 75 13 14 69 77 59 68 54 73 37 36 26 20 60 27 16 39 67 49 11 25 10 17 2 31 72 57 43 40 63 34 61 38 5 64 55 48 66 3 6 22 41 45 21 7 51 
52 42 1 71 32 75 13 14 69 77 59 68 54 73 37 36 26 20 60 27 16 39 67 49 11 25 10 17 2 31 72 57 43 40 63 34 61 38 5 64 55 48 66 3 6 22 41 45 21 7 51 
53 42 1 71 32 75 13 14 69 77 59 68 54 73 37 36 26 20 60 27 16 39 67 49 11 25 10 17 2 31 72 57 43 40 63 34 61 38 5 64 55 48 66 3 6 22 41 45 21 7 51 
54 42 1 71 32 75 13 14 69 77 59 68 54 73 37 36 26 20 60 27 16 39 67 49 11 25 10 17 2 31 72 57 43 40 63 34 61 38 5 64 55 48 66 3 6 22 41 45 21 7 51 
55 42 1 71 32 75 13 14 69 77 59 68 54 73 37 36 26 20 60 27 16 39 67 49 11 25 10 17 2 31 72 57 43 40 63 34 61 38 5 64 55 48 66 3 6 22 41 45 21 7 51 
56 42 1 71 32 75 13 14 69 77 59 68 54 73 37 36 26 20 60 27 16 39 67 49 11 25 10 17 2 31 72 57 43 40 63 34 61 38 5 64 55 48 66 3 6 22 41 45 21 7 51 
57 42 20 1 60 27 16 71 39 67 11 32 25 10 75 17 2 31 72 57 43 40 13 14 69 77 34 61 38 68 5 64 55 54 73 48 66 37 3 6 22 41 45 26 21 7 51 
58 20 42 1 60 27 16 39 71 67 11 32 25 10 75 17 2 31 72 57 43 40 13 14 69 34 77 61 38 68 5 64 55 54 73 48 66 3 37 6 22 41 45 26 21 7 51 
59 42 20 1 60 27 16 71 39 67 11 32 25 10 75 17 2 31 72 43 40 13 14 69 77 34 61 59 38 68 5 64 55 54 73 48 66 37 3 6 22 41 45 26 21 7 51 
60 42 1 71 32 75 13 14 69 77 59 68 54 73 37 36 26 20 60 27 16 39 67 49 11 25 10 17 2 31 72 57 43 40 63 34 61 38 5 64 55 48 66 3 6 22 41 45 21 7 51 
61 42 1 71 32 75 13 14 69 77 59 68 54 73 37 36 26 20 60 27 16 39 67 49 11 25 10 17 2 31 72 57 43 40 63 34 61 38 5 64 55 48 66 3 6 22 41 45 21 7 51 
62 42 1 71 32 75 13 14 69 77 59 68 54 73 37 36 26 20 60 27 16 39 67 49 11 25 10 17 2 31 72 57 43 40 63 34 61 38 5 64 55 48 66 3 6 22 41 45 21 7 51 
63 42 20 1 60 27 16 71 39 67 11 32 25 10 75 17 2 31 72 43 40 13 14 69 63 77 34 61 38 68 5 64 55 54 73 48 66 37 3 6 22 41 45 26 21 7 51 
64 42 20 1 60 27 16 71 39 67 49 11 32 25 10 75 17 2 31 72 57 43 40 13 14 69 63 77 34 59 61 38 68 5 64 55 54 73 66 3 6 22 41 45 36 26 21 7 51 
65 20 42 1 60 27 16 39 71 67 49 11 32 25 10 75 17 2 31 72 57 43 40 13 14 63 69 34 77 59 61 38 68 5 64 55 54 73 66 3 6 22 41 45 36 26 21 7 51 
66 42 1 71 32 75 13 14 69 77 59 68 54 73 37 36 26 20 60 27 16 39 67 49 11 25 10 17 2 31 72 57 43 40 63 34 61 38 5 64 55 48 66 3 6 22 41 45 21 7 51 
67 42 1 71 32 75 13 14 69 77 59 68 54 73 37 36 26 20 60 27 16 39 67 49 11 25 10 17 2 31 72 57 43 40 63 34 61 38 5 64 55 48 66 3 6 22 41 45 21 7 51 
68 42 1 71 32 75 13 14 69 77 59 68 54 73 37 36 26 20 60 27 16 39 67 49 11 25 10 17 2 31 72 57 43 40 63 34 61 38 5 64 55 48 66 3 6 22 41 45 21 7 51 
69 42 1 71 32 75 13 14 69 77 59 68 54 73 37 36 26 20 60 27 16 39 67 49 11 25 10 17 2 31 72 57 43 40 63 34 61 38 5 64 55 48 66 3 6 22 41 45 21 7 51 
70 42 1 71 32 75 13 14 69 77 59 68 54 73 37 36 26 20 60 27 16 39 67 49 11 25 10 17 2 31 72 57 43 40 63 34 61 38 5 64 55 48 66 3 6 22 41 45 21 7 51 
71 42 1 71 32 75 13 14 69 77 59 68 54 73 37 36 26 20 60 27 16 39 67 49 11 25 10 17 2 31 72 57 43 40 63 34 61 38 5 64 55 48 66 3 6 22 41 45 21 7 51 
72 42 1 71 32 75 13 14 69 77 59 68 54 73 37 36 26 20 60 27 16 39 67 49 11 25 10 17 2 31 72 57 43 40 63 34 61 38 5 64 55 48 66 3 6 22 41 45 21 7 51 
73 42 1 71 32 75 13 14 69 77 59 68 54 73 37 36 26 20 60 27 16 39 67 49 11 25 10 17 2 31 72 57 43 40 63 34 61 38 5 64 55 48 66 3 6 22 41 45 21 7 51 
74 42 1 71 32 75 13 14 69 77 59 68 54 73 37 36 26 20 60 27 16 39 67 49 11 25 10 17 2 31 72 57 43 40 63 34 61 38 5 64 55 48 66 3 6 22 41 45 21 7 51 
75 1 71 32 75 13 14 69 77 59 68 54 73 37 36 26 20 60 27 16 39 67 49 11 25 10 17 2 31 72 57 43 40 63 34 61 38 5 64 55 48 66 3 6 22 41 45 21 7 51 
76 1 71 32 75 13 14 69 77 59 68 54 73 37 36 26 20 60 27 16 39 67 49 11 25 10 17 2 31 72 57 43 40 63 34 61 38 5 64 55 48 66 3 6 22 41 45 21 7 51 
77 42 1 71 32 75 13 14 69 77 59 68 54 73 37 36 26 20 60 27 16 39 67 49 11 25 10 17 2 31 72 57 43 40 63 61 38 5 64 55 48 66 3 6 22 41 45 21 7 51 
78 42 1 71 32 75 13 14 69 77 59 68 54 73 37 36 26 20 60 27 16 39 67 49 11 25 10 17 2 31 72 57 43 40 63 61 38 5 64 55 48 66 3 6 22 41 45 21 7 51 
79 42 79 1 71 32 75 13 14 69 77 59 68 54 73 37 36 26 20 60 27 16 39 67 49 11 25 10 17 2 31 72 57 43 40 63 34 61 38 5 64 55 48 66 3 6 22 41 45 21 7 51 
80 79 42 1 71 32 75 13 14 69 77 59 68 54 73 37 36 26 20 60 27 16 39 67 49 11 25 10 17 2 31 72 57 43 40 63 34 61 38 5 64 55 48 66 3 6 22 41 45 21 7 51 
81 79 42 1 71 32 75 13 14 69 59 68 54 73 37 36 26 20 60 27 16 39 67 49 11 25 10 17 2 31 72 57 43 40 63 61 38 5 64 55 48 66 3 6 22 41 45 21 7 51 81 
82 79 42 1 71 32 75 87 85 13 14 69 59 82 68 54 73 37 36 26 20 60 27 16 39 67 84 49 11 25 10 17 2 31 72 57 43 40 63 61 38 5 64 55 48 66 3 6 22 41 45 21 7 81 51 
83 79 42 1 71 32 75 87 85 13 14 69 59 82 68 54 73 37 36 26 20 60 27 16 39 67 84 49 11 25 10 17 2 31 72 57 43 40 63 61 38 5 64 55 48 66 3 6 22 41 45 21 7 81 51 
84 79 42 1 71 32 75 87 85 13 14 69 59 82 68 54 73 37 36 26 20 60 27 16 39 67 49 84 11 25 10 17 2 31 72 57 43 40 63 61 38 5 64 55 48 66 3 6 22 41 45 21 7 81 51 
85 79 42 1 71 32 75 87 13 85 14 69 59 82 68 54 73 37 36 26 20 60 27 16 39 67 84 49 11 25 10 17 2 31 72 57 43 40 63 61 38 5 64 55 48 66 3 6 22 41 45 21 7 81 51 
86 79 42 1 71 32 75 87 85 13 14 69 59 82 68 54 73 37 36 26 20 60 27 16 39 67 84 49 11 25 10 17 2 31 72 57 43 40 63 61 38 5 64 55 48 66 3 6 22 41 45 21 7 81 51 
87 79 42 1 71 32 75 87 85 13 14 69 59 82 68 54 73 37 36 26 20 60 27 16 39 67 84 49 11 25 10 17 2 31 72 57 43 40 63 61 38 5 64 55 48 66 3 6 22 41 45 21 7 51 
88 79 42 1 71 32 75 87 85 13 14 69 59 82 68 54 73 37 36 26 20 60 27 16 39 67 84 49 11 25 10 17 2 31 72 57 43 40 63 61 38 5 64 55 48 66 3 6 22 41 45 21 7 51 
89 79 42 1 71 32 75 87 85 13 14 69 59 82 68 54 73 37 36 26 20 60 27 16 39 67 84 49 11 25 10 17 2 31 72 57 43 40 63 61 38 5 64 55 48 66 3 6 22 41 45 21 7 81 51 
