1 1 
2 2 1 
3 3 2 1 
4 3 2 1 
5 3 2 1 5 
6 3 6 2 1 5 
7 3 6 2 7 1 5 
8 3 6 2 7 1 5 
9 3 6 2 7 1 5 9 
10 3 6 2 7 1 5 9 
11 3 11 6 2 7 1 5 9 
12 3 11 6 12 2 7 1 5 9 
13 3 11 6 12 2 7 1 5 13 9 
14 3 11 6 12 2 7 1 5 13 9 
15 23 11 16 6 18 2 1 5 15 21 3 12 7 13 9 
16 11 16 6 18 2 1 5 15 21 3 12 7 13 9 
17 23 11 16 6 18 2 1 5 15 21 3 12 7 13 9 
18 23 11 16 6 18 2 1 5 15 21 3 12 7 13 9 
19 23 11 16 6 18 2 1 5 15 21 3 12 7 13 9 
20 20 23 11 16 6 18 2 1 5 21 3 12 7 13 9 
21 20 23 11 16 6 18 2 1 5 21 3 7 13 9 
22 20 23 11 16 6 18 2 1 5 21 3 7 13 9 
23 23 11 6 18 2 1 5 15 21 3 12 7 13 9 
24 23 11 6 18 2 1 5 15 21 3 12 7 13 9 
25 20 23 11 16 6 18 2 1 5 15 21 3 12 7 13 9 
26 20 23 11 16 6 18 2 1 5 15 21 3 12 7 13 9 
27 20 23 11 16 6 18 2 1 5 15 21 3 12 7 13 9 
28 20 23 11 16 6 18 2 1 5 15 21 3 12 7 13 9 
29 20 23 11 16 6 18 2 1 5 15 21 3 12 7 13 9 
