1 1 
2 2 1 
3 2 3 1 
4 2 4 3 1 
5 5 2 4 3 1 
6 5 6 2 4 3 1 
7 7 5 6 2 4 3 1 
8 7 5 6 2 4 3 1 8 
9 7 12 32 31 14 38 1 13 2 4 8 34 17 30 3 24 19 39 23 15 5 6 37 11 26 
10 7 12 32 31 14 38 1 13 2 4 8 34 17 30 3 24 19 39 23 15 5 6 37 11 26 
11 7 12 32 31 14 38 1 13 2 4 8 34 17 30 3 24 19 39 23 15 5 6 37 26 11 
12 7 32 12 31 14 38 1 13 2 4 8 34 17 30 3 24 19 39 23 15 5 6 37 11 26 
13 7 12 32 31 14 38 1 13 2 4 8 34 17 30 3 24 19 39 23 15 5 6 37 11 26 
14 7 12 32 31 38 14 1 13 2 4 8 34 17 30 3 24 19 39 23 15 5 6 37 11 26 
15 7 12 32 31 14 38 30 3 24 1 19 39 13 23 15 5 6 2 4 37 11 26 8 34 
16 7 12 32 31 14 38 30 3 24 1 19 39 13 23 15 5 6 2 4 37 11 26 8 34 
17 7 12 32 17 31 14 38 30 3 24 1 19 39 13 23 5 6 2 4 37 11 26 8 34 
18 7 12 32 31 14 38 1 13 2 4 8 34 17 30 3 24 19 39 23 15 5 6 37 11 26 
19 7 12 32 31 14 38 1 13 2 4 8 34 17 30 3 24 39 19 23 15 5 6 37 11 26 
20 7 12 32 31 14 38 1 13 2 4 8 34 17 30 3 24 19 39 23 15 5 6 37 11 26 
21 7 12 32 31 14 38 1 13 2 4 8 34 17 30 3 24 19 39 23 15 5 6 37 11 26 
22 7 12 32 31 14 38 1 13 2 4 8 34 17 30 3 24 19 39 23 15 5 6 37 11 26 
23 7 12 32 31 14 38 1 13 2 4 8 34 17 30 3 24 19 39 23 15 5 6 37 11 26 
24 7 12 32 31 14 38 1 13 2 4 8 34 17 30 3 24 19 39 23 15 5 6 37 11 26 
25 7 12 32 31 14 38 1 13 2 4 8 34 17 30 3 24 19 39 23 15 5 6 37 11 26 
26 7 12 32 17 31 14 38 30 3 24 1 19 39 13 23 15 5 6 2 4 37 11 26 8 
27 7 12 32 31 14 38 1 13 2 4 8 34 17 30 3 24 19 39 23 15 5 6 37 11 26 
28 7 12 32 31 14 38 1 13 2 4 8 34 17 30 3 24 19 39 23 15 5 6 37 11 26 
29 7 12 32 31 14 38 1 13 2 4 8 34 17 30 3 24 19 39 23 15 5 6 37 11 26 
30 7 12 32 31 14 38 1 13 2 4 8 34 17 30 3 24 19 39 23 15 5 6 37 11 26 
31 7 12 32 31 14 38 1 13 2 4 8 34 17 30 3 24 19 39 23 15 5 6 37 11 26 
32 7 12 32 31 14 38 1 13 2 4 8 34 17 30 3 24 19 39 23 15 5 6 37 11 26 
33 7 12 32 31 14 38 1 13 2 4 8 34 17 30 3 24 19 39 23 15 5 6 37 11 26 
34 7 12 32 17 31 14 38 30 3 24 1 19 39 13 23 15 5 6 2 4 37 11 8 34 
35 7 12 32 17 31 14 30 38 3 24 1 19 39 13 23 15 5 6 2 4 37 11 8 34 
36 7 12 32 31 14 38 1 13 2 4 8 34 17 30 3 24 19 39 23 15 5 6 37 11 26 
37 7 12 32 31 14 38 1 13 2 4 8 34 17 30 3 24 19 39 23 15 5 6 37 11 26 
38 12 32 17 31 14 30 38 3 24 1 19 39 13 23 15 5 6 2 4 37 11 26 8 34 
39 7 12 32 17 31 14 38 30 3 24 1 19 39 13 23 15 5 6 2 4 37 11 26 34 
40 7 12 32 17 31 14 38 30 3 24 1 19 39 13 23 15 5 6 2 4 37 11 26 34 
41 7 12 32 31 14 38 1 13 2 4 8 34 17 30 3 24 19 39 23 15 5 6 37 11 26 
