1 1 
2 1 2 
3 1 2 3 
4 1 2 3 4 
5 1 2 3 4 
6 1 2 3 6 4 
7 1 2 3 6 4 
8 1 2 3 6 4 8 
9 1 2 3 6 9 4 8 
10 1 2 3 6 9 4 8 
11 1 2 3 6 11 9 4 8 
12 1 2 3 12 6 11 9 4 8 
13 1 2 3 12 6 11 9 4 8 
14 1 2 3 12 6 11 9 4 8 
15 1 35 67 6 50 34 56 8 2 54 36 58 31 25 52 39 59 15 61 66 55 49 62 48 45 17 63 44 41 27 68 64 28 19 20 46 22 12 4 24 29 53 38 43 47 33 57 30 9 3 21 37 42 18 11 65 
16 1 35 67 6 50 34 56 8 2 54 36 58 31 25 52 39 15 59 61 66 55 49 62 48 45 17 63 44 41 27 68 64 28 19 20 46 22 12 4 24 29 53 38 43 47 33 57 30 9 3 21 37 42 18 11 65 
17 1 35 67 6 50 34 56 8 2 54 36 58 31 25 52 39 15 59 61 66 55 49 62 48 45 17 63 44 41 27 68 64 28 19 20 46 22 12 4 24 29 53 38 43 47 33 57 30 9 3 21 37 42 18 11 65 
18 1 35 67 6 50 34 56 8 2 54 36 58 31 52 39 15 59 61 66 55 49 62 48 45 17 63 44 41 27 68 64 28 19 20 46 22 12 4 24 29 53 38 43 47 33 57 30 9 3 21 37 42 18 11 65 
19 1 35 67 6 50 34 56 8 2 54 36 58 31 25 52 39 15 59 61 66 55 49 62 48 45 17 63 44 41 27 68 64 28 20 19 46 22 12 4 24 29 53 38 43 47 33 57 30 9 3 21 37 42 18 11 65 
20 1 35 67 6 50 34 56 8 2 54 36 58 31 25 52 39 15 59 61 66 55 49 62 48 45 17 63 44 41 27 68 64 28 19 20 46 22 12 4 24 29 53 38 43 47 33 57 30 9 3 21 37 42 18 11 65 
21 1 35 67 6 50 34 56 8 2 54 36 58 31 25 52 39 15 59 61 66 55 49 62 48 45 17 63 44 41 27 68 64 28 19 20 46 22 12 4 24 29 53 38 43 47 33 57 30 9 3 21 37 42 18 11 65 
22 1 35 67 6 50 34 56 8 2 54 36 58 31 25 52 39 15 59 61 66 55 49 62 48 45 17 63 44 41 27 68 64 28 19 20 46 22 12 4 24 29 53 38 43 47 33 57 30 9 3 21 37 42 18 11 65 
23 1 35 67 6 50 34 56 8 2 54 36 58 31 25 52 39 15 59 61 66 55 49 62 48 45 17 63 44 41 27 68 64 28 19 20 46 22 12 4 24 29 53 38 43 47 33 57 30 9 3 21 37 42 18 11 65 
24 1 35 67 6 50 34 56 8 2 54 36 58 31 25 52 39 15 59 61 66 55 49 62 48 45 17 63 44 41 27 68 64 28 19 20 46 22 12 4 24 29 53 38 43 47 33 57 30 9 3 21 37 42 18 11 65 
25 1 35 67 6 50 34 56 8 2 54 36 58 31 25 52 39 15 59 61 66 55 49 62 48 45 17 63 44 41 27 68 64 28 19 20 46 22 12 4 24 29 53 38 43 47 33 57 30 9 3 21 37 42 11 65 
26 1 35 67 6 50 34 56 8 2 54 36 58 31 25 52 39 15 59 61 66 55 49 62 48 45 17 63 44 41 27 68 64 28 19 20 46 22 12 4 24 29 53 38 43 47 33 57 30 9 3 21 37 42 11 65 
27 1 35 67 6 50 34 56 8 2 54 36 58 31 25 52 39 15 59 61 66 55 49 62 48 45 17 63 44 41 68 27 64 28 19 20 46 22 12 4 24 29 53 38 43 47 33 57 30 9 3 21 37 42 18 11 65 
28 1 35 67 6 50 34 56 8 2 54 36 58 31 25 52 39 15 59 61 66 55 49 62 48 45 17 63 44 41 27 68 64 28 19 20 46 22 12 4 24 29 53 38 43 47 33 57 30 9 3 21 37 42 18 11 65 
29 1 35 67 6 50 34 56 8 2 54 36 58 31 25 52 39 15 59 61 66 55 49 62 48 45 17 63 44 41 27 68 64 28 19 20 46 22 12 4 24 29 53 38 43 47 33 57 30 9 3 21 37 42 18 11 65 
30 1 35 67 6 50 34 56 8 2 54 36 58 31 25 52 39 15 59 61 66 55 49 62 48 45 17 63 44 41 27 68 64 28 19 20 46 22 12 4 24 29 53 38 43 47 33 57 30 9 3 21 37 42 18 11 65 
31 1 35 67 6 50 34 56 8 2 54 36 58 31 25 52 39 15 59 61 66 55 49 62 48 45 17 63 44 41 27 68 64 28 19 20 46 22 12 4 24 29 53 38 43 47 33 57 30 9 3 21 37 42 18 11 65 
32 1 35 67 6 50 34 56 8 2 54 36 58 31 25 52 39 15 59 61 66 55 49 62 48 45 17 63 44 41 27 68 64 28 19 20 46 22 12 4 24 29 53 38 43 47 33 57 30 9 3 21 37 42 18 11 65 
33 1 35 67 6 50 34 56 8 2 54 36 58 31 25 52 39 15 59 61 66 55 49 62 48 45 17 63 44 41 27 68 64 28 19 20 46 22 12 4 24 29 53 38 43 47 33 57 30 9 3 21 37 42 18 11 65 
34 1 35 67 6 50 34 56 8 2 54 36 58 31 25 52 39 15 59 61 66 55 49 62 48 45 17 63 44 41 27 68 64 28 19 20 46 22 12 4 24 29 53 38 43 47 33 57 30 9 3 21 37 42 18 11 65 
35 1 67 35 6 50 34 56 8 2 54 36 58 31 25 52 39 15 59 61 66 55 49 62 48 45 17 63 44 41 27 68 64 28 19 20 46 22 12 4 24 29 53 38 43 47 33 57 30 9 3 21 37 42 18 11 65 
36 1 35 67 6 50 34 56 8 2 54 36 58 31 25 52 39 15 59 61 66 55 49 62 48 45 17 63 44 41 27 68 64 28 19 20 46 22 12 4 24 29 53 38 43 47 33 57 30 9 3 21 37 42 18 11 65 
37 1 35 67 6 50 34 56 8 2 54 36 58 31 25 52 39 15 59 61 66 55 49 62 48 45 17 63 44 41 27 68 64 28 19 20 46 22 12 4 24 29 53 38 43 47 33 57 30 9 3 21 42 37 18 11 65 
38 1 35 67 6 50 34 56 8 2 54 36 58 31 25 52 39 15 59 61 66 55 49 62 48 45 17 63 44 41 27 68 64 28 19 20 46 22 12 4 24 29 53 43 38 47 33 57 30 9 3 21 37 42 18 11 65 
39 1 35 67 6 50 34 56 8 2 54 36 58 31 25 52 39 15 59 61 66 55 49 62 48 45 17 63 44 41 27 68 64 28 19 20 46 22 12 4 24 29 53 38 43 47 33 57 30 9 3 21 37 42 18 11 65 
40 1 35 67 6 50 34 56 8 2 54 36 58 31 25 52 39 15 59 61 66 55 49 62 48 45 17 63 44 41 27 68 64 28 19 20 46 22 12 4 24 29 53 38 43 47 33 57 30 9 3 21 37 42 18 11 65 
41 1 35 67 6 50 34 56 8 2 54 36 58 31 25 52 39 15 59 61 66 55 49 62 48 45 17 63 44 41 27 68 64 28 19 20 46 22 12 4 24 29 53 38 43 47 33 57 30 9 3 21 37 42 18 11 65 
42 1 35 67 6 50 34 56 8 2 54 36 58 31 25 52 39 15 59 61 66 55 49 62 48 45 17 63 44 41 27 68 64 28 19 20 46 22 12 4 24 29 53 38 43 47 33 57 30 9 3 21 37 42 18 11 65 
43 1 35 67 6 50 34 56 8 2 54 36 58 31 25 52 39 15 59 61 66 55 49 62 48 45 17 63 44 41 27 68 64 28 19 20 46 22 12 4 24 29 53 38 43 47 33 57 30 9 3 21 37 42 18 11 65 
44 1 35 67 6 50 34 56 8 2 54 36 58 31 25 52 39 15 59 61 66 55 49 62 48 45 17 63 44 41 27 68 64 28 19 20 46 22 12 4 24 29 53 38 43 47 33 57 30 9 3 21 37 42 18 11 65 
45 1 35 67 6 50 34 56 8 2 54 36 58 31 25 52 39 15 59 61 66 55 49 62 48 45 17 63 44 41 27 68 64 28 19 20 46 22 12 4 24 29 53 38 43 47 33 57 30 9 3 21 37 42 18 11 65 
46 1 35 67 6 50 34 56 8 2 54 36 58 31 25 52 39 15 59 61 66 55 49 62 48 45 17 63 44 41 27 68 64 28 19 20 46 22 12 4 24 29 53 38 43 47 33 57 30 9 3 21 37 42 18 11 65 
47 1 35 67 6 50 34 56 8 2 54 36 58 31 25 52 39 15 59 61 66 55 49 62 48 45 17 63 44 41 27 68 64 28 19 20 46 22 12 4 24 29 53 38 43 47 33 57 30 9 3 21 37 42 18 11 65 
48 1 35 67 6 50 34 56 8 2 54 36 58 31 25 52 39 15 59 61 66 55 49 62 48 45 17 63 44 41 27 68 64 28 19 20 46 22 12 4 24 29 53 38 43 47 33 57 30 9 3 21 37 42 18 11 65 
49 1 35 67 6 50 34 56 8 2 54 36 58 31 25 52 39 15 59 61 66 55 49 62 48 45 17 63 44 41 27 68 64 28 19 20 46 22 12 4 24 29 53 38 43 47 33 57 30 9 3 21 37 42 18 11 65 
50 1 35 67 6 50 34 56 8 2 54 36 58 31 25 52 39 15 59 61 66 55 49 62 48 45 17 63 44 41 27 68 64 28 19 20 46 22 12 4 24 29 53 38 43 47 33 57 30 9 3 21 37 42 18 11 65 
51 1 35 67 6 50 34 56 8 2 54 36 58 31 25 52 39 15 59 61 66 55 49 62 48 45 17 63 44 41 27 68 64 28 19 20 46 22 12 4 24 29 53 38 43 47 33 57 30 9 3 21 37 42 18 11 65 
52 1 35 67 6 50 34 56 8 2 54 36 58 31 25 52 39 15 59 61 66 55 49 62 48 45 17 63 44 41 27 68 64 28 19 20 46 22 12 4 24 29 53 38 43 47 33 57 30 9 3 21 37 42 18 11 65 
53 1 35 67 6 50 34 56 8 2 54 36 58 31 25 52 39 15 59 61 66 55 49 62 48 45 17 63 44 41 27 68 64 28 19 20 46 22 12 4 24 29 53 38 43 47 33 57 30 9 3 21 37 42 18 11 65 
54 1 35 67 6 50 34 56 8 2 54 36 58 31 25 52 39 15 59 61 66 55 49 62 48 45 17 63 44 41 27 68 64 28 19 20 46 22 12 4 24 29 53 38 43 47 33 57 30 9 3 21 37 42 18 11 65 
55 1 35 67 6 50 34 56 8 2 54 36 58 31 25 52 39 15 59 61 66 55 49 62 48 45 17 63 44 41 27 68 64 28 19 20 46 22 12 4 24 29 53 38 43 47 33 57 30 9 3 21 37 42 18 11 65 
56 1 35 67 6 50 34 56 8 2 54 36 58 31 25 52 39 15 59 61 66 55 49 62 48 45 17 63 44 41 27 68 64 28 19 20 46 22 12 4 24 29 53 38 43 47 33 57 30 9 3 21 37 42 18 11 65 
57 1 35 67 6 50 34 56 8 2 54 36 58 31 25 52 39 15 59 61 66 55 49 62 48 45 17 63 44 41 27 68 64 28 19 20 46 22 12 4 24 29 53 38 43 47 33 57 30 9 3 21 37 42 18 11 65 
58 1 35 67 6 50 34 56 8 2 54 36 58 31 25 52 39 15 59 61 66 55 49 62 48 45 17 63 44 41 27 68 64 28 19 20 46 22 12 4 24 29 53 38 43 47 33 57 30 9 3 21 37 42 18 11 65 
59 1 35 67 6 50 34 56 8 2 54 36 58 31 25 52 39 15 59 61 66 55 49 62 48 45 17 63 44 41 27 68 64 28 19 20 46 22 12 4 24 29 53 38 43 47 33 57 30 9 3 21 37 42 18 11 65 
60 1 35 67 6 50 34 56 8 2 54 36 58 31 25 52 39 15 59 61 66 55 49 62 48 45 17 63 44 41 27 68 64 28 19 20 46 22 12 4 24 29 53 38 43 47 33 57 30 9 3 21 37 42 18 11 65 
61 1 35 67 6 50 34 56 8 2 54 36 58 31 25 52 39 15 59 66 61 55 49 62 48 45 17 63 44 41 27 68 64 28 19 20 46 22 12 4 24 29 53 38 43 47 33 57 30 9 3 21 37 42 18 11 65 
62 1 35 67 6 50 34 56 8 2 54 36 58 31 25 52 39 15 59 61 66 55 49 62 48 45 17 63 44 41 27 68 64 28 19 20 46 22 12 4 24 29 53 38 43 47 33 57 30 9 3 21 37 42 18 11 65 
63 1 35 67 6 50 34 56 8 2 54 36 58 31 25 52 39 15 59 61 66 55 49 62 48 45 17 63 44 41 27 68 64 28 19 20 46 22 12 4 24 29 53 38 43 47 33 57 30 9 3 21 37 42 18 11 65 
64 1 35 67 6 50 34 56 8 2 54 36 58 31 25 52 39 15 59 61 66 55 49 62 48 45 17 63 44 41 27 68 64 28 19 20 46 22 12 4 24 29 53 38 43 47 33 57 30 9 3 21 37 42 18 11 65 
65 1 35 67 6 50 34 56 8 2 54 36 58 31 25 52 39 15 59 61 66 55 49 62 48 45 17 63 44 41 27 68 64 28 19 20 46 22 12 4 24 29 53 38 43 47 33 57 30 9 3 21 37 42 18 11 65 
66 1 35 67 6 50 34 56 8 2 54 36 58 31 25 52 39 15 59 61 66 55 49 62 48 45 17 63 44 41 27 68 64 28 19 20 46 22 12 4 24 29 53 38 43 47 33 57 30 9 3 21 37 42 18 11 65 
67 1 35 67 6 50 34 56 8 2 54 36 58 31 25 52 39 15 59 61 66 55 49 62 48 45 17 63 44 41 27 68 64 28 19 20 46 22 12 4 24 29 53 38 43 47 33 57 30 9 3 21 37 42 18 11 65 
68 1 35 67 6 50 34 56 8 2 54 36 58 31 25 52 39 15 59 61 66 55 49 62 48 45 17 63 44 41 27 68 64 28 19 20 46 22 12 4 24 29 53 38 43 47 33 57 30 9 3 21 37 42 18 11 65 
69 1 35 67 6 50 34 56 8 2 54 36 58 31 25 52 39 15 59 61 66 55 49 62 48 45 17 63 44 41 27 68 64 28 19 20 46 22 12 4 24 29 53 38 43 47 33 57 30 9 3 21 37 42 18 11 65 
70 1 35 67 6 50 34 56 8 2 54 36 58 31 25 52 39 15 59 61 66 55 49 62 48 45 17 63 44 41 27 68 64 28 19 20 46 22 12 4 24 29 53 38 43 47 33 57 30 9 3 21 37 42 18 11 65 
71 1 35 67 6 50 34 56 8 2 54 36 58 31 25 52 39 15 59 61 66 55 49 62 48 45 17 63 44 41 27 68 64 28 19 20 46 22 12 4 24 29 53 38 43 47 33 57 30 9 3 21 37 42 18 11 65 
72 1 35 67 6 50 34 56 8 2 54 36 58 31 25 52 39 15 59 61 66 55 49 62 48 45 17 63 44 41 27 68 64 28 19 20 46 22 12 4 24 29 53 38 43 47 33 57 30 9 3 21 37 42 18 11 65 
73 1 35 67 6 50 34 56 8 2 54 36 58 31 25 52 39 15 59 61 66 55 49 62 48 45 17 63 44 41 27 68 64 28 19 20 46 22 12 4 24 29 53 38 43 47 33 57 30 9 3 21 37 42 18 11 65 
