1 1 
2 1 2 
3 3 1 2 
4 3 4 1 2 
5 3 4 1 2 
6 3 4 6 1 2 
7 3 7 4 6 1 2 
8 6 10 19 11 12 17 21 14 3 23 18 7 4 1 2 
9 6 10 19 11 12 17 14 21 3 23 18 7 4 1 2 
10 6 10 19 11 12 17 14 21 3 23 18 7 4 1 2 
11 6 10 19 12 11 17 14 21 3 23 18 7 4 1 2 
12 6 10 19 11 12 17 14 21 3 23 18 7 4 1 2 
13 6 10 19 11 12 17 14 21 3 23 18 7 4 1 2 
14 10 19 11 12 17 14 3 23 18 7 4 1 2 
15 10 19 11 12 17 14 3 23 18 7 4 1 2 
16 6 10 19 11 12 17 14 21 3 23 18 7 4 1 2 
17 6 10 19 11 12 17 14 21 3 23 18 7 4 1 2 
18 6 10 19 11 12 17 14 21 3 23 18 7 4 1 2 
19 6 10 19 11 12 17 14 21 3 23 18 7 4 1 2 
20 6 10 19 11 12 17 14 21 3 23 18 7 4 1 2 
21 10 19 11 12 17 21 3 23 18 7 4 1 2 
22 6 10 19 11 12 17 21 14 3 23 18 7 4 1 2 
23 6 10 19 11 12 17 21 14 3 23 18 4 1 2 
24 6 10 19 11 12 17 21 14 3 23 18 4 1 2 
25 6 10 19 11 12 17 21 14 3 23 18 7 4 1 2 
