1 1 
2 2 1 
3 2 1 3 
4 2 1 3 
5 25 41 22 34 53 8 14 7 32 3 30 45 44 9 42 39 51 23 1 47 24 40 46 49 27 5 2 26 38 28 33 10 31 20 11 35 
6 25 41 22 34 53 8 14 7 32 3 30 45 44 9 42 39 51 23 1 47 24 40 46 49 27 5 2 26 38 28 33 10 31 20 11 35 
7 25 41 22 34 53 8 14 7 32 3 30 45 44 9 42 39 51 23 1 47 24 40 46 49 27 5 2 26 38 28 33 10 31 20 11 35 
8 25 41 22 34 53 14 8 7 32 3 30 45 44 9 42 39 51 23 1 47 24 40 46 49 27 5 2 26 38 28 33 10 31 20 11 35 
9 25 41 22 34 53 8 14 7 32 3 30 45 44 42 9 39 51 23 1 47 24 40 46 49 27 5 2 26 38 28 33 10 31 20 11 35 
10 25 41 22 34 53 8 14 7 32 3 30 45 44 9 42 39 51 23 1 47 24 40 46 49 27 5 2 26 38 28 33 31 10 20 11 35 
11 25 41 22 34 53 8 14 7 32 3 30 45 44 9 42 39 51 23 1 47 24 40 46 49 27 5 2 26 38 28 33 10 31 20 11 
12 25 41 22 34 53 8 14 7 32 3 30 45 44 9 42 39 51 23 1 47 24 40 12 46 27 5 2 26 28 33 10 31 20 11 
13 25 41 22 34 53 8 14 7 32 3 30 45 44 16 9 42 39 51 23 1 47 24 40 12 46 27 5 2 26 28 33 10 31 20 11 
14 25 41 22 34 53 8 14 7 32 3 30 45 44 16 9 42 39 51 23 1 47 24 40 12 46 27 5 2 26 28 33 10 31 20 11 
15 25 41 22 34 53 8 14 7 32 3 30 45 44 16 9 42 39 51 23 1 47 24 40 12 46 27 5 2 26 28 33 10 31 20 11 
16 25 41 22 34 53 8 14 7 32 3 30 45 44 16 9 42 39 51 23 1 47 24 40 46 27 5 2 26 28 33 10 31 20 11 
17 25 41 22 34 53 8 14 7 32 3 30 45 44 16 9 42 39 51 23 1 47 24 40 46 27 5 2 26 28 33 10 31 20 11 
18 25 41 22 34 53 8 14 7 32 3 30 45 44 9 42 39 51 23 1 18 47 24 40 46 27 5 2 26 28 33 10 31 20 11 
19 25 41 22 34 53 8 14 7 32 3 30 45 44 9 42 39 23 51 1 36 18 47 24 40 46 27 5 2 26 28 33 10 31 20 11 35 
20 25 41 22 34 53 8 14 7 32 3 30 45 44 9 42 39 23 51 1 36 18 47 24 40 46 27 5 2 26 28 33 10 31 20 11 35 
21 25 41 22 34 53 8 14 7 32 3 30 45 44 9 42 39 23 51 1 36 18 47 24 40 46 27 5 2 26 28 33 10 31 20 11 35 
22 25 41 22 34 53 8 14 7 32 3 30 45 44 9 42 39 23 51 1 36 18 47 24 40 46 27 5 2 26 28 33 10 31 20 11 35 
23 25 41 22 34 53 8 14 7 32 3 30 45 44 9 42 39 51 23 1 36 18 47 24 40 46 27 5 2 26 28 33 10 31 20 11 35 
24 25 41 22 34 53 8 14 7 32 3 30 45 44 9 42 39 23 51 1 36 18 47 24 40 46 27 5 2 26 28 33 10 31 20 11 35 
25 25 41 22 34 53 8 14 7 32 3 30 45 44 9 42 39 23 51 1 36 18 47 24 40 46 27 5 2 26 28 33 10 31 20 11 35 
26 25 41 22 34 53 8 14 7 32 3 30 45 44 9 42 39 23 51 1 36 18 47 24 40 46 27 5 2 26 28 33 10 31 20 11 35 
27 25 41 22 34 53 8 14 7 32 3 30 45 44 9 42 39 23 51 1 36 18 47 24 40 46 27 5 2 26 28 33 10 31 20 11 35 
28 25 41 22 34 53 8 14 7 32 3 30 45 44 9 42 39 23 51 1 36 18 47 24 40 46 27 5 2 26 33 28 10 31 20 11 35 
29 25 41 22 34 53 8 14 7 32 3 30 45 44 9 42 39 23 51 1 36 18 47 24 40 46 27 5 2 26 28 33 10 31 20 11 35 
30 25 41 22 34 53 8 14 7 32 3 30 45 44 9 42 39 23 51 1 36 18 47 24 40 46 27 5 2 26 28 33 10 31 20 11 35 
31 25 41 22 34 53 8 14 7 32 3 30 45 44 9 42 39 23 51 1 36 18 47 24 40 46 27 5 2 26 28 33 10 31 20 11 35 
32 25 41 22 34 53 8 14 7 32 3 30 45 44 9 42 39 23 51 1 36 18 47 24 40 46 27 5 2 26 28 33 10 31 20 11 35 
33 25 41 22 34 53 8 14 7 32 3 30 45 44 9 42 39 23 51 1 36 18 47 24 40 46 27 5 2 26 28 33 10 31 20 11 35 
34 25 41 22 34 53 8 14 7 32 3 30 45 44 9 42 39 23 51 1 36 18 47 24 40 46 27 5 2 26 28 33 10 31 20 11 35 
35 25 41 22 34 53 8 14 7 32 3 30 45 44 9 42 39 23 51 1 36 18 47 24 40 46 27 5 2 26 28 33 10 31 20 35 
36 25 41 22 34 53 8 14 7 32 3 30 45 44 9 42 39 23 51 1 36 47 24 40 46 27 5 2 26 28 33 10 31 20 11 35 
37 25 41 22 34 53 8 14 7 32 3 30 45 44 9 42 39 23 51 1 36 47 24 40 46 27 5 2 26 28 33 10 31 20 11 35 
38 25 41 22 34 53 8 14 7 32 3 30 45 44 9 42 39 23 51 1 47 24 40 46 27 5 2 26 38 28 33 10 31 20 11 35 
39 25 41 22 34 53 8 14 7 32 3 30 45 44 9 42 39 23 1 47 24 40 46 27 5 2 26 38 28 33 10 31 20 11 35 
40 25 41 22 34 53 8 14 7 32 3 30 45 44 9 42 39 23 1 47 24 40 27 5 2 26 38 28 33 10 31 20 11 35 
41 25 41 22 34 53 8 14 7 32 3 30 45 44 9 42 39 51 23 1 47 24 40 46 49 27 5 2 26 38 28 33 10 31 20 11 35 
42 25 41 22 34 53 8 14 7 32 3 30 45 44 9 42 39 51 23 1 47 24 40 46 49 27 5 2 26 38 28 33 10 31 20 11 35 
43 25 41 22 34 53 8 14 7 32 3 30 45 44 9 42 39 51 23 1 47 24 40 46 49 27 5 2 26 38 28 33 10 31 20 11 35 
44 25 41 22 34 53 8 14 7 32 3 30 45 44 9 42 39 51 23 1 47 24 40 46 49 27 5 2 26 38 28 33 10 31 20 11 35 
45 25 41 22 34 53 8 14 7 32 3 30 45 44 9 42 39 51 23 1 47 24 40 46 49 27 5 2 26 38 28 33 10 31 20 11 35 
46 25 41 22 34 53 8 14 7 32 3 30 45 44 9 42 39 51 23 1 47 24 49 46 27 5 2 26 38 28 33 10 31 20 11 35 
47 25 41 22 34 53 8 14 7 32 3 30 45 44 9 42 39 51 23 1 47 24 46 49 27 5 2 26 38 28 33 10 31 20 11 35 
48 25 41 22 34 53 8 14 7 32 3 30 45 44 9 42 39 51 23 1 47 24 46 49 27 5 2 26 38 28 33 10 31 20 11 35 
49 25 41 22 34 53 8 14 7 32 3 30 45 44 9 42 39 51 23 1 47 24 46 49 27 5 2 26 28 33 10 31 20 11 35 
50 25 41 22 34 53 8 14 7 32 3 30 45 44 9 42 39 51 23 1 47 24 46 49 27 5 2 26 28 33 10 31 20 11 35 
51 25 41 22 34 53 8 14 7 32 3 30 45 44 9 42 23 51 1 47 24 46 49 27 5 2 26 38 28 33 10 31 20 11 35 
52 25 41 22 34 53 8 14 7 32 3 30 45 44 9 42 39 51 23 1 47 24 46 49 27 5 2 26 38 28 33 10 31 20 11 35 
53 25 41 22 34 53 8 14 7 32 3 30 45 44 9 42 39 51 23 1 47 24 40 46 49 27 5 2 26 38 28 33 10 31 20 11 35 
54 25 41 22 34 53 8 14 7 32 3 30 45 44 9 42 39 51 23 1 47 24 40 46 49 27 5 2 26 38 28 33 10 31 20 11 35 
55 25 41 22 34 53 8 14 7 32 3 30 45 44 9 42 39 51 23 1 47 24 40 46 49 27 5 2 26 38 28 33 10 31 20 11 35 
56 25 41 22 34 53 8 14 7 32 3 30 45 44 9 42 39 51 23 1 47 24 40 46 49 27 5 2 26 38 28 33 10 31 20 11 35 
