1 1 
2 1 2 
3 3 1 2 
4 3 1 2 
5 3 1 2 5 
6 3 9 1 16 7 14 10 6 2 11 23 12 5 18 20 
7 3 9 1 16 14 7 10 6 2 11 23 12 18 20 
8 3 9 1 16 7 14 10 6 2 11 23 12 18 20 
9 3 9 1 16 7 14 10 6 2 11 23 12 18 20 
10 3 9 1 16 7 14 10 6 2 11 23 12 18 20 
11 3 9 1 16 7 14 10 6 2 11 23 12 18 20 
12 3 9 1 7 14 10 6 2 11 23 12 18 20 
13 3 9 1 16 7 14 10 6 2 11 23 12 18 20 
14 3 9 1 16 7 14 10 6 2 11 23 12 18 20 
15 3 9 1 16 7 14 10 6 2 11 23 12 18 20 
16 3 9 1 16 7 14 10 6 2 11 23 18 20 
17 3 9 1 16 7 14 10 6 2 11 23 18 20 
18 3 9 1 16 7 14 10 6 2 11 23 12 18 20 
19 3 9 1 16 7 14 10 6 2 11 23 12 18 20 
20 3 9 1 16 7 14 10 6 2 11 23 12 18 20 
21 3 9 1 16 7 14 10 6 2 11 23 12 18 20 
22 3 9 1 16 7 14 10 6 2 11 23 12 18 20 
23 3 9 1 16 7 14 10 6 2 11 23 12 18 20 
24 3 9 1 16 7 14 10 6 2 11 23 12 18 20 
25 3 9 1 16 7 14 10 6 2 11 23 12 18 20 
26 3 9 1 16 7 14 10 6 2 11 23 12 18 20 
