1 1 
2 1 2 
3 1 2 3 
4 1 4 2 3 
5 1 4 5 2 3 
6 1 4 6 5 2 3 
7 16 6 20 23 10 12 15 17 1 29 19 4 11 22 7 5 2 3 9 14 
8 16 6 20 23 10 12 15 17 1 29 19 4 11 7 22 5 2 3 9 14 
9 16 6 20 23 10 12 15 17 1 29 19 4 11 7 22 5 2 3 9 14 
10 16 6 20 23 10 12 15 1 29 19 4 11 7 22 5 2 3 9 14 
11 16 6 20 23 10 12 15 1 29 19 4 11 7 22 5 2 3 9 14 
12 16 6 20 23 10 15 12 1 29 19 4 11 7 22 5 2 3 9 14 
13 16 6 20 23 10 12 15 1 29 19 4 11 7 22 5 2 3 9 14 
14 16 6 20 23 10 12 15 1 29 19 4 11 7 22 5 2 3 9 14 
15 16 6 20 23 10 12 15 1 29 19 4 11 7 22 5 2 3 9 14 
16 16 6 20 23 10 12 15 1 29 19 4 11 7 22 5 2 3 9 14 
17 16 6 20 23 12 15 17 1 29 19 4 11 7 22 5 2 3 9 14 
18 16 6 20 23 10 12 15 17 1 29 19 4 11 7 22 5 2 3 9 14 
19 16 6 20 23 10 12 15 17 1 29 19 4 11 7 22 5 2 3 9 14 
20 16 6 20 23 10 12 15 17 1 29 19 4 11 7 2 3 9 14 
21 16 6 20 23 10 12 15 17 1 29 19 4 11 7 2 3 9 14 
22 16 6 23 10 12 15 17 1 29 19 4 11 7 22 2 3 9 14 
23 16 6 20 23 10 12 15 17 1 29 19 4 11 7 22 2 3 9 14 
24 16 6 20 23 10 12 15 17 1 29 19 4 11 7 22 2 3 9 14 
25 16 25 6 20 23 10 12 15 17 1 29 19 4 11 7 22 2 3 9 14 
26 16 25 6 20 23 10 12 15 17 1 29 26 19 4 11 7 22 2 3 9 14 
27 16 25 6 27 20 23 10 12 15 17 1 29 26 19 4 11 7 22 2 3 9 14 
28 16 25 6 27 20 23 10 12 15 17 1 29 26 19 4 11 7 22 2 3 9 14 
29 16 20 23 10 12 15 17 1 29 19 4 11 7 22 2 3 9 14 
30 16 20 23 10 12 15 17 1 29 19 4 11 7 22 2 3 9 14 
31 16 6 20 23 10 12 15 17 1 29 19 4 11 7 22 5 2 3 9 14 
