1 1 
2 2 1 
3 2 1 3 
4 2 1 3 
5 2 5 1 3 
6 2 6 5 1 3 
7 2 7 6 5 1 3 
8 2 7 6 5 1 3 8 
9 2 6 10 11 5 18 7 13 16 14 1 17 3 8 
10 2 6 11 10 5 18 7 13 16 14 1 17 3 8 
11 2 6 10 11 5 18 7 13 16 14 1 17 3 8 
12 2 6 10 11 5 18 7 13 16 14 1 17 3 8 
13 2 6 10 11 5 18 7 13 16 14 1 17 3 8 
14 2 6 10 11 5 18 7 13 16 14 1 17 3 8 
15 2 6 10 11 5 18 7 13 16 14 1 17 3 8 
16 2 6 10 11 5 18 7 13 16 14 1 17 3 8 
17 2 6 10 11 5 18 13 16 14 1 17 3 8 
18 2 6 10 11 5 18 7 13 16 14 1 17 3 
19 2 6 10 11 5 18 7 13 16 14 1 17 3 
20 2 6 10 11 5 20 7 13 16 14 1 17 3 
21 2 6 10 11 5 21 20 7 13 16 14 1 17 3 
22 2 6 10 11 5 21 22 20 7 13 16 14 1 17 3 
23 2 6 10 11 5 21 22 20 7 13 23 16 14 1 17 3 
24 2 26 6 10 11 5 21 22 25 29 20 7 13 23 16 14 27 1 17 3 
25 2 26 6 10 11 5 21 22 25 29 20 7 13 23 16 14 27 1 17 3 
26 2 26 6 10 11 5 21 22 25 29 20 7 13 23 16 14 27 1 17 3 
27 2 26 6 10 11 5 21 22 25 29 20 7 13 23 16 14 27 1 17 3 
28 2 26 6 10 11 5 21 22 25 29 20 7 13 23 16 14 27 1 17 3 
29 2 26 6 10 11 5 21 22 25 29 20 7 13 16 14 27 1 17 3 
30 2 26 6 10 11 5 21 22 25 29 20 7 13 16 14 27 1 17 3 
31 2 26 6 10 11 5 31 21 22 25 29 20 7 13 23 16 14 27 1 17 3 
32 2 26 6 10 11 5 31 21 22 25 20 7 13 16 14 27 1 17 3 32 
33 2 26 6 10 11 5 31 21 22 25 20 7 13 16 14 27 1 17 3 32 
34 2 26 34 6 10 11 5 31 21 22 25 20 7 13 16 14 27 1 17 3 32 
35 11 60 5 65 31 50 20 17 56 3 2 26 67 39 10 36 40 72 75 13 41 66 6 73 47 45 51 71 21 22 42 59 68 37 77 16 14 55 34 53 38 64 69 25 7 57 27 1 32 43 
36 66 11 60 6 73 5 47 31 45 51 71 50 21 22 42 20 68 37 77 16 14 17 56 3 2 26 67 34 39 10 36 38 64 40 72 75 69 25 7 13 57 27 1 32 41 43 
37 66 6 11 73 5 47 31 45 51 71 21 50 22 42 20 68 37 77 16 14 17 56 3 2 34 26 67 39 10 36 38 40 72 75 69 25 7 13 57 27 1 32 41 43 
38 66 6 11 73 5 47 31 45 51 71 21 50 22 42 20 68 37 77 16 14 17 56 3 2 34 26 67 39 10 36 38 40 72 75 69 25 7 13 57 27 1 32 41 43 
39 66 6 11 73 5 47 31 45 51 71 21 50 22 42 20 68 37 77 16 14 17 56 3 2 34 26 67 10 39 36 38 40 72 75 69 25 7 13 57 27 1 32 41 43 
40 66 6 11 73 5 47 31 45 51 71 21 50 22 42 20 68 37 77 16 14 17 56 3 2 34 26 67 39 10 36 38 40 72 75 69 25 7 13 57 27 1 32 41 43 
41 66 6 11 73 5 47 31 45 51 71 21 50 22 42 20 68 37 77 16 14 17 56 3 2 34 26 67 39 10 36 38 40 72 75 69 25 7 13 57 27 1 32 41 43 
42 66 6 11 73 5 47 31 45 51 71 21 50 22 42 20 68 37 77 16 14 17 56 3 2 34 26 67 39 10 36 38 40 72 69 25 7 13 57 27 1 32 41 43 
43 60 11 5 65 31 50 20 56 17 3 2 67 26 39 10 36 40 72 75 13 41 66 6 73 47 45 51 71 21 22 42 59 68 37 77 16 14 55 34 53 38 64 69 25 7 57 27 1 32 43 
44 60 11 5 65 31 50 20 56 17 3 2 67 26 39 10 36 40 72 75 13 41 66 6 73 47 45 51 71 21 22 42 59 68 37 77 16 14 55 34 53 38 64 69 25 7 57 27 1 32 43 
45 60 11 5 65 31 50 20 56 17 3 2 67 26 39 10 36 40 72 75 13 41 66 6 73 47 45 51 71 21 22 42 59 68 37 77 16 14 55 34 53 38 64 69 25 7 57 27 1 32 43 
46 60 11 5 65 31 50 20 56 17 3 2 67 26 39 10 36 40 72 75 13 41 66 6 73 47 45 51 71 21 22 42 59 68 37 77 16 14 55 34 53 38 64 69 25 7 57 27 1 32 43 
47 60 11 5 65 31 50 20 56 17 3 2 67 26 39 10 36 40 72 75 13 41 66 6 73 47 45 51 71 21 22 42 59 68 37 77 16 14 55 34 53 38 64 69 25 7 57 27 1 32 43 
48 60 11 5 65 31 50 20 56 17 3 2 67 26 39 10 36 40 72 75 13 41 66 6 73 47 45 51 71 21 22 42 59 68 37 77 16 14 55 34 53 38 64 69 25 7 57 27 1 32 43 
49 60 11 5 65 31 50 20 56 17 3 2 67 26 39 10 36 40 72 75 13 41 66 6 73 47 45 51 71 21 22 42 59 68 37 77 16 14 55 34 53 38 64 69 25 7 57 27 1 32 43 
50 60 11 5 65 31 50 20 56 17 3 2 67 26 39 10 36 40 72 75 13 41 66 6 73 47 45 51 71 21 22 42 59 68 37 77 16 14 55 34 53 38 64 69 25 7 57 27 1 32 43 
51 60 11 5 65 31 50 20 56 17 3 2 67 26 39 10 36 40 72 75 13 41 66 6 73 47 45 71 51 21 22 42 59 68 37 77 16 14 55 34 53 38 64 69 25 7 57 27 1 32 43 
52 60 11 5 65 31 50 20 56 17 3 2 67 26 39 10 36 40 72 75 13 41 66 6 73 47 45 51 71 21 22 42 59 68 37 77 16 14 55 34 53 38 64 69 25 7 57 27 1 32 43 
53 66 60 11 6 73 5 47 31 45 51 71 50 21 22 42 20 68 37 77 16 14 56 17 3 2 67 26 34 39 10 53 38 64 40 72 75 69 25 7 13 57 27 1 32 41 43 
54 66 6 60 11 73 5 47 31 45 51 71 21 50 22 42 20 68 37 77 16 14 56 17 3 2 34 67 26 39 10 53 38 64 40 72 75 69 25 7 13 57 27 1 32 41 43 
55 66 60 11 6 73 5 47 31 45 51 71 50 21 22 42 20 68 37 77 16 14 56 17 3 55 2 67 26 34 39 10 38 64 40 72 75 69 25 7 13 57 27 1 32 41 43 
56 60 11 5 65 31 50 20 17 56 3 2 67 26 39 10 36 40 72 75 13 41 66 6 73 47 45 51 71 21 22 42 59 68 37 77 16 14 55 34 53 38 64 69 25 7 57 27 1 32 43 
57 60 11 5 65 31 50 20 56 17 3 2 67 26 39 10 36 40 72 75 13 41 66 6 73 47 45 51 71 21 22 42 59 68 37 77 16 14 55 34 53 38 64 69 25 7 57 27 1 32 43 
58 60 11 5 65 31 50 20 56 17 3 2 67 26 39 10 36 40 72 75 13 41 66 6 73 47 45 51 71 21 22 42 59 68 37 77 16 14 55 34 53 38 64 69 25 7 57 27 1 32 43 
59 66 60 11 6 73 5 47 31 45 51 71 50 21 22 42 20 68 59 37 77 16 14 56 17 3 2 67 26 34 39 10 38 64 40 72 75 69 25 7 13 57 27 1 32 41 43 
60 66 11 6 73 60 5 65 47 31 45 51 71 50 21 22 42 20 59 68 77 16 14 56 17 3 55 2 67 26 34 39 10 36 53 38 40 72 75 69 25 7 13 57 27 1 32 41 43 
61 66 6 60 11 73 5 47 65 31 45 51 71 21 50 22 42 20 59 68 77 16 14 56 17 3 55 2 34 67 26 39 10 36 53 38 40 72 75 69 25 7 13 57 27 1 32 41 43 
62 66 6 60 11 73 5 47 65 31 45 51 71 21 50 22 42 20 59 68 77 16 14 56 17 3 55 2 34 67 26 39 10 36 53 38 40 72 75 69 25 7 13 57 27 1 32 41 43 
63 60 11 5 65 31 50 20 56 17 3 2 67 26 39 10 36 40 72 75 13 41 66 6 73 47 45 51 71 21 22 42 59 68 37 77 16 14 55 34 53 38 64 69 25 7 57 27 1 32 43 
64 66 11 6 73 5 65 47 31 45 51 71 50 21 22 42 20 59 68 77 16 14 56 17 3 55 2 67 26 34 39 10 36 53 38 64 40 72 75 69 25 7 13 57 27 1 32 41 43 
65 66 60 11 6 73 5 47 65 31 45 51 71 50 21 22 42 20 68 37 77 16 14 56 17 3 2 67 26 34 39 10 38 64 40 72 75 69 25 7 13 57 27 1 32 41 43 
66 60 11 5 65 31 50 20 56 17 3 2 67 26 39 10 36 40 72 75 13 41 66 6 73 47 45 51 71 21 22 42 59 68 37 77 16 14 55 34 53 38 64 69 25 7 57 27 1 32 43 
67 60 11 5 65 31 50 20 56 17 3 2 26 67 39 10 36 40 72 75 13 41 66 6 73 47 45 51 71 21 22 42 59 68 37 77 16 14 55 34 53 38 64 69 25 7 57 27 1 32 43 
68 60 11 5 65 31 50 20 56 17 3 2 67 26 39 10 36 40 72 75 13 41 66 6 73 47 45 51 71 21 22 42 59 68 37 77 16 14 55 34 53 38 64 69 25 7 57 27 1 32 43 
69 60 11 5 65 31 50 20 56 17 3 2 67 26 39 10 36 40 72 75 13 41 66 6 73 47 45 51 71 21 22 42 59 68 37 77 16 14 55 34 53 38 64 69 25 7 57 27 1 32 43 
70 60 11 5 65 31 50 20 56 17 3 2 67 26 39 10 36 40 72 75 13 41 66 6 73 47 45 51 71 21 22 42 59 68 37 77 16 14 55 34 53 38 64 69 25 7 57 27 1 32 43 
71 60 11 5 65 31 50 20 56 17 3 2 67 26 39 10 36 40 72 75 13 41 66 6 73 47 45 51 71 21 22 42 59 68 37 77 16 14 55 34 53 38 64 69 25 7 57 27 1 32 43 
72 60 11 5 65 31 50 20 56 17 3 2 67 26 39 10 36 40 75 72 13 41 66 6 73 47 45 51 71 21 22 42 59 68 37 77 16 14 55 34 53 38 64 69 25 7 57 27 1 32 43 
73 60 11 5 65 31 50 20 56 17 3 2 67 26 39 10 36 40 72 75 13 41 66 6 73 47 45 51 71 21 22 42 59 68 37 77 16 14 55 34 53 38 64 69 25 7 57 27 1 32 43 
74 60 11 5 65 31 50 20 56 17 3 2 67 26 39 10 36 40 72 75 13 41 66 6 73 47 45 51 71 21 22 42 59 68 37 77 16 14 55 34 53 38 64 69 25 7 57 27 1 32 43 
75 60 11 5 65 31 50 20 56 17 3 2 67 26 39 10 36 40 72 75 13 41 66 6 73 47 45 51 71 21 22 59 68 37 77 16 14 55 34 53 38 64 69 25 7 57 27 1 32 43 
76 60 11 5 65 31 50 20 56 17 3 2 67 26 39 10 36 40 72 75 13 41 66 6 73 47 45 51 71 21 22 59 68 37 77 16 14 55 34 53 38 64 69 25 7 57 27 1 32 43 
77 60 11 5 65 31 50 20 56 17 3 2 67 26 39 10 36 40 72 75 13 41 66 6 73 47 45 51 71 21 22 42 59 68 37 77 16 14 55 53 38 64 69 25 7 57 27 1 32 43 
78 60 11 5 65 31 50 20 56 17 3 2 67 26 39 10 36 40 72 75 13 41 66 6 73 47 45 51 71 21 22 42 59 68 37 77 16 14 55 53 38 64 69 25 7 57 27 1 32 43 
79 11 60 5 65 31 50 79 20 17 56 3 2 26 67 39 10 36 40 72 75 13 41 66 6 73 47 45 51 71 21 22 42 59 68 37 77 16 14 55 34 53 38 64 69 25 7 57 27 1 32 43 
80 11 60 5 65 31 79 50 20 17 56 3 2 26 67 39 10 36 40 72 75 13 41 66 6 73 47 45 51 71 21 22 42 59 68 37 77 16 14 55 34 53 38 64 69 25 7 57 27 1 32 43 
81 11 60 5 65 81 31 79 50 20 17 56 3 2 26 67 39 10 36 40 72 75 13 41 66 6 73 47 45 51 71 21 22 42 59 68 37 16 14 55 53 38 64 69 25 7 57 27 1 32 43 
82 11 60 5 81 65 31 79 50 20 17 56 3 2 26 67 39 10 36 40 72 75 13 41 66 6 73 82 47 45 51 71 21 22 42 59 68 37 16 14 55 85 53 38 64 69 87 25 7 57 27 1 32 84 43 
83 11 60 5 81 65 31 79 50 20 17 56 3 2 26 67 39 10 36 40 72 75 13 41 66 6 73 82 47 45 51 71 21 22 42 59 68 37 16 14 55 85 53 38 64 69 87 25 7 57 27 1 32 84 43 
84 11 60 5 81 65 31 79 50 20 17 56 3 2 26 67 39 10 36 40 72 75 13 41 66 6 73 82 47 45 51 71 21 22 42 59 68 37 16 14 55 85 53 38 64 69 87 25 7 57 27 1 32 43 84 
85 11 60 5 81 65 31 79 50 20 17 56 3 2 26 67 39 10 36 40 72 75 13 41 66 6 73 82 47 45 51 71 21 22 42 59 68 37 16 14 55 85 53 38 64 69 87 25 7 57 27 1 32 84 43 
86 11 60 5 81 65 31 79 50 20 17 56 3 2 26 67 39 10 36 40 72 75 13 41 66 6 73 82 47 45 51 71 21 22 42 59 68 37 16 14 55 85 53 38 64 69 87 25 7 57 27 1 32 84 43 
87 11 60 5 65 31 79 50 20 17 56 3 2 26 67 39 10 36 40 72 75 13 41 66 6 73 82 47 45 51 71 21 22 42 59 68 37 16 14 55 85 53 38 64 69 25 87 7 57 27 1 32 84 43 
88 11 60 5 65 31 79 50 20 17 56 3 2 26 67 39 10 36 40 72 75 13 41 66 6 73 82 47 45 51 71 21 22 42 59 68 37 16 14 55 85 53 38 64 69 87 25 7 57 27 1 32 84 43 
89 11 60 5 81 65 31 79 50 20 17 56 3 2 26 67 39 10 36 40 72 75 13 41 66 6 73 82 47 45 51 71 21 22 42 59 68 37 16 14 55 85 53 38 64 69 87 25 7 57 27 1 32 84 43 
