1 1 
2 2 1 
3 3 2 1 
4 3 2 1 
5 3 5 2 1 
6 96 16 41 119 166 128 53 114 48 98 69 155 7 134 104 32 12 40 145 158 1 14 169 106 143 95 147 30 103 70 19 100 10 157 61 154 99 71 93 55 5 59 171 133 144 156 60 54 6 22 9 42 29 108 11 31 101 139 117 173 132 152 149 126 89 116 85 87 3 141 15 72 2 151 148 140 88 62 23 121 170 167 150 68 84 92 21 64 79 
7 96 16 41 119 166 128 53 114 48 98 69 155 7 134 104 32 12 40 145 158 1 14 169 106 143 95 147 30 103 70 19 100 10 157 61 154 99 71 93 55 59 171 133 144 156 60 54 6 22 9 42 29 108 11 31 101 139 117 173 132 152 149 126 89 116 85 87 3 141 15 72 2 151 148 140 88 62 23 121 170 167 150 68 84 92 21 64 79 
8 96 16 41 119 166 128 53 114 48 98 69 155 7 134 104 32 12 40 145 158 1 14 169 106 143 95 147 30 103 70 19 100 10 157 61 154 99 71 93 55 59 171 133 144 156 60 54 6 22 9 42 29 108 11 31 101 139 117 173 132 152 149 126 89 116 85 87 3 141 15 72 2 151 148 140 88 62 23 121 170 167 150 68 84 92 21 64 79 
9 96 16 41 119 166 128 53 114 48 98 69 155 7 134 104 32 12 40 145 158 1 14 169 106 143 95 147 30 103 70 19 100 10 157 61 154 99 71 93 55 59 171 133 144 156 60 54 6 22 42 9 29 108 11 31 101 139 117 173 132 152 149 126 89 116 85 87 3 141 15 72 2 151 148 140 88 62 23 121 170 167 150 68 84 92 21 64 79 
10 96 16 41 119 166 128 53 114 48 98 69 155 7 134 104 32 12 40 145 158 1 14 169 106 143 95 147 30 103 70 19 100 10 157 61 154 99 71 93 55 59 171 133 144 156 60 54 6 22 9 42 29 108 11 31 101 139 117 173 132 152 149 126 89 116 85 87 3 141 15 72 2 151 148 140 88 62 23 121 170 167 150 68 84 92 21 64 79 
11 96 16 41 119 166 128 53 114 48 98 69 155 7 134 104 32 12 40 145 158 1 14 169 106 143 95 147 30 103 70 19 100 10 157 61 154 99 71 93 55 59 171 133 144 156 60 54 6 22 9 42 29 108 11 31 101 139 117 173 132 152 149 126 89 116 85 87 3 141 15 72 2 151 148 140 88 62 23 121 170 167 150 68 84 92 21 64 79 
12 96 16 41 119 166 128 53 114 48 98 69 155 7 134 104 32 12 40 145 158 1 14 169 106 143 95 147 30 103 70 100 10 157 61 154 99 71 93 55 59 171 133 144 156 60 54 6 22 9 42 29 108 11 31 101 139 117 173 132 152 149 126 89 116 85 87 3 141 15 72 2 151 148 140 88 62 23 121 170 167 150 68 84 92 21 64 79 
13 96 16 41 119 166 128 53 114 48 98 69 155 7 134 104 32 12 40 145 158 1 14 169 106 143 95 147 30 103 70 19 100 10 157 61 154 99 71 93 55 59 171 133 144 156 60 54 6 22 9 42 29 108 11 31 101 139 117 173 132 152 149 126 89 116 85 87 3 15 141 72 2 151 148 140 88 62 23 121 170 167 150 68 84 92 21 64 79 
14 96 16 41 119 166 128 53 114 48 98 69 155 7 134 104 32 12 40 145 158 1 14 169 106 143 95 147 30 103 70 19 100 10 157 61 154 99 71 93 55 59 171 133 144 156 60 54 6 22 9 42 29 108 11 31 101 139 117 173 132 152 149 126 89 116 85 87 3 15 141 72 2 151 148 140 88 62 23 121 170 167 150 68 84 92 21 64 79 
15 96 16 41 119 166 128 53 114 48 98 69 155 7 134 104 32 12 40 145 158 1 14 169 106 143 95 147 30 103 70 19 100 10 157 61 154 99 71 93 55 59 171 133 144 156 60 54 6 22 9 42 29 108 11 31 101 139 117 173 132 152 149 126 89 116 85 87 3 141 15 72 2 151 148 140 88 62 23 121 170 167 150 68 84 92 21 64 79 
16 96 16 41 119 166 128 53 114 48 98 69 155 7 134 104 32 12 40 145 158 1 14 169 106 143 95 147 30 103 70 19 100 10 157 61 154 99 71 93 55 59 171 133 144 156 60 54 6 22 9 42 29 108 11 31 101 139 117 173 132 152 149 126 89 116 85 87 3 15 141 72 2 151 148 140 88 62 23 121 170 167 150 68 84 92 21 64 79 
17 96 16 41 119 166 128 53 114 48 98 69 155 7 134 104 32 12 40 145 158 1 14 169 106 143 95 147 30 103 70 19 100 10 157 61 154 99 71 93 55 59 171 133 144 156 60 54 6 22 9 42 29 108 11 31 101 139 117 173 132 152 149 126 89 116 85 87 3 15 141 72 2 151 148 140 88 62 23 121 170 167 150 68 84 92 21 64 79 
18 96 16 41 119 166 128 53 114 48 98 69 155 7 134 104 32 12 40 145 158 1 14 169 106 143 95 147 30 103 70 19 100 10 157 61 154 99 71 93 55 59 171 133 144 156 60 54 6 22 9 42 29 108 11 31 101 139 117 173 132 152 149 126 89 116 85 87 3 15 141 72 2 151 148 140 88 62 23 121 170 167 150 68 84 92 21 64 79 
19 96 16 41 119 166 128 53 114 48 98 69 155 7 134 104 32 40 145 158 1 14 169 106 143 95 147 30 103 70 19 100 10 157 61 154 99 71 93 55 59 171 133 144 156 60 54 6 22 9 42 29 108 11 31 101 139 117 173 132 152 149 126 89 116 85 87 3 15 141 72 2 151 148 140 88 62 23 121 170 167 150 68 84 92 21 64 79 
20 96 16 41 119 166 128 53 114 48 98 69 155 7 134 104 32 40 145 158 1 14 169 106 143 95 147 30 103 70 19 100 10 157 61 154 99 71 93 55 59 171 133 144 156 60 54 6 22 9 42 29 108 11 31 101 139 117 173 132 152 149 126 89 116 85 87 3 15 141 72 2 151 148 140 88 62 23 121 170 167 150 68 84 92 21 64 79 
21 96 16 41 119 166 128 53 114 48 98 69 155 7 134 104 32 12 40 145 158 1 14 169 106 143 95 147 30 103 70 19 100 10 157 61 154 99 71 93 55 59 171 133 144 156 60 54 6 22 9 42 29 108 11 31 101 139 117 173 132 152 149 126 89 116 85 87 3 15 141 72 2 151 148 140 88 62 23 121 170 167 150 68 84 92 64 79 21 
22 96 16 41 119 166 128 53 114 48 98 69 155 7 134 104 32 12 40 145 158 1 14 169 106 143 95 147 30 103 70 19 100 10 157 61 154 99 71 93 55 59 171 133 144 156 60 54 6 22 9 42 29 108 11 31 101 139 117 173 132 152 149 126 89 116 85 87 3 15 141 72 2 151 148 140 88 62 23 121 170 167 150 68 84 92 21 64 79 
23 96 16 41 119 166 128 53 114 48 98 69 155 7 134 104 32 12 40 145 158 1 14 169 106 143 95 147 30 103 70 19 100 10 157 61 154 99 71 93 55 59 171 133 144 156 60 54 6 22 9 42 29 108 11 31 101 139 117 173 132 152 149 126 89 116 85 87 3 15 141 72 2 151 148 140 88 62 23 121 170 167 150 68 84 92 21 64 79 
24 96 16 41 119 166 128 53 114 48 98 69 155 7 134 104 32 12 40 145 158 1 14 169 106 143 95 147 30 103 70 19 100 10 157 61 154 99 71 93 55 59 171 133 144 156 60 54 6 22 9 42 29 108 11 31 101 139 117 173 132 152 149 126 89 116 85 87 3 15 141 72 2 151 148 140 88 62 23 121 170 167 150 68 84 92 21 64 79 
25 96 16 41 119 166 128 53 114 48 98 69 155 7 25 134 104 32 12 145 158 1 14 169 106 143 95 147 30 103 70 19 100 10 157 61 154 99 71 93 55 59 171 133 144 156 60 54 6 22 9 42 29 108 11 31 101 139 117 173 132 152 149 126 89 116 85 87 3 15 141 72 2 151 148 140 88 62 23 121 170 167 150 68 84 92 21 64 79 
26 96 16 41 38 119 166 128 53 114 48 98 69 155 7 25 134 32 104 12 145 158 1 14 169 106 143 95 30 147 103 70 19 100 10 157 61 154 99 71 93 55 59 171 133 144 156 60 54 6 22 9 42 29 108 11 31 101 139 117 173 132 152 149 126 89 116 85 87 3 15 141 72 27 2 151 148 140 88 62 23 121 170 167 150 68 36 84 92 21 64 79 
27 96 16 38 119 166 128 53 114 48 98 69 155 7 25 134 32 104 12 145 158 1 14 169 106 143 95 30 147 103 70 19 100 10 157 61 154 99 71 93 55 59 171 133 144 156 60 54 6 22 9 42 29 108 11 31 101 139 117 173 132 152 149 126 89 116 85 87 3 15 141 72 27 2 151 148 140 88 62 23 121 170 167 150 68 84 92 21 64 79 
28 96 16 38 119 166 128 53 114 48 98 69 155 7 25 134 32 104 12 145 158 1 14 169 106 143 95 30 147 103 70 19 100 10 157 61 154 99 71 93 55 59 171 133 144 156 60 54 6 22 9 42 29 108 11 31 101 139 117 173 132 152 149 126 89 116 85 87 3 15 141 72 27 2 151 148 140 88 62 23 121 170 167 150 68 36 84 92 21 64 79 
29 96 16 38 119 166 128 53 114 48 98 69 155 7 25 134 32 104 12 145 158 1 14 169 106 143 95 30 147 103 70 19 100 10 157 61 154 99 71 93 55 59 171 133 144 156 60 54 6 22 9 42 29 108 11 31 101 139 117 173 132 152 149 126 89 116 85 87 3 15 141 72 27 2 151 148 140 88 62 23 121 170 167 150 68 36 84 92 21 64 79 
30 96 16 38 119 166 128 53 114 48 98 69 155 7 25 134 32 104 12 145 158 1 14 169 106 143 95 147 30 103 70 19 100 10 157 61 154 99 71 93 55 59 171 133 144 156 60 54 6 22 9 42 29 108 11 31 101 139 117 173 132 152 149 126 89 116 85 87 3 15 141 72 27 2 151 148 140 88 62 23 121 170 167 150 68 36 84 92 21 64 79 
31 96 16 38 119 166 128 53 114 48 98 69 155 7 25 134 32 104 12 145 158 1 14 169 106 143 95 30 147 103 70 19 100 10 157 61 154 99 71 93 55 59 171 133 144 156 60 54 6 22 9 42 29 108 11 31 101 139 117 173 132 152 149 126 89 116 85 87 3 15 141 72 27 2 151 148 140 88 62 23 121 170 167 150 68 36 84 92 21 64 79 
32 96 16 38 119 166 128 53 114 48 98 69 155 7 25 134 104 32 12 145 158 1 14 169 106 143 95 30 147 103 70 19 100 10 157 61 154 99 71 93 55 59 171 133 144 156 60 54 6 22 9 42 29 108 11 31 101 139 117 173 132 152 149 126 89 116 85 87 3 15 141 72 27 2 151 148 140 88 62 23 121 170 167 150 68 36 84 92 21 64 79 
33 96 16 38 119 166 128 53 114 48 98 69 155 7 25 134 32 104 12 145 158 1 14 169 106 143 95 30 147 103 70 19 100 10 157 61 154 99 71 93 55 59 171 133 144 156 60 54 6 22 9 42 29 108 11 31 101 139 117 173 132 152 149 126 89 116 85 87 3 15 141 72 27 2 151 148 140 88 62 23 121 170 167 150 68 36 84 92 21 64 79 
34 96 16 38 119 166 128 53 114 48 98 69 155 7 25 134 32 104 12 145 158 1 14 169 106 143 95 30 147 103 70 19 100 10 157 61 154 99 71 93 55 59 171 133 144 156 60 54 6 22 9 42 29 108 11 31 101 139 117 173 132 152 149 126 89 116 85 87 3 15 141 72 27 2 151 148 140 88 62 23 121 170 167 150 68 36 84 92 21 64 79 
35 96 16 38 119 166 128 53 114 48 98 69 155 7 25 134 32 104 12 145 158 1 14 169 106 143 95 30 147 103 70 19 100 10 157 61 154 99 71 93 55 59 171 133 144 156 60 54 6 22 9 42 29 108 11 31 101 139 117 173 132 152 149 126 89 116 85 87 3 15 141 72 27 2 151 148 140 88 62 23 121 170 167 150 68 36 84 92 21 64 79 
36 96 16 38 119 166 128 53 114 48 98 69 155 7 25 134 32 104 12 145 158 1 14 169 106 143 95 30 147 103 70 19 100 10 157 61 154 99 71 93 55 59 171 133 144 156 60 54 6 22 9 42 29 108 11 31 101 139 117 173 132 152 149 126 89 116 85 87 3 15 141 72 2 151 148 140 88 62 23 121 170 167 150 68 36 84 92 21 64 79 
37 96 16 38 119 166 128 53 114 48 98 69 155 7 25 134 32 104 12 145 158 1 14 169 106 143 95 30 147 103 70 19 100 10 157 61 154 99 71 93 55 59 171 133 144 156 60 54 6 22 9 42 29 108 11 31 101 139 117 173 132 152 149 126 89 116 85 87 3 15 141 72 2 151 148 140 88 62 23 121 170 167 150 68 36 84 92 21 64 79 
38 96 16 119 38 166 128 53 114 48 98 69 155 7 134 32 104 12 145 158 1 14 169 106 143 95 30 147 103 70 19 100 10 157 61 154 99 71 93 55 59 171 133 144 156 60 54 6 22 9 42 29 108 11 31 101 139 117 173 132 152 149 126 89 116 85 87 3 15 141 72 27 2 151 148 140 88 62 23 121 170 167 150 68 36 84 92 21 64 79 
39 96 16 38 119 166 128 53 114 48 98 69 155 7 134 32 104 12 145 158 1 14 169 106 143 95 30 147 103 70 19 100 10 157 61 154 99 71 93 55 59 171 133 144 156 60 54 6 22 9 42 29 108 11 31 101 139 117 173 132 152 149 126 89 116 85 87 3 15 141 72 27 2 151 148 140 88 62 23 121 170 167 150 68 36 84 92 21 64 79 
40 96 16 41 119 166 128 53 114 48 98 69 155 7 134 32 104 12 145 40 158 1 14 169 106 143 95 30 147 103 70 19 100 10 157 61 154 99 71 93 55 59 171 133 144 156 60 54 6 22 9 42 29 108 11 31 101 139 117 173 132 152 149 126 89 116 85 87 3 15 141 72 27 2 151 148 140 88 62 23 121 170 167 150 68 36 84 92 21 64 79 
41 96 16 41 119 166 128 53 114 48 98 69 155 7 134 32 104 12 40 145 158 1 14 169 106 143 95 30 147 103 70 19 100 10 157 61 154 99 71 93 55 59 171 133 144 156 60 54 6 22 9 42 29 108 11 31 101 139 117 173 132 152 149 126 89 116 85 87 3 15 141 72 2 151 148 140 88 62 23 121 170 167 150 68 84 92 21 64 79 
42 96 16 41 119 166 128 53 114 48 98 69 155 7 134 32 104 12 40 145 158 1 14 169 106 143 95 30 147 103 70 19 100 10 157 61 154 99 71 93 55 59 171 133 144 156 60 54 6 22 9 42 29 108 11 31 101 139 117 173 132 152 149 126 89 116 85 87 3 15 141 72 2 151 148 140 88 62 23 121 170 167 150 68 84 92 21 64 79 
43 96 16 41 119 166 128 53 114 48 98 69 155 7 134 32 104 12 40 145 158 1 14 169 106 143 95 30 147 103 70 19 100 10 157 61 154 99 71 93 55 59 171 133 144 156 60 54 6 22 9 42 29 108 11 31 101 139 117 173 132 152 149 126 89 116 85 87 3 15 141 72 2 151 148 140 88 62 23 121 170 167 150 68 84 92 21 64 79 
44 96 16 41 119 166 128 53 114 48 98 69 155 7 134 32 104 12 40 145 158 1 14 169 106 143 95 30 147 103 70 19 100 10 157 61 154 99 71 93 55 59 171 133 144 156 60 54 6 22 9 42 29 108 11 31 101 139 117 173 132 152 149 126 89 116 85 3 15 141 72 2 151 148 140 44 88 62 23 121 170 167 150 68 84 92 21 64 79 
45 96 16 41 119 166 128 53 114 48 98 69 155 7 134 32 104 12 40 145 158 1 47 14 57 169 106 46 143 95 30 147 103 70 19 100 10 61 157 154 71 99 51 55 93 59 171 133 144 77 60 54 156 6 22 9 42 66 29 108 11 31 101 139 117 173 132 152 149 126 89 116 85 3 15 141 72 2 151 148 44 140 82 88 62 23 121 170 167 150 68 84 92 21 64 79 
46 96 16 41 119 166 128 53 114 48 98 69 155 7 134 32 104 12 40 145 158 1 47 14 57 169 106 143 95 46 30 147 103 70 19 100 10 61 157 154 71 99 51 55 93 59 171 133 144 77 60 54 156 6 22 9 42 66 29 108 11 31 101 139 117 173 132 152 149 126 89 116 85 3 15 141 72 2 151 148 44 140 82 62 23 121 170 167 150 68 84 92 21 64 79 
47 96 16 41 119 166 128 53 114 48 98 69 155 7 134 32 104 12 40 145 158 1 14 57 47 169 106 46 143 95 30 147 103 70 19 100 10 61 157 154 71 99 51 55 93 59 171 133 144 77 60 54 156 6 22 9 42 66 29 108 11 31 101 139 117 173 132 152 149 126 116 85 3 15 141 72 2 151 148 44 140 82 62 23 121 170 167 150 68 84 92 21 64 79 
48 96 16 41 119 166 128 53 114 98 48 69 155 7 134 32 104 12 40 145 158 1 47 14 57 169 106 46 143 95 30 147 103 70 19 100 10 61 157 154 71 99 51 55 93 59 171 133 144 77 60 54 156 6 22 9 42 66 29 108 11 31 101 139 117 173 132 152 149 126 116 85 3 15 141 72 2 151 148 44 140 82 62 23 121 170 167 150 68 84 92 21 64 79 
49 96 16 41 119 166 128 53 114 48 98 69 155 7 134 32 104 12 40 145 158 1 47 14 57 169 106 46 143 95 30 147 103 70 19 100 10 61 157 154 71 99 51 55 93 59 171 133 144 77 60 54 156 6 22 9 42 66 29 108 11 31 101 139 117 173 132 152 149 126 116 85 3 15 141 72 2 151 148 44 140 82 62 23 121 170 167 150 68 84 92 21 64 79 
50 96 16 41 119 166 128 53 114 48 98 69 155 7 134 32 104 12 40 145 158 1 47 14 57 169 106 46 143 95 30 147 103 70 19 100 10 61 157 154 71 99 51 55 93 59 171 133 144 77 60 54 156 6 22 9 42 66 29 108 11 31 101 139 117 173 132 152 149 126 116 85 3 15 141 72 2 151 148 44 140 82 62 23 121 170 167 150 68 84 92 21 64 79 
51 96 16 41 119 128 53 114 48 98 69 155 7 134 32 104 12 40 145 158 1 47 14 169 106 46 143 95 30 147 103 70 19 100 10 61 157 154 71 99 55 93 51 59 171 133 144 77 60 54 156 6 22 9 42 66 29 108 11 31 101 139 117 173 132 152 149 126 116 85 3 15 141 72 2 151 148 44 140 82 62 23 121 167 150 68 84 92 21 64 79 
52 96 16 41 119 128 53 114 48 98 69 155 7 134 32 104 12 40 145 158 1 47 57 14 169 106 46 143 95 30 147 103 70 19 100 10 61 157 154 71 99 51 55 93 59 171 133 144 77 54 60 156 6 22 9 42 66 29 108 11 31 101 139 117 173 132 152 149 126 116 85 3 15 141 72 2 151 148 44 140 82 62 23 121 167 150 68 84 92 21 64 79 
53 96 16 41 119 128 53 114 48 98 69 155 7 134 32 104 12 40 145 158 1 47 57 14 169 106 46 143 95 30 147 103 70 19 100 10 61 157 154 71 99 51 55 93 59 171 133 144 77 54 60 156 6 22 9 42 66 29 108 11 31 101 139 117 173 132 152 149 126 116 85 3 15 141 72 2 151 148 44 140 82 62 23 121 167 150 68 84 92 21 64 79 
54 96 16 41 119 128 53 114 48 98 69 155 7 134 32 104 12 40 145 158 1 47 57 14 169 106 46 143 95 30 147 103 70 19 100 10 61 157 154 71 99 51 55 93 59 171 133 144 77 60 156 54 6 22 9 42 66 29 108 11 31 101 139 117 173 132 152 149 126 116 85 3 15 141 72 2 151 148 44 140 82 62 23 121 167 150 68 84 92 21 64 79 
55 96 16 41 119 128 53 114 48 98 69 155 7 134 32 104 12 40 145 158 1 47 57 14 169 106 46 143 95 30 147 103 70 19 100 10 61 157 154 71 99 51 93 55 59 171 133 144 77 54 60 156 6 22 9 42 66 29 108 11 31 101 139 117 173 132 152 149 126 116 85 3 15 141 72 2 151 148 44 140 82 62 23 121 167 150 68 84 92 21 64 79 
56 96 16 41 119 128 53 114 48 98 69 155 7 134 32 104 12 40 145 158 1 47 57 14 169 106 46 143 95 30 147 103 70 19 100 10 61 157 154 71 99 51 55 93 59 171 133 144 77 54 60 156 6 22 9 42 66 29 108 11 31 101 139 117 173 132 152 149 126 116 85 3 15 141 72 2 151 148 44 140 82 62 23 121 167 150 68 84 92 21 64 79 
57 96 16 41 119 128 53 114 48 98 69 155 7 134 32 104 12 40 145 158 1 47 14 57 169 106 46 143 95 30 147 103 70 19 100 10 61 157 154 71 99 55 93 59 171 133 144 77 54 60 156 6 22 9 42 66 29 108 11 31 101 139 117 173 132 152 149 126 116 85 3 15 141 72 2 151 148 44 140 82 62 23 121 167 150 68 84 92 21 64 79 
58 96 16 41 119 128 53 114 48 98 69 155 7 134 32 104 12 40 145 158 1 47 57 14 169 106 46 143 95 30 147 103 70 19 100 10 61 157 154 71 99 55 93 59 171 133 144 77 54 60 156 6 22 9 42 66 29 108 11 31 101 139 117 173 132 152 149 126 116 85 3 15 141 72 2 151 148 44 140 82 62 23 121 167 150 68 84 92 21 64 79 
59 96 16 41 119 128 53 114 48 98 69 155 7 134 32 104 12 40 145 158 1 47 57 14 169 106 46 143 95 30 147 103 70 19 100 10 61 157 154 71 99 51 55 93 59 171 133 144 77 54 60 156 6 22 9 42 66 29 108 11 31 101 139 117 173 132 152 149 126 116 85 3 15 141 72 2 151 148 44 140 82 62 23 121 167 150 68 84 92 21 64 79 
60 96 16 41 119 128 53 114 48 98 69 155 7 134 32 104 12 40 145 158 1 47 57 14 169 106 46 143 95 30 147 103 70 19 100 10 61 157 154 71 99 51 55 93 59 171 133 144 77 54 156 60 6 22 9 42 66 29 108 11 31 101 139 117 173 132 152 149 126 116 85 3 15 141 72 2 151 148 44 140 82 62 23 121 167 150 68 84 92 21 64 79 
61 96 16 41 119 128 53 114 48 98 69 155 7 134 32 104 12 40 145 158 1 47 57 14 169 106 46 143 95 30 147 103 70 19 100 10 157 61 154 71 99 51 55 93 59 171 133 144 77 60 54 156 6 22 9 42 66 29 108 11 31 101 139 117 173 132 152 149 126 116 85 3 15 141 72 2 151 148 44 140 82 62 23 121 167 150 68 84 92 21 64 79 
62 96 16 41 119 128 53 114 48 98 69 155 7 134 32 104 12 40 145 158 1 47 57 14 169 106 46 143 95 30 147 103 70 19 100 10 61 157 154 71 99 51 55 93 59 171 133 144 77 60 54 156 6 22 9 42 66 29 108 11 31 101 139 117 173 132 152 149 126 116 85 3 15 141 72 2 151 148 44 140 82 62 23 121 167 150 68 84 92 21 64 79 
63 96 16 41 119 128 53 114 48 98 69 155 7 134 32 104 12 40 145 158 1 47 57 14 169 106 46 143 95 30 147 103 70 19 100 10 61 157 154 71 99 51 55 93 59 171 133 144 77 60 54 156 6 22 9 42 66 29 108 11 31 101 139 117 173 132 152 149 126 116 85 3 15 141 72 2 151 148 44 140 82 62 23 121 167 150 68 84 92 21 64 79 
64 96 16 41 119 128 53 114 48 98 69 7 134 32 104 12 40 145 158 1 47 57 14 169 106 46 143 95 30 147 103 70 19 10 61 157 154 71 99 51 55 93 59 171 133 144 77 60 54 156 6 22 9 42 66 29 108 11 31 101 139 117 173 132 152 149 126 116 85 3 15 141 72 2 151 148 44 140 82 62 23 121 167 150 68 84 21 64 
65 96 16 41 119 128 53 114 48 98 69 7 134 32 104 12 40 145 158 1 47 57 14 169 106 46 143 95 30 147 103 70 19 10 61 157 71 154 99 51 55 93 59 171 133 144 77 60 54 156 6 22 9 42 66 29 108 11 31 101 139 117 173 132 152 149 126 116 85 3 15 141 72 2 151 148 44 140 82 62 23 121 167 150 68 84 21 64 79 
66 96 16 41 119 128 53 114 48 98 69 7 134 32 104 12 40 145 158 1 47 57 14 169 106 46 143 95 30 147 103 70 19 10 61 157 71 154 99 51 55 93 59 133 144 60 54 156 6 22 9 42 29 66 108 11 31 101 139 117 173 132 152 149 126 116 85 3 15 141 72 2 151 148 44 140 82 62 23 121 150 68 84 21 64 79 
67 96 16 41 119 128 53 114 48 98 69 7 134 32 104 12 40 145 158 1 47 57 14 169 106 46 143 95 30 147 103 70 19 10 61 157 71 154 99 51 55 93 59 133 144 77 60 54 156 6 22 9 42 66 29 108 11 31 101 139 117 173 132 152 149 126 116 85 3 15 141 72 2 151 148 44 140 82 62 23 121 150 68 84 21 64 79 
68 96 16 41 119 128 53 114 48 98 69 7 134 32 104 12 40 145 158 1 47 57 14 169 106 46 143 95 30 147 103 70 19 10 61 157 71 154 99 51 55 93 59 133 144 77 60 54 156 6 22 9 42 66 29 108 11 31 101 139 117 173 132 152 149 126 116 85 3 15 141 72 2 151 148 44 140 82 62 23 121 150 68 84 21 64 79 
69 96 16 41 119 128 53 114 48 98 69 7 134 32 104 12 40 145 158 1 47 57 14 169 106 46 143 95 30 147 103 70 19 10 61 157 71 154 99 51 55 93 59 133 144 77 60 54 156 6 22 9 42 66 29 108 11 31 101 139 117 173 132 152 149 126 116 85 3 15 141 72 2 151 148 44 140 82 62 23 121 150 68 84 21 64 79 
70 96 16 41 119 128 53 114 48 98 69 7 134 32 104 12 40 145 158 1 47 57 14 169 106 46 143 95 30 147 103 70 19 10 61 157 71 154 99 51 55 93 59 133 144 77 60 54 156 6 22 9 42 66 29 108 11 31 101 139 117 173 132 152 149 126 116 85 3 15 141 72 2 151 148 44 140 82 62 23 121 150 68 84 21 64 79 
71 96 16 41 119 128 53 114 48 98 69 7 134 32 104 12 40 145 158 1 47 57 14 169 106 46 143 95 30 147 103 70 19 10 61 157 154 99 71 51 55 93 59 133 144 77 60 54 156 6 22 9 42 66 29 108 11 31 101 139 117 173 132 152 149 126 116 85 3 15 141 72 2 151 148 44 140 82 62 23 121 150 68 84 21 64 79 
72 96 16 41 119 128 53 114 48 98 69 7 134 32 104 12 40 145 158 1 47 57 14 169 106 46 143 95 30 147 103 70 19 10 61 157 71 154 99 51 55 93 59 133 144 77 60 54 156 6 22 9 42 66 29 108 11 31 101 139 117 173 132 152 149 126 116 85 3 15 141 72 2 151 148 44 140 82 62 23 121 150 68 84 21 64 79 
73 96 16 41 119 128 53 114 48 98 69 7 134 32 104 12 40 145 158 1 47 57 14 169 106 46 143 95 30 147 103 70 19 10 61 157 71 154 99 51 55 93 59 133 144 77 60 54 156 6 22 9 42 66 29 108 11 31 101 139 117 173 132 152 149 126 116 85 3 15 141 72 2 151 148 44 140 82 62 23 121 150 68 84 21 64 79 
74 96 16 41 119 128 53 114 48 98 69 7 134 32 104 12 40 145 158 1 47 57 14 169 106 46 143 95 30 147 103 70 19 10 61 157 71 154 99 51 55 93 59 133 144 77 60 54 156 6 22 9 42 66 29 108 11 31 101 139 117 173 132 152 149 126 116 85 3 15 141 72 2 151 148 44 140 82 62 23 121 150 68 84 21 64 79 
75 96 16 41 119 128 53 114 48 98 69 7 134 32 104 12 40 145 158 1 47 57 14 169 106 46 143 95 30 147 103 70 19 10 61 157 71 154 99 51 55 93 59 133 144 77 60 54 156 6 22 9 42 66 29 108 11 31 101 139 117 173 132 152 149 126 116 85 3 15 141 72 2 151 148 44 140 82 62 23 121 150 68 84 21 64 79 
76 96 16 41 119 128 53 114 48 98 69 7 134 32 104 12 40 145 158 1 47 57 14 169 106 46 143 95 30 147 103 70 19 10 61 157 71 154 99 51 55 93 59 133 144 77 60 54 156 6 22 9 42 66 29 108 11 31 101 139 117 173 132 152 149 126 116 85 3 15 141 72 2 151 148 44 140 82 62 23 121 150 68 84 21 64 79 
77 96 16 41 119 128 53 114 48 98 69 7 134 32 104 12 40 145 158 1 47 57 14 169 106 46 143 95 30 147 103 70 19 10 61 157 71 154 99 51 55 93 59 133 144 77 60 54 156 6 22 9 42 29 108 11 31 101 139 117 173 132 152 149 126 116 85 3 15 141 72 2 151 148 44 140 82 62 23 121 150 68 84 21 64 79 
78 96 16 41 119 128 53 114 48 98 69 7 134 32 104 12 40 145 158 1 47 57 14 169 106 46 143 95 30 147 103 70 19 10 61 157 71 154 99 51 55 93 59 133 144 77 60 54 156 6 22 9 42 29 108 11 31 101 139 117 173 132 152 149 126 116 85 3 15 141 72 2 151 148 44 140 82 62 23 121 150 68 84 21 64 79 
79 96 16 41 119 128 53 114 48 98 69 7 134 32 104 12 40 145 158 1 47 57 14 169 106 46 143 95 30 147 103 70 19 10 61 157 71 154 99 51 55 93 59 133 144 77 60 54 156 6 22 9 42 66 29 108 11 31 101 139 117 173 132 152 149 126 116 85 3 15 141 72 2 151 148 44 140 82 62 23 121 150 68 84 21 79 
80 96 16 41 119 128 53 114 48 98 69 7 134 32 104 12 40 145 158 1 47 57 14 169 106 46 143 95 30 147 103 70 19 10 61 157 71 154 99 51 55 93 59 133 144 77 60 54 156 6 22 9 42 66 29 108 11 31 101 139 117 173 132 152 149 126 116 85 3 15 141 72 2 151 148 44 140 82 62 23 121 150 68 84 21 79 
81 96 16 41 119 128 53 114 48 98 69 7 134 32 104 12 40 145 158 1 47 57 14 169 106 46 143 95 30 147 103 70 19 10 61 157 71 154 99 51 55 93 59 171 133 144 77 60 54 156 6 22 9 42 66 29 108 11 31 101 139 117 173 132 152 149 126 116 85 3 15 141 72 2 151 148 44 140 82 62 23 121 167 150 68 84 21 64 79 
82 96 16 41 119 128 53 114 48 98 69 7 134 32 104 12 40 145 158 1 47 57 14 169 106 46 143 95 30 147 103 70 19 10 61 157 71 154 99 51 55 93 59 171 133 144 77 60 54 156 6 22 9 42 66 29 108 11 31 101 139 117 173 132 152 149 126 116 85 3 15 141 72 2 151 148 140 82 62 23 121 167 150 68 84 21 64 79 
83 96 16 41 119 128 53 114 48 98 69 7 134 32 104 12 40 145 158 1 47 57 14 169 106 46 143 95 30 147 103 70 19 10 61 157 71 154 99 51 55 93 59 171 133 144 77 60 54 156 6 22 9 42 66 29 108 11 31 101 139 117 173 132 152 149 126 116 85 3 15 141 72 2 151 148 140 82 62 23 121 167 150 68 84 21 64 79 
84 96 16 41 119 166 128 53 114 48 98 69 155 7 134 32 104 12 40 145 158 1 47 14 57 169 106 46 143 95 30 147 103 70 19 100 10 61 157 154 71 99 51 55 93 59 171 133 144 77 60 54 156 6 22 9 42 66 29 108 11 31 101 139 117 173 132 152 149 126 89 116 85 3 15 141 72 2 151 148 44 140 82 88 62 23 121 170 167 150 68 84 92 21 64 79 
85 96 16 41 119 166 128 53 114 48 98 69 155 7 134 32 104 12 40 145 158 1 47 14 57 169 106 46 143 95 30 147 103 70 19 100 10 61 157 154 71 99 51 55 93 59 171 133 144 77 60 54 156 6 22 9 42 66 29 108 11 31 101 139 117 173 132 152 149 126 89 116 85 3 15 141 72 2 151 148 44 140 82 88 62 23 121 170 167 150 68 84 92 21 64 79 
86 96 16 41 119 166 128 53 114 48 98 69 155 7 134 32 104 12 40 145 158 1 47 14 57 169 106 46 143 95 30 147 103 70 19 100 10 61 157 154 71 99 51 55 93 59 171 133 144 77 60 54 156 6 22 9 42 66 29 108 11 31 101 139 117 173 132 152 149 126 89 116 85 3 15 141 72 2 151 148 44 140 82 88 62 23 121 170 167 150 68 84 92 21 64 79 
87 96 16 41 119 166 128 53 114 48 98 69 155 7 134 32 104 12 40 145 158 1 47 14 57 169 106 46 143 95 30 147 103 70 19 100 10 61 157 154 71 99 51 55 93 59 171 133 144 77 60 54 156 6 22 9 42 66 29 108 11 31 101 139 117 173 132 152 149 126 89 116 85 87 3 15 141 72 2 151 148 140 88 62 23 121 170 167 150 68 84 92 21 64 79 
88 96 16 41 119 166 128 53 114 48 98 69 155 7 134 32 104 12 40 145 158 1 47 14 57 169 106 143 95 30 147 103 70 19 100 10 61 157 154 71 99 51 55 93 59 171 133 144 77 60 54 156 6 22 9 42 66 29 108 11 31 101 139 117 173 132 152 149 126 89 116 85 87 3 15 141 72 2 151 148 140 88 62 23 121 170 167 150 68 84 92 21 64 79 
89 96 16 41 119 166 128 53 114 48 98 69 155 7 134 32 104 12 40 145 158 1 14 57 169 106 143 95 30 147 103 70 19 100 10 61 157 154 71 99 51 55 93 59 171 133 144 77 60 54 156 6 22 9 42 66 29 108 11 31 101 139 117 173 132 152 149 126 116 89 85 87 3 15 141 72 2 151 148 140 88 62 23 121 170 167 150 68 84 92 21 64 79 
90 96 16 41 119 90 128 53 114 48 98 69 155 7 134 32 104 12 40 145 158 1 14 169 106 143 95 30 147 103 70 19 100 10 61 157 154 71 99 55 93 59 171 133 144 77 60 54 156 6 22 9 42 66 29 108 11 31 101 139 117 173 132 152 149 126 89 116 85 87 3 15 141 72 2 151 148 140 88 62 23 121 167 150 68 84 92 21 64 79 
91 96 16 41 119 90 128 53 114 48 98 69 155 7 134 104 32 12 164 40 145 158 1 14 169 106 143 95 147 30 103 70 19 100 10 157 61 154 99 71 93 55 59 133 171 144 77 156 60 54 6 22 9 42 66 29 108 11 31 101 139 117 173 132 152 149 126 89 116 85 87 3 141 15 72 2 151 148 140 88 62 23 121 150 167 68 84 92 21 64 79 
92 96 16 41 119 90 128 53 114 48 98 69 7 134 104 32 12 164 40 145 158 1 14 169 106 143 95 147 30 103 70 19 10 157 61 154 99 71 93 55 59 133 171 144 77 156 60 54 6 22 9 42 66 29 108 11 31 101 139 117 173 132 152 149 126 89 116 85 87 3 141 15 72 2 151 148 140 88 62 23 121 150 167 68 84 92 21 
93 96 16 41 119 90 128 53 114 48 98 69 7 134 104 32 12 164 40 145 158 1 14 169 106 143 95 147 30 103 70 19 10 157 61 154 99 71 55 93 59 133 171 144 77 156 60 54 6 22 9 42 66 29 108 11 31 101 139 117 173 132 152 149 89 116 85 87 3 141 15 72 2 151 148 140 88 62 23 121 150 167 68 84 92 21 
94 96 16 41 119 90 128 53 114 98 48 69 7 134 104 32 12 164 40 145 158 1 14 169 106 95 143 147 30 103 70 19 100 10 109 157 61 99 154 71 93 55 105 59 133 171 144 77 156 60 54 6 22 9 42 66 29 108 11 31 101 117 139 173 132 118 152 149 126 89 116 85 87 3 141 15 72 2 151 148 140 88 62 23 122 121 150 167 68 84 92 21 
95 96 16 41 119 90 128 53 114 98 48 69 7 134 104 32 12 164 40 145 158 1 14 169 106 143 95 147 30 103 70 19 100 10 109 157 61 99 154 71 93 55 105 59 133 171 144 77 156 60 54 6 22 9 42 66 29 108 11 31 101 117 139 173 132 118 152 149 126 89 116 85 87 3 141 15 72 2 151 148 140 88 62 23 122 121 150 167 68 84 92 21 
96 96 16 41 119 90 128 53 114 98 48 69 7 134 104 32 12 164 40 145 158 1 14 169 106 95 143 147 30 103 70 19 100 10 109 157 61 99 154 71 93 55 105 59 133 171 144 77 156 60 54 6 22 9 42 66 29 108 11 31 101 117 139 173 132 118 152 149 126 89 116 85 87 3 141 15 72 2 151 148 140 88 62 23 122 121 150 167 68 84 92 21 
97 96 16 41 119 90 128 53 114 98 48 69 7 134 104 32 12 164 40 145 158 1 14 169 106 95 143 147 30 103 70 19 100 10 109 157 61 99 154 71 93 55 105 59 133 171 144 77 156 60 54 6 22 9 42 66 29 108 11 31 101 117 139 173 132 118 152 149 126 89 116 85 87 3 141 15 72 2 151 148 140 88 62 23 122 121 150 167 68 84 92 21 
98 96 16 41 119 90 128 53 114 48 98 69 7 134 104 32 12 164 40 145 158 1 14 169 106 95 143 147 30 103 70 19 100 10 109 157 61 99 154 71 93 55 105 59 133 171 144 77 156 60 54 6 22 9 42 66 29 108 11 31 101 117 139 173 132 118 152 149 126 89 116 85 87 3 141 15 72 2 151 148 140 88 62 23 122 121 150 167 68 84 92 21 
99 96 16 41 119 90 128 53 114 98 48 69 7 134 104 32 12 164 40 145 158 1 14 169 106 95 143 147 30 103 70 19 100 10 109 157 61 154 71 99 93 55 105 59 133 171 144 77 156 60 54 6 22 9 42 66 29 108 11 31 101 117 139 173 132 118 152 149 126 89 116 85 87 3 141 15 72 2 151 148 140 88 62 23 122 121 150 167 68 84 92 21 
100 96 16 41 119 90 128 53 114 98 48 69 7 134 104 32 12 164 40 145 158 1 14 169 106 95 143 147 30 103 70 19 100 10 109 157 61 99 154 71 93 55 105 59 133 171 144 77 156 60 54 6 22 9 42 66 29 108 11 31 101 117 139 173 132 118 152 149 126 89 116 85 87 3 141 15 72 2 151 148 140 88 62 23 122 121 150 167 68 84 21 
101 96 16 41 119 90 128 53 114 98 48 69 7 134 104 32 12 164 40 145 158 1 14 169 106 95 143 147 30 103 70 19 100 10 109 157 61 99 154 71 93 55 105 59 133 171 144 77 156 60 54 6 22 9 42 66 29 108 11 31 101 117 139 173 132 118 152 149 126 89 116 85 87 3 141 15 72 2 151 148 140 88 62 23 122 121 150 167 68 84 21 
102 96 16 41 119 90 128 53 114 98 48 69 7 134 104 32 12 164 40 145 158 1 14 169 106 95 143 147 30 103 70 19 100 10 109 157 61 99 154 71 93 55 105 59 133 171 144 77 156 60 54 6 22 9 42 66 29 108 11 31 101 117 139 173 132 118 152 149 126 89 116 85 87 3 141 15 72 2 151 148 140 88 62 23 122 121 150 167 68 84 21 
103 96 16 41 119 90 128 53 114 98 48 69 7 134 104 32 12 164 40 145 158 1 14 169 106 95 143 147 30 103 70 19 100 10 109 157 61 99 154 71 93 55 105 59 133 171 144 77 156 60 54 6 22 9 42 66 29 108 11 31 101 117 139 173 132 118 152 149 126 89 116 85 87 3 141 15 72 2 151 148 140 88 62 23 122 121 150 167 68 84 21 
104 96 16 41 119 90 128 53 114 98 48 69 7 134 32 104 12 164 40 145 158 1 14 169 106 95 143 147 30 103 70 19 100 10 109 157 61 99 154 71 93 55 105 59 133 171 144 77 156 60 54 6 22 9 42 66 29 108 11 31 101 117 139 173 132 118 152 149 126 89 116 85 87 3 141 15 72 2 151 148 140 88 62 23 122 121 150 167 68 84 21 
105 96 16 41 119 90 128 53 114 98 48 69 7 134 104 32 12 164 40 145 158 1 14 169 106 95 143 147 30 103 70 19 100 10 109 157 61 99 154 71 93 55 59 105 133 171 144 77 60 54 6 22 9 42 66 29 108 11 31 101 117 173 132 152 149 126 89 116 85 87 3 141 15 72 2 151 148 140 88 62 23 122 121 150 167 68 84 21 
106 96 16 41 119 90 128 53 114 98 48 69 7 134 104 32 12 164 40 145 158 1 14 169 106 95 143 147 30 103 70 19 100 10 109 157 61 99 154 71 93 55 105 59 133 171 144 77 60 54 6 22 9 42 66 29 108 11 31 101 117 173 132 152 149 126 89 116 85 87 3 141 15 72 2 151 148 140 88 62 23 122 121 150 167 68 84 21 
107 96 16 41 119 90 128 53 114 98 48 69 7 134 104 32 12 164 40 145 158 1 14 169 106 95 143 147 30 103 70 19 100 10 109 157 61 99 154 71 93 55 105 59 133 171 144 77 60 54 6 22 9 42 66 29 108 11 31 101 117 173 132 152 149 126 89 116 85 87 3 141 15 72 2 151 148 140 88 62 23 122 121 150 167 68 84 21 
108 96 16 41 119 90 128 53 114 98 48 69 7 134 104 32 12 164 40 145 158 1 14 169 106 95 143 147 30 103 70 19 100 10 109 157 61 99 154 71 93 55 105 59 133 171 144 77 60 54 6 22 9 42 66 29 108 11 31 101 117 173 132 152 149 126 89 116 85 87 3 141 15 72 2 151 148 140 88 62 23 122 121 150 167 68 84 21 
109 96 16 41 119 90 128 53 114 98 48 69 7 134 104 32 12 164 40 145 158 1 14 169 106 95 143 147 30 103 70 19 100 10 109 157 61 99 154 71 93 55 105 59 133 171 144 77 60 54 6 22 9 42 66 29 108 11 31 101 117 173 132 152 149 126 89 116 85 87 3 141 15 72 2 151 148 88 62 23 121 150 167 68 84 21 
110 96 16 41 119 90 128 53 114 98 48 69 7 134 104 32 12 164 40 145 158 1 14 169 106 95 143 147 30 103 70 19 100 10 109 157 61 99 154 71 93 55 105 59 133 171 144 77 60 54 6 22 9 42 66 29 108 11 31 101 117 173 132 152 149 126 89 116 85 87 3 141 15 72 2 151 148 88 62 23 121 150 167 68 84 21 
111 96 16 41 119 90 128 53 114 98 48 69 7 134 104 32 12 164 40 145 158 1 14 169 106 95 143 147 30 103 70 19 100 10 109 157 61 99 154 71 93 55 105 59 133 171 144 77 60 54 6 22 9 42 66 29 108 11 31 101 117 173 132 152 149 126 89 116 85 87 3 141 15 72 2 151 148 88 62 23 121 150 167 68 84 21 
112 96 16 41 119 90 128 53 114 98 48 69 7 134 104 32 12 164 40 145 158 1 14 169 106 95 143 147 30 103 70 19 100 10 109 157 61 99 154 71 93 55 105 59 133 171 144 77 156 60 54 6 22 9 42 66 29 108 11 31 101 117 139 173 132 118 152 149 126 89 116 85 87 3 141 15 72 2 151 148 140 88 62 23 122 121 150 167 68 84 21 
113 96 16 41 119 90 128 53 114 98 48 69 7 134 104 32 12 164 40 145 158 1 14 169 106 95 143 147 30 103 70 19 100 10 109 157 61 99 154 71 93 55 105 59 133 171 144 77 156 60 54 6 22 9 42 66 29 108 11 31 101 117 139 173 132 118 152 149 126 89 116 85 87 3 141 15 72 2 151 148 140 88 62 23 122 121 150 167 68 84 21 
114 96 16 41 119 90 128 53 114 98 48 69 7 134 104 32 12 164 40 145 158 1 14 169 106 95 143 147 30 103 70 19 100 10 109 157 61 99 154 71 93 55 105 59 133 171 144 77 156 60 54 6 22 9 42 66 29 108 11 31 101 117 139 173 132 118 152 149 126 89 116 85 87 3 141 15 72 2 151 148 140 88 62 23 122 121 150 167 68 84 92 21 
115 96 16 41 119 90 128 53 114 98 48 69 7 134 104 32 12 164 40 145 158 1 14 169 106 95 143 147 30 103 70 19 100 10 109 157 61 99 154 71 93 55 105 59 133 171 144 77 156 60 54 6 22 9 42 66 29 108 11 31 101 117 139 173 132 118 152 149 126 89 116 85 87 3 141 15 72 2 151 148 140 88 62 23 122 121 150 167 68 84 92 21 
116 96 16 41 119 90 128 53 114 98 48 69 7 134 104 32 12 164 40 145 158 1 14 169 106 95 143 147 30 103 70 19 100 10 109 157 61 99 154 71 93 55 105 59 133 171 144 77 156 60 54 6 22 9 42 66 29 108 11 31 101 117 139 173 132 118 152 149 126 89 116 85 87 3 141 15 72 2 151 148 140 88 62 23 122 121 150 167 68 84 92 21 
117 96 16 41 119 90 128 53 114 98 48 69 7 134 104 32 12 164 40 145 158 1 14 169 106 95 143 147 30 103 70 19 100 10 109 157 61 99 154 71 93 55 105 59 133 171 144 77 156 60 54 6 22 9 42 66 29 108 11 31 101 139 117 173 132 118 152 149 126 89 116 85 87 3 141 15 72 2 151 148 140 88 62 23 122 121 150 167 68 84 92 21 
118 96 16 41 119 90 128 53 114 98 48 69 7 134 104 32 12 164 40 145 158 1 14 169 106 95 143 147 30 103 70 19 100 10 109 157 61 99 154 71 93 55 59 133 171 144 77 60 54 6 22 9 42 66 29 108 11 31 101 117 173 132 118 152 149 126 89 116 85 87 3 141 15 72 2 151 148 140 88 62 23 122 121 150 167 68 84 92 21 
119 96 16 41 119 90 128 53 114 98 48 69 7 134 104 32 12 164 40 145 158 1 14 169 106 95 143 147 30 103 70 19 100 10 109 157 61 99 154 71 93 55 59 133 171 144 77 60 54 6 22 9 42 66 29 108 11 31 101 117 173 132 118 152 149 126 89 116 85 87 3 141 15 72 2 151 148 140 88 62 23 122 121 150 167 68 84 92 21 
120 96 16 41 119 90 128 53 114 98 48 69 7 134 104 32 12 164 40 145 158 1 14 169 106 95 143 147 30 103 70 19 100 10 109 157 61 99 154 71 93 55 59 133 171 144 77 60 54 6 22 9 42 66 29 108 11 31 101 117 173 132 118 152 149 126 89 116 85 87 3 141 15 72 2 151 148 140 88 62 23 122 121 150 167 68 84 92 21 
121 96 16 41 119 90 128 53 114 98 48 69 7 134 104 32 12 164 40 145 158 1 14 169 106 95 143 147 30 103 70 19 100 10 109 157 61 99 154 71 93 55 59 133 171 144 77 60 54 6 22 9 42 66 29 108 11 31 101 117 173 132 118 152 149 126 89 116 85 87 3 141 15 72 2 151 148 140 88 62 23 122 121 150 167 68 84 92 21 
122 96 16 41 119 90 128 53 114 98 48 69 7 134 104 32 12 164 40 145 158 1 14 169 106 95 143 147 30 103 70 19 100 10 157 61 99 154 71 93 55 59 133 171 144 77 60 54 6 22 9 42 66 29 108 11 31 101 117 173 132 118 152 149 126 89 116 85 87 3 141 15 72 2 151 148 88 62 23 122 121 150 167 68 84 92 21 
123 96 16 41 119 90 128 53 114 98 48 69 7 134 104 32 12 164 40 145 158 1 14 169 106 95 143 147 30 103 70 19 100 10 157 61 99 154 71 93 55 59 133 171 144 77 60 54 6 22 9 42 66 29 108 11 31 101 117 173 132 118 152 149 126 89 116 85 87 3 141 15 72 2 151 148 88 62 23 122 121 150 167 68 84 92 21 
124 96 16 41 119 90 128 53 114 98 48 69 7 134 104 32 12 164 40 145 158 1 14 169 106 95 143 147 30 103 70 19 100 10 157 61 99 154 71 93 55 59 133 171 144 77 60 54 6 22 9 42 66 29 108 11 31 101 117 173 132 118 152 149 126 89 116 85 87 3 141 15 72 2 151 148 88 62 23 122 121 150 167 68 84 92 21 
125 96 16 41 119 90 128 53 114 98 48 69 7 134 104 32 12 164 40 145 158 1 14 169 106 95 143 147 30 103 70 19 100 10 109 157 61 99 154 71 93 55 105 59 133 171 144 77 156 60 54 6 22 9 42 66 29 108 11 31 101 117 139 173 132 118 152 149 126 89 116 85 87 3 141 15 72 2 151 148 140 88 62 23 122 121 150 167 68 84 92 21 
126 96 16 41 119 90 128 53 114 98 48 69 7 134 104 32 12 164 40 145 158 1 14 169 106 95 143 147 30 103 70 19 100 10 109 157 61 99 154 71 55 105 59 133 171 144 77 156 60 54 6 22 9 42 66 29 108 11 31 101 117 139 173 132 118 152 149 126 89 116 85 87 3 141 15 72 2 151 148 140 88 62 23 122 121 150 167 68 84 92 21 
127 96 16 41 119 90 128 53 114 98 48 69 7 134 104 32 12 164 40 145 158 1 14 169 106 95 143 147 30 103 70 19 100 10 109 157 61 99 154 71 55 105 59 133 171 144 77 156 60 54 6 22 9 42 66 29 108 11 31 101 117 139 173 132 118 152 149 126 89 116 85 87 3 141 15 72 2 151 148 140 88 62 23 122 121 150 167 68 84 92 21 
128 96 16 41 119 90 128 53 114 98 48 69 7 134 104 32 12 164 40 145 158 1 14 169 106 95 143 147 30 103 70 19 100 10 109 157 61 99 154 71 93 55 105 59 133 171 144 77 156 60 54 6 22 9 42 66 29 108 11 31 101 117 139 173 132 118 152 149 126 89 116 85 87 3 141 15 72 2 151 148 140 88 62 23 122 121 150 167 68 84 92 21 
129 96 16 41 119 90 128 53 114 98 48 69 7 134 104 32 12 164 40 145 158 1 14 169 106 95 143 147 30 103 70 19 100 10 109 157 61 99 154 71 93 55 105 59 133 171 144 77 156 60 54 6 22 9 42 66 29 108 11 31 101 117 139 173 132 118 152 149 126 89 116 85 87 3 141 15 72 2 151 148 140 88 62 23 122 121 150 167 68 84 92 21 
130 96 16 41 119 90 128 53 114 98 48 69 7 134 104 32 12 164 40 145 158 1 14 169 106 95 143 147 30 130 103 70 19 100 10 109 157 61 99 154 71 93 55 59 133 171 144 77 60 54 6 22 9 42 66 29 108 11 31 101 117 173 132 152 149 126 89 116 85 87 3 141 15 72 2 151 148 140 88 62 23 122 121 150 167 68 84 92 21 
131 96 16 41 119 90 137 128 53 114 98 48 69 7 134 104 32 12 164 40 145 158 1 14 169 106 95 143 130 147 30 103 70 19 100 10 109 157 61 99 154 71 93 55 59 133 171 144 77 60 54 6 22 9 42 66 29 108 11 31 101 117 173 132 152 149 126 89 116 85 87 3 141 15 72 2 151 148 140 88 62 23 122 121 150 167 68 84 92 21 
132 96 16 41 119 90 137 128 53 114 98 48 69 7 134 104 32 12 164 40 145 158 1 14 169 106 95 143 130 147 30 103 70 19 100 10 109 157 61 99 154 71 93 55 59 133 171 144 77 60 54 6 22 9 42 66 29 108 11 31 101 117 173 132 152 149 126 89 116 85 87 3 141 15 72 2 151 148 140 88 62 23 122 121 150 167 68 84 92 21 
133 96 16 41 119 90 137 128 53 114 98 48 69 7 134 104 32 12 164 40 145 158 1 14 169 106 95 143 130 147 30 103 70 19 100 10 109 157 61 99 154 71 93 55 59 171 133 144 77 60 54 6 22 9 42 66 29 108 11 31 101 117 173 132 152 149 126 89 116 85 87 3 141 15 72 2 151 148 140 88 62 23 122 121 150 167 68 84 92 21 
134 96 16 41 119 90 137 128 53 114 98 48 69 7 134 104 32 12 164 40 145 158 1 14 169 106 95 143 130 147 30 103 70 19 100 10 109 157 61 99 154 71 93 55 59 133 171 144 77 60 54 6 22 9 42 66 29 108 11 31 101 117 173 132 152 149 126 89 116 85 87 3 141 15 72 2 151 148 140 88 62 23 122 121 150 167 68 84 92 21 
135 96 16 41 119 90 137 128 53 114 98 48 69 7 134 104 32 12 164 40 145 158 1 14 169 106 95 143 130 147 30 103 70 19 100 10 109 157 61 99 154 71 93 55 59 133 171 144 77 60 54 6 22 9 42 66 29 108 11 31 101 117 173 132 152 149 126 89 116 85 87 3 141 15 72 2 151 148 140 88 62 23 122 121 150 167 68 84 92 21 
136 96 16 41 119 90 137 128 53 114 98 48 69 7 134 104 32 12 164 40 145 158 1 14 169 106 95 143 130 147 30 103 70 19 100 10 109 157 61 99 154 71 93 55 59 133 171 144 77 60 54 6 22 9 42 66 29 108 11 31 101 117 173 132 152 149 126 89 116 85 87 3 141 15 72 2 151 148 140 88 62 23 122 121 150 167 68 84 92 21 
137 96 16 41 119 90 137 128 53 114 98 48 69 7 134 104 32 12 164 40 145 158 1 14 169 106 95 143 147 30 103 70 19 100 10 109 157 61 99 154 71 93 55 59 133 171 144 77 60 54 6 22 9 42 66 29 108 11 31 101 117 173 132 152 149 126 89 116 85 87 3 141 15 72 2 151 148 140 88 62 23 122 121 150 167 68 84 92 21 
138 96 16 41 119 90 137 128 53 114 98 48 69 7 134 104 32 12 164 40 145 158 1 14 169 106 95 143 147 30 103 70 19 100 10 109 157 61 99 154 71 93 55 59 133 171 144 77 60 54 6 22 9 42 66 29 108 11 31 101 117 173 132 152 149 126 89 116 85 87 3 141 15 72 2 151 148 140 88 62 23 122 121 150 167 68 84 92 21 
139 96 16 41 119 90 128 53 114 98 48 69 7 134 104 32 12 164 40 145 158 1 14 169 106 95 143 147 30 103 70 19 100 10 109 157 61 99 154 71 93 55 59 133 171 144 77 60 54 6 22 9 42 66 29 108 11 31 101 117 139 173 132 152 149 126 89 116 85 87 3 141 15 72 2 151 148 140 88 62 23 122 121 150 167 68 84 92 21 
140 96 16 41 119 90 128 53 114 98 48 69 7 134 104 32 12 164 40 145 158 1 14 169 106 95 143 147 30 103 70 19 100 10 157 61 99 154 71 93 55 59 133 171 144 77 60 54 6 22 9 42 66 29 108 11 31 101 139 117 173 132 152 149 126 89 116 85 87 3 141 15 72 2 151 148 140 88 62 23 121 150 167 68 84 92 21 
141 96 16 41 119 90 128 53 114 98 48 69 155 7 134 104 32 12 164 40 145 158 1 14 169 106 143 95 147 30 103 70 19 100 10 157 61 154 99 71 93 55 59 133 171 144 77 156 60 54 6 22 9 42 66 29 108 11 31 101 139 117 173 132 152 149 126 89 116 85 87 3 15 141 72 2 151 148 140 88 62 23 121 150 167 68 84 92 21 
142 96 16 41 119 90 128 53 114 98 48 69 155 7 134 104 32 12 164 40 145 158 1 14 169 106 143 95 147 30 103 70 19 100 10 157 61 154 99 71 93 55 59 133 171 144 77 156 60 54 6 22 9 42 66 29 108 11 31 101 139 117 173 132 152 149 126 89 116 85 87 3 141 15 72 2 151 148 140 88 62 23 121 150 167 68 84 92 21 
143 96 16 41 119 90 128 53 114 98 48 69 155 7 134 104 32 12 164 40 145 158 1 14 169 106 95 143 147 30 103 70 19 100 10 157 61 154 99 71 93 55 59 133 171 144 77 156 60 54 6 22 9 42 66 29 108 11 31 101 139 117 173 132 152 149 126 89 116 85 87 3 141 15 72 2 151 148 140 88 62 23 121 150 167 68 84 92 21 
144 96 16 41 119 90 128 53 114 98 48 69 155 7 134 104 32 12 164 40 145 158 1 14 169 106 143 95 147 30 103 70 19 100 10 157 61 154 99 71 93 55 59 133 171 144 77 156 60 54 6 22 9 42 66 29 108 11 31 101 139 117 173 132 152 149 126 89 116 85 87 3 141 15 72 2 151 148 140 88 62 23 121 150 167 68 84 92 21 
145 96 16 41 119 90 128 53 114 98 48 69 155 7 134 104 32 12 164 40 145 158 1 14 169 106 143 95 147 30 103 70 19 100 10 157 61 154 99 71 93 55 59 133 171 144 77 156 60 54 6 22 9 42 66 29 108 11 31 101 139 117 173 132 152 149 126 89 116 85 87 3 141 15 72 2 151 148 140 88 62 23 121 150 167 68 84 92 21 
146 96 16 41 119 90 128 53 114 98 48 69 155 7 134 104 32 12 164 40 145 158 1 14 169 106 143 95 147 30 103 70 19 100 10 157 61 154 99 71 93 55 59 133 171 144 77 156 60 54 6 22 9 42 66 29 108 11 31 101 139 117 173 132 152 149 126 89 116 85 87 3 141 15 72 2 151 148 140 88 62 23 121 150 167 68 84 92 21 
147 96 16 41 119 90 128 53 114 98 48 69 155 7 134 104 32 12 164 40 145 158 1 14 169 106 143 95 30 147 103 70 19 100 10 157 61 154 99 71 93 55 59 133 171 144 77 156 60 54 6 22 9 42 66 29 108 11 31 101 139 117 173 132 152 149 126 89 116 85 87 3 141 15 72 2 151 148 140 88 62 23 121 150 167 68 84 92 21 
148 96 16 41 119 90 128 53 114 98 48 69 155 7 134 104 32 12 164 40 145 158 1 14 169 106 143 95 147 30 103 70 19 100 10 157 61 154 99 71 93 55 59 133 171 144 77 156 60 54 6 22 9 42 66 29 108 11 31 101 139 117 173 132 152 149 126 89 116 85 87 3 141 15 72 2 151 148 140 88 62 23 121 150 167 68 84 92 21 
149 96 16 41 119 90 128 53 114 98 48 69 155 7 134 104 32 12 164 40 145 158 1 14 169 106 143 95 147 30 103 70 19 100 10 157 61 154 99 71 93 55 59 133 171 144 77 156 60 54 6 22 9 42 66 29 108 11 31 101 139 117 173 132 152 149 126 89 116 85 87 3 141 15 72 2 151 148 140 88 62 23 121 150 167 68 84 92 21 
150 96 16 41 119 90 128 53 114 98 48 69 155 7 134 104 32 12 164 40 145 158 1 14 169 106 143 95 147 30 103 70 19 100 10 157 61 154 99 71 93 55 59 133 171 144 77 156 60 54 6 22 9 42 66 29 108 11 31 101 139 117 173 132 152 149 126 89 116 85 87 3 141 15 72 2 151 148 140 88 62 23 121 167 150 68 84 92 21 
151 96 16 41 119 90 128 53 114 98 48 69 155 7 134 104 32 12 164 40 145 158 1 14 169 106 143 95 147 30 103 70 19 100 10 157 61 154 99 71 93 55 59 133 171 144 77 156 60 54 6 22 9 42 66 29 108 11 31 101 139 117 173 132 152 149 126 89 116 85 87 3 141 15 72 2 151 148 140 88 62 23 121 150 167 68 84 92 21 
152 96 16 41 119 90 128 53 114 98 48 69 155 7 134 104 32 12 164 40 145 158 1 14 169 106 143 95 147 30 103 70 19 100 10 157 61 154 99 71 93 55 59 133 171 144 77 156 60 54 6 22 9 42 66 29 108 11 31 101 139 117 173 132 152 149 126 89 116 85 87 3 141 15 72 2 151 148 140 88 62 23 121 150 167 68 84 92 21 
153 96 16 41 119 90 128 53 114 98 48 69 155 7 134 104 32 12 164 40 145 158 1 14 169 106 143 95 147 30 103 70 19 100 10 157 61 154 99 71 93 55 59 133 171 144 77 156 60 54 6 22 9 42 66 29 108 11 31 101 139 117 173 132 152 149 126 89 116 85 87 3 141 15 72 2 151 148 140 88 62 23 121 150 167 68 84 92 21 
154 96 16 41 119 90 128 53 114 98 48 69 155 7 134 104 32 12 164 40 145 158 1 14 169 106 143 95 147 30 103 70 19 100 10 157 61 99 71 154 93 55 59 133 171 144 77 156 60 54 6 22 9 42 66 29 108 11 31 101 139 117 173 132 152 149 126 89 116 85 87 3 141 15 72 2 151 148 140 88 62 23 121 150 167 68 84 92 21 
155 96 16 41 119 90 128 53 114 98 48 69 155 7 134 104 32 12 164 40 145 158 1 14 169 106 143 95 147 30 103 70 19 10 157 61 154 99 71 93 55 59 133 171 144 77 156 60 54 6 22 9 42 66 29 108 11 31 101 139 117 173 132 152 149 126 89 116 85 87 3 141 15 72 2 151 148 140 88 62 23 121 150 167 68 84 21 
156 96 16 41 119 90 128 53 114 98 48 69 155 7 134 104 32 12 164 40 145 158 1 14 169 106 143 95 147 30 103 70 19 10 157 61 154 99 71 93 55 59 133 171 144 77 60 54 156 6 22 9 42 66 29 108 11 31 101 117 173 132 152 149 126 89 116 85 87 3 141 15 72 2 151 148 140 88 62 23 121 150 167 68 84 21 
157 96 16 41 119 90 128 53 114 98 48 69 155 7 134 104 32 12 164 40 145 158 1 14 169 106 143 95 147 30 103 70 19 10 61 157 154 99 71 93 55 59 133 171 144 77 156 60 54 6 22 9 42 66 29 108 11 31 101 117 173 132 152 149 126 89 116 85 87 3 141 15 72 2 151 148 140 88 62 23 121 150 167 68 84 21 
158 96 16 41 119 90 128 53 114 98 48 69 155 7 134 104 32 12 164 40 145 158 1 14 169 106 143 95 147 30 103 70 19 10 157 61 154 99 71 93 55 59 133 171 144 77 156 60 54 6 22 9 42 66 29 108 11 31 101 117 173 132 152 149 126 89 116 85 87 3 141 15 72 2 151 148 140 88 62 23 121 150 167 68 84 21 
159 96 16 41 119 90 128 53 114 98 48 69 155 7 134 104 32 12 164 40 145 158 1 14 169 106 143 95 147 30 103 70 19 10 157 61 154 99 71 93 55 59 133 171 144 77 156 60 54 6 22 9 42 66 29 108 11 31 101 117 173 132 152 149 126 89 116 85 87 3 141 15 72 2 151 148 140 88 62 23 121 150 167 68 84 21 
160 96 16 41 119 90 128 53 114 98 48 69 155 7 134 104 32 12 164 40 145 158 1 14 169 106 143 95 147 30 103 70 19 100 10 157 61 154 99 71 93 55 59 133 171 144 77 156 60 54 6 22 9 42 66 29 108 11 31 101 139 117 173 132 152 149 126 89 116 85 87 3 141 15 72 2 151 148 140 88 62 23 121 150 167 68 84 92 21 
161 96 16 41 119 90 128 53 114 98 48 69 155 7 134 104 32 12 164 40 145 158 1 14 169 106 143 95 147 30 103 70 19 100 10 157 61 154 99 71 93 55 59 133 171 144 77 156 60 54 6 22 9 42 66 29 108 11 31 101 139 117 173 132 152 149 126 89 116 85 87 3 141 15 72 2 151 148 140 88 62 23 121 150 167 68 84 92 21 
162 96 16 41 119 90 128 53 114 98 48 69 155 7 134 104 32 12 164 40 145 158 1 14 169 106 143 95 147 30 103 70 19 100 10 157 61 154 99 71 93 55 59 133 171 144 77 156 60 54 6 22 9 42 66 29 108 11 31 101 139 117 173 132 152 149 126 89 116 85 87 3 141 15 72 2 151 148 140 88 62 23 121 150 167 68 84 92 21 
163 96 16 41 119 90 128 53 114 98 48 69 155 7 134 104 32 12 164 40 145 158 1 14 169 106 143 95 147 30 103 70 19 100 10 157 61 154 99 71 93 55 59 133 171 144 77 156 60 54 6 22 9 42 66 29 108 11 31 101 139 117 173 132 152 149 126 89 116 85 87 3 141 15 72 2 151 148 140 88 62 23 121 150 167 68 84 92 21 
164 96 16 41 119 128 53 114 98 48 69 155 7 134 104 32 12 164 40 145 158 1 14 169 106 143 95 147 30 103 70 19 100 10 157 61 154 99 71 93 55 59 133 171 144 77 156 60 54 6 22 9 42 66 29 108 11 31 101 139 117 173 132 152 149 126 89 116 85 87 3 141 15 72 2 151 148 140 88 62 23 121 150 167 68 84 92 21 
165 96 16 41 119 128 53 114 98 48 69 155 7 134 104 32 12 164 40 145 158 1 14 169 106 143 95 147 30 103 70 19 100 10 157 61 154 99 71 93 55 59 133 171 144 77 156 60 54 6 22 9 42 66 29 108 11 31 101 139 117 173 132 152 149 126 89 116 85 87 3 141 15 72 2 151 148 140 88 62 23 121 150 167 68 84 92 21 
166 96 16 41 119 166 128 53 114 48 98 69 155 7 134 104 32 12 40 145 158 1 14 169 106 143 95 147 30 103 70 19 100 10 157 61 154 99 71 93 55 59 133 171 144 77 156 60 54 6 22 9 42 66 29 108 11 31 101 139 117 173 132 152 149 126 89 116 85 87 3 141 15 72 2 151 148 140 88 62 23 121 150 167 68 84 92 21 64 79 
167 96 16 41 119 166 128 53 114 48 98 69 155 7 134 104 32 12 40 145 158 1 14 169 106 143 95 147 30 103 70 19 100 10 157 61 154 99 71 93 55 59 133 144 156 60 54 6 22 9 42 29 108 11 31 101 139 117 173 132 152 149 126 89 116 85 87 3 141 15 72 2 151 148 140 88 62 23 121 150 167 68 84 92 21 64 79 
168 96 16 41 119 166 128 53 114 48 98 69 155 7 134 104 32 12 40 145 158 1 14 169 106 143 95 147 30 103 70 19 100 10 157 61 154 99 71 93 55 59 171 133 144 156 60 54 6 22 9 42 29 108 11 31 101 139 117 173 132 152 149 126 89 116 85 87 3 141 15 72 2 151 148 140 88 62 23 121 170 167 150 68 84 92 21 64 79 
169 96 16 41 119 166 128 53 114 48 98 69 155 7 134 104 32 12 40 145 158 1 14 169 106 143 95 147 30 103 70 19 100 10 157 61 154 99 71 93 55 59 171 133 144 156 60 54 6 22 9 42 29 108 11 31 101 139 117 173 132 152 149 126 89 116 85 87 3 141 15 72 2 151 148 140 88 62 23 121 170 167 150 68 84 92 21 64 79 
170 96 16 41 119 128 53 114 48 98 69 155 7 134 104 32 12 40 145 158 1 14 169 106 143 95 147 30 103 70 19 100 10 157 61 154 99 71 93 55 59 171 133 144 156 60 54 6 22 9 42 29 108 11 31 101 139 117 173 132 152 149 126 89 116 85 87 3 141 15 72 2 151 148 140 88 62 23 121 170 167 150 68 84 92 21 64 79 
171 96 16 41 119 128 53 114 48 98 69 155 7 134 104 32 12 40 145 158 1 14 169 106 143 95 147 30 103 70 19 100 10 157 61 154 99 71 93 55 59 133 171 144 156 60 54 6 22 9 42 29 108 11 31 101 139 117 173 132 152 149 126 89 116 85 87 3 141 15 72 2 151 148 140 88 62 23 121 170 150 68 84 92 21 64 79 
172 96 16 41 119 128 53 114 48 98 69 155 7 134 104 32 12 40 145 158 1 14 169 106 143 95 147 30 103 70 19 100 10 157 61 154 99 71 93 55 59 171 133 144 156 60 54 6 22 9 42 29 108 11 31 101 139 117 173 132 152 149 126 89 116 85 87 3 141 15 72 2 151 148 140 88 62 23 121 170 150 68 84 92 21 64 79 
173 96 16 41 119 166 128 53 114 48 98 69 155 7 134 104 32 12 40 145 158 1 14 169 106 143 95 147 30 103 70 19 100 10 157 61 154 99 71 93 55 59 171 133 144 156 60 54 6 22 9 42 29 108 11 31 101 139 117 173 132 152 149 126 89 116 85 87 3 141 15 72 2 151 148 140 88 62 23 121 170 167 150 68 84 92 21 64 79 
174 96 16 41 119 166 128 53 114 48 98 69 155 7 134 104 32 12 40 145 158 1 14 169 106 143 95 147 30 103 70 19 100 10 157 61 154 99 71 93 55 59 171 133 144 156 60 54 6 22 9 42 29 108 11 31 101 139 117 173 132 152 149 126 89 116 85 87 3 141 15 72 2 151 148 140 88 62 23 121 170 167 150 68 84 92 21 64 79 
175 96 16 41 119 166 128 53 114 48 98 69 155 7 134 104 32 12 40 145 158 1 14 169 106 143 95 147 30 103 70 19 100 10 157 61 154 99 71 93 55 59 171 133 144 156 60 54 6 22 9 42 29 108 11 31 101 139 117 173 132 152 149 126 89 116 85 87 3 141 15 72 2 151 148 140 88 62 23 121 170 167 150 68 84 92 21 64 79 
176 96 16 41 119 166 128 53 114 48 98 69 155 7 134 104 32 12 40 145 158 1 14 169 106 143 95 147 30 103 70 19 100 10 157 61 154 99 71 93 55 59 171 133 144 156 60 54 6 22 9 42 29 108 11 31 101 139 117 173 132 152 149 126 89 116 85 87 3 141 15 72 2 151 148 140 88 62 23 121 170 167 150 68 84 92 21 64 79 
