1 1 
2 2 1 
3 2 3 1 
4 4 2 3 1 
5 11 18 5 4 17 2 15 3 1 9 20 8 13 6 19 
6 11 18 5 17 2 15 3 1 9 20 8 13 19 6 
7 11 18 5 17 2 15 3 1 9 20 8 13 6 19 
8 11 18 5 17 2 15 3 1 9 20 13 8 6 19 
9 11 18 5 17 2 15 3 1 20 9 8 13 6 19 
10 11 18 5 10 2 15 3 1 9 20 8 13 6 19 
11 18 11 5 10 2 3 1 9 20 8 13 6 19 
12 11 18 5 10 2 15 3 1 9 20 8 13 6 19 
13 11 18 5 10 2 15 3 1 9 20 8 13 6 19 
14 11 18 5 10 2 15 3 1 9 20 8 13 6 19 
15 18 5 10 2 15 3 1 9 20 8 13 6 19 
16 18 5 10 2 15 3 1 9 20 8 13 6 19 
17 11 18 5 17 2 15 3 1 9 20 8 13 6 19 
18 11 18 5 17 2 15 3 1 9 20 8 13 6 19 
19 11 18 5 17 2 15 3 1 9 20 8 13 6 19 
20 11 18 5 17 2 15 3 1 9 20 8 13 6 19 
21 11 18 5 17 2 15 3 1 9 20 8 13 6 19 
22 11 18 5 17 2 15 3 1 9 20 8 13 6 19 
23 11 18 5 17 2 15 3 1 9 20 8 13 6 19 
