1 1 
2 2 1 
3 2 3 1 
4 2 4 3 1 
5 2 4 3 5 1 
6 2 4 3 5 1 
7 2 7 4 3 5 1 
8 2 7 8 4 3 5 1 
9 13 2 7 15 21 8 3 1 18 16 9 19 4 5 12 
10 13 2 7 15 21 8 3 1 18 16 9 19 4 5 12 
11 13 2 7 15 21 8 3 1 18 16 9 19 4 5 12 
12 13 2 7 15 21 8 3 1 18 16 9 19 4 5 12 
13 13 2 7 15 21 8 3 1 18 16 9 19 4 5 12 
14 13 2 7 15 21 8 3 1 18 16 9 19 4 5 12 
15 13 2 7 15 21 8 3 1 18 16 9 19 4 5 12 
16 13 2 7 15 21 8 3 1 18 16 9 19 4 5 12 
17 13 2 7 15 21 8 3 1 18 16 9 19 4 5 12 
18 13 2 15 21 8 3 1 18 16 9 19 4 5 12 
19 13 2 15 9 19 4 3 5 1 18 12 16 
20 13 2 15 9 19 4 3 5 1 18 12 16 
21 13 2 7 15 21 3 1 18 16 9 4 5 12 
22 13 2 7 15 21 3 1 18 16 9 4 5 12 
23 13 2 7 15 21 8 3 1 18 16 9 19 4 5 12 
