1 1 
2 2 1 
3 2 3 1 
4 2 4 3 1 
5 2 4 3 1 
6 6 2 4 3 1 
7 6 2 4 3 1 7 
8 2 16 4 18 13 20 31 3 26 29 9 25 6 21 17 12 8 15 22 28 1 7 
9 2 16 4 18 13 20 31 3 26 29 9 25 6 21 17 8 12 15 22 28 1 7 
10 2 16 4 18 13 20 31 3 26 29 9 25 6 21 17 8 12 15 22 28 1 7 
11 2 16 4 18 13 20 31 3 26 29 9 25 6 21 17 8 12 15 22 28 1 7 
12 2 16 4 18 13 20 31 3 26 29 9 25 6 21 17 8 12 15 22 28 1 7 
13 2 16 4 18 20 13 31 3 26 29 9 25 6 21 17 8 12 15 22 28 1 7 
14 2 16 4 18 13 20 31 3 26 29 9 25 6 21 17 8 12 15 22 28 1 7 
15 2 16 4 18 13 20 31 3 26 29 9 25 6 21 17 8 12 15 22 28 1 7 
16 2 16 4 18 13 20 31 3 26 29 9 25 6 21 17 8 12 15 22 28 1 7 
17 2 16 4 18 13 20 31 3 26 29 9 25 6 21 17 8 12 15 22 28 1 7 
18 2 16 4 18 13 20 31 3 26 29 9 25 6 21 17 8 12 15 22 28 1 7 
19 2 16 4 18 13 20 31 3 26 29 9 25 6 21 17 8 12 15 22 28 1 7 
20 2 16 4 18 13 20 31 3 26 29 9 25 6 21 17 8 12 15 22 28 1 7 
21 2 16 4 18 13 20 31 3 26 29 9 25 6 21 17 8 12 15 22 28 1 7 
22 2 16 4 18 13 20 31 3 26 29 9 25 6 21 17 8 12 15 28 22 1 7 
23 2 16 4 18 13 20 31 3 26 29 9 25 6 21 17 8 12 15 22 28 1 7 
24 2 16 4 18 13 20 31 3 26 29 9 25 6 21 17 8 12 15 22 28 1 7 
25 2 16 4 18 13 20 31 3 26 29 9 25 6 21 17 8 12 15 22 28 1 7 
26 2 16 4 18 13 20 31 3 29 26 9 25 6 21 17 8 12 15 22 28 1 7 
27 2 16 4 18 13 20 31 3 26 29 9 25 6 21 17 8 12 15 22 28 1 7 
28 2 16 4 18 13 20 31 3 26 29 9 25 21 17 8 12 15 22 28 1 7 
29 2 16 4 18 13 20 3 26 29 9 25 21 17 8 12 15 22 28 1 
30 2 16 4 18 13 20 3 26 29 9 25 21 17 8 12 15 22 28 1 
31 2 16 4 18 13 20 31 3 26 9 25 6 21 17 8 12 15 22 28 1 
32 2 16 4 18 13 20 31 3 26 9 25 6 21 17 8 12 15 22 28 1 
33 2 16 4 18 13 20 31 3 26 29 9 25 6 21 17 8 12 15 22 28 1 7 
