1 1 
2 1 2 
3 1 2 3 
4 4 1 2 3 
5 4 1 2 3 5 
6 4 6 1 2 3 5 
7 7 4 6 1 2 3 5 
8 7 16 2 3 15 10 17 12 4 6 9 1 5 13 
9 7 16 2 3 15 10 17 12 4 6 9 1 5 13 
10 7 16 2 3 15 10 17 12 4 6 9 1 5 13 
11 7 16 2 3 15 10 17 12 4 6 9 1 5 13 
12 7 16 2 3 15 10 17 12 4 6 9 1 5 13 
13 7 16 2 3 15 10 17 12 4 6 9 1 5 13 
14 7 16 2 3 15 10 17 12 4 6 9 1 5 13 
15 7 16 2 3 15 10 17 12 4 6 9 1 5 13 
16 7 16 2 3 15 10 17 12 4 9 1 5 13 
17 16 2 3 15 10 17 12 4 6 9 1 5 13 
18 16 2 3 15 10 17 12 4 6 9 1 5 13 
19 16 2 3 15 10 19 12 4 6 9 1 5 13 
20 16 2 3 15 10 19 20 12 4 6 9 1 5 13 
21 16 2 3 15 10 19 20 12 4 6 9 21 1 5 13 
22 16 2 3 15 10 22 19 20 12 4 6 9 21 1 5 13 
23 16 2 3 15 22 10 19 20 12 4 6 9 21 1 23 5 13 
24 30 16 2 3 15 22 10 26 19 20 25 12 27 4 6 9 21 29 32 1 23 5 13 
25 30 16 2 3 15 22 10 26 19 20 12 25 27 4 6 9 21 29 32 1 23 5 13 
26 30 16 2 3 15 22 10 26 19 20 25 12 27 4 6 9 21 29 32 1 23 5 13 
27 30 16 2 3 15 22 10 26 19 20 25 12 27 4 6 9 21 29 32 1 23 5 13 
28 30 16 2 3 15 22 10 26 19 20 25 12 27 4 6 9 21 29 32 1 23 5 13 
29 30 16 2 3 15 22 10 26 19 20 25 12 27 4 6 9 21 32 29 1 23 5 13 
30 30 16 2 3 15 22 10 26 19 20 25 12 27 4 6 9 21 29 32 1 23 5 13 
31 30 16 2 3 15 22 10 26 19 20 25 12 27 4 6 9 21 29 32 1 23 5 13 
32 30 16 2 3 15 22 10 26 19 20 25 12 27 4 6 9 21 29 32 1 5 13 
33 30 16 2 3 15 22 10 26 19 20 25 12 27 4 6 9 21 29 32 1 5 13 
34 30 16 2 3 34 15 22 10 26 19 20 25 12 27 4 6 9 21 29 1 5 13 
35 30 16 35 2 3 34 15 22 10 19 20 25 12 27 4 6 9 21 29 1 5 13 
36 30 16 2 3 34 22 19 20 41 12 4 6 9 21 29 43 35 15 10 25 27 37 1 40 5 13 
37 30 16 2 3 34 22 19 20 41 12 4 6 9 21 29 43 35 15 10 25 27 37 1 40 5 13 
38 30 16 2 3 34 22 19 20 41 12 4 6 9 21 29 43 35 15 10 25 27 37 1 40 5 13 
39 30 16 2 3 34 22 19 20 41 12 4 6 9 21 29 43 35 15 10 25 27 37 1 40 5 13 
40 30 16 2 3 34 22 19 20 41 12 4 6 9 21 29 43 35 15 10 25 27 37 1 40 5 13 
41 30 16 2 3 34 22 19 20 12 41 4 6 9 21 29 43 35 15 10 25 27 37 1 40 5 13 
42 30 16 2 3 34 22 19 20 41 12 4 6 9 21 29 43 35 15 10 25 27 37 1 40 5 13 
43 30 16 2 3 34 22 19 20 41 12 4 6 9 21 29 43 15 10 25 27 37 1 40 5 13 
44 30 16 2 3 34 22 19 20 41 12 4 6 9 21 29 43 15 10 25 27 37 1 40 5 13 
45 30 16 2 3 34 22 19 20 41 12 4 6 9 21 29 43 35 45 15 10 25 27 37 1 40 5 13 
46 30 16 2 3 34 22 19 20 41 12 4 6 9 21 29 43 35 45 15 10 25 27 37 1 40 5 13 
47 30 16 2 3 34 22 19 20 41 12 4 6 9 21 29 43 35 45 15 10 25 27 37 1 40 47 5 13 
48 30 16 2 3 34 22 19 20 41 12 4 6 9 21 29 43 35 45 15 10 25 27 37 1 40 47 5 13 
49 30 16 2 3 34 22 19 20 41 12 4 6 9 21 29 43 35 45 15 10 25 27 37 1 40 47 5 49 13 
50 30 16 2 3 34 22 19 20 41 12 4 6 9 21 29 43 35 45 15 10 25 27 37 50 1 40 47 5 49 13 
51 30 16 2 3 34 22 19 20 41 12 4 6 9 21 29 43 35 45 15 10 25 27 37 50 1 40 47 5 49 13 
52 30 16 2 3 34 22 19 20 41 12 4 6 9 21 29 43 52 35 45 15 10 25 27 37 50 1 40 47 5 49 13 
53 30 16 2 3 34 22 19 20 41 12 4 53 6 9 21 29 52 43 35 45 15 10 25 27 37 50 1 40 47 5 49 13 
54 30 16 2 3 34 22 19 20 41 12 4 53 6 9 21 29 52 43 35 45 15 10 25 27 37 50 1 54 40 47 5 49 13 
55 30 16 2 3 34 22 19 20 41 12 55 4 53 6 9 21 29 52 43 35 45 15 10 25 27 37 50 1 54 40 47 5 49 13 
56 30 16 2 3 34 22 19 20 41 12 55 4 53 6 9 21 29 52 43 56 35 45 15 10 25 27 37 50 1 54 40 47 5 49 13 
57 65 102 100 20 41 59 74 53 85 98 103 110 80 21 57 73 77 43 56 96 104 86 90 81 91 87 69 10 25 27 121 50 117 40 5 49 67 13 30 62 79 93 113 16 106 2 3 34 22 76 99 19 12 95 55 4 84 6 9 72 29 120 88 52 115 105 63 35 45 108 15 92 111 37 123 1 54 47 107 83 
58 65 102 100 20 41 59 74 53 85 98 103 110 80 21 57 73 77 43 56 96 104 86 90 81 91 87 69 10 25 27 121 50 117 40 5 49 67 13 30 62 79 93 113 16 106 2 3 34 22 76 99 19 12 95 55 4 84 6 9 72 29 120 88 52 115 105 63 35 45 108 15 92 111 37 123 1 54 47 107 83 
59 65 102 100 20 41 59 74 53 85 98 103 110 80 21 57 73 77 43 56 96 104 86 90 81 91 87 69 10 25 27 121 50 117 40 5 49 67 13 30 62 79 93 113 16 106 2 3 34 22 76 99 19 12 95 55 4 84 6 9 72 29 120 88 52 115 105 63 35 45 108 15 92 111 37 123 1 54 47 107 83 
60 65 102 100 20 41 59 74 53 85 98 103 110 80 21 57 73 77 43 56 96 104 86 90 81 91 87 69 10 25 27 121 50 117 40 5 49 67 13 30 62 79 93 113 16 106 2 3 34 22 76 99 19 12 95 55 4 84 6 9 72 29 120 88 52 115 105 63 35 45 108 15 92 111 37 123 1 54 47 107 83 
61 65 102 100 20 41 59 74 53 85 98 103 110 80 21 57 73 77 43 56 96 104 86 90 81 91 87 69 10 25 27 121 50 117 40 5 49 67 13 30 62 79 93 113 16 106 2 3 34 22 76 99 19 12 95 55 4 84 6 9 72 29 120 88 52 115 105 63 35 45 108 15 92 111 37 123 1 54 47 107 83 
62 65 102 100 20 41 59 74 53 85 98 103 110 80 21 57 73 77 43 56 96 104 86 90 81 91 87 69 10 25 27 121 50 117 40 5 49 67 13 30 79 93 62 113 16 106 2 3 34 22 76 99 19 12 95 55 4 84 6 9 29 120 88 115 105 63 35 45 108 15 92 111 37 123 1 54 47 107 83 
63 65 102 100 20 41 59 74 85 98 103 110 80 21 57 77 43 56 96 104 86 90 81 91 87 69 10 25 27 121 50 117 40 5 49 67 13 30 62 79 93 113 16 106 2 3 34 22 76 99 19 12 95 55 4 84 6 9 29 120 88 115 105 63 35 45 108 15 92 111 37 123 1 54 47 107 83 
64 65 102 100 20 41 59 74 85 98 103 110 80 21 57 77 43 56 96 104 86 90 81 91 87 69 10 25 27 121 50 117 40 5 49 67 13 30 62 79 93 113 16 106 2 3 34 22 76 99 19 12 95 55 4 84 6 9 29 120 88 115 105 63 35 45 108 15 92 111 37 123 1 54 47 107 83 
65 65 102 100 20 41 59 74 85 98 103 80 21 57 77 43 56 96 104 86 90 81 91 87 10 25 27 121 50 117 40 5 49 67 13 30 62 79 93 113 16 106 2 3 34 22 99 19 12 95 55 4 84 6 9 29 120 88 115 105 63 35 45 108 15 92 111 37 123 1 54 47 107 83 
66 65 102 100 20 41 59 74 85 98 103 80 21 57 77 43 56 96 104 86 90 81 91 87 69 10 25 27 121 50 117 40 5 49 67 13 30 62 79 93 113 16 106 2 3 34 22 99 19 12 95 55 4 84 6 9 29 120 88 115 105 63 35 45 108 15 92 111 37 123 1 54 47 107 83 
67 65 102 100 20 41 59 74 85 98 103 80 21 57 77 43 56 96 104 86 90 81 91 87 69 10 25 27 121 50 117 40 5 49 67 13 30 62 79 93 113 16 106 2 3 34 22 99 19 12 95 55 4 84 6 9 29 120 88 115 105 63 35 45 108 15 92 111 37 123 1 54 47 107 83 
68 65 102 100 20 41 59 74 85 98 103 80 21 57 77 43 56 96 104 86 90 81 91 87 69 10 25 27 121 50 117 40 5 49 67 13 30 62 79 93 113 16 106 2 3 34 22 99 19 12 95 55 4 84 6 9 29 120 88 115 105 63 35 45 108 15 92 111 37 123 1 54 47 107 83 
69 102 100 20 41 59 74 85 98 103 80 21 57 77 43 56 96 104 86 90 81 91 87 69 10 25 27 121 50 117 40 5 49 67 13 30 62 79 93 113 16 106 2 3 34 22 99 19 12 95 55 4 84 6 9 29 120 88 115 105 63 35 45 108 15 92 111 37 123 1 54 47 107 83 
70 102 100 20 41 59 74 85 98 103 80 21 57 77 43 56 96 104 86 90 81 91 87 69 10 25 27 121 50 117 40 5 49 67 13 30 62 79 93 113 16 106 2 3 34 22 99 19 12 95 55 4 84 6 9 29 120 88 115 105 63 35 45 108 15 92 111 37 123 1 54 47 107 83 
71 65 102 100 20 41 59 74 85 98 103 80 21 57 77 43 56 96 104 86 90 81 91 87 69 10 25 27 121 50 117 40 5 49 67 13 30 62 79 93 113 16 106 2 3 34 22 99 19 12 95 55 4 84 6 9 29 120 88 115 105 63 35 45 108 15 92 111 37 123 1 54 47 107 83 
72 65 102 100 20 41 59 74 53 85 98 103 110 80 21 57 73 77 43 56 96 104 86 90 81 91 87 69 10 25 27 121 50 117 40 5 49 67 13 30 79 93 113 16 106 2 3 34 22 76 99 19 12 95 55 4 84 6 9 29 72 120 88 115 105 63 35 45 108 15 92 111 37 123 1 54 47 107 83 
73 65 102 100 20 41 59 74 85 98 103 110 80 21 57 73 77 43 56 96 104 86 90 81 91 87 69 10 25 27 121 50 117 40 5 49 67 13 30 79 93 113 16 106 2 3 34 22 76 99 19 12 95 55 4 84 6 9 72 29 120 88 115 105 35 45 108 15 92 111 37 123 1 54 47 107 83 
74 65 102 100 20 41 59 74 85 98 103 110 80 21 57 73 77 43 56 96 104 86 90 81 91 87 69 10 25 27 121 50 117 40 5 49 67 13 30 79 93 113 16 106 2 3 34 22 76 99 19 12 95 55 4 84 6 9 72 29 120 88 115 105 35 45 108 15 92 111 37 123 1 54 47 107 83 
75 65 102 100 20 41 59 74 85 98 103 110 80 21 57 73 77 43 56 96 104 86 90 81 91 87 69 10 25 27 121 50 117 40 5 49 67 13 30 79 93 113 16 106 2 3 34 22 76 99 19 12 95 55 4 84 6 9 72 29 120 88 115 105 35 45 108 15 92 111 37 123 1 54 47 107 83 
76 102 100 20 41 59 74 85 98 103 80 21 57 73 77 43 56 96 104 86 90 81 91 87 10 25 27 121 50 117 40 5 49 67 13 30 79 93 113 16 106 2 3 34 22 99 76 19 12 95 55 4 84 6 9 72 29 120 88 115 105 35 45 108 15 92 111 37 123 1 54 47 107 83 
77 102 100 20 41 59 74 85 98 103 80 21 57 73 43 77 56 96 104 86 90 81 91 87 10 25 27 121 50 117 40 5 49 67 13 30 79 93 113 16 106 2 3 34 22 76 99 19 12 95 55 4 84 6 9 72 29 120 88 115 105 35 45 108 15 92 37 123 1 54 47 107 83 
78 102 100 20 41 59 74 85 98 103 110 80 21 57 73 77 43 56 96 104 86 90 81 91 87 10 25 27 121 50 117 40 5 49 67 13 30 79 93 113 16 106 2 3 34 22 76 99 19 95 12 55 4 84 6 9 72 29 88 120 115 105 35 45 108 92 15 111 37 123 1 54 47 107 83 
79 102 100 20 41 59 74 85 98 103 110 80 21 57 73 77 43 56 96 104 86 90 81 91 87 10 25 27 121 50 117 40 5 49 67 13 30 93 79 113 16 106 2 3 34 22 76 99 19 95 12 55 4 84 6 9 72 29 88 120 115 105 35 45 108 92 15 111 37 123 1 54 47 107 83 
80 102 100 20 41 59 74 85 98 103 110 80 21 57 73 77 43 56 96 104 86 90 81 91 87 10 25 27 121 50 117 40 5 49 67 13 30 79 93 113 16 106 2 3 34 22 76 99 19 95 12 55 4 84 6 9 72 29 88 120 115 105 35 45 108 92 15 111 37 123 1 54 47 107 83 
81 102 100 20 41 59 74 85 98 103 110 80 21 57 73 77 43 56 96 104 86 90 91 81 87 10 25 27 121 50 117 40 5 49 67 13 30 79 93 113 16 106 2 3 34 22 76 99 19 95 12 55 4 84 6 9 72 29 88 120 115 105 35 45 108 92 15 111 37 123 1 54 47 107 83 
82 102 100 20 41 59 74 85 103 110 80 21 57 73 77 43 56 104 86 90 81 91 87 10 25 27 121 50 117 40 5 49 67 82 13 30 79 93 113 16 106 2 3 34 22 76 99 19 95 12 55 4 84 6 9 72 29 88 120 115 105 35 45 108 92 15 111 37 123 1 54 47 107 83 
83 102 100 20 41 59 74 85 103 110 80 21 57 73 77 43 56 104 86 90 81 91 87 10 25 27 121 50 117 40 5 49 82 67 13 30 79 93 113 16 106 2 3 34 22 76 99 19 95 12 55 4 84 6 9 72 29 88 120 115 105 35 45 108 92 15 111 37 123 1 54 47 107 83 
84 102 100 20 41 59 74 85 103 110 80 21 57 73 77 43 56 104 86 90 81 91 87 10 25 27 121 50 117 40 5 49 82 67 13 30 79 113 16 106 2 3 34 22 76 99 19 95 12 55 4 84 6 9 72 29 88 120 115 105 35 45 108 92 15 111 37 123 1 54 47 107 83 
85 102 100 20 41 59 74 103 110 85 80 21 57 73 77 43 56 104 86 90 81 91 87 10 25 27 121 50 117 40 5 49 82 67 13 30 79 113 16 106 2 3 34 22 76 99 19 95 12 55 4 84 6 9 72 29 88 120 115 105 35 45 108 92 15 111 37 123 1 54 47 107 83 
86 102 100 20 41 59 74 85 103 110 80 21 57 73 77 43 56 104 86 90 81 91 87 10 25 27 121 50 117 40 5 49 82 67 13 30 79 113 16 106 2 3 34 22 76 99 19 95 12 55 4 84 6 9 72 29 88 120 115 105 35 45 108 92 15 111 37 123 1 54 47 107 83 
87 102 100 20 41 59 74 85 103 110 80 21 57 73 77 43 56 104 86 90 81 91 87 10 25 27 121 50 117 40 5 49 82 67 13 30 79 113 16 106 2 3 34 22 76 99 19 95 12 55 4 84 6 9 72 29 88 120 115 105 35 45 108 92 15 111 37 123 1 54 47 107 83 
88 102 100 20 41 59 74 85 103 110 80 21 57 73 77 43 56 104 86 90 81 91 87 10 25 27 121 50 117 40 5 49 82 67 13 30 79 113 16 106 2 3 34 22 76 99 19 95 12 55 4 84 6 9 72 29 120 88 115 105 35 45 108 92 15 111 37 123 1 54 47 107 83 
89 102 100 20 41 59 74 85 103 110 80 21 57 73 77 43 56 104 86 90 81 91 87 10 25 27 121 50 117 40 5 49 82 67 13 30 79 113 16 106 2 3 34 22 76 99 19 95 12 55 4 84 6 9 72 29 88 120 115 105 35 45 108 92 15 111 37 123 1 54 47 107 83 
90 102 100 20 41 59 74 85 103 110 80 21 57 73 77 43 56 104 86 90 81 91 87 10 25 27 121 50 117 40 5 49 82 67 13 30 79 113 16 106 2 3 34 22 76 99 19 95 12 55 4 84 6 9 72 29 88 120 115 105 35 45 108 92 15 111 37 123 1 54 47 107 83 
91 102 100 20 41 59 74 85 103 110 80 21 57 73 77 43 56 104 86 90 81 91 87 10 25 27 121 50 117 40 5 49 82 67 13 30 79 113 16 106 2 3 34 22 76 99 19 95 12 55 4 84 6 9 72 29 88 120 115 105 35 45 108 92 15 111 37 123 1 54 47 107 83 
92 102 100 20 41 59 74 85 103 110 80 21 57 73 77 43 56 104 86 90 81 91 87 10 25 27 121 50 117 40 5 49 82 67 13 30 79 113 16 106 2 3 34 22 76 99 19 95 12 55 4 84 6 9 72 29 88 120 115 105 35 45 108 15 92 111 37 123 1 54 47 107 83 
93 102 100 20 41 59 74 85 103 110 80 21 57 73 77 43 56 104 86 90 81 91 87 10 25 27 121 50 117 40 5 49 82 67 13 30 79 93 113 16 106 2 3 34 22 76 99 19 95 12 55 4 6 9 72 29 88 120 115 105 35 45 108 92 15 111 37 123 1 54 47 107 83 
94 102 100 20 41 59 74 85 103 110 80 21 57 73 77 43 56 104 86 90 81 91 87 10 25 27 121 50 117 40 5 49 82 67 13 30 79 93 113 16 106 2 3 34 22 76 99 19 95 12 55 4 84 6 9 72 29 88 120 115 105 35 45 108 92 15 111 37 123 1 54 47 107 83 
95 102 100 20 41 59 74 85 103 110 80 21 57 73 77 43 56 104 86 90 81 91 87 10 25 27 121 50 117 40 5 49 82 67 13 30 79 93 113 16 106 2 3 34 22 76 99 19 12 95 55 4 84 6 9 72 29 88 120 115 105 35 45 108 92 15 111 37 123 1 54 47 107 83 
96 102 100 20 41 59 74 85 103 110 80 21 57 73 77 43 56 104 96 86 90 81 91 87 10 25 27 121 50 117 40 5 49 67 13 30 79 93 113 16 106 2 3 34 22 76 99 19 95 12 55 4 84 6 9 72 29 88 120 115 105 35 45 108 92 15 111 37 123 1 54 47 107 83 
97 102 100 20 41 59 74 85 103 110 80 21 57 73 77 43 56 96 104 86 90 81 91 87 10 25 27 121 50 117 40 5 49 67 13 30 79 93 113 16 106 2 3 34 22 76 99 19 95 12 55 4 84 6 9 72 29 88 120 115 105 35 45 108 92 15 111 37 123 1 54 47 107 83 
98 102 100 20 41 59 74 85 103 110 98 80 21 57 73 77 43 56 104 86 90 81 91 87 10 25 27 121 50 117 40 5 49 67 13 30 79 93 113 16 106 2 3 34 22 76 99 19 95 12 55 4 84 6 9 72 29 88 120 115 105 35 45 108 92 15 111 37 123 1 54 47 107 83 
99 102 100 20 41 59 74 85 98 103 110 80 21 57 73 77 43 56 96 104 86 90 81 91 87 10 25 27 121 50 117 40 5 49 67 13 30 79 93 113 16 106 2 3 34 22 76 99 19 95 12 55 4 84 6 9 72 29 88 120 115 105 35 45 108 92 15 111 37 123 1 54 47 107 83 
100 102 100 20 41 59 74 85 98 103 110 80 21 57 73 77 43 56 96 104 86 90 81 91 87 10 25 27 121 50 117 40 5 49 67 13 30 79 93 113 16 106 2 3 34 22 76 99 19 95 12 55 4 84 6 9 72 29 88 120 115 105 35 45 108 92 15 111 37 123 1 54 47 107 83 
101 102 100 20 41 59 74 85 98 103 110 80 21 57 73 77 43 56 96 104 86 90 81 91 87 10 25 27 121 50 117 40 5 49 67 13 30 79 93 113 16 106 2 3 34 22 76 99 19 95 12 55 4 84 6 9 72 29 88 120 115 105 35 45 108 92 15 111 37 123 1 54 47 107 83 
102 102 100 20 41 59 74 85 98 103 110 80 21 57 73 77 43 56 96 104 86 90 81 91 87 10 25 27 121 50 117 40 5 49 67 13 30 79 93 113 16 106 2 3 34 22 76 99 19 95 12 55 4 84 6 9 72 29 88 120 115 105 35 45 108 92 15 111 37 123 1 54 47 107 83 
103 102 100 20 41 59 74 85 98 110 103 80 21 57 73 77 43 56 96 104 86 90 81 91 87 10 25 27 121 50 117 40 5 49 67 13 30 79 93 113 16 106 2 3 34 22 76 99 19 95 12 55 4 84 6 9 72 29 88 120 115 105 35 45 108 92 15 111 37 123 1 54 47 107 83 
104 102 100 20 41 59 74 85 98 103 110 80 21 57 73 77 43 56 96 104 86 90 81 91 87 10 25 27 121 50 117 40 5 49 67 13 30 79 93 113 16 106 2 3 34 22 76 99 19 95 12 55 4 84 6 9 72 29 88 120 115 105 35 45 108 92 15 111 37 123 1 54 47 107 83 
105 102 100 20 41 59 74 85 98 103 110 80 21 57 73 77 43 56 96 104 86 90 81 91 87 10 25 27 121 50 117 40 5 49 67 13 30 79 93 113 16 106 2 3 34 22 76 99 19 95 12 55 4 84 6 9 72 29 88 120 115 105 35 45 108 92 15 111 37 123 1 54 47 107 83 
106 102 100 20 41 59 74 85 98 103 110 80 21 57 73 77 43 56 96 104 86 90 81 91 87 10 25 27 121 50 117 40 5 49 67 13 30 79 93 113 16 106 2 3 34 22 76 99 19 95 12 55 4 84 6 9 72 29 88 120 115 105 35 45 108 92 15 111 37 123 1 54 47 107 83 
107 102 100 20 41 59 74 85 98 103 110 80 21 57 73 77 43 56 96 104 86 90 81 91 87 10 25 27 121 50 117 40 5 49 67 13 30 79 93 113 16 106 2 3 34 22 76 99 19 95 12 55 4 84 6 9 72 29 88 120 115 105 35 45 108 92 15 111 37 123 1 54 47 107 83 
108 102 100 20 41 59 74 85 98 103 110 80 21 57 73 77 43 56 96 104 86 90 81 91 87 10 25 27 121 50 117 40 5 49 67 13 30 79 93 113 16 106 2 3 34 22 76 99 19 95 12 55 4 84 6 9 72 29 88 120 115 105 35 45 108 92 15 111 37 123 1 54 47 107 83 
109 102 100 20 41 59 74 85 98 103 110 80 21 57 73 77 43 56 96 104 86 90 81 91 87 10 25 27 121 50 117 40 5 49 67 13 30 79 93 113 16 106 2 3 34 22 76 99 19 95 12 55 4 84 6 9 72 29 88 120 115 105 35 45 108 92 15 111 37 123 1 54 47 107 83 
110 102 100 20 41 59 74 85 98 103 110 80 21 57 73 77 43 56 96 104 86 90 81 91 87 10 25 27 121 50 117 40 5 49 67 13 30 79 93 113 16 106 2 3 34 22 99 19 95 12 55 4 84 6 9 72 29 88 120 115 105 35 45 108 92 15 111 37 123 1 54 47 107 83 
111 102 100 20 41 59 74 85 98 103 110 80 21 57 73 43 56 96 104 86 90 81 91 87 10 25 27 121 50 117 40 5 49 67 13 30 79 93 113 16 106 2 3 34 22 76 99 19 95 12 55 4 84 6 9 72 29 88 120 115 105 35 45 108 92 15 111 37 123 1 54 47 107 83 
112 102 100 20 41 59 74 85 98 103 110 80 21 57 73 43 56 96 104 86 90 81 91 87 10 25 27 121 50 117 40 5 49 67 13 30 79 93 113 16 106 2 3 34 22 76 99 19 95 12 55 4 84 6 9 72 29 88 120 115 105 35 45 108 92 15 111 37 123 1 54 47 107 83 
113 102 100 20 41 59 74 85 98 103 110 80 21 57 73 77 43 56 96 104 86 90 81 91 87 10 25 27 121 50 117 40 5 49 67 13 30 79 93 16 113 106 2 3 34 22 76 99 19 95 12 55 4 84 6 9 72 29 88 120 115 105 35 45 108 92 15 111 37 123 1 54 47 107 83 
114 102 100 20 41 59 74 85 98 103 110 80 21 57 73 77 43 56 96 104 86 90 81 91 87 10 25 27 121 50 117 40 5 49 67 13 30 79 93 113 16 106 2 3 34 22 76 99 19 95 12 55 4 84 6 9 72 29 88 120 115 105 35 45 108 92 15 111 37 123 1 54 47 107 83 
115 65 102 100 20 41 59 74 53 85 98 103 110 80 21 57 73 77 43 56 96 104 86 90 81 91 87 69 10 25 27 121 50 117 40 5 49 67 13 30 62 79 93 113 16 106 2 3 34 22 76 99 19 12 95 55 4 84 6 9 72 29 120 88 52 115 105 63 35 45 108 15 92 111 37 123 1 54 47 107 83 
116 65 102 100 20 41 59 74 53 85 98 103 110 80 21 57 73 77 43 56 96 104 86 90 81 91 87 69 10 25 27 121 50 117 40 5 49 67 13 30 62 79 93 113 16 106 2 3 34 22 76 99 19 12 95 55 4 84 6 9 72 29 120 88 52 115 105 63 35 45 108 15 92 111 37 123 1 54 47 107 83 
117 65 102 100 20 41 59 74 53 85 98 103 110 80 21 57 73 77 43 56 96 104 86 90 81 91 87 69 10 25 27 121 50 117 40 5 49 67 13 30 62 79 93 113 16 106 2 3 34 22 76 99 19 12 95 55 4 84 6 9 72 29 120 88 52 115 105 63 35 45 108 15 92 111 37 123 1 54 47 107 83 
118 65 102 100 20 41 59 74 53 85 98 103 110 80 21 57 73 77 43 56 96 104 86 90 81 91 87 69 10 25 27 121 50 117 40 5 49 67 13 30 62 79 93 113 16 106 2 3 34 22 76 99 19 12 95 55 4 84 6 9 72 29 120 88 52 115 105 63 35 45 108 15 92 111 37 123 1 54 47 107 83 
119 65 102 100 20 41 59 74 53 85 98 103 110 80 21 57 73 77 43 56 96 104 86 90 81 91 87 69 10 25 27 121 50 117 40 5 49 67 13 30 62 79 93 113 16 106 2 3 34 22 76 99 19 12 95 55 4 84 6 9 72 29 120 88 52 115 105 63 35 45 108 15 92 111 37 123 1 54 47 107 83 
120 65 102 100 20 41 59 74 53 85 98 103 110 80 21 57 73 77 43 56 96 104 86 90 81 91 87 69 10 25 27 121 50 117 40 5 49 67 13 30 62 79 93 113 16 106 2 3 34 22 76 99 19 12 95 55 4 84 6 9 72 29 88 120 52 115 105 63 35 45 108 15 92 111 37 123 1 54 47 107 83 
121 65 102 100 20 41 59 74 53 85 98 103 110 80 21 57 73 77 43 56 96 104 86 90 81 91 87 69 10 25 27 121 50 117 40 5 49 67 13 30 62 79 93 113 16 106 2 3 34 22 76 99 19 12 95 55 4 84 6 9 72 29 120 88 52 115 105 63 35 45 108 15 92 111 37 123 1 54 47 107 83 
122 65 102 100 20 41 59 74 53 85 98 103 110 80 21 57 73 77 43 56 96 104 86 90 81 91 87 69 10 25 27 121 50 117 40 5 49 67 13 30 62 79 93 113 16 106 2 3 34 22 76 99 19 12 95 55 4 84 6 9 72 29 120 88 52 115 105 63 35 45 108 15 92 111 37 123 1 54 47 107 83 
123 65 102 100 20 41 59 74 53 85 98 103 110 80 21 57 73 77 43 96 104 86 90 81 91 87 69 10 25 27 121 50 117 40 5 49 67 13 30 62 79 93 113 16 106 2 3 34 22 76 99 19 12 95 55 4 84 6 9 72 29 120 88 52 115 105 63 35 45 108 15 92 111 37 123 1 54 47 107 83 
124 65 102 100 20 41 59 74 53 85 98 103 110 80 21 57 73 77 43 96 104 86 90 81 91 87 69 10 25 27 121 50 117 40 5 49 67 13 30 62 79 93 113 16 106 2 3 34 22 76 99 19 12 95 55 4 84 6 9 72 29 120 88 52 115 105 63 35 45 108 15 92 111 37 123 1 54 47 107 83 
125 65 102 100 20 41 59 74 53 85 98 103 110 80 21 57 73 77 43 56 96 104 86 90 81 91 87 69 10 25 27 121 50 117 40 5 49 67 13 30 62 79 93 113 16 106 2 3 34 22 76 99 19 12 95 55 4 84 6 9 72 29 120 88 52 115 105 63 35 45 108 15 92 111 37 123 1 54 47 107 83 
