1 2 
2 3 
3 4 
4 5 
5 6 
6 7 
7 8 
8 9 108 
9 10 
10 11 
11 12 
12 13 
13 14 
14 15 
15 16 
16 17 
17 18 
18 19 
19 20 
20 21 
21 22 
22 23 27 
23 24 
24 25 
25 26 
26 22 
27 28 
28 29 43 
29 30 
30 31 
31 32 
32 33 
33 34 
34 35 40 
35 36 
36 37 
37 38 
38 39 
39 41 
40 41 
41 42 
42 28 
43 44 
44 45 90 
45 46 
46 47 
47 48 88 
48 49 
49 50 
50 51 
51 52 
52 53 
53 54 
54 55 88 
55 56 
56 57 
57 58 
58 59 
59 60 
60 61 86 
61 62 
62 63 67 
63 64 
64 65 
65 66 
66 76 
67 68 
68 69 
69 70 
70 71 
71 72 76 
72 73 
73 74 
74 75 
75 76 
76 77 
77 78 84 
78 79 
79 80 
80 81 
81 82 
82 83 
83 84 
84 85 
85 60 
86 87 
87 54 
88 89 
89 44 
90 91 
91 92 107 
92 93 
93 94 97 
94 95 
95 96 
96 105 
97 98 
98 99 
99 100 
100 101 
101 102 
102 103 
103 104 
104 105 
105 106 
106 91 
107 6 
108 
