1 1 
2 1 2 
3 3 1 2 
4 3 1 2 
5 3 5 1 2 
6 34 52 20 50 7 38 3 29 47 26 24 40 49 5 36 39 10 33 21 9 11 6 28 19 44 27 43 32 37 1 14 46 54 30 48 2 18 
7 34 52 20 50 7 38 3 29 47 26 24 40 49 36 39 10 33 21 6 9 11 28 19 44 27 43 32 37 1 14 46 54 30 48 2 18 
8 34 52 20 50 7 38 3 29 47 26 24 40 49 36 39 10 33 21 6 9 11 28 19 44 27 43 32 37 1 14 46 54 30 48 2 18 
9 34 52 20 50 7 38 3 29 47 26 24 40 49 36 39 10 33 21 6 11 9 28 19 44 27 43 32 37 1 14 46 54 30 48 2 18 
10 34 52 20 50 7 38 3 29 47 26 24 40 49 36 39 33 10 21 6 9 11 28 19 44 27 43 32 37 1 14 46 54 30 48 2 18 
11 34 52 20 50 7 38 3 29 47 26 24 40 49 36 39 10 33 21 6 9 11 28 19 44 27 43 32 37 1 14 46 54 30 48 2 18 
12 34 20 50 7 38 3 29 47 26 24 40 49 36 12 39 10 33 21 6 9 11 28 19 44 27 43 32 37 1 14 46 54 30 48 2 
13 34 16 20 50 7 38 3 29 47 26 24 40 49 36 12 39 10 33 21 6 9 11 28 19 44 27 43 32 37 1 14 46 54 30 48 2 
14 34 16 20 50 7 38 3 29 47 26 24 40 49 36 12 39 10 33 21 6 9 11 28 19 44 27 43 32 37 1 46 14 54 30 48 2 
15 34 16 20 50 7 38 3 29 47 26 24 40 49 36 12 39 10 33 21 6 9 11 28 19 44 27 43 32 37 1 14 46 54 30 48 2 
16 34 20 50 16 7 38 3 29 47 26 24 40 49 36 39 10 33 21 6 9 11 28 19 44 27 43 32 37 1 14 46 54 30 48 2 
17 34 16 20 50 7 38 3 29 47 26 24 40 49 36 39 10 33 21 6 9 11 28 19 44 27 43 32 37 1 14 46 54 30 48 2 
18 34 20 50 7 38 3 29 47 26 24 40 49 36 39 10 33 21 6 9 11 28 19 44 27 43 32 37 1 14 46 54 30 48 2 18 
19 34 20 50 7 38 3 29 47 26 24 49 36 39 10 33 21 6 9 11 28 44 27 19 43 32 37 1 14 46 54 30 48 2 18 
20 34 50 20 7 38 3 47 26 24 36 10 33 21 6 9 11 28 19 44 27 43 32 37 1 14 46 54 30 48 2 18 
21 34 52 20 50 7 38 3 29 47 26 24 40 49 36 39 10 33 21 6 9 11 28 19 44 27 43 32 37 1 14 46 54 30 48 2 18 
22 34 52 20 50 7 38 3 29 47 26 24 40 49 36 39 10 33 21 6 9 11 28 19 44 27 43 32 37 1 14 46 54 30 48 2 18 
23 34 52 20 50 7 38 3 29 47 26 24 40 49 36 39 10 33 21 6 9 11 28 19 44 27 43 32 37 1 14 46 54 30 48 2 18 
24 34 52 20 7 38 3 29 47 26 24 40 49 36 39 10 33 21 6 9 11 28 19 44 27 32 37 1 14 46 54 48 2 18 
25 34 52 20 7 38 3 29 47 26 24 40 49 36 39 10 33 21 6 9 11 28 19 27 44 32 37 1 14 46 54 30 48 2 18 
26 34 52 20 7 38 3 29 47 26 24 40 49 36 39 10 33 21 6 9 11 28 19 27 44 32 37 1 14 46 54 30 48 2 18 
27 34 52 20 7 38 3 29 47 26 24 40 49 36 39 10 33 21 6 9 11 28 19 44 27 32 37 1 14 46 54 30 48 2 18 
28 34 52 20 7 38 3 29 47 26 24 40 49 36 39 10 33 21 6 9 11 28 19 27 44 32 37 1 14 46 54 30 48 2 18 
29 34 52 7 38 3 29 47 26 24 40 36 10 33 21 6 9 11 28 19 27 44 32 37 1 14 46 54 30 48 2 18 
30 34 52 7 38 3 29 47 26 40 36 10 33 21 6 9 11 28 19 27 44 32 37 1 14 46 54 48 30 2 18 
31 34 52 7 38 3 29 47 26 40 36 10 33 21 6 9 11 28 19 27 44 32 37 1 14 46 54 30 48 2 18 
32 34 52 20 7 38 3 29 47 26 24 40 49 36 39 10 33 21 6 9 11 28 19 27 44 37 32 1 14 46 54 30 48 2 18 
33 34 52 20 7 38 3 29 47 26 24 40 49 36 39 10 33 21 6 9 11 28 19 27 44 32 37 1 14 46 54 30 48 2 18 
34 34 52 20 7 38 3 29 47 26 24 40 49 36 39 10 33 21 6 9 11 28 19 27 44 32 37 1 14 46 54 30 48 2 18 
35 34 52 20 7 38 3 29 47 26 24 40 49 36 39 10 33 21 6 9 11 28 19 27 44 32 37 1 14 46 54 30 48 2 18 
36 34 52 20 7 38 3 29 47 26 24 40 49 36 39 10 33 21 6 9 11 28 19 27 44 32 37 1 14 46 54 30 48 2 18 
37 34 52 20 7 38 3 29 47 26 24 40 49 36 39 10 33 21 6 9 11 28 19 27 44 32 37 1 14 46 54 30 48 2 18 
38 34 52 20 7 38 3 29 47 26 24 40 49 36 39 10 33 21 6 9 11 28 19 27 44 32 37 1 14 46 54 30 48 2 18 
39 34 52 7 38 3 47 26 24 40 36 39 10 33 21 6 9 11 28 19 27 44 32 37 1 14 46 54 30 48 2 18 
40 34 52 7 38 3 47 26 24 40 36 39 10 33 21 6 9 11 28 27 44 32 37 1 14 46 54 30 48 2 18 
41 34 52 7 38 3 47 26 24 40 36 39 10 33 21 6 9 11 28 27 44 32 37 1 14 46 54 30 48 2 18 
42 34 52 7 38 3 47 26 24 40 36 39 10 33 21 6 9 11 28 27 44 32 37 1 14 46 54 30 48 2 18 
43 34 52 20 7 38 3 29 47 26 40 49 36 39 10 33 21 6 9 11 28 19 44 27 43 32 37 1 14 46 54 48 2 18 
44 34 52 20 50 7 38 3 29 47 26 40 49 36 39 10 33 21 6 9 11 28 19 27 44 43 32 37 1 46 14 54 48 2 18 
45 34 52 20 50 7 38 3 29 47 26 40 49 36 39 10 33 21 6 9 11 28 19 44 27 43 32 37 1 46 14 54 48 2 18 
46 34 52 20 50 7 38 3 29 47 26 40 49 36 39 10 33 21 6 9 11 28 19 44 27 43 32 37 1 14 46 54 48 2 18 
47 34 52 20 50 7 38 3 29 47 26 40 49 36 39 10 33 21 6 9 11 28 19 44 27 43 32 37 1 46 14 54 48 2 18 
48 34 52 20 50 7 38 3 29 47 26 40 49 36 39 10 33 21 6 9 11 28 19 44 27 43 32 37 1 46 14 54 48 2 18 
49 34 52 50 7 38 3 47 26 40 49 36 10 33 21 6 9 11 28 19 44 27 43 32 37 1 46 14 54 48 2 18 
50 34 52 50 7 38 3 47 26 40 49 36 10 33 21 6 9 11 28 19 44 27 32 37 1 46 14 54 48 2 18 
51 34 52 50 7 38 3 47 26 40 49 36 10 33 21 6 9 11 28 19 44 27 32 37 1 46 14 54 48 2 18 
52 34 52 20 50 7 38 3 29 47 26 24 40 49 36 39 10 33 21 6 9 11 28 19 44 27 43 32 37 1 14 46 54 30 48 2 
53 34 52 20 50 7 38 3 29 47 26 24 40 49 36 39 10 33 21 6 9 11 28 19 44 27 43 32 37 1 14 46 54 30 48 2 
54 34 52 20 50 7 38 3 29 47 26 24 40 49 36 39 10 33 21 6 9 11 28 19 44 27 43 32 37 1 14 46 54 30 48 2 18 
55 34 52 20 50 7 38 3 29 47 26 24 40 49 36 39 10 33 21 6 9 11 28 19 44 27 43 32 37 1 14 46 54 30 48 2 18 
56 34 52 20 50 7 38 3 29 47 26 24 40 49 36 39 10 33 21 6 9 11 28 19 44 27 43 32 37 1 14 46 54 30 48 2 18 
57 34 52 20 50 7 38 3 29 47 26 24 40 49 36 39 10 33 21 6 9 11 28 19 44 27 43 32 37 1 14 46 54 30 48 2 18 
