1 1 
2 1 2 
3 1 2 
4 1 2 4 
5 6 8 12 1 14 4 20 7 2 9 11 17 15 
6 8 12 6 1 14 4 20 7 2 9 11 17 15 
7 6 8 12 1 14 4 20 7 2 9 11 17 15 
8 6 12 8 1 14 4 20 7 2 9 11 17 15 
9 6 8 12 1 14 4 20 7 2 9 11 17 15 
10 6 8 12 1 14 4 20 7 2 9 11 17 15 
11 6 8 12 1 14 4 20 7 2 9 11 17 15 
12 6 8 12 1 14 4 20 7 2 9 11 17 15 
13 6 8 12 1 14 4 20 7 2 9 11 17 15 
14 6 8 12 1 14 4 20 7 2 9 11 17 15 
15 6 8 12 1 14 4 20 7 2 9 11 17 15 
16 6 8 12 1 14 4 20 7 2 9 11 17 15 
17 6 8 12 1 14 4 20 7 2 9 11 17 15 
18 6 8 12 1 14 4 20 7 2 9 11 17 15 
19 6 8 12 1 14 4 20 7 2 9 11 17 15 
20 6 8 12 1 2 14 20 9 7 11 17 15 
21 6 8 12 1 2 14 20 9 7 11 17 15 
22 6 8 12 1 14 4 20 22 7 2 9 11 17 15 
23 6 8 12 1 14 4 20 22 7 23 2 9 11 17 15 
24 6 8 12 1 24 14 4 20 22 7 23 2 9 11 17 15 
25 6 8 12 1 24 14 4 20 22 25 7 23 2 9 11 17 15 
26 6 8 12 1 24 14 4 20 22 25 7 23 2 9 11 17 15 
27 6 8 12 1 24 14 4 20 22 25 7 23 2 27 9 11 17 15 
28 6 8 12 1 24 14 4 20 28 22 25 7 23 2 27 9 11 17 15 
29 6 8 12 1 24 14 4 20 28 22 25 7 23 2 27 9 11 17 15 
30 6 8 12 1 24 14 4 20 28 22 30 25 7 23 2 27 9 11 17 15 
31 6 8 12 1 24 14 4 20 28 22 30 25 7 23 2 31 27 9 11 17 15 
32 6 8 12 1 24 14 4 20 28 22 30 25 7 23 2 31 27 9 11 17 15 
33 6 8 12 1 24 14 4 20 28 22 30 25 7 23 2 31 27 9 11 17 15 
34 6 8 12 1 24 14 4 20 28 22 30 25 7 23 34 2 31 27 9 11 17 15 
35 6 8 12 1 24 14 4 20 28 22 30 25 7 23 34 2 31 27 35 9 11 17 15 
36 6 8 12 1 24 14 4 20 28 22 30 25 7 23 34 2 31 36 27 35 9 11 17 15 
37 8 12 1 24 14 20 22 30 37 23 36 35 17 6 4 28 25 7 34 2 31 27 9 11 15 
38 8 12 1 24 14 20 22 30 37 23 36 35 17 6 4 28 25 7 34 2 31 27 9 11 15 
39 8 12 1 24 14 20 22 30 39 37 23 36 35 17 6 4 28 25 7 34 2 31 27 9 11 15 
40 8 12 1 24 14 20 22 30 39 37 23 36 35 17 6 4 28 25 7 34 2 31 27 9 11 15 40 
41 8 12 1 24 14 20 22 30 39 37 23 36 35 17 6 4 28 25 7 34 2 31 27 9 11 40 15 
42 8 12 1 24 14 20 22 30 39 37 23 36 35 42 17 6 4 28 25 7 34 2 31 27 9 11 40 15 
43 8 12 1 24 14 20 22 30 39 37 23 36 35 42 43 17 6 4 28 25 7 34 2 31 27 9 11 40 15 
44 8 12 1 24 14 20 22 30 39 37 23 36 35 42 43 17 6 4 28 25 7 34 2 31 27 9 11 40 15 
45 8 12 1 24 14 20 22 30 39 37 23 36 35 42 43 17 6 4 28 25 7 34 2 31 27 9 11 40 15 
46 8 12 1 24 14 20 22 30 39 37 23 36 35 42 43 17 6 4 28 25 7 34 2 31 27 9 11 40 15 
