1 1 
2 1 2 
3 1 2 3 
4 1 2 3 
5 5 1 2 3 
6 37 34 1 18 6 22 29 40 20 16 35 11 9 15 41 7 21 24 3 5 13 10 30 2 14 23 
7 37 34 1 6 18 22 29 40 20 16 35 11 9 15 41 7 21 24 3 13 10 30 2 14 23 
8 37 34 1 6 18 22 29 40 20 16 35 11 9 15 41 7 21 24 3 13 10 30 2 14 23 
9 37 34 1 6 18 22 29 40 20 16 35 11 9 15 41 7 21 24 3 13 10 30 2 14 23 
10 37 34 1 6 18 22 29 40 20 16 35 11 9 15 41 7 21 24 3 13 10 30 2 14 23 
11 37 34 1 6 18 22 29 40 20 16 35 11 9 15 41 7 21 24 3 13 10 30 2 14 23 
12 37 34 1 6 18 22 29 40 20 16 35 11 9 15 41 7 21 24 3 13 10 30 2 14 23 
13 37 34 1 6 18 22 29 40 20 16 35 11 9 15 41 7 21 24 3 13 10 30 2 14 23 
14 37 34 1 6 18 22 29 40 20 16 35 11 9 15 41 7 21 24 3 13 10 30 2 23 14 
15 37 1 6 18 41 15 7 22 29 21 24 3 40 13 10 30 20 16 35 11 2 9 14 23 
16 37 1 6 18 15 41 7 22 29 21 24 3 40 13 10 30 20 16 11 2 9 14 23 
17 37 34 1 6 18 22 29 40 20 16 35 11 9 15 19 41 7 21 24 3 13 10 30 2 14 23 
18 37 34 1 6 18 22 29 40 20 16 35 11 9 15 19 41 7 21 24 3 13 10 30 2 14 23 
19 37 34 1 6 18 22 29 20 16 35 11 9 15 41 19 7 21 24 3 13 10 30 2 14 23 
20 37 34 1 6 18 22 29 20 16 35 11 9 15 19 41 7 21 24 3 13 10 30 2 14 23 
21 37 34 1 6 18 22 29 20 16 35 11 9 15 19 41 7 24 21 3 13 10 30 2 14 23 
22 37 34 1 6 18 22 29 20 16 35 11 9 15 19 41 7 21 24 3 13 10 30 2 14 23 
23 37 34 1 6 18 22 29 20 16 35 11 9 15 19 41 7 21 24 3 13 10 30 2 14 23 
24 37 34 1 6 18 22 29 20 16 35 11 9 15 19 41 7 21 24 3 13 10 30 2 14 23 
25 37 34 1 6 18 22 29 20 16 35 11 9 15 19 41 7 21 24 3 13 10 30 2 14 23 
26 37 34 1 6 18 22 29 20 16 35 11 9 15 19 41 7 21 24 3 13 10 30 2 14 23 
27 37 34 1 6 18 22 29 20 16 35 11 9 15 19 41 7 21 24 3 13 10 30 2 14 23 
28 37 1 6 18 19 41 7 22 29 21 24 3 28 13 10 30 20 16 35 11 2 9 14 23 
29 37 1 6 18 19 41 7 22 21 24 29 3 28 13 10 30 20 16 35 11 2 9 14 23 
30 37 1 6 18 19 41 7 22 21 24 29 3 28 13 10 30 20 16 35 11 2 9 14 23 
31 37 1 6 18 19 41 7 22 21 24 29 3 28 13 10 30 20 16 35 11 2 9 14 23 
32 37 1 6 18 19 41 7 22 21 24 29 3 28 13 10 30 20 16 35 11 2 9 14 23 
33 37 1 6 18 19 41 7 22 21 24 29 3 28 13 10 30 20 16 35 11 2 9 14 23 
34 37 34 1 6 18 19 41 7 22 21 24 29 3 13 10 30 20 16 35 11 2 9 14 23 
35 37 34 1 6 18 19 41 7 22 21 24 29 3 13 10 30 20 35 11 2 9 14 23 
36 37 34 1 6 18 19 41 7 22 21 24 29 3 13 10 30 20 35 11 2 9 14 23 
37 37 34 1 6 18 22 29 40 20 16 35 11 9 15 19 41 7 21 24 3 13 10 30 2 14 23 
38 37 34 1 6 18 22 29 40 20 16 35 11 9 15 19 41 7 21 24 3 13 10 30 2 14 23 
39 37 34 1 6 18 22 29 40 20 16 35 11 9 15 19 41 7 21 24 3 13 10 30 2 14 23 
40 37 34 1 6 18 22 29 40 20 16 35 11 9 15 41 7 21 24 3 13 10 30 2 14 23 
41 37 34 1 6 18 22 29 40 20 16 35 11 9 15 41 7 21 24 3 13 10 30 2 14 23 
42 37 34 1 6 18 22 29 40 20 16 35 11 9 15 41 7 21 24 3 13 10 30 2 14 23 
43 37 34 1 6 18 22 29 40 20 16 35 11 9 15 41 7 21 24 3 13 10 30 2 14 23 
44 37 34 1 6 18 22 29 40 20 16 35 11 9 15 41 7 21 24 3 13 10 30 2 14 23 
