1 1 
2 2 
4 3 
5 4 
6 5 
7 6 
8 7 
9 8 
11 9 
12 10 
13 11 
15 12 
16 13 
18 14 
19 7 
20 8 
22 15 
23 8 
24 16 
25 17 
26 18 
28 19 
29 20 
30 21 
32 18 
34 22 
36 23 
38 24 
39 25 
41 26 
42 27 
43 28 
44 29 
45 30 
46 31 
47 32 
49 33 
52 26 
53 27 
56 26 
57 27 
58 34 
60 35 
61 36 
63 37 
64 38 
65 39 
67 40 
68 41 
70 41 
71 42 
72 43 
73 44 
74 45 
76 46 
77 47 
78 48 
80 48 
81 49 
82 50 
83 51 
84 52 
85 53 
86 54 
87 55 
88 56 
90 57 
91 58 
92 59 
93 60 
94 61 
95 62 
96 63 
97 64 
98 65 
99 66 
100 67 
102 68 
103 69 
104 70 
105 71 
107 72 
108 73 
111 74 
112 75 
114 76 
115 77 
117 59 
118 60 
120 60 
122 78 
123 79 
124 80 
125 81 
126 82 
127 83 
129 84 
130 85 
131 86 
132 87 
133 88 
134 35 
136 35 
137 36 
139 89 
141 90 
145 91 
148 30 
149 31 
151 92 
152 93 
154 94 
155 95 
156 96 
157 97 
158 98 
159 99 
160 100 
161 101 
162 102 
163 103 
164 104 
165 105 
166 106 
167 107 
168 108 
169 109 
