1 1 
2 2 
3 3 
5 4 
6 5 
7 6 
8 7 
10 8 
11 9 
13 10 
14 11 
16 12 
17 6 
18 7 
20 7 
21 13 
22 14 
23 15 
24 16 
25 17 
27 18 
28 19 
29 20 
31 17 
33 21 
35 22 
37 23 
38 24 
40 25 
41 26 
42 27 
43 28 
44 29 
46 30 
49 28 
51 31 
54 32 
55 33 
56 34 
59 35 
61 36 
62 37 
63 38 
64 39 
65 40 
66 41 
67 42 
70 43 
71 44 
72 45 
74 46 
75 47 
76 48 
78 49 
80 39 
81 41 
83 50 
84 41 
86 35 
89 28 
90 51 
92 35 
94 52 
95 53 
96 54 
97 55 
98 56 
99 57 
100 58 
101 59 
102 60 
103 61 
104 62 
105 63 
106 64 
108 35 
110 29 
112 29 
114 65 
115 66 
117 29 
