1 1 
2 1 2 
3 1 2 3 
4 1 2 3 
5 1 2 5 3 
6 1 2 5 3 6 
7 1 2 5 3 7 6 
8 1 2 5 3 8 7 6 
9 1 19 20 13 11 16 2 5 3 14 17 7 6 8 10 21 
10 1 19 20 13 11 16 2 5 3 14 17 7 6 8 21 10 
11 1 19 20 13 16 11 2 5 3 14 17 7 6 8 10 21 
12 1 19 20 13 11 16 2 5 3 14 17 7 6 8 10 21 
13 1 19 20 13 11 16 2 5 3 14 17 7 6 8 10 21 
14 1 19 20 13 11 16 2 5 3 14 17 7 6 8 10 21 
15 1 19 20 13 11 16 2 5 3 14 17 7 6 8 10 21 
16 1 19 20 13 11 16 2 5 3 14 17 7 6 8 10 21 
17 1 19 20 13 11 16 2 5 3 14 17 7 6 8 10 21 
18 1 19 20 13 11 16 2 5 3 14 17 7 6 8 10 21 
19 1 19 20 13 11 16 2 5 3 14 17 7 6 8 10 21 
20 1 19 20 13 11 16 2 5 3 14 17 6 8 10 21 
21 1 19 20 13 11 16 2 5 3 14 17 7 6 10 21 
22 1 19 20 13 11 16 2 5 3 14 17 7 6 10 21 
23 1 19 13 11 16 2 5 3 14 17 6 23 8 10 21 
24 1 19 13 11 16 2 5 3 14 17 6 24 23 10 
25 1 19 13 11 16 2 5 3 14 17 6 25 24 23 10 
26 1 19 13 11 16 26 2 5 3 14 17 6 25 24 23 10 
27 1 19 13 26 11 16 2 5 3 27 14 17 6 25 24 23 10 
28 1 19 29 33 30 13 26 11 16 2 5 3 27 14 17 6 25 24 23 31 10 
29 1 19 33 29 30 13 26 11 16 2 5 3 27 14 17 6 25 24 23 31 10 
30 1 19 29 33 30 13 26 11 16 2 5 3 27 14 17 6 25 24 23 31 10 
31 1 19 29 33 30 13 26 11 16 2 5 3 27 14 17 6 25 24 23 31 10 
32 1 19 29 33 30 13 26 11 16 2 5 3 27 14 17 6 25 24 23 31 10 
33 1 19 29 33 30 13 26 11 16 2 5 3 14 17 6 25 24 23 31 10 
34 1 19 29 33 30 13 26 11 16 2 5 3 14 17 6 25 24 23 31 10 
35 1 19 29 33 30 13 26 11 16 2 5 3 27 14 17 6 25 24 23 31 35 10 
36 1 19 29 33 30 13 26 11 16 2 5 3 27 14 17 6 25 24 23 31 35 10 
37 1 19 29 33 30 13 26 11 16 2 5 3 27 37 14 17 6 25 24 23 31 35 10 
38 1 19 29 33 30 13 26 11 16 2 5 38 3 27 37 14 17 6 25 24 23 31 35 10 
39 30 26 16 2 38 3 17 23 31 10 1 19 29 33 13 11 5 27 37 39 14 6 25 24 35 
40 30 26 16 2 38 3 17 23 31 40 10 1 19 29 33 13 11 5 27 37 39 14 6 25 24 35 
41 57 30 2 50 56 61 69 62 1 59 13 11 42 5 27 37 39 53 14 49 45 35 52 46 63 26 66 16 38 3 67 17 51 47 44 23 31 40 43 58 10 19 29 33 54 64 6 25 24 
42 57 30 2 50 56 61 69 62 1 59 13 11 42 5 27 37 39 53 14 49 45 35 52 46 63 26 66 16 38 3 67 17 51 47 44 23 31 40 43 58 10 19 29 33 54 64 6 25 24 
43 57 30 2 50 56 61 69 62 1 59 13 11 42 5 27 37 39 53 14 49 45 35 52 46 63 26 66 16 38 3 67 17 51 47 44 23 31 40 58 43 10 19 29 33 54 64 6 25 24 
44 57 30 2 50 56 61 69 62 1 59 13 11 42 5 27 37 39 53 14 49 45 35 52 46 63 26 66 16 38 3 67 17 51 47 44 23 31 40 43 58 10 19 29 33 54 64 6 25 24 
45 57 30 2 50 56 61 69 62 1 59 13 11 42 5 27 37 39 53 14 49 45 35 52 46 63 26 66 16 38 3 67 17 51 47 44 23 31 40 43 58 10 19 29 33 54 64 6 25 24 
46 57 30 2 50 56 61 69 62 1 59 13 11 42 5 27 37 39 53 14 49 45 35 52 46 63 26 66 16 38 3 67 17 51 47 44 23 31 40 43 58 10 19 29 33 54 64 6 25 24 
47 57 30 2 50 56 61 69 62 1 59 13 11 42 5 27 37 39 53 14 49 45 35 52 46 63 26 66 16 38 3 67 17 51 47 44 23 31 40 43 58 10 19 29 33 54 64 6 25 24 
48 57 30 2 50 56 61 69 62 1 59 13 11 42 5 27 37 39 53 14 49 45 35 52 46 63 26 66 16 38 3 67 17 51 47 44 23 31 40 43 58 10 19 29 33 54 64 6 25 24 
49 57 30 2 50 56 61 69 62 1 59 13 11 42 5 27 37 39 53 14 49 45 35 52 46 63 26 66 16 38 3 67 17 51 47 44 23 31 40 43 58 10 19 29 33 54 64 6 25 24 
50 57 30 2 50 56 61 69 62 1 59 13 11 42 5 27 37 39 53 14 49 45 35 52 46 63 26 66 16 38 3 67 17 51 47 44 23 31 40 43 58 10 19 29 33 54 64 6 25 24 
51 57 30 2 50 56 61 69 62 1 59 13 11 42 5 27 37 39 53 14 49 45 35 52 46 63 26 66 16 38 3 67 17 51 47 44 23 31 40 43 58 10 19 29 33 54 64 6 25 24 
52 57 30 2 50 56 61 69 62 1 59 13 11 42 5 27 37 39 53 14 49 45 35 52 46 63 26 66 16 38 3 67 17 51 47 44 23 31 40 43 58 10 19 29 33 54 64 6 25 24 
53 57 30 2 50 56 61 69 62 1 59 13 11 42 5 27 37 39 53 14 49 45 35 52 46 63 26 66 16 38 3 67 17 51 47 44 23 31 40 43 58 10 19 29 33 54 64 6 25 24 
54 57 30 2 50 56 61 69 62 1 59 13 11 42 5 27 37 39 53 14 49 45 35 52 46 63 26 66 16 38 3 67 17 51 47 44 23 31 40 43 58 10 19 29 33 54 64 6 25 24 
55 57 30 2 50 56 61 69 62 1 59 13 11 42 5 27 37 39 53 14 49 45 35 52 46 63 26 66 16 38 3 67 17 51 47 44 23 31 40 43 58 10 19 29 33 54 64 6 25 24 
56 57 30 2 50 56 61 69 62 1 59 13 11 42 5 27 37 39 53 14 49 45 35 52 46 63 26 66 16 38 3 67 17 51 47 44 23 31 40 43 58 10 19 29 33 54 64 6 25 24 
57 30 57 2 50 56 61 69 62 1 59 13 11 42 5 27 37 39 53 14 49 45 35 52 46 63 26 66 16 38 3 67 17 51 47 44 23 31 40 43 58 10 19 29 33 54 64 6 25 24 
58 57 30 2 50 56 61 69 62 1 59 13 11 42 5 27 37 39 53 14 49 45 35 52 46 63 26 66 16 38 3 67 17 51 47 44 23 31 40 43 58 10 19 29 33 54 64 6 25 24 
59 57 30 2 50 56 61 69 62 1 59 13 11 42 5 27 37 39 53 14 49 45 35 52 46 63 26 66 16 38 3 67 17 51 47 44 23 31 40 43 58 10 19 29 33 54 64 6 25 24 
60 57 30 2 50 56 61 69 62 1 59 13 11 42 5 27 37 39 53 14 49 45 35 52 46 63 26 66 16 38 3 67 17 51 47 44 23 31 40 43 58 10 19 29 33 54 64 6 25 24 
61 57 30 2 50 56 61 69 62 1 59 13 11 42 5 27 37 39 53 14 49 45 35 52 46 63 26 66 16 38 3 67 17 51 47 44 23 31 40 43 58 10 19 29 33 54 64 6 25 24 
62 57 30 2 50 56 61 69 62 1 59 13 11 42 5 27 37 39 53 14 49 45 35 52 46 63 26 66 16 38 3 67 17 51 47 44 23 31 40 43 58 10 19 29 33 54 64 6 25 24 
63 57 30 2 50 56 61 69 62 1 59 13 11 42 5 27 37 39 53 14 49 45 35 52 46 63 26 66 16 38 3 67 17 51 47 44 23 31 40 43 58 10 19 29 33 54 64 6 25 24 
64 57 30 2 50 56 61 69 62 1 59 13 11 42 5 27 37 39 53 14 49 45 35 52 46 63 26 66 16 38 3 67 17 51 47 44 23 31 40 43 58 10 19 29 33 54 64 6 25 24 
65 57 30 2 50 56 61 69 62 1 59 13 11 42 5 27 37 39 53 14 49 45 35 52 46 63 26 66 16 38 3 67 17 51 47 44 23 31 40 43 58 10 19 29 33 54 64 6 25 24 
66 57 30 2 50 56 61 69 62 1 59 13 11 42 5 27 37 39 53 14 49 45 35 52 46 63 26 16 66 38 3 67 17 51 47 44 23 31 40 43 58 10 19 29 33 54 64 6 25 24 
67 57 30 2 50 56 61 69 62 1 59 13 11 42 5 27 37 39 53 14 49 45 35 52 46 63 26 66 16 38 3 17 67 51 47 44 23 31 40 43 58 10 19 29 33 54 64 6 25 24 
68 57 30 2 50 56 61 69 62 1 59 13 11 42 5 27 37 39 53 14 49 45 35 52 46 63 26 66 16 38 3 67 17 51 47 44 23 31 40 43 58 10 19 29 33 54 64 6 25 24 
69 46 63 57 30 26 66 16 2 50 38 56 3 61 67 17 51 47 44 69 23 31 62 43 58 10 1 59 19 29 33 13 11 42 5 27 37 39 53 14 54 64 6 49 25 24 45 35 52 
70 46 63 57 30 26 66 16 2 50 38 3 56 61 67 17 51 47 44 69 23 31 62 43 58 10 1 59 19 29 33 13 11 42 5 27 37 39 53 54 14 64 6 49 25 24 45 35 52 
71 57 30 2 50 56 61 69 62 1 59 13 11 71 42 5 27 37 39 53 14 49 45 35 52 46 63 26 66 16 38 3 67 17 51 47 44 23 31 40 43 58 10 19 29 33 54 64 6 25 24 
72 57 30 2 50 56 61 69 62 1 59 13 71 11 42 5 27 37 39 53 14 49 45 35 52 46 63 26 66 16 38 3 67 17 51 47 44 23 31 40 43 58 10 19 29 33 54 64 6 25 24 
73 57 30 73 2 50 56 61 69 62 1 59 13 71 11 42 5 27 37 39 53 14 49 45 35 52 46 63 26 66 16 38 3 67 17 51 47 44 23 31 40 43 58 10 19 29 33 54 64 6 25 24 
74 73 57 30 74 2 50 56 61 69 62 1 59 13 71 11 42 5 27 37 39 53 14 49 45 35 52 46 63 26 66 16 38 3 67 17 51 47 44 23 31 40 43 58 10 19 29 33 54 64 6 25 24 
75 73 57 30 74 2 50 56 61 69 62 1 59 13 71 11 42 5 27 37 39 53 14 49 45 35 52 46 63 26 66 16 38 3 67 17 51 47 44 23 31 40 43 58 10 19 29 33 54 64 6 25 24 
76 73 57 30 74 2 50 56 61 62 1 59 13 71 11 42 5 27 37 39 53 14 49 45 35 52 46 76 63 26 66 16 38 3 67 17 51 47 44 23 31 43 58 10 19 29 33 54 64 6 25 24 
77 73 57 30 74 2 50 56 61 62 1 59 77 13 71 11 42 5 27 37 39 53 14 49 45 35 52 76 46 63 26 66 16 38 3 67 17 51 47 44 23 31 43 58 10 19 29 33 54 64 6 25 24 
78 73 57 30 74 2 50 56 61 62 1 77 59 13 71 11 42 5 27 37 39 53 14 49 45 35 52 76 46 63 26 66 16 38 3 67 17 51 47 44 23 31 43 58 10 19 29 33 54 78 64 6 25 24 
79 73 57 30 74 2 50 56 61 79 62 1 77 59 13 71 11 42 5 27 37 39 53 14 49 45 35 52 76 46 63 26 66 16 38 3 67 17 51 47 44 23 31 43 58 10 19 29 33 54 78 64 6 25 24 
80 73 57 30 74 2 50 56 79 61 62 1 77 59 13 71 11 42 5 27 37 39 53 14 49 80 45 35 52 76 46 63 26 66 16 38 3 67 17 51 47 44 23 31 43 58 10 19 29 33 54 78 64 6 25 24 
81 30 50 79 91 151 1 77 13 11 5 139 37 39 133 80 35 63 66 119 38 3 111 67 51 47 44 112 43 58 29 33 123 143 54 106 87 6 125 128 25 24 108 101 83 105 145 86 138 73 57 74 2 56 61 98 131 99 114 121 62 141 59 124 135 71 42 148 27 53 14 118 49 129 45 134 120 52 76 46 26 16 17 136 23 31 10 19 97 109 81 78 64 89 102 94 113 104 115 132 92 149 
82 30 50 79 91 151 1 77 13 11 5 139 37 39 133 80 35 63 66 119 38 3 111 67 51 47 44 112 43 58 29 33 123 143 54 106 87 6 125 128 25 24 108 101 83 105 145 86 138 73 57 74 2 56 61 98 131 99 114 121 62 141 59 124 135 71 42 148 27 53 14 118 49 129 45 134 120 52 76 46 26 16 17 136 23 31 10 19 97 81 109 78 64 89 102 94 113 104 115 132 92 149 
83 30 50 79 91 151 1 77 13 11 5 139 37 39 133 80 35 63 66 119 38 3 111 67 51 47 44 112 43 58 29 33 123 143 54 106 87 6 125 128 25 24 108 101 105 83 145 86 138 73 57 74 2 56 61 98 131 99 114 121 62 141 59 124 135 71 42 148 27 53 14 118 49 129 45 134 120 52 76 46 26 16 17 136 23 31 10 19 97 81 109 78 64 89 102 94 113 104 115 132 92 149 
84 30 50 79 91 151 1 77 13 11 5 139 37 39 133 80 35 63 66 119 38 3 111 67 51 47 44 112 43 58 29 33 123 143 54 106 87 6 125 128 25 24 108 101 83 105 145 86 138 73 57 74 2 56 61 98 131 99 114 121 62 141 59 124 135 71 42 148 27 53 14 118 49 129 45 134 120 52 76 46 26 16 17 136 23 31 10 19 97 81 109 78 64 89 102 94 113 104 115 132 92 149 
85 30 50 79 91 151 1 77 13 11 5 139 37 39 133 80 35 63 66 119 38 3 111 67 51 47 44 112 43 58 29 33 123 143 54 106 87 6 125 128 25 24 108 101 83 105 145 86 138 73 57 74 2 56 61 98 131 99 114 121 62 141 59 124 135 71 42 148 27 53 14 118 49 129 45 134 120 52 76 46 26 16 17 136 23 31 10 19 97 81 109 78 64 89 102 94 113 104 115 132 92 149 
86 30 50 79 91 151 1 77 13 11 5 139 37 39 133 80 35 63 66 119 38 3 111 67 51 47 44 112 43 58 29 33 123 143 54 106 87 6 125 128 25 24 108 101 83 105 145 86 138 73 57 74 2 56 61 98 131 99 114 121 62 141 59 124 135 71 42 148 27 53 14 118 49 129 45 134 120 52 46 26 16 17 136 23 31 10 19 81 109 78 64 89 102 94 113 104 115 132 92 149 
87 30 50 79 91 151 1 13 11 5 139 37 39 133 80 35 63 66 119 38 3 111 67 51 47 44 112 43 58 29 33 123 143 54 106 87 6 125 128 25 24 108 101 83 105 145 86 138 73 57 74 2 56 61 131 99 114 121 62 141 59 124 135 71 42 148 27 53 14 118 49 129 45 134 120 52 46 26 16 17 136 23 31 10 19 81 109 78 64 89 102 94 113 104 115 132 92 149 
88 30 50 79 91 151 1 13 11 5 139 37 39 133 80 35 63 66 119 38 3 111 67 51 47 44 112 43 58 29 33 123 143 54 106 87 6 125 128 25 24 108 101 83 105 145 86 138 73 57 74 2 56 61 131 99 114 121 62 141 59 124 135 71 42 148 27 53 14 118 49 129 45 134 120 52 46 26 16 17 136 23 31 10 19 81 109 78 64 89 102 94 113 104 115 132 92 149 
89 86 30 73 57 74 2 50 56 79 61 131 99 91 114 151 121 62 141 1 59 124 13 135 11 71 42 5 139 148 37 39 27 53 14 118 133 49 129 80 45 35 134 120 52 46 63 66 119 26 16 38 3 111 67 17 51 47 44 136 23 112 31 43 58 10 19 29 33 123 81 109 143 54 106 78 64 87 6 125 128 25 89 102 24 108 113 83 105 104 115 132 145 92 149 
90 86 73 57 30 74 2 50 56 79 61 131 99 91 114 151 121 62 141 1 59 124 13 135 71 11 42 5 148 139 27 37 39 53 14 118 133 49 129 80 45 35 134 120 52 46 63 26 66 16 119 38 3 111 67 17 51 47 44 136 23 31 112 43 58 10 19 29 33 123 81 109 143 54 106 78 64 87 6 125 128 25 89 94 102 24 108 113 83 105 104 115 132 92 145 149 
91 86 73 57 30 74 2 50 56 79 61 131 99 91 114 151 121 62 141 1 59 124 13 135 71 11 42 5 148 139 27 37 39 53 14 118 133 49 129 80 45 35 134 120 52 46 63 26 66 16 119 38 3 111 67 17 51 47 44 136 23 31 112 43 58 10 19 29 33 123 81 109 143 54 106 78 64 87 6 125 128 25 89 94 102 24 108 113 83 105 104 115 132 92 145 149 
92 86 73 57 30 74 2 50 56 79 61 131 99 91 114 151 121 62 141 1 59 124 13 135 71 11 42 5 148 139 27 37 39 53 14 118 133 49 129 80 45 35 134 120 52 46 63 26 66 16 119 38 3 111 67 17 51 47 44 136 23 31 112 43 58 10 19 29 33 123 81 109 143 54 106 78 64 87 6 125 128 25 89 94 102 24 108 113 83 105 104 115 132 145 92 149 
93 86 73 57 30 74 2 50 56 79 61 131 99 91 114 151 121 62 141 1 59 124 13 135 71 11 42 5 148 139 27 37 39 53 14 118 133 49 129 80 45 35 134 120 52 46 63 26 66 16 119 38 3 111 67 17 51 47 44 136 23 31 112 43 58 10 19 29 33 123 81 109 143 54 106 78 64 87 6 125 128 25 89 94 102 24 108 113 83 105 104 115 132 92 145 149 
94 86 73 57 30 74 2 50 56 79 61 131 99 91 114 151 121 62 141 1 59 124 13 135 71 11 42 5 148 139 27 37 39 53 14 118 133 49 129 80 45 35 134 120 52 46 63 26 66 16 119 38 3 111 67 17 51 47 44 136 23 31 112 43 58 10 19 29 33 123 81 109 143 54 106 78 64 87 6 125 128 25 102 94 24 108 113 83 105 104 115 132 92 145 149 
95 86 73 57 30 74 2 50 56 79 61 131 99 91 114 151 121 62 141 1 59 124 13 135 71 11 42 5 148 139 27 37 39 53 14 118 133 49 129 80 45 35 134 120 52 46 63 26 66 16 119 38 3 111 67 17 51 47 44 136 23 31 112 43 58 10 19 29 33 123 81 109 143 54 106 78 64 87 6 125 128 25 94 102 24 108 113 83 105 104 115 132 92 145 149 
96 86 73 57 30 74 2 50 56 79 61 131 99 91 114 151 121 62 141 1 59 124 13 135 71 11 42 5 148 139 27 37 39 53 14 118 133 49 129 80 45 35 134 120 52 46 63 26 66 16 119 38 3 111 67 17 51 47 44 136 23 31 112 43 58 10 19 29 33 123 81 109 143 54 106 78 64 87 6 125 128 25 89 94 102 24 108 113 83 105 104 115 132 92 145 149 
97 30 50 79 91 151 1 77 13 11 5 139 37 39 133 80 35 63 66 119 38 3 111 67 51 47 44 112 43 58 29 33 123 143 54 106 87 6 125 128 25 24 108 101 83 105 145 138 73 57 74 2 56 61 98 131 99 114 121 62 141 59 124 135 71 42 148 27 53 14 118 49 129 45 134 120 52 46 26 16 17 136 23 31 10 19 97 81 109 78 64 89 102 94 113 104 115 132 92 149 
98 30 50 79 91 151 1 13 11 5 139 37 39 133 80 35 63 66 119 38 3 111 67 51 47 44 112 43 58 29 33 123 143 54 106 6 125 128 25 24 108 101 83 105 145 138 73 57 74 2 56 61 131 98 99 114 121 62 141 59 124 135 71 42 148 27 53 14 118 49 129 45 134 120 52 46 26 16 17 136 23 31 10 19 97 81 109 78 64 89 102 94 113 104 115 132 92 149 
99 30 50 79 91 151 1 13 11 5 139 37 39 133 80 35 63 66 119 38 3 111 67 51 47 44 112 43 58 29 33 123 143 54 106 6 125 128 25 24 108 101 83 105 145 138 73 57 74 2 56 61 98 131 99 114 121 62 141 59 124 135 71 42 148 27 53 14 118 49 129 45 134 120 52 46 26 16 17 136 23 31 10 19 97 81 109 78 64 89 102 94 113 104 115 132 92 149 
100 30 50 79 91 151 1 13 11 5 139 37 39 133 80 35 63 66 119 38 3 111 67 51 47 44 112 43 58 29 33 123 143 54 106 6 125 128 25 24 108 101 83 105 145 138 73 57 74 2 56 61 98 131 99 114 121 62 141 59 124 135 71 42 148 27 53 14 118 49 129 45 134 120 52 46 26 16 17 136 23 31 10 19 97 81 109 78 64 89 102 94 113 104 115 132 92 149 
101 30 73 57 74 2 50 56 79 61 98 131 99 91 114 151 121 62 141 1 59 124 13 135 11 71 42 5 139 148 37 39 27 53 14 118 133 49 129 80 45 35 134 120 52 46 63 66 119 26 16 38 3 111 67 17 51 47 44 136 23 112 31 43 58 10 19 29 33 97 123 81 109 143 54 106 78 64 6 125 128 25 102 24 108 113 101 83 105 104 115 132 145 92 149 
102 73 57 30 74 2 50 56 79 61 98 131 99 91 114 151 121 62 141 1 59 124 13 135 71 11 42 5 148 27 37 39 53 14 118 133 49 129 80 45 35 134 120 52 46 63 26 66 16 119 38 3 111 67 17 51 47 44 136 23 31 112 43 58 10 19 97 29 33 123 81 109 143 54 106 78 64 6 125 128 25 102 24 108 113 101 83 105 104 115 132 145 92 149 
103 138 73 57 30 74 2 50 56 79 61 98 131 99 91 114 151 121 62 141 1 59 124 135 13 71 11 42 5 139 148 27 37 39 53 118 14 133 49 129 80 45 35 134 120 52 46 63 26 119 66 16 38 3 111 67 17 51 47 44 136 23 112 31 43 58 10 19 97 29 33 123 81 109 143 106 54 78 64 6 125 128 25 102 24 108 113 101 83 105 104 115 132 145 92 149 
104 138 73 57 30 74 2 50 56 79 61 98 131 99 91 114 151 121 62 141 1 59 124 135 13 71 11 42 5 139 148 27 37 39 53 118 14 133 49 129 80 45 35 134 120 52 46 63 26 119 66 16 38 3 111 67 17 51 47 44 136 23 112 31 43 58 10 19 97 29 33 123 81 109 143 106 54 78 64 6 125 128 25 102 24 108 113 101 83 105 115 104 132 145 92 149 
105 138 73 57 30 74 2 50 56 79 61 98 131 99 91 114 151 121 62 141 1 59 124 135 13 71 11 42 5 139 148 27 37 39 53 118 14 133 49 129 80 45 35 134 120 52 46 63 26 119 66 16 38 3 111 67 17 51 47 44 136 23 112 31 43 58 10 19 97 29 33 123 81 109 143 106 54 78 64 6 125 128 25 102 24 108 113 101 83 105 104 115 132 145 92 149 
106 138 73 57 30 74 2 50 56 79 61 98 131 99 91 114 151 121 62 141 1 59 124 135 13 71 11 42 5 139 148 27 37 39 53 118 14 133 49 129 80 45 35 134 120 52 46 63 26 119 66 16 38 3 111 67 17 51 47 44 136 23 112 31 43 58 10 19 97 29 33 123 81 109 143 54 106 78 64 6 125 128 25 102 24 108 113 101 83 105 104 115 132 145 92 149 
107 138 73 57 30 74 2 50 56 79 61 98 131 99 91 114 151 121 62 141 1 59 124 135 13 71 11 42 5 139 148 27 37 39 53 118 14 133 49 129 80 45 35 134 120 52 46 63 26 119 66 16 38 3 67 17 51 47 44 136 23 112 31 43 58 10 19 97 29 33 123 81 109 143 106 54 78 64 6 125 128 25 102 24 108 113 101 83 105 104 115 132 145 92 107 149 
108 138 73 57 30 74 2 50 56 79 61 98 131 99 91 114 151 121 62 141 1 59 124 135 13 71 11 42 5 139 148 27 37 39 53 118 14 133 49 129 80 45 35 134 120 52 46 63 26 119 66 16 38 3 67 17 51 47 44 136 23 112 31 43 58 10 19 97 29 33 123 81 109 143 106 54 78 64 6 125 128 25 102 24 113 108 101 83 105 104 115 132 107 145 92 149 
109 138 73 57 30 74 2 50 56 79 61 98 131 99 91 114 151 121 62 141 1 59 124 135 13 71 11 42 5 139 148 27 37 39 53 118 14 133 49 129 80 45 35 134 120 52 46 63 26 119 66 16 38 3 67 17 51 47 44 136 23 112 31 43 58 10 19 97 29 33 123 81 109 143 106 54 78 64 6 125 128 25 102 24 108 113 101 83 105 104 115 132 107 145 92 149 
110 138 73 57 30 74 2 50 56 79 61 98 131 99 91 114 151 121 62 141 1 59 124 135 13 71 11 42 5 139 148 27 37 39 53 118 14 133 49 129 80 45 35 134 120 52 46 63 26 119 66 16 38 3 67 17 51 47 44 136 23 112 31 43 58 10 19 97 29 33 123 81 109 143 106 54 78 64 6 125 128 25 102 24 108 113 101 83 105 104 115 132 107 145 92 149 
111 138 73 57 30 74 2 50 56 79 61 98 131 99 91 114 151 121 62 141 1 59 124 135 13 71 11 42 5 139 148 27 37 39 53 118 14 133 49 129 80 45 35 134 120 52 46 63 26 119 66 16 38 3 111 67 17 51 47 44 136 23 112 31 43 58 10 19 97 29 33 123 81 109 143 106 54 78 64 6 125 128 25 102 24 108 113 101 83 105 104 115 132 145 92 149 
112 138 73 57 30 74 2 50 56 79 61 98 131 99 91 114 151 121 62 141 1 59 124 135 13 71 11 42 5 139 148 27 37 39 53 118 14 133 49 129 80 45 35 134 120 52 46 63 26 119 66 16 38 3 111 67 17 51 47 44 136 23 31 112 43 58 10 19 97 29 33 123 81 109 143 106 54 78 64 6 125 128 25 102 24 108 113 101 83 105 104 115 132 145 92 149 
113 138 73 57 30 74 2 50 56 79 61 98 131 99 91 114 151 121 62 141 1 59 124 135 13 71 11 42 5 139 148 27 37 39 53 118 14 133 49 129 80 45 35 134 120 52 46 63 26 119 66 16 38 3 111 67 17 51 47 44 136 23 112 31 43 58 10 19 97 29 33 123 81 109 143 106 54 78 64 6 125 128 25 102 24 108 113 101 83 105 104 115 132 145 92 149 
114 138 73 57 30 74 2 50 56 79 61 98 131 99 91 114 151 121 62 141 1 59 124 135 13 71 11 42 5 139 148 27 37 39 53 118 14 133 49 80 45 35 134 120 52 46 63 26 119 66 16 38 3 111 67 17 51 47 44 136 23 112 31 43 58 10 19 97 29 33 123 81 109 143 106 54 78 64 6 125 128 25 102 24 108 113 101 83 105 104 115 132 145 92 149 
115 138 73 57 30 74 2 50 56 79 61 98 131 99 91 114 151 121 62 141 1 59 124 135 13 71 11 42 5 139 148 27 37 39 53 118 14 133 49 80 45 35 134 120 52 46 63 26 119 66 16 38 3 111 67 17 51 47 44 136 23 112 31 43 58 10 19 97 29 33 123 81 109 143 106 54 78 64 6 125 128 25 102 24 108 113 101 83 105 104 115 132 145 92 149 
116 138 73 57 30 74 2 50 56 79 61 98 131 99 91 114 151 121 62 141 1 59 124 135 13 71 11 42 5 139 148 27 37 39 53 118 14 133 49 129 80 45 35 134 120 52 46 63 26 119 66 16 38 3 111 67 17 51 47 44 136 23 112 31 43 58 10 19 97 29 33 123 81 109 143 106 54 78 64 6 128 125 25 102 24 108 113 101 83 105 104 115 132 145 92 149 
117 138 73 57 30 74 2 50 56 79 61 98 131 99 91 114 151 121 62 141 1 59 124 135 13 71 11 42 5 139 148 27 37 39 53 118 14 133 49 129 80 45 35 134 120 52 46 63 26 119 66 16 38 3 111 67 17 51 47 44 136 23 112 31 43 58 10 19 97 29 33 123 81 109 143 106 54 78 64 6 128 125 25 102 24 108 113 101 83 105 104 115 132 145 92 149 
118 138 73 57 30 74 2 50 56 79 61 98 131 99 91 114 151 121 62 141 1 59 124 135 13 71 11 42 5 139 148 27 37 39 53 14 118 133 49 129 80 45 35 134 120 52 46 63 26 119 66 16 38 3 111 67 17 51 47 44 136 23 112 31 43 58 10 19 97 29 33 123 81 109 143 106 54 78 64 6 128 125 25 102 24 108 113 101 83 105 104 115 132 145 92 149 
119 138 73 57 30 74 2 50 56 79 61 98 131 99 91 114 151 121 62 141 1 59 124 135 13 71 11 42 5 139 148 27 37 39 53 118 14 133 49 129 80 45 35 134 120 52 46 63 26 66 16 119 38 3 111 67 17 51 47 44 136 23 112 31 43 58 10 19 97 29 33 123 81 109 143 106 54 78 64 6 128 125 25 102 24 108 113 101 83 105 104 115 132 145 92 149 
120 138 73 57 30 74 2 50 56 79 61 98 131 99 91 114 151 121 62 141 1 59 124 135 13 71 11 42 5 139 148 27 37 39 53 118 14 133 49 129 80 45 35 134 120 52 46 63 26 119 66 16 38 3 111 67 17 51 47 44 136 23 112 31 43 58 10 19 97 29 33 123 81 109 143 106 54 78 64 6 128 125 25 102 24 108 113 101 83 105 104 115 132 145 92 149 
121 138 73 57 30 74 2 50 56 79 61 98 131 99 91 114 151 121 62 141 1 59 124 135 13 71 11 42 5 139 148 27 37 39 53 118 14 133 49 129 80 45 35 134 120 52 46 63 26 119 66 16 38 3 111 67 17 51 47 44 136 23 112 31 43 58 10 19 97 29 33 123 81 109 143 106 54 78 64 6 128 125 25 102 24 108 113 101 83 105 104 115 132 145 92 149 
122 138 73 57 30 74 2 50 56 79 61 98 131 99 91 114 151 121 62 141 1 59 124 135 13 71 11 42 5 139 148 27 37 39 53 118 14 133 49 129 80 45 35 134 120 52 46 63 26 119 66 16 38 3 111 67 17 51 47 44 136 23 112 31 43 58 10 19 97 29 33 123 81 109 143 106 54 78 64 6 128 125 25 102 24 108 113 101 83 105 104 115 132 145 92 149 
123 138 73 57 30 74 2 50 56 79 61 98 131 99 91 114 151 121 62 141 1 59 124 135 13 71 11 42 5 139 148 27 37 39 53 118 14 133 49 129 80 45 35 134 120 52 46 63 26 119 66 16 38 3 111 67 17 51 47 44 136 23 112 31 43 58 10 19 97 29 33 123 81 109 143 106 54 78 64 6 128 125 25 102 24 108 113 101 83 105 104 115 132 145 92 149 
124 138 73 57 30 74 2 50 56 79 61 98 131 99 91 114 151 121 62 141 1 59 124 135 13 71 11 42 5 139 148 27 37 39 53 118 14 133 49 129 80 45 35 134 120 52 46 63 26 119 66 16 38 3 111 67 17 51 47 44 136 23 112 31 43 58 10 19 97 29 33 123 81 109 143 106 54 78 64 6 128 125 25 102 24 108 113 101 83 105 104 115 132 145 92 149 
125 138 73 57 30 74 2 50 56 79 61 98 131 99 91 114 151 121 62 141 1 59 124 135 13 71 11 42 5 139 148 27 37 39 53 118 14 133 49 129 80 45 35 134 120 52 46 63 26 119 66 16 38 3 111 67 17 51 47 44 136 23 112 31 43 58 10 19 97 29 33 123 81 109 143 106 54 78 64 6 128 125 25 102 24 108 113 101 83 105 104 115 132 145 92 149 
126 138 73 57 30 74 2 50 56 79 61 98 131 99 91 114 151 121 62 141 1 59 124 135 13 71 11 42 5 139 148 27 37 39 53 118 14 133 49 129 80 45 35 134 120 52 46 63 26 119 66 16 38 3 111 67 17 51 47 44 136 23 112 31 43 58 10 19 97 29 33 123 81 109 143 106 54 78 64 6 125 128 25 102 24 108 113 101 83 105 104 115 132 145 92 149 
127 138 73 57 30 74 2 50 56 79 61 98 131 99 91 114 151 121 62 141 1 59 124 135 13 71 11 42 5 139 148 27 37 39 53 118 14 133 49 129 80 45 35 134 120 52 46 63 26 119 66 16 38 3 111 67 17 51 47 44 136 23 112 31 43 58 10 19 97 29 33 123 81 109 143 106 54 78 64 6 125 128 25 102 24 108 113 101 83 105 104 115 132 145 92 149 
128 138 73 57 30 74 2 50 56 79 61 98 131 99 91 114 151 121 62 141 1 59 124 135 13 71 11 42 5 139 148 27 37 39 53 118 14 133 49 129 80 45 35 134 120 52 46 63 26 119 66 16 38 3 111 67 17 51 47 44 136 23 112 31 43 58 10 19 97 29 33 123 81 109 143 106 54 78 64 6 125 128 25 102 24 108 113 101 83 105 104 115 132 145 92 149 
129 138 73 57 30 74 2 50 56 79 61 98 131 99 91 151 121 62 141 1 59 124 135 13 71 11 42 5 139 148 27 37 39 53 118 14 133 49 129 80 45 35 134 120 52 46 63 26 119 66 16 38 3 111 67 17 51 47 44 136 23 112 31 43 58 10 19 97 29 33 123 81 109 143 106 54 78 64 6 128 125 25 102 24 108 113 101 83 105 104 115 132 145 92 149 
130 138 73 57 30 74 2 50 56 79 61 98 131 99 91 151 121 62 141 1 59 124 135 13 71 11 42 5 139 148 27 37 39 53 118 14 133 49 129 80 45 35 134 120 52 46 63 26 119 66 16 38 3 111 67 17 51 47 44 136 23 112 31 43 58 10 19 97 29 33 123 81 109 143 106 54 78 64 6 128 125 25 102 24 108 113 101 83 105 104 115 132 145 92 149 
131 138 73 57 30 74 2 50 56 79 61 98 131 99 91 114 151 121 62 141 1 59 124 135 13 71 11 42 5 139 148 27 37 39 53 118 14 133 49 129 80 45 35 134 120 52 46 63 26 119 66 16 38 3 111 67 17 51 47 44 136 23 112 31 43 58 10 19 97 29 33 123 81 109 143 106 54 78 64 6 125 128 25 102 24 108 113 101 83 105 104 115 132 145 92 149 
132 138 73 57 30 74 2 50 56 79 61 98 131 99 91 114 151 121 62 141 1 59 124 135 13 71 11 42 5 139 148 27 37 39 53 118 14 133 49 129 80 45 35 134 120 52 46 63 26 119 66 16 38 3 111 67 17 51 47 44 136 23 112 31 43 58 10 19 97 29 33 123 81 109 143 106 54 78 64 6 125 128 25 102 24 108 113 101 83 105 104 115 132 145 92 149 
133 138 73 57 30 74 2 50 56 79 61 98 131 99 91 114 151 121 62 141 1 59 124 135 13 71 11 42 5 139 148 27 37 39 53 118 14 133 49 129 80 45 35 134 120 52 46 63 26 119 66 16 38 3 111 67 17 51 47 44 136 23 112 31 43 58 10 19 97 29 33 123 81 109 143 106 54 78 64 6 125 128 25 102 24 108 113 101 83 105 104 115 132 145 92 149 
134 138 73 57 30 74 2 50 56 79 61 98 131 99 91 114 151 121 62 141 1 59 124 135 13 71 11 42 5 139 148 27 37 39 53 118 14 133 49 129 80 45 35 134 120 52 46 63 26 119 66 16 38 3 111 67 17 51 47 44 136 23 112 31 43 58 10 19 97 29 33 123 81 109 143 106 54 78 64 6 125 128 25 102 24 108 113 101 83 105 104 115 132 145 92 149 
135 138 73 57 30 74 2 50 56 79 61 98 131 99 91 114 151 121 62 141 1 59 124 13 135 71 11 42 5 139 148 27 37 39 53 118 14 133 49 129 80 45 35 134 120 52 46 63 26 119 66 16 38 3 111 67 17 51 47 44 136 23 112 31 43 58 10 19 97 29 33 123 81 109 143 106 54 78 64 6 125 128 25 102 24 108 113 101 83 105 104 115 132 145 92 149 
136 138 73 57 30 74 2 50 56 79 61 98 131 99 91 114 151 121 62 141 1 59 124 135 13 71 11 42 5 139 148 27 37 39 53 118 14 133 49 129 80 45 35 134 120 52 46 63 26 119 66 16 38 3 111 67 17 51 47 44 136 23 112 31 43 58 10 19 97 29 33 123 81 109 143 106 54 78 64 6 125 128 25 102 24 108 113 101 83 105 104 115 132 145 92 149 
137 138 73 57 30 74 2 50 56 79 61 98 131 99 91 114 151 121 62 141 1 59 124 135 13 71 11 42 5 139 148 27 37 39 53 118 14 133 49 129 80 45 35 134 120 52 46 63 26 119 66 16 38 3 111 67 17 51 47 44 136 23 112 31 43 58 10 19 97 29 33 123 81 109 143 106 54 78 64 6 125 128 25 102 24 108 113 101 83 105 104 115 132 145 92 149 
138 138 73 57 30 74 2 50 56 79 61 98 131 99 91 114 151 121 62 141 1 59 124 135 13 71 11 42 5 139 148 27 37 39 53 118 14 133 49 129 80 45 35 134 120 52 46 63 26 119 66 16 38 3 111 67 17 51 47 44 136 23 112 31 43 58 10 19 97 29 33 123 81 109 143 106 54 78 64 6 125 128 25 102 24 108 113 83 105 104 115 132 145 92 149 
139 138 73 57 30 74 2 50 56 79 61 98 131 99 91 114 151 121 62 141 1 59 124 135 13 71 11 42 5 148 139 27 37 39 53 118 14 133 49 129 80 45 35 134 120 52 46 63 26 119 66 16 38 3 111 67 17 51 47 44 136 23 112 31 43 58 10 19 97 29 33 123 81 109 143 106 54 78 64 6 125 128 25 24 108 113 101 83 105 104 115 132 145 92 149 
140 138 73 57 30 74 2 50 56 79 61 98 131 99 91 114 151 121 62 141 1 59 124 135 13 71 11 42 5 139 148 27 37 39 53 118 14 133 49 129 80 45 35 134 120 52 46 63 26 119 66 16 38 3 111 67 17 51 47 44 136 23 112 31 43 58 10 19 97 29 33 123 81 109 143 106 54 78 64 6 125 128 25 24 108 113 101 83 105 104 115 132 145 92 149 
141 138 73 57 30 74 2 50 56 79 61 98 131 99 91 114 151 121 62 141 1 59 124 135 13 71 11 42 5 139 148 27 37 39 53 118 14 133 49 129 80 45 35 134 120 52 46 63 26 119 66 16 38 3 111 67 17 51 47 44 136 23 112 31 43 58 10 19 97 29 33 123 81 109 143 106 54 78 64 6 125 128 25 102 24 108 113 101 83 105 104 115 132 145 92 149 
142 138 73 57 30 74 2 50 56 79 61 98 131 99 91 114 151 121 62 141 1 59 124 135 13 71 11 42 5 139 148 27 37 39 53 118 14 133 49 129 80 45 35 134 120 52 46 63 26 119 66 16 38 3 111 67 17 51 47 44 136 23 112 31 43 58 10 19 97 29 33 123 81 109 143 106 54 78 64 6 125 128 25 102 24 108 113 101 83 105 104 115 132 145 92 149 
143 30 50 79 91 151 1 77 13 11 5 139 37 39 133 80 35 63 66 119 38 3 111 67 51 47 44 112 43 58 29 33 123 143 54 106 87 6 125 128 25 24 108 101 83 105 145 86 138 73 57 74 2 56 61 98 131 99 114 121 62 141 59 124 135 71 42 148 27 53 14 118 49 129 45 134 120 52 76 46 26 16 17 136 23 31 10 19 97 81 109 78 64 89 102 94 113 104 115 132 92 149 
144 30 50 79 91 151 1 77 13 11 5 139 37 39 133 80 35 63 66 119 38 3 111 67 51 47 44 112 43 58 29 33 123 143 54 106 87 6 125 128 25 24 108 101 83 105 145 86 138 73 57 74 2 56 61 98 131 99 114 121 62 141 59 124 135 71 42 148 27 53 14 118 49 129 45 134 120 52 76 46 26 16 17 136 23 31 10 19 97 81 109 78 64 89 102 94 113 104 115 132 92 149 
145 30 50 79 91 151 1 77 13 11 5 139 37 39 133 80 35 63 66 119 38 3 111 67 51 47 44 112 43 58 29 33 123 143 54 106 87 6 125 128 25 24 108 101 83 105 145 86 138 73 57 74 2 56 61 98 131 99 114 121 62 141 59 124 135 71 42 148 27 53 14 118 49 129 45 134 120 52 76 46 26 16 17 136 23 31 10 19 97 81 109 78 64 89 102 94 113 104 115 132 92 149 
146 30 50 79 91 151 1 77 13 11 5 139 37 39 133 80 35 63 66 119 38 3 111 67 51 47 44 112 43 58 29 33 123 143 54 106 87 6 125 128 25 24 108 101 83 105 145 86 138 73 57 74 2 56 61 98 131 99 114 121 62 141 59 124 135 71 42 148 27 53 14 118 49 129 45 134 120 52 76 46 26 16 17 136 23 31 10 19 97 81 109 78 64 89 102 94 113 104 115 132 92 149 
147 30 50 79 91 151 1 77 13 11 5 139 37 39 133 80 35 63 66 119 38 3 111 67 51 47 44 112 43 58 29 33 123 143 54 106 87 6 125 128 25 24 108 101 83 105 145 86 138 73 57 74 2 56 61 98 131 99 114 121 62 141 59 124 135 71 42 148 27 53 14 118 49 129 45 134 120 52 76 46 26 16 17 136 23 31 10 19 97 81 109 78 64 89 102 94 113 104 115 132 92 149 
148 30 50 79 91 151 1 77 13 11 5 139 37 39 133 80 35 63 66 119 38 3 111 67 51 47 44 112 43 58 29 33 123 143 54 106 87 6 125 128 25 24 108 101 83 105 145 86 138 73 57 74 2 56 61 98 131 99 114 121 62 141 59 124 135 71 42 148 27 53 14 118 49 129 45 134 120 52 76 46 26 16 17 136 23 31 10 19 97 81 109 78 64 89 102 94 113 104 115 132 92 149 
149 30 50 79 91 151 1 77 13 11 5 139 37 39 133 80 35 63 66 119 38 3 111 67 51 47 44 112 43 58 29 33 123 143 54 106 87 6 125 128 25 24 108 101 83 105 145 86 138 73 57 74 2 56 61 98 131 99 114 121 62 141 59 124 135 71 42 148 27 53 14 118 49 129 45 134 120 52 76 46 26 16 17 136 23 31 10 19 97 81 109 78 64 89 102 94 113 104 115 132 92 149 
150 30 50 79 91 151 1 77 13 11 5 139 37 39 133 80 35 63 66 119 38 3 111 67 51 47 44 112 43 58 29 33 123 143 54 106 87 6 125 128 25 24 108 101 83 105 145 86 138 73 57 74 2 56 61 98 131 99 114 121 62 141 59 124 135 71 42 148 27 53 14 118 49 129 45 134 120 52 76 46 26 16 17 136 23 31 10 19 97 81 109 78 64 89 102 94 113 104 115 132 92 149 
151 30 50 79 91 151 1 77 13 11 5 139 37 39 133 35 63 66 119 38 3 111 67 51 47 44 112 43 58 29 33 123 143 54 106 87 6 125 128 25 24 108 101 83 105 145 86 138 73 57 74 2 56 61 98 131 99 114 121 62 141 59 124 135 71 42 148 27 53 14 118 49 129 45 134 120 52 76 46 26 16 17 136 23 31 10 19 97 81 109 78 64 89 102 94 113 104 115 132 92 149 
152 30 50 79 91 151 1 77 13 11 5 139 37 39 133 35 63 66 119 38 3 111 67 51 47 44 112 43 58 29 33 123 143 54 106 87 6 125 128 25 24 108 101 83 105 145 86 138 73 57 74 2 56 61 98 131 99 114 121 62 141 59 124 135 71 42 148 27 53 14 118 49 129 45 134 120 52 76 46 26 16 17 136 23 31 10 19 97 81 109 78 64 89 102 94 113 104 115 132 92 149 
153 30 50 79 91 151 1 77 13 11 5 139 37 39 133 80 35 63 66 119 38 3 111 67 51 47 44 112 43 58 29 33 123 143 54 106 87 6 125 128 25 24 108 101 83 105 145 86 138 73 57 74 2 56 61 98 131 99 114 121 62 141 59 124 135 71 42 148 27 53 14 118 49 129 45 134 120 52 76 46 26 16 17 136 23 31 10 19 97 81 109 78 64 89 102 94 113 104 115 132 92 149 
