1 2 
2 3 
3 4 
4 5 
5 6 
6 7 
7 8 
8 9 
9 10 
10 11 
11 12 
12 13 
13 14 
14 15 17 
15 16 
16 18 
17 18 
18 19 
19 20 25 
20 21 
21 22 
22 23 
23 24 
24 29 
25 26 
26 27 
27 28 
28 29 
29 30 
30 31 
31 32 
32 33 81 
33 34 
34 35 
35 36 53 
36 37 
37 38 
38 39 
39 40 52 
40 41 
41 42 52 
42 43 
43 44 52 
44 45 
45 46 
46 47 
47 48 
48 49 
49 50 
50 51 
51 52 
52 34 
53 54 
54 55 
55 56 80 
56 57 
57 58 
58 59 
59 60 79 
60 61 
61 62 
62 63 
63 64 74 
64 65 
65 66 
66 67 
67 68 
68 69 
69 70 
70 71 
71 72 
72 73 
73 62 
74 75 
75 76 
76 77 
77 78 
78 79 
79 54 
80 128 
81 82 
82 83 
83 84 108 
84 85 
85 86 
86 87 
87 88 107 
88 89 
89 90 
90 91 
91 92 102 
92 93 
93 94 
94 95 
95 96 
96 97 
97 98 
98 99 
99 100 
100 101 
101 90 
102 103 
103 104 
104 105 
105 106 
106 107 
107 82 
108 109 
109 110 
110 111 128 
111 112 
112 113 
113 114 
114 115 127 
115 116 
116 117 127 
117 118 
118 119 127 
119 120 
120 121 
121 122 
122 123 
123 124 
124 125 
125 126 
126 127 
127 109 
128 129 
129 
