1 1 
2 1 2 
3 1 3 2 
4 1 3 2 
5 1 3 5 2 
6 51 35 29 2 34 93 7 73 12 90 3 5 54 27 9 63 59 40 81 1 98 91 13 32 83 56 43 67 72 17 87 50 82 10 88 33 6 28 76 47 66 75 11 48 80 96 68 65 26 84 92 15 53 85 
7 51 35 29 2 34 93 7 73 12 90 3 54 27 9 63 59 40 81 1 98 91 13 32 83 56 43 67 72 17 87 50 82 10 88 6 33 28 76 47 66 75 11 48 80 96 68 65 26 84 92 15 53 85 
8 51 35 29 2 34 93 7 73 12 90 3 54 27 9 63 59 40 81 1 98 91 13 32 83 56 43 67 72 17 87 50 82 10 88 6 33 28 76 47 66 75 11 48 80 96 68 65 26 84 92 15 53 85 
9 51 35 29 2 34 93 7 73 12 90 3 54 27 9 63 59 40 81 1 98 91 13 32 83 56 43 67 72 17 87 50 82 10 88 6 33 28 76 47 66 75 11 48 80 96 68 65 26 84 92 15 53 85 
10 51 35 29 2 34 93 7 73 12 90 3 54 27 9 63 59 40 81 1 98 91 13 32 83 56 43 67 72 17 87 50 82 10 88 6 33 28 76 47 66 75 11 48 80 96 68 65 26 84 92 15 53 85 
11 51 35 29 2 34 93 7 73 12 90 3 54 27 9 63 59 40 81 1 98 91 13 32 83 56 43 67 72 17 87 50 82 10 88 6 33 28 76 47 66 75 11 48 80 96 68 65 26 84 92 15 53 85 
12 51 35 29 2 34 93 7 73 12 90 3 54 27 9 63 59 40 81 1 98 91 13 32 83 56 43 67 72 17 87 50 82 10 88 6 33 28 76 47 66 75 11 48 80 96 68 65 26 84 92 15 53 85 
13 51 35 29 2 34 93 7 73 12 90 3 54 27 9 63 59 40 81 1 98 91 32 13 83 56 43 67 72 17 87 50 82 10 88 6 33 28 76 47 66 75 11 48 80 96 68 65 26 84 92 15 53 85 
14 51 35 29 2 34 93 7 73 12 90 3 54 27 9 63 59 81 1 98 91 13 32 83 56 43 67 72 17 87 50 82 10 14 88 6 33 28 76 47 66 75 11 48 80 96 68 65 26 84 92 15 53 85 
15 51 35 29 2 34 93 7 73 12 90 3 54 27 9 63 59 81 1 98 91 13 32 83 56 43 67 72 17 87 50 20 82 10 14 88 6 33 28 76 47 66 75 11 48 80 96 68 65 26 84 92 53 85 15 
16 51 35 29 2 34 93 7 73 12 90 3 54 27 9 63 59 81 1 98 91 13 32 83 56 43 67 72 17 87 50 20 82 10 14 88 6 33 28 76 47 66 75 11 48 80 96 68 65 26 84 92 15 53 85 
17 51 35 29 2 34 93 7 73 12 90 3 54 27 9 63 59 81 1 98 91 13 32 83 56 43 67 72 17 87 50 20 82 10 14 88 6 33 28 76 47 66 75 11 48 80 96 68 65 26 84 92 15 53 85 
18 51 35 29 2 34 93 7 73 12 90 3 54 27 9 63 59 81 1 98 91 13 32 83 56 43 67 72 17 87 50 20 82 10 14 88 6 33 28 76 47 66 75 11 48 80 96 68 65 26 84 92 15 53 85 
19 51 35 29 2 34 93 7 73 12 90 3 54 27 9 63 59 81 1 98 91 13 32 83 56 43 67 72 17 87 50 20 82 10 14 88 6 33 28 76 47 66 75 11 48 80 96 68 65 26 84 92 15 53 85 
20 51 35 29 2 34 93 7 73 12 90 3 54 27 9 63 59 81 1 98 91 13 32 83 56 43 67 72 17 87 50 82 20 10 88 6 33 28 76 47 66 75 11 48 80 96 68 65 26 84 92 15 53 85 
21 51 35 29 2 34 93 7 73 12 90 3 54 27 9 63 59 81 1 98 91 13 32 83 56 43 67 72 17 87 50 20 82 10 88 6 33 28 76 47 66 75 11 48 80 96 68 65 26 84 92 15 53 85 
22 51 35 29 2 34 93 7 73 12 90 3 54 27 9 63 59 22 81 1 98 91 13 32 83 56 43 67 72 17 87 50 82 10 88 6 33 28 76 47 66 75 11 48 80 96 68 65 26 84 92 15 53 85 
23 51 24 35 29 2 34 93 7 73 12 90 3 54 27 9 63 22 59 81 38 1 98 91 13 32 83 56 43 67 72 17 87 50 82 10 88 6 33 28 76 25 47 66 75 11 48 80 96 68 65 26 84 92 15 53 85 
24 35 24 29 2 34 93 7 73 12 90 3 54 27 9 63 22 59 81 38 1 98 91 13 32 83 56 43 67 72 17 87 50 82 10 88 6 33 28 76 25 66 75 11 48 80 96 68 65 26 84 92 15 53 85 
25 24 35 29 2 34 93 7 73 12 90 3 54 27 9 63 22 59 81 38 1 98 91 13 32 83 56 43 67 72 17 87 82 10 88 6 33 28 76 25 66 75 11 80 96 68 65 26 84 92 15 53 85 
26 24 35 29 2 34 93 7 73 12 90 3 54 27 9 63 22 59 81 38 1 98 91 13 32 83 56 43 67 72 17 87 82 10 88 6 33 28 76 25 66 75 11 80 96 68 65 26 84 92 15 53 85 
27 24 35 29 2 34 93 7 73 12 90 3 54 27 9 63 22 59 81 38 1 98 91 13 32 83 56 43 67 72 17 87 82 10 88 6 33 28 76 25 66 75 11 80 96 68 65 26 84 92 15 53 85 
28 24 35 29 2 34 93 7 73 12 90 3 54 27 9 63 22 59 81 38 1 98 91 13 32 83 56 43 67 72 17 87 82 10 88 6 33 28 76 25 66 75 11 80 96 68 65 26 84 92 15 53 85 
29 24 35 29 2 34 93 7 73 12 90 3 54 27 9 63 22 59 81 38 1 98 91 13 32 83 56 43 67 72 17 87 82 10 88 6 33 28 76 25 66 75 11 80 96 68 65 26 84 92 15 53 85 
30 24 35 29 2 34 93 7 73 12 90 3 54 27 9 63 22 59 81 38 1 98 91 13 32 83 56 43 67 72 17 87 82 10 88 6 33 28 76 25 66 75 11 80 96 68 65 26 84 92 15 53 85 
31 24 35 29 2 34 93 7 73 12 90 3 54 27 9 63 22 59 81 38 1 98 91 13 32 83 56 43 67 72 17 87 82 10 88 6 33 28 76 25 66 75 11 80 96 68 65 26 84 92 15 53 85 
32 24 35 29 2 34 93 7 73 12 90 3 54 27 9 63 22 59 81 38 1 98 91 13 32 83 56 43 67 72 17 87 82 10 88 6 33 28 76 25 66 75 11 80 96 68 65 26 84 92 15 53 85 
33 24 35 29 2 34 93 7 73 12 90 3 54 27 9 63 22 59 81 38 1 98 91 13 32 83 56 43 67 72 17 87 82 10 88 6 33 28 76 25 66 75 11 80 96 68 65 26 84 92 15 53 85 
34 24 35 29 2 93 34 7 73 12 90 3 54 27 9 63 22 59 81 38 1 98 91 13 32 83 56 43 67 72 17 87 82 10 88 6 33 28 76 25 66 75 11 80 96 68 65 26 84 92 15 53 85 
35 24 35 29 2 34 93 7 73 12 90 3 54 27 9 63 22 59 81 38 1 98 91 13 32 83 56 43 67 72 17 87 82 10 88 6 33 28 76 25 66 75 11 80 96 68 65 26 84 92 15 53 85 
36 24 35 29 2 34 93 7 73 12 90 3 54 27 9 63 22 59 81 38 1 98 91 13 32 83 56 43 67 72 17 87 82 10 88 6 33 28 76 25 66 75 11 80 96 68 65 26 84 92 15 53 85 
37 24 35 29 2 34 93 7 73 12 90 3 54 27 9 63 22 59 81 38 1 98 91 13 32 83 56 43 67 72 17 87 82 10 88 6 33 28 76 25 66 75 11 80 96 68 65 26 84 92 15 53 85 
38 24 35 29 2 34 93 7 73 12 90 3 54 27 9 63 59 81 38 1 98 91 13 32 83 56 43 67 72 17 87 82 10 88 6 33 28 76 25 66 75 11 80 96 68 65 26 84 92 15 53 85 
39 24 35 29 2 34 93 7 73 12 90 3 54 27 9 63 59 81 38 1 98 91 13 32 83 56 43 67 72 17 87 82 10 88 6 33 28 76 25 66 75 11 80 96 68 65 26 84 92 15 53 85 
40 51 24 35 29 2 34 93 7 73 12 90 3 54 27 9 63 59 40 81 1 98 91 13 32 83 56 43 67 72 17 87 50 82 10 88 6 33 28 76 25 47 66 75 11 48 80 96 68 65 26 84 92 15 53 85 
41 35 29 2 34 93 7 73 12 90 3 54 27 9 63 59 40 81 1 98 91 13 32 83 56 43 67 72 17 87 50 82 10 88 6 33 28 76 25 66 75 11 48 80 41 96 68 65 26 84 92 15 53 85 
42 35 29 2 34 93 7 73 12 90 3 54 27 9 63 59 40 81 1 98 91 13 32 83 43 56 67 72 17 87 50 82 10 88 45 6 33 28 76 25 66 75 11 48 80 41 96 68 65 26 84 92 15 53 85 
43 35 29 2 34 93 7 73 12 90 3 54 27 9 63 59 40 81 1 98 91 13 32 83 56 43 67 72 17 87 50 82 10 88 45 6 33 28 76 25 66 75 11 48 80 41 96 68 65 26 84 92 15 53 85 
44 35 29 2 34 93 7 73 12 90 3 54 27 9 63 59 40 81 1 98 91 13 32 83 43 56 67 72 17 87 50 82 10 88 45 6 33 28 76 25 66 75 11 48 80 41 96 68 65 26 84 92 15 53 85 
45 35 29 2 34 93 7 73 12 90 3 54 27 9 63 59 40 81 1 98 91 13 32 83 43 56 67 72 17 87 50 82 10 88 45 6 33 28 76 25 66 75 11 48 80 96 68 65 26 84 92 15 53 85 
46 35 29 2 34 93 7 73 12 90 3 54 27 9 63 59 40 81 1 98 91 13 32 83 43 56 67 72 17 87 50 82 10 88 45 6 33 28 76 25 66 75 11 48 80 96 68 65 26 84 92 15 53 85 
47 35 29 2 34 93 7 73 12 90 3 54 27 9 63 59 40 81 1 98 91 13 32 83 43 56 67 72 17 87 50 82 10 88 6 33 28 76 25 47 66 75 11 48 80 96 68 65 26 84 92 15 53 85 
48 35 29 2 34 93 7 73 12 90 3 54 27 9 63 59 40 81 1 98 91 13 32 83 43 56 67 72 17 87 82 10 88 6 33 28 76 47 66 75 11 80 48 96 68 65 26 84 92 15 53 85 
49 51 35 29 2 34 93 7 73 12 90 3 54 27 9 63 59 40 81 1 98 91 13 32 83 43 56 67 72 17 50 87 82 10 88 6 33 28 76 47 66 75 11 48 80 96 68 65 26 84 92 15 53 85 
50 51 35 29 2 34 93 7 73 12 90 3 54 27 9 63 59 40 81 1 98 91 13 32 83 43 56 67 72 17 87 50 82 10 88 6 33 28 76 47 66 75 11 80 96 68 65 26 84 92 15 53 85 
51 51 35 29 2 34 93 7 73 12 90 3 54 27 9 63 59 40 81 1 98 91 13 32 83 43 56 67 72 17 50 87 82 10 88 6 33 28 76 66 75 11 80 96 68 65 26 84 92 15 53 85 
52 51 35 29 2 34 93 7 73 12 90 3 54 27 9 63 59 40 81 1 98 91 13 32 83 43 56 67 72 17 50 87 82 10 88 6 33 28 76 66 75 11 80 96 68 65 26 84 92 15 53 85 
53 51 35 29 2 34 93 7 73 12 90 3 54 27 9 63 59 40 81 1 98 91 13 32 83 43 56 67 72 17 50 87 82 10 88 6 33 28 76 47 66 75 11 48 80 96 68 65 26 84 92 15 53 
54 51 35 29 2 34 93 7 73 12 90 3 54 27 9 63 59 40 81 1 98 91 13 32 83 43 56 67 72 17 50 87 82 10 88 6 33 28 76 47 66 75 11 48 80 68 65 26 84 92 15 53 
55 51 35 29 2 34 93 7 73 12 90 3 54 27 9 63 59 40 81 1 98 91 13 32 83 56 43 67 72 17 87 50 82 10 88 6 33 28 76 47 66 75 11 48 80 96 68 65 26 84 92 15 53 85 
56 51 35 29 2 34 93 7 73 12 90 3 54 27 9 63 59 40 81 1 98 91 13 32 83 43 56 67 72 17 87 50 82 10 88 6 33 28 76 47 66 75 11 48 80 96 68 65 26 84 92 15 53 85 
57 51 35 29 2 34 93 7 73 12 90 3 54 27 9 63 59 40 81 1 98 91 13 32 83 56 43 67 72 17 87 50 82 10 88 6 33 28 76 47 66 75 11 48 80 96 68 65 26 84 92 15 53 85 
58 51 35 29 2 34 93 7 73 12 90 3 54 27 9 63 59 40 81 1 98 91 13 32 83 56 43 67 72 17 87 50 82 10 88 6 33 28 76 47 66 75 11 48 80 96 68 65 26 84 92 15 53 85 
59 51 35 29 2 34 93 7 73 12 90 3 54 27 9 63 59 40 81 1 98 91 13 32 83 56 43 67 72 17 87 50 82 10 88 6 33 28 76 47 66 75 11 48 80 96 68 65 26 84 92 15 53 85 
60 51 35 29 2 34 93 7 73 12 90 3 54 27 9 63 59 40 81 1 98 91 13 32 83 56 43 67 72 17 87 50 82 10 88 6 33 28 76 47 66 75 11 48 80 96 68 65 26 84 92 15 53 85 
61 51 35 29 2 34 93 7 73 12 90 3 54 27 9 63 59 40 1 98 91 13 32 83 56 43 67 72 17 87 50 82 10 88 6 33 28 76 47 66 75 11 61 48 80 96 68 65 26 84 92 15 53 85 
62 51 35 29 2 34 93 7 73 12 90 3 54 27 9 63 59 40 1 98 91 13 32 83 56 43 67 72 17 87 50 82 10 88 6 33 28 76 78 47 66 75 11 61 48 80 68 96 65 26 84 92 15 53 85 
63 51 35 29 2 34 93 7 73 12 90 3 54 27 9 63 59 40 1 98 91 13 32 83 56 43 67 72 17 87 50 82 10 88 6 33 28 76 78 47 66 75 11 61 48 80 68 96 65 26 84 92 15 53 85 
64 51 35 29 2 34 93 7 73 12 90 3 54 27 9 63 59 40 1 98 91 13 32 83 56 43 67 72 17 87 50 82 10 88 6 33 28 76 78 47 66 75 11 61 48 80 68 96 65 26 84 92 15 53 85 
65 51 35 29 2 34 93 7 73 12 90 3 54 27 9 63 59 40 1 98 91 13 32 83 56 43 67 72 17 87 50 82 10 88 6 33 28 76 78 47 66 75 11 61 48 80 68 96 65 26 84 92 15 53 85 
66 51 35 29 2 34 93 7 73 12 90 3 54 27 9 63 59 40 1 98 91 13 32 83 56 43 67 72 17 87 50 82 10 88 6 33 28 76 78 47 66 75 11 61 48 80 68 96 65 26 84 92 15 53 85 
67 51 35 29 2 34 93 7 73 12 90 3 54 27 9 63 59 40 1 98 91 13 32 83 56 43 72 67 17 87 50 82 10 88 6 33 28 76 78 47 66 75 11 61 48 80 68 96 65 26 84 92 15 53 85 
68 51 35 29 2 34 93 7 73 12 90 3 54 27 9 63 59 40 1 98 91 13 32 83 56 43 67 72 17 87 50 82 10 88 6 33 28 76 78 47 66 75 11 61 48 80 96 68 65 26 84 92 15 53 85 
69 51 35 29 2 34 93 7 73 12 90 3 54 27 9 63 59 40 1 98 91 13 32 83 56 43 67 72 17 87 50 82 10 88 6 33 28 76 78 47 66 75 11 61 48 80 68 96 65 26 84 92 15 53 85 
70 51 35 29 2 34 93 7 73 12 90 3 54 27 9 63 59 40 1 98 91 13 32 83 56 43 67 72 17 87 50 82 10 88 6 33 28 76 78 47 66 75 11 61 48 80 68 96 65 26 84 92 15 53 85 
71 51 35 29 2 34 93 7 73 12 90 3 54 27 9 63 59 40 1 98 91 13 32 83 56 43 67 72 17 87 50 82 10 88 6 33 28 76 78 47 66 75 11 61 48 80 68 96 65 26 84 92 15 53 85 
72 51 35 29 2 34 93 7 73 12 90 3 54 27 9 63 59 40 1 98 91 13 32 83 56 43 67 72 17 87 50 82 10 88 6 33 28 76 78 47 66 75 11 61 48 80 68 96 65 26 84 92 15 53 85 
73 51 35 29 2 34 93 7 73 12 90 3 54 27 9 63 59 40 1 98 91 13 32 83 56 43 72 67 17 87 50 82 10 88 6 33 28 76 78 47 66 75 11 61 48 80 68 96 65 26 84 92 15 53 85 
74 51 35 29 2 34 93 7 73 12 90 3 54 27 9 63 59 40 1 98 91 13 32 83 56 43 72 67 17 87 50 82 10 88 6 33 28 76 78 47 66 75 11 61 48 80 68 96 65 26 84 92 15 53 85 
75 51 35 29 2 34 93 7 73 12 90 3 54 27 9 63 59 40 1 98 91 13 32 83 56 43 72 67 17 87 50 82 10 88 6 33 28 76 78 47 66 75 11 61 48 80 68 96 65 26 84 92 15 53 85 
76 51 35 29 2 34 93 7 73 12 90 3 54 27 9 63 59 40 1 98 91 13 32 83 56 43 72 67 17 87 50 82 10 88 6 33 28 78 76 47 66 75 11 61 48 80 68 96 65 26 84 92 15 53 85 
77 51 35 29 2 34 93 7 73 12 90 3 54 27 9 63 59 40 1 98 91 13 32 83 56 43 72 67 17 87 50 82 10 88 6 33 28 76 78 47 66 75 11 61 48 80 68 96 65 26 84 92 15 53 85 
78 51 35 29 2 34 93 7 73 12 90 3 54 27 9 63 59 40 1 98 91 13 32 83 56 43 67 72 17 87 50 82 10 88 6 33 28 76 78 47 66 75 11 48 80 68 96 65 26 84 92 15 53 85 
79 51 35 29 2 34 93 7 73 12 90 3 54 27 9 63 59 40 1 98 91 13 32 83 56 43 67 72 17 87 50 82 10 88 6 33 28 76 78 47 66 75 11 48 80 68 96 65 26 84 92 15 53 85 
80 51 35 29 2 34 93 7 73 12 90 3 54 27 9 63 59 40 1 98 91 13 32 83 56 43 67 72 17 87 50 82 10 88 6 33 28 76 78 47 66 75 11 61 48 80 68 96 65 26 84 92 15 53 85 
81 51 35 29 2 34 93 7 73 12 90 3 54 27 9 63 59 40 81 1 98 91 13 32 83 56 43 67 72 17 87 50 82 10 88 6 33 28 76 47 66 75 11 48 80 68 96 65 26 84 92 15 53 85 
82 51 35 29 2 34 93 7 73 12 90 3 54 27 9 63 59 40 81 1 98 91 13 32 83 56 43 67 72 17 87 50 82 10 88 6 33 28 76 47 66 75 11 48 80 68 96 65 26 84 92 15 53 85 
83 51 35 29 2 34 93 7 73 12 90 3 54 27 9 63 59 40 81 1 98 91 13 32 83 56 43 67 72 17 87 50 82 10 88 6 33 28 76 47 66 75 11 48 80 68 96 65 26 84 92 15 53 85 
84 51 35 29 2 34 93 7 73 12 90 3 54 27 9 63 59 40 81 1 98 91 13 32 83 56 43 67 72 17 87 50 82 10 88 6 33 28 76 47 66 75 11 48 80 68 96 65 26 84 92 15 53 85 
85 51 35 29 2 34 93 7 73 12 90 3 54 27 9 63 59 40 81 1 98 91 13 32 83 56 43 67 72 17 87 50 82 10 88 6 33 28 76 47 66 75 11 48 80 68 96 65 26 84 92 15 85 
86 51 35 29 2 34 93 7 73 12 90 3 54 27 9 63 59 40 81 1 98 91 13 32 83 56 43 67 72 17 87 50 82 10 88 6 33 28 76 47 66 75 11 48 80 68 96 65 26 84 92 15 85 
87 51 35 29 2 34 93 7 73 12 90 3 54 27 9 63 59 40 81 1 98 91 13 32 83 56 43 67 72 17 50 87 82 10 88 6 33 28 76 47 66 75 11 48 80 68 96 65 26 84 92 15 85 
88 51 35 29 2 93 34 7 73 12 90 3 54 27 9 63 59 40 81 1 98 91 13 32 83 56 43 67 72 17 87 50 82 10 88 6 33 28 76 47 66 75 11 48 80 68 96 65 26 84 92 15 85 
89 51 35 29 2 93 34 7 73 12 90 3 54 27 9 63 59 40 81 1 98 91 13 32 83 56 43 67 72 17 87 50 82 10 88 6 33 28 76 47 66 75 11 48 80 68 96 65 26 84 92 15 85 
90 51 35 29 2 93 34 7 73 12 90 3 54 27 9 63 59 40 81 1 98 91 13 32 83 56 43 67 72 17 87 50 82 10 88 6 33 28 76 47 66 75 11 48 80 68 96 65 26 84 92 15 85 
91 51 35 29 2 93 34 7 73 12 90 3 54 27 9 63 59 40 81 1 98 91 13 32 83 56 43 67 72 17 87 50 82 10 88 6 33 28 76 47 66 75 11 48 80 68 96 65 26 84 92 15 85 
92 51 35 29 2 93 34 7 73 12 90 3 54 27 9 63 59 40 81 1 98 91 13 32 83 56 43 67 72 17 87 50 82 10 88 6 33 28 76 47 66 75 11 48 80 68 96 65 26 84 92 15 85 
93 51 35 29 2 34 93 7 73 12 90 3 54 27 9 63 59 40 81 1 98 91 13 32 83 56 43 67 72 17 87 50 82 10 88 6 33 28 76 47 66 75 11 48 80 68 96 65 26 84 92 15 85 
94 51 35 29 2 93 34 7 73 12 90 3 54 27 9 63 59 40 81 1 98 91 13 32 83 56 43 67 72 17 87 50 82 10 88 6 33 28 76 47 66 75 11 48 80 68 96 65 26 84 92 15 85 
95 51 35 29 2 93 34 7 73 12 90 3 54 27 9 63 59 40 81 1 98 91 13 32 83 56 43 67 72 17 87 50 82 10 88 6 33 28 76 47 66 75 11 48 80 68 96 65 26 84 92 15 85 
96 51 35 29 2 93 34 7 73 12 90 3 27 9 63 59 40 81 1 98 91 13 32 83 56 43 67 72 17 87 50 82 10 88 6 33 28 76 47 66 75 11 48 80 68 96 65 26 84 92 15 85 
97 51 35 29 2 93 34 7 73 12 90 3 27 9 63 59 40 81 1 98 91 13 32 83 56 43 67 72 17 87 50 82 10 88 6 33 28 76 47 66 75 11 48 80 96 68 65 26 84 92 15 85 
98 51 35 29 2 34 93 7 73 12 90 3 54 27 9 63 59 40 81 1 98 91 13 32 83 56 43 67 72 17 87 50 82 10 88 6 33 28 76 47 66 75 11 48 80 96 68 65 26 84 92 15 53 85 
99 51 35 29 2 34 93 7 73 12 90 3 54 27 9 63 59 40 81 1 98 91 13 32 83 56 43 67 72 17 87 50 82 10 88 6 33 28 76 47 66 75 11 48 80 96 68 65 26 84 92 15 53 85 
100 51 35 29 2 34 93 7 73 12 90 3 54 27 9 63 59 40 81 1 98 91 13 32 83 56 43 67 72 17 87 50 82 10 88 6 33 28 76 47 66 75 11 48 80 96 68 65 26 84 92 15 53 85 
101 51 35 29 2 34 93 7 73 12 90 3 54 27 9 63 59 40 81 1 98 91 13 32 83 56 43 67 72 17 87 50 82 10 88 6 33 28 76 47 66 75 11 48 80 96 68 65 26 84 92 15 53 85 
