1 1 
2 1 2 
3 3 1 2 
4 3 4 1 2 
5 5 3 4 1 2 
6 5 6 3 4 1 2 
7 5 6 3 4 7 1 2 
8 5 8 6 3 4 7 1 2 
9 5 8 6 3 4 7 1 9 2 
10 5 8 6 3 4 7 1 9 2 10 
11 5 11 8 6 3 4 7 1 9 2 10 
12 5 11 8 6 3 4 7 1 12 9 2 10 
13 5 11 6 13 9 2 10 8 3 4 7 1 12 
14 5 11 6 13 9 2 10 8 3 4 7 1 12 
15 5 11 6 13 9 15 2 10 8 3 4 7 1 12 
16 5 11 6 13 9 15 2 10 8 3 4 7 1 12 
17 5 11 6 13 9 2 10 17 8 3 4 7 1 12 
18 5 11 6 13 9 15 2 10 17 8 3 4 7 1 12 
19 5 11 6 13 9 15 2 10 17 8 19 3 4 7 1 12 
20 5 11 6 13 15 2 10 20 17 8 19 3 4 7 1 12 
21 5 6 13 15 2 10 20 17 21 8 19 3 4 7 1 12 
22 5 11 6 13 9 15 2 10 20 17 21 8 19 3 4 7 22 1 12 
23 5 11 6 13 9 15 2 10 20 17 21 8 19 3 4 7 22 1 12 
24 5 11 6 13 9 15 2 10 20 17 21 24 8 19 3 4 7 22 1 12 
25 5 11 6 13 9 15 2 10 20 17 21 24 8 19 25 3 4 7 22 1 12 
26 5 11 6 13 9 15 2 10 20 17 21 24 8 19 25 3 4 7 22 1 12 26 
27 5 11 6 13 9 15 2 10 20 17 21 24 8 19 25 3 4 7 22 1 12 26 
28 5 11 6 13 9 15 2 10 20 17 21 24 8 19 25 3 4 7 22 1 12 26 
