1 1 
2 2 1 
3 3 2 1 
4 3 2 1 
5 3 5 2 1 
6 44 17 19 48 14 35 31 3 7 9 52 29 53 40 50 25 16 45 5 36 23 26 2 21 6 10 28 15 22 11 12 1 37 43 
7 44 17 19 48 14 35 31 3 9 52 7 29 53 40 50 25 16 45 36 23 26 2 21 6 10 28 15 22 11 12 1 37 43 
8 44 17 19 48 14 35 31 3 7 9 52 29 53 40 50 25 16 45 36 23 26 2 21 6 10 28 15 22 11 12 1 37 43 
9 44 17 19 48 14 35 31 3 7 52 9 29 53 40 50 25 16 45 36 23 26 2 21 6 10 28 15 22 11 12 1 37 43 
10 44 17 19 48 14 35 31 3 7 9 52 29 53 40 50 25 16 45 36 23 26 2 21 6 10 28 15 22 11 12 1 37 43 
11 44 17 19 48 14 35 31 3 7 9 52 29 53 40 50 25 16 45 36 23 26 2 21 6 10 28 15 12 11 1 37 43 
12 44 17 19 48 14 35 31 3 7 9 52 29 53 40 50 25 16 45 36 23 26 2 21 6 10 28 15 11 12 1 37 43 
13 44 17 19 48 14 35 31 3 7 9 52 29 53 40 50 25 16 45 36 23 26 2 21 6 10 28 15 11 12 1 37 43 
14 44 17 19 48 35 14 31 3 7 9 52 29 53 40 50 25 16 45 36 23 26 2 21 6 10 28 15 11 12 1 37 43 
15 44 17 19 48 14 35 31 3 7 9 52 29 53 40 50 25 16 45 36 23 26 2 6 10 28 15 11 12 1 37 43 
16 44 17 19 48 14 35 31 3 7 9 52 29 53 40 50 25 16 45 36 23 26 2 6 10 28 15 11 12 1 37 43 
17 44 19 48 17 14 35 31 3 7 9 52 29 53 40 50 25 16 45 36 23 26 2 6 10 28 15 11 12 1 37 43 
18 44 17 19 48 14 35 31 3 7 9 52 29 53 40 50 25 16 45 36 23 26 2 6 10 28 15 11 12 1 37 43 
19 44 17 48 19 14 35 31 3 7 9 52 29 53 40 50 16 45 36 23 26 2 6 10 28 15 11 12 1 37 43 
20 44 17 19 48 14 35 31 3 7 9 52 29 53 40 50 16 45 36 23 26 2 6 10 28 15 11 12 1 37 43 
21 44 17 19 48 14 35 31 3 7 9 52 29 53 40 50 25 16 45 36 23 26 2 21 6 10 28 11 12 1 37 43 
22 44 17 19 48 14 35 31 3 7 9 52 29 53 40 50 25 16 45 36 23 26 2 21 6 10 28 22 12 1 37 43 
23 44 17 19 48 14 35 31 3 7 9 52 29 53 40 50 25 16 45 36 23 26 2 21 6 10 28 22 12 1 37 43 
24 44 17 19 48 14 35 31 3 7 9 52 29 53 40 50 25 16 45 36 23 26 2 21 6 10 28 22 12 1 37 43 
25 44 17 48 14 35 31 3 7 9 52 29 53 40 50 25 16 45 36 23 26 2 21 6 10 28 22 12 1 37 43 
26 44 17 19 48 14 35 31 3 7 9 52 29 53 40 25 16 45 36 23 26 2 21 6 10 28 15 22 11 12 1 37 43 
27 44 17 19 48 14 35 31 3 7 9 52 29 53 40 50 25 16 45 36 23 26 2 21 6 10 28 15 22 11 12 1 37 43 
28 44 17 19 48 14 35 31 3 7 9 52 29 53 40 50 25 16 45 36 23 26 2 21 6 10 28 15 22 11 12 1 37 43 
29 44 17 19 48 14 35 31 3 7 9 52 29 53 40 50 25 16 45 36 23 26 2 21 6 10 28 15 22 11 12 1 37 43 
30 44 17 19 48 14 35 31 3 7 9 52 29 53 40 50 25 16 45 36 23 26 2 21 6 10 28 15 22 11 12 1 37 43 
31 44 17 19 48 14 35 31 3 7 9 52 29 53 40 50 25 16 45 36 23 26 2 21 6 10 28 15 22 11 12 1 37 43 
32 44 17 19 48 14 35 31 3 7 9 52 29 53 40 50 25 16 45 36 23 26 2 21 6 10 28 15 22 11 12 1 37 43 
33 44 17 19 48 14 35 31 3 7 9 52 29 53 40 50 25 16 45 36 23 26 2 21 6 10 28 15 22 11 12 1 37 43 
34 44 17 19 48 14 35 31 3 7 9 52 29 53 40 50 25 16 45 36 23 26 2 21 6 10 28 15 22 11 12 1 37 43 
35 44 17 19 48 14 35 31 3 7 9 52 29 53 40 50 25 16 45 36 23 26 2 21 6 10 28 15 22 11 12 1 37 43 
36 44 17 19 48 14 35 31 3 7 9 52 29 53 40 50 25 16 45 36 23 26 2 21 6 10 28 15 22 11 12 1 37 43 
37 44 17 19 48 14 35 31 3 7 9 52 29 53 40 50 25 16 45 36 23 26 2 21 6 10 28 15 22 11 12 1 43 37 
38 44 17 19 48 14 35 31 3 7 9 52 29 53 40 50 25 16 45 36 23 26 2 21 6 10 28 15 22 11 12 1 37 43 
39 44 17 19 48 14 35 31 3 7 9 52 29 53 40 50 25 16 45 36 23 26 2 21 6 10 28 15 22 11 12 1 37 43 
40 44 17 19 48 14 35 31 3 7 9 52 29 53 40 50 25 16 45 36 23 26 2 21 6 10 28 15 22 11 12 1 37 43 
41 44 17 19 48 14 35 31 3 7 9 52 29 53 40 50 25 16 45 36 23 26 2 21 6 10 28 15 22 11 12 1 37 43 
42 44 17 19 48 14 35 31 3 7 9 52 29 53 40 50 25 16 45 36 23 26 2 21 6 10 28 15 22 11 12 1 37 43 
43 44 17 19 48 14 35 31 3 7 9 52 29 53 40 50 25 16 45 36 23 26 2 21 6 10 28 15 22 11 12 1 37 43 
44 44 17 19 48 14 35 31 3 7 9 52 29 53 40 50 25 16 45 36 23 26 2 21 6 10 28 15 22 11 12 1 43 37 
45 44 17 19 48 14 35 31 3 7 9 52 29 53 40 50 25 16 45 36 23 26 2 21 6 10 28 15 22 11 12 1 43 37 
46 44 17 19 48 14 35 31 3 7 9 52 29 53 40 50 25 16 45 36 23 26 2 21 6 10 28 15 22 11 12 1 43 37 
47 44 17 19 48 14 35 31 3 7 9 52 29 53 40 50 25 16 45 36 23 26 2 21 6 10 28 15 22 11 12 1 43 37 
48 44 17 19 48 14 35 31 3 7 9 52 29 53 40 50 25 16 45 36 23 26 2 21 6 10 28 15 22 11 12 1 43 37 
49 44 17 19 48 14 35 31 3 7 9 52 29 53 40 50 25 16 45 36 23 26 2 21 6 10 28 15 22 11 12 1 43 37 
50 44 17 19 48 14 35 31 3 7 9 52 29 53 40 50 25 16 45 36 23 2 21 6 10 28 15 22 11 12 1 37 43 
51 44 17 19 48 14 35 31 3 7 9 52 29 53 40 50 25 16 45 36 23 2 21 6 10 28 15 22 11 12 1 37 43 
52 44 17 19 48 14 35 31 3 7 9 52 29 53 40 50 25 16 45 36 23 26 2 21 6 10 28 15 22 11 12 1 37 43 
53 44 17 19 48 14 35 31 3 7 9 52 29 53 40 50 25 16 45 36 23 26 2 21 6 10 28 15 22 11 12 1 37 43 
54 44 17 19 48 14 35 31 3 7 9 52 29 53 40 50 25 16 45 36 23 26 2 21 6 10 28 15 22 11 12 1 37 43 
55 44 17 19 48 14 35 31 3 7 9 52 29 53 40 50 25 16 45 36 23 26 2 21 6 10 28 15 22 11 12 1 37 43 
56 44 17 19 48 14 35 31 3 7 9 52 29 53 40 50 25 16 45 36 23 26 2 21 6 10 28 15 22 11 12 1 37 43 
