1 1 
2 2 1 
3 3 2 1 
4 3 2 4 1 
5 3 2 4 1 
6 3 2 4 1 6 
7 14 3 17 9 12 2 4 13 16 8 10 1 6 
8 14 3 17 9 12 2 4 13 16 8 10 1 6 
9 14 3 17 9 12 2 4 13 16 8 10 1 6 
10 14 3 17 9 12 2 4 13 16 8 10 1 6 
11 14 3 17 9 12 2 4 13 16 8 10 1 6 
12 14 3 17 9 12 2 4 13 16 8 10 1 6 
13 14 3 17 9 12 2 4 13 16 8 10 1 6 
14 14 3 17 9 12 2 4 13 16 8 10 1 6 
15 14 3 17 9 12 2 4 13 16 8 10 1 6 
16 13 14 3 17 16 9 8 12 4 10 1 6 
17 13 14 3 16 17 8 9 12 2 4 10 1 
18 13 14 3 16 17 8 9 12 2 4 10 1 
19 14 3 17 9 12 2 4 13 16 8 10 1 6 
