1 1 
2 1 2 
3 1 2 3 
4 1 4 2 3 
5 1 4 2 3 
6 1 4 2 6 3 
7 1 4 2 6 3 
8 1 4 2 8 6 3 
9 1 4 2 8 9 6 3 
10 4 16 17 2 13 15 9 1 12 8 14 6 10 3 
11 4 16 17 2 13 15 9 1 12 8 14 6 10 3 
12 4 16 17 2 13 15 9 1 12 8 14 6 10 3 
13 4 16 17 2 15 13 9 1 12 8 14 6 10 3 
14 4 16 17 2 13 15 9 1 12 8 14 6 10 3 
15 4 16 17 2 13 15 9 1 12 8 14 6 10 3 
16 4 16 17 2 13 15 9 1 12 8 14 6 10 3 
17 4 16 17 2 13 15 9 1 12 8 14 6 10 3 
18 4 16 17 2 13 15 9 1 12 8 14 6 10 3 
19 4 16 17 2 13 15 9 1 12 8 14 6 10 3 
20 4 16 17 2 13 15 1 12 8 14 20 6 10 3 
21 47 31 17 2 13 52 59 45 12 26 37 8 20 34 6 10 40 3 48 46 55 41 58 30 4 16 54 23 22 15 38 43 1 49 51 44 33 57 39 27 14 53 
22 47 31 17 2 52 59 45 12 26 37 8 20 34 6 10 40 3 48 46 55 41 58 30 4 16 54 23 15 22 38 43 1 49 51 44 57 39 27 14 53 
23 47 31 17 2 52 59 45 12 26 37 8 20 6 10 40 3 48 46 55 41 58 30 4 16 54 23 22 15 38 43 1 49 51 44 57 39 27 14 53 
24 47 31 17 2 52 59 45 12 26 37 8 20 6 10 3 48 46 55 41 58 30 4 16 54 23 22 15 38 43 1 49 51 44 57 39 27 24 14 53 
25 31 35 47 17 2 52 59 45 12 26 37 8 20 34 6 10 3 48 46 55 30 41 58 4 16 54 23 22 15 38 43 1 49 51 44 33 57 24 27 39 14 53 
26 31 35 47 17 2 52 59 45 12 26 37 8 20 34 6 10 3 48 46 55 30 41 58 4 16 54 23 22 15 38 43 1 49 51 44 33 57 24 27 39 14 53 
27 31 35 47 17 2 52 59 45 12 26 37 8 20 34 6 10 3 48 46 55 30 41 58 4 16 54 23 22 15 38 43 1 49 51 44 33 57 24 39 27 14 53 
28 31 35 47 17 2 52 59 45 12 26 37 8 20 34 6 10 3 48 46 55 30 41 58 4 16 54 23 22 15 38 43 1 49 51 44 33 57 24 27 39 14 53 
29 31 35 47 17 2 52 59 45 12 26 37 8 20 34 6 10 3 48 46 55 30 41 58 4 16 54 23 22 15 38 43 1 49 51 44 33 57 24 27 39 14 53 
30 31 35 47 17 2 52 59 45 12 26 37 8 20 34 6 10 3 48 46 55 41 58 30 4 16 54 23 22 15 38 43 1 49 51 44 33 57 24 27 39 14 53 
31 35 47 31 17 2 52 59 45 12 26 37 8 20 34 6 10 3 48 46 55 30 41 58 4 16 54 23 22 15 38 43 1 49 51 44 33 57 24 27 39 14 53 
32 31 35 47 17 2 52 59 45 12 26 37 8 20 34 6 10 3 48 46 55 30 41 58 4 16 54 23 22 15 38 43 1 49 51 44 33 57 24 27 39 14 53 
33 31 35 47 17 2 52 59 45 12 26 37 8 20 34 6 10 3 48 46 55 30 41 58 4 16 54 23 15 38 43 1 49 51 44 33 57 24 27 39 14 53 
34 31 35 47 17 2 52 59 45 12 26 37 8 20 34 6 10 3 48 46 55 30 41 58 4 16 54 15 38 43 1 49 51 44 33 57 24 27 39 14 53 
35 31 47 35 17 2 52 59 45 12 26 37 8 20 34 6 10 3 48 46 55 30 41 58 4 16 54 23 22 15 38 43 1 49 51 44 33 57 27 39 14 53 
36 31 35 47 17 2 52 59 45 12 26 37 8 20 34 6 10 3 48 46 55 30 41 58 4 16 54 23 22 15 38 43 1 49 51 44 33 57 27 39 14 53 
37 31 35 47 17 2 52 59 45 12 26 37 8 20 34 6 10 3 48 46 55 30 41 58 4 16 54 23 22 15 38 43 1 49 51 44 33 57 24 27 39 14 53 
38 31 35 47 17 2 52 59 45 12 26 37 8 34 6 10 3 48 46 55 30 41 58 4 16 54 23 22 15 38 43 1 49 51 44 33 57 24 27 39 14 53 
39 31 35 47 17 2 52 59 45 12 26 37 8 34 6 10 3 48 46 55 30 41 58 4 16 54 23 22 15 38 43 1 49 51 44 33 57 24 27 39 14 53 
40 31 47 17 2 52 59 45 12 26 37 8 34 6 10 40 3 48 46 55 30 41 58 4 16 54 23 22 15 38 43 1 49 51 44 33 57 39 27 14 53 
41 47 31 17 2 52 59 45 12 26 37 8 34 6 10 40 3 48 46 55 58 30 41 4 16 54 23 22 15 38 43 1 49 51 44 33 57 39 27 14 53 
42 47 31 17 2 52 59 45 12 26 37 8 34 6 10 40 3 48 46 55 41 58 30 4 16 54 23 22 15 38 43 1 49 51 44 33 57 39 27 14 53 
43 47 31 17 2 52 59 45 12 26 37 8 34 6 10 40 3 48 46 55 41 58 30 4 16 54 23 22 15 38 43 1 49 51 44 33 57 39 27 14 53 
44 47 31 17 2 52 59 45 12 26 37 8 34 6 10 40 3 48 46 55 41 58 30 4 16 54 23 22 15 38 43 1 49 51 44 33 57 39 27 14 53 
45 47 31 17 2 52 59 45 12 26 37 8 34 6 10 40 3 48 46 55 41 58 30 4 16 54 23 22 15 38 43 1 49 51 44 33 57 39 27 14 53 
46 47 31 17 2 52 59 45 12 26 37 8 34 6 10 40 3 48 55 46 41 58 30 4 16 54 23 22 15 38 43 1 49 51 44 33 57 39 27 14 53 
47 31 47 17 2 52 59 45 12 26 37 8 34 6 10 40 3 48 46 55 41 58 30 4 16 54 23 22 15 38 43 1 49 51 44 33 57 39 27 14 53 
48 47 31 17 2 52 59 45 12 26 37 8 34 6 10 40 3 48 46 55 41 58 30 4 16 54 23 22 15 38 43 1 49 51 44 33 57 39 27 14 53 
49 47 31 17 2 52 59 45 12 26 37 8 34 6 10 40 3 48 46 55 41 58 30 4 16 54 23 22 15 38 43 1 51 49 44 33 57 39 27 14 53 
50 47 31 17 2 52 59 45 12 26 37 8 34 6 10 40 3 48 46 55 41 58 30 4 16 54 23 22 15 38 43 1 49 51 44 33 57 39 27 14 53 
51 47 31 17 2 52 59 45 12 26 37 8 34 6 10 40 3 48 46 55 41 58 30 4 16 54 23 22 15 38 43 1 49 51 44 33 57 39 27 14 53 
52 47 31 17 2 52 59 45 12 26 37 8 34 6 10 40 3 48 46 55 41 58 30 4 16 54 23 22 15 38 43 1 49 51 44 33 57 39 27 14 53 
53 47 31 17 2 52 59 45 12 26 37 8 34 6 10 40 3 48 46 55 41 58 30 4 16 54 23 22 15 38 43 1 49 51 44 33 57 39 27 14 53 
54 47 31 17 2 52 59 45 12 26 37 8 34 6 10 40 3 48 46 55 41 58 30 4 16 54 23 22 15 38 43 1 49 51 44 33 57 39 27 14 53 
55 47 31 17 2 52 59 45 12 26 37 8 34 6 10 40 3 48 46 55 41 58 30 4 16 54 23 22 15 38 43 1 49 51 44 33 57 39 27 14 53 
56 47 31 17 2 52 59 45 12 26 37 8 34 6 10 40 3 48 46 55 41 58 30 4 16 54 23 22 15 38 43 1 49 51 44 33 57 39 27 14 53 
57 47 31 17 2 52 59 45 12 26 37 8 34 6 10 40 3 48 46 55 41 58 30 4 16 54 23 22 15 38 43 1 49 51 44 33 57 39 27 14 53 
58 47 31 17 2 52 59 45 12 26 37 8 34 6 10 40 3 48 46 55 41 30 58 4 16 54 23 22 15 38 43 1 49 51 44 33 57 39 27 14 53 
59 47 31 17 2 52 59 45 12 26 37 8 34 6 10 40 3 48 46 55 41 58 30 4 16 54 23 22 15 38 43 1 49 51 44 33 57 39 27 14 53 
60 47 31 17 2 52 59 45 12 26 37 8 34 6 10 40 3 48 46 55 41 58 30 4 16 54 23 22 15 38 43 1 49 51 44 33 57 39 27 14 53 
61 47 31 17 2 52 59 45 12 26 37 8 34 6 10 40 3 48 46 55 41 58 30 4 16 54 23 22 15 38 43 1 49 51 44 33 57 39 27 14 53 
62 47 31 17 2 52 59 45 12 26 37 8 34 6 10 40 3 48 46 55 41 58 30 4 16 54 23 22 15 38 43 1 49 51 44 33 57 39 27 14 53 
63 47 31 17 2 13 52 59 45 12 26 37 8 20 34 6 10 40 3 48 46 55 41 58 30 4 16 54 23 22 15 38 43 1 49 51 44 33 57 39 27 14 53 
