1 1 
2 1 2 
3 1 3 2 
4 1 3 2 
5 1 3 2 
6 6 1 3 2 
7 6 1 3 2 7 
8 6 1 3 2 8 7 
9 6 1 3 2 8 7 
10 6 10 1 3 2 8 7 
11 6 10 1 3 11 2 8 7 
12 6 10 1 3 12 11 2 8 7 
13 6 10 1 3 12 11 2 8 7 
14 6 10 1 3 12 11 2 8 7 
15 6 10 1 3 12 11 2 8 7 15 
16 6 10 1 3 12 11 2 8 16 7 15 
17 6 10 1 3 12 11 17 2 8 16 7 15 
18 1 3 12 11 17 2 16 15 6 10 18 8 7 
19 1 3 12 11 17 2 16 15 6 10 18 8 7 
20 20 1 3 12 11 17 2 16 15 6 10 18 8 7 
21 20 1 3 12 21 11 17 2 16 15 6 10 18 8 7 
22 20 1 3 12 21 11 17 2 16 15 6 22 10 18 8 7 
23 23 20 1 3 12 21 11 17 2 16 15 6 22 10 18 8 7 
24 23 20 1 3 12 21 11 17 2 16 15 6 22 10 18 8 7 
25 23 20 1 3 12 21 11 17 25 2 16 15 6 22 10 18 8 7 
26 23 20 1 3 12 21 11 17 25 2 16 15 6 22 10 18 8 7 
27 23 27 20 1 3 12 21 11 17 2 16 15 6 22 10 18 8 7 
28 23 27 20 1 3 12 21 11 17 25 2 16 15 6 22 10 18 8 7 
