1 1 
2 1 2 
3 1 3 2 
4 1 3 2 
5 5 1 3 2 
6 5 1 3 2 6 
7 5 1 3 2 7 6 
8 11 1 9 3 2 22 7 25 5 19 24 29 15 6 26 
9 11 1 9 3 2 22 7 25 5 19 24 29 15 6 26 
10 11 1 9 3 2 22 7 25 5 19 24 29 15 6 26 
11 11 1 9 3 2 22 7 25 5 19 24 29 15 6 26 
12 11 1 9 3 2 22 7 25 5 19 24 29 15 6 26 
13 11 1 9 3 2 22 7 25 5 19 24 29 15 6 26 
14 11 1 9 3 2 22 7 25 5 19 24 29 15 6 26 
15 11 1 9 3 2 22 7 25 5 19 24 29 15 6 26 
16 11 1 9 3 2 22 7 25 5 19 24 29 15 6 26 
17 11 1 9 3 2 22 7 25 5 19 24 29 15 6 26 
18 11 1 9 3 2 22 7 25 5 19 24 29 15 6 26 
19 11 1 9 3 2 22 7 25 5 19 24 29 15 6 26 
20 11 1 9 3 2 22 7 25 5 19 24 29 15 6 26 
21 11 1 9 3 2 22 7 25 5 19 24 29 15 6 26 
22 11 1 9 3 2 22 7 25 5 19 24 29 15 6 26 
23 11 1 9 3 2 22 7 25 5 19 24 29 15 6 26 
24 11 1 9 3 2 22 7 25 5 19 24 29 15 6 26 
25 11 1 9 3 2 22 7 25 5 19 24 29 15 6 26 
26 11 1 9 3 2 22 7 25 5 19 24 29 15 6 26 
27 11 1 9 3 2 22 7 25 5 19 24 29 15 6 26 
28 11 1 9 3 2 22 7 25 5 19 24 29 15 6 26 
29 11 1 9 3 2 22 25 5 19 24 29 15 6 26 
30 11 1 9 3 2 22 25 5 19 24 29 15 6 26 
31 11 1 31 9 3 2 22 7 25 5 19 24 29 15 6 26 
32 11 1 31 9 3 2 22 7 25 5 19 24 29 15 6 26 
