1 1 
2 2 1 
3 2 3 1 
4 2 4 3 1 
5 2 4 3 1 
6 2 4 3 1 
7 2 4 3 1 
8 2 4 3 1 
9 9 2 4 3 1 
10 9 15 2 4 21 11 18 14 25 16 20 3 32 12 23 13 1 19 24 
11 9 15 2 4 21 11 18 14 25 16 20 3 32 12 23 13 1 19 24 
12 9 15 2 4 21 11 18 14 25 16 20 3 32 12 23 13 1 19 24 
13 9 15 2 4 21 11 18 14 25 16 20 3 32 12 23 13 1 19 24 
14 9 15 2 4 21 11 18 14 25 16 20 3 32 12 23 13 1 19 24 
15 9 15 2 4 21 11 18 14 25 16 20 3 32 12 23 13 1 19 24 
16 9 15 2 4 21 11 18 14 25 20 16 3 32 12 23 13 1 19 24 
17 9 15 2 4 21 11 18 14 25 16 20 3 32 12 23 13 1 19 24 
18 9 15 2 4 21 11 18 14 25 16 20 3 32 12 23 13 1 19 24 
19 9 15 2 4 21 11 18 14 25 16 20 3 32 12 23 13 1 24 19 
20 9 15 2 4 21 11 18 14 25 16 20 3 32 12 23 13 1 19 24 
21 9 15 2 4 21 11 18 14 25 16 20 3 32 12 23 13 1 19 24 
22 9 15 2 4 21 11 18 14 25 16 20 3 32 12 23 13 1 19 24 
23 9 15 2 4 21 11 18 14 25 16 20 3 32 12 23 13 1 19 24 
24 9 15 2 4 21 11 18 14 25 16 20 3 32 12 23 13 1 19 24 
25 9 15 2 4 21 11 18 14 25 16 20 3 32 12 23 13 1 19 24 
26 9 15 2 4 21 11 18 14 25 16 20 3 32 12 23 13 1 19 24 
27 9 15 2 4 21 11 18 14 25 16 20 3 32 12 23 13 1 19 24 
28 9 15 2 4 21 11 18 14 25 16 20 3 32 12 23 13 1 19 24 
29 9 15 2 4 21 11 18 14 25 16 20 3 32 12 23 13 1 19 24 
30 9 15 2 4 21 11 18 14 25 16 20 3 32 12 23 13 1 19 24 
31 9 15 2 4 21 11 18 14 25 16 20 3 32 12 23 13 1 19 24 
32 15 2 4 21 11 18 14 25 16 20 3 32 12 23 13 1 19 24 
33 15 2 4 21 11 18 14 25 16 20 3 32 12 23 13 1 19 24 
34 9 15 2 4 21 11 18 14 25 16 20 3 32 12 23 13 1 19 24 
