1 1 
2 2 1 
3 2 1 3 
4 2 1 4 3 
5 2 1 4 3 5 
6 2 1 4 3 5 
7 2 1 4 3 5 
8 2 1 4 3 5 8 
9 13 2 11 12 1 4 9 3 5 8 16 
10 13 2 11 12 1 4 9 3 5 8 16 
11 13 2 12 11 1 4 9 3 5 8 16 
12 13 2 11 12 1 4 9 3 5 8 16 
13 13 2 11 12 1 4 9 3 5 8 16 
14 13 2 11 12 1 4 9 3 5 8 16 
15 13 2 11 12 1 4 9 3 5 8 16 
16 13 2 11 12 1 4 9 3 5 16 
17 13 2 11 12 1 4 9 3 5 16 
18 30 27 12 1 4 31 29 21 3 5 2 11 8 20 23 33 32 22 19 24 13 28 37 34 9 26 16 
19 30 27 12 1 4 31 29 21 3 5 2 11 8 20 23 33 32 22 24 19 13 28 37 34 9 26 16 
20 30 27 12 1 4 31 29 21 3 5 2 11 20 23 33 32 22 19 24 13 28 37 34 9 26 
21 30 27 12 1 4 31 29 21 3 5 2 11 20 23 33 32 22 19 24 13 28 37 34 9 26 
22 30 27 12 1 4 31 29 21 3 5 2 11 20 23 33 32 22 19 24 13 28 37 34 9 26 
23 30 27 12 1 4 31 29 21 3 5 2 11 20 23 33 32 22 19 24 13 28 37 34 9 26 
24 30 27 12 1 4 31 29 21 3 5 2 11 20 23 33 32 22 19 24 13 28 37 34 9 26 
25 30 27 12 1 4 31 29 21 3 5 2 11 20 23 33 32 22 19 24 13 28 37 34 9 26 
26 30 27 12 1 4 31 29 21 3 5 2 11 20 23 33 32 22 19 24 13 28 37 34 9 26 
27 30 12 27 1 4 31 29 21 3 5 2 11 20 23 33 32 22 19 24 13 28 37 34 9 26 
28 30 27 12 1 4 31 29 21 3 5 2 11 20 23 33 32 22 19 24 13 28 37 34 9 26 
29 30 27 12 1 4 31 29 21 3 5 2 11 20 23 33 32 22 19 24 13 28 37 34 9 26 
30 30 27 12 1 4 31 29 21 3 5 2 11 20 23 33 32 22 19 24 13 28 37 34 9 26 
31 30 27 12 1 4 31 29 21 3 5 2 11 20 23 33 32 22 19 24 13 28 37 34 9 26 
32 30 27 12 1 4 31 29 21 3 5 2 11 20 23 33 32 22 19 24 13 28 37 34 9 26 
33 30 27 12 1 4 31 29 21 3 5 2 11 20 23 33 32 22 19 24 13 28 37 34 9 26 
34 30 27 12 1 4 31 29 21 3 5 2 11 20 23 33 32 22 19 24 13 28 37 34 9 26 
35 30 27 12 1 4 31 29 21 3 5 2 11 20 23 33 32 22 19 24 13 28 37 34 9 26 
36 30 27 12 1 4 31 29 21 3 5 2 11 20 23 33 32 22 19 24 13 28 37 34 9 26 
37 30 33 27 12 32 22 1 4 31 29 21 5 19 24 13 2 28 37 11 34 9 26 20 23 
38 30 33 27 12 32 22 1 4 31 29 21 5 19 24 13 2 28 37 34 11 9 26 20 23 
39 30 27 12 1 4 31 29 21 3 5 2 11 8 20 23 33 32 22 19 24 13 28 37 34 39 9 26 16 
40 30 27 12 40 1 4 31 29 21 3 5 2 11 8 20 23 33 32 22 19 24 13 28 37 34 39 9 26 16 
41 30 27 12 40 1 4 31 29 21 3 5 2 11 8 20 23 33 32 22 19 24 13 28 37 34 39 9 26 16 41 
42 30 27 12 40 1 4 31 29 21 3 5 2 11 8 20 23 33 32 22 19 24 13 28 37 34 39 9 26 41 16 
