1 1 
2 2 1 
3 2 1 3 
4 2 1 3 4 
5 2 1 3 4 
6 6 2 1 3 4 
7 6 2 1 3 4 
8 6 2 1 3 4 
9 6 2 1 3 9 4 
10 18 21 10 19 12 4 6 13 2 1 3 9 16 
11 18 21 10 19 12 4 6 13 2 1 3 9 16 
12 18 21 10 19 12 4 6 13 2 1 3 9 16 
13 18 21 10 19 12 4 6 13 2 1 3 9 16 
14 18 21 10 19 12 4 6 13 2 1 3 9 16 
15 18 21 10 19 12 4 6 13 2 1 3 9 16 
16 18 21 10 19 12 4 6 13 2 1 3 9 16 
17 18 21 10 19 12 4 6 13 2 1 3 9 16 
18 21 18 10 19 12 4 6 13 2 1 3 9 16 
19 18 21 10 19 12 4 6 13 2 1 3 9 16 
20 18 21 10 19 12 4 6 13 2 1 3 9 16 
21 6 13 2 18 21 1 10 3 19 12 16 4 
22 6 13 2 18 21 1 10 3 19 12 16 4 
23 18 21 10 19 12 4 6 13 2 1 3 9 16 
