1 1 
2 1 2 
3 1 3 2 
4 1 3 2 
5 1 5 3 2 
6 12 38 41 2 11 23 20 34 5 14 35 22 19 21 25 31 8 1 9 17 42 37 15 29 3 33 6 
7 12 38 41 2 11 23 20 34 5 14 35 22 19 21 25 31 8 1 9 17 42 37 15 29 3 6 33 
8 12 38 41 2 23 20 34 5 14 35 22 19 21 25 31 8 1 9 17 42 37 15 29 3 6 33 
9 12 38 41 2 11 23 20 34 5 14 35 22 19 21 25 31 8 1 9 17 42 37 15 29 3 6 33 
10 12 38 41 2 11 23 20 34 5 14 35 22 19 21 25 31 8 1 9 17 42 37 15 29 3 6 33 
11 12 38 41 2 11 23 20 34 5 14 35 22 19 21 25 31 1 9 17 42 37 15 29 3 6 33 
12 19 21 12 38 41 25 2 31 11 20 34 1 9 17 42 14 37 15 29 3 6 33 35 22 
13 19 21 12 38 41 25 2 31 11 20 1 9 34 17 42 14 37 15 29 3 6 33 35 22 
14 12 38 41 2 11 23 20 34 5 14 35 19 21 25 31 8 1 9 17 42 37 15 29 3 6 33 
15 12 38 41 2 11 23 20 34 5 14 35 22 19 21 25 31 8 1 9 17 42 37 29 15 3 6 33 
16 12 38 41 2 11 23 20 34 5 14 35 22 19 21 25 31 8 1 9 17 42 37 15 29 3 6 33 
17 12 38 41 2 11 23 20 34 5 14 35 22 19 21 25 31 8 1 9 42 17 37 15 29 3 6 33 
18 12 38 41 2 11 23 20 34 5 14 35 22 19 21 25 31 8 1 9 17 42 37 15 29 3 6 33 
19 12 38 41 2 11 23 20 34 5 14 35 22 19 21 25 31 8 1 9 17 42 37 15 29 3 6 33 
20 12 38 41 2 11 23 20 34 5 14 35 22 19 21 25 31 8 1 9 17 42 37 15 29 3 6 33 
21 12 38 41 2 11 23 20 34 5 14 35 22 19 21 25 31 8 1 9 17 42 37 15 29 3 6 33 
22 12 38 41 2 11 23 20 34 5 35 22 19 21 25 31 8 1 9 17 42 37 15 29 3 6 33 
23 19 21 38 41 25 2 31 8 11 23 20 34 1 9 17 42 37 15 29 3 6 33 35 22 
24 19 21 38 41 25 2 31 8 11 23 20 1 9 34 17 42 37 15 29 3 6 33 35 22 
25 12 38 41 2 11 23 20 34 5 14 35 22 19 21 25 31 8 1 9 17 42 37 15 29 3 6 33 
26 12 38 41 2 11 23 20 34 5 14 35 22 19 21 25 31 8 1 9 17 42 37 15 29 3 6 33 
27 12 38 41 2 11 23 20 34 5 14 35 22 19 21 25 31 8 1 9 17 42 37 15 29 3 6 33 
28 12 38 41 2 11 23 20 34 5 14 35 22 19 21 25 31 8 1 9 17 42 37 15 29 3 6 33 
29 12 38 41 2 11 23 20 34 5 14 35 22 19 21 25 31 8 1 9 17 42 37 15 29 3 6 33 
30 12 38 41 2 11 23 20 34 5 14 35 22 19 21 25 31 8 1 9 17 42 37 15 29 3 6 33 
31 12 38 41 2 11 23 20 34 5 14 35 22 19 21 25 31 8 1 9 17 42 37 15 29 3 6 33 
32 12 38 41 2 11 23 20 34 5 14 35 22 19 21 25 31 8 1 9 17 42 37 15 29 3 6 33 
33 12 38 41 2 11 23 20 34 5 14 35 22 19 21 25 31 8 1 9 17 42 37 15 29 3 6 33 
34 12 38 41 2 11 23 20 34 5 14 35 22 19 21 25 31 8 1 9 17 42 37 15 29 3 6 33 
35 12 38 41 2 11 23 20 34 5 14 35 22 19 21 25 31 8 1 9 17 42 37 15 29 3 6 33 
36 12 38 41 2 11 23 20 34 5 14 35 22 19 21 25 31 8 1 9 17 42 37 15 29 3 6 33 
37 12 38 41 2 11 23 20 34 5 14 35 22 19 21 25 31 8 1 9 17 42 37 15 29 3 6 33 
38 12 38 41 2 11 23 20 34 5 14 35 22 19 21 25 31 8 1 9 17 42 37 15 29 3 6 33 
39 12 38 41 2 11 23 20 34 5 14 35 22 19 21 25 31 8 1 9 17 42 37 15 29 3 6 33 
40 12 38 41 2 11 23 20 34 5 14 35 22 19 21 25 31 8 1 9 17 42 37 15 29 3 6 33 
41 12 38 41 2 11 23 20 34 5 14 35 22 19 21 25 31 8 1 9 17 42 37 15 29 3 6 33 
42 12 38 41 2 11 23 20 34 5 14 35 22 19 21 25 31 8 1 9 17 42 37 15 29 3 6 33 
43 12 38 41 2 11 23 20 34 5 14 35 22 19 21 25 31 8 1 9 17 42 37 15 29 3 6 33 
44 12 38 41 2 11 23 20 34 5 14 35 22 19 21 25 31 8 1 9 17 42 37 15 29 3 6 33 
45 12 38 41 2 11 23 20 34 5 14 35 22 19 21 25 31 8 1 9 17 42 37 15 29 3 6 33 
46 12 38 41 2 11 23 20 34 5 14 35 22 19 21 25 31 8 46 1 9 17 42 37 15 29 3 6 33 
47 12 38 41 2 11 23 20 34 5 14 35 22 19 21 25 31 8 46 1 9 17 42 37 15 29 3 6 33 
48 12 38 41 2 11 23 20 34 5 14 35 22 19 21 25 31 8 46 1 9 17 42 37 15 29 3 6 33 
49 12 38 41 2 11 23 20 34 5 14 35 22 19 21 25 31 8 46 1 9 17 42 37 15 29 3 6 33 
50 12 38 41 2 11 23 20 34 5 14 35 22 19 21 25 31 8 46 1 9 17 42 37 15 29 3 6 33 50 
51 12 38 41 2 11 23 20 34 5 14 35 22 19 21 51 25 31 8 46 1 9 17 42 37 15 29 3 6 50 33 
52 12 38 41 2 11 23 20 34 5 14 35 22 19 21 51 25 31 8 46 1 9 17 42 37 15 29 3 6 50 33 
