1 1 
2 2 1 
3 2 1 3 
4 2 1 4 3 
5 2 1 4 3 
6 2 1 4 6 3 
7 2 7 1 4 6 3 
8 2 7 1 4 6 3 
9 2 7 9 1 4 6 3 
10 2 7 9 1 4 6 3 
11 2 7 9 1 4 6 3 
12 2 7 9 14 1 4 6 3 13 
13 2 7 14 1 4 6 3 13 
14 2 7 14 1 4 6 13 
15 2 7 14 1 4 6 13 
16 2 19 7 9 14 1 4 16 6 18 3 13 
17 2 19 7 9 14 1 4 16 6 18 3 13 
18 2 19 7 9 14 1 4 16 18 3 13 
19 2 19 7 14 1 4 16 18 3 
20 2 19 7 14 1 4 16 18 3 
21 2 19 7 9 14 1 4 16 6 18 3 13 21 
22 2 19 7 9 14 1 22 4 16 6 18 3 13 21 
23 2 19 7 9 14 1 22 4 16 6 18 3 13 21 
24 2 19 7 9 14 1 22 24 4 16 6 18 3 13 21 
25 2 19 7 9 14 1 22 24 4 16 6 18 3 13 21 
