1 1 
2 2 1 
3 3 2 1 
4 3 4 2 1 
5 3 4 2 1 
6 6 3 4 2 1 
7 6 3 4 2 1 7 
8 6 3 4 2 1 8 7 
9 6 3 4 2 1 8 7 
10 6 3 4 2 1 8 7 10 
11 6 3 4 2 1 8 11 7 10 
12 6 3 4 2 1 8 11 7 10 
13 6 13 3 4 2 1 8 11 7 10 
14 6 13 3 4 2 1 8 11 7 10 
15 6 13 3 4 2 1 8 11 7 10 
16 16 6 13 3 4 2 1 8 11 7 10 
17 16 6 13 3 4 2 1 17 8 11 7 10 
18 6 13 3 1 10 16 4 18 2 17 8 11 7 
19 6 13 3 1 10 16 4 18 2 17 8 11 7 
20 6 13 3 1 10 16 20 4 18 2 17 8 11 7 
21 6 13 3 1 10 16 20 4 18 2 17 8 11 21 7 
22 6 13 3 1 10 16 20 4 18 2 17 8 11 21 7 
23 6 13 3 1 10 16 20 4 18 2 17 23 8 11 21 7 
24 6 13 3 1 10 16 20 4 18 2 17 23 8 11 21 7 
25 6 13 3 1 10 16 20 25 4 18 2 17 23 8 11 21 7 
26 6 13 3 1 10 16 20 25 4 18 2 17 23 8 11 21 7 26 
27 6 13 3 1 10 16 20 25 4 18 2 17 23 8 11 21 7 26 
28 6 13 28 3 1 10 16 20 25 4 18 2 17 23 8 11 21 7 26 
29 6 13 28 3 29 1 10 16 20 25 4 18 2 17 23 8 11 21 7 26 
30 6 13 28 3 29 30 1 10 16 20 25 4 18 2 17 23 8 11 21 7 26 
31 6 13 28 3 29 30 1 10 16 20 25 4 18 2 17 23 8 11 21 7 26 
32 6 13 28 3 32 29 30 1 10 16 20 25 4 18 2 17 23 8 11 21 7 26 
33 33 6 13 28 3 32 29 30 1 10 16 20 25 4 18 2 17 23 8 11 21 7 26 
34 33 6 13 28 3 32 29 30 1 10 16 20 25 4 18 2 17 23 8 11 21 7 26 
35 33 35 6 13 28 3 32 29 30 1 10 16 20 25 4 18 2 17 23 8 11 21 7 26 
36 33 35 6 13 28 3 32 29 30 1 10 16 20 25 4 18 2 17 23 8 11 21 7 26 
37 33 32 29 30 10 20 18 17 11 21 37 35 6 13 28 3 1 16 25 4 2 23 8 7 26 
38 33 32 29 30 10 20 18 17 11 21 37 35 6 13 28 3 1 38 16 25 4 2 23 8 7 26 
39 33 32 29 30 10 20 18 17 11 21 37 35 6 13 28 3 1 39 38 16 25 4 2 23 8 7 26 
40 33 32 29 30 10 20 18 17 11 21 37 35 6 13 28 3 1 39 38 16 25 4 2 23 8 7 26 
41 33 32 29 30 10 20 18 17 11 21 41 37 35 6 13 28 3 1 39 38 16 25 4 2 23 8 7 26 
42 33 32 29 30 10 20 18 17 11 21 41 37 35 6 13 28 3 1 39 38 42 16 25 4 2 23 8 7 26 
43 33 43 32 29 30 10 20 18 17 11 21 41 37 35 6 13 28 3 1 39 38 42 16 25 4 2 23 8 7 26 
44 33 43 32 29 30 10 20 18 17 11 21 41 37 35 6 13 28 3 1 39 38 42 16 25 4 2 23 8 7 26 
45 33 43 32 29 30 45 10 20 18 17 11 21 41 37 35 6 13 28 3 1 39 38 42 16 25 4 2 23 8 7 26 
46 33 43 32 29 30 45 10 20 18 17 11 21 41 37 35 6 13 28 3 1 39 38 42 16 46 25 4 2 23 8 7 26 
47 33 43 32 29 30 45 10 20 18 17 11 21 41 37 35 6 13 28 3 1 39 38 42 16 46 25 4 2 23 8 7 26 
48 33 43 32 29 30 48 45 10 20 18 17 11 21 41 37 35 6 13 28 3 1 39 38 42 16 46 25 4 2 23 8 7 26 
49 33 43 32 29 30 48 45 10 20 18 17 11 21 41 37 35 6 13 28 3 1 39 38 42 16 46 25 4 2 23 8 7 26 
50 33 43 32 29 30 48 45 10 20 18 17 11 21 41 37 35 6 13 28 3 1 39 38 42 16 46 25 4 2 23 8 7 26 
