1 1 
2 1 2 
3 3 1 2 
4 3 1 2 4 
5 3 5 1 2 4 
6 3 13 20 11 12 15 1 2 8 4 17 19 10 9 14 16 21 6 5 18 
7 3 13 20 11 12 15 1 2 8 4 17 19 10 9 14 16 21 6 5 18 
8 3 13 20 11 12 15 1 2 8 4 17 19 10 9 14 16 21 6 5 18 
9 3 13 20 11 12 15 1 2 8 4 17 19 10 14 16 9 21 6 5 18 
10 3 13 20 11 12 15 1 2 8 4 17 19 10 9 14 16 21 6 5 18 
11 3 13 20 12 15 11 1 2 8 4 17 19 10 9 14 16 21 6 5 18 
12 3 13 20 11 15 12 1 2 8 4 17 19 10 9 14 16 21 6 5 18 
13 3 13 20 11 12 15 1 2 8 4 17 19 10 9 14 16 21 6 5 18 
14 3 13 20 11 12 15 1 2 8 4 17 19 10 9 16 14 21 6 5 18 
15 3 13 20 11 12 15 1 2 8 4 17 19 10 9 14 16 21 6 5 18 
16 3 13 20 11 12 15 1 2 8 4 17 19 10 9 14 16 21 6 5 18 
17 3 13 20 11 12 15 1 2 8 4 17 19 10 9 14 16 21 6 5 18 
18 3 13 20 11 12 15 1 2 8 4 17 19 10 9 14 16 21 6 5 18 
19 3 13 20 11 12 15 1 2 8 4 17 19 10 9 14 16 21 6 5 18 
20 3 13 20 11 12 15 1 2 8 17 19 10 9 14 16 21 6 5 18 
21 3 13 20 11 12 15 1 2 8 17 19 10 9 14 16 21 6 18 
22 3 13 20 11 12 15 1 2 8 17 19 10 9 14 16 21 6 18 
23 3 13 20 11 12 15 1 2 8 4 17 19 10 9 14 16 21 6 5 18 
