1 1 
2 2 1 
3 3 2 1 
4 3 4 2 1 
5 3 4 2 5 1 
6 3 4 2 5 1 6 
7 14 10 47 32 26 1 13 25 35 3 4 39 44 34 28 42 40 41 5 6 7 11 45 16 9 21 33 27 38 2 49 43 
8 14 10 47 32 26 1 13 25 35 3 4 39 44 34 28 42 40 41 5 6 7 11 45 16 9 21 33 27 38 2 49 43 
9 14 10 32 26 1 13 25 35 3 4 39 44 34 28 42 40 41 5 6 7 11 45 16 9 21 33 27 38 2 49 43 
10 14 10 47 32 26 1 13 25 35 3 4 39 44 34 28 42 40 41 5 6 7 11 45 16 9 21 33 27 38 2 49 43 
11 14 10 47 32 26 1 13 25 35 3 4 39 44 34 28 42 40 41 5 6 7 11 45 16 9 21 33 27 38 2 49 43 
12 14 10 47 32 26 1 13 25 35 3 4 39 44 34 28 42 40 41 5 6 7 11 45 16 9 21 33 27 38 2 49 43 
13 14 10 47 32 26 1 13 25 35 3 4 39 44 34 28 42 40 41 5 6 7 11 45 16 9 21 33 27 38 2 49 43 
14 14 10 47 32 26 1 13 25 35 3 4 39 44 34 28 42 40 41 5 6 7 11 45 16 9 21 33 27 38 2 49 43 
15 14 10 47 32 26 1 13 25 35 3 4 39 44 34 28 42 40 41 5 6 7 11 45 16 9 21 33 27 38 2 49 43 
16 14 10 47 32 26 1 13 25 35 3 4 39 44 34 28 42 40 41 5 6 7 11 45 16 9 21 33 27 38 2 49 43 
17 14 10 47 32 26 1 13 25 35 3 4 39 44 34 28 42 40 41 5 6 7 11 45 16 9 21 33 27 38 2 49 43 
18 14 10 47 32 26 1 13 25 35 3 4 39 44 34 28 42 40 41 5 6 7 11 45 16 9 21 33 27 38 2 49 43 
19 14 10 47 32 26 1 13 25 35 3 4 39 44 34 28 42 40 41 5 6 7 11 45 16 9 21 33 27 38 2 49 43 
20 14 10 47 32 26 1 13 25 35 3 4 39 44 34 28 42 40 41 5 6 7 11 45 16 9 21 33 27 38 2 49 43 
21 14 10 47 32 26 1 13 25 35 3 4 39 44 34 28 42 40 41 5 6 7 11 45 16 9 21 33 27 38 2 49 43 
22 14 10 47 32 26 1 13 25 35 3 4 39 44 34 28 42 40 41 5 6 7 11 45 16 9 21 33 27 38 2 49 43 
23 14 10 47 32 26 1 13 25 35 3 4 39 44 34 28 42 40 41 5 6 7 11 45 16 9 21 33 27 38 2 49 43 
24 14 10 47 32 26 1 13 25 35 3 4 39 44 34 28 42 40 41 5 6 7 11 45 16 9 21 33 27 38 2 49 43 
25 14 10 47 32 26 1 13 35 25 3 4 39 44 34 28 42 40 41 5 6 7 11 45 16 9 21 33 27 38 2 49 43 
26 14 10 47 32 26 1 13 25 35 3 4 39 44 34 28 42 40 41 5 6 7 11 45 16 9 21 33 27 38 2 49 43 
27 14 10 47 32 26 1 13 25 35 3 4 39 44 34 28 42 40 41 5 6 7 11 45 16 9 21 33 38 27 2 49 43 
28 14 10 47 32 26 1 13 25 35 3 4 39 44 34 42 28 40 41 5 6 7 11 45 16 9 21 33 27 38 2 49 43 
29 14 10 47 32 26 1 13 25 35 3 4 39 44 34 28 42 40 41 5 6 7 11 45 16 9 21 33 27 38 2 49 43 
30 14 10 47 32 26 1 13 25 35 3 4 39 44 34 28 42 40 41 5 6 7 11 45 16 9 21 33 27 38 2 49 43 
31 14 10 47 32 26 1 13 25 35 3 4 39 44 34 28 42 40 41 5 6 7 11 45 16 9 21 33 27 38 2 49 43 
32 14 10 47 32 26 1 13 25 35 3 4 39 44 34 28 42 40 41 5 6 7 11 45 16 9 21 33 27 38 2 49 43 
33 14 10 47 32 26 1 13 25 35 3 4 39 44 34 28 42 40 41 5 6 7 11 45 16 9 21 33 27 38 2 49 43 
34 14 10 47 32 26 1 13 25 35 3 4 39 44 34 28 42 40 41 5 6 7 11 45 16 9 21 33 27 38 2 49 43 
35 14 10 47 32 26 1 13 25 35 3 4 39 44 34 28 42 40 41 5 6 7 11 45 16 9 21 33 27 38 2 49 43 
36 14 10 47 32 26 1 13 35 25 3 4 39 44 34 28 42 40 41 5 6 7 11 45 16 9 21 33 27 38 2 49 43 
37 14 10 47 32 26 1 13 35 25 3 4 39 44 34 28 42 40 41 5 6 7 11 45 16 9 21 33 27 38 2 49 43 
38 14 10 47 32 26 1 13 25 35 3 4 39 44 34 28 42 40 41 5 6 7 11 45 16 9 21 33 27 38 2 49 43 
39 14 10 47 32 26 1 13 25 35 3 4 39 44 34 28 42 40 41 5 6 7 11 45 16 9 21 33 38 27 2 49 43 
40 14 10 47 32 26 1 13 25 35 3 4 39 44 34 28 42 41 40 5 6 7 11 45 16 9 21 33 38 27 2 49 43 
41 14 10 47 32 26 1 13 25 35 3 4 39 44 34 28 42 40 41 5 6 7 11 45 16 9 21 33 38 27 2 49 43 
42 14 10 47 32 26 1 13 25 35 3 4 39 44 34 28 42 40 41 5 6 7 11 45 16 9 21 33 38 27 2 49 43 
43 14 10 47 32 26 1 13 25 35 3 4 39 44 34 42 28 40 41 5 6 7 11 45 16 9 21 33 38 27 2 49 43 
44 14 10 47 32 26 1 13 25 35 3 4 39 44 34 42 28 40 41 5 6 7 11 45 16 9 21 33 38 27 2 49 43 
45 14 10 47 32 26 1 13 25 35 3 4 39 44 34 42 28 40 41 5 6 7 11 45 16 9 21 33 38 27 2 49 43 
46 14 10 47 32 26 1 13 25 35 3 4 39 44 34 42 28 40 41 5 6 7 11 45 16 9 21 33 38 27 2 49 43 
47 14 10 47 32 26 1 13 25 35 3 4 39 44 34 28 42 40 41 5 6 7 11 45 16 21 33 27 38 2 49 43 
48 14 10 47 32 26 1 13 25 35 3 4 39 44 34 28 42 40 41 5 6 7 11 45 16 21 33 27 38 2 49 43 
49 14 10 47 32 26 1 13 25 35 3 4 39 44 34 28 42 40 41 5 7 11 45 16 9 21 33 27 38 2 49 43 
50 14 10 47 32 26 1 13 25 35 3 4 39 44 34 28 42 40 41 5 7 11 45 16 9 21 33 27 38 2 49 43 
51 14 10 47 32 26 1 13 25 35 3 51 4 39 44 34 28 42 40 41 5 6 7 11 45 16 9 21 33 27 38 2 49 43 
52 14 10 47 32 26 1 13 25 35 3 51 4 39 44 34 28 42 40 41 5 6 7 11 45 16 9 21 33 52 27 38 2 49 43 
53 14 10 47 32 26 1 13 25 35 3 51 4 39 44 34 28 42 40 41 5 53 6 7 11 45 16 9 21 33 52 27 38 2 49 43 
54 14 10 47 32 26 1 13 25 35 3 51 4 39 44 54 34 28 42 40 41 5 53 6 7 11 45 16 9 21 33 52 27 38 2 49 43 
55 14 10 47 32 26 1 13 25 35 3 51 4 39 44 54 34 28 42 55 40 41 5 53 6 7 11 45 16 9 21 33 52 27 38 2 49 43 
56 14 10 47 32 26 1 13 25 35 3 51 4 39 44 54 34 28 42 55 40 41 5 53 6 7 11 45 16 9 56 21 33 52 27 38 2 49 43 
57 14 10 47 32 26 1 57 13 25 35 3 51 4 39 44 54 34 28 42 55 40 41 5 53 6 7 11 45 16 9 56 21 33 52 27 38 2 49 43 
58 14 10 47 32 26 1 57 13 25 35 3 51 4 39 44 54 34 28 42 55 40 41 5 53 6 7 11 45 16 9 56 21 33 52 27 38 2 49 43 
