1 1 
2 1 2 
3 1 2 3 
4 1 2 4 3 
5 5 2 4 3 
6 7 8 5 9 2 4 3 11 
7 7 8 5 9 2 4 3 11 
8 7 8 5 9 2 4 3 11 
9 7 8 5 9 2 4 3 11 
10 7 8 5 9 2 4 3 11 
11 7 8 5 9 4 3 11 
12 7 8 5 9 4 3 11 
13 7 15 8 5 16 18 9 2 4 3 11 14 
14 7 15 8 5 16 18 9 2 4 3 11 14 
15 7 15 8 5 16 18 9 2 4 3 11 14 
16 7 15 8 5 16 18 9 2 4 3 11 14 
17 7 15 8 5 16 18 9 2 4 3 11 14 
18 7 15 8 5 16 18 9 2 3 11 14 
19 7 15 8 5 16 18 9 2 3 11 14 
20 15 29 5 16 35 34 2 27 4 3 11 14 36 38 31 7 25 8 18 24 9 28 21 22 
21 15 29 5 16 35 34 2 27 4 3 11 14 36 38 31 7 25 8 18 24 9 28 22 21 
22 15 29 5 16 35 34 2 27 4 3 11 14 36 38 31 7 25 8 18 24 9 28 21 22 
23 15 29 5 16 35 34 2 27 4 3 11 14 36 38 31 7 25 8 18 24 9 28 21 22 
24 15 29 5 16 35 34 27 4 3 14 36 38 7 25 8 18 24 9 28 21 22 
25 15 29 5 16 35 34 27 3 14 36 7 25 8 24 9 28 21 22 
26 15 29 5 16 35 34 27 3 14 36 31 7 25 8 24 9 28 21 22 
27 15 29 5 16 35 34 27 3 14 36 31 7 25 8 24 9 28 21 22 
28 15 29 5 16 35 34 27 3 14 36 31 7 25 8 24 9 28 21 22 
29 15 29 5 16 35 34 27 3 14 36 31 7 25 8 24 9 28 21 22 
30 15 29 5 16 35 34 27 3 14 36 31 7 25 8 24 9 28 21 22 
31 15 29 5 16 35 34 27 3 14 36 31 7 25 8 9 28 21 22 
32 15 29 5 16 35 34 27 3 14 36 31 7 25 8 9 28 21 22 
33 15 29 5 16 35 34 27 3 14 36 38 31 7 25 8 24 9 28 21 22 
34 15 29 5 16 35 34 27 3 14 36 38 31 7 25 8 24 9 28 21 22 
35 15 29 5 16 35 34 27 3 14 36 38 31 7 25 8 24 9 28 21 22 
36 15 29 5 16 35 34 27 3 14 38 36 31 7 25 8 24 9 28 21 22 
37 15 29 5 16 35 34 27 3 14 36 38 31 7 25 8 24 9 28 21 22 
38 15 29 5 16 35 34 27 3 14 36 38 31 7 8 24 9 28 21 22 
39 15 29 5 16 35 34 27 3 14 36 38 31 7 8 24 9 28 21 22 
40 15 29 5 16 35 34 2 27 4 3 11 14 36 38 31 7 25 8 18 24 9 28 21 22 
41 15 29 5 16 35 34 2 27 4 3 11 14 36 38 31 7 25 8 18 24 9 28 21 22 
