1 1 
2 2 1 
3 2 1 3 
4 2 1 3 4 
5 2 1 3 4 
6 2 1 3 4 
7 2 7 1 3 4 
8 2 7 8 1 3 4 
9 2 7 8 1 3 4 
10 2 7 8 1 3 4 
11 2 7 8 1 3 4 11 
12 2 7 8 1 3 12 4 11 
13 22 7 8 18 25 15 4 16 13 2 23 20 1 17 3 21 12 11 
14 22 7 8 18 25 15 4 16 13 2 23 20 1 17 3 21 12 11 
15 22 7 8 18 25 15 4 16 13 2 23 20 1 17 3 21 12 11 
16 22 7 8 18 25 15 4 16 13 2 23 20 1 17 3 21 12 11 
17 22 7 8 18 25 15 4 16 13 2 23 20 1 17 3 21 12 11 
18 22 7 8 25 18 15 4 16 13 2 23 20 1 17 3 21 12 11 
19 22 7 8 18 25 15 4 16 13 2 23 20 1 17 3 21 12 11 
20 22 7 8 18 25 15 4 16 13 2 23 20 1 17 3 21 12 11 
21 22 7 8 18 25 15 4 16 13 2 23 20 1 17 3 21 12 11 
22 22 7 8 18 25 15 4 16 13 2 23 20 1 17 3 21 12 11 
23 22 7 8 18 25 15 4 16 13 2 23 20 1 17 3 21 12 11 
24 22 7 8 18 25 15 4 16 13 2 23 20 1 17 3 21 12 11 
25 22 7 8 18 25 15 4 16 13 2 23 20 1 17 3 21 11 
26 22 7 8 18 25 15 4 16 13 2 23 20 1 17 3 21 11 
27 22 7 8 18 15 4 16 13 27 2 23 20 1 17 3 21 11 
28 22 7 8 18 15 4 16 13 27 32 2 23 20 1 17 3 21 29 11 
29 22 7 8 18 15 4 16 13 27 32 2 23 20 1 17 3 21 29 11 
30 22 7 8 18 15 4 16 13 27 32 2 23 20 1 17 3 21 29 11 
31 22 7 8 18 15 4 16 13 27 32 2 23 20 1 17 3 21 29 11 
32 22 7 8 18 15 4 16 13 32 2 23 20 1 17 3 21 29 11 
33 22 7 8 18 15 4 16 13 32 2 23 20 1 17 3 21 29 11 
34 22 7 8 18 15 4 16 13 34 2 23 20 1 17 3 21 29 11 
35 39 59 52 38 55 7 43 42 15 47 54 23 20 35 1 17 21 29 11 22 41 8 56 18 4 16 13 49 34 37 46 2 48 53 3 50 
36 39 59 52 38 55 7 43 42 15 47 54 23 20 35 1 17 21 29 11 22 41 8 56 18 4 16 13 49 34 37 46 2 48 53 3 50 
37 39 59 52 38 55 7 43 42 15 47 54 23 20 35 1 17 21 29 11 22 41 8 56 18 4 16 13 49 34 46 37 2 48 53 3 50 
38 39 59 52 38 55 7 43 42 15 47 54 23 20 35 1 17 21 29 11 22 41 8 56 18 4 16 13 49 34 37 46 2 48 53 3 50 
39 59 39 52 38 55 7 43 42 15 47 54 23 20 35 1 17 21 29 11 22 41 8 56 18 4 16 13 49 34 37 46 2 48 53 3 50 
40 39 59 52 38 55 7 43 42 15 47 54 23 20 35 1 17 21 29 11 22 41 8 56 18 4 16 13 49 34 37 46 2 48 53 3 50 
41 39 59 52 38 55 7 43 42 15 47 54 23 20 35 1 17 21 29 11 22 41 8 56 18 4 16 13 49 34 37 46 2 48 53 3 50 
42 39 59 52 38 55 7 43 15 42 47 54 23 20 35 1 17 21 29 11 22 41 8 56 18 4 16 13 49 34 37 46 2 48 53 3 50 
43 39 59 52 38 55 7 43 42 15 47 54 23 20 35 1 17 21 29 11 22 41 8 56 18 4 16 13 49 34 37 46 2 48 53 3 50 
44 39 59 52 38 55 7 43 42 15 47 54 23 20 35 1 17 21 29 11 22 41 8 56 18 4 16 13 49 34 37 46 2 48 53 3 50 
45 39 59 52 38 55 7 43 42 15 47 54 23 20 35 1 17 21 29 11 22 41 8 56 18 4 16 13 49 34 37 46 2 48 53 3 50 
46 39 59 52 38 55 7 43 42 15 47 54 23 20 35 1 17 21 29 11 22 41 8 56 18 4 16 13 49 34 37 46 2 48 53 3 50 
47 39 59 52 38 55 7 43 42 15 47 54 23 20 35 1 17 21 29 11 22 41 8 56 18 4 16 13 49 34 37 46 2 48 53 3 50 
48 39 59 52 38 55 7 43 42 15 47 54 23 20 35 1 17 21 29 11 22 41 8 56 18 4 16 13 49 34 37 46 2 53 48 3 50 
49 39 59 52 38 55 7 43 42 15 47 54 23 20 35 1 17 21 29 11 22 41 8 56 18 4 16 13 49 34 37 46 2 48 53 3 50 
50 39 59 52 38 55 7 43 42 15 47 54 23 20 35 1 17 21 29 11 22 41 8 56 18 4 16 13 49 34 37 46 2 48 53 3 50 
51 39 59 52 38 55 7 43 42 15 47 54 23 20 35 1 17 21 29 11 22 41 8 56 18 4 16 13 49 34 37 46 2 48 53 3 50 
52 39 59 52 38 55 7 43 42 15 47 54 23 20 35 1 17 21 29 11 22 41 8 56 18 4 16 13 49 34 37 46 2 48 53 3 50 
53 39 59 52 38 55 7 43 42 15 47 54 23 20 35 1 17 21 29 11 22 41 8 56 18 4 16 13 49 34 37 46 2 48 53 3 50 
54 39 59 52 38 55 7 43 42 15 47 23 54 20 35 1 17 21 29 11 22 41 8 56 18 4 16 13 49 34 37 46 2 48 53 3 50 
55 39 59 52 38 55 7 43 42 15 47 54 23 20 35 1 17 21 29 11 22 41 8 56 18 4 16 13 49 34 37 46 2 48 53 3 50 
56 39 59 52 38 55 7 43 42 15 47 54 23 20 35 1 17 21 29 11 22 41 8 18 56 4 16 13 49 34 37 46 2 48 53 3 50 
57 39 59 52 38 55 7 43 42 15 47 54 23 20 35 1 17 21 29 11 22 41 8 56 18 4 16 13 49 34 37 46 2 48 53 3 50 
58 39 59 52 38 55 7 43 42 15 47 54 23 20 35 1 17 21 29 11 22 41 8 56 18 4 16 13 49 34 37 46 2 48 53 3 50 
59 39 59 52 38 55 7 43 42 15 47 54 23 20 35 1 17 21 29 11 22 41 8 56 18 4 16 13 49 37 46 2 48 53 3 50 
60 39 59 52 38 55 7 43 42 15 47 54 23 20 35 1 17 21 29 11 22 41 8 56 18 4 16 13 49 37 46 2 48 53 3 50 
61 39 59 52 38 55 7 43 42 15 47 54 23 20 35 1 17 21 29 11 22 41 8 56 18 4 16 13 49 34 37 46 2 48 53 3 50 
