1 1 
2 2 1 
3 2 3 1 
4 2 3 4 1 
5 2 5 3 4 1 
6 2 18 14 12 16 4 9 1 13 5 3 11 8 7 10 
7 2 18 14 12 16 4 9 1 13 5 3 11 8 10 7 
8 2 18 14 12 16 4 9 1 13 5 3 11 8 7 10 
9 2 18 14 12 16 4 9 1 13 5 3 11 8 7 10 
10 2 18 14 12 16 4 9 1 13 5 3 11 8 7 10 
11 2 18 14 12 16 4 9 1 13 5 3 11 8 7 10 
12 2 18 14 12 16 4 9 1 13 3 11 8 7 10 
13 2 18 14 12 16 4 9 1 13 3 11 8 7 10 
14 2 18 14 12 16 4 9 1 13 3 11 8 7 10 
15 2 18 14 12 16 4 9 1 13 3 11 8 7 10 
16 18 14 12 16 4 9 1 13 3 11 8 7 10 
17 18 14 12 16 4 9 1 13 3 11 8 7 10 
18 2 18 14 12 16 9 1 13 3 11 8 7 10 
19 2 18 14 12 16 9 1 13 3 11 8 7 10 
20 2 18 14 12 16 4 9 1 13 5 3 11 8 7 10 
