1 1 
2 1 2 
3 1 2 
4 4 1 2 
5 4 1 5 2 
6 4 1 5 2 6 
7 4 1 5 7 2 6 
8 4 1 5 8 7 2 6 
9 13 4 12 1 22 24 27 8 29 6 20 5 17 30 25 26 7 11 2 16 21 9 15 
10 13 4 12 1 22 24 27 8 29 6 20 5 17 30 25 26 7 11 2 9 16 21 15 
11 13 4 12 1 22 24 27 8 29 6 20 5 17 30 25 26 7 11 2 9 16 21 15 
12 13 4 12 1 22 24 27 8 29 6 20 5 17 30 25 26 7 11 2 9 16 21 15 
13 13 4 12 1 22 24 27 8 29 6 20 5 17 30 25 26 7 11 2 9 16 21 15 
14 13 4 12 1 22 24 27 8 29 6 20 5 17 30 25 26 7 11 2 9 16 21 15 
15 13 4 12 1 22 24 27 8 29 6 20 5 17 30 25 26 7 11 2 9 16 21 15 
16 13 4 12 1 22 24 27 8 29 6 20 5 17 30 25 26 7 11 2 9 21 16 15 
17 13 4 12 1 22 24 27 8 29 6 20 5 30 17 25 26 7 11 2 9 16 21 15 
18 13 4 12 1 22 24 27 8 29 6 20 5 17 30 25 26 7 11 2 9 16 21 15 
19 13 4 12 1 22 24 27 6 20 5 17 30 25 26 7 11 2 9 16 21 19 15 
20 13 4 12 1 22 24 27 6 20 5 17 30 25 26 7 11 2 9 16 19 21 15 
21 13 4 12 1 22 24 27 6 20 5 17 30 25 26 7 11 2 9 16 19 21 15 
22 13 4 12 1 22 24 27 6 20 5 17 30 25 26 7 11 2 9 16 19 21 15 
23 13 4 12 1 22 24 27 6 20 5 17 30 25 26 7 11 2 9 16 19 21 15 
24 13 4 12 1 22 24 27 6 20 5 17 30 25 26 7 11 2 9 16 19 21 15 
25 13 4 12 1 22 24 27 6 20 5 17 30 25 26 7 11 2 9 16 19 21 15 
26 13 4 12 1 22 24 27 6 20 5 17 30 25 26 7 11 2 9 16 19 21 15 
27 13 4 12 1 22 24 27 6 20 5 17 30 25 26 7 11 2 9 16 19 21 15 
28 13 4 12 1 22 24 27 6 20 5 17 30 25 26 7 11 2 9 16 19 21 15 
29 13 4 12 1 22 24 27 29 6 20 5 17 30 25 26 7 11 2 9 16 21 15 
30 13 4 12 1 22 24 27 29 6 20 5 17 30 25 26 11 2 9 16 21 15 
31 13 4 12 1 22 24 27 29 6 20 5 17 30 25 26 11 2 9 16 21 15 
32 13 4 12 1 32 22 24 27 8 29 6 20 5 17 30 25 26 7 11 2 9 16 21 15 
33 13 4 12 1 32 22 24 27 8 29 6 20 5 17 30 25 26 7 11 2 9 16 21 15 
34 13 4 12 1 32 22 24 27 8 29 6 20 5 17 30 25 26 7 11 2 9 16 21 15 
35 13 4 12 22 24 29 6 20 5 17 30 25 26 11 35 2 9 15 1 32 27 8 7 16 21 
36 13 4 12 22 24 29 6 20 5 17 30 25 26 35 11 2 9 15 1 32 27 8 7 16 21 
37 13 37 4 12 22 24 29 6 20 5 17 30 25 26 35 11 2 9 15 1 32 27 8 7 16 21 
38 37 13 4 12 22 24 29 6 20 5 17 30 25 26 35 11 2 9 15 1 32 27 8 7 16 21 
39 37 13 4 12 22 24 6 20 5 17 30 25 26 39 35 11 2 9 15 1 32 27 7 16 21 
40 37 13 4 12 22 24 40 6 20 5 17 30 25 39 26 35 11 2 9 15 1 32 27 7 16 21 
41 37 4 12 22 60 40 54 71 41 58 20 5 73 26 35 11 9 15 32 47 49 72 7 70 16 13 44 24 67 6 46 52 66 17 30 25 39 2 1 27 64 65 56 43 57 62 61 53 48 21 
42 37 4 12 22 60 40 54 71 41 58 20 5 73 26 35 11 9 15 32 47 49 72 7 70 16 13 44 24 67 6 46 52 66 17 30 25 39 2 1 27 64 65 56 43 57 62 61 53 48 21 
43 37 4 12 22 60 40 54 71 41 58 20 5 73 26 35 11 9 15 32 47 49 72 7 70 16 13 44 24 67 6 46 52 66 17 30 25 39 2 1 27 64 65 56 57 43 62 61 53 48 21 
44 37 4 12 22 60 40 54 71 41 58 20 5 73 26 35 11 9 15 32 47 49 72 7 70 16 13 44 24 67 6 46 52 66 17 30 25 39 2 1 27 64 65 56 43 57 62 61 53 48 21 
45 37 4 12 22 60 40 54 71 41 58 20 5 73 26 35 11 9 15 32 47 49 72 7 70 16 13 44 24 67 6 46 52 66 17 30 25 39 2 1 27 64 65 56 43 57 62 61 53 48 21 
46 37 4 12 22 60 40 54 71 41 58 20 5 73 26 35 11 9 15 32 47 49 72 7 70 16 13 44 24 67 6 46 52 66 17 30 25 39 2 1 27 64 65 56 43 57 62 61 53 48 21 
47 37 4 12 22 60 40 54 71 41 58 20 5 73 26 35 11 9 15 32 47 49 72 7 70 16 13 44 24 67 6 46 52 66 17 30 25 39 2 1 27 64 65 56 43 57 62 61 53 48 21 
48 37 4 12 22 60 40 54 71 41 58 20 5 73 26 35 11 9 15 32 47 49 72 7 70 16 13 44 24 67 6 46 52 66 17 30 25 39 2 1 27 64 65 56 43 57 62 61 53 48 21 
49 37 4 12 22 60 40 54 71 41 58 20 5 73 26 35 11 9 15 32 47 72 49 7 70 16 13 44 24 67 6 46 52 66 17 30 25 39 2 1 27 64 65 56 43 57 62 61 53 48 21 
50 37 4 12 22 60 40 54 71 41 58 20 5 73 26 35 11 9 15 32 47 49 72 7 70 16 13 44 24 67 6 46 52 66 17 30 25 39 2 1 27 64 65 56 43 57 62 61 53 48 21 
51 37 4 12 22 60 40 54 71 41 58 20 5 73 26 35 11 9 15 32 47 49 72 7 70 16 13 44 24 67 6 46 52 66 17 30 25 39 2 1 27 64 65 56 43 57 62 61 53 48 21 
52 37 4 12 22 60 40 54 71 41 58 20 5 73 26 35 11 9 15 32 47 49 72 7 70 16 13 44 24 67 6 46 52 66 17 30 25 39 2 1 27 64 65 56 43 57 62 61 53 48 21 
53 37 4 12 22 60 40 54 71 41 58 20 5 73 26 35 11 9 15 32 47 49 72 7 70 16 13 44 24 67 6 46 52 66 17 30 25 39 2 1 27 64 65 56 43 57 62 61 53 48 21 
54 37 4 12 22 60 40 71 54 41 58 20 5 73 26 35 11 9 15 32 47 49 72 7 70 16 13 44 24 67 6 46 52 66 17 30 25 39 2 1 27 64 65 56 43 57 62 61 53 48 21 
55 37 4 12 22 60 40 54 71 41 58 20 5 73 26 35 11 9 15 32 47 49 72 7 70 16 13 44 24 67 6 46 52 66 17 30 25 39 2 1 27 64 65 56 43 57 62 61 53 48 21 
56 37 4 12 22 60 40 54 71 41 58 20 5 73 26 35 11 9 15 32 47 49 72 7 70 16 13 44 24 67 6 46 52 66 17 30 25 39 2 1 27 64 65 56 43 57 62 61 53 48 21 
57 37 4 12 22 60 40 54 71 41 58 20 5 73 26 35 11 9 15 32 47 49 72 7 70 16 13 44 24 67 6 46 52 66 17 30 25 39 2 1 27 64 65 56 43 57 62 61 53 48 21 
58 37 4 12 22 60 40 54 71 41 20 58 5 73 26 35 11 9 15 32 47 49 72 7 70 16 13 44 24 67 6 46 52 66 17 30 25 39 2 1 27 64 65 56 43 57 62 61 53 48 21 
59 37 4 12 22 60 40 54 71 41 58 20 5 73 26 35 11 9 15 32 47 49 72 7 70 16 13 44 24 67 6 46 52 66 17 30 25 39 2 1 27 64 65 56 43 57 62 61 53 48 21 
60 37 4 12 22 60 40 54 71 41 58 20 5 73 26 35 11 9 15 32 47 49 72 7 70 16 13 44 24 67 6 46 52 66 17 30 25 39 2 1 27 64 65 56 43 57 62 61 53 48 21 
61 37 4 12 22 60 40 54 71 41 58 20 5 73 26 35 11 9 15 32 47 49 72 7 70 16 13 44 24 67 6 46 52 66 17 30 25 39 2 1 27 64 65 56 43 57 62 61 53 48 21 
62 37 4 12 22 60 40 54 71 41 58 20 5 73 26 35 11 9 15 32 47 49 72 7 70 16 13 44 24 67 6 46 52 66 17 30 25 39 2 1 27 64 65 56 43 57 62 61 53 48 21 
63 37 4 12 22 60 40 54 71 41 58 20 5 73 26 35 11 9 15 32 47 49 72 7 70 16 13 44 24 67 6 46 52 66 17 30 25 39 2 1 27 64 65 56 43 57 62 61 53 48 21 
64 37 4 12 22 60 40 54 71 41 58 20 5 73 26 35 11 9 15 32 47 49 72 7 70 16 13 44 24 67 6 46 52 66 17 30 25 39 2 1 27 64 65 56 43 57 62 61 53 48 21 
65 37 4 12 22 60 40 54 71 41 58 20 5 73 26 35 11 9 15 32 47 49 72 7 70 16 13 44 24 67 6 46 52 66 17 30 25 39 2 1 27 64 65 56 43 57 62 61 53 48 21 
66 37 4 12 22 60 40 54 71 41 58 20 5 73 26 35 11 9 15 32 47 49 72 7 70 16 13 44 24 67 6 46 52 66 17 30 25 39 2 1 27 64 65 56 43 57 62 61 53 48 21 
67 37 4 12 22 60 40 54 71 41 58 20 5 73 26 35 11 9 15 32 47 49 72 7 70 16 13 44 24 67 6 46 52 66 17 30 25 39 2 1 27 64 65 56 43 57 62 61 53 48 21 
68 37 4 12 22 60 40 54 71 41 58 20 5 73 26 35 11 9 15 32 47 49 72 7 70 16 13 44 24 67 6 46 52 66 17 30 25 39 2 1 27 64 65 56 43 57 62 61 53 48 21 
69 37 4 12 22 60 40 54 71 41 58 20 5 73 26 35 11 9 15 32 47 49 72 7 70 16 13 44 24 67 6 46 52 66 17 30 25 39 2 1 27 64 65 56 43 57 62 61 53 48 21 
70 37 4 12 22 60 40 54 71 41 58 20 5 73 26 35 11 9 15 32 47 49 72 7 16 70 13 44 24 67 6 46 52 66 17 30 25 39 2 1 27 64 65 56 43 57 62 61 53 48 21 
71 37 4 12 22 60 40 54 71 41 58 20 5 73 26 35 11 9 15 32 47 49 72 7 70 16 13 44 24 67 6 46 52 66 17 30 25 39 2 1 27 64 65 56 43 57 62 61 53 48 21 
72 37 4 12 22 60 40 54 71 41 58 20 5 73 26 35 11 9 15 32 47 49 72 7 70 16 13 44 24 67 6 46 52 66 17 30 25 2 1 27 64 65 56 43 57 62 61 53 48 21 
73 37 4 12 22 60 54 71 41 58 20 5 26 73 35 11 9 15 32 47 49 72 7 70 16 13 44 24 67 6 46 52 66 17 30 25 39 2 1 27 64 65 56 43 57 62 61 53 48 21 
74 37 4 12 22 60 54 71 41 58 20 5 73 26 35 11 9 15 32 47 49 72 7 70 16 13 44 24 67 6 46 52 66 17 30 25 39 2 1 27 64 65 56 43 57 62 61 53 48 21 
75 37 4 12 22 60 40 54 71 41 58 20 5 73 26 35 11 9 15 32 47 49 72 7 70 16 13 44 24 67 6 46 52 66 17 30 25 39 2 1 27 64 65 56 43 57 62 61 53 48 21 
