1 1 
2 1 2 
3 1 3 2 
4 1 3 4 2 
5 1 3 5 4 2 
6 1 3 5 6 4 2 
7 7 1 3 5 6 4 2 
8 7 1 3 5 6 4 2 8 
9 1 14 3 5 6 9 4 17 2 8 7 16 19 56 12 11 
10 1 14 3 5 6 9 4 17 2 8 7 16 19 56 12 11 
11 1 14 3 5 6 9 4 17 2 8 7 16 19 56 12 11 
12 1 14 3 5 6 9 4 17 2 8 7 16 19 56 12 11 
13 1 14 3 5 6 9 4 17 2 8 7 16 19 56 12 11 
14 1 14 3 5 9 4 17 2 8 7 16 56 12 11 
15 1 14 3 5 9 4 17 2 8 7 16 56 12 11 
16 1 14 3 5 6 9 4 17 2 8 7 16 19 56 12 11 
17 1 14 3 5 6 9 4 17 2 8 7 16 19 56 12 11 
18 1 14 3 5 6 9 4 17 2 8 7 16 19 56 12 11 
19 1 3 5 9 4 17 2 8 7 16 56 19 12 11 
20 1 14 3 5 6 9 4 17 2 8 7 16 19 56 12 11 
21 1 14 3 5 6 9 4 21 17 2 8 7 16 19 56 12 11 
22 36 32 41 31 33 5 48 6 9 4 21 24 46 17 51 7 27 53 12 40 29 37 1 14 42 3 23 34 49 30 2 8 44 16 19 56 50 11 47 
23 36 32 41 31 33 5 48 6 9 4 21 24 46 17 51 7 27 53 12 40 29 37 1 14 42 3 23 34 49 30 2 8 44 16 19 56 50 11 47 
24 36 32 41 31 33 5 48 6 9 4 21 46 24 17 51 7 27 53 12 40 29 37 1 14 42 3 23 34 49 30 2 8 44 16 19 56 50 11 47 
25 36 32 41 31 33 5 48 6 9 4 21 24 46 17 51 7 27 53 12 40 29 37 1 14 42 3 23 34 49 30 2 8 44 16 19 56 50 11 47 
26 36 32 41 31 33 5 48 6 9 4 21 24 46 17 51 7 27 53 12 40 29 37 1 14 42 3 23 34 49 30 2 8 44 16 19 56 50 11 47 
27 36 32 41 31 33 5 48 6 9 4 21 24 46 17 51 7 27 53 12 40 29 37 1 14 42 3 23 34 49 30 2 8 44 16 19 56 50 11 47 
28 36 32 41 31 33 5 48 6 9 4 21 24 46 17 51 7 27 53 12 40 29 37 1 14 42 3 23 34 49 30 2 8 44 16 19 56 50 11 47 
29 36 32 41 31 33 5 48 6 9 4 21 24 46 17 51 7 27 53 12 40 37 29 1 14 42 3 23 34 49 30 2 8 44 16 19 56 50 11 47 
30 36 32 41 31 33 5 48 6 9 4 21 24 46 17 51 7 27 53 12 40 29 37 1 14 42 3 23 34 49 30 2 8 44 16 19 56 50 11 47 
31 36 32 41 31 33 5 48 6 9 4 21 24 46 17 51 7 27 53 12 40 29 37 1 14 42 3 23 34 49 30 2 8 44 16 19 56 50 11 47 
32 36 41 32 31 33 5 48 6 9 4 21 24 46 17 51 7 27 53 12 40 29 37 1 14 42 3 23 34 49 30 2 8 44 16 19 56 50 11 47 
33 36 32 41 31 33 5 48 6 9 4 21 24 46 17 51 7 27 53 12 40 29 37 1 14 42 3 23 34 49 30 2 8 44 16 19 56 50 11 47 
34 36 32 41 31 33 5 48 6 9 4 21 24 46 17 51 7 27 53 12 40 29 37 1 14 42 3 23 49 34 30 2 8 44 16 19 56 50 11 47 
35 36 32 41 31 33 5 48 6 9 4 21 24 46 17 51 7 27 53 12 40 29 37 1 14 42 3 23 34 49 30 2 8 44 16 19 56 50 11 47 
36 36 32 41 31 33 5 48 6 9 4 21 24 46 17 51 7 27 53 12 40 29 37 1 14 42 3 23 34 49 30 2 8 44 16 19 56 50 11 47 
37 36 32 41 31 33 5 48 6 9 4 21 24 46 17 51 7 27 53 12 40 29 37 1 14 42 3 23 34 49 30 2 8 44 16 19 56 50 11 47 
38 36 32 41 31 33 5 48 6 9 4 21 24 46 17 51 7 27 53 12 40 29 37 1 14 42 3 23 34 49 30 2 8 44 16 19 56 50 11 47 
39 36 32 41 31 33 5 48 6 9 4 21 24 46 17 51 7 27 53 12 40 29 37 1 14 42 3 23 34 49 30 2 8 44 16 19 56 50 11 47 
40 36 32 41 31 33 5 48 6 9 4 21 24 46 17 51 7 27 53 12 40 29 37 1 14 42 3 23 34 49 30 2 8 44 16 19 56 50 11 47 
41 36 32 41 31 33 5 48 6 9 4 21 24 46 17 51 7 27 53 12 40 29 37 1 14 42 3 23 34 49 30 2 8 44 16 19 56 50 11 47 
42 36 32 41 31 33 5 48 6 9 4 21 24 46 17 51 7 27 53 12 40 29 37 1 14 42 3 23 34 49 30 2 8 44 16 19 56 50 11 47 
43 36 32 41 31 33 5 48 6 9 4 21 24 46 17 51 7 27 53 12 40 29 37 1 14 42 3 23 34 49 30 2 8 44 16 19 56 50 11 47 
44 36 32 41 31 33 5 48 6 9 4 21 24 46 17 51 7 27 53 12 40 29 37 1 14 42 3 23 34 49 30 2 8 44 16 19 56 50 11 47 
45 36 32 41 31 33 5 48 6 9 4 21 24 46 17 51 7 27 53 12 40 29 37 1 14 42 3 23 34 49 30 2 8 44 16 19 56 50 11 47 
46 36 32 41 31 33 5 48 6 9 4 21 24 46 17 51 7 27 53 12 40 29 37 1 14 42 3 23 34 49 30 2 8 44 16 19 56 50 11 47 
47 36 32 41 31 33 5 48 6 9 4 21 24 46 17 51 7 27 53 12 40 29 37 1 14 42 3 23 34 49 30 2 8 44 16 19 56 50 11 47 
48 36 32 41 31 33 5 48 6 9 4 21 24 46 17 51 7 27 53 12 40 29 37 1 14 42 3 23 34 49 30 2 8 44 16 19 56 50 11 47 
49 36 32 41 31 33 5 48 6 9 4 21 24 46 17 51 7 27 53 12 40 29 37 1 14 42 3 23 34 49 30 2 8 44 16 19 56 50 11 47 
50 36 32 41 31 33 5 48 6 9 4 21 24 46 17 51 7 27 53 12 40 29 37 1 14 42 3 23 34 49 30 2 8 44 16 19 56 50 11 47 
51 36 32 41 31 33 5 48 6 9 4 21 24 46 17 51 7 27 53 12 40 29 37 1 14 42 3 23 34 49 30 2 8 44 16 19 56 50 11 47 
52 36 32 41 31 33 5 48 6 9 4 21 24 46 17 51 7 27 53 12 40 29 37 1 14 42 3 23 34 49 30 2 8 44 16 19 56 50 11 47 
53 36 32 41 31 33 5 48 6 9 4 24 46 17 51 7 27 53 12 40 29 37 1 14 42 3 23 34 49 30 2 8 44 16 19 56 50 11 47 
54 36 32 41 31 33 5 48 6 9 4 24 46 17 51 7 27 53 12 40 29 37 1 14 42 3 23 34 49 30 2 8 44 16 19 56 50 11 47 
55 36 32 41 31 33 5 48 6 9 4 21 24 46 17 51 7 27 53 12 40 29 37 1 14 42 3 23 34 49 30 2 8 44 16 19 56 50 11 47 
56 1 14 3 5 6 9 4 17 2 7 16 19 56 12 11 
57 1 14 3 5 6 9 4 17 2 7 16 19 56 12 11 
58 1 14 3 5 6 9 4 58 17 2 8 7 16 19 56 12 11 
59 1 14 3 5 6 9 4 58 17 2 8 7 16 19 56 12 11 
60 1 14 3 5 6 9 4 58 17 60 2 8 7 16 19 56 12 11 
61 14 3 5 61 6 9 4 58 60 17 2 8 7 16 19 56 12 11 
62 14 3 5 61 6 9 4 58 60 17 2 8 7 16 19 56 12 11 62 
63 14 3 5 61 6 9 4 58 60 17 2 8 7 16 19 56 12 11 62 
64 14 3 5 61 6 9 4 58 60 17 2 8 64 7 16 19 56 12 11 62 
65 14 3 5 61 6 9 4 58 60 17 2 8 64 7 16 19 56 12 11 62 
66 14 3 5 61 6 9 4 58 60 17 2 8 64 7 16 19 56 12 11 62 
67 14 3 5 61 6 9 4 58 60 17 2 8 64 7 16 19 56 12 11 62 
68 14 3 5 61 6 9 4 58 60 17 2 8 64 7 16 19 56 12 11 62 
69 14 3 5 61 6 9 4 58 60 17 2 8 7 16 19 56 12 11 62 
70 14 3 5 61 6 9 4 58 60 17 2 8 64 7 16 19 56 12 11 62 
