1 1 
2 2 1 
3 3 2 1 
4 3 2 1 4 
5 3 2 1 4 
6 3 2 1 4 
7 3 2 1 4 7 
8 8 3 2 1 4 7 
9 8 3 2 1 4 7 
10 8 10 3 2 1 4 7 
11 8 10 3 2 1 4 11 7 
12 10 2 21 18 7 17 8 13 14 3 15 19 1 4 11 22 20 
13 10 2 21 18 7 17 8 13 14 3 15 19 1 4 11 22 20 
14 10 2 21 18 7 17 8 13 14 3 15 19 1 4 11 22 20 
15 10 2 21 18 7 17 8 13 14 3 19 15 1 4 11 22 20 
16 10 2 21 18 7 17 8 13 14 3 15 19 1 4 11 22 20 
17 10 2 21 18 7 17 8 13 14 3 15 19 1 4 11 22 20 
18 10 2 21 18 7 17 8 13 14 3 15 19 1 4 11 22 20 
19 10 2 21 18 7 17 8 13 14 3 15 19 1 4 11 22 20 
20 10 2 21 18 7 17 8 13 14 3 15 19 1 4 11 22 20 
21 2 21 18 7 17 8 13 14 3 15 19 1 4 11 22 20 
22 10 2 21 18 7 17 8 13 14 3 15 19 1 4 22 20 
23 10 2 21 18 7 17 8 13 14 3 15 19 1 4 22 20 
24 10 2 21 18 7 17 8 13 14 3 15 19 1 4 11 22 20 
25 8 3 2 1 4 25 7 
26 26 8 3 2 1 4 25 7 
27 26 27 8 3 2 1 4 25 7 
28 26 27 8 28 3 2 1 4 25 7 
29 49 28 38 45 7 48 26 8 44 1 51 47 33 39 2 40 25 31 32 43 27 46 3 37 41 4 36 30 35 
30 49 28 38 45 7 48 26 8 44 1 51 47 33 39 2 40 25 31 32 43 27 46 3 37 41 4 36 35 30 
31 49 28 38 45 7 26 8 44 1 51 47 33 39 2 40 25 31 32 43 27 46 3 37 41 4 36 30 35 
32 28 38 45 7 26 8 44 1 51 47 33 39 2 40 25 31 32 43 27 46 3 37 41 4 36 30 35 
33 49 28 38 45 7 48 26 8 44 1 51 47 33 39 2 40 25 31 32 43 27 46 3 37 41 4 36 30 35 
34 49 28 38 45 7 48 26 8 44 1 51 47 33 39 2 40 25 31 32 43 27 46 3 37 41 4 36 30 35 
35 49 28 38 45 7 48 26 8 44 1 51 47 33 39 2 40 25 31 32 43 27 46 3 37 41 4 36 30 35 
36 49 28 38 45 7 48 26 8 44 1 51 47 33 39 2 40 25 31 32 43 27 46 3 37 41 4 36 30 35 
37 49 28 38 45 7 48 26 8 44 1 51 47 33 39 2 40 25 31 32 43 27 46 3 41 37 4 36 30 35 
38 49 28 38 45 7 48 26 8 44 1 51 47 33 39 2 40 25 31 32 43 27 46 3 37 41 4 36 30 35 
39 49 28 38 45 7 48 26 8 44 1 51 47 33 39 2 40 25 31 32 43 27 46 3 37 41 4 36 30 35 
40 49 28 38 45 7 48 26 8 44 1 51 47 33 39 2 40 25 31 32 43 27 46 3 37 41 4 36 30 35 
41 49 28 38 45 7 48 26 8 44 1 51 47 33 39 2 40 25 31 32 43 27 46 3 37 41 4 36 30 35 
42 49 28 38 45 7 48 26 8 44 1 51 47 33 39 2 40 25 31 32 43 27 46 3 37 41 4 36 30 35 
43 49 28 38 45 7 48 26 8 44 1 51 47 33 39 2 40 25 31 32 43 27 46 3 37 41 4 36 30 35 
44 49 28 38 45 7 48 26 8 44 1 51 47 33 39 2 40 25 31 32 43 27 46 3 37 41 4 36 30 35 
45 49 28 38 45 7 48 26 8 44 1 51 47 33 39 2 40 25 31 32 43 27 46 3 37 41 4 36 30 35 
46 49 28 38 45 7 48 26 8 44 1 51 47 33 39 2 40 25 31 32 43 27 46 3 37 41 4 36 30 35 
47 49 28 38 45 7 48 26 8 44 1 51 47 33 39 2 40 25 31 32 43 27 46 3 37 41 4 36 30 35 
48 49 28 38 45 7 48 26 8 44 1 51 47 33 39 2 40 25 32 43 27 46 3 37 41 4 36 30 35 
49 49 28 38 45 7 48 26 8 44 1 51 47 33 39 2 40 25 43 27 46 3 37 41 4 36 30 35 
50 49 28 38 45 7 48 26 8 44 1 51 47 33 39 2 40 25 43 27 46 3 37 41 4 36 30 35 
51 49 38 45 7 48 26 8 44 1 51 47 33 39 2 40 25 31 32 43 27 46 3 37 41 4 36 30 35 
52 49 38 45 7 48 26 8 44 1 51 47 33 39 2 40 25 31 32 43 27 46 3 37 41 4 36 30 35 
53 49 28 38 45 7 48 26 8 44 1 51 53 47 33 39 2 40 25 31 32 43 27 46 3 37 41 4 36 30 35 
54 49 28 38 45 7 48 26 8 44 1 51 54 53 47 33 39 2 40 25 31 32 43 27 46 3 37 41 4 36 30 35 
55 49 28 38 45 7 48 26 8 44 1 54 51 53 47 33 39 2 40 25 31 32 43 27 46 55 3 37 41 4 36 30 35 
56 49 28 38 45 7 48 26 8 44 1 54 51 53 47 33 39 56 2 40 25 31 32 43 27 55 46 3 37 41 4 36 30 35 
57 49 28 38 45 7 48 26 8 44 1 54 51 53 47 33 56 39 2 40 25 31 32 43 27 55 46 3 37 41 4 36 30 35 
