1 1 
2 2 1 
3 3 2 1 
4 3 2 1 
5 3 2 5 1 
6 21 25 6 3 8 27 5 9 13 16 10 18 12 23 15 2 1 17 11 
7 21 25 6 3 8 27 5 9 13 16 10 18 12 23 15 2 1 17 11 
8 21 25 6 3 8 27 5 9 13 16 10 18 12 23 15 2 1 17 11 
9 21 25 6 3 8 27 5 9 13 16 10 18 12 23 15 2 1 17 11 
10 21 25 6 3 8 27 5 9 13 16 18 10 12 23 15 2 1 17 11 
11 21 25 6 3 8 27 5 9 13 16 10 18 12 23 15 2 1 17 11 
12 21 25 6 3 8 27 5 9 13 16 10 18 23 12 15 2 1 17 11 
13 21 25 6 3 8 27 5 9 13 16 10 18 12 23 15 2 1 17 11 
14 21 25 6 3 8 27 5 9 13 16 10 18 12 23 15 2 1 17 11 
15 21 25 6 3 8 27 5 9 13 16 10 18 12 23 15 2 1 17 11 
16 21 25 6 3 8 27 5 9 13 16 10 18 12 23 15 2 1 17 11 
17 21 25 6 3 8 27 5 9 13 16 10 18 12 23 15 2 1 17 11 
18 21 25 6 3 8 27 5 9 13 16 10 18 12 23 15 2 1 17 11 
19 21 25 6 3 8 27 5 9 13 16 10 18 12 23 15 2 1 17 11 
20 21 25 6 3 8 27 5 9 13 16 10 18 12 23 15 2 1 17 11 
21 21 25 6 3 8 27 5 9 13 16 10 18 12 23 15 2 1 17 11 
22 21 25 6 3 8 27 5 9 13 16 10 18 12 23 15 2 1 17 11 
23 21 25 6 3 8 27 5 9 13 16 10 18 12 23 15 2 1 17 11 
24 21 25 6 3 8 27 5 9 13 16 10 18 12 23 15 2 1 17 11 
25 21 25 6 3 8 27 5 9 13 16 10 18 12 23 15 2 1 17 11 
26 21 25 6 3 8 27 5 9 13 16 10 18 12 23 15 2 1 17 11 
27 21 25 6 3 8 27 9 13 16 10 18 12 23 15 2 1 17 11 
28 21 25 6 3 8 27 9 13 16 10 18 12 23 15 2 1 17 11 
29 29 21 25 6 3 8 27 5 9 13 16 10 18 12 23 15 2 1 17 11 
30 29 21 25 6 3 8 27 5 9 13 16 10 18 12 23 15 2 1 17 11 
31 29 21 25 6 3 8 27 5 13 31 16 10 18 12 23 15 2 1 17 11 
32 29 21 33 25 6 3 8 35 27 5 31 13 16 10 18 12 23 38 15 2 1 17 11 
33 29 21 25 33 6 3 8 35 27 5 31 13 16 10 18 12 23 38 15 2 1 17 11 
34 29 21 33 25 6 3 8 35 27 5 31 13 16 10 18 12 23 38 15 2 1 17 11 
35 29 21 33 25 6 3 8 27 35 5 31 13 16 10 18 12 23 38 15 2 1 17 11 
36 29 21 33 25 6 3 8 35 27 5 31 13 16 10 18 12 23 38 15 2 1 17 11 
37 29 21 33 25 6 3 8 35 27 5 31 13 16 10 18 12 23 38 15 2 1 17 11 
38 29 21 33 25 6 3 8 35 27 5 13 16 10 18 12 23 38 15 2 1 17 11 
39 29 21 33 25 6 3 8 35 27 5 13 16 10 18 12 23 38 15 2 1 17 11 
40 29 21 33 25 6 3 8 35 27 5 31 13 16 10 18 12 23 38 15 2 1 17 11 
