1 1 
2 1 2 
3 3 1 2 
4 3 1 4 2 
5 3 1 4 2 
6 3 1 4 2 6 
7 10 16 26 43 30 61 17 1 15 31 63 44 36 48 11 24 18 23 8 2 51 6 38 52 58 35 59 60 7 41 4 22 34 39 33 12 20 3 14 55 42 25 28 50 37 45 57 
8 10 16 26 43 30 61 17 1 15 31 63 44 36 48 11 24 18 23 8 2 51 6 38 52 58 35 59 60 7 41 4 22 34 39 33 12 20 3 14 55 42 25 28 50 37 45 57 
9 10 16 26 43 30 61 17 1 15 31 63 44 36 48 11 24 18 23 8 2 51 6 38 52 58 35 59 60 7 41 4 22 34 39 33 12 20 3 14 55 42 25 28 50 37 45 57 
10 16 26 43 10 30 61 17 1 15 31 63 44 36 48 11 24 18 23 8 2 51 6 38 52 58 35 59 7 41 4 22 34 39 33 12 3 14 55 42 25 28 50 37 45 57 
11 10 16 26 43 30 61 17 1 15 31 63 44 36 48 24 11 18 23 8 2 51 6 38 52 58 35 59 7 41 4 22 34 39 33 12 3 14 55 42 25 28 50 37 45 57 
12 10 16 26 43 30 17 1 15 31 63 44 36 48 11 24 18 23 8 2 51 6 38 52 58 35 59 7 41 4 22 34 39 33 12 3 14 55 42 25 50 37 45 57 
13 10 16 26 43 30 61 17 1 15 31 63 44 36 48 11 24 18 23 8 2 51 6 52 58 38 59 35 60 7 41 4 22 34 39 33 12 20 3 14 55 42 25 28 50 37 45 57 
14 10 16 26 43 30 61 17 1 15 31 63 44 36 48 11 24 18 23 8 2 51 6 52 58 38 59 35 60 7 41 4 22 34 39 33 12 20 3 55 14 42 25 28 50 37 45 57 
15 10 16 26 43 30 61 17 1 15 31 63 44 36 48 11 24 18 23 8 2 51 6 52 58 38 59 35 60 7 41 4 22 34 39 33 12 20 3 14 55 42 25 28 50 37 45 57 
16 10 26 43 16 30 61 17 1 15 31 63 44 36 48 11 24 18 23 8 2 51 6 52 58 38 59 35 60 7 41 4 22 34 39 33 12 20 3 14 55 42 25 28 50 37 45 57 
17 10 16 26 43 30 61 17 1 15 31 63 44 36 48 11 24 18 23 8 2 51 6 52 58 38 59 35 60 7 41 4 22 34 39 33 12 20 3 14 55 42 25 28 50 37 45 57 
18 10 16 26 43 30 61 17 1 15 31 63 44 36 48 11 24 18 23 8 2 51 6 52 58 38 59 35 60 7 41 4 22 34 39 33 12 20 3 14 55 42 25 28 50 37 45 57 
19 10 16 26 43 30 61 17 1 15 31 63 44 36 48 11 24 18 23 8 2 51 6 52 58 38 59 35 60 7 41 4 22 34 39 33 12 20 3 14 55 42 25 28 50 37 45 57 
20 16 26 43 30 61 17 1 15 31 63 44 36 48 11 24 18 23 8 2 51 6 52 58 38 59 35 7 41 4 22 34 39 33 12 20 3 14 55 42 25 28 50 37 45 57 
21 16 26 43 30 61 17 1 15 31 63 44 36 48 11 24 18 23 8 2 51 6 52 58 38 59 35 7 41 4 22 34 39 33 12 20 3 14 55 42 25 28 50 37 45 57 
22 10 16 26 43 30 61 17 1 15 31 63 44 36 48 11 24 18 23 8 2 51 6 52 58 38 59 35 60 7 41 4 34 22 39 33 12 20 3 14 55 42 25 28 50 37 45 57 
23 10 16 26 43 30 61 17 1 15 31 63 44 36 48 11 24 18 23 8 2 51 6 52 58 38 59 35 60 7 41 4 22 34 39 33 12 20 3 14 55 42 25 28 50 37 45 57 
24 10 16 26 43 30 61 17 1 15 31 63 44 36 48 11 24 18 23 8 2 51 6 52 58 38 59 35 60 7 41 4 22 34 39 33 12 20 3 14 55 42 25 28 50 37 45 57 
25 10 16 26 43 30 61 17 1 15 31 63 44 36 48 11 24 18 23 8 2 51 6 52 58 38 59 35 60 7 41 4 22 34 39 33 12 20 3 14 55 42 28 25 50 37 45 57 
26 10 16 43 26 30 61 17 1 15 31 63 44 36 48 11 24 18 23 8 2 51 6 52 58 38 59 35 60 7 41 4 22 34 39 33 12 20 3 14 55 42 25 28 50 37 45 57 
27 10 16 26 43 30 61 17 1 15 31 63 44 36 48 11 24 18 23 8 2 51 6 52 58 38 59 35 60 7 41 4 22 34 39 33 12 20 3 14 55 42 25 28 50 37 45 57 
28 10 16 26 43 30 17 1 15 31 63 44 36 48 11 24 18 23 8 2 51 6 52 58 38 59 35 60 7 41 4 22 34 39 33 20 3 14 55 42 25 28 50 37 45 57 
29 10 16 26 43 30 17 1 15 31 63 44 36 48 11 24 18 23 8 2 51 6 52 58 38 59 35 60 7 41 4 22 34 39 33 20 3 14 55 42 25 28 50 37 45 57 
30 10 16 26 43 61 30 17 1 15 31 63 44 36 48 11 24 18 23 8 2 51 6 52 58 38 59 35 60 7 41 4 22 34 39 33 12 20 3 14 55 42 25 28 50 37 45 57 
31 10 16 26 43 30 61 17 1 15 31 63 44 36 48 11 24 18 23 8 2 51 6 52 58 38 59 35 60 7 41 4 22 34 39 33 12 20 3 14 55 42 25 28 50 37 45 57 
32 10 16 26 43 30 61 17 1 15 31 63 44 36 48 11 24 18 23 8 2 51 6 52 58 38 59 35 60 7 41 4 22 34 39 33 12 20 3 14 55 42 25 28 50 37 45 57 
33 10 16 26 43 30 61 17 1 15 31 63 44 36 48 11 24 18 23 8 2 51 6 52 58 38 59 35 60 7 41 4 22 34 39 33 12 20 3 14 55 42 25 28 50 37 45 57 
34 10 16 26 43 30 61 17 1 15 31 63 44 36 48 11 24 18 23 8 2 51 6 52 58 38 59 35 60 7 41 4 22 34 39 33 12 20 3 14 55 42 25 28 50 37 45 57 
35 10 16 26 43 30 61 17 1 15 31 63 44 36 48 11 24 18 23 8 2 51 6 52 58 38 59 35 60 7 41 4 22 34 39 33 12 20 3 14 55 42 25 28 50 37 45 57 
36 10 16 26 43 30 61 17 1 15 31 63 44 36 48 11 24 18 23 8 2 51 6 52 58 38 35 59 60 7 41 4 22 34 39 33 12 20 3 14 55 42 25 28 50 37 45 57 
37 10 16 26 43 30 61 17 1 15 31 63 44 36 48 11 24 18 23 8 2 51 6 52 58 38 35 59 60 7 41 4 22 34 39 33 12 20 3 14 55 42 25 28 50 37 45 57 
38 10 16 26 43 30 61 17 1 15 31 63 44 36 48 11 24 18 23 8 2 51 6 52 58 38 35 59 60 7 41 4 22 34 39 33 12 20 3 14 55 42 25 28 50 37 45 57 
39 10 16 26 43 30 61 17 1 15 31 63 44 36 48 11 24 18 23 8 2 51 6 38 52 58 35 60 7 41 22 34 39 33 12 20 3 14 55 42 25 28 50 37 45 57 
40 10 16 26 43 30 61 17 1 15 31 63 44 36 48 11 24 18 23 8 2 51 6 38 52 58 35 60 7 41 22 34 39 33 12 20 3 14 55 42 25 28 50 37 45 57 
41 10 16 26 43 30 61 17 1 15 31 63 44 36 11 24 18 23 8 2 51 6 52 58 38 59 35 60 7 41 4 22 34 39 33 12 20 3 14 55 42 25 28 50 37 45 57 
42 10 16 26 43 30 61 17 1 15 31 63 44 36 11 24 18 23 8 2 51 6 52 58 38 59 35 60 7 41 4 22 34 39 33 12 20 3 14 42 25 28 50 37 45 57 
43 10 16 26 43 30 61 17 1 15 31 63 44 36 48 11 24 18 23 8 2 51 6 52 58 38 59 35 60 7 41 4 22 34 39 47 33 12 20 3 14 42 25 28 50 37 45 57 
44 10 16 26 43 30 61 17 1 15 31 63 44 36 48 11 24 18 23 8 2 51 6 52 58 38 59 35 60 7 41 4 22 34 39 47 33 12 20 3 14 42 25 28 50 37 45 57 
45 10 16 26 43 30 61 17 1 15 31 63 44 36 48 11 24 18 23 8 2 51 6 52 58 38 59 35 60 7 41 4 22 34 39 47 33 12 20 3 14 42 25 28 50 37 45 57 
46 10 16 26 43 30 61 17 1 15 31 63 44 36 48 11 24 18 23 8 2 51 6 52 58 38 59 35 60 7 41 4 22 34 39 47 33 12 20 3 14 42 25 28 50 37 45 57 
47 16 26 43 30 61 17 1 15 31 63 44 36 48 11 24 18 23 8 2 51 6 52 58 38 59 35 7 41 4 22 34 39 47 33 12 3 14 42 25 28 50 37 45 57 
48 16 26 43 30 61 17 1 15 31 63 44 36 48 11 24 18 23 8 2 51 6 52 58 38 59 35 7 4 22 34 39 47 33 12 3 14 42 25 28 50 37 45 57 
49 16 26 43 30 61 17 1 15 31 63 44 36 48 11 24 18 23 8 2 51 6 52 58 38 59 35 7 4 22 34 39 47 33 12 3 14 42 25 28 50 37 45 57 
50 16 26 43 54 30 31 63 36 24 18 23 2 51 52 38 59 35 60 7 41 4 34 47 12 20 3 14 25 28 50 45 57 10 61 17 1 15 44 48 11 8 6 58 22 39 33 55 42 37 
51 16 26 43 54 30 31 63 36 24 18 23 2 51 52 38 59 35 60 7 41 4 34 47 12 20 3 14 25 28 50 45 57 10 61 17 1 15 44 48 11 8 6 58 22 39 33 55 42 37 
52 16 26 43 54 30 31 63 36 24 18 23 2 51 38 52 59 35 60 7 41 4 34 47 12 20 3 14 25 28 50 45 57 10 61 17 1 15 44 48 11 8 6 58 22 39 33 55 42 37 
53 16 26 43 54 30 31 63 36 24 18 23 2 51 52 38 59 35 60 7 41 4 34 47 12 20 3 14 25 28 50 45 57 10 61 17 1 15 44 48 11 8 6 58 22 39 33 55 42 37 
54 16 26 43 10 54 30 17 1 15 31 63 44 36 48 24 11 18 23 8 2 51 52 38 6 58 59 35 60 7 41 4 34 22 39 47 33 20 3 14 55 42 25 50 37 45 57 
55 10 16 26 43 54 30 17 1 15 31 63 44 36 48 11 24 18 23 8 2 51 6 52 38 58 59 35 60 7 41 4 22 34 39 47 33 20 3 14 55 25 50 37 45 57 
56 10 16 26 43 54 30 17 1 15 31 63 44 36 48 11 24 18 23 8 2 51 6 52 38 58 59 35 60 7 41 4 22 34 39 47 33 20 3 14 55 25 50 37 45 57 
57 16 26 43 54 30 31 63 36 24 18 23 2 51 52 38 59 35 60 7 41 4 34 47 12 20 3 14 25 28 50 45 57 10 61 17 1 15 44 48 11 8 6 58 22 39 33 55 42 37 
58 16 26 43 54 30 31 63 36 24 18 23 2 51 52 38 59 35 60 7 41 4 34 47 12 20 3 14 25 28 50 45 57 10 61 17 1 15 44 48 11 8 6 58 22 39 33 55 42 37 
59 16 26 43 54 10 30 61 17 1 15 31 63 44 36 48 24 11 18 23 8 2 51 52 38 6 58 35 59 60 7 41 34 22 47 33 12 20 3 14 55 42 25 28 50 37 45 57 
60 16 26 43 54 30 61 17 1 15 31 63 44 36 48 11 24 18 23 8 2 51 6 52 58 38 59 35 60 7 41 22 34 33 12 3 14 55 42 25 28 50 37 45 57 
61 16 26 43 30 61 17 1 15 31 63 44 36 48 11 24 18 23 8 2 51 6 52 58 38 59 35 60 7 41 22 34 33 3 14 55 42 25 50 37 45 57 
62 16 26 43 30 61 17 1 15 31 63 44 36 48 11 24 18 23 8 2 51 6 52 58 38 59 35 60 7 41 22 34 33 3 14 55 42 25 50 37 45 57 
63 10 16 26 43 30 61 17 1 15 31 63 44 36 48 11 24 18 23 8 2 51 38 52 58 35 59 60 7 41 4 22 34 39 33 12 20 3 14 55 42 25 28 50 37 45 57 
64 10 16 26 43 30 61 17 1 15 31 63 44 36 48 11 24 18 23 8 2 51 38 52 58 35 59 60 7 41 4 22 34 39 33 12 20 3 14 55 42 25 28 50 37 45 57 
65 10 16 26 43 30 61 17 1 15 31 63 44 36 48 11 24 18 23 8 2 51 6 38 52 58 35 59 60 7 41 4 22 34 39 33 12 20 3 14 55 42 25 28 50 37 45 57 
