1 1 
2 1 2 
3 1 3 2 
4 1 3 2 4 
5 1 3 2 4 5 
6 1 3 2 4 5 6 
7 7 1 3 2 4 5 6 
8 7 8 1 3 2 4 5 6 
9 7 8 9 1 3 2 4 5 6 
10 7 8 9 10 1 3 2 4 5 6 
11 7 8 11 9 10 1 3 2 4 5 6 
12 35 41 7 17 54 33 1 52 25 53 28 8 24 44 39 34 43 3 4 14 21 5 6 32 42 16 15 31 49 11 50 9 10 46 12 40 48 18 29 45 2 22 36 23 
13 35 41 7 17 54 33 1 52 25 53 28 8 24 44 39 34 43 3 4 14 21 5 6 32 42 16 15 31 49 11 50 9 10 12 46 40 48 18 29 45 2 22 36 23 
14 35 41 7 17 54 33 1 52 25 53 28 8 24 44 39 34 43 3 4 21 14 5 6 32 42 16 15 31 49 11 50 9 10 12 46 40 48 18 29 45 2 22 36 23 
15 35 41 7 17 54 33 1 52 25 53 28 8 24 44 39 34 43 3 4 14 21 5 6 32 42 16 31 15 49 11 50 9 10 12 46 40 48 18 29 45 2 22 36 23 
16 35 41 7 17 54 33 1 52 25 53 28 8 24 44 39 34 43 3 4 14 21 5 6 32 42 16 15 31 50 9 10 12 46 40 48 18 29 45 2 22 36 23 
17 35 41 7 54 17 33 1 52 25 53 28 8 24 44 39 34 43 3 4 14 21 5 6 32 42 16 15 31 9 10 12 46 40 48 18 29 45 2 22 36 23 
18 35 41 7 17 54 33 1 25 52 53 28 8 24 44 39 34 43 3 4 14 21 5 6 32 42 16 15 31 49 50 9 10 12 46 40 48 18 29 45 2 22 36 23 
19 35 41 7 17 54 33 1 25 52 53 28 8 24 44 39 34 43 3 4 14 21 5 6 32 42 16 15 31 49 50 9 10 12 46 40 48 18 29 45 2 22 36 23 
20 35 41 7 17 54 33 1 25 52 53 28 8 24 44 39 34 43 3 4 14 21 5 6 32 42 16 15 31 49 50 9 10 12 46 40 48 18 29 45 2 22 36 23 
21 35 41 7 17 54 33 1 25 52 53 28 8 24 44 39 34 43 3 4 14 21 5 6 32 42 16 15 31 49 50 9 10 12 46 40 48 18 29 45 2 22 36 23 
22 35 41 7 17 54 33 1 25 52 53 28 8 24 44 39 34 43 3 4 14 21 5 6 32 42 16 15 31 49 50 9 10 12 46 40 48 18 29 45 2 36 22 23 
23 35 41 7 17 54 33 1 25 52 53 28 8 24 44 39 34 43 3 4 14 21 5 6 32 42 16 15 31 49 50 9 10 12 46 40 48 18 29 45 2 22 36 23 
24 35 41 7 17 54 33 1 25 52 53 28 8 24 44 39 34 43 3 4 14 21 5 6 32 42 16 15 31 49 50 9 10 12 46 40 48 18 29 45 2 22 36 23 
25 35 41 7 17 54 33 1 52 25 53 28 8 24 44 39 34 43 3 4 14 21 5 6 32 42 16 15 31 49 50 9 10 12 46 40 48 18 29 45 2 22 36 23 
26 35 41 7 17 54 33 1 25 52 53 28 8 24 44 39 34 43 3 4 14 21 5 6 32 42 16 15 31 49 50 9 10 12 46 40 48 18 29 45 2 22 36 23 
27 35 41 7 17 54 33 1 25 52 53 28 8 24 44 39 34 43 3 4 14 21 5 6 32 42 16 15 31 49 50 9 10 12 46 40 48 18 29 45 2 22 36 23 
28 35 41 7 17 54 33 1 25 52 53 28 8 24 44 39 34 43 3 4 14 21 5 6 32 42 16 15 31 49 50 9 10 12 46 40 48 18 29 45 2 22 36 23 
29 35 41 7 17 54 33 1 25 52 53 28 8 24 44 39 34 43 3 4 14 21 5 6 32 42 16 15 31 49 50 9 10 12 46 40 48 18 29 45 2 22 36 23 
30 35 41 7 17 54 33 1 25 52 53 28 8 24 44 39 34 43 3 4 14 21 5 6 32 42 16 15 31 49 50 9 10 12 46 40 48 18 29 45 2 22 36 23 
31 35 41 7 17 54 33 1 25 52 53 28 8 24 44 39 34 43 3 4 14 21 5 6 32 42 16 15 31 49 50 9 10 12 46 40 48 18 29 45 2 22 36 23 
32 35 41 7 17 54 33 1 25 52 53 28 8 24 44 39 34 43 3 4 14 21 5 6 32 42 16 15 31 49 50 9 10 12 46 40 48 18 29 45 2 22 36 23 
33 35 41 7 17 54 33 1 25 52 53 28 8 24 44 39 34 43 3 4 14 21 5 6 32 42 16 15 31 49 50 9 10 12 46 40 48 18 29 45 2 22 36 23 
34 35 41 7 17 54 33 1 25 52 53 28 8 24 44 39 34 43 3 4 14 21 5 6 32 42 16 15 31 49 50 9 10 12 46 40 48 18 29 45 2 22 36 23 
35 41 35 7 17 54 33 1 25 52 53 28 8 24 44 39 34 43 3 4 14 21 5 6 32 42 16 15 31 49 50 9 10 12 46 40 48 18 29 45 2 22 36 23 
36 35 41 7 17 54 33 1 25 52 53 28 8 24 44 39 34 43 3 4 14 21 5 6 32 42 16 15 31 49 50 9 10 12 46 40 48 18 29 45 2 22 36 23 
37 35 41 7 17 54 33 1 25 52 53 28 8 24 44 39 34 43 3 4 14 21 5 6 32 42 16 15 31 49 50 9 10 12 46 40 48 18 29 45 2 36 22 23 
38 35 41 7 17 54 33 1 25 52 53 28 8 24 44 39 34 43 3 4 14 21 5 6 32 42 16 15 31 49 50 9 10 12 46 40 48 18 29 45 2 36 22 23 
39 35 41 7 17 54 33 1 25 52 53 28 8 24 44 39 34 43 3 4 14 21 5 6 32 42 16 15 31 49 50 9 10 12 46 40 48 18 29 45 2 22 36 23 
40 35 41 7 17 54 33 1 25 52 53 28 8 24 44 39 34 43 3 4 14 21 5 6 32 42 16 15 31 49 50 9 10 12 46 40 48 18 29 45 2 22 36 23 
41 35 41 7 17 54 33 1 25 52 53 28 8 24 44 39 34 43 3 4 14 21 5 6 32 42 16 15 31 49 50 9 10 12 46 40 48 18 29 45 2 22 36 23 
42 41 35 7 17 54 33 1 25 52 53 28 8 24 44 39 34 43 3 4 14 21 5 6 32 42 16 15 31 49 50 9 10 12 46 40 48 18 29 45 2 22 36 23 
43 41 35 7 17 54 33 1 25 52 53 28 8 24 44 39 34 43 3 4 14 21 5 6 32 42 16 15 31 49 50 9 10 12 46 40 48 18 29 45 2 22 36 23 
44 41 35 7 17 54 33 1 25 52 53 28 8 24 44 39 34 43 3 4 14 21 5 6 32 42 16 15 31 49 50 9 10 12 46 40 48 18 29 45 2 22 36 23 
45 41 35 7 17 54 33 1 25 52 53 28 8 24 44 39 34 43 3 4 14 21 5 6 32 42 16 15 31 49 50 9 10 12 46 40 48 18 29 45 2 22 36 23 
46 41 35 7 17 54 33 1 25 52 53 28 8 24 44 39 34 43 3 4 14 21 5 6 32 42 16 15 31 49 50 9 10 12 46 40 48 18 29 45 2 22 36 23 
47 41 35 7 17 54 33 1 25 52 53 28 8 24 44 39 34 43 3 4 14 21 5 6 32 42 16 15 31 49 50 9 10 12 46 40 48 18 29 45 2 22 36 23 
48 35 41 7 17 54 33 1 25 52 53 28 8 24 44 39 34 43 3 4 14 21 5 6 32 42 16 15 31 49 50 9 10 12 46 40 48 18 29 45 2 22 36 23 
49 35 41 7 17 54 33 1 25 52 53 28 8 24 44 39 34 43 3 4 14 21 5 6 32 42 15 31 49 50 9 10 12 46 40 48 18 29 45 2 22 36 23 
50 35 41 7 54 33 1 25 52 53 28 8 24 44 39 34 43 3 4 14 21 5 6 32 42 15 31 49 50 9 10 12 46 40 48 18 29 45 2 22 36 23 
51 35 41 7 54 33 1 25 52 53 28 8 24 44 39 34 43 3 4 14 21 5 6 32 42 15 31 49 50 9 10 12 46 40 48 18 29 45 2 22 36 23 
52 35 41 7 17 54 33 1 25 52 53 28 24 44 39 34 43 3 4 14 21 5 6 32 42 16 15 31 49 50 9 10 12 46 40 48 18 29 45 2 22 36 23 
53 35 41 7 17 54 33 1 52 25 53 28 24 44 39 34 43 3 4 14 21 5 6 32 42 16 15 31 49 50 10 12 46 40 48 18 29 45 2 22 36 23 
54 35 41 7 17 54 33 1 52 25 53 28 24 44 39 34 43 3 4 14 21 5 6 32 42 16 15 31 49 50 12 46 40 48 18 29 45 2 22 36 23 
55 35 41 7 17 54 33 1 52 25 53 28 24 44 39 34 43 3 4 14 21 5 6 32 42 16 15 31 49 50 12 46 40 48 18 29 45 2 22 36 23 
56 35 41 7 17 54 33 1 52 25 53 28 8 24 44 39 34 43 3 4 14 21 5 6 32 42 16 15 31 49 11 50 9 10 12 46 40 48 18 29 45 2 22 36 23 
