1 1 
2 1 2 
3 1 2 
4 1 2 
5 5 1 2 
6 5 1 6 2 
7 5 1 6 7 2 
8 5 1 6 7 8 2 
9 5 1 6 9 7 8 2 
10 5 1 6 10 9 7 8 2 
11 33 48 21 29 9 7 43 44 13 15 25 34 40 51 14 37 38 41 26 46 1 28 32 42 10 24 11 22 8 19 36 35 5 6 47 39 31 49 2 20 
12 33 48 21 29 9 7 43 44 13 15 25 34 40 51 14 37 38 41 26 46 1 28 32 42 10 24 11 22 8 19 36 35 5 6 47 39 31 49 2 20 
13 33 48 21 29 9 7 43 44 13 15 25 34 40 51 14 37 38 41 26 46 1 28 32 42 10 24 11 22 8 19 36 35 5 6 47 39 31 2 20 
14 33 48 21 29 9 7 43 44 13 15 25 34 40 51 37 14 38 41 26 46 1 28 32 42 10 24 11 22 8 19 36 35 5 6 47 39 31 49 2 20 
15 33 48 21 29 9 7 43 44 13 25 34 40 15 51 14 37 38 41 26 46 1 28 32 42 10 24 11 22 8 19 36 35 5 6 47 39 31 49 2 20 
16 33 48 21 29 9 7 43 44 13 15 25 34 40 51 14 37 38 41 26 46 1 28 32 42 10 24 11 22 8 19 36 35 5 6 47 39 31 49 2 20 
17 33 48 21 29 9 7 43 44 13 15 25 34 40 51 14 37 38 41 26 46 1 28 32 42 10 24 11 22 8 19 36 35 5 6 47 39 31 49 2 20 
18 33 48 21 29 9 7 43 44 13 15 25 34 40 51 14 37 38 41 26 46 1 28 32 42 10 24 11 22 8 19 36 35 5 6 47 39 31 49 2 20 
19 33 48 21 29 9 7 43 44 13 15 25 34 40 51 14 37 38 41 26 46 1 28 32 42 10 24 11 22 8 36 19 35 5 6 47 39 31 49 2 20 
20 33 48 21 29 9 7 43 44 13 15 25 34 40 51 14 37 38 41 26 46 1 28 32 42 10 24 11 22 8 19 36 35 5 6 47 39 31 49 2 20 
21 33 48 21 29 9 7 43 44 13 15 25 34 40 51 14 37 38 41 26 46 1 28 32 42 10 24 11 22 8 19 36 35 5 6 47 39 31 49 2 20 
22 33 48 21 29 9 7 43 44 13 15 25 34 40 51 14 37 38 41 26 46 1 28 32 42 10 24 11 22 8 19 36 35 5 6 47 39 31 49 2 20 
23 33 48 21 29 9 7 43 44 13 15 25 34 40 51 14 37 38 41 26 46 1 28 32 42 10 24 11 22 8 19 36 35 5 6 47 39 31 49 2 20 
24 33 48 21 29 9 7 43 44 13 15 25 34 40 51 14 37 38 41 26 46 1 28 32 42 10 24 11 22 8 19 36 35 5 6 47 39 31 49 2 20 
25 33 48 21 29 9 7 43 44 13 15 34 40 25 51 14 37 38 41 26 46 1 28 32 42 10 24 11 22 8 19 36 35 5 6 47 39 31 49 2 20 
26 33 21 29 7 43 44 13 15 25 34 40 51 14 37 38 41 26 46 1 28 32 42 10 24 11 22 8 19 36 35 5 6 47 39 31 49 2 20 
27 33 21 29 7 43 44 13 15 25 34 40 51 14 37 38 41 26 46 1 28 32 42 10 24 11 22 8 19 36 35 5 6 47 39 31 49 2 20 
28 33 48 21 29 9 7 43 44 13 15 25 34 40 51 14 37 38 41 26 46 1 28 32 42 10 24 11 22 8 19 36 35 5 6 47 39 31 49 2 20 
29 33 48 21 29 9 7 43 44 13 15 25 34 40 51 14 37 38 41 26 46 1 28 32 42 10 24 11 22 8 19 36 35 5 6 47 39 31 49 2 20 
30 33 48 21 29 9 7 43 44 13 15 25 34 40 51 14 37 38 41 26 46 1 28 32 42 10 24 11 22 8 19 36 35 5 6 47 39 31 49 2 20 
31 33 48 21 29 9 7 43 44 13 15 25 34 40 51 14 37 38 41 26 46 1 28 32 42 10 24 11 22 8 19 36 35 5 6 47 39 49 31 2 20 
32 33 48 21 29 9 7 43 44 13 15 25 34 40 51 14 37 38 41 26 46 1 28 42 32 10 24 11 22 8 19 36 35 5 6 47 39 31 49 2 20 
33 33 48 21 29 9 7 43 44 13 15 25 34 40 51 14 37 38 41 26 46 1 28 32 42 10 24 11 22 8 19 36 35 5 6 47 39 31 49 2 20 
34 33 48 21 29 9 7 43 44 13 15 25 40 34 51 14 37 38 41 26 46 1 28 32 42 10 24 11 22 8 19 36 35 5 6 47 39 31 49 2 20 
35 33 48 21 29 9 7 43 44 13 15 34 25 40 51 14 37 38 41 26 46 1 28 32 42 10 24 11 22 8 19 36 35 5 6 47 39 31 49 2 20 
36 33 48 21 29 9 7 43 44 13 15 34 25 40 51 14 37 38 41 26 46 1 28 32 42 10 24 11 22 8 19 36 35 5 6 47 39 31 49 2 20 
37 33 48 21 29 9 7 43 44 13 15 34 25 40 51 14 37 38 41 26 46 1 28 32 42 10 24 11 22 8 36 19 35 5 6 47 39 31 49 2 20 
38 33 48 21 29 9 7 43 44 13 15 34 25 40 51 14 37 41 38 26 46 1 28 32 42 10 24 11 22 8 36 19 35 5 6 47 39 31 49 2 20 
39 33 48 21 29 9 7 43 44 13 15 34 25 40 51 14 37 38 41 26 46 1 28 32 42 10 24 11 22 8 36 19 35 5 6 47 39 31 49 2 20 
40 33 48 21 29 9 7 43 44 13 15 34 25 40 51 14 37 38 41 26 46 1 28 32 42 10 24 11 22 8 36 19 35 5 6 47 39 31 49 2 20 
41 33 48 21 29 9 7 43 44 13 15 34 40 25 51 14 37 38 41 26 46 1 28 32 42 10 24 11 22 8 36 19 35 5 6 47 39 31 49 2 20 
42 33 48 21 29 9 7 43 44 13 15 34 40 25 51 14 37 38 41 26 46 1 28 32 42 10 24 11 22 8 36 19 35 5 6 47 39 31 49 2 20 
43 33 48 21 29 9 7 43 44 13 15 34 40 25 51 14 37 38 41 26 46 1 28 32 42 10 24 11 22 8 36 19 35 5 6 47 39 31 49 2 20 
44 33 48 21 29 9 7 43 44 13 15 34 40 25 51 14 37 38 41 26 46 1 28 32 42 10 24 11 22 8 36 19 35 5 6 47 39 31 49 2 20 
45 33 48 21 29 9 7 43 44 13 15 34 40 25 51 14 37 38 41 26 46 1 28 32 42 10 24 11 22 8 36 19 35 5 6 47 39 31 49 2 20 
46 33 48 21 29 9 7 43 44 13 15 34 40 25 51 14 37 38 41 26 46 1 28 32 42 10 24 11 22 8 36 19 35 5 6 47 39 31 49 2 20 
47 33 48 21 29 9 7 43 44 13 15 34 40 25 51 14 37 38 41 26 46 1 28 32 42 10 24 11 22 8 36 19 35 5 6 47 39 31 49 2 20 
48 33 48 21 29 7 43 44 13 15 34 40 25 51 14 37 38 41 46 1 28 32 42 10 24 11 22 8 36 19 35 5 6 47 39 31 49 2 20 
49 33 48 21 29 9 7 43 44 15 25 34 40 51 14 37 38 41 26 46 1 28 32 42 10 24 11 22 8 19 36 35 5 6 47 39 31 49 2 20 
50 33 48 21 29 9 7 43 44 15 25 34 40 51 14 37 38 41 26 46 1 28 32 42 10 24 11 22 8 19 36 35 5 6 47 39 31 49 2 20 
51 33 48 21 29 9 7 43 44 13 15 25 34 40 51 14 37 38 41 26 46 1 28 32 42 24 11 22 8 19 36 35 5 6 47 39 31 49 2 20 
52 33 48 21 29 9 7 43 44 13 15 25 34 40 51 14 37 38 41 26 46 1 28 32 42 24 11 22 8 19 36 35 5 6 47 39 31 49 2 20 
53 33 48 21 29 9 7 43 53 44 13 15 25 34 40 51 14 37 38 41 26 46 1 28 32 42 10 24 11 22 8 19 36 35 5 6 47 39 31 49 2 20 
54 33 48 21 29 9 7 43 53 44 13 15 25 34 40 51 14 37 38 41 26 46 1 28 32 42 10 24 11 22 8 19 36 35 5 6 47 39 31 49 2 20 
