1 1 
2 1 2 
3 1 3 2 
4 1 3 2 4 
5 1 3 2 5 4 
6 1 3 2 5 4 
7 7 1 3 2 5 4 
8 7 8 1 3 2 5 4 
9 7 8 1 3 2 5 4 9 
10 10 7 8 1 3 2 5 4 9 
11 10 7 8 1 3 2 5 4 9 
12 12 1 3 2 5 4 
13 12 1 3 2 5 4 
14 12 1 3 2 5 4 
15 12 1 3 15 2 5 4 
16 12 1 3 16 15 2 5 4 
17 31 16 15 19 5 26 4 21 20 23 12 17 1 3 27 29 25 32 2 
18 31 16 15 19 5 26 4 21 20 23 12 17 1 3 27 29 25 32 2 
19 31 16 15 19 5 26 4 21 20 23 12 17 1 3 27 29 25 32 2 
20 31 16 15 19 5 26 4 21 23 20 12 17 1 3 27 29 25 32 2 
21 31 16 15 19 5 26 4 21 20 23 12 17 1 3 27 29 25 32 2 
22 31 16 15 19 5 26 4 21 20 23 12 17 1 3 27 29 25 32 2 
23 31 16 15 19 5 26 4 21 20 23 12 17 1 3 27 29 25 32 2 
24 31 16 15 19 5 26 4 21 20 23 12 17 1 3 27 29 25 32 2 
25 31 16 15 19 5 26 4 21 20 23 12 17 1 3 27 29 32 25 2 
26 31 16 15 19 5 26 4 21 20 23 12 17 1 3 27 29 25 32 2 
27 31 16 15 19 5 26 4 21 20 23 12 17 1 3 29 27 25 32 2 
28 31 16 15 19 5 26 4 21 20 23 12 17 1 3 27 29 25 32 2 
29 16 15 19 5 26 4 21 20 23 12 17 1 3 27 29 25 32 2 
30 16 15 19 5 26 4 21 20 23 12 17 1 3 27 29 25 32 2 
31 31 16 15 19 5 26 4 21 20 23 12 17 1 3 27 25 32 2 
32 31 16 19 5 26 4 21 20 23 12 17 1 3 27 29 25 32 2 
33 31 16 15 19 5 26 4 21 20 23 12 17 1 3 27 29 25 32 2 
34 31 16 15 19 5 26 34 4 21 20 23 12 17 1 3 27 29 25 32 2 
35 31 16 15 19 5 34 26 4 21 20 23 12 17 1 3 27 29 25 32 2 
36 31 16 15 19 5 34 26 4 36 21 20 23 12 17 1 3 27 29 25 32 2 
37 31 16 15 19 5 34 26 4 36 21 20 23 12 17 1 3 27 29 25 32 2 
