1 1 
2 2 1 
3 2 3 1 
4 14 20 3 11 15 16 1 7 4 17 2 24 26 8 19 6 12 
5 14 20 3 11 15 16 1 7 4 17 2 24 26 8 19 6 12 
6 14 20 3 11 15 16 1 7 4 17 2 24 26 8 19 12 6 
7 14 20 3 11 15 16 1 7 4 17 2 24 26 8 19 6 12 
8 14 20 3 11 15 16 1 7 4 17 2 24 26 8 19 6 12 
9 14 20 3 11 15 16 1 7 4 17 2 24 26 8 19 6 12 
10 14 20 3 11 15 16 1 7 4 17 2 24 26 8 19 6 12 
11 14 20 3 15 16 11 1 7 4 17 2 26 8 19 6 12 
12 14 20 3 11 15 16 1 7 4 17 2 24 26 8 19 6 12 
13 14 20 3 11 15 16 1 7 4 17 2 24 26 8 19 6 12 
14 14 20 3 11 15 16 1 7 4 17 2 24 26 8 19 6 12 
15 14 20 3 11 16 15 1 7 4 17 2 24 26 8 19 6 12 
16 14 20 3 11 15 16 1 7 4 17 2 24 26 8 19 6 12 
17 14 20 3 11 15 16 1 7 4 17 2 24 26 8 19 6 12 
18 14 20 3 11 15 16 1 7 4 17 2 24 26 8 19 6 12 
19 14 20 3 11 15 16 1 7 4 17 2 24 26 8 19 6 12 
20 14 20 3 11 15 16 1 7 4 17 2 24 26 8 19 6 12 
21 14 20 3 11 15 16 1 7 4 17 2 24 26 8 19 6 12 
22 14 20 3 11 15 16 1 7 4 17 2 24 26 8 19 6 12 
23 14 20 3 11 15 16 1 7 4 17 2 24 26 8 19 6 12 
24 14 20 3 15 16 1 7 4 17 2 24 26 8 19 6 12 
25 14 20 3 15 16 1 7 4 17 2 24 26 8 19 6 12 
26 14 20 11 15 16 1 7 4 17 2 24 26 8 19 6 12 
27 14 20 11 15 16 1 7 4 17 2 24 26 8 19 6 12 
28 14 20 3 11 15 16 1 7 4 17 2 24 26 8 19 6 12 
