1 1 
2 1 2 
3 3 1 2 
4 3 1 4 2 
5 3 5 1 4 2 
6 3 5 6 1 4 2 
7 3 5 6 1 4 2 7 
8 3 5 6 1 4 8 2 7 
9 3 15 21 25 1 4 8 2 7 24 12 22 23 14 5 6 11 16 18 17 
10 3 15 21 25 1 4 8 2 7 24 12 22 23 14 5 6 11 16 18 17 
11 3 15 21 25 1 4 8 2 7 24 12 22 23 14 5 6 16 11 18 17 
12 3 15 21 25 1 4 8 2 7 24 12 22 23 14 5 6 11 16 18 17 
13 3 15 21 25 1 4 8 2 7 24 12 22 23 14 5 6 11 16 18 17 
14 3 15 21 25 1 4 8 2 7 24 12 22 23 14 5 6 11 16 18 17 
15 3 15 21 25 1 4 2 7 24 12 23 14 5 6 11 16 18 17 
16 3 15 21 25 1 4 2 7 24 12 23 14 5 6 11 16 18 17 
17 3 15 21 25 1 4 2 7 24 12 23 14 6 11 16 18 17 
18 3 15 21 25 1 4 2 7 24 12 23 14 6 11 16 18 17 
19 3 15 21 25 1 4 2 7 24 12 23 14 6 11 16 18 17 
20 3 15 21 25 1 4 2 7 24 12 23 14 6 11 16 18 17 
21 3 15 21 25 1 4 8 2 7 24 12 22 23 14 5 6 11 16 18 17 
22 3 21 25 1 4 2 7 24 12 23 22 14 5 6 11 16 18 17 
23 3 21 25 1 4 2 7 24 12 22 23 14 5 6 11 16 18 17 
24 3 21 25 1 4 2 7 24 12 22 23 14 5 11 16 18 17 
25 3 21 25 1 4 2 7 24 12 22 23 14 5 11 16 18 17 
26 3 21 25 1 4 2 7 24 12 22 23 14 5 11 16 18 17 
27 3 21 25 1 4 2 7 24 12 22 23 14 5 11 16 18 17 
28 3 29 15 21 1 4 7 22 5 6 11 33 18 17 25 8 2 24 12 23 14 16 31 30 32 
29 3 29 15 21 1 4 7 22 5 6 11 33 18 17 25 8 2 24 12 23 14 16 31 30 32 
30 3 29 21 25 1 4 2 7 24 12 23 14 5 6 11 16 31 33 18 17 32 30 
31 3 29 21 25 1 4 2 7 24 12 23 14 5 6 11 16 31 33 18 17 30 32 
32 3 29 21 25 1 4 2 7 12 23 14 5 11 16 31 33 18 17 30 32 
33 3 29 21 25 1 4 2 7 12 23 14 5 11 16 31 33 18 17 30 32 
34 3 29 21 25 1 4 2 7 12 23 14 5 11 16 31 33 18 17 30 32 
35 3 29 21 25 1 4 2 7 12 23 14 5 11 16 31 33 18 17 30 32 
36 3 29 15 21 1 4 7 22 5 6 11 33 18 17 25 8 2 24 12 23 14 16 31 30 32 
