1 1 
2 1 2 
3 1 2 3 
4 1 2 4 3 
5 1 2 4 3 5 
6 1 2 4 6 3 5 
7 1 2 4 6 14 3 17 9 5 11 12 7 
8 1 2 4 6 14 3 17 9 5 7 11 12 
9 1 2 4 6 3 17 9 5 7 11 12 
10 1 2 4 6 14 3 17 9 5 7 11 12 
11 1 2 4 6 14 3 17 9 5 7 12 11 
12 1 2 4 6 14 3 17 9 5 7 11 12 
13 1 2 4 6 14 3 17 9 5 7 11 12 
14 1 2 4 6 14 3 17 5 7 11 12 
15 1 2 4 6 14 3 17 5 7 11 12 
16 1 2 4 6 14 3 17 9 5 7 11 12 
17 1 2 4 14 3 17 9 5 7 11 12 
18 1 2 4 14 3 17 9 5 7 11 12 
19 1 6 3 9 5 7 11 2 4 14 17 12 19 
20 1 2 4 14 3 9 5 7 11 12 19 20 
21 1 24 32 3 9 5 7 11 20 26 29 2 4 14 23 27 12 19 
22 1 24 32 3 9 5 7 11 20 26 29 2 4 14 23 27 12 19 
23 1 24 32 3 5 7 11 20 26 2 4 23 27 12 19 
24 1 24 32 3 5 7 11 20 26 29 2 4 23 27 12 19 
25 1 24 32 3 5 7 11 20 26 29 2 4 23 27 12 19 
26 1 24 32 3 5 7 11 20 29 26 2 4 23 27 12 19 
27 1 24 32 3 5 7 11 20 26 29 2 4 23 12 27 19 
28 1 24 32 3 5 7 11 20 26 29 2 4 23 27 12 19 
29 1 24 32 3 5 7 11 20 26 29 2 4 27 12 19 
30 1 24 32 3 5 7 11 20 26 29 2 4 27 12 19 
31 1 24 32 3 5 7 11 20 26 29 2 4 23 27 12 19 
32 1 24 32 3 5 7 11 26 29 2 4 23 27 12 19 
33 1 24 32 3 5 7 11 26 29 2 4 23 27 12 19 
34 1 24 34 3 9 5 7 11 26 29 2 4 14 23 27 12 19 
35 1 34 24 3 5 7 11 26 35 2 4 27 12 19 
36 1 34 24 45 3 36 5 7 11 26 35 2 4 44 41 40 42 38 43 27 12 19 39 
37 1 34 24 45 3 36 5 7 11 26 35 2 4 44 41 40 42 38 43 27 12 19 39 
38 1 34 24 45 3 36 5 7 11 26 35 2 4 44 41 40 42 38 43 27 12 19 39 
39 1 34 24 45 3 36 5 7 11 26 35 2 4 44 41 40 42 38 43 27 12 19 39 
40 1 34 24 45 3 36 5 7 11 26 35 2 4 44 41 42 40 38 43 27 12 19 39 
41 1 34 24 45 3 36 5 7 11 26 35 2 4 44 41 40 42 38 43 27 12 19 39 
42 1 34 24 45 3 36 5 7 11 26 35 2 4 44 41 40 42 38 43 27 12 19 39 
43 1 34 24 45 3 36 5 7 11 26 35 2 4 44 41 40 42 38 43 27 12 19 39 
44 1 24 45 3 36 5 7 11 26 35 2 4 44 41 40 42 38 43 27 12 19 39 
45 1 24 45 3 36 5 7 11 26 2 4 44 41 40 42 38 43 27 12 19 39 
46 1 24 45 3 36 5 7 11 26 2 4 44 41 40 42 38 43 27 12 19 39 
47 1 34 24 45 3 36 5 7 11 26 35 2 4 44 41 40 42 38 43 27 12 19 39 
