1 1 
2 1 2 
3 1 2 3 
4 4 1 2 3 
5 4 1 2 5 3 
6 13 11 15 1 2 16 21 24 27 20 5 22 23 26 17 19 4 8 14 6 25 12 28 29 10 3 
7 13 11 15 1 2 16 21 24 27 20 5 22 23 26 17 19 4 8 14 6 25 12 28 29 10 3 
8 13 11 15 1 2 16 21 24 27 20 5 22 23 26 17 19 4 8 14 6 25 12 28 29 10 3 
9 13 11 15 1 2 16 21 24 27 20 5 22 23 26 17 19 4 8 14 6 25 12 28 29 10 3 
10 13 11 15 1 2 16 21 24 27 20 5 22 23 26 17 19 4 8 14 6 25 12 28 29 10 3 
11 13 15 11 1 2 16 21 24 27 20 5 22 23 26 17 19 4 8 14 6 25 12 28 29 10 3 
12 13 11 15 1 2 16 21 24 27 20 5 22 23 26 17 19 4 8 14 6 25 12 28 29 10 3 
13 26 17 19 13 4 11 15 1 8 16 21 24 14 27 6 20 25 5 22 12 28 29 10 3 
14 26 13 17 19 4 11 15 1 8 16 21 24 14 27 6 20 25 5 22 12 28 29 10 3 
15 26 13 17 19 4 11 15 1 8 16 21 24 14 27 6 20 25 5 22 12 28 29 10 3 
16 26 13 17 19 4 11 15 1 8 21 16 24 14 27 6 20 25 5 22 12 28 29 10 3 
17 26 13 19 17 4 11 15 1 8 16 21 24 14 6 20 25 5 22 12 28 29 10 
18 26 13 17 19 4 11 15 1 8 16 21 24 14 6 20 25 5 22 12 28 29 10 
19 13 11 15 1 2 16 21 24 27 20 5 22 23 26 17 19 4 8 14 6 25 12 28 29 10 3 
20 13 11 15 1 2 16 21 24 27 20 5 22 23 26 19 17 4 8 14 6 25 12 28 29 10 3 
21 13 11 15 1 2 16 21 24 27 20 5 22 23 26 19 17 4 8 14 6 25 12 28 29 10 3 
22 13 11 15 1 2 21 16 24 27 20 5 23 22 26 19 17 4 8 14 6 25 12 28 29 10 3 
23 26 19 17 4 11 15 1 8 21 16 24 14 27 6 20 25 5 22 23 12 28 29 10 3 
24 26 19 17 4 11 15 1 8 21 16 24 14 27 6 20 25 5 22 23 12 28 29 10 3 
25 26 19 17 4 11 15 1 8 21 16 24 14 27 6 20 25 5 22 23 12 28 29 10 3 
26 26 19 17 4 11 15 1 8 21 16 24 14 27 6 20 25 5 22 23 12 28 29 10 3 
27 26 19 4 11 15 1 8 21 16 24 14 27 6 20 25 5 22 23 12 28 29 10 
28 26 13 17 19 11 15 1 8 16 21 24 14 27 6 20 25 5 22 23 12 29 28 10 
29 26 13 17 19 11 15 1 8 16 21 24 14 27 6 20 25 22 23 12 28 29 10 
30 26 13 17 19 11 15 1 8 16 21 24 14 27 6 20 25 22 23 12 28 29 10 
31 13 11 15 1 2 16 21 24 27 20 5 22 23 26 17 19 4 8 14 6 25 12 28 29 10 3 
