1 1 
2 2 1 
3 3 2 1 
4 6 20 4 18 12 30 32 33 3 16 2 10 1 24 8 28 26 14 22 
5 6 4 20 18 12 30 32 33 3 16 2 10 1 24 8 28 26 14 22 
6 6 4 20 18 12 30 32 33 3 16 2 10 1 24 8 28 26 14 22 
7 6 4 20 18 12 30 32 33 3 16 2 10 1 24 8 28 26 14 22 
8 3 6 4 10 1 18 8 30 33 26 14 22 
9 3 6 4 10 1 18 8 30 33 26 14 22 
10 6 4 20 18 12 30 32 33 3 16 2 10 1 24 8 28 26 14 22 
11 6 4 20 18 12 30 32 33 3 16 2 10 1 24 8 28 26 14 22 
12 3 6 4 10 1 18 12 30 33 26 14 22 
13 3 6 4 10 1 18 12 30 33 26 14 22 
14 6 4 20 18 12 30 32 33 3 16 2 10 1 24 8 28 26 22 14 
15 6 4 20 18 12 30 32 33 3 16 2 10 1 24 8 28 26 14 22 
16 3 16 6 4 10 1 18 30 33 26 14 22 
17 3 16 6 4 10 1 18 30 33 26 14 22 
18 6 4 20 18 12 30 32 33 3 16 2 10 1 24 8 28 26 14 22 
19 6 4 20 18 12 30 32 33 3 16 2 10 1 24 8 28 26 14 22 
20 3 6 4 20 10 1 18 30 33 26 14 22 
21 3 6 4 20 10 1 18 30 33 26 14 22 
22 6 4 20 18 12 30 32 33 3 16 2 10 1 24 8 28 26 14 22 
23 6 4 20 18 12 30 32 33 3 16 2 10 1 24 8 28 26 14 22 
24 3 6 4 10 1 18 24 30 33 26 14 22 
25 3 6 4 10 1 18 24 30 33 26 14 22 
26 6 4 20 18 12 30 32 33 3 16 2 10 1 24 8 28 26 14 22 
27 6 4 20 18 12 30 32 33 3 16 2 10 1 24 8 28 26 14 22 
28 3 6 4 10 1 18 30 28 33 26 14 22 
29 3 6 4 10 1 18 28 30 33 26 14 22 
30 6 4 20 18 12 32 30 33 3 16 2 10 1 24 8 28 26 14 22 
31 6 4 20 18 12 30 32 33 3 16 2 10 1 24 8 28 26 14 22 
32 3 6 4 10 1 18 30 32 33 26 14 22 
33 6 4 20 18 12 30 32 33 16 2 10 1 24 8 28 26 14 22 
34 6 4 20 18 12 30 32 33 16 2 10 1 24 8 28 26 14 22 
35 6 4 20 35 18 12 30 32 33 3 16 2 10 1 24 8 28 26 14 22 
36 6 4 20 35 18 12 30 32 33 3 16 2 10 1 24 8 28 26 14 22 
37 6 4 35 18 30 33 3 10 1 37 26 14 22 
38 6 4 20 35 18 12 30 32 33 38 3 16 2 10 1 37 24 8 28 26 14 22 
39 6 4 20 35 18 12 30 32 33 38 3 16 2 10 1 37 24 8 28 26 14 22 
40 6 4 35 40 18 30 33 38 3 10 1 26 14 22 
41 41 6 4 20 35 40 18 12 30 32 33 38 3 16 2 10 1 37 24 8 28 26 14 22 
42 41 6 4 20 35 40 18 12 30 32 33 38 3 16 2 10 1 37 24 8 28 26 14 22 
43 41 6 4 35 18 30 33 38 3 43 10 1 26 14 22 
44 6 20 35 40 38 3 43 2 10 1 8 26 41 44 4 18 12 30 32 33 16 37 24 28 14 22 
45 6 20 35 40 38 3 43 2 10 1 8 26 41 44 4 18 12 30 32 33 16 37 24 28 14 22 
46 46 41 44 6 4 35 18 30 33 38 3 10 1 26 14 22 
47 46 6 20 35 40 38 3 43 2 10 1 47 8 26 41 44 4 18 12 30 32 33 16 37 24 28 14 22 
48 46 6 20 35 40 38 3 43 2 10 1 47 8 26 41 44 4 18 12 30 32 33 16 37 24 28 14 22 
49 41 44 6 4 35 18 30 33 38 3 49 10 1 47 26 14 22 
50 46 6 20 35 40 38 3 43 2 49 10 1 47 8 26 41 44 4 18 12 30 32 33 50 16 37 24 28 14 22 
51 46 6 20 35 40 38 3 43 2 49 10 1 47 8 26 41 44 4 18 12 30 32 50 33 16 37 24 28 14 22 
52 41 44 6 4 35 18 30 50 33 38 52 3 10 1 47 26 14 22 
53 46 6 20 35 40 38 52 3 43 2 49 10 1 47 8 26 41 44 4 18 12 30 32 50 33 16 37 24 28 14 22 
