1 1 
2 2 1 
3 2 1 3 
4 4 2 1 3 
5 4 2 5 1 3 
6 11 13 2 6 24 20 14 3 22 12 19 10 4 17 8 21 15 5 1 16 
7 11 13 2 6 24 20 14 3 22 12 19 10 4 17 8 21 15 5 1 16 
8 11 13 2 6 24 20 14 3 12 19 10 4 17 21 8 15 5 1 16 
9 11 13 2 6 20 24 14 3 22 12 19 10 4 17 8 21 15 5 1 16 
10 11 13 2 6 20 24 14 3 22 12 19 10 4 17 8 21 15 5 1 16 
11 11 13 2 6 20 24 14 3 22 12 19 10 4 17 8 21 15 5 1 16 
12 11 13 2 6 20 24 14 3 22 12 19 10 4 17 8 21 15 5 1 16 
13 11 13 2 6 20 24 14 3 22 12 19 10 4 17 8 21 15 5 1 16 
14 11 13 2 6 20 24 14 3 22 12 19 10 4 17 8 21 15 5 1 16 
15 11 13 2 6 20 24 14 3 22 12 19 10 4 17 8 21 15 5 1 16 
16 11 13 2 6 20 24 14 3 22 12 19 10 4 17 8 21 15 5 1 16 
17 11 13 2 6 20 24 14 3 22 12 19 10 4 17 8 21 15 5 1 16 
18 11 13 2 6 20 24 14 3 22 12 19 10 4 17 8 21 15 5 1 16 
19 11 13 2 6 20 24 14 3 22 12 19 10 4 17 8 21 15 5 1 16 
20 11 13 2 6 24 20 14 3 22 12 19 10 4 17 8 21 15 5 1 16 
21 11 13 6 20 24 14 3 22 12 19 10 4 17 8 21 15 5 1 16 
22 11 13 6 20 24 14 3 22 12 19 10 4 17 21 15 5 1 16 
23 11 13 6 20 24 14 3 22 12 19 10 4 17 21 15 5 1 16 
24 11 13 2 6 20 24 14 3 22 12 19 10 4 17 8 21 15 1 16 
25 11 13 2 6 24 20 14 3 22 12 19 10 4 17 8 21 15 1 16 
26 11 13 2 6 24 20 14 3 22 12 26 19 10 4 17 8 21 15 5 1 16 
27 11 13 2 6 24 20 14 3 22 26 12 19 10 4 17 8 21 15 5 1 16 
