1 1 
2 2 1 
3 3 2 1 
4 3 2 1 
5 3 2 1 
6 3 6 2 1 
7 3 6 2 1 7 
8 3 6 2 8 1 7 
9 3 6 9 2 8 1 7 
10 3 6 9 2 10 8 1 7 
11 3 6 9 2 10 11 8 1 7 
12 15 22 6 9 14 10 11 8 19 3 16 20 2 12 18 1 7 
13 15 22 6 9 14 10 11 8 19 3 16 20 2 12 18 1 7 
14 15 22 6 9 14 10 11 8 19 3 16 2 12 18 1 7 
15 22 15 6 9 14 10 11 8 19 3 16 20 2 12 18 1 7 
16 15 22 6 9 14 10 11 8 19 3 16 20 2 12 18 1 7 
17 15 22 6 9 14 10 11 8 19 3 16 20 2 12 18 1 7 
18 15 22 6 9 14 10 11 8 19 3 16 20 2 12 18 1 7 
19 15 22 6 9 14 11 8 19 3 16 20 2 12 18 1 7 
20 15 22 6 9 11 8 19 3 16 20 2 12 18 1 7 
21 15 22 6 9 11 8 19 3 16 20 2 12 18 1 7 
22 15 22 6 9 14 10 8 19 3 16 20 2 12 18 1 7 
23 15 22 6 9 14 10 8 19 3 16 20 2 12 18 1 7 
24 15 22 6 9 14 10 11 8 19 3 16 20 2 12 18 1 7 
