1 1 
2 1 2 
3 1 3 2 
4 4 1 3 2 
5 4 1 3 5 2 
6 4 1 10 5 14 6 9 2 7 11 17 3 13 16 19 12 
7 4 1 10 5 14 6 9 2 7 11 17 3 13 16 19 12 
8 4 1 10 5 14 6 9 2 7 11 17 3 13 16 19 12 
9 4 1 10 5 14 6 9 2 7 11 17 3 13 16 19 12 
10 4 1 10 5 14 6 9 2 7 11 17 3 13 16 19 12 
11 4 1 10 5 14 6 9 2 7 11 17 3 13 16 19 12 
12 4 1 10 5 14 6 9 2 7 11 17 3 13 16 19 12 
13 4 1 10 5 14 6 9 2 7 11 17 3 13 16 19 12 
14 4 1 10 5 14 6 9 2 7 11 17 3 13 16 19 12 
15 4 1 10 5 14 6 9 2 7 11 17 3 13 16 19 12 
16 4 1 10 5 14 6 9 2 7 11 17 3 13 19 16 12 
17 4 1 10 5 14 6 9 2 7 11 17 3 13 16 19 12 
18 4 1 10 5 14 6 9 2 7 11 17 3 13 16 19 12 
19 4 1 10 14 6 9 2 7 11 17 3 13 16 19 12 
20 4 1 10 14 6 9 2 7 11 17 3 13 16 19 12 
21 4 1 10 5 14 6 9 2 7 11 17 3 13 16 19 12 
