1 1 
2 1 2 
3 1 3 2 
4 1 3 2 4 
5 15 2 19 20 5 4 12 14 9 1 18 7 21 3 13 8 10 
6 15 2 19 20 5 4 12 14 9 1 18 7 21 3 13 8 10 
7 15 2 19 20 5 4 12 14 9 1 18 21 7 3 13 8 10 
8 15 2 19 20 5 4 12 14 9 1 18 7 21 3 13 8 10 
9 15 2 19 20 5 4 12 14 9 1 18 7 21 3 13 8 10 
10 15 2 19 20 5 4 12 14 9 1 18 7 21 3 13 8 10 
11 15 2 19 20 5 4 12 14 9 1 18 7 21 3 13 8 10 
12 15 2 19 20 5 4 14 12 9 1 18 7 21 3 13 8 10 
13 15 2 19 20 5 4 12 14 9 1 18 7 21 3 13 8 10 
14 15 2 19 20 5 4 12 14 9 1 18 7 21 3 13 8 10 
15 15 2 19 20 5 4 12 14 9 1 18 7 21 3 13 8 10 
16 15 2 19 20 5 4 12 14 9 1 18 7 21 3 13 8 10 
17 15 2 19 20 5 4 12 14 9 1 18 7 21 3 13 8 10 
18 15 2 19 20 5 4 12 14 9 1 18 7 21 3 13 8 10 
19 15 2 19 20 5 4 12 14 9 1 18 7 21 3 13 8 10 
20 15 2 19 20 5 4 12 14 9 1 18 7 21 13 8 10 
21 15 2 19 20 5 12 14 9 1 18 7 21 13 8 10 
22 15 2 19 20 5 12 14 9 1 18 7 21 13 8 10 
23 15 2 19 20 5 4 12 14 9 1 18 7 21 3 13 8 10 
24 15 2 19 20 5 4 12 14 9 1 18 7 21 3 13 8 10 
