1 1 
2 1 2 
3 3 1 2 
4 3 1 2 
5 3 1 2 
6 3 6 1 2 
7 3 6 1 2 
8 3 6 1 2 
9 3 9 6 1 2 
10 10 3 9 6 1 2 
11 10 3 9 6 1 11 2 
12 10 3 14 15 17 19 9 13 6 1 11 2 
13 10 3 14 15 17 19 9 13 6 1 11 2 
14 10 3 15 17 14 19 9 13 6 1 11 2 
15 10 3 14 17 15 19 9 13 6 1 11 2 
16 10 3 14 15 17 19 9 13 6 1 11 2 
17 10 3 14 15 17 19 13 6 1 11 2 
18 10 3 14 15 17 19 13 6 1 11 2 
19 10 3 14 15 17 19 9 13 6 1 2 
20 10 3 14 15 17 19 13 9 6 1 11 2 
21 10 3 15 17 19 13 2 21 14 9 6 1 11 
22 10 3 15 17 19 13 2 21 14 9 6 1 11 
23 10 3 15 17 19 13 2 21 14 9 6 1 11 
24 10 3 15 17 19 13 2 21 14 9 6 1 11 
25 10 3 15 17 19 13 2 21 14 9 6 1 11 25 
26 10 3 15 17 13 2 26 21 14 9 6 1 25 
27 10 3 15 17 28 13 29 33 2 26 35 31 21 14 9 6 1 25 30 
28 10 3 15 17 13 28 29 33 2 26 35 31 21 14 9 6 1 25 30 
29 10 3 15 17 28 13 29 33 2 26 35 31 21 14 9 6 1 25 30 
30 10 3 15 17 28 13 29 33 2 26 35 31 21 9 6 1 25 30 
31 10 3 15 17 28 13 29 33 2 26 35 31 21 9 6 1 25 30 
32 10 3 15 17 28 13 29 33 2 26 35 31 21 9 6 1 25 30 
33 10 3 15 17 28 13 29 33 2 35 31 21 9 6 1 25 30 
34 10 3 15 17 28 13 29 33 2 35 31 21 9 6 1 25 30 
35 10 3 15 28 13 29 33 2 26 35 31 21 6 1 25 30 
36 10 3 15 17 28 13 29 33 2 26 35 31 21 9 6 1 25 30 
37 10 3 15 17 28 13 29 33 2 26 35 31 21 14 9 6 1 25 37 30 
38 10 3 15 17 28 13 29 33 2 26 35 31 21 14 9 6 1 25 37 30 
39 10 3 15 17 28 13 29 33 2 26 35 31 21 14 9 6 1 25 37 30 
40 10 3 15 17 28 13 29 33 2 26 35 31 21 14 9 6 1 25 37 30 
41 10 3 15 17 28 13 29 33 2 26 35 31 21 14 9 6 1 25 37 30 
