1 1 
2 1 2 
3 3 1 2 
4 3 1 2 4 
5 3 1 2 5 4 
6 3 1 2 5 4 
7 3 1 7 2 5 4 
8 3 1 7 2 5 4 
9 3 1 7 2 5 4 
10 3 1 7 2 5 4 
11 7 15 17 25 4 27 11 3 1 13 21 19 2 5 23 16 
12 7 15 17 25 4 11 27 3 1 13 21 19 2 5 23 16 
13 7 15 17 25 4 11 27 3 1 13 21 19 2 5 23 16 
14 7 15 17 25 4 11 27 3 1 13 21 19 2 5 23 16 
15 7 15 17 25 4 11 27 3 1 13 21 19 2 5 23 16 
16 7 15 17 25 4 11 27 3 1 13 21 19 2 5 23 16 
17 7 15 17 25 4 11 27 3 1 13 21 19 2 5 23 16 
18 7 15 17 25 4 11 27 3 1 13 21 19 2 5 23 16 
19 7 15 17 25 4 11 27 3 1 13 21 19 2 5 23 16 
20 7 15 17 25 4 11 27 3 1 13 21 19 2 5 23 16 
21 7 15 17 25 4 11 27 3 1 13 21 19 2 5 23 16 
22 7 15 17 25 4 11 27 3 1 13 21 19 2 5 23 16 
23 7 15 17 25 4 11 27 3 1 13 21 19 2 5 23 16 
24 7 15 17 25 4 11 27 3 1 13 21 19 2 5 23 16 
25 7 15 17 25 4 11 27 3 1 13 21 19 2 5 23 16 
26 7 15 17 25 4 11 27 3 1 13 21 19 2 5 23 16 
27 7 15 17 25 4 11 27 3 1 13 21 19 2 5 23 16 
28 7 15 17 25 4 11 27 3 1 13 21 19 2 5 23 16 
29 7 15 17 25 4 11 27 3 1 13 21 19 2 5 23 16 
30 7 15 17 25 30 4 11 27 3 1 13 21 19 2 5 23 16 
31 7 15 17 25 30 4 11 27 3 1 13 21 19 2 5 23 16 
32 7 15 17 25 30 4 11 27 3 1 13 21 19 2 5 35 23 34 16 
33 7 15 17 25 30 4 11 27 3 1 13 21 19 2 5 35 23 34 16 
34 7 15 17 25 30 4 11 27 3 1 13 21 19 2 5 35 23 16 34 
35 7 15 17 25 30 4 11 27 1 13 21 19 2 5 23 35 34 16 
36 7 15 17 25 30 4 11 27 1 13 21 19 2 5 35 23 34 16 
37 7 15 17 40 25 30 4 11 27 3 1 13 37 21 19 2 5 39 35 23 34 16 
38 7 15 17 40 25 30 4 11 27 3 1 13 37 21 19 2 5 39 35 23 34 16 
39 7 15 17 40 25 30 4 11 27 3 1 13 37 21 19 2 5 35 23 39 34 16 
40 7 15 17 25 40 30 11 27 3 1 13 37 21 19 2 5 39 35 23 34 16 
41 7 15 17 40 25 30 11 27 3 1 13 37 21 19 2 5 39 35 23 34 16 
42 7 15 17 40 25 30 4 11 27 3 1 13 37 21 19 2 5 39 35 23 34 16 
