1 1 
2 1 2 
3 1 2 
4 1 2 
5 1 5 2 
6 60 2 23 19 56 6 33 64 26 38 15 5 35 40 16 32 21 12 1 10 30 27 7 54 58 62 17 22 52 29 11 20 47 39 46 57 51 55 45 25 
7 60 2 23 19 56 6 33 64 26 38 15 5 35 40 16 32 21 12 1 10 30 27 7 54 58 62 17 22 52 29 11 20 47 39 46 57 51 55 45 25 
8 60 2 23 19 56 6 33 64 26 38 15 5 35 40 16 32 21 12 1 10 30 27 7 54 58 62 17 22 52 29 11 20 47 39 46 57 51 55 45 25 
9 60 2 23 19 56 6 33 64 26 38 15 5 35 40 16 32 21 12 1 10 30 27 7 54 58 62 17 22 52 29 11 20 47 39 46 57 51 55 45 25 
10 60 2 23 19 56 6 33 64 26 38 15 5 35 40 16 32 21 12 1 30 10 27 7 54 58 62 17 22 52 29 11 20 47 39 46 57 51 55 45 25 
11 60 2 23 19 56 6 33 64 26 38 15 5 35 40 16 32 21 12 1 10 30 27 7 54 58 62 17 22 52 29 11 20 47 39 46 57 51 55 45 25 
12 60 2 23 19 56 6 33 64 26 38 15 5 35 40 16 32 21 12 1 10 30 27 7 54 58 62 17 22 52 29 11 20 47 39 46 57 51 55 45 25 
13 60 2 23 19 56 6 33 64 26 38 15 5 35 40 16 32 21 12 1 10 30 27 7 54 58 62 17 22 52 29 11 20 47 39 46 57 51 55 45 25 
14 60 2 23 19 56 6 33 64 26 38 15 5 35 40 16 32 21 12 1 10 30 27 7 54 58 62 17 22 52 29 11 20 47 39 46 57 51 55 45 25 
15 2 23 19 56 6 33 64 26 38 15 5 35 40 16 32 21 12 1 10 30 27 7 54 58 62 17 22 52 29 11 20 47 39 46 57 55 45 25 
16 2 23 19 56 6 33 64 26 38 15 5 35 40 16 32 21 12 1 10 30 27 7 54 58 62 17 22 52 29 11 20 47 39 46 57 55 45 25 
17 2 23 19 56 6 33 64 26 38 15 5 35 40 16 32 21 12 1 10 30 27 7 54 58 22 17 29 11 20 47 39 46 57 55 45 25 
18 60 2 23 19 56 6 33 26 64 38 15 5 35 40 16 32 21 12 1 10 30 27 7 54 58 62 17 22 52 29 11 20 47 39 46 57 51 55 45 25 
19 60 2 23 56 19 6 33 26 64 38 15 5 35 40 16 32 21 12 1 10 30 27 7 54 58 62 17 22 52 29 11 20 47 39 46 57 51 55 45 25 
20 60 2 23 19 56 6 33 26 64 38 15 5 35 40 16 32 21 12 1 10 30 27 7 54 58 62 17 22 52 29 11 47 20 39 46 57 51 55 45 25 
21 60 2 23 19 56 6 33 26 64 38 15 5 35 40 16 32 21 12 1 10 30 27 7 54 58 62 17 22 52 29 11 20 47 39 46 57 51 55 45 25 
22 60 2 23 19 56 6 33 26 64 38 15 5 35 40 16 32 21 12 1 10 30 27 7 54 58 62 17 52 22 29 11 20 47 39 46 57 51 55 45 25 
23 60 2 23 19 56 6 33 26 64 38 15 5 35 40 16 32 21 12 1 10 30 27 7 54 58 62 17 22 52 29 11 20 47 39 46 57 51 55 45 25 
24 60 2 23 19 56 6 33 26 64 38 15 5 35 40 16 32 21 12 1 10 30 27 7 54 58 62 17 22 52 29 11 20 47 39 46 57 51 55 45 25 
25 60 2 23 19 56 6 33 26 64 38 15 5 35 40 16 32 21 12 1 10 30 27 7 54 58 62 17 22 52 29 11 20 47 39 46 57 51 55 45 25 
26 60 2 23 19 56 6 33 64 26 38 15 5 35 40 16 32 21 12 1 10 30 27 7 54 58 62 17 22 52 29 11 20 47 39 46 57 51 55 45 25 
27 60 2 23 19 56 6 33 26 64 38 15 5 35 40 16 32 21 12 1 10 30 27 7 54 58 62 17 22 52 29 11 20 47 39 46 57 51 55 45 25 
28 60 2 23 19 56 6 33 26 64 38 15 5 35 40 16 32 21 12 1 10 30 27 7 54 58 62 17 22 52 29 11 20 47 39 46 57 51 55 45 25 
29 60 2 23 19 56 6 33 26 64 38 15 5 35 40 16 32 21 12 1 10 30 27 7 54 58 62 17 22 52 29 11 20 47 39 46 57 51 55 45 25 
30 60 2 23 19 56 6 33 26 64 38 15 5 35 40 16 32 21 12 1 10 30 27 7 54 58 62 17 22 52 29 11 20 47 39 46 57 51 55 45 25 
31 60 2 23 19 56 6 33 26 64 38 15 5 35 40 16 32 21 12 1 10 30 27 7 54 58 62 17 22 52 29 11 20 47 39 46 57 51 55 45 25 
32 60 2 23 19 56 6 33 26 64 38 15 5 35 40 16 32 21 12 1 10 30 27 7 54 58 62 17 22 52 29 11 20 47 39 46 57 51 55 45 25 
33 60 2 23 19 56 6 33 26 64 38 15 5 35 40 16 32 21 12 1 10 30 27 7 54 58 62 17 22 52 29 11 20 47 39 46 57 51 55 45 25 
34 60 2 23 19 56 6 33 26 64 38 15 5 35 40 16 32 21 12 1 10 30 27 7 54 58 62 17 22 52 29 11 20 47 39 46 57 51 55 45 25 
35 60 2 23 19 56 6 33 26 64 38 15 5 40 35 16 32 21 12 1 10 30 27 7 54 58 62 17 22 52 29 11 20 47 39 46 57 51 55 45 25 
36 60 2 23 19 56 6 33 26 64 38 15 5 35 40 16 32 21 12 1 10 30 27 7 54 58 62 17 22 52 29 11 20 47 39 46 57 51 55 45 25 
37 60 2 23 19 56 6 33 26 64 38 15 5 35 40 16 32 21 12 1 10 30 42 27 7 54 58 62 17 22 52 29 11 20 47 39 46 57 51 55 45 25 
38 60 2 23 19 56 6 33 26 64 38 15 5 35 40 16 32 21 12 1 10 30 42 27 7 54 58 62 17 22 52 29 11 20 47 39 46 57 51 55 45 25 
39 60 2 23 19 56 6 33 26 64 38 15 5 35 40 16 32 21 12 1 10 30 42 27 7 54 58 62 17 22 52 29 11 20 47 39 46 57 51 55 45 25 
40 60 2 23 19 56 6 33 26 64 38 15 5 35 40 16 32 21 12 1 10 30 42 27 7 54 58 62 17 22 52 29 11 20 47 39 46 57 51 55 45 25 
41 60 2 23 19 56 6 33 26 64 38 15 5 35 40 16 32 21 12 1 10 30 42 27 7 54 58 62 17 22 52 29 11 20 47 39 46 57 51 55 45 25 
42 2 23 19 56 6 33 26 64 38 5 35 40 16 32 21 12 1 10 30 42 27 7 54 58 62 17 22 52 29 11 20 47 39 46 57 55 45 25 
43 2 23 19 56 6 33 26 64 38 5 35 40 16 32 21 12 1 10 30 42 27 7 54 58 62 17 22 52 29 11 20 47 39 46 57 55 45 25 
44 60 2 23 19 56 6 33 26 64 38 15 5 35 40 16 32 21 12 1 10 30 42 27 7 49 54 58 62 17 22 52 29 11 20 47 39 46 57 51 55 45 25 
45 60 2 23 19 56 6 33 26 64 38 15 5 35 40 16 32 21 12 1 10 30 42 27 7 49 54 58 62 17 22 52 29 11 20 47 39 46 57 51 55 45 25 
46 60 2 23 19 56 6 33 26 64 38 15 5 35 40 16 32 21 12 1 10 30 42 27 7 49 54 58 62 17 22 52 29 11 20 47 39 46 57 51 55 45 25 
47 60 2 23 19 56 6 33 26 64 38 15 5 35 40 16 32 21 12 1 10 30 42 27 7 49 54 58 62 17 22 52 29 11 20 47 39 46 57 51 55 45 25 
48 60 2 23 19 56 6 33 26 64 38 15 5 35 40 16 32 21 12 1 10 30 42 27 7 49 54 58 62 17 22 52 29 11 20 47 39 46 57 51 55 45 25 
49 60 2 23 19 56 6 33 26 64 38 15 5 35 40 16 32 21 12 1 10 30 42 27 7 49 54 58 22 29 11 20 47 39 46 57 51 55 45 25 
50 60 2 23 19 56 6 33 26 64 38 15 5 35 40 16 32 21 12 1 10 30 42 27 7 49 54 58 22 29 11 20 47 39 46 57 51 55 45 25 
51 2 23 19 56 6 33 26 64 38 5 35 40 16 32 21 12 1 10 30 27 7 49 54 58 62 17 22 52 29 11 20 47 39 46 57 55 51 45 25 
52 2 23 19 56 6 33 26 64 38 5 35 40 16 32 21 12 1 10 30 27 7 54 58 22 52 29 11 20 47 39 46 57 51 55 45 25 
53 2 23 19 56 6 33 26 64 38 5 35 40 16 32 21 12 1 10 30 27 7 54 58 22 52 29 11 20 47 39 46 57 51 55 45 25 
54 60 2 23 19 56 6 33 26 64 38 15 5 35 40 16 32 21 12 1 10 30 27 7 58 54 62 17 22 52 29 11 20 47 39 46 57 51 55 45 25 
55 60 2 23 19 56 6 33 26 64 38 15 5 35 40 16 32 21 12 1 10 30 27 7 54 58 62 17 22 52 29 11 20 47 39 46 57 51 55 45 25 
56 60 2 23 19 56 6 33 26 64 38 15 5 35 40 16 32 21 12 1 10 30 27 7 54 58 62 17 22 52 29 11 20 47 39 46 57 55 51 45 25 
57 60 2 23 19 56 6 33 26 64 38 15 5 35 40 16 32 21 12 1 10 30 27 7 54 58 62 17 22 52 29 11 20 47 39 46 57 55 51 45 25 
58 60 2 23 19 56 6 33 26 64 38 15 5 35 40 16 32 21 12 1 10 30 27 7 54 58 62 17 22 52 29 11 20 47 39 46 57 55 51 45 25 
59 60 2 23 19 56 6 33 26 64 38 15 5 35 40 16 32 21 12 1 10 30 27 7 54 58 62 17 22 52 29 11 20 47 39 46 57 55 51 45 25 
60 60 2 23 19 56 6 33 26 64 38 5 35 40 16 32 21 12 1 10 30 27 7 54 58 62 17 22 52 29 11 20 47 39 46 57 55 45 25 
61 60 2 23 19 56 6 33 26 64 38 5 35 40 16 32 21 12 1 10 30 27 7 54 58 62 17 22 52 29 11 20 47 39 46 57 55 45 25 
62 60 2 23 19 56 6 33 26 64 38 15 5 35 40 16 32 21 12 1 10 30 27 7 54 58 62 22 29 11 20 47 39 46 57 55 51 45 25 
63 60 2 23 19 56 6 33 26 64 38 15 5 35 40 16 32 21 12 1 10 30 27 7 54 58 62 22 29 11 20 47 39 46 57 55 51 45 25 
64 60 2 23 19 56 6 33 26 64 38 15 35 40 16 32 21 12 1 10 30 27 7 54 58 62 17 22 52 29 11 20 47 39 46 57 51 55 45 25 
65 60 2 23 19 56 6 33 64 26 38 15 35 40 16 32 21 12 1 10 30 27 7 54 58 62 17 22 52 29 11 20 47 39 46 57 51 55 45 25 
66 60 2 23 19 56 6 33 64 26 38 15 5 35 40 16 32 21 12 1 10 30 27 7 54 58 62 17 22 52 29 11 20 47 39 46 57 51 55 45 25 
