1 1 
2 2 1 
3 2 3 1 
4 4 2 3 1 
5 4 5 2 3 1 
6 4 5 2 3 6 1 
7 4 5 2 3 6 1 
8 4 5 2 3 6 1 
9 4 5 2 3 9 6 1 
10 10 4 5 2 3 9 6 1 
11 10 4 5 2 3 9 6 1 
12 10 12 4 5 2 3 9 6 1 
13 15 10 12 4 5 2 3 14 9 6 1 18 
14 15 10 12 4 5 2 3 14 9 6 1 18 
15 15 10 12 4 5 2 3 14 9 6 1 18 
16 15 10 12 4 5 2 3 14 9 6 1 18 
17 15 10 12 4 5 2 3 14 9 6 1 18 
18 15 10 4 5 2 3 14 9 6 1 18 
19 15 10 4 5 2 3 14 9 6 1 18 
20 15 10 5 2 14 1 18 12 4 3 9 6 20 
21 15 21 10 5 2 14 1 18 12 4 3 9 6 20 
22 15 21 10 5 2 14 22 1 18 12 4 3 9 6 20 
23 15 21 10 5 2 14 22 1 18 12 4 3 9 6 20 
24 15 21 10 5 2 14 22 1 24 18 12 4 3 9 6 20 
25 15 21 10 5 2 14 22 1 24 18 12 4 3 25 9 6 20 
26 15 21 10 5 2 14 22 1 24 18 12 4 3 25 26 9 6 20 
27 15 21 10 5 2 14 22 27 1 24 18 12 4 3 25 26 9 6 20 
28 15 21 10 5 2 14 22 27 1 24 18 12 4 3 25 26 9 6 20 28 
29 15 21 10 5 2 14 22 27 1 24 18 12 4 3 25 26 9 6 20 28 
30 15 21 10 5 2 14 22 27 1 24 18 12 4 3 25 26 9 6 20 28 
