1 1 
2 1 2 
3 3 1 
4 1 3 4 
5 1 3 5 
6 1 3 
7 3 1 6 
8 3 1 7 
9 3 1 8 
10 3 1 8 9 
11 3 1 8 
12 3 1 8 10 
13 3 1 8 11 
14 3 1 8 11 
15 1 8 3 11 
16 3 1 8 
17 3 1 8 
18 1 3 12 
19 1 3 13 
20 1 3 
21 3 1 14 
22 3 1 15 
23 3 1 8 
24 3 1 8 16 
25 3 1 8 
26 3 1 8 17 
27 3 1 8 18 
28 3 1 8 18 
29 1 8 3 18 
30 3 1 8 
31 3 1 8 
32 3 19 1 
33 1 3 20 19 
34 1 3 19 
35 3 1 
36 3 21 1 
37 1 3 22 21 
38 1 3 21 
39 3 1 
40 3 23 1 
41 1 3 24 23 
42 1 3 23 
43 1 3 
44 1 3 25 
45 1 3 26 
46 1 3 8 
47 1 3 8 27 
48 1 3 8 
49 1 3 8 28 
50 1 3 8 29 
51 1 3 8 29 
52 1 3 8 
53 1 3 8 
54 1 3 30 
55 1 3 30 
56 1 3 
57 3 31 1 
58 1 3 32 31 
59 1 3 
60 1 3 33 
61 1 3 33 
62 1 3 
63 3 34 1 
64 3 1 35 34 
65 3 1 
66 1 3 36 
67 1 3 37 
68 1 3 
69 3 1 38 
70 3 1 39 
71 3 1 8 
72 3 1 8 40 
73 3 1 8 
74 3 1 8 41 
75 3 1 8 42 
76 3 1 8 42 
77 1 8 3 42 
78 3 1 8 
79 3 1 8 
80 3 1 43 
81 3 1 
82 1 3 44 
83 1 3 45 
84 1 3 46 
85 3 1 
86 3 1 47 
87 3 1 
88 1 3 48 
89 1 3 49 
90 1 3 50 
91 3 1 
92 1 3 51 
93 1 3 52 
94 3 1 
95 1 3 53 
96 1 3 54 
97 3 1 
98 1 3 55 
99 1 3 56 
100 3 1 
101 1 3 57 
102 1 3 58 
103 3 1 
104 1 3 59 
105 1 3 60 
106 3 1 
107 3 1 61 
108 3 1 
109 3 62 
110 3 63 
111 3 64 
112 3 
113 
