1 1 
2 2 1 
3 2 3 1 
4 2 3 4 1 
5 5 2 3 4 1 
6 4 5 6 2 1 3 
7 4 5 7 6 2 1 3 
8 4 5 8 7 6 3 2 1 
9 4 5 1 8 7 6 3 9 2 
10 4 5 1 8 7 6 3 2 
11 4 5 1 8 7 6 3 2 10 
12 4 5 1 8 7 6 3 10 2 
13 4 5 1 2 8 7 6 3 
14 4 5 1 2 8 7 6 11 
15 4 5 1 2 8 7 6 12 
16 4 5 1 2 8 7 6 13 
17 4 5 1 2 14 8 7 13 6 
18 4 5 1 2 14 8 6 7 13 15 
19 4 5 1 2 14 8 6 7 13 16 
20 4 5 1 2 14 8 6 7 13 17 
21 4 5 1 2 14 8 13 6 7 18 
22 4 5 1 2 19 7 14 8 13 6 
23 4 5 1 2 19 7 14 6 8 13 20 
24 4 5 1 2 19 7 14 6 8 13 21 
25 4 5 1 2 19 7 14 6 8 13 22 
26 4 5 1 2 19 7 14 6 8 23 
27 4 5 1 2 19 24 8 7 14 6 
28 4 5 1 2 19 24 8 6 7 14 25 
29 4 5 1 2 19 24 8 6 7 14 26 
30 4 5 1 2 19 24 8 6 7 14 27 
31 4 5 1 2 19 24 8 14 6 7 28 
32 4 5 1 2 19 24 29 8 14 6 
33 6 4 5 1 2 19 24 29 8 14 30 
34 6 4 5 1 2 19 24 29 8 14 31 
35 6 4 5 1 2 19 24 29 8 14 32 
36 6 4 5 1 2 19 24 29 8 33 
37 6 4 5 1 2 19 24 29 34 
38 6 4 5 1 2 19 24 29 34 35 
39 34 6 29 4 5 1 35 2 
40 34 6 29 2 4 5 1 
41 34 6 29 2 4 1 5 36 
42 34 6 29 2 4 1 5 
43 34 6 29 2 4 1 
44 34 6 29 2 1 4 37 
45 34 6 29 38 2 1 
46 34 6 29 38 1 39 2 
47 34 6 29 38 2 1 
48 34 6 29 38 40 2 
49 34 6 29 38 2 
50 34 6 29 38 2 41 
51 38 2 34 42 6 29 
52 38 2 34 29 42 43 6 
53 38 2 34 6 29 42 43 44 
54 38 2 34 6 29 42 43 
55 38 2 34 6 29 42 43 45 
56 38 2 34 6 29 42 43 
57 38 2 34 42 6 29 46 
58 38 2 34 42 6 29 47 
59 38 2 43 34 42 6 
60 38 2 43 34 42 6 
61 38 2 43 34 42 29 6 48 
62 38 2 43 34 42 29 6 
63 38 2 43 34 42 6 29 49 
64 38 2 43 34 42 6 29 
65 38 2 34 42 6 29 50 
66 38 2 43 34 42 6 
67 38 2 43 34 42 6 51 
68 38 2 43 34 42 6 
69 38 2 43 34 42 6 52 
70 38 2 43 34 42 6 
71 38 2 43 34 42 6 53 
72 38 2 43 34 42 6 
73 38 2 43 34 42 54 
74 38 2 43 34 42 
75 38 2 43 34 55 
76 38 2 43 34 56 
77 38 2 57 43 
78 38 2 57 43 
79 38 2 43 34 58 
80 38 2 43 34 59 
81 38 2 57 43 
82 38 60 2 57 
83 38 60 61 2 
84 
85 
