1 1 
2 2 
3 3 
4 4 
5 5 
6 6 
7 7 
8 8 
9 9 
10 10 
11 11 
12 12 
13 13 
14 14 
15 15 
16 16 
17 17 
19 18 
20 19 
22 20 
23 21 
24 22 
25 23 
26 24 
27 25 
28 16 
29 26 
30 27 
31 28 
32 29 
33 30 
34 31 
35 32 
36 33 
37 34 
39 35 
41 36 
42 37 
43 38 
45 39 
46 40 
47 41 
48 42 
50 43 
51 44 
52 45 
53 46 
54 47 
56 48 
57 49 
59 50 
63 51 
64 52 
65 53 
66 54 
68 55 
69 56 
72 57 
74 58 
76 59 
78 60 
79 61 
80 62 
81 63 
82 64 
83 65 
84 66 
86 33 
87 67 
89 68 
90 69 
92 70 
93 71 
94 72 
95 73 
96 74 
97 75 
98 76 
100 77 
101 78 
102 79 
103 80 
104 81 
105 82 
108 83 
109 84 
110 85 
111 86 
113 43 
114 87 
115 88 
116 89 
118 90 
119 91 
121 92 
125 75 
127 93 
128 36 
