1 1 
2 2 1 
3 3 2 1 
4 3 4 2 1 
5 3 4 2 5 1 
6 3 6 4 1 2 5 
7 3 6 7 4 1 2 5 
8 3 6 7 4 1 2 5 8 
9 3 6 7 4 5 1 2 
10 3 6 7 9 4 5 1 
11 3 6 7 10 
12 3 6 7 11 
13 7 3 6 
14 7 3 12 
15 7 13 
16 7 14 
17 7 15 
18 7 
19 7 
20 3 6 7 4 1 2 5 16 
21 3 6 7 4 5 1 2 
22 3 6 7 17 4 5 1 
23 3 6 7 18 
24 3 6 7 19 
25 7 3 6 
26 7 3 20 
27 7 21 
28 7 22 
29 7 23 
30 7 
31 7 
32 4 1 2 7 3 6 5 24 
33 4 5 1 2 7 3 6 
34 4 5 1 2 7 3 25 
35 4 5 1 2 7 26 
36 4 5 1 2 7 27 
37 4 5 1 2 7 28 
38 7 4 5 1 2 
39 7 29 4 5 1 
40 7 30 
41 7 31 
42 7 
43 7 
44 7 4 1 2 3 6 5 32 
45 7 4 5 1 2 3 6 
46 4 5 1 2 7 3 33 
47 4 5 1 2 7 34 
48 4 5 1 2 7 35 
49 4 5 1 2 7 36 
50 7 4 5 1 2 
51 7 37 4 5 1 
52 7 38 
53 7 39 
54 7 
55 
