5 3 
6 5 
7 4 
8 6 7 
9 4 
10 1 
11 10 
12 4 
13 3 
14 11 
15 3 
16 13 14 
17 4 
18 15 16 
19 12 17 
20 3 
21 11 
22 3 
23 20 21 
24 4 
25 22 23 
26 19 24 
27 3 
28 11 
29 3 
30 28 
31 27 29 
32 30 
33 26 31 
34 3 
35 11 
36 3 
37 35 
38 34 36 
39 37 
40 33 38 
41 1 
42 40 2 
43 1 
44 41 2 
45 1 
47 43 42 
48 44 
50 18 25 32 39 45 
51 45 2 
53 6 39 32 39 46 
54 46 2 
56 6 39 8 9 47 
57 47 2 
60 48 42 
61 49 
63 50 
64 8 9 6 39 32 39 50 
65 50 2 
67 32 39 18 25 51 
68 51 2 
71 52 42 
72 53 
74 54 
75 8 9 6 39 32 39 18 25 54 
76 54 2 
77 4 
78 8 
79 9 
81 2 56 57 58 55 
