1 1 
2 2 1 
3 2 1 
4 2 1 3 
5 2 4 1 
6 2 4 1 5 
7 2 4 5 1 
8 2 1 4 
9 2 1 4 6 
10 2 1 4 6 7 
11 2 1 4 7 6 
12 2 6 1 4 
13 2 6 1 4 8 
14 2 6 1 4 8 9 
15 2 6 1 4 9 8 
16 2 6 1 4 8 
17 2 6 1 4 8 10 
18 2 6 1 4 8 10 11 
19 2 6 1 4 8 10 12 
20 2 6 1 4 13 8 
21 2 6 8 1 4 
22 2 6 8 1 4 14 
23 2 6 8 1 14 
24 2 6 8 1 
25 2 6 8 15 1 
26 2 6 1 8 16 15 
27 2 6 1 8 15 
28 2 6 1 8 17 15 
29 2 6 1 15 8 
30 2 6 8 1 
31 2 6 1 
32 2 6 1 18 
33 2 6 1 18 19 
34 2 6 1 19 18 
35 2 6 1 18 
36 2 6 1 18 20 
37 2 6 1 18 20 21 
38 2 6 1 18 20 22 
39 2 6 1 23 18 
40 2 6 18 1 
41 2 6 18 1 24 
42 2 6 18 1 25 24 
43 2 6 18 1 24 
44 2 6 18 1 
45 2 6 18 26 1 
46 2 6 1 18 27 26 
47 2 6 1 18 26 
48 2 6 1 18 28 26 
49 2 6 1 26 18 
50 2 18 6 1 
51 2 18 6 1 29 
52 2 18 6 1 29 30 
53 2 18 6 1 30 29 
54 2 18 6 29 1 
55 2 18 6 29 1 31 
56 2 18 6 29 1 31 32 
57 2 18 6 29 1 33 31 
58 2 18 6 29 1 31 
59 2 18 6 29 1 
60 2 18 6 29 1 34 
61 2 18 6 29 1 34 35 
62 2 18 6 29 1 36 34 
63 2 18 6 29 1 34 
64 2 18 6 29 1 
65 2 18 6 1 37 29 
66 2 18 6 29 1 
67 2 1 18 6 38 29 
68 2 1 18 6 29 
69 2 1 18 6 29 39 
70 2 1 18 6 29 39 40 
71 2 1 18 6 29 39 41 
72 2 1 18 6 42 29 
73 2 1 29 18 6 
74 2 1 29 6 
75 2 6 1 
76 2 1 
77 
78 
