1 1 
2 2 1 
3 2 3 1 
4 2 4 3 1 
5 2 4 3 5 1 
6 2 4 6 3 5 1 
7 2 7 4 6 3 5 1 
8 2 7 4 6 3 5 1 8 
9 2 7 4 6 3 5 1 9 8 
10 2 7 4 6 3 5 1 9 10 8 
11 2 7 4 6 3 5 1 9 10 8 
12 2 7 4 6 3 10 5 9 8 1 12 
13 2 7 4 6 3 10 5 9 8 1 12 
14 
15 2 7 13 4 6 3 10 5 9 8 1 
16 2 7 13 4 6 3 10 1 5 14 9 8 
17 8 2 7 13 4 6 3 9 10 1 5 15 14 
18 8 2 7 13 16 4 6 3 9 10 1 5 
19 8 2 7 13 16 5 17 4 6 3 9 10 1 
20 8 2 10 18 3 1 4 5 17 7 13 16 9 
21 8 2 10 18 3 1 19 4 5 17 7 13 16 9 
22 8 2 10 18 3 1 19 4 20 5 17 7 13 16 9 
23 8 2 10 18 3 1 19 4 20 5 17 7 13 16 21 9 
24 8 2 9 10 18 3 1 19 4 20 5 17 7 13 16 21 
25 2 10 18 3 1 19 4 20 5 17 7 13 9 16 22 21 8 
26 8 2 10 18 3 1 19 4 20 5 17 7 13 9 21 16 23 22 
27 8 2 10 18 3 1 19 4 20 5 17 7 13 9 21 24 16 
28 8 2 10 18 3 1 19 4 20 5 17 7 13 16 9 21 25 
29 8 2 10 18 3 1 19 4 20 5 17 7 13 16 9 21 
30 8 2 10 18 3 1 19 4 20 5 17 7 13 16 9 21 26 
31 8 2 10 18 3 1 19 4 20 5 17 7 13 16 9 21 26 
32 8 2 10 18 3 1 4 20 5 17 7 13 16 9 21 19 27 
33 8 2 10 18 3 1 4 20 5 17 7 13 16 9 21 19 27 28 
34 8 2 10 18 3 1 4 20 5 17 7 13 16 9 21 19 27 
35 8 2 10 18 3 1 19 4 20 5 17 7 13 16 9 21 
36 8 2 10 18 3 1 19 4 20 5 17 7 13 16 9 21 
37 8 2 10 18 3 1 19 4 20 5 17 7 13 16 9 21 
38 8 2 10 18 3 1 19 4 20 5 17 7 13 16 21 9 
39 8 2 10 18 3 1 19 4 20 5 17 7 13 16 21 9 
40 8 2 9 10 18 3 1 19 4 20 13 5 17 7 29 
41 8 2 9 10 18 3 1 19 4 20 13 5 17 7 
42 8 2 9 10 18 3 1 19 4 20 13 5 17 7 30 
43 8 2 9 10 18 3 1 19 4 20 13 5 17 7 30 
44 8 2 9 10 18 3 1 19 4 20 13 5 17 7 30 
45 8 2 9 10 18 3 1 19 4 20 13 5 31 30 17 7 
46 8 2 9 10 18 3 1 19 4 7 20 13 5 31 32 30 17 
47 8 2 9 10 18 3 1 19 4 7 20 13 5 31 32 30 17 33 
48 8 2 9 10 18 3 17 1 19 4 7 20 13 5 31 32 30 
49 8 2 9 10 18 3 17 1 19 4 7 20 13 5 31 32 
50 8 2 9 10 18 3 17 1 19 4 7 20 13 5 32 31 
51 8 2 9 10 18 3 17 1 19 4 7 20 13 5 32 
52 8 2 9 10 18 3 17 1 19 4 7 20 13 5 
53 8 2 9 10 34 18 3 17 1 19 4 7 20 13 5 
54 8 2 9 10 34 18 3 17 1 19 4 7 20 13 5 
55 8 2 9 10 34 18 3 17 1 19 4 7 20 13 5 
56 8 2 9 10 34 18 3 17 1 19 4 7 20 13 5 
57 8 2 9 10 18 3 17 1 19 4 7 20 13 5 31 32 
58 8 2 9 10 18 3 17 1 19 4 7 20 13 5 32 31 
59 8 2 9 10 18 3 17 1 19 4 7 20 13 5 32 
60 8 2 9 10 18 3 17 1 19 4 7 20 13 5 
61 8 2 9 10 34 18 3 17 1 19 4 7 20 13 5 
62 8 2 9 10 34 18 3 17 1 19 4 7 20 13 5 
63 8 2 9 10 34 18 3 17 1 19 4 7 20 13 5 
64 8 5 2 9 10 34 18 3 17 1 19 4 35 7 20 13 
65 8 5 2 9 10 34 18 3 17 1 13 19 4 35 7 20 36 
66 8 5 2 9 10 34 18 3 17 1 13 19 4 35 7 20 
67 8 5 2 9 10 34 18 3 17 1 37 4 35 7 19 13 
68 8 5 13 2 9 10 34 18 3 17 1 37 38 4 35 7 
69 8 5 13 2 9 10 34 18 3 17 1 37 27 
70 8 5 13 2 9 10 34 18 3 17 1 37 27 
71 8 5 2 9 10 34 18 3 17 1 37 4 35 7 20 13 
72 8 5 13 2 9 10 34 18 3 17 1 37 39 4 35 7 
73 8 5 13 2 9 10 34 18 3 17 1 37 27 
74 8 5 13 2 9 10 34 40 18 3 17 1 27 37 
75 8 5 13 2 9 10 34 40 18 3 17 1 41 
76 8 5 13 2 9 10 34 40 18 3 17 42 1 
77 8 5 13 2 9 10 34 1 40 18 3 17 42 43 
78 8 5 13 2 9 10 34 1 40 18 44 3 17 
79 8 5 13 2 9 10 34 1 40 18 44 3 17 45 
80 8 5 13 2 9 10 34 1 40 18 44 3 
81 8 5 13 2 9 10 34 1 40 18 44 46 3 
82 8 3 5 13 2 9 10 34 1 40 18 44 47 46 
83 8 3 5 13 2 9 10 34 1 46 
84 8 3 5 13 2 9 10 48 34 1 
85 8 3 5 13 2 9 10 48 34 1 
86 8 5 13 2 9 10 34 1 18 40 44 49 3 
87 8 3 5 13 2 9 10 34 1 18 40 50 44 49 
88 8 3 5 13 2 9 10 34 1 49 
89 8 3 5 13 2 9 10 48 34 1 
90 8 3 5 13 2 1 9 10 48 34 51 
91 8 48 3 2 5 13 9 10 1 
92 8 9 10 48 1 3 2 5 13 52 
93 8 9 10 48 1 3 2 5 52 13 
94 8 9 10 48 1 3 2 5 52 13 53 
95 8 9 10 48 1 3 2 5 52 13 
96 48 3 2 8 9 10 5 52 54 1 13 
97 48 3 2 8 9 10 5 52 54 1 55 
98 48 3 2 8 9 10 5 52 54 1 
99 48 3 2 8 9 10 5 52 54 56 1 
100 48 3 2 8 9 10 5 52 54 56 1 
101 48 3 2 8 9 10 5 52 54 56 1 
102 8 9 10 48 1 3 
103 8 9 10 48 1 3 57 
104 8 9 10 48 1 3 
105 8 9 10 48 1 58 
106 58 8 9 10 48 1 
107 
108 
