1 1 
2 1 2 
3 3 1 2 
4 3 1 2 4 
5 3 1 2 5 4 
6 3 6 1 2 5 4 
7 3 6 1 2 7 5 4 
8 3 6 1 2 7 8 5 4 
9 3 6 1 2 9 7 8 5 4 
10 3 6 1 2 10 9 7 8 5 4 
11 3 6 1 2 10 11 9 7 8 5 4 
12 3 6 1 2 10 11 12 9 7 8 5 4 
13 3 6 1 4 2 13 10 11 12 9 7 8 5 
14 3 6 1 4 2 13 10 14 11 12 9 7 8 5 
15 3 6 7 1 8 4 2 15 13 10 14 11 12 9 
16 3 6 7 1 8 4 16 2 15 11 13 10 
17 3 6 7 1 8 4 17 16 2 
18 3 6 7 1 8 18 4 17 16 
19 3 6 7 1 8 18 4 16 17 19 
20 3 6 7 1 8 18 4 16 17 
21 3 6 7 1 8 18 4 17 16 20 
22 3 6 7 1 8 18 4 17 16 
23 3 6 7 1 8 21 18 16 4 17 
24 3 6 7 1 8 21 22 18 16 17 4 
25 3 6 7 1 8 21 22 18 16 17 23 
26 3 6 7 1 8 21 22 18 16 17 23 24 
27 3 6 7 1 8 21 22 18 16 17 
28 3 6 7 1 8 21 18 16 
29 3 6 7 1 8 21 22 18 
30 3 6 7 1 8 21 22 18 25 
31 3 6 7 1 8 21 22 18 
32 3 6 7 1 8 18 21 22 26 
33 3 6 7 1 8 18 
34 3 6 7 1 8 18 
35 3 6 7 1 8 18 21 22 27 
36 3 6 7 1 8 18 
37 3 6 7 1 8 18 
38 3 6 7 1 8 18 
39 3 6 7 1 8 18 
40 3 6 7 1 18 8 28 
41 3 6 7 8 1 18 
42 3 6 7 8 29 1 
43 
44 
