1 1 
2 2 
3 3 
4 4 
5 5 
6 6 
7 7 
8 8 
9 9 
10 10 
11 11 
12 12 
13 13 
14 14 
15 15 
17 16 
18 17 
20 16 
21 17 
22 18 
24 19 
27 20 
28 21 
29 22 
30 23 
31 24 
32 25 
33 26 
34 27 
35 28 
36 29 
37 30 
38 31 
40 32 
41 30 
42 33 
43 34 
45 35 
46 36 
47 29 
48 37 
49 30 
50 38 
51 36 
52 39 
53 40 
54 41 
55 42 
56 43 
58 44 
59 45 
60 46 
61 47 
62 48 
63 49 
64 50 
65 51 
66 52 
68 53 
70 54 
72 55 
73 56 
74 46 
75 47 
76 48 
77 57 
78 58 
79 49 
80 59 
82 53 
84 60 
87 61 
89 62 
91 62 
92 63 
93 64 
94 65 
100 66 
102 66 
108 66 
110 66 
112 67 
114 68 
115 69 
116 70 
117 71 
119 72 
121 72 
124 73 
126 74 
128 75 
129 76 
130 77 
132 78 
134 78 
137 79 
138 80 
140 81 
141 82 
