1 1 
2 2 1 
3 2 1 
4 4 2 1 
5 4 2 1 
6 4 6 2 1 
7 4 7 6 2 1 
8 8 4 7 6 2 1 
9 8 4 7 6 2 1 9 
10 8 4 7 6 2 10 1 9 
11 8 4 7 6 2 10 11 1 9 
12 8 4 7 6 2 10 11 1 9 
13 8 4 7 6 2 10 11 1 9 
14 8 4 7 6 14 2 10 11 1 
15 8 4 7 6 14 15 2 10 11 1 
16 8 4 7 6 10 11 14 16 15 2 
17 15 8 4 7 6 10 11 14 16 2 
18 16 15 2 8 4 7 6 10 11 14 
19 16 15 2 8 4 7 17 6 10 11 14 
20 16 15 2 8 4 7 17 6 18 10 11 14 
21 16 15 2 8 4 7 17 6 18 19 
22 16 15 2 19 20 8 4 7 17 6 18 
23 16 15 2 19 18 20 8 4 7 17 6 21 
24 16 15 2 19 18 20 8 4 7 17 6 22 
25 16 15 2 19 18 20 8 4 7 17 6 23 
26 16 15 2 19 18 20 24 8 4 7 17 6 
27 16 15 2 19 18 20 24 8 4 25 7 17 6 
28 16 15 2 19 18 20 24 26 8 4 25 7 17 
29 16 15 2 19 18 20 24 17 26 8 27 4 25 7 
30 16 15 2 28 19 18 25 7 20 24 17 4 26 8 
31 16 15 2 28 29 19 18 26 8 4 25 7 20 24 17 
32 17 16 15 2 28 29 19 18 26 8 4 25 7 30 20 24 
33 17 16 15 2 28 29 19 18 26 8 4 25 7 24 30 20 31 
34 17 16 15 2 28 29 19 18 26 8 4 25 7 20 24 30 32 
35 17 16 15 2 28 29 19 18 26 8 4 25 7 20 24 30 33 
36 17 16 15 2 28 29 19 18 26 8 34 4 25 7 20 24 
37 17 16 15 2 28 29 19 18 26 8 34 4 25 7 20 35 
38 17 16 15 2 28 29 19 18 36 26 8 34 4 25 7 
39 25 7 17 16 15 2 28 29 37 19 18 36 4 26 8 
40 26 8 4 25 7 17 16 15 2 28 29 37 38 19 18 
41 26 8 4 25 7 17 18 16 15 2 28 29 37 38 39 19 
42 26 8 4 25 7 17 19 18 16 15 2 28 29 37 38 40 39 
43 26 8 4 25 7 17 19 18 16 15 2 28 29 37 38 40 39 41 
44 26 8 4 25 7 17 19 18 16 15 2 28 29 37 38 40 39 41 
45 26 8 4 25 7 17 19 18 16 15 2 28 29 37 38 40 42 
46 26 8 4 25 7 17 19 18 16 15 2 28 29 37 38 40 43 
47 26 8 4 25 7 17 19 18 16 15 2 28 29 37 38 44 
48 26 8 4 25 7 17 19 18 16 15 45 2 28 29 37 38 
49 26 8 4 25 7 17 19 18 16 15 45 2 28 29 37 38 46 
50 37 38 26 8 4 25 7 17 19 18 16 15 45 29 28 46 2 
51 37 38 26 8 4 25 7 17 19 18 16 15 45 29 28 2 
52 37 38 26 8 4 25 7 17 19 18 16 15 45 29 28 47 2 
53 37 38 26 8 4 25 7 17 19 18 16 15 45 29 28 2 
54 37 38 26 8 4 25 7 17 19 18 16 15 45 29 28 2 48 
55 37 38 26 8 4 25 7 17 19 18 16 15 45 29 28 48 2 
56 37 38 26 8 4 25 7 17 19 18 16 15 45 2 29 28 
57 37 38 26 8 4 25 7 17 19 18 16 15 45 49 2 29 
58 37 38 26 8 4 25 7 17 19 18 16 15 45 49 50 2 
59 37 38 26 8 4 25 7 17 19 18 16 15 2 
60 37 38 26 8 4 25 7 17 19 18 16 2 
61 2 37 38 26 8 4 25 7 17 19 18 
62 18 2 37 38 26 8 4 25 7 17 19 51 
63 18 2 37 38 26 8 4 25 7 17 19 52 
64 18 2 37 38 26 8 4 25 7 17 19 53 
65 18 2 37 38 26 8 4 25 7 17 19 54 
66 18 2 37 38 26 8 4 25 7 17 55 19 
67 18 2 37 38 26 8 4 25 7 19 17 56 55 
68 18 2 37 38 26 8 4 25 7 55 19 17 56 57 
69 18 2 37 38 26 8 4 25 7 55 19 17 58 
70 18 2 37 38 26 8 4 25 7 55 19 17 59 
71 18 2 37 38 26 8 4 25 7 55 19 60 17 
72 17 18 2 37 38 26 8 4 25 7 55 19 60 61 
73 17 18 2 37 38 26 8 62 4 25 7 55 19 
74 17 19 18 2 37 38 26 8 62 4 25 7 63 55 
75 17 19 18 2 37 38 26 8 62 4 25 7 63 64 
76 17 19 18 2 37 38 26 8 62 4 25 7 65 
77 17 19 18 2 37 38 66 26 8 62 4 25 7 
78 25 7 17 19 18 2 67 37 38 66 4 26 8 
79 26 8 4 25 7 17 19 18 2 67 68 37 38 
80 26 8 4 25 7 17 19 18 2 67 68 37 38 69 
81 37 38 26 8 4 25 7 17 19 18 69 2 
82 2 37 38 26 8 4 25 7 17 19 18 
83 2 37 38 26 8 4 25 7 17 19 70 
84 2 37 38 26 8 4 25 7 17 19 71 
85 2 37 38 26 8 4 25 7 17 19 72 
86 2 37 38 26 8 4 25 7 17 19 73 
87 2 37 38 26 8 4 25 7 17 74 19 
88 2 37 38 26 8 4 25 7 19 17 75 74 
89 2 37 38 26 8 4 25 7 74 19 17 75 76 
90 2 37 38 26 8 4 25 7 74 19 17 77 
91 2 37 38 26 8 4 25 7 74 19 17 78 
92 2 37 38 26 8 4 25 7 74 19 79 17 
93 2 37 38 26 8 4 25 7 74 19 79 80 
94 2 37 38 26 8 81 4 25 7 74 19 
95 2 37 38 26 8 81 4 25 7 82 74 
96 2 37 38 26 8 81 4 25 7 82 83 
97 2 37 38 26 8 81 4 25 7 84 
98 2 37 38 85 26 8 81 4 25 7 
99 2 86 37 38 85 4 26 8 
100 2 86 87 37 38 
101 2 86 87 37 38 88 
102 88 2 
103 
104 
