1 1 
2 2 
3 3 
4 4 
5 5 
7 6 
8 7 
9 8 
10 9 
12 10 
13 11 
18 12 
19 13 
21 14 
22 15 
23 8 
24 16 
26 17 
27 11 
32 18 
33 19 
36 20 
37 21 
40 22 
41 23 
44 24 
45 25 
46 8 
47 26 
49 27 
50 28 
54 29 
57 30 
58 31 
60 32 
63 33 
64 34 
66 35 
67 36 
69 37 
70 38 
71 8 
72 39 
74 40 
75 41 
80 42 
81 43 
82 44 
84 45 
85 46 
86 47 
88 48 
89 49 
90 50 
92 51 
93 52 
94 53 
96 54 
97 55 
99 56 
101 57 
102 58 
103 59 
105 60 
107 61 
108 62 
109 63 
111 64 
113 65 
114 66 
115 67 
117 68 
118 69 
119 70 
121 71 
122 72 
123 73 
