1 1 
2 1 2 
3 3 1 2 
4 3 1 2 
5 3 5 1 
6 1 3 5 6 
7 1 3 7 
8 1 3 7 8 
9 1 3 7 
10 1 3 7 
11 1 9 3 7 
12 1 9 3 7 
13 1 9 3 7 
14 1 9 3 7 10 
15 1 10 9 3 7 11 
16 1 10 9 3 7 
17 1 10 9 3 7 12 
18 12 1 10 9 3 7 13 
19 12 1 10 9 3 7 
20 12 1 10 9 3 7 14 
21 14 12 1 10 9 3 7 15 
22 14 12 1 10 9 3 7 
23 14 12 1 10 9 3 16 
24 17 14 12 1 10 9 3 
25 17 3 14 12 1 10 
26 17 3 14 12 10 1 18 
27 17 3 14 12 10 1 
28 17 3 14 1 12 10 19 
29 17 3 14 1 12 10 
30 17 14 12 1 3 10 20 
31 17 14 12 1 21 3 
32 17 3 14 12 22 1 
33 17 3 14 1 12 23 22 
34 17 3 14 1 12 
35 17 3 14 12 1 24 
36 17 3 14 12 1 
37 17 3 14 1 12 25 
38 17 3 14 1 12 
39 17 14 1 3 12 26 
40 17 14 1 27 3 
41 17 3 14 28 1 
42 17 3 14 1 29 28 
43 17 3 14 1 
44 17 1 3 14 30 
45 17 1 31 3 
46 3 17 32 1 
47 3 17 1 33 32 
48 3 17 1 
49 1 3 17 34 
50 1 35 3 
51 3 36 1 
52 3 37 36 
53 3 
54 
