1 2 
2 3 
3 4 
4 5 
5 6 
6 7 
7 8 
8 9 
9 10 
10 11 
11 12 
12 13 
13 14 
14 15 
15 16 
16 17 
17 18 
18 19 
19 20 95 
20 21 
21 22 93 
22 23 
23 24 
24 25 
25 26 27 
26 91 
27 28 
28 29 
29 30 
30 31 91 
31 32 
32 33 
33 34 38 
34 35 
35 36 
36 37 
37 44 
38 39 
39 40 
40 41 44 
41 42 
42 43 
43 44 
44 45 
45 46 
46 47 51 
47 48 
48 49 
49 50 
50 57 
51 52 
52 53 
53 54 57 
54 55 
55 56 
56 57 
57 58 
58 59 91 
59 60 
60 61 
61 62 67 
62 63 
63 64 
64 65 
65 66 
66 75 
67 68 
68 69 
69 70 
70 71 75 
71 72 
72 73 
73 74 
74 75 
75 76 
76 77 
77 78 83 
78 79 
79 80 
80 81 
81 82 
82 91 
83 84 
84 85 
85 86 
86 87 91 
87 88 
88 89 
89 90 
90 91 
91 92 
92 21 
93 94 
94 19 
95 
