1 1 
2 2 1 
3 2 3 1 
4 2 3 1 4 
5 2 3 1 4 
6 2 3 5 4 1 
7 2 3 5 4 6 1 
8 2 1 3 5 4 6 7 
9 2 1 3 5 4 7 6 
10 2 1 3 5 4 7 6 8 
11 2 6 1 3 5 4 7 
12 2 6 1 3 5 7 9 4 
13 2 6 1 3 5 4 7 
14 2 6 1 3 5 10 4 
15 2 6 1 3 5 
16 2 6 1 3 5 
17 2 1 3 5 4 7 6 11 
18 2 6 1 3 5 4 7 
19 2 6 1 3 5 7 12 4 
20 2 6 1 3 5 4 7 
21 2 6 1 3 5 13 4 
22 2 6 1 3 5 
23 2 6 1 3 5 
24 2 3 4 5 14 6 1 
25 2 1 3 4 5 14 15 6 
26 6 2 1 3 16 4 5 14 
27 6 2 1 3 16 4 14 5 
28 2 6 1 3 5 
29 2 6 1 3 5 
30 2 6 1 3 5 16 4 17 
31 2 6 1 3 5 16 4 
32 6 2 1 3 16 4 18 
33 2 6 1 3 5 
34 5 2 6 19 1 
35 5 2 6 19 1 20 
36 5 2 6 19 1 21 
37 5 2 22 6 19 1 21 
38 5 2 22 6 19 1 23 21 
39 5 2 22 6 19 1 21 23 
40 5 2 6 19 1 21 22 23 24 
41 5 2 6 19 1 21 23 22 25 
42 5 2 6 19 1 21 23 22 26 
43 5 2 6 19 1 21 23 22 27 
44 5 2 22 6 19 1 21 23 
45 5 2 22 6 19 1 23 21 
46 5 2 22 6 19 1 23 21 
47 5 2 22 21 6 19 1 28 
48 5 2 22 21 1 6 19 
49 5 2 29 22 21 1 6 19 
50 5 2 29 30 22 21 1 19 6 
51 5 2 29 30 22 21 1 19 31 6 
52 5 2 29 30 22 21 1 19 31 6 32 
53 5 2 29 30 22 6 21 1 19 31 
54 5 2 29 30 19 22 6 33 21 1 
55 5 2 29 30 19 22 6 1 33 34 21 
56 5 2 29 30 19 22 6 1 21 33 34 35 
57 5 2 29 30 19 22 6 1 21 33 34 36 
58 5 2 29 30 19 22 6 1 21 33 37 
59 5 2 29 30 19 22 31 6 1 21 
60 5 2 29 30 19 22 31 6 1 21 
61 5 2 29 30 19 22 31 1 21 6 38 
62 5 2 29 30 19 22 31 6 1 21 
63 5 2 29 30 19 22 6 39 21 1 
64 5 2 29 30 19 22 6 1 39 40 21 
65 5 2 29 30 19 22 6 1 21 39 40 41 
66 5 2 29 30 19 22 6 1 21 39 40 42 
67 5 2 29 30 19 22 6 1 21 39 43 
68 5 2 29 30 19 22 31 6 1 21 
69 5 2 29 30 19 22 31 6 1 23 21 
70 5 21 2 29 30 19 22 31 6 23 1 
71 21 5 2 29 30 19 1 22 31 6 23 44 
72 21 5 2 23 29 30 19 1 22 31 6 45 
73 21 5 2 23 29 30 19 1 22 31 46 6 
74 21 5 2 23 29 30 19 1 22 31 46 6 47 
75 6 21 5 2 23 29 30 19 1 22 31 46 
76 6 21 5 2 46 23 29 30 19 1 22 31 48 
77 6 21 5 2 46 23 29 30 19 1 22 31 49 
78 31 6 21 5 2 46 23 29 30 19 1 50 22 
79 22 31 6 21 5 2 46 23 29 30 19 1 50 51 
80 22 31 6 21 5 2 46 23 29 30 52 19 1 
81 22 31 6 21 5 2 46 1 53 23 29 30 52 19 
82 22 31 6 21 5 2 46 1 53 23 29 30 52 54 19 
83 19 22 31 6 21 5 2 46 1 53 23 29 30 52 55 54 
84 30 19 22 31 6 21 5 2 46 1 29 52 53 23 54 
85 30 19 22 31 6 21 5 2 46 23 1 29 52 
86 30 19 22 31 6 21 5 2 46 23 56 1 
87 30 19 22 31 6 21 5 2 46 23 1 56 57 
88 29 30 19 22 31 6 21 5 2 46 23 1 
89 29 30 19 22 31 6 21 5 2 46 23 1 
90 21 5 2 46 23 1 29 30 19 22 31 6 58 
91 29 30 19 22 31 6 21 5 2 46 23 1 
92 6 21 5 2 46 23 29 30 19 1 22 31 59 
93 6 21 5 2 46 23 29 30 19 1 22 31 60 
94 31 6 21 5 2 46 23 29 30 19 1 61 22 
95 22 31 6 21 5 2 46 23 29 30 19 1 61 62 
96 22 31 6 21 5 2 46 23 29 30 52 19 1 
97 22 31 6 21 5 2 46 1 63 23 29 30 52 19 
98 22 31 6 21 5 2 46 1 63 23 29 30 52 64 19 
99 19 22 31 6 21 5 2 46 1 63 23 29 30 65 52 64 
100 29 19 22 31 6 21 5 2 46 1 30 52 63 23 64 
101 29 19 22 31 6 21 5 2 46 23 1 30 52 
102 29 19 22 31 6 21 5 2 46 23 66 1 
103 29 19 22 31 6 21 5 2 46 23 1 66 67 
104 29 30 19 22 31 6 21 5 2 46 23 1 
105 29 30 19 22 31 6 1 21 5 2 46 68 23 
106 29 30 19 22 31 6 1 21 23 5 2 69 46 
107 2 29 30 19 22 31 6 1 21 23 70 5 
108 5 2 29 30 19 22 31 6 1 21 23 
109 5 2 29 30 19 22 31 6 1 23 21 
110 5 2 29 30 19 22 31 6 1 23 21 
111 
