1 1 
2 2 1 
3 3 2 1 
4 3 4 2 1 
5 5 3 4 2 1 
6 1 5 6 3 4 2 
7 1 7 5 6 3 4 2 
8 1 7 8 5 6 3 4 2 
9 1 7 8 9 5 6 3 4 2 
10 1 7 8 10 9 5 6 3 4 2 
11 1 7 8 10 9 4 3 11 5 6 2 
12 1 2 7 8 10 9 6 4 5 3 11 12 
13 1 2 7 8 10 9 6 4 5 3 11 12 13 
14 1 2 7 8 10 9 6 4 5 3 11 12 
15 1 12 2 7 8 10 9 11 6 4 5 3 14 
16 1 12 2 7 8 10 9 11 6 4 5 3 
17 
18 5 1 12 2 7 3 8 10 9 15 11 6 4 
19 5 6 1 12 2 4 16 7 3 8 10 9 15 11 
20 5 6 1 12 2 4 16 7 3 8 10 9 15 11 
21 5 6 1 12 2 4 16 7 3 8 10 9 11 15 17 
22 5 6 1 12 2 4 16 7 3 8 10 9 11 15 
23 5 6 1 12 2 4 15 16 7 3 8 10 9 11 18 
24 1 8 10 9 6 5 12 2 4 15 16 7 3 11 
25 1 8 10 9 6 5 12 2 7 4 15 19 16 
26 1 8 10 9 6 5 12 2 7 4 20 15 
27 1 8 10 9 6 5 12 2 7 4 21 
28 1 8 10 9 6 5 12 4 2 7 
29 1 7 8 10 9 6 5 12 3 4 2 
30 1 7 8 10 9 6 5 12 3 4 2 
31 1 7 10 9 6 5 12 2 4 16 8 3 11 15 22 
32 1 7 10 9 6 5 12 2 4 16 8 3 11 15 
33 1 7 10 9 6 5 12 2 4 15 16 8 3 11 23 
34 1 7 10 9 6 5 12 2 4 15 16 8 3 11 
35 1 7 10 9 6 5 12 2 8 4 15 24 16 
36 1 7 10 9 6 5 12 2 8 4 25 15 
37 1 7 10 9 6 5 12 2 8 4 26 
38 1 7 10 9 6 5 12 4 2 8 
39 1 7 8 10 9 6 5 12 3 4 2 
40 1 7 8 10 9 6 5 12 3 4 2 
41 1 7 8 9 6 5 12 2 3 15 10 4 11 16 27 
42 1 7 8 9 6 5 12 2 3 15 10 4 11 16 
43 1 7 8 9 6 5 12 2 3 16 15 10 4 11 28 
44 1 7 8 9 6 5 12 2 3 16 15 10 4 11 
45 1 7 8 9 6 5 12 2 10 3 16 29 15 
46 1 7 8 9 6 5 12 2 10 3 30 16 
47 1 7 8 9 6 5 12 2 10 3 31 
48 1 7 8 9 6 5 12 3 2 10 
49 1 7 8 10 9 6 5 12 3 4 2 
50 1 7 8 10 9 6 5 12 3 4 2 
51 1 7 8 10 9 6 5 12 3 4 2 15 16 32 
52 1 7 8 10 9 6 5 12 3 4 2 15 16 
53 1 7 8 10 9 6 5 12 3 4 2 16 15 33 
54 1 7 8 10 9 6 5 12 3 4 2 16 15 
55 1 7 8 10 6 5 12 2 9 3 16 34 15 
56 1 7 8 10 6 5 12 2 9 3 35 16 
57 1 7 8 10 6 5 12 2 9 3 36 
58 1 7 8 10 6 5 12 3 2 9 
59 1 7 8 10 9 6 5 12 3 4 2 
60 1 2 7 8 10 9 6 4 5 3 11 12 
61 1 2 7 8 10 9 6 4 5 3 11 12 
62 1 2 7 8 10 9 6 4 5 3 11 12 16 15 
63 3 4 1 11 2 6 16 7 5 8 10 9 12 15 37 
64 3 4 1 11 2 6 16 7 5 8 10 9 12 15 
65 3 4 1 11 2 6 15 16 7 5 8 10 9 12 38 
66 1 8 10 9 4 3 11 2 6 15 16 7 5 12 
67 1 8 10 9 4 3 11 2 7 6 15 39 16 
68 1 8 10 9 4 3 11 2 7 6 40 15 
69 1 8 10 9 4 3 11 2 7 6 41 
70 1 8 10 9 4 3 11 6 2 7 
71 1 7 8 10 9 4 3 11 5 6 2 
72 1 7 8 10 9 4 3 11 5 6 2 
73 1 7 10 9 4 3 11 2 6 16 8 5 12 15 42 
74 1 7 10 9 4 3 11 2 6 16 8 5 12 15 
75 1 7 10 9 4 3 11 2 6 15 16 8 5 12 43 
76 1 7 10 9 4 3 11 2 6 15 16 8 5 12 
77 1 7 10 9 4 3 11 2 8 6 15 44 16 
78 1 7 10 9 4 3 11 2 8 6 45 15 
79 1 7 10 9 4 3 11 2 8 6 46 
80 1 7 10 9 4 3 11 6 2 8 
81 1 7 8 10 9 4 3 11 5 6 2 
82 1 7 8 10 9 4 3 11 5 6 2 
83 1 7 8 9 4 3 11 2 5 15 10 6 12 16 47 
84 1 7 8 9 4 3 11 2 5 15 10 6 12 16 
85 1 7 8 9 4 3 11 2 5 16 15 10 6 12 48 
86 1 7 8 9 4 3 11 2 5 16 15 10 6 12 
87 1 7 8 9 4 3 11 2 10 5 16 49 15 
88 1 7 8 9 4 3 11 2 10 5 50 16 
89 1 7 8 9 4 3 11 2 10 5 51 
90 1 7 8 9 4 3 11 5 2 10 
91 1 7 8 10 9 4 3 11 5 6 2 
92 1 7 8 10 9 4 3 11 5 6 2 
93 1 7 8 10 9 4 3 11 5 6 2 15 16 52 
94 1 7 8 10 9 4 3 11 5 6 2 15 16 
95 1 7 8 10 9 4 3 11 5 6 2 16 15 53 
96 1 7 8 10 9 4 3 11 5 6 2 16 15 
97 1 7 8 10 4 3 11 2 9 5 16 54 15 
98 1 7 8 10 4 3 11 2 9 5 55 16 
99 1 7 8 10 4 3 11 2 9 5 56 
100 1 7 8 10 4 3 11 5 2 9 
101 1 7 8 10 9 4 3 11 5 6 2 
102 1 2 7 8 10 9 6 4 5 3 11 12 
103 1 2 7 8 10 9 6 4 5 3 11 12 
104 
105 
