1 1 
2 2 1 
3 3 2 1 
4 4 3 2 1 
5 4 3 5 2 1 
6 4 3 5 2 1 
7 4 3 5 2 1 6 
8 4 3 5 2 1 6 
9 4 3 5 2 1 
10 4 3 5 2 1 7 
11 4 3 5 2 1 7 
12 4 3 5 2 1 7 
13 4 3 5 2 1 7 
14 4 3 5 2 1 7 
15 4 3 5 2 1 
16 4 3 5 2 1 
17 4 3 5 2 1 
18 4 3 5 2 1 8 
19 4 3 5 2 1 
20 4 3 5 2 1 9 
21 4 3 5 2 1 
22 4 3 5 2 1 10 
23 4 3 5 2 1 
24 4 3 5 2 1 
25 4 3 5 2 1 11 
26 4 3 5 2 1 
27 4 3 5 2 1 12 
28 4 3 5 2 1 12 
29 4 3 5 2 1 
30 4 3 5 2 1 13 
31 4 3 5 2 1 13 
32 4 3 5 2 1 
33 4 3 5 2 1 14 
34 4 3 5 2 1 14 
35 4 3 5 2 1 
36 4 3 5 2 1 15 
37 4 3 5 2 1 15 
38 4 3 5 2 1 
39 4 3 5 2 1 16 
40 4 3 5 2 1 16 
41 4 3 5 2 1 
42 4 3 5 2 1 17 
43 4 3 5 2 1 17 
44 4 3 5 2 1 
45 4 3 5 2 1 18 
46 4 3 5 2 1 18 
47 4 3 5 2 1 
48 4 3 5 2 1 19 
49 4 3 5 2 1 19 
50 4 3 5 2 1 
51 4 3 5 2 1 20 
52 4 3 5 2 1 20 
53 4 3 5 2 1 
54 4 3 5 2 1 21 
55 4 3 5 2 1 21 
56 4 3 5 2 1 
57 4 3 5 2 1 22 
58 4 3 5 2 1 22 
59 4 3 5 2 1 
60 4 3 5 2 1 23 
61 4 3 5 2 1 23 
62 4 3 5 2 1 
63 4 3 5 2 1 24 
64 4 3 5 2 1 24 
65 4 1 3 5 2 
66 4 1 3 5 2 
67 4 3 5 2 1 
68 4 1 3 5 2 25 
69 4 1 3 5 26 2 25 
70 4 1 3 5 
71 4 1 3 5 
72 4 3 1 5 
73 4 3 5 1 
74 4 1 3 5 27 
75 4 1 3 28 5 27 
76 4 1 3 
77 4 1 3 
78 4 1 3 
79 4 3 1 
80 4 1 3 29 
81 4 1 30 3 29 
82 4 1 
83 4 1 
84 1 4 31 
85 1 4 32 31 
86 1 4 32 33 31 
87 1 4 
88 1 4 
89 1 4 
90 4 1 
91 1 4 34 
92 1 35 4 34 
93 1 
94 1 
95 1 36 
96 1 37 36 
97 1 37 38 36 
98 1 
99 1 
100 1 
101 1 
102 1 39 
103 1 
104 1 40 
105 1 
106 1 
107 1 41 
108 1 
109 1 42 
110 1 
111 1 
112 1 43 
113 1 
114 1 44 
115 1 44 
116 1 
117 1 
118 1 45 
119 1 
120 1 46 
121 1 
122 1 
123 1 47 
124 1 
125 1 48 
126 1 
127 1 
128 1 49 
129 1 
130 1 50 
131 1 50 
132 1 
133 1 
134 1 
135 1 51 
136 1 
137 1 52 
138 1 
139 1 
140 1 
141 1 53 
142 1 
143 1 54 
144 1 
145 
146 
