1 1 
2 2 1 
3 2 3 1 
4 4 2 3 1 
5 4 2 3 1 5 
6 4 2 3 1 
7 
8 4 2 6 1 
9 2 6 4 1 
10 2 6 1 4 7 
11 2 6 1 4 8 
12 2 6 1 4 
13 
14 9 2 6 1 4 
15 9 2 6 1 4 10 
16 9 2 6 1 4 
17 9 2 6 1 11 
18 9 2 6 1 12 
19 9 2 6 1 
20 2 6 13 1 
21 2 6 14 13 1 
22 2 6 1 14 15 13 
23 2 6 1 13 
24 9 2 6 1 
25 9 2 6 1 
26 9 2 6 1 16 
27 9 2 6 1 
28 9 1 6 17 2 
29 9 1 6 2 
30 9 2 6 1 
31 9 2 6 1 
32 9 2 6 1 18 
33 9 2 6 1 18 19 
34 9 2 6 1 18 
35 9 2 6 1 18 20 
36 9 2 6 1 18 
37 9 
38 9 
39 9 2 6 1 18 21 
40 9 2 6 1 18 
41 9 2 6 1 18 22 
42 9 2 6 1 
43 9 
44 9 23 
45 23 9 
46 23 9 
47 23 9 24 
48 23 9 24 
49 24 23 
50 23 
51 
