1 1 
2 1 2 
3 2 1 
4 
5 1 2 
6 
7 1 2 3 
8 1 2 
9 
10 4 1 
11 1 5 4 
12 4 1 6 5 
13 4 1 7 
14 4 1 
15 
16 1 8 4 
17 4 1 9 8 
18 4 1 10 
19 4 1 
20 
21 1 11 4 
22 4 1 11 12 
23 11 4 1 
24 
25 1 11 13 4 
26 4 1 11 13 14 
27 4 1 13 11 
28 
29 4 1 13 15 11 
30 4 15 1 11 13 
31 4 15 1 11 16 13 
32 11 13 4 15 16 1 
33 1 11 13 17 15 16 4 
34 4 15 1 11 13 16 18 17 
35 4 15 1 11 13 16 18 17 
36 4 15 1 11 13 16 
37 
38 4 15 1 11 13 16 19 
39 4 15 1 11 13 16 
40 
41 4 15 1 11 16 13 
42 4 15 1 11 16 13 
43 4 1 13 15 11 
44 4 1 13 15 11 
45 
