1 1 
2 1 2 
3 1 3 2 
4 1 3 4 2 
5 1 3 4 2 5 
6 1 3 4 2 
7 6 
8 6 
9 
10 2 1 3 4 
11 2 1 3 4 7 
12 2 1 8 3 4 7 
13 2 1 8 3 4 7 9 
14 2 1 8 3 4 9 7 
15 2 7 1 8 10 3 4 
16 2 7 1 8 10 3 4 11 
17 2 7 1 4 3 8 10 11 
18 2 7 1 4 3 8 10 12 11 
19 2 7 1 4 3 8 12 10 
20 8 2 7 1 4 3 13 
21 8 2 7 1 4 3 13 14 
22 8 2 7 1 4 3 13 15 14 
23 8 2 7 1 4 3 13 16 
24 8 2 7 1 4 3 13 17 16 
25 8 2 7 1 4 3 18 
26 8 2 7 1 4 3 19 
27 8 2 7 1 4 3 20 19 
28 8 2 7 1 4 3 20 21 19 
29 8 2 7 19 1 4 3 
30 8 2 7 19 1 22 4 3 
31 8 2 7 19 1 23 22 4 
32 8 2 7 19 1 23 24 22 
33 8 2 7 19 22 1 
34 8 2 7 19 22 25 
35 8 2 7 
36 8 2 7 26 
37 8 2 26 7 
38 8 27 2 
39 8 27 28 2 
40 8 28 27 
41 
42 
43 29 
44 29 30 
45 30 
46 
47 31 
48 31 32 
49 32 
50 
51 33 
52 33 34 
53 34 
54 
55 35 
56 35 36 
57 36 
58 
59 37 
60 37 38 
61 38 
62 
63 39 
64 39 40 
65 40 
66 
67 41 
68 41 42 
69 42 
70 
71 
