1 1 
2 1 2 
3 3 1 2 
4 3 1 2 
5 3 1 4 
6 3 1 5 
7 5 3 1 6 
8 5 3 7 1 
9 5 3 7 1 8 
10 5 3 7 1 
11 3 5 1 
12 3 5 1 
13 1 5 3 7 9 
14 1 5 3 10 
15 1 5 3 
16 1 5 11 
17 1 5 11 
18 1 5 11 
19 1 11 5 
20 1 11 12 
21 1 11 13 
22 1 14 11 
23 1 11 
24 11 1 
25 11 15 
26 16 11 
27 11 
28 11 
29 17 11 
30 18 17 
31 17 
32 
33 3 5 1 19 
34 3 5 1 
35 3 1 5 20 
36 3 5 1 
37 3 5 1 
38 3 5 1 21 
39 3 5 22 1 
40 3 1 23 5 
41 3 5 1 23 24 
42 3 5 1 25 
43 3 5 1 
44 3 1 5 26 
45 3 5 1 
46 3 5 1 
47 3 1 27 5 
48 5 3 1 28 
49 5 3 28 1 
50 3 1 5 29 28 
51 3 1 5 29 30 
52 3 1 31 5 29 
53 3 5 1 
54 3 5 1 
55 5 32 
56 5 32 
57 5 32 
58 32 5 
59 32 33 
60 34 32 
61 32 
62 32 
63 32 
64 32 
65 35 32 
66 36 35 
67 35 
68 
69 3 1 
70 3 37 1 
71 3 1 37 38 
72 3 1 
73 3 1 39 
74 3 1 40 
75 3 41 1 
76 3 1 
77 1 3 
78 1 
79 
80 
