1 1 
2 1 2 
3 2 1 
4 2 1 3 
5 3 2 1 
6 4 3 2 1 
7 4 3 1 2 
8 4 3 1 5 2 
9 4 2 3 1 5 6 
10 4 2 3 1 5 
11 4 2 5 1 7 3 
12 4 3 2 5 7 1 
13 4 3 1 2 5 7 8 
14 4 3 1 2 5 7 9 
15 4 3 1 2 5 7 
16 4 3 2 5 1 7 10 
17 4 3 2 5 7 1 
18 4 3 1 2 5 7 11 
19 4 3 1 2 5 7 12 
20 4 3 1 2 5 7 13 12 
21 4 3 1 2 5 12 7 13 
22 4 3 1 5 12 7 2 13 14 
23 4 3 1 5 12 13 7 2 15 
24 4 3 1 5 12 13 7 2 16 
25 4 3 1 2 5 12 13 7 16 17 
26 4 3 1 2 5 7 12 13 16 
27 4 3 1 2 5 7 12 13 
28 4 3 1 2 5 7 13 12 
29 4 3 1 2 5 7 13 12 
30 4 3 1 5 2 
31 4 3 1 5 2 
32 1 4 2 3 18 
33 1 4 2 3 19 
34 1 4 2 3 19 20 
35 1 4 2 3 19 
36 1 4 19 2 3 21 
37 1 4 19 2 7 3 
38 1 4 2 3 19 7 22 
39 1 4 2 3 19 7 
40 1 4 2 3 19 
41 1 4 2 3 19 
42 
43 
