1 1 
2 2 
3 3 
4 4 
5 5 
6 6 
7 7 
8 8 
9 9 
10 10 
11 11 
12 12 
13 13 
15 14 
16 13 
17 15 
18 16 
19 17 
20 18 
21 19 
22 20 
23 21 
24 22 
25 23 
26 24 
27 25 
28 26 
29 27 
30 28 
31 29 
32 30 
33 31 
34 32 
35 33 
37 34 
38 33 
39 35 
40 36 
41 37 
42 38 
43 39 
44 40 
45 41 
46 42 
47 43 
49 44 
50 45 
51 46 
52 47 
53 39 
54 48 
56 40 
58 49 
60 40 
62 40 
63 50 
65 51 
67 52 
70 53 
71 54 
72 55 
73 56 
74 57 
77 58 
80 59 
81 60 
82 61 
83 62 
84 63 
87 64 
89 65 
90 66 
91 67 
92 68 
94 69 
96 70 
97 71 
98 72 
99 73 
101 69 
102 74 
104 75 
107 76 
109 77 
112 78 
114 79 
115 80 
116 81 
117 82 
118 83 
122 84 
123 85 
124 86 
125 87 
127 88 
128 89 
129 90 
131 91 
132 92 
133 93 
134 94 
135 95 
140 96 
