1 1 
2 2 1 
3 3 2 1 
4 3 1 2 4 
5 3 1 2 5 
6 3 1 2 5 6 
7 3 1 2 5 
8 3 5 1 2 7 
9 3 5 1 2 8 
10 3 5 1 2 8 9 
11 3 1 2 5 9 8 
12 5 3 10 1 2 8 9 
13 5 3 10 1 2 11 8 
14 5 3 12 10 1 2 
15 2 5 3 12 10 1 
16 2 5 3 13 12 10 1 
17 2 5 3 13 12 1 14 
18 2 5 3 15 13 12 1 
19 1 2 5 3 15 13 16 
20 1 2 5 3 15 17 13 
21 1 2 5 3 13 
22 1 2 5 3 18 
23 1 2 5 3 18 
24 2 5 3 19 12 10 1 
25 2 5 3 19 12 1 20 10 
26 2 5 3 19 12 1 21 
27 2 5 3 22 19 12 1 
28 1 2 5 3 22 19 23 12 
29 1 2 5 3 22 19 24 
30 1 2 5 3 22 25 19 
31 1 2 5 3 19 
32 1 2 5 3 18 
33 3 1 2 5 
34 3 1 2 5 
35 
