1 1 
2 1 2 
3 3 1 2 
4 4 3 1 
5 4 3 5 1 
6 4 3 5 6 1 
7 4 1 3 5 6 7 
8 4 1 3 5 6 8 
9 4 1 3 5 6 
10 4 3 1 6 5 9 
11 4 3 1 6 5 10 
12 4 3 5 1 6 
13 4 3 5 6 1 
14 4 3 5 6 1 
15 11 4 1 
16 11 4 1 12 
17 11 4 1 13 
18 11 4 1 
19 4 1 11 14 
20 4 1 11 15 
21 4 1 11 16 
22 4 1 11 17 
23 11 4 1 
24 11 4 6 1 
25 11 4 1 6 18 
26 11 4 1 6 19 
27 11 4 6 1 
28 1 6 11 4 20 
29 1 6 11 20 4 21 
30 1 6 11 20 4 22 
31 1 6 11 4 20 
32 1 6 11 4 20 
33 1 6 11 4 23 
34 1 6 11 4 24 
35 1 6 25 11 
36 11 4 1 6 
37 11 4 6 1 
38 11 4 6 1 
39 
