1 1 
2 2 1 
3 2 3 1 
4 2 1 3 4 
5 2 1 3 4 5 
6 2 1 3 4 
7 2 1 3 4 6 
8 2 1 3 4 
9 7 2 1 
10 7 1 8 2 
11 7 2 1 
12 9 7 2 1 
13 9 10 7 2 1 
14 9 10 11 7 2 1 
15 1 9 10 11 7 12 2 
16 1 9 10 11 7 12 2 13 
17 2 1 9 10 11 7 12 13 
18 7 2 1 14 
19 7 2 1 
20 7 2 15 1 
21 7 2 1 16 15 
22 7 2 1 
23 7 1 2 17 
24 18 7 1 
25 18 7 19 
26 18 7 
27 20 18 7 
28 21 20 18 
29 21 22 20 
30 20 
31 
32 
33 2 1 4 23 
34 2 1 4 
35 2 1 4 24 
36 2 1 
37 1 25 2 
38 2 1 
39 26 2 1 
40 26 27 2 1 
41 26 27 28 2 1 
42 1 26 27 28 29 2 
43 1 26 27 28 29 2 30 
44 2 1 26 27 28 29 30 
45 2 1 31 
46 2 1 
47 2 32 1 
48 2 1 33 32 
49 2 1 
50 1 2 34 
51 18 1 
52 18 35 
53 18 
54 36 18 
55 37 36 
56 37 38 36 
57 36 
58 
59 39 18 
60 40 39 18 
61 40 41 39 
62 39 
63 
64 42 
65 42 
66 
