1 1 
2 1 2 
3 2 1 
4 2 1 3 
5 2 1 
6 
7 2 4 1 
8 2 1 4 5 
9 2 1 4 5 6 
10 2 1 4 
11 2 1 7 
12 2 1 4 
13 2 1 4 
14 2 1 4 8 
15 2 1 4 8 9 
16 2 1 4 
17 2 1 10 
18 2 1 4 
19 2 1 4 
20 
21 2 11 1 4 
22 2 11 12 1 
23 2 13 11 1 12 
24 2 13 11 1 12 14 
25 2 13 11 1 12 
26 12 2 13 11 1 15 
27 12 2 13 11 1 16 
28 12 2 16 17 13 11 1 
29 12 2 16 17 13 18 11 1 
30 12 2 16 17 13 18 19 11 1 
31 12 2 11 16 1 17 13 18 20 19 
32 12 2 11 16 1 17 13 18 20 19 21 
33 13 12 2 11 16 21 1 
34 13 1 12 2 11 16 22 21 
35 13 1 12 2 11 16 21 
36 13 1 12 2 11 21 
37 13 1 12 11 21 2 
38 2 13 1 12 11 
39 2 13 11 1 12 
40 2 13 11 1 12 
41 
