1 1 
2 2 1 
3 2 3 1 
4 1 2 4 
5 1 2 5 4 
6 1 6 2 4 5 
7 1 7 6 2 4 5 
8 1 7 6 2 4 5 8 
9 1 7 6 2 4 5 
10 1 7 6 9 
11 1 7 6 
12 10 1 
13 11 10 1 
14 1 11 12 10 
15 1 10 
16 1 7 
17 1 7 
18 1 7 6 13 
19 1 7 6 
20 14 
21 14 
22 
23 1 7 6 15 
24 1 7 
25 16 
26 16 
27 
28 1 7 2 4 6 5 17 
29 1 7 2 4 6 5 
30 1 7 2 4 6 18 
31 1 7 2 4 6 
32 19 
33 19 
34 
35 1 7 2 4 6 20 
36 1 7 6 2 4 
37 2 21 1 4 
38 2 21 22 1 
39 1 7 
40 1 7 
41 1 7 6 23 
42 1 7 
43 24 
44 24 
45 
46 1 7 6 5 25 
47 1 7 6 
48 1 7 6 26 
49 1 7 6 
50 27 
51 27 
52 
53 1 7 6 28 
54 1 7 6 
55 29 
56 29 
57 
58 1 7 6 30 
59 1 7 
60 31 
61 31 
62 
63 1 7 32 
64 1 7 
65 1 7 
66 33 
67 33 
68 
69 34 1 7 
70 34 7 35 1 
71 36 34 1 7 
72 36 34 37 1 
73 36 38 34 
74 34 
75 
