1 1 
2 1 2 
3 2 1 
4 2 1 3 
5 3 2 1 
6 3 2 1 4 
7 3 2 1 
8 5 3 2 
9 5 6 3 
10 3 
11 3 
12 3 2 1 7 
13 3 2 1 
14 8 3 2 
15 8 9 3 
16 3 
17 3 
18 3 2 1 10 
19 3 2 1 
20 11 3 2 
21 11 12 3 
22 3 
23 3 
24 3 2 1 13 
25 3 2 1 
26 14 3 2 
27 14 15 3 
28 3 
29 3 
30 3 2 1 16 
31 3 2 1 
32 17 3 2 
33 17 18 3 
34 3 
35 3 
36 3 2 1 19 
37 3 2 1 
38 20 3 2 
39 20 21 3 
40 3 
41 3 
42 3 2 1 22 
43 3 2 1 
44 23 3 2 
45 23 24 3 
46 3 
47 3 
48 3 2 1 25 
49 3 2 1 
50 26 3 2 
51 26 27 3 
52 3 
53 3 
54 3 2 1 28 
55 3 2 
56 29 3 2 
57 29 30 3 
58 3 
59 
