12 9 10 1 
13 12 
15 8 
16 13 
17 2 3 4 5 6 7 8 9 10 11 1 
19 9 3 
20 14 
22 3 
23 8 
24 9 10 16 
25 17 
27 5 
28 1 
29 19 
30 8 
31 1 
32 5 
33 10 20 14 15 21 4 22 6 
35 1 
36 5 
37 10 24 4 25 6 
38 17 
39 5 
40 26 4 27 7 
41 9 10 16 
42 11 
43 29 
44 5 
45 29 
46 17 
47 32 31 
48 7 
49 34 
50 33 35 
51 36 
52 7 
53 37 
54 38 4 30 7 
56 17 
57 40 31 
58 41 4 30 7 
59 17 
60 42 31 
61 7 
62 44 
63 43 45 
64 46 
65 7 
66 47 
67 48 4 30 7 
69 17 
70 50 31 
71 51 4 30 7 
72 1 
73 52 
74 1 
75 53 2 
77 9 10 1 
78 54 2 
79 1 
80 55 
81 1 
82 56 2 
84 9 10 1 
85 57 2 
87 58 
89 18 59 
90 49 23 39 23 58 
91 58 2 
92 23 
93 23 
94 49 60 49 61 58 
95 58 2 
96 23 
97 23 
98 39 62 39 63 58 
99 58 2 
101 23 49 23 39 58 
102 58 2 
103 23 
104 23 
105 64 39 65 39 58 
106 58 2 
107 23 
108 23 
109 66 49 67 49 58 
110 58 2 
112 11 
113 9 10 1 
114 69 
115 9 10 1 
117 18 71 
118 70 28 23 
121 18 72 
122 70 23 28 
123 70 
124 9 10 1 
125 73 
126 1 
127 74 
128 9 10 1 
129 75 2 
131 9 10 1 
132 76 2 
133 70 2 
134 1 
135 77 
136 1 
137 78 
138 9 10 1 
139 79 2 
141 9 10 1 
142 80 2 
143 9 10 1 
144 81 2 
145 70 2 
146 9 10 1 
147 82 
149 18 83 
150 23 
151 17 
152 85 
153 86 
157 2 18 8 9 10 28 84 87 1 
160 18 88 
161 23 
162 17 
163 90 
164 91 
168 2 18 8 9 10 89 28 92 1 
169 11 
170 9 10 1 
171 93 
172 10 
173 10 
174 9 94 16 
175 95 
176 95 
177 1 
178 97 
179 10 
180 8 
181 1 
182 5 
183 98 99 14 15 100 4 101 6 
185 10 
186 1 
187 5 
188 103 104 4 105 6 
189 5 
190 96 4 106 7 
193 18 109 
195 107 102 28 23 110 
196 110 
199 18 111 
201 102 107 23 28 112 
202 112 
203 9 10 1 
204 113 2 
205 9 10 1 
206 114 2 
207 108 2 
208 11 
209 3 
210 115 
211 115 68 8 9 10 23 28 1 
