1 1 
2 2 
3 3 
4 4 
5 5 
6 6 
7 7 
9 8 
12 9 
14 10 
16 11 
17 12 
18 13 
19 14 
21 15 
22 16 
24 17 
25 18 
26 19 
28 20 
30 21 
31 22 
33 23 
34 24 
37 25 
38 26 
39 27 
40 28 
41 29 
42 30 
45 31 
48 32 
49 33 
50 34 
51 35 
52 36 
53 37 
55 38 
57 39 
58 40 
59 41 
61 42 
63 43 
64 44 
65 45 
67 46 
68 47 
69 48 
71 49 
72 50 
74 51 
75 50 
76 52 
77 53 
78 54 
79 55 
81 56 
82 57 
84 58 
85 57 
86 59 
87 60 
88 61 
89 62 
90 63 
92 64 
94 65 
96 66 
97 67 
98 68 
99 69 
100 70 
102 62 
104 71 
106 72 
107 73 
108 74 
109 75 
110 76 
112 62 
114 77 
116 78 
117 79 
118 80 
119 81 
120 82 
122 62 
124 83 
126 84 
127 85 
128 86 
129 87 
130 88 
132 62 
135 89 
137 90 
139 91 
141 92 
142 93 
143 94 
146 95 
148 96 
149 94 
152 97 
154 98 
155 94 
158 99 
160 100 
161 94 
