1 1 
2 2 1 
3 2 3 1 
4 2 4 3 1 
5 2 4 5 3 1 
6 2 4 6 5 3 1 
7 2 4 6 5 1 3 7 
8 2 7 4 6 3 5 1 8 
9 2 7 4 6 3 5 1 8 
10 
11 2 7 4 8 6 3 9 5 1 
12 2 7 4 8 6 3 1 9 5 10 
13 2 7 4 8 6 3 1 9 5 10 11 
14 2 7 4 8 6 3 1 9 5 10 
15 2 7 4 8 6 3 1 12 9 5 
16 5 2 7 4 8 6 3 1 12 9 13 
17 5 2 7 4 8 6 3 1 12 14 
18 5 2 7 4 8 6 3 1 12 15 
19 5 2 7 4 8 6 3 1 16 12 
20 5 2 7 4 8 6 3 1 16 12 
21 2 7 4 8 6 3 1 9 5 10 17 
22 2 7 4 8 6 3 1 9 5 
23 2 7 4 8 6 3 1 12 9 5 
24 5 2 7 4 8 6 3 1 12 9 18 
25 5 2 7 4 8 6 3 1 12 19 
26 5 2 7 4 8 6 3 1 12 20 
27 5 2 7 4 8 6 3 1 16 12 
28 5 2 7 4 8 6 3 1 16 12 
29 21 
30 21 
31 
32 16 5 2 7 4 8 6 12 3 1 22 
33 16 5 2 7 4 8 6 12 22 3 23 1 
34 16 5 2 7 4 8 6 12 22 3 1 23 24 
35 16 5 2 7 4 8 6 12 22 3 1 25 
36 16 5 2 7 4 8 6 12 22 3 1 
37 16 2 7 4 8 3 26 6 12 22 5 1 
38 16 2 7 4 8 3 26 6 12 22 27 5 1 
39 16 2 7 4 8 3 26 6 12 22 27 1 5 28 
40 16 2 7 4 8 3 26 6 12 22 27 1 5 28 29 
41 16 2 7 4 8 3 26 6 12 22 27 1 5 28 
42 16 2 7 4 8 3 26 6 12 22 1 5 30 28 
43 16 2 7 4 8 3 26 6 12 22 27 1 5 
44 16 2 7 4 8 3 26 6 31 12 22 27 1 5 
45 16 5 2 7 4 8 3 26 6 31 32 12 22 27 1 
46 16 5 2 7 4 8 3 26 6 1 33 12 22 
47 16 5 2 7 4 8 3 26 6 1 33 12 22 34 
48 16 5 2 7 4 8 3 26 6 34 12 22 33 1 
49 16 5 2 1 7 4 8 3 26 6 34 12 22 33 35 
50 16 5 2 1 7 4 8 3 26 6 34 12 22 33 36 
51 16 5 2 1 7 4 8 3 26 6 34 12 22 33 36 37 
52 16 5 2 1 7 4 8 3 26 6 34 12 22 33 38 36 37 
53 16 5 2 1 7 4 8 3 26 6 34 12 22 37 33 
54 16 5 2 1 7 4 8 3 26 6 34 12 22 37 33 39 
55 16 5 2 1 7 4 8 3 26 6 34 12 22 37 33 39 
56 16 5 2 1 7 4 8 3 26 6 34 12 22 39 37 
57 16 5 2 1 7 4 8 3 26 6 34 39 12 22 
58 16 5 2 1 7 4 8 3 26 6 34 39 40 12 22 
59 16 5 2 1 7 4 8 3 26 6 34 39 41 40 22 
60 16 5 2 1 7 4 8 3 26 6 34 39 41 42 40 
61 16 5 2 1 7 4 8 3 26 6 40 34 
62 16 5 2 1 7 4 8 3 26 6 40 34 43 
63 16 5 2 1 7 4 8 3 26 6 40 43 34 
64 16 5 2 1 7 4 8 3 26 6 40 43 34 44 
65 16 5 2 1 7 4 8 3 26 6 40 43 34 45 
66 16 5 2 1 7 4 8 3 26 6 40 46 43 34 
67 16 5 2 1 7 4 8 3 26 6 40 34 46 43 47 
68 16 5 2 1 7 4 8 3 26 6 40 34 46 43 48 
69 16 5 2 1 7 4 8 3 26 6 40 34 46 49 43 
70 16 5 2 1 7 4 8 3 26 6 40 43 34 
71 16 5 2 1 7 4 8 3 26 6 34 40 50 43 
72 16 5 2 1 7 4 8 3 26 6 34 43 40 
73 16 5 2 1 7 4 8 3 26 6 34 40 51 43 
74 16 5 2 1 7 4 8 3 26 6 34 40 43 
75 16 5 2 43 1 7 4 8 3 26 6 34 40 
76 16 5 2 43 1 7 4 8 3 26 6 52 34 40 
77 16 5 2 43 1 7 4 8 3 26 6 53 52 34 
78 16 5 2 43 1 7 4 8 3 26 6 53 54 52 
79 16 5 2 43 1 7 4 8 3 26 52 6 
80 16 5 2 43 1 7 4 8 3 26 52 6 
81 16 5 2 43 55 1 
82 16 5 2 43 56 55 1 
83 16 5 2 43 57 56 1 55 
84 16 5 55 2 43 57 56 1 
85 16 5 55 2 43 57 56 58 
86 16 5 55 2 43 57 56 
87 16 5 55 2 43 57 59 
88 16 5 55 2 43 60 57 
89 16 5 55 2 43 60 61 
90 16 5 55 2 43 60 62 
91 16 5 63 55 2 
92 16 5 63 2 
93 16 5 
94 16 5 
95 16 7 5 4 8 3 43 2 26 1 52 6 
96 16 7 5 4 8 3 26 1 43 55 2 
97 16 7 5 4 8 3 26 1 43 2 
98 16 43 7 5 4 2 8 3 26 1 
99 16 43 7 5 4 2 8 3 64 26 1 
100 16 43 7 26 5 4 2 8 3 65 64 1 
101 16 43 7 26 1 5 4 2 8 3 65 64 66 
102 16 43 7 26 1 5 4 2 8 3 65 64 
103 16 43 7 26 1 5 4 2 8 3 64 65 
104 16 43 7 26 1 5 4 2 8 3 65 64 
105 16 7 26 1 5 4 8 3 43 65 2 
106 16 7 26 1 5 4 8 3 43 2 
107 16 43 7 26 1 5 4 2 8 3 
108 16 43 7 3 26 1 5 4 2 8 
109 16 43 7 3 26 5 4 2 8 67 1 
110 16 43 7 3 26 5 4 2 8 1 67 68 
111 16 43 7 3 26 5 4 2 8 1 67 69 68 
112 16 43 7 3 26 5 4 2 8 1 67 70 
113 16 43 7 3 26 5 4 2 8 1 67 
114 16 43 7 3 26 1 5 4 2 8 71 
115 16 43 7 3 26 1 5 4 2 67 
116 16 43 7 3 26 1 5 4 2 67 
117 16 43 7 3 26 1 5 4 2 67 72 
118 16 43 7 3 26 1 5 4 2 67 73 72 
119 16 43 7 3 26 1 5 4 2 67 74 
120 16 43 7 3 26 1 5 4 2 67 
121 16 43 7 3 26 1 5 4 2 67 
122 16 43 7 3 26 1 5 67 4 2 
123 16 43 7 3 26 5 67 4 1 75 2 
124 16 43 7 3 26 5 67 4 2 1 
125 16 43 7 3 26 1 5 67 4 76 2 
126 16 43 7 3 26 1 5 67 2 4 
127 16 43 7 3 26 1 5 67 2 4 77 
128 16 43 7 3 26 1 5 67 2 78 4 
129 16 43 7 3 26 1 5 67 2 78 79 
130 16 43 7 3 26 1 5 67 2 78 80 
131 16 43 7 3 26 1 5 67 2 78 80 81 
132 16 43 7 3 26 1 5 
133 16 5 43 7 3 26 1 82 
134 16 5 43 7 3 26 1 
135 16 5 43 7 3 26 1 83 
136 16 5 83 43 7 3 26 1 
137 16 5 83 43 7 3 26 84 1 
138 16 5 83 43 7 3 26 84 1 85 
139 16 5 83 43 7 3 26 84 1 85 
140 16 5 83 43 7 3 26 84 1 
141 16 5 83 43 7 3 26 84 86 1 
142 16 5 83 43 7 3 26 84 86 1 87 
143 16 5 83 43 7 3 26 84 86 1 87 
144 16 5 83 43 3 84 1 7 26 88 87 
145 16 5 83 43 7 3 26 84 86 1 
146 16 5 83 43 7 3 26 84 86 89 1 
147 16 5 83 43 7 90 3 26 84 86 89 
148 16 5 89 83 
149 16 5 
150 16 5 
151 16 5 2 52 1 
152 16 5 2 52 1 91 
153 16 5 2 52 1 
154 16 5 2 52 92 1 
155 16 5 2 1 52 92 93 
156 16 5 94 2 1 
157 16 5 94 1 95 2 
158 16 5 94 2 1 
159 16 5 94 96 2 
160 16 5 94 2 
161 16 5 
162 
163 
