1 1 
2 2 1 
3 2 1 3 
4 2 1 3 
5 
6 2 1 4 3 
7 2 1 5 
8 2 5 1 
9 
10 6 2 5 1 
11 6 2 5 1 7 
12 6 2 5 1 
13 1 5 2 8 
14 6 2 5 1 
15 6 9 2 5 1 
16 6 9 1 2 5 10 
17 6 9 1 2 5 
18 6 1 5 2 11 
19 6 9 1 2 5 
20 5 6 9 2 1 12 
21 12 5 13 6 9 2 1 
22 12 5 13 6 9 14 2 1 
23 12 5 13 6 9 14 2 1 15 
24 12 5 13 6 9 14 2 1 
25 12 5 13 6 9 14 16 2 1 
26 12 5 13 6 9 14 16 2 1 
27 12 5 13 6 9 14 16 2 1 
28 12 5 13 6 9 14 16 17 2 1 
29 12 5 13 6 9 14 16 18 17 2 1 
30 12 5 13 6 9 14 16 18 19 17 2 1 
31 2 12 5 13 6 9 14 16 18 19 17 1 20 
32 2 12 5 13 6 9 14 16 18 19 17 1 
33 2 12 5 13 6 9 14 16 18 19 17 1 21 
34 2 12 5 13 6 9 14 16 18 19 17 1 
35 2 12 5 13 6 9 14 16 22 18 19 17 1 
36 2 12 5 13 6 9 14 16 22 18 19 17 1 
37 2 12 5 13 6 9 14 16 22 18 19 17 1 
38 2 12 5 13 6 9 14 16 22 18 19 17 23 1 
39 2 12 5 13 6 9 24 14 16 22 18 19 17 23 1 
40 2 12 5 13 6 9 24 14 16 22 18 19 25 17 23 
41 2 12 5 9 6 23 
42 2 12 5 9 23 
43 2 12 5 23 
44 2 12 23 
45 2 23 
46 23 
47 
