1 
2 2 
3 2 3 
4 2 3 4 
5 2 5 3 4 
6 2 5 3 6 4 
7 7 2 5 3 6 4 
8 8 7 2 5 3 6 4 
9 8 7 2 5 4 3 6 9 
10 8 7 2 6 5 4 3 10 
11 8 7 2 6 5 4 3 
12 
13 8 7 2 11 6 5 4 3 
14 8 7 2 12 11 6 5 4 3 
15 8 7 2 12 11 6 5 13 4 
16 8 7 2 14 5 12 11 
17 8 7 2 14 5 12 11 15 
18 8 7 2 14 5 12 11 
19 8 7 2 14 16 5 
20 8 7 2 17 14 16 5 
21 8 7 2 17 14 18 16 
22 8 7 2 16 
23 12 8 7 2 
24 12 8 7 2 
25 12 8 7 2 14 5 19 
26 12 8 7 2 14 5 
27 8 7 2 14 20 5 
28 8 7 2 14 21 20 5 
29 8 7 2 14 21 22 20 
30 8 7 2 20 
31 12 8 7 2 
32 12 8 2 
33 12 2 
34 12 23 2 
35 24 12 2 
36 24 12 25 2 
37 24 12 25 26 2 
38 24 12 2 
39 24 2 
40 27 24 2 
41 
42 
