7 6 
8 3 6 
9 1 
10 3 7 
11 1 
12 8 
13 2 3 1 
14 3 
15 9 
16 10 
17 3 
18 12 
19 13 
20 11 
21 14 11 
22 14 
23 15 
24 15 
25 3 
26 17 
27 11 18 
28 3 
29 19 
30 14 20 
31 1 
32 11 15 
33 22 
34 14 15 
35 24 
36 16 
37 16 
38 23 25 26 27 21 
39 1 
40 11 15 
41 29 
42 30 
43 14 15 
44 32 
45 33 
46 16 
47 35 
48 16 
49 37 
50 31 34 36 38 28 
51 1 
52 39 2 
54 1 
55 41 40 
56 1 40 
58 1 
59 43 42 
60 1 42 
61 1 
62 1 
63 45 44 
64 1 
65 46 2 
66 1 
67 47 2 
68 16 
69 11 15 
70 49 
71 14 15 
72 51 
73 50 52 48 48 2 
74 1 
75 53 2 
76 11 15 
77 14 15 
78 54 55 16 16 2 
79 16 
80 11 15 
81 56 
82 14 15 
83 58 
84 57 59 48 48 2 
85 16 
86 11 15 
87 60 
88 14 15 
89 62 
90 61 63 48 48 2 
91 16 
92 11 15 
93 64 
94 14 15 
95 66 
96 65 67 48 48 2 
97 15 
98 15 
100 70 
101 70 
102 71 
103 72 
104 69 
105 73 74 
106 75 
107 11 76 
108 72 
109 68 
110 77 78 
111 79 
112 11 80 
113 72 
114 69 
115 82 83 
116 84 
117 14 85 
118 72 
119 68 
120 87 88 
121 89 
122 14 90 
123 48 86 81 91 2 
124 70 
126 1 
127 92 2 
128 15 
130 70 
131 70 
132 93 
133 72 
134 69 
135 94 95 
136 96 
137 11 97 
138 72 
139 69 
140 98 99 
141 100 
142 14 101 
143 48 
144 86 
147 102 103 104 105 2 
148 70 
151 70 
152 70 
153 106 
154 72 
155 69 
156 107 108 
157 109 
158 11 110 
159 72 
160 69 
161 111 112 
162 113 
163 14 114 
165 115 
166 48 
167 116 86 115 
168 86 
169 48 117 115 
170 48 
171 118 86 115 
172 86 
173 48 119 115 
174 115 2 
175 70 
177 15 
178 15 1 
179 120 2 
181 121 
182 11 
183 14 69 
184 120 
185 124 125 
186 122 123 126 2 
188 127 
189 11 
190 14 69 
191 130 
192 128 129 131 2 
194 132 
195 11 69 
196 134 
197 14 
198 133 135 136 2 
200 137 
201 11 69 
202 120 
203 139 140 
204 14 
205 138 141 142 2 
206 15 
207 15 
209 11 48 
210 144 
211 14 86 
212 146 
213 48 
214 148 
215 86 
216 150 
217 145 147 149 151 143 
218 1 
219 152 
220 1 
221 154 
222 155 
223 156 
224 1 
225 157 156 
226 158 
227 158 
228 159 
229 158 
230 160 
231 1 
232 161 162 
233 1 
234 163 164 
235 165 
236 156 153 
237 1 
238 167 166 
239 2 143 163 168 
240 156 
242 1 
243 169 
244 2 3 1 
