7 6 
8 1 
9 7 
10 8 
11 9 
12 10 
13 9 
14 11 
15 12 
16 12 1 
17 13 1 
18 12 14 6 
20 1 
21 15 
22 16 
23 9 
24 17 
25 9 
26 18 
27 12 
28 12 1 
29 13 1 
30 12 19 6 
33 20 
34 4 
35 1 
36 4 
37 23 22 
38 21 24 
39 6 
40 26 
41 27 
42 28 
43 27 
44 29 
46 2 25 3 4 31 5 30 
47 32 
48 30 32 20 
50 4 
51 1 
52 4 
53 35 34 
54 33 36 
55 6 
56 37 
57 27 
58 38 
59 27 
60 39 
62 2 25 3 4 40 5 30 
63 32 
64 30 32 20 
66 4 
67 1 
68 4 
69 43 42 
70 41 44 
71 6 
72 45 
73 27 
74 46 
75 27 
76 47 
78 2 25 3 4 48 5 30 
79 32 
80 30 32 20 
82 4 
83 1 
84 4 
85 51 50 
86 49 52 
87 6 
88 53 
89 27 
90 54 
91 27 
92 55 
94 2 25 3 4 56 5 30 
95 32 
96 30 32 20 
98 20 
