3 2 1 
4 1 
5 3 
7 2 
8 4 
9 1 
10 1 
12 7 
13 9 
14 7 
15 11 
16 6 
17 7 
18 14 
19 13 15 
20 7 
21 17 
22 16 18 
23 6 
24 7 
25 21 
26 20 22 
27 7 
28 24 
29 23 25 
30 10 12 19 26 8 
32 8 
33 8 
34 1 
35 1 
36 1 
37 30 
38 28 31 
39 32 
40 1 
41 33 
42 28 34 
43 1 35 
44 1 
45 36 
48 1 
49 37 
50 28 38 
51 39 
52 1 
53 40 
54 28 41 
55 1 42 
56 1 
57 43 
59 1 
60 44 
61 29 45 
62 46 
63 1 
64 47 
65 29 48 
66 1 49 
67 1 
68 50 
71 1 
72 51 
73 29 52 
74 53 
75 1 
76 54 
77 29 55 
78 1 56 
79 1 
80 57 
83 28 29 58 
84 1 
85 59 
86 1 
87 60 
88 1 
89 61 
90 8 
91 62 63 
92 64 
93 1 
94 65 
95 8 
96 66 67 
97 68 
98 8 
99 69 
100 1 70 
101 8 
102 71 
103 1 72 
104 5 
105 1 
106 1 
107 74 75 73 
108 1 76 
109 1 
110 1 
111 77 
112 1 
114 1 
115 79 
116 1 
117 81 
118 80 82 78 
119 1 
120 83 
121 84 
122 85 
124 87 85 
126 1 
127 1 
128 89 90 88 
129 88 85 
130 86 85 
131 27 
132 85 
133 1 
134 1 
135 92 93 
136 94 85 
137 1 
138 1 
139 1 
140 85 58 96 97 95 
141 91 85 
143 1 
144 1 
145 1 
146 85 78 99 100 98 
147 85 
148 1 
149 7 
150 7 
151 101 102 103 1 5 
153 5 
154 7 
155 7 
156 105 106 5 
157 27 
158 1 
159 1 
160 107 108 
161 109 5 
162 1 
163 1 
164 1 
165 5 58 111 112 110 
166 104 5 
167 1 
168 113 
169 114 
170 115 
171 114 
172 116 
173 5 1 117 
175 1 
176 118 
180 5 119 1 
181 5 
182 1 
