1 1 
2 2 1 
3 2 3 1 
4 2 4 3 1 
5 2 5 4 3 1 
6 2 5 4 6 3 1 
7 2 7 5 4 6 3 1 
8 2 7 8 5 4 6 3 1 
9 2 7 8 5 4 6 3 9 1 
10 2 7 10 8 5 4 6 3 9 1 
11 2 7 10 8 5 4 6 3 9 11 1 
12 2 7 10 8 5 12 4 6 3 9 11 1 
13 2 13 3 4 7 5 1 10 11 8 
14 8 2 10 11 13 3 4 7 5 1 14 
15 8 2 10 11 13 3 4 7 5 1 14 
16 
17 14 8 2 10 11 13 3 4 7 5 15 1 
18 14 8 2 10 11 13 3 4 7 5 15 16 1 
19 14 8 2 10 11 13 3 4 7 5 17 15 16 1 
20 14 8 2 10 11 1 13 3 4 7 5 17 15 16 18 
21 14 8 2 10 11 1 13 3 4 7 5 17 15 18 16 19 
22 14 8 2 10 11 1 13 3 4 7 5 17 15 18 16 
23 14 8 2 10 11 1 13 3 4 7 5 15 17 18 20 
24 14 8 2 10 11 1 13 3 4 7 5 15 17 18 
25 
26 14 8 2 10 11 1 13 3 16 4 7 5 15 17 
27 14 8 2 10 11 1 13 3 15 16 4 7 5 17 21 
28 14 8 2 10 11 1 13 3 15 16 4 7 5 17 
29 14 8 2 10 11 1 13 3 15 16 4 7 5 
30 14 8 2 10 11 1 13 3 15 16 4 7 5 
31 14 8 2 10 11 13 3 4 7 5 18 1 15 17 16 22 
32 14 8 2 10 11 13 3 4 7 5 18 1 15 17 16 
33 14 8 2 10 11 1 13 3 16 4 7 5 18 15 17 23 
34 14 8 2 10 11 1 13 3 16 4 7 5 18 15 17 
35 14 8 2 10 11 1 13 3 15 16 4 7 5 
36 14 8 2 10 11 1 13 3 15 16 4 7 5 
37 14 8 2 10 11 1 13 3 15 16 4 7 5 17 24 
38 14 8 2 10 11 1 13 3 15 16 4 7 5 17 
39 14 8 2 10 11 1 13 3 15 16 4 7 5 
40 14 8 2 10 11 1 13 3 15 16 4 7 5 
41 14 8 2 10 11 13 3 4 7 5 15 18 1 25 
42 14 8 2 10 11 13 3 4 7 5 15 18 1 
43 
44 14 8 2 10 11 1 13 3 16 4 7 5 15 18 
45 14 8 2 10 11 1 13 3 15 16 4 7 5 18 26 
46 14 8 2 10 11 1 13 3 15 16 4 7 5 18 
47 14 8 2 10 11 1 13 3 15 16 4 7 5 
48 5 14 8 2 10 11 1 13 3 15 16 4 27 7 
49 5 14 8 2 10 11 1 13 3 28 15 4 27 7 
50 5 15 4 27 7 14 8 2 10 11 1 13 3 29 28 
51 5 15 4 27 7 14 8 2 10 11 1 30 13 29 28 3 
52 3 5 15 4 27 7 14 8 2 10 11 1 30 13 31 29 28 
53 3 5 15 4 27 7 14 8 2 10 11 1 30 13 31 32 
54 3 5 15 4 27 7 14 8 2 10 11 1 30 13 33 31 
55 3 5 15 4 27 7 14 8 2 10 11 1 30 13 33 31 34 
56 3 5 15 13 31 4 27 7 14 8 34 2 10 11 1 
57 3 5 15 13 31 4 27 7 14 10 11 8 34 35 2 1 
58 3 5 15 13 31 4 27 7 14 10 11 8 1 34 35 2 36 
59 3 5 15 13 31 4 27 7 14 10 11 8 1 34 35 2 36 
60 3 5 15 13 31 4 27 7 14 10 11 8 1 34 35 2 36 37 
61 3 5 15 13 31 4 27 7 14 10 11 8 1 34 35 2 36 
62 3 5 15 13 31 4 27 7 14 10 11 8 1 2 38 34 36 
63 3 5 15 13 31 4 27 7 14 10 11 8 1 34 35 2 
64 3 5 15 13 31 4 27 7 14 10 11 8 1 34 2 
65 34 3 2 5 15 13 31 4 27 7 14 10 11 8 1 
66 34 3 2 5 15 1 13 31 4 27 7 14 10 11 8 39 
67 34 3 2 5 15 1 13 31 4 27 7 14 10 11 8 
68 34 3 2 5 15 1 13 31 4 27 7 14 10 11 8 40 
69 34 3 2 5 15 1 13 31 4 27 7 14 10 11 8 41 
70 34 3 2 5 15 1 13 31 4 27 7 14 10 11 8 
71 34 3 2 5 15 13 31 4 27 7 14 8 42 10 11 1 
72 34 3 2 5 15 1 13 31 4 27 7 14 10 11 8 43 42 
73 34 3 2 5 15 1 13 31 4 27 7 14 10 11 8 42 43 
74 34 3 2 5 15 1 13 31 4 27 7 14 10 11 8 43 42 
75 3 5 15 1 13 31 4 27 7 14 10 11 8 34 43 2 
76 3 5 15 1 13 31 4 27 7 14 10 11 8 34 2 
77 34 3 2 5 15 1 13 31 4 27 7 14 10 11 8 
78 8 34 3 2 5 15 10 11 1 13 31 4 27 7 14 44 
79 8 34 3 2 5 15 10 11 1 13 31 4 27 7 14 44 
80 8 34 3 5 15 10 11 13 31 2 1 4 27 7 45 14 
81 8 34 3 5 15 10 11 13 31 2 1 14 4 27 7 46 45 
82 8 34 3 5 15 10 11 13 31 2 1 45 14 47 4 27 7 
83 8 34 3 5 15 10 11 48 13 31 2 1 4 27 7 45 14 
84 8 34 3 5 15 10 11 48 13 31 2 1 4 27 7 49 45 
85 8 34 3 5 15 10 11 48 13 31 2 1 50 4 27 7 
86 8 34 3 5 15 10 11 51 48 13 31 2 1 
87 8 34 3 5 15 10 11 51 48 13 31 2 1 52 
88 8 34 3 5 15 10 11 51 48 13 31 2 1 
89 8 34 3 5 15 10 11 51 48 13 31 1 53 2 
90 8 34 3 5 15 10 11 51 48 13 31 2 1 
91 8 34 3 5 15 10 11 51 48 13 31 2 1 
92 8 34 3 5 15 10 11 51 48 13 31 1 54 2 
93 8 34 3 5 15 10 11 51 48 13 31 2 1 
94 8 34 3 5 15 10 11 51 48 13 31 2 1 55 
95 8 34 3 5 15 10 11 51 48 13 31 2 1 
96 8 34 3 5 15 10 11 1 51 48 13 31 56 2 
97 8 34 3 5 15 10 11 1 2 51 48 13 31 
98 8 34 3 5 15 10 11 1 2 51 48 13 31 
99 8 34 3 5 15 10 11 1 51 48 13 31 57 2 
100 8 34 3 5 15 10 11 1 2 51 48 13 31 
101 8 34 3 5 15 10 11 1 2 51 48 58 13 31 
102 8 34 3 5 15 10 11 1 2 51 48 58 31 13 59 
103 8 34 3 5 15 10 11 1 2 51 60 48 58 13 31 
104 8 34 3 5 15 10 11 1 31 2 51 60 48 58 13 61 
105 8 34 3 5 15 10 11 1 13 31 2 51 60 48 62 58 
106 8 34 3 5 15 10 11 1 51 48 13 31 58 2 
107 8 34 3 5 15 10 11 1 51 2 48 13 31 
108 8 34 3 5 15 10 11 1 51 2 48 63 13 31 
109 8 34 3 5 15 10 11 1 51 2 48 63 31 13 64 
110 8 34 3 5 15 10 11 1 51 2 48 65 63 13 31 
111 8 34 3 5 15 10 11 1 51 31 2 48 65 63 13 66 
112 8 34 3 5 15 10 11 1 51 13 31 2 48 65 67 63 
113 8 34 3 5 15 10 11 1 51 13 31 63 2 
114 8 34 3 5 15 10 11 1 2 51 13 31 
115 8 34 3 5 15 10 11 1 2 51 68 13 31 
116 8 34 3 5 15 10 11 1 2 51 68 31 13 69 
117 8 34 3 5 15 10 11 1 2 51 70 68 13 31 
118 8 34 3 5 15 10 11 1 2 51 70 68 13 71 
119 8 34 3 5 15 10 11 1 2 51 70 72 68 
120 8 34 3 5 15 10 11 1 68 2 
121 8 34 3 2 5 15 10 11 1 
122 8 10 11 34 1 3 2 5 15 73 
123 8 10 11 34 1 3 2 5 73 15 
124 8 10 11 34 1 3 2 5 73 15 74 
125 8 10 11 34 1 3 2 5 73 15 
126 3 2 8 10 11 5 73 34 1 75 
127 3 2 8 10 11 5 73 34 1 
128 3 2 8 10 11 5 73 34 76 1 
129 3 2 8 10 11 5 73 34 76 1 
130 3 2 8 10 11 5 73 34 76 1 
131 8 10 11 34 1 3 
132 8 10 11 34 1 77 
133 77 8 10 11 34 1 
134 
135 
