1 1 
2 2 1 
3 2 3 1 
4 2 3 1 4 
5 2 3 1 4 
6 2 3 5 4 1 
7 2 3 5 4 6 1 
8 2 1 3 5 4 6 7 
9 2 1 3 5 4 7 6 
10 2 1 3 5 4 7 6 8 
11 2 6 1 3 5 4 7 
12 2 6 1 3 5 7 9 4 
13 2 6 1 3 5 4 7 
14 2 6 1 3 5 10 4 
15 2 6 1 3 5 
16 2 6 1 3 5 
17 2 1 3 5 4 7 6 11 
18 2 6 1 3 5 4 7 
19 2 6 1 3 5 7 12 4 
20 2 6 1 3 5 4 7 
21 2 6 1 3 5 13 4 
22 2 6 1 3 5 
23 2 6 1 3 5 
24 2 3 5 4 14 6 1 
25 2 1 3 5 4 14 15 6 
26 2 6 1 3 5 16 4 14 
27 2 6 1 3 5 16 4 14 
28 2 6 1 3 5 
29 5 2 6 17 1 
30 5 2 6 17 1 18 
31 5 2 6 17 1 19 
32 5 2 20 6 17 1 19 
33 5 2 20 6 17 1 21 19 
34 5 2 20 6 17 1 19 21 
35 5 2 6 17 1 19 20 21 22 
36 5 2 6 17 1 19 21 20 23 
37 5 2 6 17 1 19 21 20 24 
38 5 2 6 17 1 19 21 20 25 
39 5 2 20 6 17 1 19 21 
40 5 2 20 6 17 1 21 19 
41 5 2 20 6 17 1 21 19 
42 5 2 20 19 6 17 1 26 
43 5 2 20 19 1 6 17 
44 5 2 27 20 19 1 6 17 
45 5 2 27 28 20 19 1 17 6 
46 5 2 27 28 20 19 1 17 29 6 
47 5 2 27 28 20 19 1 17 29 6 30 
48 5 2 27 28 20 6 19 1 17 29 
49 5 2 27 28 17 20 6 31 19 1 
50 5 2 27 28 17 20 6 1 31 32 19 
51 5 2 27 28 17 20 6 1 19 31 32 33 
52 5 2 27 28 17 20 6 1 19 31 32 34 
53 5 2 27 28 17 20 6 1 19 31 35 
54 5 2 27 28 17 20 29 6 1 19 
55 5 2 27 28 17 20 29 6 1 19 
56 5 2 27 28 17 20 29 1 19 6 36 
57 5 2 27 28 17 20 29 6 1 19 
58 5 2 27 28 17 20 6 37 19 1 
59 5 2 27 28 17 20 6 1 37 38 19 
60 5 2 27 28 17 20 6 1 19 37 38 39 
61 5 2 27 28 17 20 6 1 19 37 38 40 
62 5 2 27 28 17 20 6 1 19 37 41 
63 5 2 27 28 17 20 29 6 1 19 
64 5 2 27 28 17 20 29 6 1 21 19 
65 5 19 2 27 28 17 20 29 6 21 1 
66 19 5 2 27 28 17 1 20 29 6 21 42 
67 19 5 2 21 27 28 17 1 20 29 6 43 
68 19 5 2 21 27 28 17 1 20 29 44 6 
69 19 5 2 21 27 28 17 1 20 29 44 6 45 
70 6 19 5 2 21 27 28 17 1 20 29 44 
71 6 19 5 2 44 21 27 28 17 1 20 29 46 
72 6 19 5 2 44 21 27 28 17 1 20 29 47 
73 29 6 19 5 2 44 21 27 28 17 1 48 20 
74 20 29 6 19 5 2 44 21 27 28 17 1 48 49 
75 20 29 6 19 5 2 44 21 27 28 50 17 1 
76 20 29 6 19 5 2 44 1 51 21 27 28 50 17 
77 20 29 6 19 5 2 44 1 51 21 27 28 50 52 17 
78 17 20 29 6 19 5 2 44 1 51 21 27 28 50 53 52 
79 28 17 20 29 6 19 5 2 44 1 27 50 51 21 52 
80 28 17 20 29 6 19 5 2 44 21 1 27 50 
81 28 17 20 29 6 19 5 2 44 21 54 1 
82 28 17 20 29 6 19 5 2 44 21 1 54 55 
83 27 28 17 20 29 6 19 5 2 44 21 1 
84 27 28 17 20 29 6 19 5 2 44 21 1 
85 19 5 2 44 21 1 27 28 17 20 29 6 56 
86 27 28 17 20 29 6 19 5 2 44 21 1 
87 6 19 5 2 44 21 27 28 17 1 20 29 57 
88 6 19 5 2 44 21 27 28 17 1 20 29 58 
89 29 6 19 5 2 44 21 27 28 17 1 59 20 
90 20 29 6 19 5 2 44 21 27 28 17 1 59 60 
91 20 29 6 19 5 2 44 21 27 28 50 17 1 
92 20 29 6 19 5 2 44 1 61 21 27 28 50 17 
93 20 29 6 19 5 2 44 1 61 21 27 28 50 62 17 
94 17 20 29 6 19 5 2 44 1 61 21 27 28 63 50 62 
95 27 17 20 29 6 19 5 2 44 1 28 50 61 21 62 
96 27 17 20 29 6 19 5 2 44 21 1 28 50 
97 27 17 20 29 6 19 5 2 44 21 64 1 
98 27 17 20 29 6 19 5 2 44 21 1 64 65 
99 27 28 17 20 29 6 19 5 2 44 21 1 
100 27 28 17 20 29 6 1 19 5 2 44 66 21 
101 27 28 17 20 29 6 1 19 21 5 2 67 44 
102 2 27 28 17 20 29 6 1 19 21 68 5 
103 5 2 27 28 17 20 29 6 1 19 21 
104 5 2 27 28 17 20 29 6 1 21 19 
105 5 2 27 28 17 20 29 6 1 21 19 
106 
