1 1 
2 2 1 
3 2 1 3 
4 4 2 1 3 
5 4 2 1 3 5 
6 6 4 2 1 3 5 
7 6 4 5 2 7 1 3 
8 1 6 4 5 2 7 8 3 
9 1 6 4 3 5 2 7 9 
10 1 6 4 9 3 5 2 10 
11 1 10 6 4 9 3 5 2 
12 
13 11 1 10 6 4 9 3 2 5 
14 11 1 10 6 4 9 5 3 2 12 
15 11 1 10 6 4 9 5 3 13 2 
16 11 1 2 10 6 4 9 5 3 
17 11 1 2 14 10 6 4 3 9 5 
18 11 1 2 5 14 10 6 4 3 9 15 
19 11 1 2 5 14 10 6 4 3 9 
20 11 1 2 5 14 10 16 6 4 3 
21 11 1 2 5 14 10 16 6 17 4 
22 11 1 2 5 18 6 14 
23 11 1 2 5 18 6 14 19 
24 11 1 2 5 18 6 14 
25 11 14 1 2 5 18 20 6 
26 11 14 1 2 5 21 18 20 6 
27 11 14 6 1 2 5 21 18 22 20 
28 11 14 6 1 2 5 20 
29 11 14 6 1 23 2 5 
30 11 14 6 1 23 2 5 
31 11 1 2 5 18 6 14 24 
32 11 14 1 2 5 18 6 
33 11 14 1 2 5 18 25 6 
34 11 14 1 2 5 18 26 25 6 
35 11 14 6 1 2 5 18 26 27 25 
36 11 14 6 1 2 5 25 
37 11 14 6 1 23 2 5 
38 11 14 6 1 23 2 5 
39 28 
40 28 
41 
42 11 14 6 1 23 5 29 2 
43 11 14 6 1 23 2 5 
44 11 14 6 1 5 23 30 2 
45 11 14 6 1 5 23 2 
46 11 2 14 6 1 5 23 
47 11 2 14 6 31 1 5 
48 11 2 14 6 31 1 5 
49 11 1 2 5 14 9 10 32 6 4 3 
50 11 1 2 5 14 3 9 10 32 6 33 4 
51 11 1 2 5 18 14 10 6 4 3 9 
52 11 1 2 5 18 14 10 34 6 4 3 
53 11 1 2 5 18 14 10 34 6 35 4 
54 11 1 2 5 36 18 6 14 
55 11 1 2 5 36 18 6 37 14 
56 11 1 2 5 36 18 6 37 14 38 
57 11 14 1 2 5 36 18 6 37 
58 11 14 1 2 5 39 36 18 6 
59 11 14 1 2 5 40 39 36 18 6 
60 11 14 6 1 2 5 40 41 39 36 18 
61 11 14 6 1 2 5 40 18 41 42 39 
62 11 14 6 1 2 5 39 
63 11 14 6 1 37 2 5 
64 11 14 6 1 37 2 5 
65 11 6 1 37 2 5 36 18 14 43 
66 11 14 6 1 37 2 5 36 18 
67 11 14 1 2 5 44 36 18 6 
68 11 14 1 2 5 45 44 6 36 18 
69 11 14 1 2 5 18 45 46 44 6 
70 11 14 6 1 2 5 18 45 46 47 44 
71 11 14 6 1 2 5 44 
72 11 14 6 1 37 2 5 
73 11 14 6 1 5 37 48 2 
74 11 14 6 1 5 37 2 
75 11 2 14 6 1 5 37 
76 11 2 14 6 31 1 5 
77 11 2 14 6 31 1 49 5 
78 11 2 14 6 31 50 1 5 49 
79 11 2 49 14 6 31 50 1 5 
80 11 49 14 6 31 50 1 5 51 2 
81 11 49 14 6 31 50 1 2 5 
82 11 49 14 6 31 50 1 5 52 2 
83 11 49 2 14 6 31 50 1 5 
84 11 49 2 14 6 31 53 50 1 5 
85 11 49 5 2 14 6 31 53 54 50 1 
86 11 49 2 5 55 
87 11 49 2 5 55 56 
88 11 49 2 57 5 55 
89 11 49 2 57 5 58 
90 11 49 2 57 59 5 
91 11 49 2 57 59 60 
92 11 2 
93 
94 
