1 1 
2 2 1 
3 2 1 3 
4 2 1 4 3 
5 5 2 1 4 3 
6 5 3 2 1 4 
7 5 3 2 1 4 
8 5 3 2 1 4 6 
9 5 3 2 1 4 
10 5 1 3 7 2 
11 5 1 3 2 8 7 
12 5 1 3 2 9 
13 5 1 3 2 10 
14 5 1 3 10 2 
15 5 3 2 1 11 
16 5 3 2 1 11 
17 5 3 10 11 2 1 
18 5 1 3 10 11 12 2 
19 5 1 3 10 13 11 12 
20 5 1 3 10 
21 5 1 3 
22 5 1 3 
23 5 1 3 2 4 14 
24 5 1 3 2 
25 5 1 3 15 2 
26 5 1 3 2 16 15 
27 5 1 3 2 17 
28 5 1 3 2 10 
29 5 1 3 10 2 
30 5 3 2 1 18 
31 5 3 2 1 18 
32 5 3 10 18 2 1 
33 5 1 3 10 18 19 2 
34 5 1 3 10 20 18 19 
35 5 1 3 10 
36 5 1 3 
37 1 5 
38 1 
39 
40 
