1 1 
2 1 2 
3 1 3 2 
4 1 3 2 
5 1 3 2 
6 1 3 4 
7 4 1 5 
8 4 5 1 6 
9 4 6 5 1 7 
10 4 6 7 5 1 
11 8 
12 8 
13 
14 4 1 6 7 5 9 
15 4 1 6 7 5 9 
16 4 1 6 7 5 9 
17 4 1 6 7 5 9 
18 4 1 6 7 5 9 
19 4 5 1 6 7 10 
20 4 5 1 6 7 
21 4 1 5 11 6 7 
22 4 1 5 11 6 12 7 
23 4 1 6 7 5 11 12 
24 4 1 5 7 13 11 12 6 
25 4 1 5 11 6 7 12 13 14 
26 4 1 5 11 6 7 12 13 
27 4 5 6 7 12 13 11 1 15 
28 4 5 6 7 12 16 13 11 1 
29 4 5 6 7 12 16 13 11 1 17 
30 4 5 6 7 12 16 13 11 1 
31 4 1 5 11 6 7 12 
32 4 1 5 11 6 7 12 
33 4 1 5 11 6 7 12 
34 4 1 5 11 6 7 12 
35 4 5 6 7 12 13 11 1 18 
36 4 5 6 7 12 13 11 1 19 
37 4 5 6 7 12 13 11 1 20 19 
38 4 5 6 7 12 13 11 1 21 20 
39 4 5 6 7 12 20 13 11 1 
40 4 5 6 7 12 20 13 11 1 22 
41 4 5 6 7 12 20 13 11 1 
42 4 1 5 11 6 7 12 
43 4 1 5 11 6 7 12 
44 4 1 5 11 6 7 12 
45 4 1 5 11 6 7 12 
46 4 5 6 7 12 13 11 1 23 
47 4 5 6 7 12 13 11 1 24 
48 4 5 6 7 12 25 13 11 1 
49 4 5 6 7 12 25 13 11 1 26 
50 4 5 6 7 12 25 13 11 1 
51 4 1 5 11 6 7 12 
52 4 1 5 11 6 7 12 
53 4 1 5 11 6 7 12 
54 4 1 5 11 6 7 12 
55 4 1 5 11 6 7 12 
56 4 1 5 11 6 7 12 
57 4 1 5 11 6 12 7 
58 4 1 5 11 6 12 7 
59 4 1 6 7 5 
60 4 5 
61 4 5 
62 4 
63 4 
64 4 
65 4 
66 
67 
68 
69 
70 30 4 5 
71 30 4 5 
72 30 4 
73 30 4 
74 30 4 
75 30 4 
76 30 
77 30 
78 30 
79 
80 
