1 1 
2 2 
3 3 
4 4 
5 5 
6 6 
7 7 
14 8 
16 9 
17 10 
18 11 
20 12 
21 13 
23 14 
24 15 
26 16 
27 17 
28 18 
29 19 
31 20 
32 17 
33 21 
34 19 
35 22 
36 23 
39 24 
40 25 
41 26 
42 27 
43 28 
44 29 
45 30 
46 31 
47 32 
48 33 
49 34 
50 35 
51 36 
52 37 
53 38 
54 39 
55 40 
56 41 
57 42 
58 43 
59 44 
60 45 
61 46 
62 47 
63 48 
64 49 
65 50 
66 32 
67 51 
68 52 
69 53 
70 35 
71 37 
72 39 
73 54 
74 55 
75 56 
76 57 
77 58 
79 59 
81 60 
83 61 
84 62 
85 63 
86 64 
87 65 
88 66 
89 67 
90 68 
91 69 
92 70 
93 71 
95 72 
97 73 
100 74 
101 75 
103 60 
105 60 
108 60 
