1 1 
2 2 1 
3 3 2 1 
4 4 3 2 1 
5 4 3 5 2 1 
6 4 3 5 2 1 
7 4 3 5 2 1 6 
8 4 3 5 2 1 
9 4 3 5 2 1 7 
10 4 3 5 2 1 
11 4 3 5 2 1 8 
12 4 3 5 2 1 
13 4 3 5 2 1 
14 4 3 5 2 1 9 
15 4 3 5 2 1 
16 4 3 5 2 1 10 
17 4 3 5 2 1 10 
18 4 3 5 2 1 
19 4 3 5 2 1 11 
20 4 3 5 2 1 11 
21 4 3 5 2 1 
22 4 3 5 2 1 12 
23 4 3 5 2 1 12 
24 4 3 5 2 1 
25 4 3 5 2 1 13 
26 4 3 5 2 1 13 
27 4 3 5 2 1 
28 4 3 5 2 1 14 
29 4 3 5 2 1 14 
30 4 3 5 2 1 
31 4 3 5 2 1 15 
32 4 3 5 2 1 15 
33 4 3 5 2 1 
34 4 3 5 2 1 16 
35 4 3 5 2 1 16 
36 4 3 5 2 1 
37 4 3 5 2 1 17 
38 4 3 5 2 1 17 
39 4 3 5 2 1 
40 4 3 5 1 2 18 
41 4 3 5 1 19 2 18 
42 4 3 5 1 2 
43 4 3 5 1 2 
44 4 3 5 1 
45 4 3 5 1 20 
46 4 3 5 1 
47 4 3 5 1 21 
48 4 3 5 1 22 21 
49 4 3 5 1 22 23 21 
50 4 3 5 1 
51 4 3 5 1 24 
52 4 3 5 1 25 24 
53 4 3 5 1 25 26 24 
54 4 3 5 1 
55 4 3 1 5 27 
56 4 3 1 28 5 27 
57 4 3 1 5 
58 4 3 1 5 
59 4 3 1 5 
60 4 3 1 
61 4 1 3 29 
62 4 1 30 3 29 
63 4 3 1 
64 4 1 3 
65 4 1 3 
66 4 1 3 
67 4 1 
68 4 1 
69 1 4 31 
70 1 32 4 31 
71 4 1 
72 1 4 
73 1 4 
74 1 4 
75 1 
76 1 
77 1 
78 1 
79 1 33 
80 1 
81 1 34 
82 1 
83 1 35 
84 1 
85 1 
86 1 36 
87 1 
88 1 37 
89 1 37 
90 1 
91 1 
92 1 38 
93 1 
94 1 39 
95 1 
96 1 
97 1 40 
98 1 
99 1 41 
100 1 
101 1 42 
102 1 42 
103 1 
104 1 43 
105 1 43 
106 1 
107 1 44 
108 1 44 
109 1 
110 1 45 
111 1 45 
112 1 
113 1 
114 1 
115 1 46 
116 1 
117 1 47 
118 1 
119 1 
120 1 
121 1 48 
122 1 
123 1 49 
124 1 
125 1 50 
126 1 50 
127 1 
128 1 
129 
130 
