7 3 
8 7 
9 8 
13 9 
14 3 
15 11 
16 12 
20 10 
21 13 
23 6 
25 14 
26 14 
27 3 6 
28 1 
29 3 15 
30 2 3 1 
31 3 16 
32 1 
33 17 18 
34 17 1 
35 19 
36 20 
38 19 6 
39 19 
40 21 
41 22 6 1 
42 1 
43 23 
44 1 
45 2 1 19 24 
47 2 19 1 
48 2 3 19 6 1 
49 4 
50 4 19 
51 26 
52 4 
53 4 
54 27 28 19 
56 29 
57 29 
58 4 29 
59 29 
60 29 
61 4 
62 1 
63 30 
64 1 
66 31 32 
67 4 
68 1 
69 33 19 34 30 
71 4 
72 1 
73 36 19 37 30 
74 35 29 
75 1 
76 38 29 
77 1 
78 39 29 
79 1 
80 40 29 
81 2 
82 19 2 
83 2 19 1 
84 1 
85 42 25 
86 43 
87 44 
88 5 
89 5 
90 1 
91 46 45 
92 47 
93 44 
94 44 
95 2 19 48 1 
96 2 19 1 
97 2 
101 52 2 
102 53 51 
103 1 
104 55 
105 54 
107 19 
108 57 
109 19 
110 59 
111 58 60 56 
112 56 
113 56 
114 19 
115 61 
116 19 
117 63 
118 62 64 2 
119 49 
120 65 2 
121 1 
122 66 
123 67 
124 68 
125 69 
126 68 
127 70 
128 71 1 
130 2 19 72 73 1 
132 1 
133 74 
134 75 
135 68 
136 76 
137 68 
138 77 
139 71 1 
141 2 19 72 78 1 
144 2 
145 1 
146 81 
147 82 2 
148 1 
149 83 1 
150 84 
151 85 
152 86 
153 85 
154 87 
155 88 
156 2 19 72 6 29 1 
157 89 
158 79 
162 90 
164 83 1 
165 91 
166 92 
167 93 
168 92 
169 94 
170 95 
172 2 19 72 96 1 
174 91 
175 92 
176 97 
177 92 
178 98 
179 99 
181 2 19 72 100 1 
183 2 19 1 
184 1 
185 101 
186 54 
187 1 
188 50 102 
189 49 
190 19 
191 104 
192 1 
193 106 
194 105 107 
195 19 
196 109 
197 1 
198 111 
199 110 112 
200 103 108 113 49 
201 19 
202 114 
203 19 
204 116 
205 50 115 117 49 
206 41 2 
207 80 2 
208 79 
209 2 19 1 
210 29 
211 72 1 
212 29 
213 29 
214 118 1 
215 119 1 
216 1 
217 120 
218 119 
219 1 
220 1 
221 1 
222 2 19 123 72 118 119 122 121 1 
223 72 1 
224 1 
225 1 
226 124 
227 4 
228 1 
230 125 126 
231 4 
232 127 19 122 121 
234 4 
235 129 19 122 121 
236 128 29 
237 29 
238 130 1 
239 1 
240 131 
241 1 
242 1 
243 1 
244 1 
245 2 19 132 128 121 122 121 1 
246 1 
247 133 
248 1 
249 134 
250 1 
251 2 1 19 135 
253 2 19 1 
