1 1 
2 2 1 
3 2 3 1 
4 2 3 1 
5 2 3 1 
6 2 6 3 1 
7 2 1 6 3 7 
8 2 3 1 6 
9 6 2 3 1 
10 2 1 3 6 
11 6 2 3 1 
12 6 2 3 1 
13 6 1 3 2 
14 8 6 1 3 2 
15 8 6 3 1 2 
16 9 8 6 3 2 1 
17 9 8 6 3 1 2 10 
18 9 8 6 3 1 11 2 
19 9 8 2 6 3 1 
20 9 8 2 6 3 1 12 
21 9 8 2 6 3 1 13 
22 9 8 2 6 3 1 
23 9 8 2 6 3 1 14 
24 9 8 2 6 3 1 14 15 
25 9 8 2 6 3 1 
26 9 8 2 6 3 1 16 
27 9 8 2 6 17 3 1 
28 9 8 2 6 17 3 1 18 
29 9 8 2 6 17 19 3 1 
30 9 8 2 6 17 19 3 1 
31 9 8 2 6 3 1 20 
32 9 8 2 6 17 3 1 
33 9 8 2 6 17 3 1 21 
34 9 8 2 6 17 19 3 1 
35 9 8 2 6 17 19 1 3 22 
36 9 8 2 6 17 19 1 3 23 
37 9 8 2 6 17 19 1 3 
38 9 8 2 6 17 19 1 3 
39 9 8 2 6 17 19 3 24 1 
40 9 8 2 6 17 19 1 3 24 25 
41 9 8 2 6 17 19 26 1 3 
42 9 8 2 6 17 19 26 3 27 1 
43 9 8 2 6 17 19 1 26 3 27 28 
44 9 8 2 6 17 19 1 29 26 3 
45 9 8 2 6 17 19 1 29 3 30 26 
46 9 8 2 6 17 19 1 26 29 3 30 31 
47 9 8 2 6 17 19 32 1 26 29 3 
48 9 8 2 6 17 19 32 1 26 3 33 29 
49 9 8 2 6 17 19 32 1 29 26 3 33 34 
50 9 8 2 6 17 19 35 32 1 29 26 3 
51 9 8 2 6 17 19 35 32 1 29 3 36 26 
52 9 8 2 6 17 19 35 32 37 1 29 3 
53 9 8 2 6 17 19 35 32 37 1 3 38 29 
54 9 8 2 6 17 19 35 32 37 39 1 3 
55 9 8 2 6 17 19 35 32 37 39 3 40 1 
56 9 8 2 6 17 19 35 32 37 39 1 3 40 41 
57 9 8 2 6 42 17 19 35 32 37 39 1 3 
58 3 9 8 2 6 42 17 19 35 32 37 39 43 1 
59 3 1 9 8 2 6 42 17 19 35 32 37 39 43 44 
60 3 1 9 8 2 6 45 42 17 19 35 32 37 39 
61 3 1 9 8 2 6 45 42 17 19 39 35 37 32 46 
62 3 1 9 8 2 6 45 42 17 19 39 35 47 37 32 
63 3 1 9 8 2 6 45 42 17 19 39 35 47 48 37 
64 3 1 9 8 2 6 45 42 17 19 39 35 47 49 
65 3 1 9 8 2 6 45 42 17 19 39 35 50 47 
66 3 1 9 8 2 6 45 42 17 19 32 47 39 35 
67 3 1 9 8 2 6 45 42 17 19 32 47 51 39 
68 3 1 9 8 2 6 45 42 17 19 32 47 52 
69 3 1 9 8 2 6 45 42 17 19 32 53 47 
70 3 1 9 8 2 6 45 42 17 19 35 32 47 
71 3 1 9 8 2 6 45 42 17 19 35 32 37 47 
72 3 1 9 8 2 6 45 42 17 19 35 39 32 37 
73 3 1 9 8 2 6 45 42 17 19 54 35 39 32 37 
74 3 1 9 8 2 6 45 42 17 19 37 54 35 39 32 55 
75 3 1 9 8 2 6 45 42 17 19 32 37 56 54 35 39 
76 3 1 9 8 2 6 45 42 17 19 32 37 39 56 54 35 57 
77 3 1 9 8 2 6 45 42 17 19 32 35 37 39 56 58 54 
78 3 1 9 8 2 54 6 45 42 17 19 32 35 37 39 
79 3 1 9 8 2 54 6 45 42 17 19 32 35 37 39 59 
80 3 1 9 8 2 59 54 6 45 42 17 19 
81 3 1 9 8 2 59 54 6 45 42 17 60 19 
82 3 1 9 8 2 59 54 6 19 45 42 17 60 
83 3 9 8 6 45 42 17 2 54 59 61 19 60 1 
84 3 9 8 6 45 42 17 2 54 59 1 61 19 60 62 
85 3 9 8 6 45 42 17 2 54 59 1 61 19 63 60 
86 3 9 8 6 45 42 17 60 2 54 59 1 61 19 63 64 
87 3 9 8 6 45 42 17 60 2 54 59 1 61 19 65 
88 3 9 8 6 45 42 17 60 2 54 59 1 61 66 19 
89 3 9 8 6 45 42 17 60 19 2 54 59 1 61 66 67 
90 3 9 8 6 45 42 17 60 19 2 54 59 1 61 68 
91 3 9 8 6 45 42 17 60 19 2 54 59 69 1 
92 3 9 8 6 45 42 17 59 60 69 19 2 1 54 70 
93 3 9 8 6 45 42 17 59 60 69 19 2 1 54 70 71 
94 3 9 8 54 6 45 42 17 59 60 69 19 71 2 1 
95 3 9 8 54 6 45 42 17 59 60 69 19 71 1 72 2 
96 3 9 8 54 6 45 42 17 59 60 69 19 71 2 1 
97 3 9 8 54 6 45 42 17 59 60 69 1 19 71 73 2 
98 3 9 8 54 6 45 42 17 59 60 69 1 19 71 2 
99 3 9 8 54 6 45 42 17 2 59 60 69 1 19 
100 3 9 8 54 6 45 42 17 19 2 59 60 69 1 74 
101 3 9 8 54 6 45 42 17 19 2 59 60 69 75 1 
102 3 1 9 8 2 59 54 6 45 42 17 19 60 
103 3 1 9 8 2 59 54 6 45 42 17 60 19 
104 3 1 9 8 2 59 54 6 45 42 17 60 19 
105 3 1 9 8 2 59 54 6 19 45 42 60 17 
106 3 1 9 8 2 17 59 54 6 60 19 45 42 
107 3 1 9 8 2 59 54 6 19 45 42 17 60 
108 3 1 9 8 2 59 54 6 19 45 42 60 17 
109 3 1 9 8 2 59 54 6 19 45 42 60 17 
110 3 1 9 8 2 
111 3 1 9 8 2 
112 3 1 9 2 
113 2 3 1 
114 
115 
