1 1 
2 1 2 
3 1 2 
4 
5 1 2 3 
6 1 2 
7 1 4 
8 1 5 
9 1 5 
10 1 5 
11 5 1 6 
12 5 1 6 
13 5 6 1 
14 5 6 1 7 
15 5 6 1 
16 5 1 6 8 
17 5 1 6 
18 5 1 6 9 
19 5 1 6 
20 10 
21 10 
22 
23 6 5 1 11 
24 6 5 1 
25 6 5 1 12 
26 6 5 1 12 13 
27 6 5 1 12 
28 5 1 12 14 
29 5 1 12 14 15 
30 5 1 12 16 
31 5 1 16 12 17 
32 5 1 16 18 12 17 
33 5 1 16 18 12 19 
34 5 1 16 18 12 
35 5 1 16 18 12 
36 5 1 16 20 
37 5 1 21 
38 6 5 1 
39 6 5 1 22 
40 6 5 1 
41 6 5 1 
42 6 1 5 23 
43 6 1 5 
44 6 1 5 24 
45 6 1 5 
46 6 1 5 25 
47 6 1 5 
48 6 1 5 
49 6 1 16 
50 6 16 1 26 
51 6 16 1 
52 6 16 1 27 
53 6 16 1 27 28 
54 6 16 1 27 
55 6 1 27 29 
56 6 1 27 29 30 
57 6 1 27 31 
58 6 1 31 27 32 
59 6 1 31 33 27 32 
60 6 1 31 33 27 34 
61 6 1 31 33 27 
62 6 1 31 33 27 
63 6 1 31 35 
64 6 1 36 
65 6 16 1 
66 1 6 16 37 
67 1 6 16 
68 1 6 16 38 
69 1 6 16 
70 1 16 6 39 
71 1 16 6 
72 6 1 16 40 
73 6 1 16 
74 6 1 16 41 
75 6 1 16 41 42 
76 6 1 16 31 
77 6 1 16 43 
78 6 1 16 44 
79 6 1 16 31 
80 6 1 16 31 
81 6 1 16 31 45 
82 6 1 16 31 
83 6 1 31 46 
84 6 1 47 31 
85 6 1 48 
86 6 1 48 
87 6 1 48 
88 16 6 1 
89 16 6 1 
90 6 16 1 49 
91 6 16 1 
92 6 1 50 
93 6 1 50 
94 6 1 50 
95 16 6 1 
96 1 31 16 6 
97 1 6 16 51 31 
98 1 6 16 31 52 
99 1 6 16 31 
100 1 6 53 31 
101 1 31 6 54 
102 1 31 16 6 
103 1 16 55 31 
104 1 31 16 56 
105 1 31 16 6 
106 1 6 16 57 31 
107 1 6 16 58 
108 1 6 16 
109 1 16 6 33 
110 1 16 6 33 59 
111 1 16 6 33 
112 1 60 16 6 
113 1 60 16 6 
114 1 60 16 6 
115 1 6 61 60 
116 1 60 6 62 
117 1 60 16 6 
118 1 16 63 60 
119 1 16 64 
120 1 6 16 
121 1 6 16 65 
122 65 1 
123 1 
124 
125 
