1 1 
2 2 1 
3 2 1 
4 2 1 4 
5 2 1 4 5 
6 2 1 4 6 5 
7 2 1 4 7 6 5 
8 2 1 8 4 7 6 5 
9 2 1 8 4 7 6 9 5 
10 2 1 8 4 7 6 10 9 5 
11 2 1 8 4 7 6 10 11 9 5 
12 2 12 1 8 4 7 6 10 11 9 5 
13 2 12 1 13 8 4 7 6 10 11 9 5 
14 2 14 12 1 13 8 4 7 6 10 11 9 5 
15 2 14 12 1 13 8 4 7 6 10 11 9 5 
16 2 12 1 13 8 4 7 6 10 11 9 15 
17 2 14 12 1 13 8 4 7 6 10 11 9 
18 2 14 12 1 13 8 4 7 6 16 10 11 9 
19 2 14 12 9 10 11 1 13 8 4 7 6 17 16 
20 2 14 12 9 10 11 1 13 8 16 4 7 6 17 18 
21 2 14 12 9 10 11 1 13 8 16 4 7 6 17 
22 2 14 12 9 10 11 1 13 17 8 16 4 7 6 19 
23 2 14 12 9 10 11 1 13 17 8 16 4 7 6 
24 
25 2 14 12 9 10 11 1 13 17 8 6 16 4 20 7 
26 21 2 14 12 16 9 10 11 1 13 17 4 8 6 
27 21 2 14 12 16 9 10 11 1 13 6 17 4 22 8 
28 21 23 4 2 14 12 16 17 9 10 11 1 13 6 
29 21 23 4 24 2 14 12 16 17 9 6 10 11 1 13 
30 21 23 4 24 2 14 12 16 17 9 6 10 11 13 1 
31 21 23 4 24 2 1 14 12 16 17 9 6 10 11 13 25 
32 21 23 4 24 2 1 14 12 16 17 9 6 10 11 13 
33 21 23 4 24 1 26 2 
34 21 23 4 24 2 1 
35 21 23 4 24 27 2 
36 21 2 23 4 24 
37 21 2 23 4 24 28 
38 21 2 23 4 
39 21 2 23 29 4 
40 21 2 23 30 29 4 
41 21 4 2 23 30 31 29 
42 21 4 29 2 
43 2 21 4 
44 2 21 32 4 
45 2 33 21 32 4 
46 2 33 21 34 32 
47 32 2 
48 
49 
50 23 2 21 35 4 
51 23 2 21 36 35 4 
52 23 4 2 21 36 37 35 
53 23 4 35 2 
54 2 23 4 
55 2 23 38 4 
56 2 39 23 38 4 
57 2 39 23 40 38 
58 38 2 
59 
60 
61 14 12 16 17 9 6 2 4 23 21 24 10 11 1 
62 10 11 14 12 16 17 1 9 6 2 4 41 23 21 24 
63 10 11 14 12 16 17 1 9 6 2 4 41 23 21 24 42 
64 10 11 14 12 16 17 24 1 9 6 2 4 41 23 21 
65 10 11 14 12 16 17 21 23 24 1 9 6 2 4 41 
66 10 11 14 12 16 17 21 23 24 1 9 6 2 4 41 
67 10 11 14 12 16 17 21 23 1 9 6 2 4 41 24 43 
68 10 11 14 12 16 17 21 23 24 1 9 6 2 4 41 
69 10 11 14 12 16 17 21 23 24 1 9 6 2 4 41 
70 44 10 11 14 12 16 17 21 23 24 1 9 6 2 4 41 
71 44 10 11 14 12 16 17 21 23 24 1 9 6 41 2 45 
72 44 10 11 14 12 16 17 21 23 24 1 9 6 41 2 
73 44 10 11 14 12 16 17 21 23 24 9 6 1 41 46 2 
74 44 10 11 14 12 16 17 21 23 24 9 6 1 41 2 
75 44 10 11 14 12 16 17 21 23 24 9 6 41 2 1 
76 44 10 11 14 12 16 17 21 23 24 1 9 6 41 2 47 
77 44 10 11 14 12 16 17 21 23 24 1 9 6 41 2 
78 44 14 12 16 17 21 23 24 9 6 41 2 10 11 1 48 
79 44 14 12 16 17 21 23 24 9 6 41 2 10 11 1 
80 44 14 12 16 17 21 23 24 9 6 41 10 11 1 49 2 
81 44 14 12 16 17 21 23 24 9 6 41 2 10 11 1 
82 44 14 12 16 17 21 23 24 9 6 41 2 10 11 1 
83 44 14 12 16 17 21 23 24 9 6 41 10 11 1 50 2 
84 44 14 12 16 17 21 23 24 9 6 41 2 10 11 1 
85 44 10 11 14 12 16 17 21 23 24 1 9 6 41 51 2 
86 44 10 11 14 12 16 17 21 23 24 1 9 6 41 2 
87 44 10 11 14 12 16 17 21 23 24 1 9 6 
88 44 9 10 11 14 12 16 17 52 21 23 24 1 
89 44 9 10 11 1 14 
90 14 44 9 10 11 1 
91 
92 
