1 
2 2 
3 2 
4 3 2 
5 3 4 2 
6 3 4 5 2 
7 3 4 5 2 6 
8 3 4 5 2 
9 3 4 7 2 5 
10 3 4 7 2 8 5 
11 3 4 5 7 8 2 
12 3 4 7 2 5 8 9 
13 3 4 7 2 5 8 10 9 
14 3 4 7 2 5 8 9 10 
15 2 5 9 4 3 8 10 7 11 
16 2 5 9 4 3 11 8 10 7 12 
17 2 5 9 4 3 11 8 10 7 
18 7 2 5 8 9 10 4 3 13 11 
19 7 2 5 8 9 10 4 13 3 14 
20 7 2 5 8 9 10 4 13 3 14 
21 7 2 5 8 9 10 4 3 14 11 
22 7 2 5 8 9 10 4 13 3 14 
23 3 7 2 5 8 9 10 4 13 
24 3 4 7 2 5 8 9 10 
25 3 4 7 2 5 8 10 9 
26 3 4 7 2 5 8 10 9 
27 3 4 7 2 8 5 
28 3 4 7 2 8 5 
29 3 4 
30 3 4 2 15 5 
31 3 4 5 15 2 
32 3 4 5 15 2 8 
33 3 4 5 15 2 9 8 
34 3 4 2 5 15 8 9 
35 5 15 2 8 9 4 3 14 
36 3 5 15 2 8 9 4 14 
37 3 4 5 15 2 8 9 
38 3 4 5 15 2 9 8 
39 3 4 5 15 2 9 8 
40 3 4 2 15 5 
41 3 4 2 15 5 
42 3 4 16 
43 3 4 
44 
45 3 4 17 
46 17 
47 
