11 8 
12 1 
13 5 
14 10 12 4 13 6 
15 1 
16 5 
17 10 15 4 16 6 
18 14 17 
19 1 
20 1 
21 19 
22 4 
23 1 
24 21 22 
25 19 
26 20 24 
27 25 
28 23 26 
29 3 
30 19 
31 28 29 
32 19 
33 31 
34 27 32 
35 30 33 
36 18 34 
37 35 
38 17 36 
39 9 
40 3 
41 39 27 
42 38 40 
43 37 41 
45 3 
46 18 43 
47 44 
48 17 27 
49 9 10 1 
50 45 2 
51 9 10 1 
52 46 2 
54 5 
55 9 10 11 
56 9 10 11 
57 9 10 11 
58 9 10 11 
60 49 
61 50 
62 51 
63 52 
64 49 
65 54 4 48 7 
66 50 
67 56 4 48 7 
68 51 
69 58 4 48 7 
70 52 
71 60 4 48 7 
72 3 
73 62 
74 42 63 
75 3 
76 65 
77 1 
78 66 67 
80 55 57 
81 3 
82 55 57 
83 72 
84 42 70 71 73 69 
85 69 
86 1 
87 74 
88 69 2 
89 9 10 1 
90 1 
91 76 
92 75 2 
94 64 59 64 57 77 
95 77 2 
97 64 68 
98 64 68 
99 79 59 80 59 78 
100 78 2 
102 64 61 64 55 81 
103 81 2 
105 64 68 
106 64 68 
107 83 61 84 61 82 
108 82 2 
109 9 10 1 
110 85 2 
111 75 2 
112 69 2 
113 1 
114 86 2 
115 1 
116 87 
117 9 10 11 
118 88 
119 88 
120 89 4 48 7 
121 3 
122 90 
123 4 
124 91 47 
125 27 92 
126 93 
127 4 
128 94 47 
129 27 95 
130 96 
132 42 47 
133 27 47 
134 47 
135 47 
136 98 99 100 101 97 
137 97 2 
138 97 2 
139 1 
140 102 
141 9 10 11 
142 88 
143 88 
144 103 4 48 7 
146 3 
147 42 106 
148 42 104 107 104 105 
149 105 2 
150 7 
151 108 4 48 7 
152 109 47 
153 7 
154 110 4 48 7 
155 111 47 
156 45 2 
157 3 
158 112 
160 113 
162 114 
163 9 10 11 
164 115 
166 115 
167 116 117 
168 116 115 
169 118 
170 119 
171 9 10 11 
172 9 10 11 
173 9 10 11 
174 9 10 11 
175 121 
176 68 124 
177 125 
178 114 
180 120 
181 68 126 
182 127 
183 114 
185 123 
186 68 128 
187 129 
188 68 4 48 7 
190 3 
191 131 
192 42 132 
193 133 34 59 130 
194 130 113 
196 122 
197 68 134 
198 135 
199 68 4 48 7 
201 3 
202 137 
203 42 138 
204 139 34 59 136 
205 136 113 
206 113 
207 116 
209 113 
210 140 
211 141 
212 140 
213 142 
214 143 114 
216 114 
217 140 
218 144 
219 140 
220 145 
221 146 
222 147 
223 146 
224 149 
225 3 
226 148 150 59 2 1 
228 148 59 2 1 
230 114 
231 151 
232 47 
233 3 
234 153 
235 42 154 
236 152 2 155 55 1 
237 114 
238 156 
239 47 
240 3 
241 158 
242 42 159 
243 157 2 160 57 1 
244 3 
245 161 
246 53 
247 3 
248 162 
249 162 8 9 10 53 1 
