1 1 
2 1 2 
3 1 3 2 
4 1 4 3 2 
5 1 2 4 5 3 
6 1 3 2 
7 1 2 6 3 
8 1 3 2 
9 1 2 7 3 
10 1 3 2 
11 1 2 8 3 
12 1 3 2 
13 1 2 9 3 
14 1 3 2 
15 1 2 10 3 
16 1 3 2 
17 1 2 11 3 
18 1 3 2 
19 1 2 12 3 
20 1 3 2 
21 1 2 13 3 
22 1 3 2 
23 1 2 14 3 
24 1 3 2 
25 2 1 15 3 
26 2 3 1 
27 1 2 16 3 
28 3 1 2 
29 3 1 17 2 
30 3 1 17 2 18 
31 3 1 18 17 2 
32 3 1 18 19 17 2 
33 2 3 1 18 19 20 17 
34 2 17 3 1 
35 2 17 1 21 3 
36 2 17 3 1 
37 2 17 1 22 3 
38 2 3 17 1 
39 1 2 3 23 17 
40 17 1 2 
41 17 1 2 24 
42 17 1 24 2 
43 17 1 24 2 
44 17 1 24 2 25 
45 17 1 24 25 2 
46 17 1 24 25 2 
47 17 1 24 25 26 2 
48 2 17 1 27 24 25 26 
49 2 17 26 1 
50 2 17 28 26 
51 2 26 17 
52 17 2 
53 2 29 17 
54 17 2 
55 30 17 
56 17 
57 17 31 
58 17 31 32 
59 17 32 31 
60 17 31 
61 31 
62 
