1 1 
2 2 1 
3 3 2 1 
4 4 3 2 1 
5 4 3 5 1 2 
6 4 3 5 2 1 
7 4 3 5 1 2 6 
8 4 3 5 1 2 
9 4 3 7 1 5 
10 4 3 7 1 8 5 
11 4 3 5 7 8 1 
12 4 3 7 1 5 8 9 
13 4 3 7 1 5 8 10 9 
14 4 3 7 1 5 8 9 10 
15 4 3 1 5 9 11 8 10 7 
16 4 3 1 5 9 12 11 8 10 7 
17 4 3 7 1 5 8 9 10 13 12 11 
18 4 3 7 1 5 8 9 10 13 12 11 14 
19 4 3 7 1 5 8 9 10 13 12 11 
20 3 7 1 5 8 9 10 13 12 4 11 
21 4 3 7 1 5 8 9 10 13 12 
22 4 3 7 1 5 8 9 10 13 12 15 
23 4 3 7 1 5 8 9 10 13 12 
24 3 7 1 5 8 9 10 13 4 12 
25 4 3 7 1 5 8 9 10 13 
26 4 3 7 1 5 8 9 10 13 16 
27 4 3 7 1 5 8 9 10 13 
28 3 7 1 5 8 9 10 4 13 
29 4 3 7 1 5 8 9 10 
30 4 3 7 1 5 8 10 9 
31 4 3 7 1 5 8 10 9 
32 4 3 7 1 8 5 
33 4 3 7 1 8 5 
34 4 3 
35 4 3 5 1 
36 4 3 5 1 17 
37 4 3 5 1 
38 4 3 18 1 5 
39 4 3 18 1 8 5 
40 4 3 5 18 8 1 
41 4 3 18 1 5 8 9 
42 4 3 18 1 5 8 10 9 
43 4 3 18 1 5 8 9 10 
44 4 3 1 5 9 11 8 10 18 
45 4 3 18 1 5 8 9 10 12 11 
46 4 3 18 1 5 8 9 10 12 11 19 
47 4 3 18 1 5 8 9 10 12 11 
48 4 3 18 1 5 8 9 10 12 
49 4 3 18 1 5 8 9 10 12 20 
50 4 3 18 1 5 8 9 10 12 
51 4 3 18 1 5 8 9 10 
52 4 3 18 1 5 8 10 9 
53 4 3 18 1 5 8 10 9 
54 4 3 18 1 8 5 
55 4 3 18 1 8 5 
56 4 3 
57 4 3 1 21 5 
58 4 3 5 21 1 
59 4 3 5 21 1 8 
60 4 3 5 21 1 9 8 
61 4 3 1 5 21 8 9 
62 4 3 5 21 1 8 9 22 
63 4 3 5 21 1 8 9 22 23 
64 4 3 5 21 1 8 9 22 
65 3 5 21 1 8 9 4 22 
66 4 3 5 21 1 8 9 
67 4 3 5 21 1 9 8 
68 4 3 5 21 1 9 8 
69 4 3 1 21 5 
70 4 3 1 21 5 
71 3 4 24 
72 3 4 
73 
74 3 4 25 
75 25 
76 
