1 1 
2 2 1 
3 3 2 1 
4 3 4 2 1 
5 5 3 4 2 1 
6 6 5 3 4 2 1 
7 7 6 5 3 4 2 1 
8 8 7 6 5 3 4 2 1 
9 8 7 6 5 9 3 4 2 1 
10 10 8 7 6 5 9 3 4 2 1 
11 11 10 8 7 6 5 9 3 4 2 1 
12 12 11 10 8 7 6 5 9 3 4 2 1 
13 13 12 11 10 8 7 6 5 9 3 4 2 1 
14 14 13 12 11 10 8 7 6 5 9 3 4 2 1 
15 15 14 13 12 11 10 8 7 6 5 9 3 4 2 1 
16 15 14 13 12 11 10 8 7 6 5 9 3 4 2 1 
17 15 14 13 12 11 10 8 7 6 5 9 3 4 2 1 16 
18 15 14 13 12 11 10 8 7 6 5 9 3 4 2 1 
19 15 14 13 12 11 10 8 7 6 5 9 3 4 2 1 
20 15 14 13 12 11 10 8 7 6 5 9 3 4 2 1 
21 15 14 13 12 11 10 8 7 6 5 9 3 4 2 1 
22 15 14 13 12 11 10 8 7 6 5 9 3 4 2 1 
23 15 14 13 12 11 10 8 7 6 5 9 3 4 2 1 
24 15 14 13 12 11 10 8 7 6 5 9 3 4 2 1 
25 15 14 13 12 11 10 8 7 6 5 9 3 4 2 1 
26 15 14 13 12 11 10 8 7 6 5 9 3 4 2 1 
27 15 14 13 12 11 10 8 7 6 5 9 3 4 1 
28 15 14 13 12 11 10 8 7 6 5 9 3 4 1 17 
29 15 14 13 12 11 10 8 7 6 5 9 3 4 1 17 
30 15 14 13 12 11 10 8 7 6 5 9 3 4 1 
31 15 14 13 12 11 10 8 7 6 5 9 3 4 1 18 
32 15 14 13 12 11 10 8 7 6 5 9 3 4 1 18 
33 15 14 13 12 11 10 8 7 6 5 9 1 3 4 
34 15 14 13 12 11 10 8 7 6 5 9 1 3 4 19 
35 15 14 13 12 11 10 8 7 6 5 9 19 1 
36 15 14 13 12 11 10 8 7 6 5 1 9 
37 15 14 13 12 11 10 8 7 6 5 1 
38 15 14 13 12 11 10 8 7 6 1 5 
39 15 14 13 12 11 10 8 7 1 6 
40 15 14 13 12 11 10 8 1 7 
41 15 14 13 12 11 10 1 8 
42 15 14 13 12 11 10 1 
43 15 14 13 12 11 10 1 
44 15 1 14 13 12 11 10 
45 15 1 10 14 13 12 11 
46 15 1 10 11 14 13 12 
47 15 1 10 11 12 14 13 
48 15 1 10 11 12 13 14 
49 15 1 10 11 12 13 14 
50 15 1 20 
51 15 1 
52 15 1 
53 15 1 
54 1 
55 1 
56 1 
57 1 
58 1 
59 1 21 
60 21 1 22 
61 1 21 
62 21 1 23 
63 1 21 
64 1 24 
65 1 
66 1 
67 1 25 
68 1 
69 1 26 
70 1 26 
71 1 
72 1 
73 1 27 
74 1 28 
75 1 29 
76 1 
77 1 
78 1 30 
79 1 30 
80 
81 
