1 1 
2 2 1 
3 1 2 
4 
5 1 2 3 
6 1 2 
7 
8 4 1 
9 1 5 4 
10 4 1 5 6 
11 4 1 
12 
13 1 7 4 
14 4 1 7 8 
15 4 1 
16 
17 1 9 4 
18 4 1 10 9 
19 4 1 11 
20 4 1 
21 
22 1 12 4 
23 4 1 12 13 
24 4 1 14 
25 4 1 
26 
27 1 15 4 
28 4 1 15 16 
29 4 1 17 
30 4 1 
31 
32 1 18 4 
33 4 1 18 19 
34 4 1 
35 
36 1 20 4 
37 4 1 20 21 
38 4 1 22 
39 4 1 
40 
41 1 23 4 
42 4 1 23 24 
43 4 1 
44 
45 1 25 4 
46 4 1 25 26 
47 4 1 27 
48 4 1 
49 
50 1 28 4 
51 4 1 28 29 
52 4 1 30 
53 4 1 
54 
55 1 31 4 
56 4 1 31 32 
57 4 1 
58 
59 1 33 4 
60 4 1 34 33 
61 4 1 35 
62 4 1 
63 
64 1 36 4 
65 4 1 36 37 
66 4 1 38 
67 4 1 
68 
69 1 4 39 
70 1 4 
71 1 40 4 
72 1 40 4 
73 1 40 4 
74 4 1 40 41 
75 4 1 
76 
77 1 42 4 
78 4 1 42 43 
79 4 1 44 
80 4 1 
81 
82 1 45 4 
83 4 1 46 45 
84 4 1 47 
85 4 1 
86 
87 1 48 4 
88 4 1 48 49 
89 4 1 50 
90 4 1 
91 
92 1 51 4 
93 4 1 51 52 
94 4 1 53 
95 4 1 
96 
97 54 4 
98 54 55 
99 56 
100 
101 
102 
