1 1 
2 2 1 
3 2 1 3 
4 2 1 3 4 
5 2 1 3 4 5 
6 6 2 1 3 4 5 
7 6 2 1 3 4 5 7 
8 8 6 2 1 3 4 5 7 
9 8 6 9 2 1 3 4 5 7 
10 8 6 9 2 1 3 4 5 7 
11 
12 8 6 9 2 4 5 1 10 
13 10 8 6 9 2 4 5 1 
14 
15 10 8 6 9 4 5 1 11 2 
16 10 8 6 9 2 4 5 1 
17 10 8 6 4 5 1 9 12 2 
18 10 2 8 6 4 5 1 9 
19 10 2 9 8 6 4 5 1 
20 10 2 9 8 1 6 13 
21 10 2 9 8 1 6 13 
22 10 2 9 8 1 6 13 
23 10 2 9 13 14 8 1 6 
24 10 2 6 9 13 14 8 15 1 
25 10 2 16 6 9 8 1 13 
26 10 2 16 13 6 9 8 17 1 
27 10 2 16 13 6 1 9 8 18 
28 10 2 16 13 6 1 9 8 
29 6 1 9 8 10 2 13 16 19 
30 6 1 9 8 10 2 20 13 16 
31 16 6 1 9 8 10 2 20 13 21 
32 16 6 1 9 8 10 2 20 22 13 
33 16 6 1 9 8 10 2 20 22 23 13 
34 16 6 1 9 8 10 2 20 22 23 24 13 
35 16 13 6 1 9 8 10 2 20 22 23 24 25 
36 10 2 16 13 6 1 9 8 26 
37 10 2 16 13 6 1 9 8 26 
38 10 2 16 13 6 1 9 27 8 
39 10 2 16 13 8 6 1 9 28 
40 10 2 16 13 8 6 1 9 
41 10 2 16 8 6 1 
42 10 2 16 8 1 6 13 
43 10 2 16 8 1 6 13 
44 10 2 16 8 1 6 13 
45 10 2 16 13 8 1 6 
46 10 2 13 29 8 1 6 
47 10 2 13 29 8 30 1 
48 10 2 16 13 
49 10 2 13 16 
50 10 2 13 16 31 
51 10 2 32 13 16 
52 10 2 32 13 33 
53 10 2 32 34 13 
54 10 2 32 34 35 13 
55 10 2 32 34 35 36 13 
56 10 2 32 34 35 36 37 
57 
58 
