1 1 
2 2 1 
3 2 3 1 
4 2 4 3 1 
5 2 4 5 3 1 
6 2 6 4 5 3 1 
7 7 2 6 4 5 3 1 
8 8 7 2 6 4 5 3 1 
9 8 7 2 6 4 5 1 3 9 
10 8 7 2 6 4 5 1 3 10 
11 8 7 2 6 4 5 1 3 
12 
13 8 7 2 6 4 5 1 11 3 
14 8 7 2 6 4 5 1 3 12 11 
15 8 7 2 6 4 13 5 1 11 3 
16 8 7 2 6 4 13 5 1 14 11 
17 8 7 2 11 15 6 4 13 5 1 
18 8 7 2 11 15 6 4 13 5 1 16 
19 8 7 2 16 11 15 6 4 13 5 1 
20 8 7 2 16 11 15 6 1 4 13 5 17 
21 8 7 2 16 11 15 6 1 18 4 13 5 
22 8 7 2 13 5 16 19 11 4 15 6 1 
23 8 7 2 13 5 1 16 19 11 4 15 6 20 
24 8 7 2 13 5 1 16 19 11 21 4 15 6 
25 8 7 2 15 6 4 13 5 1 16 19 22 11 
26 8 7 2 15 6 4 13 5 1 16 19 22 11 23 
27 8 7 2 15 6 4 13 5 1 16 19 22 11 
28 8 7 2 15 6 4 13 5 1 24 16 19 
29 8 7 2 15 6 4 13 5 1 24 25 16 
30 8 7 2 16 15 6 4 13 5 1 
31 8 7 2 16 15 6 4 13 5 26 1 
32 8 7 2 1 16 15 6 4 13 5 26 27 
33 8 7 2 1 16 15 6 4 13 5 26 28 
34 8 7 2 1 16 15 6 4 13 5 26 
35 8 7 2 16 15 6 1 4 13 5 29 26 
36 8 7 2 16 15 6 26 1 30 4 13 5 
37 8 7 2 13 5 16 19 4 15 6 26 1 
38 8 7 2 13 5 1 16 19 4 15 6 31 26 
39 8 7 2 13 5 1 26 16 19 4 15 6 31 32 
40 8 7 2 13 5 1 26 16 19 33 4 15 6 
41 8 7 2 15 6 4 13 5 1 26 16 19 22 
42 8 7 2 15 6 4 13 5 1 26 34 16 19 
43 8 7 2 15 6 4 13 5 1 26 34 35 16 
44 8 7 2 16 15 6 4 13 5 1 26 
45 8 7 2 16 15 6 4 13 5 26 1 
46 8 7 2 16 15 6 4 13 5 26 1 
47 8 16 7 2 1 
48 8 16 7 2 1 
49 8 16 7 2 1 15 6 4 13 5 22 19 11 36 
50 8 16 7 2 1 15 6 4 13 5 22 19 
51 8 7 2 15 6 4 13 5 1 37 16 22 
52 8 7 2 15 6 4 13 5 1 37 38 16 
53 8 7 2 16 15 6 4 13 5 1 
54 8 7 2 16 15 6 4 13 5 26 1 
55 8 7 2 1 16 15 6 4 13 5 26 39 
56 8 7 2 1 16 15 6 4 13 5 26 40 
57 8 7 2 1 16 15 6 4 13 5 26 
58 8 7 2 16 15 6 1 4 13 5 41 26 
59 8 7 2 16 15 6 26 1 42 4 13 5 
60 8 7 2 13 5 16 19 4 15 6 26 1 
61 8 7 2 13 5 1 16 19 4 15 6 43 26 
62 8 7 2 13 5 1 26 16 19 4 15 6 43 44 
63 8 7 2 13 5 1 26 16 19 45 4 15 6 
64 8 7 2 15 6 4 13 5 1 26 16 22 19 
65 8 7 2 15 6 4 13 5 1 26 46 16 22 
66 8 7 2 15 6 4 13 5 1 26 46 47 16 
67 8 7 2 16 15 6 4 13 5 1 26 
68 8 7 2 16 15 6 4 13 5 26 1 
69 8 7 2 16 15 6 4 13 5 26 1 
70 8 16 7 2 1 
71 8 16 7 2 1 48 
72 8 16 7 2 1 
73 8 7 1 16 49 2 
74 8 7 1 16 2 
75 8 16 7 2 1 
76 8 16 7 1 2 50 
77 8 16 7 1 2 
78 8 16 7 1 2 51 
79 8 16 7 1 2 
80 8 7 16 1 52 2 
81 8 7 16 2 1 
82 8 7 1 16 53 2 
83 8 7 1 16 2 
84 8 16 7 1 
85 8 16 7 54 1 
86 8 16 7 54 55 1 
87 
88 
