1 1 
2 1 2 
3 1 2 3 
4 1 2 3 4 
5 1 2 3 4 5 
6 1 2 6 3 4 5 
7 1 2 6 3 4 5 7 
8 1 2 6 3 4 5 
9 1 5 2 6 3 4 8 
10 1 5 2 6 3 9 4 
11 1 5 2 6 4 3 9 10 
12 1 5 2 9 6 4 3 11 
13 1 5 2 9 6 4 3 
14 
15 1 5 2 3 9 6 12 4 
16 1 5 2 13 6 3 
17 1 5 2 13 6 14 
18 1 5 2 13 6 15 14 
19 14 1 5 2 13 6 15 16 
20 14 1 5 2 13 6 17 
21 14 1 5 2 13 6 
22 14 1 5 2 13 18 6 
23 14 1 5 2 13 19 18 6 
24 14 6 1 5 2 13 19 20 18 
25 14 6 1 5 2 18 
26 14 6 1 21 5 2 
27 14 6 1 21 5 2 
28 14 1 5 2 13 22 6 
29 14 1 5 2 23 13 22 6 
30 14 6 1 5 2 23 13 24 22 
31 14 6 1 5 2 22 
32 14 6 1 21 5 2 
33 14 6 1 21 5 2 
34 25 
35 25 
36 
37 26 14 6 1 21 2 5 
38 26 14 6 1 21 5 2 27 
39 26 14 6 1 21 5 28 2 
40 26 14 6 1 21 2 5 
41 26 14 6 1 21 5 29 2 
42 26 14 6 1 21 2 5 
43 26 14 6 1 5 21 30 2 
44 26 14 6 1 5 21 2 
45 26 2 14 6 1 21 5 
46 26 2 14 6 1 21 31 5 
47 26 2 14 6 32 1 21 5 31 
48 26 2 31 14 6 32 1 21 5 
49 26 31 14 6 32 1 5 21 33 2 
50 26 31 2 14 6 32 1 5 21 
51 26 31 2 14 6 34 32 1 5 
52 26 31 5 2 14 6 34 35 32 1 
53 26 31 5 2 14 6 34 35 36 32 1 
54 26 31 2 5 37 
55 26 31 2 5 37 38 
56 26 31 2 39 5 37 
57 26 37 31 2 39 5 40 
58 26 37 31 2 39 41 5 
59 26 37 5 31 2 39 41 42 
60 26 31 37 43 2 5 
61 26 31 37 5 43 44 2 
62 26 31 37 5 43 2 
63 26 31 37 2 5 
64 26 31 5 37 45 2 
65 26 31 2 5 37 
66 26 31 2 5 37 46 
67 26 31 2 47 5 37 
68 26 31 2 47 5 48 
69 26 31 2 47 49 5 
70 26 31 2 47 49 50 
71 26 2 
72 
73 
74 1 2 6 3 4 5 51 
75 1 2 6 3 4 5 
76 1 5 2 6 3 4 52 
77 1 5 2 6 3 9 4 52 
78 1 52 5 2 6 3 9 10 4 
79 1 52 5 2 6 4 3 9 10 10 
80 1 10 52 5 2 10 9 6 4 3 53 
81 1 10 52 5 2 10 9 6 4 3 
82 
83 1 10 52 5 2 10 3 9 6 54 4 
84 1 9 10 52 5 2 14 10 6 4 3 
85 1 9 10 52 5 2 3 14 10 6 55 4 
86 1 10 9 10 52 5 2 6 3 14 26 
87 1 10 9 10 52 5 2 56 6 3 14 26 
88 1 26 10 14 9 10 52 5 2 57 56 6 3 
89 1 26 10 14 9 10 52 5 2 57 56 6 14 
90 1 26 10 14 9 10 52 5 2 57 56 6 58 14 
91 1 26 10 14 9 10 52 5 2 57 56 6 58 14 59 
92 14 1 26 10 14 9 10 52 5 2 57 56 6 58 
93 14 1 26 10 14 9 10 52 5 2 57 6 56 60 
94 14 1 26 10 14 9 10 52 5 2 56 57 6 
95 14 1 26 10 14 9 10 52 5 2 56 6 57 61 
96 14 1 26 10 14 9 10 52 5 2 57 56 6 
97 14 1 26 10 14 9 10 52 5 2 62 57 56 6 
98 14 1 26 10 14 9 10 52 5 2 63 62 6 57 56 
99 14 1 26 10 14 9 10 52 5 2 56 63 64 62 6 
100 14 6 1 26 10 14 9 10 52 5 2 56 63 64 65 62 
101 14 6 1 26 10 14 9 10 52 5 2 62 
102 14 6 1 26 10 14 9 10 58 52 5 2 
103 14 6 1 26 10 14 9 10 58 52 5 2 
104 6 1 26 10 14 9 10 58 52 5 2 57 56 14 66 
105 14 6 1 26 10 14 9 10 58 52 5 2 57 56 
106 14 1 26 10 14 9 10 52 5 2 57 6 56 67 
107 14 1 26 10 14 9 10 52 5 2 56 57 6 
108 14 1 26 10 14 9 10 52 5 2 56 6 57 68 
109 14 1 26 10 14 9 10 52 5 2 57 56 6 
110 14 1 26 10 14 9 10 52 5 2 69 57 56 6 
111 14 1 26 10 14 9 10 52 5 2 70 69 57 56 6 
112 14 6 1 26 10 14 9 10 52 5 2 70 71 69 57 56 
113 14 6 1 26 10 14 9 10 52 5 2 70 56 71 72 69 
114 14 6 1 26 10 14 9 10 52 5 2 69 
115 14 6 1 26 10 14 9 10 58 52 5 2 
116 26 14 6 1 26 10 14 9 10 58 52 2 5 
117 26 14 6 1 26 10 14 9 10 58 52 5 2 73 
118 26 14 6 1 26 10 14 9 10 58 52 5 74 2 
119 26 14 6 1 26 10 14 9 10 58 2 52 5 
120 26 14 6 1 5 26 10 14 9 10 58 2 52 75 
121 26 14 6 1 5 26 10 14 9 10 58 2 52 75 76 
122 26 14 6 1 5 26 10 14 9 10 58 2 52 75 
123 26 14 6 1 5 26 10 14 9 10 58 77 2 52 
124 26 14 6 1 5 26 10 14 9 10 52 58 77 2 78 
125 26 14 6 1 5 26 10 14 9 10 52 58 77 2 78 
126 26 14 6 1 5 26 10 14 9 10 52 58 77 2 
127 26 14 6 1 5 26 10 14 9 10 52 58 2 
128 26 14 6 1 5 26 10 14 9 10 52 58 2 
129 26 14 6 1 5 26 10 14 9 10 52 58 2 
130 26 2 14 6 58 1 5 26 10 14 9 10 52 
131 26 2 14 6 58 1 5 26 10 14 9 10 52 79 
132 26 2 14 6 58 1 5 26 10 14 9 10 52 
133 26 2 14 6 58 1 5 26 10 14 9 10 52 80 
134 26 2 14 6 58 1 5 26 10 14 9 10 52 
135 26 58 1 5 26 10 14 9 10 2 52 6 14 81 
136 26 14 58 1 5 26 10 14 9 10 2 52 6 
137 26 14 58 1 5 26 10 14 9 10 2 52 6 82 
138 26 14 58 1 5 26 82 10 14 9 10 2 52 6 
139 26 14 58 1 5 83 26 82 10 14 9 10 2 52 6 
140 26 14 6 58 1 5 83 26 84 82 10 14 9 10 2 52 
141 26 14 6 58 1 5 83 26 84 82 10 14 9 10 52 85 2 
142 26 14 6 58 1 5 83 26 84 82 10 14 9 10 2 52 
143 26 14 6 58 1 5 83 26 84 82 10 14 9 10 86 2 
144 26 2 14 6 58 1 5 83 26 84 82 10 14 9 10 
145 26 2 14 6 58 1 5 83 26 84 82 10 10 14 87 
146 26 2 14 6 58 1 5 83 26 84 82 10 10 14 
147 26 14 6 58 1 5 83 26 84 10 10 82 2 
148 26 2 14 6 58 1 5 83 26 84 82 10 10 
149 26 2 14 6 58 1 5 83 26 84 82 88 
150 26 2 14 6 58 1 5 83 26 84 82 
151 26 14 6 58 1 5 82 2 
152 26 2 14 6 58 1 5 
153 26 2 14 6 58 1 5 
154 26 14 58 1 5 26 10 14 9 10 2 52 6 89 
155 26 14 58 1 5 26 89 10 14 9 10 2 52 6 
156 26 14 58 1 5 26 83 89 10 14 9 10 2 52 6 
157 26 14 6 58 1 5 26 83 84 89 10 14 9 10 2 52 
158 26 14 6 58 1 5 26 83 84 89 10 14 9 10 52 90 2 
159 26 14 6 58 1 5 26 83 84 89 10 14 9 10 2 52 
160 26 14 6 58 1 5 26 83 84 89 10 14 9 10 91 2 
161 26 2 14 6 58 1 5 26 83 84 89 10 14 9 10 
162 26 2 14 6 58 1 5 26 83 84 89 10 10 14 92 
163 26 2 14 6 58 1 5 26 83 84 89 10 10 14 
164 26 14 6 58 1 5 26 83 84 10 10 89 2 
165 26 2 14 6 58 1 5 26 83 84 89 10 10 
166 26 2 14 6 58 1 5 26 83 84 89 93 
167 26 2 14 6 58 1 5 26 83 84 89 
168 26 14 6 58 1 5 89 2 
169 26 2 14 6 58 1 5 
170 26 2 14 6 58 1 94 5 
171 26 2 14 6 58 95 1 5 94 
172 26 2 94 14 6 58 95 1 5 
173 26 94 14 6 58 95 1 5 33 2 
174 26 94 2 14 6 58 95 1 5 
175 26 94 2 14 6 58 96 95 1 5 
176 26 94 5 2 14 6 58 96 97 95 1 
177 26 94 2 5 98 
178 26 94 2 5 98 99 
179 26 94 2 100 5 98 
180 26 98 94 2 100 5 101 
181 26 98 94 2 100 102 5 
182 26 98 5 94 2 100 102 103 
183 26 94 98 43 2 5 
184 26 94 98 5 43 104 2 
185 26 94 98 5 43 2 
186 26 94 98 2 5 
187 26 94 5 98 105 2 
188 26 94 2 5 98 
189 26 94 2 5 98 106 
190 26 94 2 107 5 98 
191 26 94 2 107 5 108 
192 26 94 2 107 109 5 
193 26 94 2 107 109 110 
194 26 2 
195 
196 
