1 1 
2 1 2 
3 2 1 
4 2 1 3 
5 2 1 
6 2 1 4 
7 2 1 5 
8 2 1 
9 2 1 6 
10 2 7 1 
11 2 1 7 8 
12 2 1 
13 2 1 9 
14 2 1 10 
15 2 1 11 
16 2 1 11 12 
17 2 1 11 
18 11 2 1 13 
19 11 2 1 14 
20 11 2 1 14 15 
21 11 2 16 1 14 
22 11 2 16 1 14 17 
23 11 2 16 17 1 14 
24 11 2 16 17 1 18 
25 11 2 16 17 1 19 
26 11 2 16 17 20 1 
27 1 11 2 16 17 21 
28 1 11 2 16 17 21 22 
29 1 11 2 16 17 21 23 22 
30 1 11 2 16 17 21 23 22 24 
31 1 11 24 2 
32 2 1 11 
33 2 1 11 
34 2 
35 2 1 25 
36 2 25 1 
37 2 1 25 26 
38 2 1 25 27 
39 2 1 25 28 
40 2 1 25 28 29 
41 2 1 25 28 
42 2 28 1 25 30 
43 2 28 1 25 31 
44 2 28 1 31 32 25 
45 2 1 25 28 31 33 
46 2 1 25 28 31 
47 25 28 2 1 31 34 
48 25 28 2 34 1 31 
49 25 28 2 31 34 1 35 
50 25 28 2 31 34 36 1 
51 25 28 2 1 31 34 37 
52 25 28 2 1 31 38 34 
53 25 28 2 1 31 39 
54 25 28 2 40 1 31 
55 25 28 2 31 40 1 41 
56 25 28 2 31 40 42 1 
57 25 28 2 1 31 40 43 
58 25 28 2 1 31 44 40 
59 25 28 2 1 31 45 
60 25 28 2 46 1 31 
61 25 28 2 46 1 31 47 
62 25 28 2 46 47 1 31 
63 25 28 2 46 47 1 48 
64 25 28 2 46 47 1 49 
65 25 28 2 46 47 50 1 
66 1 25 28 2 46 47 51 
67 1 25 28 2 46 47 51 23 
68 1 25 28 2 46 47 51 23 23 
69 1 25 28 2 46 47 51 23 23 52 
70 1 25 28 52 2 
71 2 1 25 28 
72 2 1 25 28 
73 
