1 1 
2 1 2 
3 1 3 2 
4 1 4 3 2 
5 1 4 5 3 2 
6 1 3 4 2 5 6 
7 1 3 4 2 5 7 
8 5 1 3 4 2 
9 3 4 2 5 8 1 
10 3 4 2 5 8 1 9 
11 3 4 2 5 8 1 
12 3 4 2 1 5 10 8 
13 3 4 2 1 5 10 11 8 
14 3 4 2 1 5 10 12 11 
15 3 4 2 1 5 11 10 
16 3 4 2 1 5 13 
17 5 3 4 2 1 
18 5 3 4 2 1 
19 3 4 2 1 5 8 14 
20 3 4 2 1 5 15 
21 5 3 4 2 1 
22 5 16 3 4 2 
23 5 16 3 4 2 17 
24 5 16 3 4 2 
25 5 16 3 4 18 
26 3 4 18 5 19 16 
27 16 3 4 18 5 20 
28 5 16 3 4 18 
29 3 4 18 5 21 16 
30 16 3 4 18 5 22 
31 5 16 3 4 18 
32 3 4 18 5 23 16 
33 16 3 4 18 5 24 
34 5 16 3 4 18 
35 3 4 18 5 25 16 
36 16 3 4 18 5 26 
37 5 16 3 4 18 
38 3 4 18 5 27 16 
39 16 3 4 18 5 28 
40 5 16 3 4 18 
41 5 29 16 
42 5 30 
43 5 
44 
