1 1 
2 2 
3 3 
4 4 
5 5 
7 6 
9 7 
12 8 
13 9 
14 10 
15 11 
16 12 
17 13 
18 14 
19 15 
20 16 
21 17 
23 18 
24 19 
25 20 
27 13 
28 16 
30 21 
32 22 
33 23 
34 24 
37 22 
38 25 
39 26 
41 27 
43 28 
44 27 
45 29 
46 30 
47 31 
49 32 
51 30 
53 30 
54 33 
56 34 
58 35 
60 36 
62 37 
64 37 
65 38 
66 39 
68 40 
69 41 
70 42 
71 43 
72 44 
76 45 
78 46 
80 46 
81 33 
82 47 
84 48 
86 33 
88 49 
90 50 
92 51 
94 52 
96 52 
97 53 
98 54 
100 55 
101 56 
102 57 
103 58 
104 59 
108 60 
110 61 
112 61 
113 33 
114 47 
116 33 
118 62 
120 63 
122 64 
124 65 
126 65 
127 66 
128 67 
130 68 
131 69 
132 70 
133 71 
134 72 
138 73 
140 74 
142 74 
143 33 
144 47 
145 75 
146 76 
147 77 
149 78 
153 18 
154 19 
155 13 
157 13 
158 15 
159 16 
