1 2 
2 3 
3 4 5 
4 
5 6 
6 7 94 
7 8 
8 9 
9 10 11 
10 11 
11 12 
12 13 
13 14 
14 15 
15 16 19 
16 17 
17 18 
18 24 
19 20 
20 21 
21 22 24 
22 23 
23 24 
24 25 
25 26 28 
26 27 
27 28 
28 29 
29 30 
30 31 
31 32 34 
32 33 
33 91 
34 35 
35 36 
36 37 62 
37 38 
38 39 
39 40 
40 41 
41 42 
42 43 47 
43 44 
44 45 
45 46 
46 47 
47 48 
48 49 
49 50 55 
50 51 
51 52 62 
52 53 
53 54 
54 62 
55 56 
56 57 
57 58 62 
58 59 
59 60 62 
60 61 
61 62 
62 63 
63 64 85 
64 65 
65 66 71 
66 67 
67 68 
68 69 
69 70 
70 74 
71 72 
72 73 
73 74 
74 75 
75 76 81 
76 77 
77 78 
78 79 
79 80 
80 91 
81 82 
82 83 
83 84 
84 91 
85 86 
86 87 
87 88 
88 89 
89 90 
90 91 
91 92 
92 93 
93 94 
94 
