1 1 
2 2 1 
3 3 2 1 
4 4 3 2 1 
5 4 3 5 2 1 
6 6 4 3 5 2 1 
7 6 7 4 3 5 2 1 
8 6 7 8 4 3 5 2 1 
9 6 7 8 4 2 1 3 9 5 
10 6 7 8 4 2 1 3 9 10 5 
11 6 7 8 4 2 5 1 3 9 10 11 
12 6 7 8 4 2 5 1 3 9 10 
13 6 7 8 4 2 5 1 3 12 
14 6 7 8 4 2 5 1 3 13 
15 6 7 8 4 2 5 1 3 14 
16 6 7 8 4 2 5 1 3 10 
17 6 7 8 4 2 5 1 3 10 
18 6 7 8 4 2 5 1 3 10 9 15 
19 6 7 8 4 2 5 1 3 10 9 
20 6 7 8 4 2 5 1 3 16 
21 6 7 8 4 2 5 1 3 17 
22 6 7 8 4 2 5 1 3 10 
23 18 6 7 8 4 2 5 1 
24 18 6 7 8 4 19 2 1 
25 18 6 7 8 4 19 2 20 
26 18 6 7 8 4 19 2 21 
27 18 6 7 8 4 19 2 21 22 
28 18 6 7 8 4 19 2 21 
29 21 18 6 7 8 4 19 2 23 
30 21 18 6 7 8 4 19 2 24 
31 21 25 2 18 6 7 8 24 4 19 
32 4 19 21 25 2 18 26 6 7 8 24 
33 4 19 21 25 2 18 26 27 6 7 8 24 
34 6 7 8 4 19 2 21 18 25 
35 6 7 8 4 19 2 21 18 28 
36 6 7 8 4 19 2 21 18 29 
37 18 6 7 8 4 19 2 21 
38 18 6 7 8 4 19 2 21 
39 
