1 1 
2 2 1 
3 3 2 1 
4 4 3 2 1 
5 1 5 4 3 2 
6 6 1 5 4 2 
7 7 6 1 5 
8 7 6 1 5 8 
9 7 6 1 5 
10 7 6 1 9 5 
11 7 6 1 9 5 
12 7 6 1 9 5 
13 7 6 1 9 5 10 
14 7 6 1 9 5 10 
15 7 6 1 11 9 
16 7 6 1 11 
17 7 6 1 12 11 
18 7 6 1 12 11 
19 7 6 1 12 11 
20 7 6 1 13 
21 7 6 1 5 
22 7 6 1 5 14 
23 7 6 1 5 14 
24 7 6 15 1 
25 7 1 6 16 15 
26 7 1 6 17 
27 7 1 18 6 
28 7 1 18 19 
29 7 1 20 18 
30 7 1 21 
31 7 1 5 
32 7 1 5 22 
33 7 1 5 22 
34 7 1 23 
35 7 24 1 
36 7 25 24 
37 7 26 
38 27 7 
39 27 28 
40 29 27 
41 30 
42 5 
43 5 
44 31 
45 31 32 
46 32 
47 
48 
