1 1 
2 1 2 
3 3 1 2 
4 3 4 1 2 
5 5 3 4 1 2 
6 5 3 4 6 1 2 
7 5 3 4 6 1 7 2 
8 5 3 4 6 1 7 8 2 
9 5 3 4 6 1 7 2 8 9 
10 5 3 4 6 1 7 2 8 
11 5 3 4 6 7 2 8 10 1 
12 5 3 4 6 1 7 2 8 10 11 
13 5 3 4 6 1 7 2 8 
14 3 4 6 1 7 8 2 5 
15 3 4 2 6 8 12 1 
16 5 3 4 1 2 6 8 
17 5 3 4 1 2 6 8 
18 2 8 5 3 4 6 13 1 
19 1 2 8 5 3 4 6 14 
20 1 2 8 15 5 3 4 6 
21 1 2 6 8 15 5 3 16 4 
22 4 1 2 6 8 15 5 3 17 
23 4 1 2 6 8 15 5 18 3 
24 5 3 4 1 2 6 8 
25 5 3 4 1 7 2 8 6 
26 5 3 4 6 1 7 2 8 
27 5 3 4 6 1 7 8 2 
28 5 3 4 6 1 7 8 2 
29 5 3 4 6 1 7 19 2 
30 5 3 4 6 20 1 
31 5 3 4 6 21 
32 22 5 3 4 6 
33 22 5 3 23 4 
34 22 5 3 24 
35 22 5 25 3 
36 
37 
