1 1 
2 2 
3 3 
4 4 
5 5 
6 6 
7 7 
8 8 
9 9 
10 10 
12 11 
14 12 
15 11 
16 13 
18 14 
20 15 
21 16 
23 17 
24 18 
25 19 
26 20 
27 21 
28 22 
29 23 
30 24 
31 25 
32 26 
33 27 
34 28 
35 29 
36 30 
37 31 
38 32 
40 33 
41 34 
42 35 
43 36 
44 37 
45 38 
46 39 
47 40 
48 41 
49 42 
57 43 
58 44 
60 45 
61 46 
63 45 
64 46 
65 47 
66 48 
68 49 
69 50 
70 47 
71 51 
72 52 
74 53 
75 54 
76 51 
77 55 
78 56 
79 57 
80 58 
81 59 
82 60 
83 61 
84 62 
85 63 
86 64 
87 65 
89 66 
90 67 
91 68 
92 69 
93 70 
94 71 
97 13 
99 72 
101 73 
104 74 
106 75 
109 76 
110 77 
