1 1 
2 1 2 
3 3 1 
4 3 4 1 
5 1 3 5 4 
6 1 3 4 
7 3 1 
8 3 6 1 
9 1 3 6 7 
10 1 3 8 6 
11 1 3 6 
12 3 1 
13 3 9 1 
14 3 1 9 10 
15 3 1 9 11 
16 3 9 1 
17 1 3 9 12 
18 1 9 3 13 
19 1 9 3 14 
20 1 9 3 15 
21 1 9 3 16 15 
22 1 9 3 17 16 15 
23 1 9 3 18 17 16 15 
24 1 9 3 19 18 17 16 15 
25 1 9 3 20 19 18 17 16 15 
26 1 9 3 21 20 19 18 17 16 
27 1 9 3 16 21 20 19 18 17 22 
28 1 9 3 23 16 21 20 19 18 17 
29 1 9 3 17 23 16 21 20 19 18 24 
30 1 9 3 25 17 23 16 21 20 19 18 
31 1 9 3 18 25 17 23 16 21 20 19 26 
32 1 9 3 27 18 25 17 23 16 21 20 19 
33 1 9 3 19 27 18 25 17 23 16 21 20 28 
34 1 9 3 29 19 27 18 25 17 23 16 21 20 
35 1 9 3 20 29 19 27 18 25 17 23 16 21 30 
36 1 9 3 31 20 29 19 27 18 25 17 23 16 21 
37 1 9 3 21 31 20 29 19 27 18 25 17 23 16 32 
38 1 9 3 33 21 31 20 29 19 27 18 25 17 23 16 
39 1 9 3 33 21 31 20 29 19 27 18 25 17 16 23 34 
40 1 9 23 3 33 21 31 20 29 19 27 18 25 17 
41 1 9 23 3 33 21 31 20 29 19 27 18 17 25 35 
42 1 9 25 23 3 33 21 31 20 29 19 27 18 
43 1 9 25 23 3 33 21 31 20 29 19 18 27 36 
44 1 9 27 25 23 3 33 21 31 20 29 19 
45 1 9 27 25 23 3 33 21 31 20 19 29 37 
46 1 9 29 27 25 23 3 33 21 31 20 
47 1 9 29 27 25 23 3 33 21 20 31 38 
48 1 9 31 29 27 25 23 3 33 21 
49 1 9 31 29 27 25 23 3 21 33 39 
50 1 9 33 31 29 27 25 23 3 
51 3 1 9 40 33 31 29 27 25 23 
52 3 1 9 40 33 31 29 27 25 41 23 
53 3 1 9 40 33 31 29 27 41 25 
54 3 1 9 40 33 31 29 41 27 
55 3 1 9 40 33 31 41 29 
56 3 1 9 40 33 41 31 
57 3 1 9 40 41 33 
58 3 1 9 41 40 
59 3 1 9 
60 3 9 1 
61 3 9 1 
62 
