1 2 
2 3 
3 4 
4 5 
5 6 
6 7 
7 8 
8 9 
9 10 
10 11 
11 12 
12 13 
13 14 
14 15 
15 16 
16 17 
17 18 19 
18 
19 20 
20 21 
21 22 
22 23 
23 24 26 
24 25 
25 26 
26 27 
27 28 
28 29 
29 30 
30 31 
31 32 
32 33 
33 34 123 
34 35 
35 36 
36 37 
37 38 
38 39 68 
39 40 
40 41 68 
41 42 
42 43 
43 44 
44 45 56 
45 46 
46 47 
47 48 
48 49 
49 50 
50 51 
51 52 
52 53 
53 54 
54 55 
55 68 
56 57 
57 58 68 
58 59 
59 60 
60 61 
61 62 
62 63 
63 64 
64 65 
65 66 
66 67 
67 68 
68 69 
69 70 
70 71 72 
71 72 
72 73 
73 74 97 
74 75 
75 76 
76 77 97 
77 78 
78 79 
79 80 83 
80 81 
81 82 
82 84 
83 84 
84 85 
85 86 91 
86 87 
87 88 
88 89 
89 90 
90 97 
91 92 
92 93 97 
93 94 
94 95 
95 96 
96 97 
97 98 
98 99 122 
99 100 
100 101 
101 102 122 
102 103 
103 104 
104 105 108 
105 106 
106 107 
107 109 
108 109 
109 110 
110 111 116 
111 112 
112 113 
113 114 
114 115 
115 122 
116 117 
117 118 122 
118 119 
119 120 
120 121 
121 122 
122 151 
123 124 151 
124 125 
125 126 
126 127 
127 128 
128 129 
129 130 
130 131 135 
131 132 
132 133 135 
133 134 
134 135 136 
135 
136 137 
137 138 
138 139 
139 140 
140 141 
141 142 146 
142 143 
143 144 
144 145 
145 151 
146 147 
147 148 151 
148 149 
149 150 
150 151 
151 152 153 
152 153 
153 
