1 1 
2 1 2 
3 3 1 
4 4 3 1 
5 4 5 3 1 
6 1 4 5 3 6 
7 1 4 5 3 
8 3 1 7 
9 4 3 1 
10 1 4 3 8 
11 1 4 5 3 
12 1 4 5 3 9 
13 1 4 5 3 
14 
15 
16 1 4 5 3 10 
17 1 4 5 3 
18 
19 
20 1 4 5 3 11 
21 1 4 5 3 
22 
23 
24 1 
25 1 13 
26 1 14 
27 
28 
29 1 4 5 3 15 
30 1 4 5 3 
31 1 16 
32 1 17 
33 18 1 17 
34 18 19 1 
35 
36 
37 1 
38 1 21 
39 1 22 
40 
41 
42 1 4 5 3 23 
43 1 4 5 3 
44 
45 
46 1 
47 1 25 
48 1 26 
49 
50 
51 1 4 5 3 27 
52 1 4 5 3 
53 
54 
55 1 4 5 3 28 
56 1 4 5 3 
57 
58 
59 4 5 1 3 29 
60 4 5 1 3 
61 
62 
63 4 5 1 3 30 
64 4 5 1 3 
65 
66 
67 4 5 1 3 31 
68 4 5 1 3 
69 
70 
71 4 5 1 3 32 
72 4 5 1 3 
73 
74 
75 4 5 1 3 33 
76 4 5 1 3 
77 
78 
79 4 5 1 3 34 
80 4 5 1 3 
81 
82 
83 1 3 35 
84 1 3 
85 
86 
87 1 3 36 
88 1 3 
89 
90 
91 1 37 
92 1 
93 
94 
