1 1 
2 2 
3 3 
4 4 
5 5 
6 6 
9 7 
11 8 
14 9 
15 10 
16 11 
17 12 
18 13 
19 14 
20 15 
22 15 
23 15 
24 16 
25 17 
26 18 
27 11 
28 19 
29 20 
30 14 
31 21 
32 22 
33 23 
34 24 
35 25 
36 26 
37 27 
39 28 
40 29 
41 30 
42 31 
43 32 
44 33 
45 34 
46 35 
47 36 
48 37 
49 38 
51 39 
53 40 
54 41 
57 42 
58 43 
61 44 
62 45 
64 46 
66 47 
68 48 
69 49 
70 50 
71 51 
72 52 
74 53 
76 54 
77 55 
79 48 
80 56 
81 57 
82 58 
83 59 
85 48 
86 60 
87 61 
88 62 
89 63 
91 48 
92 64 
93 65 
94 66 
95 67 
97 68 
98 69 
99 70 
101 71 
102 72 
103 73 
104 74 
105 75 
106 76 
107 48 
108 77 
109 78 
110 79 
111 80 
112 81 
113 82 
114 83 
115 84 
116 85 
117 86 
118 87 
119 88 
120 89 
121 90 
122 91 
124 70 
126 92 
128 69 
129 70 
131 93 
132 72 
133 94 
134 95 
135 96 
136 97 
137 48 
138 98 
139 99 
140 100 
141 101 
142 86 
143 102 
144 103 
145 104 
146 105 
148 70 
150 70 
152 106 
153 72 
154 107 
155 108 
156 109 
157 110 
158 48 
159 111 
160 112 
161 113 
162 114 
163 86 
164 115 
166 116 
168 117 
170 118 
172 119 
175 70 
177 69 
178 120 
180 121 
181 122 
182 123 
183 124 
184 125 
185 126 
187 127 
188 128 
189 129 
190 130 
191 131 
193 132 
194 133 
195 134 
196 135 
197 136 
199 137 
200 138 
201 139 
202 140 
203 141 
204 142 
206 86 
207 48 
208 143 
209 144 
210 145 
211 146 
212 147 
213 148 
214 149 
215 150 
216 151 
218 152 
219 153 
220 154 
221 155 
222 156 
224 157 
225 158 
227 159 
229 160 
230 161 
231 162 
232 163 
233 164 
234 165 
235 163 
236 166 
237 167 
238 168 
240 156 
242 169 
