1 1 
2 1 2 
3 3 1 2 
4 4 2 3 1 
5 4 3 1 5 2 
6 4 2 3 1 
7 4 2 3 1 6 
8 4 2 6 3 1 
9 4 2 6 7 3 1 
10 4 2 6 8 7 3 1 
11 4 2 6 8 9 7 3 1 
12 4 2 1 6 8 9 7 3 10 
13 4 2 1 6 8 9 7 3 
14 4 2 6 3 1 11 
15 4 2 6 3 1 12 
16 4 2 6 7 3 1 
17 4 2 6 7 3 1 13 
18 4 2 6 7 3 1 14 
19 4 2 6 8 7 3 1 
20 4 2 1 6 8 7 3 15 
21 4 2 1 6 8 9 7 3 
22 4 2 1 6 8 9 16 7 3 
23 4 2 1 6 17 8 9 16 7 3 
24 4 2 1 6 17 8 9 16 18 7 3 
25 4 2 1 6 17 19 8 9 16 18 7 3 
26 4 2 1 6 17 19 8 9 16 18 7 20 3 
27 4 2 1 6 17 19 8 9 16 18 7 3 20 21 
28 4 2 1 6 17 19 8 9 16 18 7 3 22 
29 4 2 1 6 17 19 8 9 16 18 7 3 
30 4 2 1 6 16 8 9 7 17 23 3 
31 4 2 1 6 16 8 9 7 17 3 23 24 
32 4 2 1 6 16 8 9 7 17 3 25 
33 4 2 1 6 16 8 9 7 17 3 
34 4 2 1 6 16 8 9 7 17 26 3 
35 4 2 1 6 16 8 9 7 17 26 27 3 
36 4 2 1 6 16 8 9 7 17 26 27 3 
37 4 2 1 6 16 8 9 7 17 26 3 
38 4 2 1 6 16 8 9 7 17 26 27 3 
39 4 2 1 6 16 8 9 7 3 17 26 28 27 
40 4 2 1 6 16 8 9 7 3 17 26 27 29 
41 4 2 1 6 16 8 9 7 3 17 26 27 
42 4 2 1 6 16 8 9 7 3 17 30 
43 4 2 1 6 16 8 9 7 3 17 31 
44 4 2 1 6 17 16 8 9 7 3 
45 4 2 1 6 17 16 8 3 32 9 7 
46 4 2 1 6 17 16 8 3 7 32 9 33 
47 4 2 1 6 17 16 9 8 3 7 32 34 
48 4 2 1 6 17 16 9 8 3 7 32 35 
49 4 2 1 6 17 16 9 8 3 36 7 
50 4 2 1 6 17 16 7 9 8 3 36 37 
51 4 2 1 6 17 16 18 7 9 8 3 
52 4 2 1 6 17 16 18 7 38 9 8 
53 4 2 1 6 17 16 18 7 8 38 9 39 
54 4 2 1 6 17 9 16 18 7 8 38 40 
55 4 2 1 6 17 9 16 18 7 8 38 41 
56 4 2 1 6 17 9 16 18 7 42 8 
57 4 2 1 6 17 8 9 16 18 7 42 43 
58 4 2 1 6 17 19 8 9 16 18 7 
59 4 2 1 6 17 19 8 9 16 18 7 
60 4 2 1 6 17 8 9 7 3 16 44 
61 4 2 1 6 17 8 9 7 3 16 45 
62 4 2 1 6 17 16 8 9 7 3 
63 4 2 1 6 17 16 8 3 46 9 7 
64 4 2 1 6 17 16 8 3 7 46 9 47 
65 4 2 1 6 17 16 9 8 3 7 46 48 
66 4 2 1 6 17 16 9 8 3 7 46 49 
67 4 2 1 6 17 16 9 8 3 50 7 
68 4 2 1 6 17 16 7 9 8 3 50 51 
69 4 2 1 6 17 16 18 7 9 8 3 
70 4 2 1 6 17 16 18 7 52 9 8 
71 4 2 1 6 17 16 18 7 8 52 9 53 
72 4 2 1 6 17 9 16 18 7 8 52 54 
73 4 2 1 6 17 9 16 18 7 8 52 55 
74 4 2 1 6 17 9 16 18 7 56 8 
75 4 2 1 6 17 8 9 16 18 7 56 57 
76 4 2 1 6 17 19 8 9 16 18 7 
77 4 2 1 6 17 19 8 9 16 18 58 7 
78 4 2 7 1 6 17 19 8 9 58 16 18 
79 4 2 1 6 17 19 16 7 8 9 59 18 58 
80 4 2 1 6 17 19 16 7 8 9 58 59 18 60 
81 4 2 1 6 17 19 16 18 7 8 9 58 59 61 
82 4 2 1 6 17 19 16 18 7 8 62 9 58 
83 4 2 1 6 17 19 16 18 7 58 8 62 9 63 
84 4 2 1 6 17 19 16 18 7 58 8 62 9 64 
85 4 2 1 6 17 19 9 16 18 7 58 8 62 65 
86 4 2 1 6 17 19 9 16 18 7 58 66 8 
87 4 2 1 6 17 19 9 16 18 7 58 66 67 8 
88 4 2 1 6 17 19 8 9 16 18 7 58 66 67 
89 4 17 16 7 8 58 1 2 66 18 6 9 68 19 67 
90 4 17 16 7 8 58 1 2 66 18 6 9 67 68 19 69 
91 4 17 16 7 8 58 1 2 66 18 19 6 9 67 68 70 
92 4 17 16 7 8 58 1 2 66 18 19 6 71 9 67 
93 4 17 16 7 8 67 58 1 2 66 18 19 6 71 9 72 
94 4 17 16 7 8 67 58 1 2 66 18 19 6 71 9 73 
95 4 17 9 16 7 8 67 58 1 2 66 18 19 6 71 74 
96 4 17 9 16 7 8 67 58 1 2 66 75 18 19 6 
97 4 17 19 9 16 18 7 66 6 8 67 58 1 2 
98 4 17 19 9 16 18 7 66 6 8 67 58 1 76 2 
99 4 17 19 9 16 18 7 66 6 2 8 67 58 1 
100 4 1 17 19 9 16 18 7 66 6 2 77 8 67 58 
101 4 1 17 19 9 16 18 7 58 66 6 2 78 77 8 67 
102 4 1 17 19 9 16 18 7 58 66 8 67 6 2 78 77 79 
103 4 1 17 19 9 16 18 7 58 66 8 67 6 2 78 80 77 
104 4 1 17 19 9 16 18 7 58 66 8 67 6 2 81 
105 4 1 17 19 9 16 18 7 58 66 8 67 6 2 
106 4 17 19 9 16 18 7 66 6 2 82 8 67 58 1 
107 4 1 17 19 9 16 18 7 66 6 2 82 83 8 67 58 
108 4 1 17 19 9 16 18 7 58 66 6 2 82 84 83 8 67 
109 4 1 17 19 9 16 18 7 58 66 8 67 6 2 82 84 83 85 
110 4 1 17 19 9 16 18 7 58 66 8 67 6 2 82 84 86 83 
111 4 1 17 19 9 16 18 7 58 66 8 67 6 2 87 82 
112 4 1 17 19 9 16 18 7 58 66 8 67 6 88 2 
113 4 1 17 19 9 16 18 7 58 66 8 67 6 2 
114 4 1 17 19 9 16 18 7 58 66 8 67 6 2 
115 4 1 17 19 9 16 18 7 58 66 8 67 6 89 2 
116 4 1 17 19 9 16 18 7 58 66 8 67 6 2 
117 4 2 1 6 17 19 9 16 18 7 58 66 8 67 
118 4 2 1 6 17 19 9 16 18 7 58 66 67 8 
119 4 2 1 6 17 19 9 16 18 7 58 66 67 8 
120 4 2 1 6 17 19 8 9 16 18 58 7 
121 4 2 1 6 17 19 8 9 16 18 58 7 
122 
123 
