1 1 
2 1 2 
3 1 2 3 
4 1 2 3 
5 1 2 4 3 
6 3 1 2 
7 3 1 5 2 
8 3 1 2 5 6 
9 3 1 2 5 
10 3 2 1 7 
11 3 2 1 5 
12 3 2 1 5 
13 3 2 1 5 8 
14 3 2 1 5 
15 3 2 1 9 
16 3 2 1 5 
17 3 2 1 10 
18 3 2 1 
19 3 1 2 11 
20 3 1 2 
21 2 3 1 12 
22 2 3 1 13 12 
23 2 3 1 
24 2 3 1 14 
25 2 15 3 1 
26 1 2 15 16 3 
27 3 1 2 
28 3 1 17 2 
29 3 1 2 17 18 
30 3 1 2 17 
31 3 1 19 
32 3 1 17 
33 3 1 17 
34 3 1 2 17 20 
35 3 1 2 17 
36 3 1 21 
37 3 1 17 
38 3 1 17 
39 3 1 17 2 22 
40 3 1 17 2 
41 3 1 23 
42 3 1 17 
43 3 1 24 
44 3 1 
45 3 1 25 
46 3 1 
47 3 1 26 
48 3 1 27 26 
49 3 1 
50 3 1 28 
51 29 3 1 
52 29 30 3 
53 3 
54 
