1 1 
2 1 
3 1 
4 4 1 
5 4 1 5 
6 5 4 1 
7 5 4 1 6 
8 5 4 7 1 
9 5 4 7 1 8 
10 5 4 7 1 
11 5 4 7 1 9 
12 5 4 7 1 
13 5 4 7 1 
14 5 4 7 1 10 
15 5 4 11 7 1 
16 5 4 7 11 1 12 
17 5 4 7 11 1 13 
18 5 4 7 14 11 1 
19 5 4 7 11 1 14 15 
20 5 4 7 11 1 14 16 
21 5 4 7 11 1 14 17 
22 5 4 7 11 1 17 14 
23 5 4 7 11 1 17 14 
24 5 4 11 1 17 14 7 18 
25 5 4 11 1 17 14 19 7 
26 5 4 7 11 1 17 14 20 
27 5 4 7 11 1 17 14 
28 5 4 7 11 1 17 14 
29 5 21 4 7 11 1 17 14 
30 5 14 21 4 7 11 1 22 17 
31 5 14 21 4 7 11 1 22 17 
32 5 14 21 4 7 11 1 23 22 17 
33 5 17 14 21 4 7 11 22 1 23 
34 5 17 14 21 4 7 11 22 1 23 
35 5 17 14 21 4 7 11 22 1 24 23 
36 5 17 14 21 23 4 7 11 24 22 1 
37 5 17 14 21 23 4 7 11 1 24 22 25 
38 5 17 14 21 23 4 7 11 1 24 22 
39 5 17 14 21 23 4 7 11 1 24 22 26 
40 5 17 14 21 23 4 7 11 1 27 24 22 
41 5 17 14 21 23 4 7 11 22 1 27 24 28 
42 5 17 14 21 23 4 7 11 22 1 27 29 24 
43 5 17 14 21 23 4 7 11 22 1 24 27 29 30 
44 5 17 14 21 23 4 7 11 22 1 24 27 31 
45 5 17 14 21 23 4 7 32 11 22 1 24 
46 5 17 14 21 23 24 4 7 32 11 22 1 
47 5 17 14 21 1 23 24 4 7 32 11 22 33 
48 5 17 14 21 1 23 24 4 7 32 11 22 
49 5 17 14 21 1 23 24 4 7 32 11 22 34 
50 5 17 14 21 1 23 24 4 7 32 11 22 34 
51 5 17 14 21 1 23 24 4 7 32 11 22 35 
52 5 22 17 14 21 1 23 24 4 7 32 11 36 
53 5 22 17 14 21 1 23 24 37 4 7 32 11 
54 5 22 17 14 21 1 23 24 37 4 7 32 11 
55 5 17 14 21 1 23 24 4 7 32 11 22 38 
56 5 17 14 21 1 23 24 4 7 32 11 22 
57 5 17 14 21 1 23 24 4 7 32 11 22 39 
58 5 17 14 21 1 23 24 4 7 32 11 22 39 
59 5 17 14 21 1 23 24 4 7 32 11 22 40 
60 5 22 17 14 21 1 23 24 4 7 32 11 41 
61 5 22 17 14 21 1 23 24 37 4 7 32 11 
62 5 22 17 14 21 1 23 24 37 4 7 32 11 
63 5 22 17 14 21 23 24 4 7 11 32 1 
64 5 22 17 14 21 1 23 24 4 7 11 32 42 
65 5 22 17 14 21 1 23 24 4 7 11 32 42 
66 5 22 17 14 21 1 23 24 37 4 7 32 11 
67 5 22 17 14 21 1 23 24 37 4 7 32 11 
68 5 22 17 14 21 1 23 24 4 7 32 11 43 
69 5 22 17 14 21 1 23 24 4 7 32 11 44 
70 5 22 17 14 21 1 23 24 37 4 7 32 11 
71 5 22 17 14 21 1 23 24 37 4 7 32 11 
72 5 17 14 21 23 24 4 7 11 32 1 45 22 
73 5 22 17 14 21 23 24 4 7 11 32 1 46 45 
74 5 22 17 14 21 23 24 4 7 11 32 1 
75 5 22 17 14 21 1 23 24 4 7 11 32 47 
76 5 22 17 14 21 1 23 24 37 4 7 32 11 
77 5 22 17 14 21 1 23 24 37 4 7 32 11 
78 5 22 17 14 21 1 23 24 37 4 7 32 11 
79 5 22 17 14 21 1 23 24 37 4 7 32 11 
80 5 1 23 4 7 11 17 14 21 24 22 
81 5 1 23 4 7 11 17 14 21 24 22 
82 5 1 23 4 7 11 17 14 21 24 22 
83 5 1 23 4 7 11 17 14 21 24 22 48 
84 5 1 23 4 7 11 17 14 21 49 24 22 
85 5 1 23 4 7 11 17 22 14 21 49 24 50 
86 5 1 23 4 7 11 17 22 14 21 49 51 24 
87 5 1 23 4 7 11 17 22 14 21 24 49 51 52 
88 5 1 23 4 7 11 17 22 14 21 24 49 53 
89 5 1 23 4 7 11 17 22 14 21 24 54 
90 5 1 23 4 7 11 17 22 14 21 24 54 
91 5 1 23 4 7 11 17 14 21 24 22 55 
92 5 1 23 4 7 11 17 14 21 24 22 56 
93 5 1 23 4 7 11 17 14 21 57 24 22 
94 5 1 23 4 7 11 17 22 14 21 57 24 58 
95 5 1 23 4 7 11 17 22 14 21 57 24 59 
96 5 1 23 4 7 11 17 22 14 21 57 24 60 
97 5 1 23 4 7 11 17 22 14 21 57 61 24 
98 5 1 23 4 7 11 17 22 14 21 24 57 61 62 
99 5 1 23 4 7 11 17 22 14 21 24 57 63 
100 5 1 23 4 7 11 17 22 14 21 24 64 
101 5 1 23 4 7 11 17 22 14 21 24 54 
102 5 1 23 4 7 11 32 54 17 22 14 21 24 
103 5 1 23 24 4 7 11 32 54 17 22 14 21 
104 5 1 23 24 4 7 11 21 32 54 17 22 14 
105 5 14 1 23 24 4 7 11 21 32 54 22 17 
106 5 22 17 14 1 23 24 4 7 11 21 32 54 
107 5 22 17 14 1 23 24 4 7 11 21 32 65 
108 5 22 17 14 1 23 24 4 7 11 21 32 66 
109 5 22 17 14 1 23 24 4 7 11 21 32 67 
110 5 22 17 14 1 23 24 4 7 11 21 32 
111 5 22 17 14 1 23 24 4 7 32 11 
112 5 22 17 14 21 1 23 24 4 7 32 11 
113 5 22 17 14 21 1 23 24 37 4 7 32 11 
114 5 22 17 14 21 1 23 24 37 4 7 32 11 
115 5 17 14 21 1 23 24 4 7 32 11 22 68 
116 5 17 14 21 1 23 24 4 7 32 11 22 
117 5 17 14 21 1 23 24 4 7 32 11 22 69 
118 5 17 14 21 1 23 24 4 7 32 11 69 22 
119 5 17 14 21 1 23 24 4 7 32 11 22 69 
120 5 17 14 21 1 23 24 4 7 32 11 22 70 69 
121 5 17 14 21 1 23 24 4 7 32 11 22 70 69 
122 5 17 14 21 1 23 24 4 7 32 11 22 70 69 
123 5 17 14 21 1 23 24 4 7 32 11 22 71 
124 5 17 14 21 1 23 24 4 7 32 11 72 22 
125 5 22 17 14 21 1 23 24 4 7 32 11 73 72 
126 5 22 17 14 21 1 23 24 4 7 32 11 74 
127 5 22 17 14 21 1 23 24 37 4 7 32 11 
128 5 22 17 14 21 1 23 24 37 4 7 32 11 
129 5 17 14 21 1 23 24 4 7 32 11 22 75 
130 5 17 14 21 1 23 24 4 7 32 11 22 
131 5 17 14 21 1 23 24 4 7 32 11 22 76 
132 5 17 14 21 1 23 24 4 7 32 11 76 22 
133 5 17 14 21 1 23 24 4 7 32 11 22 76 
134 5 17 14 21 1 23 24 4 7 32 11 22 77 76 
135 5 17 14 21 1 23 24 4 7 32 11 22 77 76 
136 5 17 14 21 1 23 24 4 7 32 11 22 77 76 
137 5 17 14 21 1 23 24 4 7 32 11 22 78 
138 5 17 14 21 1 23 24 4 7 32 11 79 22 
139 5 22 17 14 21 1 23 24 4 7 32 11 80 79 
140 5 22 17 14 21 1 23 24 4 7 32 11 81 
141 5 22 17 14 21 1 23 24 37 4 7 32 11 
142 5 22 17 14 21 1 23 24 37 4 7 32 11 
143 5 22 17 14 21 1 23 24 4 7 11 32 42 
144 5 22 17 14 21 1 23 24 4 7 11 32 42 
145 5 22 17 14 21 1 23 24 37 4 7 32 11 
146 5 22 17 14 21 1 23 24 37 4 7 32 11 
147 5 22 17 14 21 1 23 24 4 7 32 11 82 
148 5 22 17 14 21 1 23 24 4 7 32 11 83 
149 5 22 17 14 21 1 23 24 37 4 7 32 11 
150 5 22 17 14 21 1 23 24 37 4 7 32 11 
151 5 22 17 14 1 23 24 37 4 7 32 11 
152 5 22 17 14 21 1 23 24 37 4 7 32 11 
153 5 22 17 14 21 1 23 24 37 4 7 32 11 
154 5 22 17 14 1 23 24 37 4 7 32 11 
155 5 22 17 14 21 1 23 24 37 4 7 32 11 
156 5 11 22 17 14 21 1 23 24 37 4 32 7 84 
157 5 11 22 17 14 21 1 23 24 37 4 32 7 
158 
159 5 17 14 21 4 7 11 22 1 23 24 37 32 85 
160 5 17 14 21 4 7 11 22 1 23 24 37 32 86 
161 5 17 14 21 4 7 11 22 1 23 24 37 32 
162 17 14 21 7 11 22 23 24 5 37 32 4 87 1 
163 17 14 21 7 11 22 1 23 24 5 37 32 4 87 88 
164 17 14 21 7 11 22 1 23 24 5 37 32 4 87 
165 17 14 21 7 11 22 1 23 24 5 37 32 4 89 
166 17 14 21 4 7 11 22 1 23 24 5 37 32 
167 17 14 21 4 7 11 22 1 23 24 5 37 90 32 
168 17 14 21 4 7 11 22 1 23 24 5 37 90 91 32 
169 17 14 21 4 7 11 22 1 23 24 5 37 90 91 87 32 
170 17 14 21 4 7 11 22 1 23 24 5 37 90 91 87 32 
171 17 14 21 4 7 11 22 1 23 24 5 37 90 32 
172 17 14 21 4 7 11 22 1 23 24 5 37 90 91 32 
173 17 14 21 4 7 11 22 1 23 24 5 37 90 91 87 32 
174 17 14 21 4 7 11 22 1 23 24 5 37 90 91 87 32 
175 17 14 21 7 11 22 1 23 24 5 37 87 32 4 92 
176 17 14 21 4 7 11 22 1 23 24 5 37 87 32 
177 17 14 21 4 7 11 22 1 23 24 5 37 90 87 32 
178 17 14 21 4 7 11 22 1 23 24 5 37 90 91 87 32 
179 17 14 21 4 7 11 22 1 23 24 5 37 90 91 87 32 
180 17 14 21 4 7 11 22 1 23 24 5 37 90 87 32 
181 17 14 21 4 7 11 22 1 23 24 5 37 90 91 87 32 
182 17 14 21 4 7 11 22 1 23 24 5 37 90 91 87 93 32 
183 17 14 21 4 7 11 22 1 23 24 5 94 37 90 91 87 93 
184 17 14 21 4 7 11 22 1 23 24 93 5 
185 5 17 14 21 4 7 11 22 1 23 24 
186 5 17 14 21 4 7 11 22 1 24 23 
187 5 17 14 21 4 7 11 22 1 24 23 
188 5 14 21 4 7 11 1 22 17 
189 5 14 21 4 7 11 1 22 17 
190 
