2 1 
3 1 
4 3 
5 2 
6 4 
7 5 6 
9 8 2 
10 1 
11 9 
12 1 8 
13 11 
14 10 12 
16 14 4 
17 8 
18 7 15 
19 14 
20 1 
21 18 14 
22 1 8 
23 20 14 
24 21 13 
25 19 22 
26 16 17 23 
27 14 
29 8 
31 2 
32 7 
33 7 
34 24 
35 25 
36 26 
39 7 
40 28 29 
41 7 28 
42 30 
43 31 
44 32 
46 7 
47 7 28 
48 7 
49 7 28 
50 36 
51 34 35 37 
52 7 28 
53 33 
54 33 38 39 
56 28 
58 27 
59 2 
60 4 
61 40 41 
62 42 
63 7 
65 2 
66 28 44 
67 7 28 
68 45 
70 4 
71 46 47 
72 7 28 
73 28 
74 43 49 
75 46 
76 50 51 
77 48 46 52 
78 46 
80 28 
82 7 
