1 1 
2 2 1 
3 2 1 
4 
5 
6 1 2 3 
7 1 2 
8 2 1 
9 2 4 
10 5 2 
11 2 
12 
13 
14 2 1 6 
15 2 1 
16 2 1 7 
17 2 1 8 
18 2 1 
19 2 1 9 
20 2 1 10 
21 2 1 
22 
23 
24 11 2 
25 
26 
27 2 1 12 
28 2 1 
29 2 1 13 
30 2 1 14 
31 2 1 
32 2 1 15 
33 2 1 16 
34 2 1 
35 
36 
37 17 2 
38 
39 
40 2 1 18 
41 2 1 
42 19 2 
43 
44 
45 2 1 20 
46 2 1 
47 21 2 
48 
49 
50 2 1 22 
51 2 1 
52 2 23 
53 
54 
55 2 1 24 
56 2 1 
57 2 25 
58 26 2 
59 
60 
61 2 1 27 
62 2 1 
63 28 2 
64 
65 
66 2 1 29 
67 2 1 
68 30 2 
69 
70 
71 31 2 
72 
73 
