1 1 
2 2 1 
3 1 2 
4 2 1 
5 3 2 1 
6 1 4 3 2 
7 2 1 4 3 
8 2 1 3 4 5 
9 2 1 3 4 
10 1 4 2 3 
11 1 4 2 6 3 
12 1 3 4 2 6 7 
13 1 3 4 2 6 7 8 
14 1 3 4 2 6 7 
15 1 3 4 7 2 6 9 
16 1 3 4 7 10 2 6 
17 1 3 4 6 7 10 2 
18 1 3 4 6 7 2 10 
19 1 3 4 6 7 2 10 
20 1 3 4 6 7 2 10 
21 1 3 4 6 7 2 11 
22 1 3 4 6 7 12 2 
23 1 3 4 2 6 7 
24 1 3 4 2 6 7 
25 2 1 3 4 
26 2 1 3 4 13 
27 2 1 3 4 
28 2 1 3 4 
29 2 1 3 6 4 
30 2 1 3 6 7 
31 2 1 3 6 7 14 
32 2 1 3 6 7 
33 7 1 3 2 6 15 
34 7 1 3 10 2 6 
35 1 6 7 3 10 2 
36 1 6 7 3 2 10 
37 1 6 7 3 2 10 
38 7 1 3 2 10 
39 1 6 7 3 2 10 
40 1 6 7 10 3 2 16 
41 1 6 7 10 3 17 2 
42 1 6 7 10 3 2 
43 1 6 7 2 10 3 
44 1 6 7 2 10 18 3 
45 1 3 6 7 2 10 18 19 
46 1 3 6 7 2 10 18 19 20 
47 1 3 6 7 2 10 18 19 
48 3 6 7 19 10 1 2 18 21 
49 3 6 7 19 10 10 1 2 18 
50 3 6 7 18 19 10 10 1 2 
51 3 6 7 18 19 2 10 10 1 
52 3 6 7 18 19 2 10 10 1 
53 3 6 7 18 19 2 10 10 1 
54 1 3 6 7 10 18 19 2 22 
55 1 3 6 7 10 18 19 23 2 
56 1 3 6 7 2 10 18 19 
57 1 3 6 7 2 10 18 19 
58 2 1 3 6 7 
59 2 1 3 6 7 
60 2 
61 
62 
