1 1 
2 2 1 
3 2 1 3 
4 2 1 3 
5 4 
6 4 
7 
8 5 2 1 3 
9 6 5 2 1 3 
10 6 7 5 2 1 3 
11 8 6 7 5 2 1 3 
12 8 6 7 5 2 1 9 3 
13 8 6 7 3 5 2 9 1 
14 3 8 7 6 5 10 2 9 1 
15 2 1 3 9 8 7 6 11 5 10 
16 5 2 1 3 9 8 7 10 6 11 
17 6 5 2 1 3 9 8 11 7 10 
18 6 5 2 1 3 9 8 10 11 7 12 
19 6 7 5 2 1 3 9 8 10 11 
20 6 7 5 2 1 3 9 8 13 
21 8 6 7 5 2 1 3 9 
22 8 6 7 5 2 1 9 3 
23 8 6 7 5 2 1 9 3 
24 8 5 6 7 14 3 
25 8 3 5 6 7 14 15 
26 8 3 5 6 7 16 
27 17 8 3 5 6 
28 17 6 5 8 18 3 
29 17 6 5 3 8 18 19 
30 17 6 5 3 8 20 
31 21 17 6 5 3 
32 21 17 6 3 5 22 
33 23 21 17 6 3 
34 23 21 17 6 24 
35 25 23 21 17 
36 25 23 26 21 17 
37 25 23 26 27 
38 25 23 26 
39 26 25 28 23 
40 26 25 29 
41 26 30 
42 26 
43 
