1 1 
129 75 
2 2 
3 3 
131 75 
4 4 
132 76 
5 5 
133 77 
6 6 
134 78 
7 7 
135 79 
8 8 
9 9 
137 80 
10 10 
11 11 
139 80 
140 81 
13 12 
141 82 
142 83 
143 84 
16 13 
144 85 
145 86 
20 14 
149 87 
23 15 
24 16 
26 17 
28 16 
29 18 
30 19 
31 20 
32 21 
34 22 
35 23 
36 24 
37 25 
40 26 
43 27 
46 28 
49 29 
52 30 
54 31 
55 32 
56 33 
59 34 
60 35 
61 36 
62 37 
63 38 
64 39 
65 40 
66 41 
68 42 
70 43 
71 42 
72 44 
74 45 
75 46 
76 47 
79 48 
80 49 
81 50 
83 51 
84 52 
88 53 
89 54 
93 55 
96 56 
99 57 
100 58 
102 59 
103 60 
104 61 
106 62 
108 62 
109 63 
110 64 
111 65 
112 66 
113 67 
114 68 
115 69 
120 70 
121 71 
124 72 
125 73 
127 74 
