1 1 
2 1 2 
3 1 2 3 
4 3 1 2 
5 3 4 1 2 
6 3 4 2 1 5 
7 3 5 4 2 1 6 
8 3 5 4 2 1 6 7 
9 3 5 4 2 1 6 7 
10 3 5 4 2 1 7 8 6 
11 3 5 4 2 1 6 7 8 
12 3 5 4 6 8 1 2 9 7 
13 3 5 4 6 8 7 1 10 2 
14 3 5 4 2 6 8 7 1 11 
15 3 5 4 2 6 8 12 7 1 
16 3 5 4 2 6 8 1 12 13 7 
17 3 5 4 2 7 6 8 1 14 12 
18 3 5 4 2 7 6 12 8 1 14 15 
19 3 5 4 2 7 6 12 8 1 
20 3 5 4 2 6 8 1 16 7 12 
21 3 5 4 2 6 12 8 1 16 7 17 
22 3 5 4 2 7 6 12 8 1 
23 3 5 4 2 1 7 6 12 18 8 
24 3 5 4 2 1 7 6 8 19 12 
25 3 5 4 2 1 7 6 8 12 19 20 
26 3 5 4 2 1 7 6 8 12 
27 3 5 4 2 1 7 6 21 8 12 
28 3 5 4 2 1 7 6 21 8 22 
29 3 5 4 2 1 7 6 8 
30 3 5 4 2 1 7 8 6 
31 3 5 4 2 1 7 8 6 
32 3 5 4 2 1 6 7 
33 3 5 4 2 1 6 7 
34 3 5 4 2 1 8 6 
35 3 5 6 4 2 1 8 
36 3 5 4 2 1 6 23 8 
37 3 5 4 2 1 6 8 
38 3 5 4 2 1 8 6 
39 3 5 4 2 1 8 6 
40 3 5 6 4 2 1 25 
41 3 5 6 4 2 26 1 
42 3 5 6 4 2 1 26 27 
43 3 5 6 4 2 1 26 28 
44 3 5 6 4 2 29 1 
45 3 5 6 1 4 2 29 30 
46 3 5 6 1 4 2 29 31 
47 3 5 6 8 1 4 2 
48 3 2 5 6 8 1 32 4 
49 3 2 5 6 8 1 4 32 33 
50 3 2 5 6 8 1 34 4 
51 3 2 5 6 4 8 1 34 35 
52 3 2 5 6 4 8 36 1 
53 3 2 5 6 4 8 1 36 37 
54 3 2 5 6 4 8 38 1 
55 3 2 5 6 4 8 1 38 39 
56 3 2 5 6 4 11 8 1 
57 3 2 5 6 4 40 11 8 1 
58 3 1 2 5 6 4 40 11 8 41 
59 3 1 2 5 6 4 40 42 11 8 
60 3 1 2 5 6 4 40 42 43 
61 3 1 2 5 6 4 40 44 
62 3 1 2 5 6 4 
63 3 12 1 2 5 6 4 
64 3 12 1 2 5 6 4 7 
65 3 12 7 1 2 5 6 4 
66 3 2 5 4 12 7 1 45 6 
67 3 2 5 4 12 7 1 45 8 6 
68 3 2 5 6 4 12 7 1 45 8 
69 3 2 4 12 6 45 8 1 5 46 7 
70 3 2 4 12 7 6 45 8 1 47 5 
71 3 2 5 4 12 7 6 45 8 1 47 
72 3 5 4 6 12 7 45 47 2 8 1 11 
73 3 5 4 6 12 7 45 47 2 8 1 12 
74 3 5 4 6 12 7 45 47 2 48 8 1 
75 3 5 4 6 12 7 1 45 47 2 48 49 8 
76 3 5 4 6 8 12 7 1 45 47 2 50 48 
77 3 5 4 6 8 12 48 7 1 45 47 2 51 
78 3 5 4 6 8 12 48 7 1 45 52 47 2 
79 3 2 5 4 6 8 12 48 53 7 1 45 52 
80 3 2 5 4 6 45 8 12 54 48 53 7 1 
81 3 2 5 4 6 45 8 1 12 54 48 53 55 7 
82 3 2 5 4 7 6 45 8 1 12 54 56 48 53 
83 3 2 5 4 12 7 6 45 8 1 
84 3 2 5 4 12 7 6 1 45 57 8 
85 3 2 5 4 12 7 6 8 1 45 58 
86 3 2 5 4 12 7 6 8 59 1 
87 3 2 5 4 12 7 1 6 8 59 60 
88 3 2 5 4 12 7 1 45 6 8 
89 3 2 5 4 12 7 1 45 8 6 
90 3 2 5 4 12 7 1 45 8 6 
91 3 1 2 5 6 4 12 61 7 
92 3 1 2 5 6 4 7 12 62 
93 3 12 1 2 5 6 4 7 
94 3 12 1 2 5 6 4 7 
95 3 1 2 5 6 4 7 12 63 
96 3 12 1 2 5 6 4 7 
97 3 12 1 2 5 6 4 7 
98 3 1 2 5 6 4 7 12 64 
99 3 12 1 2 5 6 4 7 
100 3 12 1 2 5 6 4 7 
101 3 12 1 2 5 6 4 7 
102 
103 
104 65 3 
105 65 
106 
107 
