10 4 
11 4 
12 4 
13 8 
14 9 
16 15 
18 16 10 
19 13 
20 17 
21 18 
22 19 3 11 5 
23 1 
24 21 
25 20 
26 14 
27 22 
28 23 
29 24 3 12 6 
30 20 
31 25 
32 26 27 15 
34 13 
35 28 29 
36 13 28 
37 30 
38 31 
39 32 3 11 5 
40 1 
41 33 
42 20 
43 14 28 
44 34 
45 35 
46 36 3 12 6 
47 20 
48 25 
49 37 38 15 
50 28 
52 15 
54 13 
55 39 
56 40 
57 41 3 11 5 
58 1 
59 42 
60 20 
61 14 
62 43 
63 44 
64 45 3 12 6 
65 25 
66 20 
67 46 47 15 
69 13 
70 28 48 
71 13 28 
72 49 
73 50 
74 51 3 11 5 
75 1 
76 52 
77 20 
78 14 28 
79 53 
80 54 
81 55 3 12 6 
82 25 
83 20 
84 56 57 15 
85 28 
87 15 
88 3 15 
89 58 
90 7 
91 1 
93 1 
94 59 2 
95 15 2 
