1 1 
2 2 1 
3 3 2 1 
4 3 1 2 4 
5 3 1 2 4 
6 
7 2 3 1 5 
8 2 5 3 1 
9 
10 2 1 5 3 6 
11 2 5 7 3 1 
12 2 5 7 8 3 1 
13 2 5 7 8 3 1 9 
14 2 5 7 8 3 1 
15 2 7 1 5 3 10 
16 2 5 7 8 3 1 
17 2 5 7 8 11 3 1 
18 2 5 7 8 11 3 1 12 
19 2 5 7 8 11 3 1 
20 2 7 8 1 5 3 13 
21 2 5 7 8 11 3 1 
22 2 5 7 8 11 14 3 1 
23 2 5 7 8 11 14 15 3 1 
24 2 5 7 8 11 14 15 16 3 1 
25 2 5 3 7 8 11 14 15 17 16 1 
26 2 5 3 1 7 8 11 14 15 17 16 18 
27 2 5 3 1 7 8 11 14 15 17 16 
28 2 5 3 1 7 8 11 14 15 17 16 19 
29 2 5 3 1 19 
30 2 5 20 3 1 
31 2 5 20 3 1 
32 2 5 3 1 7 8 11 14 15 21 
33 2 5 3 1 21 
34 2 5 20 3 1 
35 2 5 3 1 22 20 
36 2 5 20 3 1 
37 1 3 2 5 20 23 
38 1 3 2 5 20 23 
39 1 3 2 5 20 
40 1 3 5 2 20 
41 1 20 3 5 
42 1 3 24 20 
43 1 3 20 
44 20 1 
45 20 1 25 
46 20 1 
47 26 20 
48 20 
49 
