1 1 
2 2 1 
3 1 2 
4 1 
5 3 1 
6 1 4 3 
7 1 3 
8 5 3 1 
9 5 3 6 
10 5 3 6 7 
11 5 3 6 
12 5 6 3 8 
13 5 6 3 8 9 
14 5 3 6 8 
15 5 6 3 10 
16 5 6 10 3 11 
17 5 6 10 3 12 
18 5 3 6 10 
19 5 3 6 
20 5 3 6 
21 5 
22 5 
23 5 
24 13 5 
25 13 14 5 
26 13 14 15 5 
27 13 14 5 16 15 
28 13 14 5 15 16 17 
29 13 14 5 15 17 16 18 
30 13 14 19 5 16 15 17 
31 13 14 19 5 16 17 15 20 
32 13 14 21 19 5 15 16 17 
33 13 14 21 19 5 15 17 16 22 
34 13 14 16 23 21 19 5 15 17 
35 13 14 16 23 21 19 5 15 24 
36 13 14 15 16 23 25 21 19 5 
37 13 14 15 16 26 23 25 21 19 5 
38 13 14 15 16 26 27 23 25 21 19 5 
39 13 14 15 16 26 27 28 23 25 21 19 5 
40 13 14 15 16 26 27 28 29 23 25 21 19 5 
41 13 14 15 16 26 27 28 29 23 25 21 19 5 30 
42 13 14 15 16 26 27 28 29 30 23 25 21 19 5 
43 13 14 15 16 26 27 28 29 30 23 25 21 19 6 
44 13 14 15 16 26 27 28 29 30 23 25 21 19 6 31 
45 13 14 15 16 26 27 28 29 30 23 25 21 19 6 
46 13 14 15 16 6 27 28 26 23 29 30 25 21 19 32 
47 13 14 15 16 6 27 28 26 23 29 30 25 21 19 33 
48 13 14 15 16 6 27 28 26 23 29 33 30 25 21 34 19 
49 13 14 15 16 23 25 21 19 6 27 28 26 34 29 33 30 35 
50 13 14 15 16 23 25 21 19 6 27 28 26 34 29 33 30 
51 13 14 15 16 30 23 25 21 19 6 27 28 26 34 29 
52 13 14 15 16 30 23 25 21 19 6 29 27 28 26 34 36 
53 13 14 15 16 30 23 25 21 19 6 29 27 28 26 34 
54 13 14 15 16 30 23 25 21 19 6 29 27 28 26 34 37 
55 13 14 15 16 30 23 25 21 19 6 29 27 28 26 34 
56 13 14 15 16 30 23 25 21 19 6 29 27 28 26 
57 13 14 15 16 30 23 25 21 19 6 29 27 28 26 
58 13 14 15 16 23 25 21 19 6 29 27 26 34 28 33 30 38 
59 13 14 15 16 23 25 21 19 6 29 27 26 34 28 33 30 
60 13 14 15 16 30 23 25 21 19 6 29 27 26 34 28 
61 13 14 15 16 30 23 25 21 19 6 29 27 28 26 34 39 
62 13 14 15 16 30 23 25 21 19 6 29 27 28 26 34 
63 13 14 15 16 30 23 25 21 19 6 29 27 28 26 34 40 
64 13 14 15 16 30 23 25 21 19 6 29 27 28 26 34 
65 13 14 15 16 30 23 25 21 19 6 29 27 28 26 
66 13 14 15 16 30 23 25 21 19 6 29 27 28 26 
67 13 14 15 16 30 23 25 21 19 6 29 28 26 27 34 
68 13 14 15 16 30 23 25 21 19 6 29 27 28 26 
69 13 14 15 16 26 28 30 23 25 21 19 6 29 27 
70 13 14 15 16 26 27 28 29 30 23 25 21 19 6 
71 13 14 15 16 26 27 28 29 30 23 25 21 19 6 
72 13 14 15 16 26 27 28 29 30 41 
73 41 
74 
