1 1 
2 2 1 
3 2 1 3 
4 2 4 1 3 
5 2 5 4 1 3 
6 2 5 4 1 3 6 
7 2 5 4 1 6 3 
8 2 5 4 1 6 7 3 
9 2 5 4 1 6 3 7 8 
10 2 5 4 1 6 3 7 9 
11 2 5 4 1 6 3 10 
12 2 5 4 1 6 11 3 
13 2 5 4 1 6 11 3 12 
14 2 5 4 1 6 13 11 3 
15 2 5 4 1 6 13 11 14 
16 2 5 4 1 6 15 13 11 
17 2 5 4 1 16 6 15 11 13 
18 2 5 4 13 1 16 17 6 15 11 
19 2 5 4 11 13 1 16 17 18 6 15 
20 2 5 4 11 13 15 1 16 17 18 19 6 
21 2 6 5 4 11 13 15 1 
22 2 6 5 4 11 13 15 1 20 
23 2 6 5 4 11 13 20 15 1 
24 2 6 5 4 1 11 13 20 15 21 
25 2 6 5 4 1 11 13 20 15 
26 2 6 5 4 20 11 13 1 
27 2 6 5 4 20 11 1 13 22 
28 2 6 5 4 20 11 1 13 23 
29 2 6 5 4 20 11 1 13 24 
30 2 6 5 4 13 20 11 1 
31 2 6 5 4 13 20 11 1 
32 2 6 5 4 20 11 15 1 
33 2 6 5 4 20 11 1 15 25 
34 2 6 5 4 20 11 1 15 26 
35 2 6 5 4 20 11 1 15 27 
36 2 6 5 4 13 20 11 1 
37 2 6 5 4 1 13 20 11 28 
38 2 6 5 4 1 13 20 11 29 
39 2 6 5 4 11 1 30 13 20 
40 2 6 5 4 13 20 11 1 
41 2 6 1 5 4 13 20 11 31 
42 2 6 1 5 4 13 20 11 32 
43 2 6 1 5 4 33 13 20 
44 2 6 1 5 4 20 
45 20 2 6 1 5 4 
46 20 2 6 4 1 5 
47 20 2 6 5 4 1 34 
48 20 2 6 5 4 1 
49 20 2 6 1 5 35 4 
50 20 2 6 1 5 36 35 4 
51 20 4 2 6 1 5 36 37 35 
52 20 5 4 2 6 1 
53 20 5 4 2 1 6 38 
54 20 5 4 2 39 1 
55 20 5 4 2 39 1 
56 20 5 4 2 39 1 
57 2 20 1 5 4 
58 2 20 1 5 
59 2 20 1 40 
60 2 20 1 
61 2 1 20 41 
62 2 39 1 
63 2 39 1 
64 2 39 1 
65 
66 
