6 1 
7 1 
8 4 6 7 
10 1 
11 8 10 9 
12 9 
13 1 
14 12 2 
15 1 
16 14 3 
17 1 
18 15 16 
19 17 2 13 
20 1 
21 1 
22 20 19 
23 21 2 13 
24 22 
25 22 
28 1 
29 27 
30 1 
31 1 
32 29 28 
33 21 2 13 
34 22 
35 30 23 
36 22 
37 31 24 
38 18 
39 32 23 25 1 
40 18 
41 34 24 26 1 
43 33 35 36 
44 11 
45 11 
46 1 
47 36 37 38 39 
48 1 
49 40 41 
50 1 
51 43 2 
52 42 2 
53 1 
54 44 2 
55 1 
56 45 2 
57 42 2 
58 2 
59 42 2 
60 1 
61 40 47 
62 1 
63 49 2 
64 1 
65 50 2 
66 48 
67 51 
68 48 
69 53 
70 1 
71 17 2 52 54 55 
72 46 2 
