1 1 
2 2 1 
3 2 3 1 
4 2 3 4 1 
5 2 3 4 1 5 
6 2 3 4 1 
7 
8 2 3 4 1 6 
9 2 3 4 1 
10 2 3 4 1 7 
11 2 3 4 1 
12 2 3 8 4 1 
13 2 3 9 8 4 1 
14 2 3 9 8 1 4 10 
15 2 3 9 8 1 4 
16 2 3 9 8 1 11 
17 2 3 9 8 1 11 12 
18 2 3 9 8 1 11 
19 11 2 3 9 8 1 13 
20 11 2 3 9 8 1 14 
21 11 2 3 9 8 15 1 14 
22 11 2 3 14 9 8 15 1 16 
23 11 2 3 14 9 8 15 1 16 17 
24 11 2 3 14 9 8 15 1 
25 11 2 3 14 1 9 8 15 18 
26 11 2 3 14 1 9 8 15 
27 11 2 3 8 14 1 
28 11 2 3 9 8 1 14 
29 11 2 3 9 8 15 1 14 
30 11 2 3 9 8 15 1 14 
31 11 2 3 9 8 15 1 14 19 
32 11 2 3 9 8 15 1 14 19 20 
33 11 2 3 9 8 15 1 14 
34 11 2 3 9 8 15 1 14 21 
35 11 2 3 9 8 15 1 14 
36 11 2 3 8 14 1 
37 11 2 3 9 8 1 14 
38 11 2 3 9 8 15 1 14 
39 11 2 3 9 8 14 15 1 22 
40 11 2 3 9 8 14 15 1 23 
41 11 2 3 9 8 14 15 1 
42 11 2 3 9 8 14 1 15 24 
43 2 3 9 8 1 11 14 15 
44 2 3 9 8 1 11 14 
45 11 2 3 9 8 25 14 1 
46 11 2 1 26 3 9 8 25 14 
47 11 2 1 26 3 27 9 8 25 
48 2 3 9 8 1 11 
49 2 3 9 8 1 11 
50 
