1 1 
2 2 1 
3 2 3 1 
4 2 3 4 1 
5 2 1 3 4 
6 4 3 2 1 5 
7 4 3 2 1 
8 6 
9 6 
10 
11 4 2 3 1 7 
12 4 2 7 3 1 
13 
14 4 2 1 7 3 8 
15 4 2 1 7 3 8 9 
16 4 2 1 7 3 
17 10 4 2 1 7 
18 10 11 4 2 1 
19 10 2 11 1 12 4 
20 10 4 2 11 1 13 
21 10 4 2 11 1 
22 
23 11 2 1 10 14 4 
24 11 4 2 1 10 15 
25 11 4 2 1 10 
26 
27 4 2 1 11 10 16 
28 17 4 2 1 11 10 
29 17 11 10 4 2 1 18 
30 17 11 10 4 2 1 
31 2 1 11 17 10 19 4 
32 4 2 1 11 17 10 20 
33 4 2 1 11 17 10 
34 4 2 1 10 11 
35 4 2 1 10 11 
36 4 2 1 10 11 
37 4 2 1 11 10 21 
38 17 4 2 1 11 10 
39 17 4 2 1 11 10 
40 
41 3 2 1 7 4 22 
42 3 2 1 7 4 22 23 
43 3 2 1 7 4 
44 10 3 2 1 7 
45 10 3 2 1 11 
46 10 11 3 2 1 24 
47 12 10 11 3 2 1 
48 12 10 2 11 1 12 3 
49 12 10 3 2 11 1 25 
50 12 10 3 2 11 1 
51 
52 11 12 2 1 10 14 3 
53 11 12 3 2 1 10 26 
54 11 12 3 2 1 10 
55 
56 12 11 10 3 2 1 27 
57 12 11 10 3 2 1 
58 2 1 11 12 10 19 3 
59 3 2 1 11 12 10 28 
60 3 2 1 11 12 10 
61 3 2 1 10 11 
62 3 2 1 10 11 
63 3 2 1 10 11 
64 3 2 1 11 10 29 
65 12 3 2 1 11 10 
66 12 3 2 1 11 10 
67 
68 4 2 10 1 
69 2 1 30 4 10 
70 10 2 1 30 4 
71 10 2 1 30 4 31 
72 10 2 1 30 4 
73 2 1 30 4 10 
74 2 1 30 4 10 
75 2 1 30 4 10 
76 2 1 30 4 10 
77 32 
78 
