1 1 
2 1 
3 3 1 
4 3 4 1 
5 5 3 4 1 
6 5 3 6 4 1 
7 5 3 6 4 7 1 
8 5 3 6 4 7 1 8 
9 5 3 6 4 7 1 
10 7 6 5 1 3 4 9 
11 3 4 7 6 5 9 1 
12 3 4 1 7 6 5 9 10 
13 5 3 4 1 7 6 11 
14 5 3 4 1 7 11 6 12 
15 5 3 6 4 1 7 11 
16 5 3 6 4 1 7 13 
17 5 3 6 4 7 1 
18 5 3 6 1 4 7 14 
19 5 3 6 1 4 7 
20 7 6 5 1 3 4 15 
21 7 6 5 1 3 4 16 
22 4 7 6 5 1 3 17 
23 4 7 6 5 1 3 17 18 
24 3 4 7 6 5 18 1 
25 3 1 4 7 6 5 18 19 
26 5 3 1 4 7 6 11 
27 5 3 1 4 7 11 6 20 
28 5 3 6 1 4 7 11 
29 5 3 6 1 4 7 21 
30 5 3 6 1 4 7 
31 5 3 6 1 4 22 7 
32 5 7 3 6 1 4 22 23 
33 5 7 3 6 1 4 24 
34 5 7 3 6 1 4 25 
35 5 17 7 3 6 1 
36 5 17 7 1 3 6 26 
37 5 17 7 1 3 6 
38 7 6 5 1 3 17 27 
39 17 3 7 6 5 27 1 
40 17 1 3 7 6 5 27 28 
41 5 17 1 3 7 6 11 
42 5 17 1 3 7 11 6 29 
43 5 17 1 3 6 7 11 
44 5 17 1 3 6 7 30 
45 5 17 7 1 3 6 
46 5 17 6 7 1 3 31 
47 5 17 6 7 1 3 32 
48 5 17 3 6 7 33 1 
49 5 17 1 3 6 7 33 34 
50 5 17 1 3 6 7 33 
51 3 7 6 5 1 33 17 35 
52 17 3 7 6 5 35 1 
53 17 1 3 7 6 5 35 36 
54 5 17 1 3 7 6 11 
55 5 17 1 3 7 11 6 37 
56 5 17 1 3 6 7 11 
57 5 17 1 3 6 7 38 
58 5 17 1 3 6 7 
59 5 17 1 3 6 39 7 
60 5 17 1 3 6 7 39 40 
61 5 17 1 3 6 7 41 
62 5 17 1 3 6 7 
63 5 17 1 3 6 7 42 
64 7 5 17 1 3 6 
65 7 5 17 1 3 43 6 
66 7 6 5 17 1 3 43 44 
67 7 6 5 17 1 3 45 
68 7 6 5 17 1 3 46 
69 7 6 5 33 17 1 
70 1 7 6 5 33 17 47 
71 1 7 6 5 33 17 
72 7 6 5 1 33 17 48 
73 7 6 5 48 1 
74 1 7 6 5 48 49 
75 1 7 6 11 
76 1 7 11 6 50 
77 1 6 7 11 
78 1 6 7 51 
79 1 7 6 
80 1 7 52 6 
81 1 7 52 53 6 
82 1 7 52 53 54 6 
83 1 7 52 53 6 54 55 
84 1 7 52 53 56 6 
85 6 1 7 52 53 56 57 
86 6 1 7 52 53 58 
87 6 1 7 52 59 
88 60 6 1 7 
89 60 6 1 61 7 
90 60 6 1 7 61 62 
91 60 6 1 63 7 
92 60 6 1 63 64 7 
93 60 6 1 63 64 65 7 
94 60 7 6 1 63 64 65 66 
95 60 7 6 1 63 64 67 
96 60 7 6 1 63 68 
97 60 69 7 6 1 
98 60 69 7 6 1 70 
99 60 69 7 6 1 
100 69 6 1 71 60 7 
101 69 6 1 71 60 72 7 
102 69 7 6 1 71 60 73 72 
103 60 69 7 6 1 72 71 
104 60 69 7 6 1 
105 60 69 7 6 1 74 
106 60 69 7 6 1 
107 6 1 75 60 69 7 
108 6 1 75 60 76 69 7 
109 6 1 75 60 76 7 69 77 
110 69 6 1 75 78 60 76 7 
111 69 7 6 1 75 78 60 79 76 
112 60 69 7 6 1 76 75 
113 60 69 7 6 1 
114 60 69 7 6 1 80 
115 60 69 7 6 1 
116 60 69 1 81 6 7 
117 60 69 1 81 82 6 7 
118 60 69 1 81 83 82 7 6 
119 60 69 6 1 81 83 84 82 7 
120 60 69 7 6 1 81 83 84 85 82 
121 60 69 7 6 1 82 81 
122 60 69 7 6 1 
123 60 69 7 6 1 86 
124 60 69 7 6 1 
125 69 1 87 7 60 6 
126 69 1 87 88 7 60 6 
127 69 1 87 88 6 7 60 89 
128 60 69 1 87 90 88 6 7 
129 60 69 1 87 90 91 88 7 6 
130 60 69 6 1 87 90 91 92 88 7 
131 60 69 7 6 1 87 90 91 92 93 88 
132 60 69 7 6 1 88 87 
133 60 69 7 6 1 
134 60 69 7 6 1 94 
135 60 69 7 6 1 
136 95 69 60 7 6 
137 95 96 69 60 7 6 
138 95 97 96 69 60 6 7 
139 95 97 98 96 69 7 60 6 
140 95 97 98 96 69 7 6 60 99 
141 60 95 97 98 96 69 7 100 6 
142 60 95 97 98 96 69 7 100 101 
143 60 95 97 98 102 96 69 7 
144 60 95 97 98 102 96 7 69 103 
145 60 69 95 97 98 102 96 104 7 
146 60 69 95 97 98 102 96 104 105 
147 60 69 95 97 98 102 106 96 
148 60 69 96 95 
149 60 69 
150 60 69 107 
151 107 
152 
