5 1 
6 2 
7 3 
10 4 
11 1 
12 7 
13 1 
14 2 
15 9 
16 10 
17 9 
18 11 
19 12 1 
20 13 1 
22 15 14 
23 13 15 8 
24 16 3 
25 17 
26 13 15 8 
27 13 15 8 
28 18 
29 20 
30 5 18 
31 19 
32 21 
33 6 19 
34 15 
38 4 
39 1 
40 22 
41 1 
42 2 
43 9 
44 24 
45 9 
46 25 
47 12 1 
48 13 1 
50 15 14 
51 13 15 23 
52 16 3 
53 26 
54 13 15 23 
55 13 15 23 
56 27 
57 27 
58 5 28 
59 19 
60 19 
61 6 29 
62 15 
66 4 
67 1 
68 30 
69 1 
70 2 
71 9 
72 32 
73 9 
74 33 
75 12 1 
76 13 1 
78 15 14 
79 13 15 31 
80 16 3 
81 34 
82 13 15 31 
83 13 15 31 
84 13 15 31 
85 18 
86 35 
87 5 18 
88 6 18 
89 19 
90 36 
91 5 19 
92 19 
93 37 
94 6 19 
95 15 
99 2 
100 38 
101 39 
102 38 
103 40 
104 12 1 
105 41 1 
107 14 13 
108 41 14 1 
109 41 14 1 
110 42 3 
111 44 
112 43 
113 45 
114 5 43 
115 6 43 
116 14 
119 5 
120 46 
123 5 6 47 
124 47 
