1 1 
2 2 1 
3 3 2 1 
4 1 3 2 
5 1 3 2 
6 1 2 4 3 
7 3 1 2 4 5 
8 3 1 2 
9 6 
10 6 
11 
12 1 3 
13 3 1 7 
14 3 1 7 8 
15 3 7 1 8 
16 1 3 7 
17 1 3 9 7 
18 7 1 3 9 
19 7 1 3 9 10 
20 7 1 10 3 9 
21 7 9 1 10 3 11 
22 7 9 1 10 3 12 
23 7 9 1 10 3 13 12 
24 3 7 9 1 10 12 13 
25 7 9 1 10 12 3 14 13 
26 7 9 1 10 12 13 3 15 
27 7 9 1 10 12 13 3 16 
28 7 9 1 10 3 12 13 16 
29 7 1 12 10 13 3 9 16 17 
30 7 1 12 10 13 3 9 16 
31 7 1 12 10 18 13 3 9 
32 7 1 12 10 18 13 3 9 
33 7 1 12 10 13 3 9 16 19 
34 7 1 12 10 13 3 9 16 
35 7 1 12 10 13 3 9 20 
36 7 1 12 10 13 3 9 21 20 
37 7 1 12 10 13 3 9 22 21 
38 7 1 12 10 13 3 9 21 
39 7 1 12 10 18 13 3 9 
40 7 1 12 10 18 13 3 9 
41 7 1 12 10 13 3 9 23 
42 7 1 12 10 13 3 9 23 
43 7 1 12 10 18 13 3 9 
44 7 1 12 10 18 3 9 24 13 
45 7 1 12 10 18 13 3 9 25 
46 7 1 12 10 18 13 3 9 26 
47 7 1 12 10 18 27 13 3 9 
48 7 9 1 3 12 10 18 27 28 13 
49 7 9 1 3 12 13 10 18 27 29 
50 7 9 1 3 12 13 10 18 27 30 
51 7 9 1 3 12 13 10 18 27 31 
52 7 9 1 3 12 13 10 18 27 31 32 
53 7 9 1 3 12 13 32 10 
54 7 9 1 10 3 12 13 
55 7 9 1 10 3 13 12 
56 7 9 1 10 3 13 12 
57 3 7 9 10 1 
58 1 3 7 9 10 33 
59 1 3 7 9 
60 1 3 9 7 
61 1 3 9 7 
62 
