1 1 
2 2 
3 3 
4 4 
5 5 
6 6 
7 7 
8 8 
9 9 
10 10 
11 11 
12 12 
14 13 
15 14 
16 15 
17 16 
18 17 
19 18 
20 19 
21 20 
22 21 
24 22 
26 23 
28 24 
29 25 
31 26 
32 27 
33 28 
36 29 
37 30 
38 31 
40 32 
42 33 
43 34 
44 35 
46 36 
48 37 
49 38 
50 39 
52 40 
54 41 
55 42 
57 43 
59 44 
61 45 
62 46 
63 47 
64 48 
65 49 
66 50 
67 51 
69 52 
72 53 
73 54 
74 55 
76 56 
77 57 
78 58 
81 59 
84 60 
85 61 
86 62 
88 63 
89 64 
90 65 
94 66 
96 67 
98 68 
101 69 
102 70 
104 71 
105 72 
106 73 
107 74 
108 75 
109 76 
110 77 
111 78 
113 79 
115 80 
117 81 
119 82 
121 83 
123 82 
125 84 
