1 1 
2 1 2 
3 1 3 2 
4 1 3 2 
5 1 3 2 
6 1 3 2 
7 7 1 3 2 
8 7 2 3 1 
9 7 2 8 3 1 
10 7 2 8 3 1 9 
11 7 2 8 3 1 
12 7 2 8 3 1 10 
13 7 2 8 3 1 11 
14 7 2 8 3 1 
15 7 3 8 1 2 12 
16 7 3 8 1 2 13 
17 7 3 8 1 2 
18 7 14 3 2 8 1 
19 7 14 3 1 2 8 15 
20 7 14 8 3 1 16 2 
21 7 14 2 8 3 1 
22 7 14 2 1 8 3 17 
23 7 8 3 1 14 2 
24 7 2 8 3 1 
25 7 2 8 3 1 
26 7 2 1 8 3 18 
27 7 2 8 3 1 
28 7 2 8 3 1 19 
29 7 2 8 3 1 20 
30 7 2 8 3 1 20 21 
31 7 2 8 3 1 20 
32 7 2 8 3 1 20 22 
33 7 2 8 3 1 20 23 
34 7 2 8 3 1 20 23 24 
35 7 2 8 3 1 20 23 
36 7 20 3 23 8 1 2 25 
37 7 20 3 23 8 1 2 
38 7 20 14 3 23 2 8 1 
39 7 20 14 1 3 23 2 8 26 
40 7 20 14 1 8 3 23 27 2 
41 7 20 14 2 1 8 3 23 
42 7 8 3 1 20 14 2 
43 7 2 8 3 1 20 
44 7 2 8 3 1 20 
45 7 2 8 3 1 20 
46 7 2 8 3 1 20 
47 7 2 8 3 1 28 
48 7 2 8 3 1 20 
49 7 2 8 3 1 20 29 
50 7 2 8 3 1 20 
51 7 2 8 3 1 20 30 
52 7 2 8 3 1 20 31 
53 7 2 8 3 1 20 31 32 
54 7 2 8 3 1 20 31 
55 7 20 3 31 8 1 2 33 
56 7 20 3 31 8 1 2 
57 7 20 14 3 31 2 8 1 
58 7 20 14 1 3 31 2 8 34 
59 7 20 14 1 8 3 31 35 2 
60 7 20 14 2 1 8 3 31 
61 7 8 3 1 20 14 2 
62 7 2 8 3 1 20 
63 7 2 8 3 1 20 
64 7 2 8 3 1 20 
65 7 2 8 3 1 20 
66 7 2 8 3 1 36 
67 7 2 8 3 1 
68 7 2 8 3 1 37 
69 7 2 8 3 1 38 
70 7 2 8 3 1 
71 7 3 8 1 2 39 
72 7 3 8 1 2 40 
73 7 3 8 1 2 
74 7 14 3 2 8 1 
75 7 14 3 1 2 8 41 
76 7 14 8 3 1 42 2 
77 7 14 2 8 3 1 
78 7 14 2 1 8 3 43 
79 7 8 3 1 14 2 
80 7 2 8 3 1 
81 7 2 8 3 1 
82 7 2 1 8 3 44 
83 7 2 8 3 1 
84 7 2 8 3 1 45 
85 7 2 8 3 1 46 
86 7 2 8 3 1 
87 7 2 1 8 3 47 
88 7 2 
89 
90 
