1 1 
2 2 1 
3 3 2 1 
4 3 1 2 
5 3 2 1 
6 3 1 2 4 
7 3 1 2 
8 5 
9 5 
10 
11 2 3 1 6 
12 2 3 1 
13 7 
14 7 
15 
16 1 2 8 3 
17 1 2 3 8 9 
18 1 2 3 
19 10 
20 10 
21 
22 1 11 2 3 
23 1 11 2 12 3 
24 1 3 11 2 12 13 
25 1 3 11 2 12 
26 1 2 3 12 11 14 
27 1 2 3 12 11 15 
28 1 11 2 3 12 
29 1 11 2 12 3 
30 1 11 2 12 3 
31 2 1 3 16 11 
32 2 1 3 
33 17 
34 17 
35 
36 2 1 3 18 
37 18 2 1 3 
38 18 2 1 12 3 
39 18 2 3 1 12 19 
40 18 2 3 1 12 
41 18 2 1 20 3 12 
42 18 2 1 20 21 3 12 
43 18 2 1 3 12 20 21 22 
44 18 2 1 3 12 20 21 23 
45 18 2 1 3 12 20 21 
46 2 1 20 24 18 21 3 12 
47 2 1 3 12 20 24 18 25 21 
48 2 1 3 12 21 26 20 24 18 
49 18 2 1 20 3 12 21 
50 18 2 1 20 21 3 12 
51 18 2 1 20 21 3 12 
52 18 2 1 12 3 
53 18 2 1 12 3 
54 
