1 1 
2 1 2 
3 1 
4 3 
5 
6 1 4 
7 4 1 
8 4 1 5 
9 4 1 6 
10 4 1 7 
11 4 1 7 8 
12 4 1 7 
13 4 7 1 9 
14 4 7 1 10 
15 4 1 7 10 
16 4 1 7 
17 4 7 10 11 1 
18 4 7 11 10 1 12 
19 4 1 7 11 10 12 
20 4 1 7 11 10 12 
21 4 1 7 11 12 10 
22 4 1 7 11 12 13 
23 4 1 7 11 12 14 13 
24 4 1 7 11 13 14 12 
25 4 1 7 11 12 13 14 15 
26 4 1 7 11 12 13 14 
27 4 1 7 11 12 13 14 16 
28 4 1 7 11 12 13 14 
29 4 1 7 11 12 13 14 17 
30 4 1 7 11 12 13 14 17 
31 4 1 7 11 12 13 14 
32 4 1 7 11 12 14 13 
33 4 1 7 11 12 14 13 
34 4 1 7 
35 
