1 1 
2 1 2 
3 1 3 2 
4 1 3 4 2 
5 2 1 3 4 
6 5 
7 5 
8 
9 6 2 1 3 4 
10 7 6 2 1 3 4 
11 7 6 2 1 3 
12 3 2 8 1 
13 6 3 1 2 
14 6 2 3 9 1 
15 7 6 2 1 3 
16 7 6 10 2 1 3 
17 7 11 6 10 2 1 3 
18 7 11 6 10 2 1 
19 7 6 2 12 1 
20 7 6 10 1 2 
21 7 6 10 2 13 1 
22 7 11 6 10 2 
23 14 7 11 6 10 2 
24 14 7 11 6 2 15 10 
25 16 14 7 11 10 6 2 
26 16 14 7 11 10 2 17 6 
27 16 18 14 7 6 11 10 2 
28 16 18 14 7 6 2 11 19 10 
29 16 18 14 7 6 2 20 11 
30 16 18 21 14 7 6 2 
31 16 18 21 14 7 22 6 
32 16 18 21 14 23 7 
33 16 18 21 24 14 
34 14 
35 
