1 1 
2 2 1 
3 1 2 
4 3 1 2 
5 3 4 2 1 
6 3 4 2 5 1 
7 3 4 1 2 5 6 
8 3 4 5 1 2 
9 5 3 7 4 1 2 
10 2 5 8 3 7 4 1 
11 2 1 5 8 3 7 4 9 
12 2 1 5 8 3 7 4 10 9 
13 2 1 5 8 3 7 4 9 10 
14 2 1 5 8 3 7 4 9 10 11 
15 2 1 5 8 3 7 4 9 10 11 12 
16 2 1 5 8 3 7 4 9 10 11 
17 2 1 5 8 3 4 9 10 7 11 13 
18 2 1 5 8 3 4 9 10 7 11 
19 2 1 5 8 3 7 4 9 10 
20 2 1 5 8 3 7 4 9 10 
21 2 1 5 8 3 7 4 9 10 
22 2 1 5 8 3 7 4 10 9 
23 2 1 5 8 3 7 4 10 9 
24 4 2 1 5 8 3 7 14 
25 4 2 1 5 8 3 7 
26 4 2 1 5 8 3 
27 3 4 2 1 5 8 15 
28 3 4 2 1 5 8 
29 3 4 2 1 5 
30 3 4 2 5 1 
31 3 4 2 5 1 
32 3 4 16 
33 3 4 
34 3 4 17 
35 17 
36 
37 
