1 1 
2 2 1 
3 2 1 3 
4 2 4 1 3 
5 2 4 5 1 3 
6 2 6 4 5 1 3 
7 2 6 4 5 3 7 1 
8 2 6 4 5 3 1 8 7 
9 2 6 9 4 5 3 7 1 
10 2 6 1 9 4 5 3 10 7 
11 2 11 6 1 9 4 5 3 7 
12 2 11 6 1 9 12 4 5 3 
13 2 11 6 1 9 12 4 5 13 3 
14 2 11 6 1 9 12 4 5 14 13 3 
15 2 11 6 1 9 12 4 5 15 14 13 3 
16 2 11 6 1 9 12 4 5 16 15 14 13 3 
17 2 11 6 1 9 12 4 5 16 15 14 13 17 3 
18 2 11 6 1 9 12 4 5 16 15 14 13 3 18 17 
19 2 11 6 1 9 12 4 19 5 16 15 14 13 17 3 
20 2 11 6 1 9 12 4 19 5 16 15 14 13 20 17 
21 2 11 21 6 1 9 12 4 19 5 16 15 14 13 17 
22 2 11 21 6 1 9 12 4 19 5 16 15 14 13 17 22 
23 2 11 21 6 1 9 12 4 19 5 16 15 14 13 17 
24 2 11 21 6 1 23 9 12 4 19 5 
25 14 2 11 12 19 5 4 21 6 1 
26 14 2 1 11 12 19 5 24 4 21 6 
27 14 13 2 21 6 1 11 12 4 19 5 
28 14 13 2 21 6 1 25 11 12 4 19 5 
29 16 14 13 2 4 21 6 1 
30 16 14 13 2 1 26 4 21 6 
31 16 15 14 13 2 1 
32 16 15 14 13 2 1 
33 16 15 14 13 2 1 11 21 6 9 12 4 19 5 17 27 
34 16 15 14 13 2 1 11 21 6 9 12 4 19 5 
35 2 11 21 6 1 28 9 12 4 19 5 
36 13 2 11 12 19 5 4 21 6 1 
37 13 2 1 11 12 19 5 29 4 21 6 
38 14 13 2 21 6 1 11 12 4 19 5 
39 14 13 2 21 6 1 30 11 12 4 19 5 
40 15 14 13 2 4 21 6 1 
41 15 14 13 2 1 31 4 21 6 
42 16 15 14 13 2 1 
43 16 15 14 13 1 32 2 
44 16 15 14 13 2 1 
45 16 15 14 13 33 2 
46 2 16 15 14 13 
47 34 2 16 15 14 
48 34 35 2 16 15 
49 34 35 36 2 16 
50 34 35 36 37 2 
51 
52 
