1 1 
2 2 1 
3 2 1 
4 2 4 1 
5 2 5 4 1 
6 2 5 4 1 6 
7 6 2 5 4 1 
8 2 5 4 1 7 
9 2 5 4 1 7 
10 6 2 5 4 1 
11 6 2 5 4 1 8 
12 6 2 5 4 1 
13 
14 6 9 2 5 4 1 
15 6 9 10 2 5 4 1 
16 6 9 10 2 5 1 4 11 
17 6 9 10 2 5 1 4 
18 6 10 9 4 5 1 12 2 
19 6 10 9 2 4 5 1 
20 6 10 9 2 4 5 1 13 
21 6 10 9 2 13 4 5 1 
22 6 10 2 1 13 9 5 
23 6 10 2 1 13 9 5 14 
24 6 10 2 5 1 13 9 
25 6 9 10 2 5 1 
26 6 9 10 2 5 1 
27 6 10 2 1 13 9 5 15 
28 6 10 2 5 1 13 9 
29 6 9 10 2 5 1 
30 6 9 10 2 5 1 
31 6 9 2 1 13 10 5 16 
32 6 9 2 5 1 13 10 
33 6 9 10 2 5 1 
34 6 9 10 2 5 1 
35 6 9 10 2 1 13 5 17 
36 6 9 10 2 5 1 13 
37 6 9 10 2 5 1 
38 6 1 9 18 10 5 
39 5 6 1 9 18 10 19 
40 5 6 1 9 18 10 
41 5 6 1 20 9 
42 5 6 21 1 
43 5 6 21 22 
44 5 6 21 23 
45 24 5 6 
46 6 
47 6 
48 6 5 1 10 18 25 
49 6 5 1 10 18 
50 5 6 1 26 10 
51 5 6 27 1 
52 5 6 27 28 
53 5 6 27 29 
54 30 5 6 
55 6 
56 
