1 1 
2 1 2 
3 2 1 
4 2 1 3 
5 2 1 
6 
7 2 4 1 
8 2 4 1 
9 2 1 4 5 
10 2 1 4 5 6 
11 2 1 4 
12 2 1 7 
13 2 1 4 
14 2 1 4 
15 2 1 4 8 
16 2 1 4 8 9 
17 2 1 4 
18 2 1 10 
19 2 1 4 
20 2 1 4 
21 
22 2 1 11 4 
23 2 1 11 12 
24 2 1 11 12 13 
25 2 1 11 12 
26 12 2 11 1 14 
27 12 2 11 1 15 
28 12 2 11 16 15 1 
29 12 2 11 16 1 15 17 
30 12 2 11 15 16 1 18 
31 12 2 11 15 16 19 1 
32 12 2 11 15 16 19 20 1 
33 12 2 1 11 15 16 21 19 20 
34 12 2 1 11 15 16 21 19 22 20 
35 12 2 1 11 15 20 
36 12 2 1 11 20 
37 12 11 2 20 1 
38 1 12 11 2 23 20 
39 1 12 11 20 2 
40 2 1 12 11 
41 2 1 11 12 
42 2 1 11 12 
43 2 1 24 
44 2 1 25 
45 2 1 
46 2 26 1 
47 2 26 1 27 
48 2 28 26 1 
49 2 28 26 1 29 
50 2 28 30 26 1 
51 2 28 30 31 26 1 
52 2 28 30 31 32 26 1 
53 2 28 30 31 32 33 26 1 
54 2 28 30 31 32 33 34 26 
55 26 2 
56 2 
57 
