2 1 
4 2 
5 2 
7 1 
8 4 
9 1 
10 5 
11 6 
12 7 
13 1 
14 1 
15 1 
16 1 
18 8 9 10 11 12 
19 12 
21 6 
22 13 
23 1 
24 1 
25 1 
26 1 
28 8 9 10 11 14 
29 14 
31 6 
32 15 
33 1 
34 1 
35 1 
36 1 
38 8 9 10 11 16 
39 16 
41 6 
42 17 
43 1 
44 1 
45 1 
46 1 
47 1 
48 1 
49 1 
51 8 9 10 11 18 19 20 21 
52 21 
54 6 
55 22 
57 23 
59 1 
60 25 
61 1 
63 27 
64 1 
65 24 27 28 
66 27 
68 26 
69 24 
70 24 
71 29 30 23 
73 24 
74 24 
75 31 32 23 
77 24 
78 24 
79 24 
80 24 
81 24 
82 24 
83 33 34 35 36 37 38 23 
85 24 
86 24 
87 24 
88 24 
89 39 40 41 42 23 
91 23 
94 43 
95 43 
96 1 
97 44 23 
98 1 
100 23 
102 1 
103 45 
104 3 
