1 1 
2 1 2 
3 1 3 2 
4 1 4 3 2 
5 1 4 3 2 5 
6 1 6 4 3 2 5 
7 1 6 4 7 3 2 5 
8 1 6 4 8 7 3 2 5 
9 1 6 5 4 8 7 3 2 
10 1 6 5 4 8 7 3 2 9 
11 1 6 5 4 8 7 3 9 
12 1 6 5 4 9 8 7 3 
13 1 6 5 4 9 8 7 3 10 
14 1 6 5 4 9 10 8 7 
15 1 6 5 4 9 10 8 7 11 
16 1 6 5 4 9 10 11 8 7 
17 1 6 5 4 9 10 11 8 
18 1 6 5 4 9 10 8 11 12 
19 1 6 5 4 9 10 8 12 11 
20 1 6 5 4 9 10 11 8 
21 1 6 5 4 9 10 11 
22 1 6 5 4 9 10 11 13 
23 1 6 5 4 9 10 13 11 
24 1 6 5 4 9 10 11 
25 1 6 5 4 9 10 11 14 
26 1 6 5 14 
27 1 14 6 
28 1 14 6 15 
29 1 16 14 6 15 
30 15 
31 15 17 
32 15 
33 
