1 1 
2 1 2 
3 1 3 2 
4 1 3 4 2 
5 5 1 3 4 2 
6 5 6 1 3 4 2 
7 5 6 1 3 2 7 
8 5 6 7 1 3 2 
9 5 6 7 1 3 8 
10 5 6 7 1 3 9 8 
11 5 6 7 1 3 9 8 10 
12 5 6 7 1 3 9 8 
13 5 6 7 9 1 
14 5 6 7 9 1 
15 5 6 7 9 1 3 8 11 
16 5 6 7 9 1 3 
17 5 6 7 9 1 
18 5 6 7 1 9 12 
19 5 13 9 6 7 1 
20 5 13 9 6 1 7 14 
21 5 13 9 6 1 15 7 
22 5 13 9 6 1 15 16 
23 5 13 17 9 6 1 15 16 
24 5 13 17 9 18 6 1 15 16 
25 5 13 17 9 19 18 6 1 15 16 
26 5 13 17 9 19 18 6 1 15 
27 5 13 17 9 19 18 6 1 15 
28 5 13 17 9 19 18 6 1 
29 5 13 17 9 19 18 6 
30 5 13 17 9 19 18 6 20 
31 5 13 17 9 19 18 21 6 
32 5 13 17 9 19 18 21 22 
33 5 13 17 9 19 23 18 
34 5 13 17 9 24 19 
35 5 13 17 9 25 
36 5 13 26 17 
37 5 13 26 17 
38 5 13 26 27 
39 5 28 13 
40 29 5 
41 
42 
43 30 5 
44 
45 
