3 1 
4 3 
5 2 4 
6 5 
7 1 
8 7 
9 6 8 
10 5 
11 1 
12 10 
13 9 11 
14 5 
15 1 
16 13 
17 12 14 
18 5 
19 1 
20 16 
21 15 17 
22 5 
23 1 
24 19 
25 18 20 
26 5 
27 1 
28 22 
29 21 23 
30 5 
31 1 
32 25 
33 24 26 
34 5 
35 1 
36 28 
37 27 29 
38 5 
39 1 
40 31 
41 30 32 
42 5 
43 1 
44 34 
45 33 35 
46 5 
47 1 
48 37 
49 36 38 
50 5 
51 1 
52 40 
53 39 41 
54 5 
55 1 
56 43 
57 42 44 
58 5 
59 1 
60 46 
61 45 47 
62 5 
63 1 
64 49 
65 48 50 
66 5 
67 1 
68 52 
69 51 53 
70 5 
71 1 
72 55 
73 54 56 
74 5 
75 1 
76 58 
77 57 59 
78 5 
79 1 
80 61 
81 60 62 
82 5 
83 1 
84 64 
85 63 65 
86 5 
87 1 
88 67 
92 66 68 
93 5 
94 1 
95 70 
96 69 71 
97 5 
98 1 
99 73 
100 72 74 
101 5 
102 1 
103 76 
104 75 77 
105 5 
106 1 
107 79 
108 78 80 
109 5 
110 1 
111 82 
112 81 83 
113 5 
114 1 
115 85 
116 84 86 
117 5 
118 1 
119 88 
120 87 89 
121 5 
