1 
2 2 
3 3 2 
4 4 3 2 
5 5 4 3 2 
6 6 5 4 3 2 
7 6 5 4 7 3 2 
8 6 5 4 2 7 8 3 
9 6 5 4 2 7 9 
10 6 5 7 4 2 10 
11 6 11 5 7 4 2 
12 6 11 5 2 7 12 4 
13 6 11 5 2 7 13 
14 6 11 7 5 2 14 
15 15 6 11 7 5 2 
16 15 6 11 2 7 16 5 
17 15 6 11 2 7 17 
18 15 6 11 7 2 18 
19 19 15 6 11 7 2 
20 19 15 6 20 11 7 2 
21 19 15 6 21 20 11 7 2 
22 19 15 6 21 22 20 11 7 2 
23 19 15 2 6 21 22 23 20 11 7 
24 19 15 11 2 6 21 22 23 24 20 
25 19 15 11 2 6 20 
26 19 6 15 11 2 
27 19 6 25 15 11 2 
28 19 6 26 25 15 11 2 
29 19 2 6 26 27 25 15 11 
30 19 15 2 6 26 11 27 28 25 
31 19 15 2 6 25 
32 6 19 15 2 
33 6 29 19 15 2 
34 6 30 29 19 15 2 
35 2 6 30 31 29 19 15 
36 19 2 6 30 15 31 32 29 
37 19 2 6 29 
38 6 19 2 
39 6 33 19 2 
40 6 34 33 19 2 
41 6 34 35 33 19 2 
42 6 34 35 33 36 19 
43 6 34 19 35 37 33 
44 6 33 
45 6 
46 
