1 1 
2 2 
3 3 
4 4 
5 5 
6 6 
7 7 
8 8 
9 9 
10 10 
11 11 
12 12 
15 13 
19 14 
22 15 
23 16 
24 17 
27 18 
28 19 
30 20 
31 21 
32 22 
33 23 
35 24 
36 25 
37 23 
38 26 
39 27 
40 28 
41 29 
44 30 
45 31 
46 32 
47 33 
48 34 
49 35 
50 36 
52 37 
53 38 
54 39 
56 40 
57 41 
58 39 
59 42 
60 43 
61 44 
62 45 
63 46 
65 47 
66 48 
67 49 
69 50 
70 51 
71 49 
72 52 
74 53 
77 54 
79 55 
81 56 
84 57 
86 58 
88 59 
92 60 
93 61 
96 62 
97 63 
103 64 
104 65 
107 66 
108 67 
111 68 
113 69 
115 70 
116 71 
118 70 
120 72 
122 70 
123 68 
124 73 
126 74 
128 75 
131 76 
134 77 
136 78 
138 79 
141 80 
143 81 
146 82 
148 83 
150 84 
151 85 
152 86 
154 87 
156 87 
159 88 
161 89 
162 90 
163 91 
165 92 
167 92 
170 93 
173 94 
174 95 
176 96 
177 97 
179 98 
180 99 
181 100 
182 101 
183 102 
185 103 
186 104 
187 105 
188 102 
189 106 
190 107 
191 108 
192 109 
194 110 
196 108 
198 111 
200 112 
202 108 
203 113 
205 114 
209 115 
