1 1 
2 2 
3 3 
4 4 
5 5 
6 6 
7 7 
8 8 
9 9 
11 10 
12 11 
14 12 
16 13 
17 10 
18 11 
20 10 
21 14 
22 11 
23 15 
26 16 
28 17 
30 18 
31 19 
32 20 
33 21 
34 22 
35 23 
36 24 
37 25 
38 26 
39 27 
40 28 
41 29 
44 30 
46 31 
47 32 
48 33 
49 34 
50 35 
51 36 
52 37 
53 38 
56 39 
58 40 
59 41 
60 42 
61 43 
62 44 
63 45 
64 46 
67 47 
69 48 
70 49 
71 50 
72 51 
73 52 
74 53 
75 54 
78 55 
81 56 
83 57 
85 58 
86 59 
87 60 
88 21 
89 61 
90 62 
91 63 
92 64 
93 65 
94 66 
95 67 
96 68 
99 69 
101 70 
102 71 
103 72 
104 73 
105 74 
106 75 
107 76 
108 77 
111 78 
113 79 
114 80 
115 81 
116 82 
117 83 
118 84 
119 85 
122 86 
124 87 
125 88 
126 89 
127 90 
128 91 
129 92 
130 93 
133 94 
135 95 
137 96 
138 97 
