1 1 
2 2 1 
3 2 1 3 
4 2 1 4 3 
5 2 3 1 5 4 
6 2 3 4 1 5 6 
7 2 3 4 1 5 
8 2 3 4 5 1 7 
9 2 3 4 5 1 
10 
11 2 3 4 1 5 8 
12 2 9 3 4 5 1 
13 2 9 3 4 1 5 10 
14 2 9 11 5 3 4 1 
15 2 9 11 5 3 1 4 12 
16 2 9 11 5 13 3 4 1 
17 2 1 9 11 5 13 3 4 14 
18 2 1 9 11 5 15 4 13 3 
19 2 1 9 11 5 15 4 16 13 3 
20 2 1 9 11 17 5 15 4 16 13 
21 13 2 1 9 11 17 5 15 4 16 18 
22 19 13 2 1 9 11 17 5 15 16 4 
23 19 13 2 1 9 11 17 5 20 15 
24 15 19 13 2 1 9 11 17 5 20 21 
25 22 15 19 13 2 1 9 11 17 5 
26 22 15 19 13 2 1 17 9 23 11 
27 22 15 19 13 11 2 1 17 9 23 24 
28 22 25 15 19 13 11 2 1 17 9 
29 22 25 15 19 13 11 9 2 1 17 26 
30 22 25 27 15 19 13 11 9 2 1 
31 22 25 27 15 19 13 11 9 1 28 2 
32 22 25 27 15 19 13 11 9 2 1 
33 22 25 27 15 19 13 11 9 29 2 
34 22 25 27 15 19 13 11 9 2 
35 22 25 27 15 19 13 11 9 30 2 
36 31 22 25 27 15 19 13 11 9 2 
37 31 22 25 27 15 19 13 11 9 32 2 
38 31 22 25 27 15 19 13 11 9 32 33 2 
39 31 2 22 25 27 15 19 13 11 9 
40 31 2 22 25 27 15 19 13 11 9 34 
41 31 2 22 25 27 34 15 19 13 11 9 
42 31 2 22 25 27 34 15 19 13 11 35 
43 31 2 22 25 27 34 15 19 13 11 
44 31 22 25 27 15 19 13 11 34 2 
45 31 2 22 25 27 34 15 19 13 11 
46 31 2 22 25 27 34 15 19 13 36 
47 31 2 22 25 27 34 15 19 13 
48 31 22 25 27 15 19 13 34 2 
49 31 2 22 25 27 34 15 19 13 
50 31 2 22 25 27 34 15 19 37 
51 31 2 22 25 27 34 15 19 
52 31 22 25 27 15 34 2 
53 31 2 22 25 27 34 15 
54 31 2 22 25 27 34 38 
55 31 2 22 25 27 34 
56 31 34 2 
57 31 2 
58 39 31 2 
59 
60 
