1 1 
2 2 1 
3 3 2 1 
4 4 3 2 1 
5 4 3 2 5 1 
6 4 3 2 5 1 6 
7 4 3 2 5 1 7 6 
8 4 3 2 5 6 1 
9 4 3 2 5 1 
10 4 1 3 2 5 8 
11 4 1 3 2 5 
12 4 3 5 2 1 9 
13 4 3 5 2 9 1 
14 4 1 3 5 2 9 10 
15 4 1 3 5 2 9 
16 4 1 3 5 2 11 9 
17 4 1 3 5 2 9 
18 4 1 3 5 9 2 
19 4 1 3 5 12 9 2 
20 4 1 3 2 5 
21 4 1 3 2 13 5 
22 4 5 1 3 2 13 
23 4 1 2 3 5 
24 4 1 3 2 5 
25 4 5 1 3 2 13 
26 4 5 13 1 3 2 
27 4 5 2 13 1 14 3 
28 4 5 3 2 13 1 14 15 
29 4 5 3 2 13 16 1 14 
30 4 5 1 3 2 14 13 
31 4 5 13 1 3 2 
32 17 4 5 13 1 3 2 
33 17 4 5 13 3 2 1 
34 17 4 5 13 3 1 18 2 
35 17 2 4 5 13 3 1 
36 17 2 4 5 13 3 1 19 
37 17 2 4 5 13 3 1 
38 17 4 5 13 1 3 20 2 
39 17 4 5 13 1 3 2 
40 17 2 4 5 13 3 1 
41 17 2 4 5 13 3 1 21 
42 17 2 4 5 13 3 1 
43 17 4 5 13 22 3 2 1 
44 17 4 5 13 22 3 1 2 23 
45 17 4 5 13 22 3 1 24 2 
46 17 4 5 13 22 2 3 1 
47 17 4 5 13 22 2 3 25 1 
48 17 4 5 13 22 2 3 25 1 26 
49 17 4 5 13 22 2 3 25 1 27 
50 17 4 5 13 22 2 3 28 25 1 
51 17 4 5 13 22 2 3 1 28 25 29 
52 17 4 5 13 22 2 3 1 28 25 30 
53 17 4 5 13 22 2 3 1 28 31 25 
54 17 4 5 13 22 2 25 3 1 
55 17 4 5 13 22 2 1 25 3 32 
56 17 4 5 13 3 22 2 25 1 
57 17 4 5 13 3 1 22 33 2 25 
58 17 4 5 13 3 1 22 33 2 25 34 
59 17 4 5 13 3 1 22 33 35 2 25 
60 17 4 5 13 3 1 22 33 35 2 25 36 
61 17 4 5 13 3 1 22 33 35 37 2 25 
62 17 4 5 13 3 1 22 33 35 37 2 25 38 
63 17 4 5 13 3 1 22 33 35 37 39 2 25 
64 17 4 5 13 3 1 22 33 35 37 39 2 40 
65 17 4 5 13 3 1 22 33 35 37 39 41 2 
66 17 4 5 13 3 1 22 2 
67 17 2 4 5 13 3 1 
68 17 2 4 5 13 1 3 42 
69 17 2 4 5 13 1 3 
70 17 2 4 5 13 3 43 1 
71 17 2 4 5 13 1 3 44 43 
72 17 2 4 5 13 1 3 43 44 
73 17 2 4 5 13 1 3 44 43 
74 17 4 5 13 1 44 43 2 45 3 
75 17 4 5 13 1 44 43 2 46 45 3 
76 17 4 5 13 1 44 43 2 46 47 45 3 
77 17 4 5 13 1 44 43 2 46 47 45 3 48 
78 17 4 5 13 1 44 43 2 46 47 49 45 3 
79 17 4 5 13 1 3 44 43 2 46 47 49 45 50 
80 17 4 5 13 1 3 44 43 2 46 47 49 51 45 
81 17 4 5 13 1 3 45 44 43 2 
82 17 4 5 13 1 3 45 44 2 
83 17 4 5 13 1 3 45 2 
84 17 2 4 5 13 1 3 
85 17 2 4 5 13 1 3 52 
86 17 2 4 5 13 1 3 52 
87 17 2 4 5 13 52 1 
88 17 2 4 5 13 1 52 53 
89 17 2 52 4 5 13 1 
90 17 2 52 4 5 13 1 54 
91 17 2 52 4 5 13 1 
92 17 2 52 4 5 13 1 55 
93 17 2 52 4 5 13 1 56 
94 17 2 52 4 5 13 1 
95 17 4 5 57 2 52 1 13 
96 17 4 5 13 57 2 52 1 
97 17 4 5 13 57 2 52 58 1 
98 17 4 5 13 57 2 52 58 1 
99 17 4 5 13 57 2 52 58 1 
100 17 2 52 4 5 13 1 59 
101 17 2 52 4 5 13 1 59 
102 17 2 52 4 5 13 1 59 
103 17 2 52 4 5 13 1 
104 17 2 52 4 1 5 13 60 
105 17 2 52 4 1 5 13 61 
106 17 2 52 4 1 5 13 61 62 
107 17 2 52 4 1 5 13 61 
108 17 2 52 4 1 5 61 13 63 
109 17 2 52 4 1 5 61 13 64 
110 17 2 52 4 1 5 61 64 13 65 
111 17 2 52 4 1 5 13 61 64 
112 17 4 5 61 13 64 2 52 1 
113 17 4 5 61 13 64 2 52 66 1 
114 17 4 5 61 13 64 2 52 66 1 
115 17 4 5 61 13 64 2 52 66 1 
116 17 2 52 4 1 5 61 13 67 
117 17 2 52 4 1 5 13 61 67 
118 17 2 52 4 1 5 13 61 67 
119 17 2 52 4 1 5 13 61 
120 17 2 52 4 1 5 13 61 
121 17 2 52 4 68 1 5 
122 17 2 52 4 68 1 5 
123 17 2 52 4 68 1 
124 1 17 2 52 4 68 69 
125 1 17 2 
126 2 1 
127 1 2 70 
128 1 2 
129 1 71 2 
130 1 71 72 2 
131 1 
132 1 73 
133 1 74 73 
134 73 1 
135 
136 
