14 4 
15 4 
16 14 
17 9 10 1 
18 9 10 1 
19 15 2 
20 16 2 
21 5 
22 5 
23 5 
24 9 10 8 
25 9 10 8 
26 20 3 18 6 
27 21 3 19 7 
28 1 
29 24 
30 9 10 1 
32 17 26 
33 25 23 22 
35 25 22 23 
36 3 25 
37 27 
38 9 10 1 
39 28 2 
40 25 2 
41 25 
42 13 
43 12 
45 22 
46 23 
47 30 31 29 
48 29 
50 9 10 1 
51 33 
52 8 9 10 33 
54 1 
55 35 
56 8 9 10 35 
58 12 8 9 10 32 34 36 
59 36 13 
60 9 10 1 
61 37 
62 23 
63 38 
67 2 17 8 9 10 22 23 39 1 
68 8 5 
69 11 20 21 40 22 23 17 1 
70 10 
72 10 
73 9 41 8 
74 42 3 18 6 
75 10 
76 9 44 8 
77 45 3 19 7 
80 48 17 
82 23 22 46 43 49 
83 49 
86 50 17 
88 22 23 43 46 51 
89 51 
90 47 
91 3 47 
92 52 
93 9 10 1 
94 53 2 
95 9 10 1 
96 54 2 
97 47 2 
