1 1 
2 2 
3 3 
4 4 
5 5 
6 6 
7 4 
8 7 
9 8 
10 9 
11 4 
12 10 
13 11 
14 12 
15 4 
16 13 
17 14 
18 15 
19 4 
20 16 
21 17 
22 18 
23 4 
24 19 
25 20 
26 21 
27 4 
28 22 
29 23 
31 24 
33 24 
34 4 
35 25 
36 26 
37 27 
38 4 
39 28 
40 29 
42 30 
44 30 
45 4 
46 31 
47 32 
48 33 
49 4 
50 34 
51 35 
52 36 
53 4 
54 37 
55 38 
57 39 
59 39 
60 4 
61 40 
62 41 
63 42 
64 4 
65 43 
66 44 
67 45 
68 4 
69 46 
70 47 
72 48 
74 48 
75 4 
76 49 
77 50 
78 51 
79 4 
80 52 
81 53 
82 54 
83 4 
84 55 
85 56 
86 57 
87 4 
