1 1 
2 2 1 
3 2 1 3 
4 4 2 1 3 
5 4 2 5 1 3 
6 4 2 5 6 1 3 
7 4 2 5 6 1 3 7 
8 4 3 2 7 5 6 1 
9 4 3 2 7 5 6 1 8 
10 4 3 2 7 5 6 1 
11 4 3 2 7 5 6 1 
12 4 6 3 5 2 1 9 7 
13 7 4 6 3 5 9 2 1 
14 7 4 6 1 3 5 9 10 2 
15 7 4 6 1 3 5 9 2 
16 7 4 6 1 3 5 9 11 2 
17 7 4 6 1 12 3 5 9 2 
18 7 4 6 1 12 3 5 9 13 2 
19 7 4 6 1 12 3 5 9 13 14 2 
20 7 4 6 1 12 2 3 5 9 
21 7 9 4 6 1 12 2 3 5 15 
22 7 9 4 6 1 12 2 3 5 15 16 
23 7 9 4 6 1 12 2 3 5 15 
24 7 9 4 12 15 3 5 6 2 1 17 
25 7 9 4 12 15 18 3 5 6 2 1 
26 7 9 4 12 15 18 3 5 6 2 1 19 
27 7 9 4 12 15 18 3 5 6 2 1 
28 7 9 4 12 15 18 3 5 6 1 20 2 
29 7 9 4 12 2 15 18 3 5 6 1 
30 7 9 4 6 1 12 2 15 3 5 21 18 
31 7 9 4 6 1 12 2 15 3 5 21 18 22 
32 7 9 4 6 1 12 2 15 3 5 21 18 
33 7 9 4 6 1 12 2 15 3 5 18 21 23 
34 7 9 4 6 1 12 2 15 3 5 18 21 23 24 
35 7 9 4 6 1 12 2 3 5 15 18 21 23 
36 7 9 4 6 1 12 2 3 5 15 
37 7 9 4 6 12 15 3 5 1 25 2 18 21 
38 7 9 4 6 12 15 3 5 1 25 2 26 18 21 
39 7 9 4 6 12 15 3 5 1 25 2 26 27 18 
40 7 9 4 6 12 15 3 5 1 25 2 26 27 28 18 
41 7 9 4 6 12 15 3 5 1 25 2 26 27 28 29 18 
42 7 9 4 6 12 15 3 5 18 1 25 2 26 27 28 29 30 
43 7 9 4 6 12 2 15 3 5 18 1 
44 7 9 4 6 12 2 15 3 5 18 1 
45 7 9 4 6 1 12 2 15 3 5 21 18 31 
46 7 9 4 6 1 12 2 3 5 15 21 18 
47 7 9 4 6 1 12 2 3 5 15 
48 7 9 4 6 12 15 3 5 1 32 2 18 21 
49 7 9 4 6 12 15 3 5 1 32 2 33 18 21 
50 7 9 4 6 12 15 3 5 1 32 2 33 34 18 
51 7 9 4 6 12 15 3 5 1 32 2 33 34 35 18 
52 7 9 4 6 12 15 3 5 1 32 2 33 34 35 36 18 
53 7 9 4 6 12 15 3 5 18 1 32 2 33 34 35 36 37 
54 7 9 4 6 12 2 15 3 5 18 1 
55 7 9 4 6 12 2 15 3 5 18 1 38 
56 7 9 4 6 12 2 15 3 5 18 1 
57 7 9 4 6 12 2 15 3 5 18 1 39 
58 7 9 4 6 12 2 15 3 5 18 1 40 39 
59 7 9 4 6 12 2 15 3 5 18 1 41 
60 7 9 4 6 12 2 15 3 5 18 1 
61 7 9 4 6 1 12 2 15 3 5 18 42 
62 7 9 4 6 1 12 2 3 5 15 18 
63 7 9 4 6 1 12 2 15 3 5 18 43 
64 7 9 4 6 1 12 2 15 3 5 18 44 43 
65 7 9 4 6 1 12 2 15 3 5 18 45 
66 7 9 4 6 1 12 2 3 5 15 18 
67 7 9 4 12 15 3 2 5 6 18 1 46 
68 7 9 4 12 15 3 2 5 6 18 1 47 46 
69 7 9 4 12 15 3 2 5 6 18 1 48 
70 7 9 4 12 15 3 2 5 6 18 1 
71 7 9 4 12 15 3 2 5 6 1 18 49 
72 7 9 4 12 15 3 2 5 6 1 18 50 
73 7 9 4 12 15 3 2 5 6 1 18 50 
74 7 9 4 12 15 3 2 5 6 1 18 51 
75 7 9 4 12 15 3 2 5 6 1 18 50 
76 7 9 4 12 15 3 52 2 5 6 1 18 
77 7 9 4 12 15 3 52 2 5 6 18 1 53 
78 7 9 4 12 15 3 52 2 5 6 18 1 54 53 
79 7 9 4 12 15 3 52 2 5 6 18 1 55 
80 7 9 4 12 15 3 52 2 5 6 18 1 
81 7 9 4 12 15 3 52 2 5 6 1 18 56 
82 7 9 4 12 15 57 3 52 2 5 6 1 18 
83 7 9 4 12 15 57 3 52 2 5 6 1 18 
84 7 9 4 12 15 3 52 2 5 6 1 18 58 
85 7 9 4 12 15 57 3 52 2 5 6 1 18 
86 7 9 4 12 15 57 3 52 2 59 5 6 1 
87 7 9 4 12 5 15 57 3 52 6 2 1 60 
88 7 9 4 12 5 15 57 61 3 52 6 2 1 
89 7 9 4 12 5 15 57 61 3 52 62 6 2 1 
90 7 9 4 12 5 15 57 61 3 52 62 6 1 63 2 
91 7 9 4 12 5 15 57 61 3 52 62 6 2 1 
92 7 9 4 1 12 5 15 57 61 3 52 62 6 64 2 
93 7 9 4 1 12 5 15 2 57 61 3 52 62 6 
94 7 9 4 1 12 5 15 2 57 61 3 52 62 6 65 
95 7 9 4 6 1 12 5 15 2 57 61 3 52 62 
96 7 9 4 6 1 12 5 15 2 66 57 61 3 52 
97 7 9 4 6 1 12 5 15 2 67 66 3 57 61 
98 7 9 4 6 1 12 5 15 2 67 68 66 61 3 57 
99 7 9 4 6 1 12 3 5 15 2 67 68 69 66 61 
100 7 9 4 6 1 12 3 5 15 2 67 68 69 70 66 
101 7 9 4 6 1 12 3 5 15 2 66 
102 7 9 4 6 1 12 3 5 15 62 2 
103 7 9 4 6 1 12 3 5 15 62 2 
104 7 9 4 1 12 5 15 2 57 61 3 52 62 6 71 
105 7 9 4 6 1 12 5 15 2 57 61 3 52 62 
106 7 9 4 6 1 12 5 15 2 72 57 61 3 52 
107 7 9 4 6 1 12 5 15 2 73 72 3 57 61 
108 7 9 4 6 1 12 5 15 2 73 74 72 61 3 57 
109 7 9 4 6 1 12 3 5 15 2 73 74 75 72 61 
110 7 9 4 6 1 12 3 5 15 2 73 74 75 76 72 
111 7 9 4 6 1 12 3 5 15 2 72 
112 7 9 4 6 1 12 3 5 15 62 2 
113 7 9 4 6 1 12 3 5 15 62 2 
114 7 9 4 1 12 5 15 2 57 3 52 61 62 6 77 
115 7 9 4 6 1 12 5 15 2 57 3 52 61 62 
116 7 9 4 6 1 12 5 15 2 78 57 3 52 61 
117 7 9 4 6 1 12 5 15 2 79 78 57 61 3 52 
118 7 9 4 6 1 12 5 15 2 79 80 78 3 57 61 
119 7 9 4 6 1 12 5 15 2 79 80 81 78 3 57 
120 7 9 4 6 1 12 3 5 15 2 79 80 81 82 78 
121 7 9 4 6 1 12 3 5 15 2 78 
122 7 9 4 6 1 12 3 5 15 62 2 
123 7 9 4 6 1 12 3 5 15 62 2 
124 7 9 4 1 12 3 5 15 62 2 57 52 61 6 83 
125 7 9 4 6 1 12 3 5 15 62 2 57 52 61 
126 7 9 4 6 1 12 5 15 2 84 57 3 52 61 
127 7 9 4 6 1 12 5 15 2 85 84 57 61 3 52 
128 7 9 4 6 1 12 5 15 2 85 86 84 3 57 61 
129 7 9 4 6 1 12 5 15 2 85 86 87 84 3 57 
130 7 9 4 6 1 12 3 5 15 2 85 86 87 88 84 
131 7 9 4 6 1 12 3 5 15 2 84 
132 7 9 4 6 1 12 3 5 15 62 2 
133 7 9 4 6 1 12 2 3 5 15 
134 7 9 4 6 1 12 2 3 5 15 
135 7 9 4 6 1 89 12 2 
136 7 9 2 4 6 1 
137 7 9 2 4 1 6 90 
138 7 9 2 4 1 6 
139 7 9 2 4 1 6 91 
140 7 9 2 4 1 6 
141 7 9 2 4 92 1 
142 7 93 
143 94 7 
144 7 
145 7 
146 7 9 2 4 1 6 95 
147 7 9 2 4 1 6 
148 7 9 2 4 96 1 
149 94 7 
150 7 
151 7 
152 7 9 2 4 1 6 97 
153 7 9 2 4 1 6 
154 7 9 2 4 98 1 
155 94 7 
156 7 
157 7 
158 7 9 2 4 1 6 99 
159 7 9 2 4 1 
160 7 9 2 4 100 1 
161 94 7 
162 7 
163 
