1 1 
2 2 1 
3 2 3 1 
4 2 4 1 
5 2 4 1 
6 2 4 1 
7 2 4 1 
8 2 4 1 5 
9 2 4 1 
10 2 1 4 6 
11 4 2 7 1 
12 4 2 8 7 1 
13 4 2 1 8 9 7 
14 4 2 1 8 9 10 7 
15 4 2 1 8 9 10 11 
16 4 12 2 1 
17 4 12 1 13 2 
18 4 12 2 1 
19 4 1 12 14 2 
20 4 1 12 2 
21 2 4 1 
22 2 4 1 15 
23 2 4 1 
24 2 1 4 16 
25 2 7 1 
26 2 17 7 1 
27 2 1 17 18 7 
28 2 1 17 18 19 7 
29 2 1 17 18 19 20 
30 12 2 1 
31 12 2 1 21 
32 12 2 1 
33 1 12 2 22 
34 1 12 22 2 23 
35 1 12 22 2 
36 2 12 1 24 
37 2 25 12 1 
38 1 2 25 12 26 
39 1 12 22 2 
40 1 12 2 
41 12 2 1 
42 12 2 1 27 
43 12 2 1 
44 12 1 28 2 
45 12 2 1 
46 12 29 2 
47 12 2 
48 
49 
