1 
2 2 
3 2 3 
4 2 4 3 
5 2 5 4 3 
6 2 6 5 4 3 
7 2 7 6 5 4 3 
8 2 7 3 6 5 8 4 
9 2 9 7 5 4 3 
10 2 9 3 7 5 10 4 
11 2 5 9 11 3 
12 2 3 5 9 11 12 
13 2 3 5 9 11 12 13 
14 2 3 5 9 11 
15 2 3 14 5 9 11 
16 2 3 15 14 11 9 5 
17 2 3 15 16 14 5 11 9 
18 2 3 15 16 14 5 17 
19 2 3 15 16 18 14 5 
20 2 3 15 16 18 19 14 
21 2 3 14 
22 20 2 3 
23 20 2 3 
24 2 3 21 9 11 5 
25 2 3 22 21 5 9 11 
26 2 3 22 23 21 11 9 5 
27 2 3 22 23 24 21 11 9 
28 2 3 22 23 24 21 25 
29 2 3 22 23 24 26 21 
30 2 3 21 
31 20 2 3 
32 20 2 27 
33 20 27 2 
34 20 2 
35 
36 
