14 1 
15 14 
16 7 
17 15 
18 8 
19 16 
20 11 
21 2 3 4 5 6 7 8 9 10 11 12 13 1 
23 11 
24 10 17 9 
25 11 
26 10 19 9 
27 20 
28 21 
29 2 3 4 5 6 7 8 9 10 11 12 13 1 
33 22 18 
34 23 20 
35 10 11 9 
36 10 11 9 
37 20 
38 24 
40 22 18 
41 23 20 
48 7 
49 31 
50 7 
51 29 
52 29 
53 22 
54 22 
55 32 33 
56 34 
57 22 
58 25 35 
59 36 
60 22 
61 25 37 
62 38 
63 22 
64 25 39 
65 40 
66 22 
67 25 41 
68 42 
71 22 
72 43 45 
73 22 
74 43 46 
75 23 
76 44 47 
77 23 
78 44 48 
79 43 25 
80 23 
81 23 
82 49 50 
83 22 
84 25 52 
85 51 53 
86 22 
87 22 
88 55 56 
89 54 57 
90 23 
91 58 59 
92 44 60 
93 43 
94 44 
95 8 
96 61 
97 8 
98 30 
99 30 
100 23 
101 23 
102 62 63 
103 64 
104 23 
105 26 65 
106 66 
107 23 
108 26 67 
109 68 
110 23 
111 26 69 
112 70 
113 23 
114 26 71 
115 72 
116 22 
117 73 
118 74 
119 23 
120 75 
121 76 
122 22 
123 43 77 
124 22 
125 43 78 
126 23 
127 44 79 
128 23 
129 44 80 
130 44 26 
131 22 
132 22 
133 81 82 
134 23 
135 26 84 
136 83 85 
137 23 
138 23 
139 87 88 
140 86 89 
141 22 
142 90 91 
143 43 92 
144 22 
145 93 
146 22 
147 43 94 
148 23 
149 44 95 
150 43 
151 44 
153 22 
154 96 
155 23 
156 23 
157 97 98 
158 99 
159 23 
160 26 100 
161 101 
162 23 
163 26 102 
164 103 
165 23 
166 26 104 
167 105 
168 23 
169 26 106 
170 107 
173 22 
174 43 108 
175 22 
176 43 109 
177 22 
178 43 110 
179 23 
180 44 111 
181 23 
182 44 112 
183 23 
184 44 113 
185 44 26 
186 22 
187 22 
188 114 115 
189 23 
190 26 117 
191 116 118 
192 23 
193 23 
194 120 121 
195 119 122 
196 22 
197 123 124 
198 43 125 
199 43 
200 44 
201 22 
202 126 
203 2 3 4 5 6 7 8 9 10 11 12 13 1 
206 22 23 9 127 
207 29 
208 22 
209 25 128 
210 129 
211 29 
212 22 
213 131 25 
214 132 
218 133 130 
219 22 
220 25 134 
221 135 
222 29 
223 22 
224 137 25 
225 138 
229 139 136 
230 30 
231 23 
232 26 140 
233 141 
234 30 
235 23 
236 143 26 
237 144 
241 145 142 
242 23 
243 26 146 
244 147 
245 30 
246 23 
247 149 26 
248 150 
252 151 148 
253 2 3 4 5 6 7 8 127 10 12 13 1 
254 29 
255 22 
256 25 152 
257 153 
258 29 
259 22 
260 155 25 
261 156 
265 157 154 
266 22 
267 25 158 
268 159 
269 29 
270 22 
271 161 25 
272 162 
276 163 160 
277 30 
278 23 
279 26 164 
280 165 
281 30 
282 23 
283 167 26 
284 168 
288 169 166 
289 23 
290 26 170 
291 171 
292 30 
293 23 
294 173 26 
295 174 
299 175 172 
300 2 3 4 5 6 7 8 127 10 12 13 1 
301 22 
302 176 
303 29 
304 22 
305 25 177 
306 178 
307 29 
308 22 
309 180 25 
310 181 
314 182 179 
315 22 
316 25 183 
317 184 
318 29 
319 22 
320 186 25 
321 187 
325 188 185 
326 30 
327 23 
328 26 189 
329 190 
330 30 
331 23 
332 192 26 
333 193 
337 194 191 
338 23 
339 26 195 
340 196 
341 30 
342 23 
343 198 26 
344 199 
348 200 197 
349 2 3 4 5 6 7 8 127 10 12 13 1 
350 29 
351 27 29 
352 30 
353 28 30 
