6 5 
7 1 
8 6 
9 1 
10 8 
11 7 
12 9 
14 1 
15 10 
16 7 1 
17 12 
18 13 
19 11 1 
20 15 
21 16 
22 14 17 
23 14 
24 14 
25 18 
26 19 7 
27 20 
28 14 
30 14 
31 22 17 
33 22 17 
36 24 23 
37 1 
38 25 
39 22 
40 26 
41 22 
42 28 
43 24 
44 29 30 
45 27 31 
46 24 
47 1 
48 33 
50 34 
51 34 
52 22 35 
53 36 
55 1 
56 38 
58 39 
59 39 
60 22 40 
61 41 
63 22 
64 1 
65 42 
66 32 42 
68 32 
69 43 
70 44 
72 1 
73 22 
74 46 45 
75 1 
76 32 47 
80 21 
81 24 
82 22 
83 22 
84 48 
85 22 
86 50 
87 24 
88 51 52 
89 49 53 
91 22 
92 55 
93 56 
94 22 
95 58 
96 59 
97 60 
98 24 
99 61 62 
100 57 63 
101 64 
102 54 
103 24 
104 21 
105 22 14 
106 22 17 
107 54 
108 65 
109 66 
110 67 
115 1 
116 68 
118 69 
119 22 
123 70 69 
124 71 
125 22 
126 73 72 
127 74 
129 1 
130 75 
132 76 
133 22 
137 77 76 
138 78 
139 22 
140 80 79 
141 81 
143 1 
144 42 
145 32 42 
147 32 
148 82 
149 83 
156 32 11 
157 84 
158 5 
159 7 
160 32 85 
161 86 
163 1 
164 88 
166 4 89 
176 4 92 
183 32 
184 94 37 90 91 87 93 
185 93 5 
186 24 
188 22 
190 5 
