1 1 
2 2 
3 3 
4 4 
5 5 
6 6 
7 7 
8 8 
9 9 
10 10 
11 11 
12 12 
13 13 
14 14 
15 15 
16 16 
17 17 
18 18 
19 19 
20 20 
21 21 
23 22 
24 23 
25 24 
26 25 
27 26 
28 27 
29 28 
30 29 
31 30 
32 31 
33 32 
34 33 
35 34 
36 35 
37 36 
38 37 
39 38 
40 39 
41 40 
42 41 
43 42 
44 43 
46 44 
47 45 
48 28 
49 43 
50 46 
52 47 
54 48 
55 49 
56 50 
57 51 
58 52 
59 53 
64 54 
65 55 
66 56 
67 57 
68 58 
69 59 
70 60 
71 61 
72 62 
73 63 
74 64 
75 65 
76 66 
77 67 
78 68 
79 69 
80 70 
81 71 
82 72 
83 73 
85 53 
86 74 
89 75 
90 76 
93 77 
96 78 
97 79 
98 80 
101 81 
104 82 
105 83 
106 84 
109 85 
113 86 
115 87 
117 88 
119 89 
120 90 
121 91 
122 55 
123 92 
124 93 
125 94 
127 95 
128 96 
129 97 
131 98 
132 99 
133 100 
134 101 
135 102 
139 103 
141 88 
143 104 
144 90 
145 105 
146 106 
147 107 
150 108 
153 109 
