1 1 
2 2 1 
3 2 3 1 
4 2 3 1 4 
5 2 3 1 5 4 
6 2 3 1 4 6 5 
7 2 3 1 4 6 5 7 
8 2 3 1 4 6 5 
9 2 3 1 4 6 8 
10 2 3 1 4 6 
11 9 
12 
13 2 3 4 1 6 10 
14 2 3 4 1 6 
15 11 
16 
17 2 3 4 1 6 12 
18 2 3 4 1 
19 13 
20 
21 2 3 4 1 6 5 14 
22 2 3 4 1 6 5 
23 2 3 4 1 6 15 
24 2 3 4 1 6 
25 16 
26 
27 2 3 4 1 6 17 
28 2 3 4 1 6 
29 18 
30 
31 2 3 4 1 6 19 
32 2 3 4 1 
33 20 
34 
35 2 3 4 1 6 5 21 
36 2 3 4 1 6 
37 2 3 4 1 6 22 
38 2 3 4 1 6 
39 23 
40 
41 2 3 4 1 6 24 
42 2 3 4 1 6 
43 25 
44 
45 2 3 4 1 6 26 
46 2 3 4 1 
47 27 
48 
49 28 
50 28 
51 
