1 1 
2 2 1 
3 1 2 3 
4 1 4 2 
5 1 2 5 4 
6 4 1 2 5 6 
7 7 4 1 2 
8 7 4 1 8 2 
9 7 4 2 8 1 
10 7 2 4 1 8 9 
11 7 2 4 10 1 8 
12 7 2 8 1 4 10 11 
13 7 2 8 1 4 10 12 
14 7 2 8 13 1 4 
15 7 2 8 13 1 14 4 
16 7 4 1 2 8 13 14 
17 2 4 13 8 1 14 7 15 
18 7 2 4 16 13 8 1 14 
19 7 2 4 16 17 13 8 14 1 
20 7 2 4 16 17 13 1 8 18 14 
21 7 2 4 16 17 19 13 14 1 8 
22 7 2 8 1 4 16 17 19 13 20 14 
23 7 2 8 1 4 14 16 17 19 21 13 
24 7 2 8 13 1 4 14 16 17 19 22 
25 7 2 8 13 1 4 14 16 17 23 
26 7 2 8 13 1 4 14 
27 7 2 8 13 1 14 4 
28 7 2 8 13 1 14 4 
29 7 4 1 8 2 
30 7 4 1 8 2 
31 7 4 2 
32 
33 4 2 7 24 
34 4 2 7 25 
35 4 2 7 26 
36 4 2 7 
37 4 2 27 7 
38 4 2 27 28 7 
39 4 2 7 27 28 29 
40 4 2 7 27 28 
41 4 2 27 7 28 30 
42 4 2 27 7 28 31 
43 4 2 27 7 28 32 
44 4 2 27 7 28 
45 4 2 27 28 7 
46 4 2 27 33 7 28 
47 4 2 27 33 34 28 7 
48 4 2 27 33 34 35 7 28 
49 4 2 27 33 7 28 34 35 36 
50 4 2 27 33 7 28 34 35 37 
51 4 2 27 33 7 28 
52 4 2 7 27 38 33 
53 4 2 7 27 33 38 39 
54 4 2 7 27 
55 4 2 7 27 
56 4 2 27 28 7 
57 4 2 27 28 7 
58 4 2 7 
59 40 4 
60 40 41 
61 42 
62 
63 7 43 4 2 
64 7 43 4 28 2 
65 7 2 43 4 28 44 
66 7 2 43 4 28 
67 7 2 28 43 4 45 
68 7 2 28 43 4 
69 7 2 28 43 46 4 
70 7 2 28 4 43 46 47 
71 7 43 4 2 28 46 
72 7 2 4 48 46 43 28 
73 7 2 28 4 48 46 43 49 
74 7 2 28 43 4 48 50 46 
75 7 2 28 43 4 48 46 50 51 
76 7 2 28 43 4 48 46 52 
77 7 2 28 43 4 46 
78 7 2 28 43 46 4 
79 7 2 28 43 46 4 
80 7 43 4 28 2 
81 7 43 4 28 2 
82 
