1 1 
2 2 1 
3 2 1 3 
4 2 4 1 3 
5 2 4 5 1 3 
6 2 6 4 5 1 3 
7 7 2 6 4 5 1 3 
8 8 7 2 6 4 5 1 3 
9 8 7 2 6 4 5 1 9 3 
10 8 7 2 6 4 5 1 3 10 9 
11 8 7 2 6 4 11 5 1 9 3 
12 8 7 2 6 4 11 5 1 12 9 
13 8 7 2 9 13 6 4 11 5 1 
14 8 7 2 9 13 6 1 14 4 11 5 
15 8 7 2 15 9 4 13 6 1 
16 8 7 2 15 1 9 16 4 13 6 
17 8 7 2 17 15 1 9 
18 8 7 2 17 15 1 9 18 
19 8 7 2 17 15 1 
20 8 7 2 1 19 17 
21 8 7 2 15 1 19 
22 8 7 2 17 15 1 
23 8 7 2 17 15 1 20 
24 8 7 2 17 15 21 1 
25 8 7 2 17 1 15 21 22 
26 8 7 2 17 1 15 23 
27 8 7 19 2 15 17 1 
28 8 7 19 2 15 17 1 24 
29 8 7 19 2 15 17 25 1 
30 8 7 19 2 15 1 17 25 26 
31 8 7 19 2 15 1 17 27 
32 8 7 19 28 2 17 15 1 
33 8 7 19 28 2 17 15 1 29 
34 8 7 19 28 2 17 15 30 1 
35 8 7 19 28 2 17 1 15 30 31 
36 8 7 19 28 2 17 1 15 32 
37 8 7 15 19 28 2 33 17 1 
38 8 7 15 19 28 2 33 17 1 34 
39 8 7 15 19 28 2 33 17 35 1 
40 8 7 15 19 28 2 33 1 17 35 36 
41 8 7 15 19 28 2 33 1 17 37 
42 8 7 17 15 19 28 2 38 33 1 
43 8 7 17 15 19 28 2 38 33 1 39 
44 8 7 17 15 19 28 2 38 33 40 1 
45 8 7 17 15 19 28 2 38 1 33 40 41 
46 8 7 17 15 19 28 2 38 1 33 42 
47 8 7 17 15 19 28 2 33 43 38 1 
48 8 7 17 15 19 28 2 33 43 38 1 44 
49 8 7 17 15 19 28 2 33 43 38 45 1 
50 8 7 17 15 19 28 2 33 43 1 38 45 46 
51 8 7 17 15 19 28 2 33 43 1 38 47 
52 8 7 17 15 19 28 2 38 33 48 43 1 
53 8 7 17 15 19 28 2 38 33 48 43 1 49 
54 8 7 17 15 19 28 2 38 33 48 43 1 50 
55 8 7 17 15 19 28 2 38 33 48 43 51 1 
56 8 7 17 15 19 28 2 38 33 48 1 43 51 52 
57 8 7 17 15 19 28 2 38 33 48 1 43 53 
58 8 7 17 15 19 28 2 54 38 33 43 48 1 
59 8 7 17 15 19 28 2 54 38 33 43 48 1 55 
60 8 7 17 15 19 28 2 54 38 33 43 48 1 56 
61 8 7 17 15 19 28 2 54 38 33 43 48 57 1 
62 8 7 17 15 19 28 2 54 38 33 43 1 48 57 58 
63 8 7 17 15 19 28 2 54 38 33 43 1 48 59 
64 8 7 17 15 19 28 2 60 54 38 33 48 43 1 
65 8 7 17 15 19 28 2 60 54 38 33 48 43 1 61 
66 8 7 17 15 19 28 2 60 54 38 33 48 43 1 62 
67 8 7 17 15 19 28 2 60 54 38 33 48 43 63 1 
68 8 7 17 15 19 28 2 60 54 38 33 48 1 43 63 64 
69 8 7 17 15 19 28 2 60 54 38 33 48 1 43 65 
70 8 7 17 15 19 28 43 2 66 60 54 38 33 48 1 
71 8 7 17 15 19 28 43 2 66 60 54 38 33 48 1 67 
72 8 7 17 15 19 28 43 2 66 60 54 38 33 48 1 68 
73 8 7 17 15 19 28 43 2 66 60 54 38 33 48 69 1 
74 8 7 17 15 19 28 43 2 1 66 60 54 38 33 48 69 70 
75 8 7 17 15 19 28 43 2 1 66 60 54 38 33 48 71 
76 8 7 17 15 19 28 43 48 2 1 72 66 60 54 38 33 
77 8 7 17 15 19 28 43 48 2 1 72 66 60 54 38 33 73 
78 8 7 17 15 19 28 43 48 2 1 72 66 60 54 73 38 33 
79 8 7 17 15 19 28 43 48 2 1 72 66 60 54 74 73 38 
80 8 7 17 15 19 28 43 48 2 1 72 66 60 54 74 75 73 
81 8 7 17 15 19 28 43 48 2 1 72 66 73 60 54 
82 8 7 17 15 19 28 43 48 2 1 72 66 76 73 60 
83 8 7 17 15 19 28 43 48 2 1 72 66 76 77 73 
84 8 7 17 15 19 28 43 48 2 1 73 72 66 
85 8 7 17 15 19 28 43 48 2 1 78 73 72 
86 8 7 17 15 19 28 43 48 2 1 78 79 73 
87 8 7 17 15 19 28 43 48 2 1 73 
88 8 7 17 15 73 19 28 43 48 2 1 
89 8 7 17 15 73 19 28 43 48 1 80 2 
90 8 7 17 15 73 19 28 43 48 2 1 
91 8 7 17 15 1 73 19 28 43 48 81 2 
92 8 7 17 15 1 73 2 19 28 43 48 
93 8 7 17 15 1 73 2 19 28 43 48 82 
94 8 7 17 15 1 73 82 2 
95 8 7 17 15 1 73 2 
96 8 7 2 17 15 1 
97 8 7 2 17 15 1 83 
98 8 7 2 17 15 84 1 
99 8 7 2 17 15 84 85 1 
100 8 7 2 17 1 15 84 85 86 
101 8 7 2 17 1 15 84 87 
102 8 7 2 17 1 15 88 
103 8 7 89 2 17 1 
104 8 7 89 2 17 1 90 
105 8 7 89 2 17 91 1 
106 8 7 89 2 17 91 92 1 
107 8 7 89 2 1 17 91 92 93 
108 8 7 89 2 1 17 91 94 
109 8 7 89 2 1 17 95 
110 8 7 96 89 2 1 
111 8 7 96 89 1 97 2 
112 8 7 2 96 89 1 
113 8 7 98 2 1 96 89 
114 8 7 89 98 2 99 1 96 
115 8 7 96 89 98 2 99 100 1 
116 8 7 96 89 98 2 99 100 101 1 
117 8 7 96 89 98 2 99 100 101 102 1 
118 8 7 96 89 1 98 2 99 100 101 102 103 
119 8 104 7 96 89 2 1 
120 8 104 7 96 89 2 1 105 
121 8 104 7 96 89 2 1 
122 8 7 96 89 1 104 106 2 
123 8 7 96 89 1 104 2 
124 8 104 7 96 89 2 1 
125 8 104 7 96 89 1 107 2 
126 8 104 7 2 96 89 1 
127 8 104 7 108 2 1 96 89 
128 8 104 7 108 2 109 1 96 
129 8 104 7 108 2 109 110 1 
130 8 104 7 108 2 109 110 111 1 
131 8 104 7 108 2 109 110 111 112 1 
132 8 104 7 1 108 2 109 110 111 112 113 
133 8 104 7 2 1 
134 8 104 7 1 2 114 
135 8 104 7 1 2 
136 8 7 104 1 115 2 
137 8 7 104 2 1 
138 8 7 1 104 116 2 
139 8 7 1 104 2 
140 8 104 7 1 
141 8 104 7 117 1 
142 8 104 7 1 118 117 
143 8 104 7 117 1 118 
144 8 104 7 117 118 1 
145 
146 
