1 1 
2 2 1 
3 2 3 1 
4 3 2 1 
5 3 4 2 1 
6 3 4 5 1 
7 3 1 4 5 6 
8 3 1 5 4 7 
9 3 1 5 4 8 
10 3 1 5 4 9 8 
11 3 1 5 4 8 9 10 
12 3 1 5 4 10 9 8 
13 3 1 5 4 8 10 9 11 
14 3 1 5 4 8 10 9 
15 3 1 5 4 
16 3 1 5 4 
17 3 1 5 4 8 9 10 
18 3 1 5 4 8 9 10 
19 3 1 5 
20 3 1 5 12 
21 3 5 1 
22 3 1 5 13 
23 3 1 
24 3 4 1 
25 3 4 9 1 
26 3 1 4 9 14 
27 3 1 4 9 10 
28 3 1 4 10 9 
29 1 4 10 3 9 15 
30 1 4 10 9 3 16 
31 1 4 10 9 3 8 
32 3 1 4 10 9 8 17 
33 3 1 4 10 9 17 8 
34 3 1 4 10 9 18 
35 3 1 4 10 9 
36 3 1 4 
37 3 1 4 
38 3 1 4 9 10 
39 3 1 4 9 10 
40 3 1 
41 3 9 1 
42 3 1 9 19 
43 3 1 9 10 
44 3 1 10 9 
45 1 10 3 9 20 
46 1 10 9 3 21 
47 1 10 9 3 8 
48 3 1 10 9 8 17 
49 3 1 10 9 17 8 
50 3 1 10 9 
51 3 1 9 10 
52 3 1 9 10 
53 3 22 
54 
55 
