1 1 
2 2 
3 3 
4 4 
8 5 
9 6 
11 7 
13 8 
14 9 
15 10 
17 11 
18 12 
19 13 
20 14 
21 15 
23 16 
24 17 
26 18 
27 19 
28 20 
30 5 
31 21 
33 6 
34 15 
39 22 
41 23 
42 9 
43 24 
45 25 
46 12 
47 13 
48 14 
49 15 
51 16 
52 26 
54 27 
55 19 
57 28 
58 5 
60 29 
61 6 
62 15 
67 30 
69 31 
70 9 
71 32 
73 33 
74 12 
75 13 
76 14 
77 15 
79 16 
80 34 
82 18 
83 19 
84 19 
85 35 
87 5 
88 6 
89 36 
91 5 
92 37 
94 6 
95 15 
99 38 
100 39 
102 40 
103 12 
104 41 
105 13 
106 14 
108 42 
109 43 
110 44 
112 45 
114 5 
115 6 
116 14 
119 46 
122 47 
