1 1 
2 2 1 
3 1 3 2 
4 2 1 4 3 
5 3 2 1 4 5 
6 3 2 1 6 
7 3 2 7 1 
8 1 3 2 7 8 
9 1 3 2 9 
10 10 1 3 2 
11 2 10 1 11 3 
12 2 10 1 11 12 
13 2 10 1 13 
14 2 10 14 1 
15 2 1 10 14 15 
16 2 1 10 16 
17 2 1 17 10 
18 2 1 18 17 10 
19 2 10 1 19 18 17 
20 2 17 10 1 19 20 18 
21 2 17 10 1 18 
22 2 17 10 1 
23 2 17 10 1 21 
24 2 17 10 1 
25 
26 2 17 10 1 22 
27 2 17 10 1 
28 2 17 10 1 23 
29 2 17 10 1 24 
30 24 2 17 10 1 25 
31 24 2 17 10 1 
32 
33 24 2 26 17 10 1 
34 24 2 26 1 17 10 27 
35 24 2 26 1 17 10 
36 24 2 26 1 17 10 28 
37 24 2 26 1 17 10 29 
38 24 2 26 1 29 17 10 
39 24 2 1 30 29 17 
40 24 2 1 30 31 29 
41 24 2 26 1 
42 24 2 26 32 1 
43 24 33 2 26 32 
44 32 24 
45 32 24 34 
46 32 24 35 
47 32 24 35 
48 24 35 32 36 
49 24 35 32 37 
50 32 24 35 
51 32 24 35 
52 32 24 35 
53 
