1 1 
2 1 2 
3 3 1 2 
4 3 1 2 4 
5 3 1 5 2 
6 3 1 5 6 
7 3 1 7 5 
8 3 7 1 5 8 
9 3 7 1 5 9 
10 3 7 10 5 1 
11 3 7 10 5 1 11 
12 3 7 10 5 1 
13 3 7 10 5 12 1 
14 3 7 10 1 5 13 
15 3 7 10 1 5 14 
16 3 7 10 1 5 15 
17 3 7 10 1 5 16 
18 3 7 10 5 1 17 
19 3 7 10 5 1 
20 3 7 10 5 1 
21 3 7 10 5 1 
22 3 7 10 5 1 
23 3 7 10 5 1 18 
24 3 7 10 5 1 
25 3 7 10 5 19 1 
26 3 7 10 1 5 20 
27 3 7 10 1 5 21 
28 3 7 10 1 5 22 
29 3 7 10 1 5 16 
30 3 7 10 1 23 
31 3 7 10 1 
32 3 7 10 1 
33 3 7 10 1 
34 3 7 10 1 
35 3 7 10 1 24 
36 3 7 10 1 
37 3 7 10 25 1 
38 3 7 10 1 26 
39 3 7 10 1 27 
40 3 7 10 1 28 
41 3 7 10 16 1 
42 3 7 10 16 29 1 
43 3 7 1 10 16 30 
44 3 7 1 10 16 31 
45 3 7 1 10 16 32 
46 3 7 1 10 33 16 
47 3 7 1 10 16 34 
48 3 7 1 10 16 35 
49 3 7 1 10 36 
50 3 7 10 1 37 
51 3 7 10 1 
52 3 7 10 1 
53 3 7 10 1 
54 3 7 10 1 
55 3 7 10 1 38 
56 3 7 10 1 
57 3 7 10 39 1 
58 3 7 10 1 40 
59 3 7 10 1 41 
60 3 7 10 1 42 
61 3 7 10 16 1 
62 3 7 10 16 43 1 
63 3 7 1 10 16 44 
64 3 7 1 10 16 45 
65 3 7 1 10 16 46 
66 3 7 1 10 33 16 
67 3 7 1 10 16 47 
68 3 7 1 10 16 48 
69 3 7 1 10 36 
70 3 7 1 49 
71 3 7 1 
72 3 7 1 
73 3 7 1 
74 3 7 1 
75 3 7 1 50 
76 3 7 1 
77 3 7 51 1 
78 3 1 7 52 
79 3 1 7 53 
80 3 1 7 54 
81 3 1 7 16 
82 3 7 1 55 
83 3 7 1 
84 3 7 1 
85 3 7 1 
86 3 7 1 
87 3 7 1 56 
88 3 7 1 
89 3 7 57 1 
90 1 3 7 58 
91 1 3 7 59 
92 1 3 7 60 
93 1 3 7 16 
94 1 3 61 
95 1 3 
96 
97 
98 
99 
