1 1 
129 65 
2 2 
130 66 
3 3 
4 4 
132 67 
5 5 
6 6 
134 67 
7 7 
8 8 
9 9 
10 10 
11 11 
12 12 
15 13 
18 14 
19 15 
20 16 
22 17 
23 15 
24 14 
25 18 
26 19 
27 20 
28 21 
29 22 
30 23 
31 24 
32 25 
33 26 
34 27 
36 28 
38 29 
40 30 
41 31 
43 30 
44 32 
46 25 
48 26 
49 27 
51 33 
53 34 
55 34 
56 35 
57 36 
58 37 
64 38 
66 38 
72 38 
74 38 
75 39 
77 40 
78 41 
79 30 
81 40 
82 42 
83 30 
84 43 
85 44 
86 45 
87 46 
88 47 
89 48 
91 49 
92 50 
94 51 
96 52 
97 53 
99 51 
101 54 
104 55 
105 56 
108 57 
109 58 
111 59 
113 59 
114 60 
118 61 
120 62 
125 63 
127 64 
