1 1 
2 1 2 
3 2 1 
4 2 1 3 
5 2 1 
6 
7 
8 4 1 2 
9 2 4 5 1 
10 2 1 4 6 
11 2 6 1 4 
12 1 2 6 7 
13 1 2 8 
14 1 2 9 
15 1 2 9 10 
16 4 1 2 9 
17 4 1 11 2 9 
18 4 1 11 9 2 12 
19 4 1 11 9 2 12 13 
20 4 1 11 9 2 12 
21 4 1 9 2 12 14 
22 4 1 9 2 12 15 
23 4 1 9 2 12 
24 4 1 9 2 12 16 
25 4 1 9 2 17 
26 4 1 9 2 
27 4 1 9 2 18 
28 4 1 9 2 18 
29 4 1 9 2 18 
30 4 1 11 9 2 
31 4 1 2 11 19 9 
32 4 1 2 11 
33 4 1 2 
34 4 1 
35 4 1 
36 4 1 2 20 
37 4 1 2 
38 4 1 21 
39 4 22 1 
40 4 23 22 1 
41 4 22 1 24 
42 4 22 1 
43 4 25 22 1 
44 4 1 26 
45 4 1 
46 4 1 
47 4 6 1 27 
48 4 28 6 1 
49 4 28 6 1 29 
50 4 28 6 1 
51 4 1 28 30 6 
52 4 1 28 30 31 
53 4 1 32 28 30 
54 4 28 1 
55 4 28 1 
56 4 1 28 33 
57 4 28 1 
58 4 1 
59 4 34 1 
60 4 1 34 35 
61 4 1 
62 4 1 36 
63 4 1 37 
64 4 9 1 
65 4 1 
66 4 
67 
