1 1 
2 2 1 
3 2 1 3 
4 2 1 3 4 
5 2 1 3 5 4 
6 2 6 1 3 5 4 
7 2 7 6 1 3 5 4 
8 2 7 6 1 3 5 8 4 
9 2 7 6 1 3 5 9 8 4 
10 2 7 6 1 3 5 10 9 8 4 
11 2 7 6 1 3 11 5 10 9 8 4 
12 2 7 12 6 1 3 11 5 10 9 8 
13 2 7 12 6 1 3 11 5 13 10 9 
14 2 7 12 6 14 1 3 11 5 13 10 
15 2 7 12 6 14 1 3 11 5 13 10 15 
16 2 7 15 12 6 14 1 3 11 5 13 10 
17 2 7 15 12 6 14 1 3 11 5 13 16 10 
18 2 7 15 12 6 14 1 3 11 5 13 
19 2 7 13 15 12 6 14 1 3 11 5 17 
20 2 7 13 15 12 6 14 1 3 11 5 18 
21 2 7 13 15 12 6 14 1 19 3 11 5 
22 2 7 11 5 13 15 20 3 12 6 14 1 
23 2 1 7 11 5 13 15 20 3 12 6 14 21 
24 2 1 7 11 5 13 15 20 3 12 6 14 
25 2 1 7 11 5 13 15 20 3 12 6 14 
26 2 1 7 14 11 5 13 15 20 3 12 6 22 
27 2 1 7 14 11 5 13 15 20 3 12 6 23 
28 2 1 7 14 11 5 13 15 20 24 3 12 6 
29 2 1 7 3 12 6 14 11 5 13 15 25 20 
30 2 1 7 3 12 6 14 11 5 13 26 15 25 
31 2 1 7 3 12 6 14 11 5 13 26 27 15 
32 2 1 7 3 15 12 6 14 11 5 13 
33 2 1 7 3 15 12 6 14 11 5 28 13 
34 2 1 7 3 15 12 6 14 11 5 13 28 29 
35 2 1 7 3 15 12 6 14 11 5 13 28 
36 2 7 13 15 12 6 14 28 1 3 11 5 30 
37 2 7 13 15 12 6 14 28 1 3 11 5 31 
38 2 7 13 15 12 6 14 28 1 32 3 11 5 
39 2 7 11 5 13 15 20 3 12 6 14 28 1 
40 2 1 7 11 5 13 15 20 3 12 6 14 28 33 
41 2 1 7 11 5 13 15 20 3 12 6 14 28 
42 2 1 7 11 5 13 15 20 3 12 6 14 28 
43 2 1 7 14 11 5 13 28 15 20 3 12 6 34 
44 2 1 7 14 11 5 13 28 15 20 3 12 6 35 
45 2 1 7 14 11 5 13 28 15 20 36 3 12 6 
46 2 1 7 3 12 6 14 11 5 13 28 15 25 20 
47 2 1 7 3 12 6 14 11 5 13 28 37 15 25 
48 2 1 7 3 12 6 14 11 5 13 28 37 38 15 
49 2 1 7 3 15 12 6 14 11 5 13 28 
50 2 1 7 3 15 12 6 14 11 5 28 13 
51 2 1 7 3 15 12 6 14 11 5 28 13 
52 2 1 7 3 15 
53 2 1 7 3 15 
54 2 7 13 15 12 6 14 1 3 11 5 39 
55 2 7 13 15 12 6 14 1 3 11 5 40 
56 2 7 13 15 12 6 14 1 41 3 11 5 
57 2 7 11 5 13 15 20 3 12 6 14 1 
58 2 1 7 11 5 13 15 20 3 12 6 14 42 
59 2 1 7 11 5 13 15 20 3 12 6 14 
60 2 1 7 11 5 13 15 20 3 12 6 14 
61 2 1 7 14 11 5 13 15 20 3 12 6 43 
62 2 1 7 14 11 5 13 15 20 3 12 6 44 
63 2 1 7 14 11 5 13 15 20 45 3 12 6 
64 2 1 7 3 12 6 14 11 5 13 15 20 25 
65 2 1 7 3 12 6 14 11 5 13 46 15 20 
66 2 1 7 3 12 6 14 11 5 13 46 47 15 
67 2 1 7 3 15 12 6 14 11 5 13 
68 2 1 7 3 15 12 6 14 11 5 28 13 
69 2 1 7 3 15 12 6 14 11 5 13 28 48 
70 2 1 7 3 15 12 6 14 11 5 13 28 
71 2 7 13 15 12 6 14 28 1 3 11 5 49 
72 2 7 13 15 12 6 14 28 1 3 11 5 50 
73 2 7 13 15 12 6 14 28 1 51 3 11 5 
74 2 7 11 5 13 15 20 3 12 6 14 28 1 
75 2 1 7 11 5 13 15 20 3 12 6 14 28 52 
76 2 1 7 11 5 13 15 20 3 12 6 14 28 
77 2 1 7 11 5 13 15 20 3 12 6 14 28 
78 2 1 7 14 11 5 13 28 15 20 3 12 6 53 
79 2 1 7 14 11 5 13 28 15 20 3 12 6 54 
80 2 1 7 14 11 5 13 28 15 20 55 3 12 6 
81 2 1 7 3 12 6 14 11 5 13 28 15 20 25 
82 2 1 7 3 12 6 14 11 5 13 28 56 15 20 
83 2 1 7 3 12 6 14 11 5 13 28 56 57 15 
84 2 1 7 3 15 12 6 14 11 5 13 28 
85 2 1 7 3 15 12 6 14 11 5 28 13 
86 2 1 7 3 15 12 6 14 11 5 28 13 
87 2 1 7 3 15 
88 15 2 1 7 58 
89 15 2 1 7 
90 15 2 1 
91 15 59 2 
92 15 59 2 
93 15 59 2 
94 15 2 
95 
96 
