1 1 
2 2 
5 3 
8 4 
9 5 
10 6 
13 7 
14 8 
17 9 
18 10 
21 11 
22 12 
23 13 
26 14 
27 15 
30 16 
31 17 
32 18 
35 19 
36 20 
39 21 
40 22 
41 23 
44 24 
45 25 
46 26 
49 27 
50 28 
51 29 
54 30 
55 31 
56 32 
59 33 
60 34 
61 35 
64 36 
65 37 
66 38 
69 39 
70 40 
71 41 
74 42 
75 43 
76 44 
79 45 
80 46 
81 47 
84 48 
85 49 
86 50 
89 51 
90 52 
91 53 
94 54 
95 55 
96 56 
99 57 
100 58 
101 59 
104 60 
105 61 
106 62 
107 63 
108 64 
111 65 
112 66 
113 67 
116 68 
117 69 
118 70 
121 71 
122 72 
123 73 
126 74 
127 75 
128 76 
131 77 
132 78 
133 79 
136 80 
137 81 
138 82 
141 83 
142 84 
143 85 
146 86 
147 87 
148 88 
151 89 
152 90 
153 91 
156 92 
157 93 
158 94 
161 95 
162 96 
165 97 
166 98 
167 99 
170 100 
171 101 
172 102 
175 103 
176 104 
177 105 
180 106 
181 107 
182 108 
185 109 
186 110 
187 111 
190 112 
191 113 
192 114 
