5 3 
6 5 
7 6 1 
8 1 
9 7 
10 1 
11 8 2 
12 6 2 
13 1 
14 2 6 9 
15 1 
16 10 
17 6 11 
18 6 1 
19 1 
20 12 
21 1 
22 14 
23 15 
24 1 
25 17 
26 16 18 
28 20 
29 1 
30 21 
31 22 
32 1 
34 23 24 
36 25 26 
38 1 
39 27 28 
40 27 
41 29 19 
42 13 30 
43 1 
44 31 32 
45 1 
47 31 6 35 34 
48 1 
49 31 19 
51 38 6 39 37 
52 40 36 
53 41 
54 42 
55 36 40 
56 6 
57 1 
58 45 46 
59 1 
60 44 47 43 48 20 
61 33 2 
62 20 2 
63 27 
65 1 
66 49 
67 1 
68 50 2 
69 1 
70 51 2 
72 6 
73 6 
74 1 
75 54 55 
76 6 
77 1 
78 53 56 57 58 52 
79 52 2 
80 1 
81 6 
82 1 
83 60 61 
84 1 
85 62 63 
87 2 64 6 6 65 59 
90 25 66 
92 1 
93 27 67 
94 27 
95 68 19 
96 13 69 
97 1 
98 31 70 
99 1 
101 31 6 72 71 
102 1 
103 31 19 
105 74 6 75 73 
106 40 36 
107 76 
108 77 
109 36 40 
110 6 
111 1 
112 78 79 43 80 20 
113 33 2 
114 20 2 
115 27 
117 1 
118 81 
119 1 
120 82 2 
121 1 
122 83 2 
124 6 
125 6 
126 6 
127 1 
128 85 86 87 88 84 
129 84 2 
130 1 
131 6 
132 1 
133 90 91 
134 1 
135 92 93 
137 2 94 6 6 95 89 
139 1 
141 96 97 
143 25 98 
145 1 
146 27 99 
147 27 
148 100 19 
149 13 101 
150 1 
151 31 102 
152 1 
154 31 6 104 103 
155 1 
156 31 19 
158 106 6 107 105 
159 40 36 
160 108 
161 109 
162 6 
163 1 
164 110 111 
165 36 40 
166 1 
167 112 113 114 43 20 
168 33 2 
169 20 2 
170 27 
172 1 
173 115 
174 1 
175 116 2 
176 1 
177 117 2 
179 6 
180 1 
181 119 120 
182 6 
183 1 
184 6 
185 121 122 123 124 118 
186 118 2 
187 1 
188 6 
189 1 
190 126 127 
191 1 
192 128 129 
194 2 130 6 6 131 125 
197 25 132 
199 1 
200 27 133 
201 27 
202 134 19 
203 13 135 
204 1 
205 31 136 
206 1 
208 31 6 138 137 
209 1 
210 31 19 
212 140 6 141 139 
213 40 36 
214 142 
215 143 
216 6 
217 36 40 
218 1 
219 144 145 146 43 20 
220 33 2 
221 20 2 
222 27 
224 1 
225 147 
226 1 
227 148 2 
228 1 
229 149 2 
231 6 
232 6 
233 1 
234 6 
235 151 152 153 154 150 
236 150 2 
237 1 
238 6 
239 1 
240 156 157 
241 1 
242 158 159 
244 2 160 6 6 161 155 
