8 7 
9 2 
10 2 
11 8 
12 7 
13 1 
14 1 
15 9 3 
16 1 
17 11 3 
18 3 
19 2 3 12 
21 6 14 
22 1 
23 13 
24 13 
25 15 16 17 
26 13 18 
27 19 
28 1 
29 20 5 1 
30 7 
31 10 
32 22 23 
33 13 
34 25 
35 24 26 
36 1 
37 28 1 
38 21 
39 27 
40 1 
42 2 3 30 31 29 32 33 
43 10 
44 13 
45 34 35 
46 10 
47 36 37 
48 38 7 
51 6 39 
52 1 
53 13 
54 13 
55 40 41 42 
56 13 18 
57 19 
58 1 
59 43 5 1 
60 7 
61 10 
62 44 45 
63 13 
64 47 
65 46 48 
66 1 
67 49 1 
68 21 
69 27 
70 1 
72 2 3 50 51 29 52 53 
73 10 
74 13 
75 54 55 
76 10 
77 56 57 
78 58 7 
81 6 59 
82 1 
83 60 
84 13 
85 13 
86 61 62 63 
87 13 18 
88 19 
89 7 
90 10 
91 64 65 
92 13 
93 67 
94 66 68 
95 1 
96 69 5 1 
97 1 
98 70 1 
99 21 
100 27 
101 1 
102 73 
103 2 3 71 72 29 74 29 
104 10 
105 13 
106 75 76 
107 10 
108 77 78 
109 79 7 
112 6 80 
113 1 
114 81 
115 13 
116 13 
117 82 83 84 
118 13 18 
119 19 
120 7 
121 10 
122 85 86 
123 13 
124 88 
125 87 89 
126 1 
127 90 5 1 
128 1 
129 91 1 
130 21 
131 27 
132 1 
133 94 
134 2 3 92 93 29 95 29 
135 10 
136 13 
137 96 97 
138 10 
139 98 99 
140 100 7 
141 7 
