1 1 
2 2 1 
3 2 3 1 
4 2 3 4 1 
5 2 3 4 5 1 
6 2 3 4 5 6 1 
7 2 3 4 5 7 6 1 
8 2 3 4 5 7 6 1 
9 1 2 3 4 5 7 6 8 
10 1 2 3 4 5 7 6 
11 
12 1 2 3 4 5 6 7 9 
13 1 2 3 4 5 6 7 
14 
15 
16 6 4 3 10 2 1 7 
17 1 2 6 11 4 3 10 
18 1 2 6 11 4 10 3 12 
19 1 2 13 6 11 3 4 10 
20 1 2 13 6 11 3 10 4 14 
21 1 2 13 15 6 4 11 3 10 
22 1 2 13 15 6 4 10 11 3 16 
23 1 2 13 15 6 4 10 17 11 
24 1 2 13 15 6 11 4 10 17 18 
25 1 2 13 15 6 19 11 4 10 
26 1 2 13 15 6 19 11 4 20 
27 1 2 13 15 6 19 21 11 
28 1 2 13 15 6 19 21 22 
29 1 2 13 15 6 19 23 
30 
31 
