1 1 
2 2 1 
3 1 2 
4 
5 1 2 3 
6 1 2 
7 
8 2 4 1 
9 2 1 5 4 
10 2 4 1 5 6 
11 2 4 1 
12 
13 2 1 7 4 
14 2 4 1 7 8 
15 2 4 1 9 
16 2 4 1 
17 
18 2 1 10 4 
19 2 4 1 11 10 
20 2 4 1 12 
21 2 4 1 
22 
23 2 1 13 4 
24 2 4 1 14 13 
25 2 4 1 15 
26 2 4 1 
27 
28 2 1 16 4 
29 2 4 1 16 17 
30 2 4 1 
31 
32 2 1 18 4 
33 2 4 1 19 18 
34 2 4 1 20 
35 2 4 1 
36 
37 2 1 21 4 
38 2 4 1 22 21 
39 2 4 1 23 
40 2 4 1 
41 
42 2 1 24 4 
43 2 4 1 24 25 
44 2 4 1 26 
45 2 4 1 
46 
47 2 1 27 4 
48 2 4 1 27 28 
49 2 4 1 29 
50 2 4 1 
51 
52 2 1 30 4 
53 2 4 1 30 31 
54 2 4 1 32 
55 2 4 1 
56 
57 2 1 33 4 
58 2 4 1 33 34 
59 2 4 1 
60 
61 2 1 35 4 
62 2 4 1 35 36 
63 2 4 1 
64 
65 2 1 37 4 
66 2 4 1 37 38 
67 2 4 1 
68 
69 2 1 39 4 
70 2 4 1 39 40 
71 2 4 1 
72 
73 2 1 41 4 
74 2 4 1 41 42 
75 2 4 1 
76 
77 2 1 43 4 
78 2 4 1 43 44 
79 2 4 1 45 
80 2 4 1 
81 
82 2 1 46 4 
83 2 4 1 46 47 
84 2 4 1 48 
85 2 4 1 
86 
87 2 1 49 4 
88 2 4 1 49 50 
89 2 4 1 
90 
91 2 1 51 4 
92 2 4 1 51 52 
93 2 4 1 53 
94 2 4 1 
95 
96 2 1 54 4 
97 2 4 1 54 55 
98 2 4 1 56 
99 2 4 1 
100 
101 2 1 57 4 
102 2 4 1 57 58 
103 2 4 1 59 
104 2 4 1 
105 
106 2 1 60 4 
107 2 4 1 60 61 
108 2 4 1 
109 
110 2 1 62 4 
111 2 4 1 62 63 
112 2 4 1 64 
113 2 4 1 
114 
115 2 1 65 4 
116 2 4 1 65 66 
117 2 4 1 67 
118 2 4 1 
119 
120 2 1 68 4 
121 2 4 1 68 69 
122 2 4 1 70 
123 2 4 1 
124 
125 2 1 71 4 
126 2 4 1 71 72 
127 2 4 1 
128 
129 2 1 73 4 
130 2 4 1 73 74 
131 2 4 1 75 
132 2 4 1 
133 
134 2 1 76 4 
135 2 4 1 76 77 
136 2 4 1 78 
137 2 4 1 
138 
139 2 1 79 4 
140 2 4 1 79 80 
141 2 4 1 81 
142 2 4 1 
143 
144 2 1 82 4 
145 2 4 1 82 83 
146 2 4 1 84 
147 2 4 1 
148 
149 2 1 85 4 
150 2 4 1 85 86 
151 2 4 1 87 
152 2 4 1 
153 
154 2 1 88 4 
155 2 4 1 88 89 
156 2 4 1 90 
157 2 4 1 
158 
159 2 1 91 4 
160 2 4 1 91 92 
161 2 4 1 
162 
163 2 1 93 4 
164 2 4 1 93 94 
165 2 4 1 95 
166 2 4 1 
167 
168 2 1 96 4 
169 2 4 1 96 97 
170 2 4 1 98 
171 2 4 1 
172 
173 2 1 99 4 
174 2 4 1 99 100 
175 2 4 1 101 
176 2 4 1 
177 
178 2 1 102 4 
179 2 4 1 102 103 
180 2 4 1 
181 
182 2 1 104 4 
183 2 4 1 104 105 
184 2 4 1 
185 
186 2 1 106 4 
187 2 4 1 106 107 
188 2 4 1 108 
189 2 4 1 
190 
191 2 1 109 4 
192 2 4 1 109 110 
193 2 4 1 111 
194 2 4 1 
195 
196 2 1 112 4 
197 2 4 1 112 113 
198 2 4 1 114 
199 2 4 1 
200 
201 2 1 115 4 
202 2 4 1 115 116 
203 2 4 1 117 
204 2 4 1 
205 
206 2 1 118 4 
207 2 4 1 118 119 
208 2 4 1 
209 
210 2 1 120 4 
211 2 4 1 120 121 
212 2 4 1 122 
213 2 4 1 
214 
215 2 1 123 4 
216 2 4 1 123 124 
217 2 4 1 125 
218 2 4 1 
219 
220 2 1 126 4 
221 2 4 1 126 127 
222 2 4 1 
223 
224 2 1 128 4 
225 2 4 1 128 129 
226 2 4 1 130 
227 2 4 1 
228 
229 2 1 131 4 
230 2 4 1 131 132 
231 2 4 1 133 
232 2 4 1 
233 
234 2 1 134 4 
235 2 1 134 135 
236 2 1 136 
237 2 1 
238 
239 137 
240 
