6 5 
7 1 
8 6 2 
9 1 
10 7 
11 2 3 4 1 
12 1 
13 8 
14 1 
15 10 9 
16 11 
17 12 9 
18 1 
19 14 
21 1 
22 1 
25 15 10 
26 20 
27 1 
29 1 
30 13 15 
31 21 
33 13 9 
34 23 15 
35 24 
36 16 
38 13 3 4 1 
39 1 
40 26 
41 13 26 
43 1 
44 13 28 
45 25 
47 1 
48 31 
50 4 32 
55 18 
56 19 29 
57 34 
58 13 10 
59 35 
60 1 
61 36 
65 5 
66 38 
67 39 5 
69 1 
70 18 
71 18 
72 18 
73 41 42 43 37 37 44 40 
74 40 5 
75 1 
76 1 
77 45 
81 46 
82 33 
85 4 48 
87 18 
88 19 29 
89 49 
90 13 10 
91 50 
92 1 
93 51 
97 5 
98 53 
99 54 5 
101 1 
102 18 
103 18 
104 18 
105 56 57 58 52 52 59 55 
106 55 5 
107 1 
108 1 
109 60 
113 61 
114 33 
117 18 
118 19 29 
119 62 
120 13 10 
121 63 
122 1 
123 64 
127 5 
128 66 
129 67 5 
131 1 
132 18 
133 18 
134 18 
135 69 70 71 65 65 72 68 
136 68 5 
137 1 
138 1 
139 73 
143 74 
144 33 
146 1 
147 13 
148 76 77 27 33 47 30 75 
149 13 10 
150 78 
151 1 75 
152 75 5 
153 75 
154 29 
155 13 9 
156 22 
157 1 
158 10 
160 1 
162 1 17 
163 5 
