1 1 
2 2 1 
3 1 2 
4 
5 2 1 3 
6 2 1 
7 
8 1 2 4 
9 1 2 
10 
11 5 1 
12 1 6 5 
13 5 1 6 7 
14 5 1 
15 
16 1 8 5 
17 5 1 8 9 
18 5 1 10 
19 5 1 
20 
21 1 11 5 
22 5 1 11 12 
23 5 1 
24 
25 1 13 5 
26 5 1 13 14 
27 5 1 15 
28 5 1 
29 
30 1 16 5 
31 5 1 16 17 
32 5 1 
33 
34 1 18 5 
35 5 1 18 19 
36 5 1 
37 
38 1 20 5 
39 5 1 20 21 
40 5 1 
41 
42 1 22 5 
43 5 1 22 23 
44 5 1 24 
45 5 1 
46 
47 1 25 5 
48 5 1 25 26 
49 5 1 27 
50 5 1 
51 
52 1 28 5 
53 5 1 28 29 
54 5 1 
55 
56 1 30 5 
57 5 1 30 31 
58 5 1 32 
59 5 1 
60 
61 1 33 5 
62 5 1 33 34 
63 5 1 35 
64 5 1 
65 
66 1 36 5 
67 5 1 36 37 
68 5 1 38 
69 5 1 
70 
71 1 39 5 
72 5 1 39 40 
73 5 1 41 
74 5 1 
75 
76 1 42 5 
77 5 1 42 43 
78 5 1 44 
79 5 1 
80 
81 1 45 5 
82 5 1 45 46 
83 5 1 47 
84 5 1 
85 
86 1 48 5 
87 5 1 48 49 
88 5 1 50 
89 5 1 
90 
91 1 51 5 
92 5 1 51 52 
93 5 1 53 
94 5 1 
95 
96 1 54 5 
97 5 1 54 55 
98 5 1 56 
99 5 1 
100 
101 1 57 5 
102 5 1 57 58 
103 5 1 59 
104 5 1 
105 
106 1 60 5 
107 5 1 60 61 
108 5 1 62 
109 5 1 
110 
111 1 63 5 
112 5 1 63 64 
113 5 1 65 
114 5 1 
115 
116 1 66 5 
117 5 1 66 67 
118 5 1 68 
119 5 1 
120 
121 1 69 5 
122 5 1 69 70 
123 5 1 71 
124 5 1 
125 
126 1 72 5 
127 5 1 72 73 
128 5 1 74 
129 5 1 
130 
131 1 75 5 
132 5 1 75 76 
133 5 1 
134 
135 1 77 5 
136 5 1 78 77 
137 5 1 79 
138 5 1 
139 
140 1 80 5 
141 5 1 81 80 
142 5 1 82 
143 5 1 
144 
145 1 83 5 
146 5 1 83 84 
147 5 1 85 
148 5 1 
149 
150 1 86 5 
151 5 1 86 87 
152 5 1 88 
153 5 1 
154 
155 1 89 5 
156 5 1 89 90 
157 5 1 91 
158 5 1 
159 
160 1 92 5 
161 5 1 92 93 
162 5 1 
163 
164 1 94 5 
165 5 1 95 94 
166 5 1 96 
167 5 1 
168 
169 1 97 5 
170 5 1 97 98 
171 5 1 99 
172 5 1 
173 
174 1 100 5 
175 5 1 100 101 
176 5 1 102 
177 5 1 
178 
179 1 103 5 
180 5 1 103 104 
181 5 1 105 
182 5 1 
183 
184 1 106 5 
185 5 1 106 107 
186 5 1 108 
187 5 1 
188 
189 1 109 5 
190 5 1 109 110 
191 5 1 111 
192 5 1 
193 
194 1 112 5 
195 5 1 112 113 
196 5 1 114 
197 5 1 
198 
199 1 115 5 
200 5 1 115 116 
201 5 1 117 
202 5 1 
203 
204 1 118 5 
205 5 1 118 119 
206 5 1 120 
207 5 1 
208 
209 1 121 5 
210 5 1 121 122 
211 5 1 123 
212 5 1 
213 
214 1 124 5 
215 5 1 124 125 
216 5 1 
217 
218 1 126 5 
219 5 1 126 127 
220 5 1 
221 
222 1 128 5 
223 5 1 128 129 
224 5 1 
225 
226 130 5 
227 130 131 
228 132 
229 
230 
231 
