1 1 
2 1 2 
3 3 1 
4 1 3 4 
5 1 3 5 
6 1 3 
7 3 1 6 
8 3 1 7 
9 3 1 8 
10 3 1 8 9 
11 3 1 8 
12 3 1 8 10 
13 3 1 8 11 
14 3 1 8 11 
15 1 8 3 11 
16 3 1 8 
17 3 1 8 
18 1 3 12 
19 1 3 13 
20 1 3 
21 3 1 14 
22 3 1 15 
23 3 1 8 
24 3 1 8 16 
25 3 1 8 
26 3 1 8 17 
27 3 1 8 11 
28 3 1 8 11 
29 1 8 3 11 
30 3 1 8 
31 3 1 8 
32 3 18 1 
33 1 3 19 18 
34 1 3 18 
35 3 1 
36 3 20 1 
37 1 3 21 20 
38 1 3 20 
39 3 1 
40 3 22 1 
41 1 3 23 22 
42 1 3 22 
43 1 3 
44 1 3 24 
45 1 3 25 
46 1 3 8 
47 1 3 8 26 
48 1 3 8 
49 1 3 8 27 
50 1 3 8 28 
51 1 3 8 28 
52 1 3 8 
53 1 3 8 
54 1 3 29 
55 1 3 29 
56 1 3 
57 3 30 1 
58 1 3 31 30 
59 1 3 
60 1 3 32 
61 1 3 32 
62 1 3 
63 3 33 1 
64 3 1 34 33 
65 3 1 
66 1 3 35 
67 1 3 36 
68 1 3 
69 3 1 37 
70 3 1 38 
71 3 1 8 
72 3 1 8 39 
73 3 1 8 
74 3 1 8 40 
75 3 1 8 41 
76 3 1 8 41 
77 1 8 3 41 
78 3 1 8 
79 3 1 8 
80 1 3 42 
81 1 3 43 
82 1 3 44 
83 3 1 
84 1 3 45 
85 1 3 46 
86 1 3 47 
87 3 1 
88 1 3 48 
89 1 3 49 
90 1 3 50 
91 3 1 
92 1 3 51 
93 1 3 52 
94 1 3 53 
95 3 1 
96 1 3 54 
97 1 3 55 
98 3 1 
99 3 1 56 
100 3 1 
101 1 3 57 
102 1 3 58 
103 1 3 59 
104 3 1 
105 3 1 60 
106 3 1 
107 1 3 61 
108 1 3 62 
109 1 3 63 
110 3 1 
111 3 1 64 
112 3 1 
113 1 3 65 
114 1 3 66 
115 1 3 67 
116 3 1 
117 1 3 68 
118 1 3 69 
119 1 3 70 
120 3 1 
121 3 71 
122 3 72 
123 3 73 
124 3 
125 
