1 1 
2 2 1 
3 3 2 1 
4 3 2 4 1 
5 3 2 5 4 1 
6 3 2 5 1 4 
7 3 2 4 1 5 
8 3 1 2 5 4 
9 3 1 2 4 5 
10 3 1 2 5 4 
11 6 3 1 2 5 4 
12 6 3 4 1 2 7 5 
13 6 3 5 4 1 2 7 8 
14 6 3 5 4 1 2 7 
15 9 
16 9 
17 
18 6 3 5 4 1 7 2 
19 6 3 5 4 1 7 2 
20 6 3 5 4 1 2 10 7 
21 6 3 5 4 1 2 
22 11 
23 11 
24 
25 1 6 3 5 4 
26 1 6 3 5 4 
27 3 5 4 7 1 6 12 
28 3 5 4 7 1 12 6 
29 6 3 5 4 7 1 13 12 
30 6 3 5 4 7 1 14 
31 6 3 5 4 7 1 15 
32 6 3 5 4 7 16 1 
33 6 3 5 4 1 17 
34 1 6 3 5 4 
35 1 6 3 5 18 
36 1 6 3 19 5 
37 1 6 3 19 20 
38 1 6 3 19 21 
39 1 19 6 3 
40 22 
41 22 
42 
43 1 19 3 6 
44 1 3 23 19 
45 1 3 
46 24 
47 24 
48 
49 
50 
51 19 1 6 25 
52 19 1 25 6 
53 19 1 26 25 
54 19 1 27 
55 19 1 28 
56 19 16 1 
57 1 29 
58 
59 
60 1 30 
61 1 
62 1 31 
63 
64 
