1 1 
2 2 1 
3 2 1 
4 
5 3 
6 3 
7 3 
8 
9 2 1 
10 
11 1 4 2 
12 2 1 4 5 
13 2 1 
14 
15 6 2 
16 7 6 
17 8 7 6 
18 9 8 7 6 
19 9 8 6 7 10 
20 9 8 6 7 
21 9 8 7 6 11 
22 9 8 7 6 
23 9 8 7 6 12 
24 9 8 7 6 12 
25 9 8 7 6 12 
26 9 8 7 6 13 
27 9 8 7 6 
28 9 8 6 14 7 
29 9 7 8 6 14 15 
30 9 7 8 6 
31 
32 6 8 16 9 7 
33 7 6 8 9 16 17 
34 7 6 8 9 
35 
36 9 8 7 6 18 
37 9 8 7 6 
38 
39 9 8 6 7 
40 9 8 7 6 
41 9 8 6 7 19 
42 9 8 6 7 
43 9 8 7 6 20 
44 9 8 7 6 
45 9 8 7 6 21 
46 9 8 7 6 21 
47 9 8 7 6 21 
48 9 8 7 6 13 
49 9 8 7 6 13 
50 
