1 1 
2 2 
3 3 
4 4 
5 5 
6 6 
7 7 
9 8 
10 9 
11 10 
12 11 
15 12 
16 13 
17 14 
19 15 
20 16 
21 17 
22 18 
24 19 
25 20 
26 21 
28 22 
30 23 
32 24 
33 25 
34 26 
36 22 
38 27 
41 28 
43 29 
46 30 
47 31 
49 32 
51 33 
52 34 
53 35 
54 36 
55 37 
56 38 
57 39 
58 40 
59 41 
60 42 
61 43 
64 44 
66 45 
67 46 
68 47 
69 48 
70 49 
74 50 
76 51 
77 9 
78 52 
79 15 
80 53 
83 54 
84 55 
85 56 
87 57 
88 58 
89 59 
90 60 
91 32 
92 61 
93 15 
94 62 
95 63 
97 64 
98 32 
99 65 
100 61 
101 66 
102 67 
103 68 
104 69 
106 62 
108 70 
110 71 
111 32 
112 72 
113 61 
114 73 
115 74 
116 75 
117 76 
119 62 
120 77 
121 78 
123 79 
124 80 
126 79 
131 81 
133 82 
135 83 
137 84 
139 85 
140 86 
141 87 
143 88 
145 89 
149 90 
154 91 
156 85 
157 86 
158 92 
160 93 
162 94 
166 95 
170 96 
171 97 
173 32 
175 98 
176 99 
177 100 
178 101 
179 102 
180 103 
181 104 
182 105 
183 106 
184 107 
187 108 
189 109 
190 110 
191 111 
192 112 
193 113 
