1 1 
2 1 
3 3 1 
4 3 1 4 
5 3 1 5 4 
6 3 6 1 5 4 
7 3 6 4 1 5 7 
8 3 6 4 5 1 
9 3 6 4 1 5 8 
10 3 6 4 1 5 
11 6 3 1 9 4 5 
12 5 6 3 1 10 9 4 
13 5 6 3 1 10 11 9 4 
14 5 6 3 1 10 11 9 12 4 
15 4 5 6 3 1 10 11 9 13 12 
16 4 5 6 3 1 10 11 12 9 
17 4 5 6 3 1 10 11 12 14 9 
18 4 5 6 3 9 1 
19 4 1 5 6 3 9 15 
20 3 4 1 5 6 16 
21 3 4 1 5 6 17 
22 3 6 4 1 5 
23 3 6 4 1 5 18 
24 3 5 6 4 1 
25 3 5 1 6 4 19 
26 3 5 1 6 4 
27 3 1 20 6 4 5 
28 5 3 1 21 20 6 4 
29 5 3 1 21 22 20 6 4 
30 5 3 1 21 22 20 23 6 4 
31 5 4 3 1 21 22 20 23 24 6 
32 5 4 6 3 1 21 22 20 23 24 25 
33 5 4 6 3 1 21 22 20 26 23 
34 5 4 6 3 1 21 22 23 20 
35 5 4 6 3 1 21 22 23 27 20 
36 5 4 6 3 20 1 
37 5 1 4 6 3 20 28 
38 3 5 1 4 6 16 
39 3 5 1 4 6 29 
40 3 5 1 6 4 
41 3 5 4 1 30 6 
42 3 5 4 1 6 30 31 
43 3 5 4 1 32 6 
44 3 5 4 1 6 32 33 
45 3 5 4 1 6 34 
46 3 5 4 6 1 
47 3 5 4 1 6 35 
48 3 5 4 1 6 
49 5 3 1 36 6 4 
50 5 3 1 36 6 37 4 
51 4 5 3 1 36 6 38 37 
52 4 5 3 1 37 36 6 
53 4 5 3 1 37 39 36 6 
54 4 6 5 3 1 37 39 40 36 
55 4 6 5 3 1 37 39 40 41 36 
56 4 6 5 3 36 1 
57 4 1 6 5 3 36 42 
58 3 4 1 6 5 16 
59 3 4 1 6 5 43 
60 3 5 4 1 6 
61 3 5 4 1 6 44 
62 3 5 4 6 1 
63 3 1 5 4 6 45 
64 3 1 5 4 6 
65 3 1 46 6 5 4 
66 3 1 46 6 47 5 4 
67 4 3 1 46 6 47 48 5 
68 4 5 3 1 46 6 47 48 49 
69 4 5 3 1 46 6 47 50 
70 4 5 3 1 46 6 51 47 
71 4 5 3 1 47 46 6 
72 4 5 3 1 47 52 46 6 
73 4 6 5 3 1 47 52 53 46 
74 4 6 5 3 1 47 52 53 54 46 
75 4 6 5 3 46 1 
76 1 4 6 5 3 46 55 
77 3 1 4 6 5 16 
78 3 1 4 6 5 56 
79 3 1 5 4 6 
80 3 1 5 4 6 57 
81 3 1 6 5 4 
82 4 3 1 6 58 5 
83 4 3 1 6 5 58 59 
84 4 3 1 6 60 5 
85 4 3 1 6 5 60 61 
86 4 3 1 6 5 62 
87 4 3 1 6 5 
88 4 3 1 63 6 5 
89 4 5 3 1 64 63 6 
90 4 6 5 3 1 64 65 63 
91 4 6 5 3 63 1 
92 4 6 5 1 3 63 66 
93 4 6 5 1 3 63 
94 4 6 5 1 3 63 67 
95 4 6 5 1 
96 4 6 5 1 68 
97 4 6 5 1 
98 4 1 69 6 5 
99 4 1 69 70 6 5 
100 4 5 1 69 71 70 6 
101 4 6 5 1 69 71 72 70 
102 4 6 5 1 70 69 
103 4 6 5 1 
104 4 6 5 1 73 
105 4 6 5 1 
106 4 1 74 5 6 
107 4 1 74 75 5 6 
108 4 1 74 75 5 76 6 
109 4 1 74 75 6 5 76 77 
110 4 1 74 78 75 6 5 
111 4 5 1 74 78 79 75 6 
112 4 6 5 1 74 78 79 80 75 
113 4 6 5 1 75 74 
114 4 6 5 1 
115 4 6 5 1 81 
116 4 6 5 1 
117 4 1 82 5 6 
118 4 1 82 83 5 6 
119 4 1 82 84 83 6 5 
120 4 5 1 82 84 85 83 6 
121 4 6 5 1 82 84 85 86 83 
122 4 6 5 1 83 82 
123 4 6 5 1 
124 4 6 5 1 87 
125 4 6 5 1 
126 4 1 88 6 5 
127 4 1 88 89 6 5 
128 4 1 88 89 6 90 5 
129 4 1 88 89 5 6 90 91 
130 4 1 88 92 89 5 6 
131 4 1 88 92 93 89 6 5 
132 4 5 1 88 92 93 94 89 6 
133 4 6 5 1 88 92 93 94 95 89 
134 4 6 5 1 89 88 
135 4 6 5 1 
136 4 6 5 1 96 
137 4 6 5 1 
138 4 97 6 5 
139 4 97 98 6 5 
140 4 97 99 98 5 6 
141 4 97 99 100 98 6 5 
142 4 97 99 100 101 98 6 
143 4 97 99 100 101 102 98 
144 4 98 97 
145 4 
146 103 4 
147 104 103 4 
148 104 105 103 
149 103 
150 
