1 1 
2 2 1 
3 3 2 1 
4 3 2 1 4 
5 3 5 2 1 4 
6 3 6 5 2 1 4 
7 7 3 6 5 2 1 4 
8 7 3 6 8 5 2 1 4 
9 7 3 6 8 5 2 9 1 4 
10 7 3 6 8 5 2 9 10 1 4 
11 11 7 3 6 8 5 2 9 10 1 4 
12 11 12 7 3 6 8 5 2 9 10 1 4 
13 11 12 13 7 3 6 8 5 2 9 10 1 4 
14 11 12 13 7 3 6 8 5 2 9 10 1 4 
15 11 12 7 3 6 8 5 2 9 10 1 14 
16 11 12 13 7 3 6 8 5 2 9 10 1 
17 11 12 13 7 3 6 8 5 15 2 9 10 1 
18 11 12 13 1 7 3 6 9 10 8 5 16 15 2 
19 11 12 13 1 7 3 6 9 10 8 5 16 2 
20 2 11 12 13 1 7 3 6 9 10 8 5 
21 2 11 17 12 13 1 7 3 6 9 10 8 5 
22 2 11 17 12 13 1 7 3 18 6 9 10 8 5 
23 2 11 17 5 12 13 1 19 7 3 18 6 9 10 8 
24 2 11 17 5 12 13 1 19 7 20 3 18 6 9 10 8 
25 2 11 17 8 5 9 10 12 13 1 21 19 7 20 3 18 6 
26 2 18 6 11 20 22 17 8 5 9 10 12 13 1 21 3 19 7 
27 2 19 7 3 18 6 11 20 21 22 23 17 8 5 9 10 12 13 1 
28 2 19 7 3 18 6 11 20 21 22 23 17 8 5 9 10 1 12 13 24 
29 2 19 7 3 18 6 11 20 21 22 23 17 8 5 9 10 1 12 13 
30 2 19 7 18 6 11 20 21 8 5 9 10 1 13 3 25 23 22 17 
31 2 19 7 18 6 11 20 21 8 5 9 10 1 13 3 25 23 22 17 26 
32 2 19 7 18 6 11 20 21 17 8 5 9 10 1 13 3 25 23 22 
33 2 19 7 18 6 11 20 21 22 23 17 8 5 9 10 1 13 3 25 
34 2 19 7 18 6 11 20 21 22 23 17 8 5 9 10 1 13 3 25 
35 2 19 7 18 6 11 20 21 22 23 17 8 5 9 10 1 13 3 25 
36 2 19 7 3 18 6 11 20 21 22 23 17 8 5 9 10 1 13 25 27 
37 2 19 7 3 18 6 11 20 21 22 23 17 8 5 9 10 1 13 25 
38 19 7 3 18 6 11 20 21 22 23 17 8 5 9 10 1 13 25 28 2 
39 19 7 3 18 6 11 20 21 22 23 17 8 5 9 10 1 13 25 2 
40 2 19 7 3 18 6 11 20 21 22 23 17 8 5 9 10 1 13 25 
41 2 19 7 3 18 6 11 20 21 22 23 17 8 5 9 10 1 12 13 
42 2 19 7 3 18 6 11 20 21 22 23 17 8 5 9 10 1 13 12 
43 2 19 7 3 18 6 11 20 21 22 23 17 5 13 12 8 9 10 1 
44 2 19 7 3 18 6 11 20 21 17 5 13 8 9 10 1 29 23 22 
45 2 19 7 3 18 6 11 20 21 22 17 5 13 8 9 10 1 30 29 23 
46 2 19 7 3 18 6 11 20 21 22 23 17 5 13 8 9 10 1 30 31 29 
47 2 19 7 3 18 6 11 20 21 22 23 17 5 13 8 9 10 1 29 
48 2 19 7 3 18 6 11 20 21 22 23 17 5 13 12 8 9 10 1 
49 2 19 7 3 18 6 11 20 21 22 23 17 5 13 12 8 32 9 10 1 
50 2 19 7 3 18 6 11 20 21 22 23 17 5 13 12 8 9 10 32 1 33 
51 2 19 7 3 18 6 11 20 21 22 23 17 5 13 12 8 9 10 32 1 33 
52 2 19 7 3 18 6 11 20 21 22 23 17 5 13 12 8 9 10 32 1 
53 2 19 7 3 18 6 11 20 21 22 23 17 5 13 12 8 9 10 32 34 1 
54 2 19 7 3 18 6 11 20 21 22 23 17 5 1 13 12 8 9 10 32 34 35 
55 2 19 7 3 18 6 11 20 21 22 23 17 5 1 13 12 8 9 10 32 34 35 
56 2 19 7 3 18 6 11 20 21 22 23 17 5 1 13 12 8 9 10 32 34 
57 2 19 7 3 18 6 11 20 21 22 23 17 5 1 13 12 8 9 10 32 34 36 
58 2 19 7 3 18 6 11 20 21 22 23 17 8 5 9 10 1 36 13 
59 2 19 7 3 18 6 11 20 21 22 23 17 8 5 9 10 1 
60 2 19 7 3 18 6 9 10 11 20 21 22 23 17 1 8 5 37 
61 2 19 7 3 18 6 9 10 11 20 21 22 23 17 1 8 5 
62 19 7 3 18 6 11 20 21 5 2 17 8 9 10 22 23 1 38 
63 19 7 3 18 6 11 20 21 5 2 17 8 9 10 22 23 1 
64 19 7 3 18 6 11 20 21 5 2 17 8 9 10 22 23 39 1 
65 19 7 3 18 6 11 20 21 5 2 17 8 9 10 22 23 39 1 
66 19 7 3 18 6 11 20 21 5 2 17 8 9 10 22 23 39 1 
67 2 19 7 3 18 6 9 10 11 20 21 22 23 17 1 8 5 
68 2 19 7 3 18 6 9 8 10 11 20 21 40 22 23 17 1 
69 2 1 23 22 17 19 7 3 18 6 9 8 10 
70 2 1 23 22 17 19 7 3 18 6 9 8 10 
71 
72 2 1 23 22 17 19 7 10 3 18 6 9 41 8 
73 2 1 23 22 17 19 7 9 8 10 42 3 18 6 
74 2 1 23 22 43 17 3 19 7 9 8 10 
75 2 10 1 23 22 43 17 3 19 7 9 44 8 
76 2 9 10 1 23 22 43 17 45 3 19 7 
77 2 9 10 1 3 23 22 46 43 17 
78 2 9 10 1 3 23 22 46 43 47 17 
79 2 9 10 1 3 23 22 46 43 47 48 17 
80 2 9 10 1 3 23 22 46 43 47 17 
81 2 9 10 1 3 23 22 46 43 49 
82 2 9 10 1 3 49 
83 2 9 10 1 3 47 
84 2 9 10 1 3 47 
85 2 9 10 1 3 47 22 23 43 46 50 17 
86 2 9 10 1 3 47 22 23 43 46 
87 2 9 10 1 3 22 23 43 46 51 
88 2 9 10 1 3 51 
89 2 9 10 1 3 47 
90 2 9 10 1 3 47 
91 47 2 9 10 1 52 
92 47 2 9 10 1 
93 47 9 10 1 53 2 
94 47 2 9 10 1 
95 47 54 2 
96 47 2 
97 
98 
