1 1 
2 2 1 
3 1 2 
4 1 2 
5 1 2 
6 1 
7 1 
8 3 
9 3 
10 
11 1 4 
12 1 5 
13 1 5 6 
14 1 5 7 
15 1 7 5 8 
16 1 7 9 
17 1 7 10 
18 1 11 7 
19 1 11 
20 1 
21 1 
22 11 12 1 
23 1 11 12 13 
24 1 11 
25 11 1 
26 11 12 1 
27 11 12 1 
28 1 14 
29 1 
30 15 1 
31 12 1 
32 12 16 1 
33 1 12 16 17 
34 1 12 16 18 
35 1 12 16 
36 1 12 16 
37 19 1 12 16 
38 16 19 1 12 20 
39 16 12 19 1 21 
40 16 12 19 22 1 
41 16 12 1 19 22 23 
42 16 12 1 19 
43 1 12 16 19 
44 16 19 1 12 24 
45 16 12 19 1 25 
46 16 12 19 22 1 
47 16 12 19 22 1 
48 16 12 1 26 
49 16 12 1 
50 16 1 27 12 
51 28 16 1 
52 1 28 16 29 
53 1 28 30 
54 1 31 
55 1 32 
56 
57 
