1 1 
2 2 
3 3 
4 4 
5 5 
6 6 
7 7 
8 8 
9 9 
10 10 
11 11 
12 12 
13 13 
14 14 
16 12 
17 15 
18 16 
20 17 
21 15 
23 18 
24 19 
25 20 
26 21 
27 22 
28 23 
29 24 
30 25 
31 26 
33 27 
34 24 
35 23 
36 27 
37 28 
38 29 
39 30 
40 31 
41 32 
42 33 
43 34 
45 35 
46 36 
47 21 
48 20 
49 31 
50 37 
51 21 
52 38 
53 39 
54 40 
55 27 
57 41 
59 42 
60 43 
61 20 
62 44 
63 20 
64 21 
65 45 
68 46 
70 47 
72 46 
74 48 
76 46 
78 46 
79 49 
81 50 
83 51 
84 52 
85 46 
88 53 
90 54 
91 55 
93 56 
94 57 
100 58 
102 59 
104 60 
106 61 
108 61 
110 62 
