8 1 
9 8 
11 3 4 9 
12 1 
13 5 9 10 
14 11 
15 6 12 
16 11 
17 7 13 
18 1 
19 14 
20 7 
21 15 
22 4 16 
24 3 17 18 
25 1 
26 5 18 19 
27 11 
28 6 20 
29 11 
30 7 21 
31 7 
32 7 
33 22 23 
34 24 
35 4 25 
36 1 
37 26 
39 3 17 27 
40 1 
41 5 27 28 
42 11 
43 6 29 
44 11 
45 7 30 
46 6 
47 31 
48 3 32 
49 1 
50 34 
52 33 17 35 
53 1 
54 5 35 36 
55 11 
56 6 37 
57 11 
58 7 38 
59 7 
60 7 
61 39 40 
62 7 41 
63 7 
64 7 42 
65 6 
66 6 
67 43 44 
68 45 
69 3 46 
70 1 
71 47 
73 33 17 48 
74 1 
75 5 48 49 
76 11 
77 6 50 
78 11 
79 7 51 
80 6 
81 6 
82 6 
83 6 
84 54 55 
85 6 
86 56 57 
87 53 58 
88 52 59 
89 7 
90 7 
91 61 62 
92 7 
93 7 
94 7 
95 65 66 
96 64 67 
97 63 68 
98 1 
99 70 
100 1 
102 7 
103 60 73 72 
104 72 71 
105 1 
106 74 
107 1 
109 7 
110 69 77 
111 7 
112 78 60 79 76 
113 76 75 
114 1 
115 80 
116 1 
118 7 
119 6 
120 7 
121 83 84 85 82 
122 82 81 
123 1 
124 86 
125 1 
127 6 
128 60 89 
129 7 
130 6 
131 7 
132 90 91 92 93 88 
133 88 87 
134 1 
135 94 
136 1 
138 6 
139 7 
140 6 
141 60 99 
142 6 
143 100 101 
144 7 
145 69 103 
146 7 
147 104 105 
148 97 98 102 106 96 
149 96 95 
151 60 69 107 
152 107 
