1 1 
2 2 1 
3 2 3 1 
4 2 3 4 1 
5 2 3 5 4 1 
6 6 2 3 5 4 1 
7 6 2 3 5 7 4 1 
8 6 2 3 5 4 1 7 8 
9 6 2 3 8 5 4 1 7 9 
10 6 2 3 8 5 4 1 7 
11 7 6 2 3 8 5 4 1 
12 7 6 2 3 8 5 10 4 1 
13 7 6 2 3 8 5 4 1 11 10 
14 7 10 6 2 3 8 5 4 1 11 
15 7 10 11 6 2 3 8 5 4 1 
16 
17 7 10 11 6 2 3 8 5 1 12 
18 7 10 11 6 2 3 8 5 1 12 
19 7 10 11 6 2 3 1 8 5 12 
20 7 10 11 6 2 3 1 8 5 12 
21 
22 7 2 3 5 10 11 6 13 8 1 12 
23 7 2 3 5 10 11 6 12 13 8 14 1 
24 7 2 3 5 1 10 11 6 12 13 8 14 15 
25 7 2 3 5 1 10 11 6 12 13 8 14 15 16 
26 7 2 3 5 1 10 11 6 12 13 8 14 
27 7 2 3 5 1 10 11 6 12 13 8 17 14 
28 7 14 17 2 3 5 1 10 11 6 12 13 8 
29 7 14 17 2 3 5 1 10 11 6 12 13 8 18 
30 7 14 17 2 3 5 1 10 11 6 12 13 8 19 
31 7 2 3 5 1 10 11 6 12 13 8 14 17 19 
32 7 14 17 2 3 5 1 10 11 6 12 20 13 19 8 
33 7 14 17 19 2 3 5 1 10 11 6 12 8 20 13 21 
34 7 14 17 19 2 3 5 1 10 11 6 12 8 20 13 22 
35 7 14 17 2 3 5 1 10 11 6 12 13 8 19 20 22 
36 7 14 17 2 3 5 1 10 11 6 12 13 8 19 
37 7 2 3 5 1 10 11 6 12 8 19 20 22 17 14 13 23 
38 7 2 3 5 1 10 11 6 12 8 19 20 22 17 14 13 
39 7 2 3 5 1 11 6 12 17 14 13 22 8 19 24 10 
40 7 2 3 5 1 10 11 6 12 17 14 13 22 8 19 24 25 
41 7 2 3 5 1 10 11 6 12 8 19 17 14 13 22 26 
42 7 2 3 5 1 10 11 6 12 8 19 17 14 13 22 26 27 
43 7 2 3 5 1 10 11 6 12 8 19 17 14 13 22 26 28 
44 7 2 3 5 1 10 11 6 12 8 19 20 17 14 13 22 26 
45 7 2 3 5 1 10 11 6 12 8 19 20 17 14 13 22 29 
46 7 2 3 5 1 10 11 6 12 8 19 20 17 14 13 30 22 
47 7 2 3 5 1 10 11 6 12 8 19 20 22 17 14 13 
48 7 8 19 17 14 13 2 3 5 1 10 11 6 12 22 20 
49 7 8 19 20 17 14 13 2 3 5 1 10 11 6 12 31 22 
50 7 2 3 5 1 10 11 6 12 8 19 20 22 17 14 13 31 
51 7 8 19 20 17 14 13 2 3 5 1 10 11 6 12 22 31 
52 7 8 19 20 17 14 13 2 3 5 1 10 11 6 12 31 22 
53 7 8 19 20 17 14 13 2 3 5 1 10 11 6 12 31 22 
54 7 14 17 2 3 5 1 10 11 6 12 13 8 19 
55 7 14 17 2 3 5 1 10 11 6 12 13 8 19 
56 7 14 17 2 3 5 1 10 11 6 12 13 8 19 
57 7 2 3 5 1 10 11 6 12 13 8 17 14 
58 7 2 3 5 1 10 11 6 12 13 8 17 14 
59 7 
60 7 2 3 5 1 10 11 6 12 13 8 17 14 
61 7 14 17 2 3 5 1 10 11 6 12 13 8 
62 7 14 17 2 3 5 1 10 11 6 12 13 8 18 
63 7 14 17 2 3 5 1 10 11 6 12 13 8 19 18 
64 7 2 3 5 1 10 11 6 12 13 8 14 17 18 19 
65 7 18 2 3 5 1 10 11 6 12 20 17 14 13 19 8 
66 7 18 2 3 5 1 10 11 6 12 8 19 20 17 14 13 32 
67 7 18 2 3 5 1 10 11 6 12 8 19 20 22 17 14 13 
68 7 18 2 3 5 1 10 11 6 12 8 19 20 22 17 14 13 33 
69 7 18 2 3 5 1 10 11 6 12 8 19 20 22 17 14 13 
70 7 18 2 3 5 1 11 6 12 17 14 13 22 8 19 34 10 
71 7 18 2 3 5 1 10 11 6 12 17 14 13 22 8 19 34 35 
72 7 18 2 3 5 1 10 11 6 12 8 19 17 14 13 22 26 
73 7 18 2 3 5 1 10 11 6 12 8 19 17 14 13 22 26 36 
74 7 18 2 3 5 1 10 11 6 12 8 19 17 14 13 22 26 37 
75 7 18 2 3 5 1 10 11 6 12 8 19 20 17 14 13 22 26 
76 7 18 2 3 5 1 10 11 6 12 8 19 20 17 14 13 22 38 
77 7 18 2 3 5 1 10 11 6 12 8 19 20 17 14 13 39 22 
78 7 18 2 3 5 1 10 11 6 12 8 19 20 22 17 14 13 
79 7 18 8 19 17 14 13 2 3 5 1 10 11 6 12 22 20 
80 7 18 8 19 20 17 14 13 2 3 5 1 10 11 6 12 31 22 
81 7 2 3 5 1 10 11 6 12 18 8 19 20 22 17 14 13 31 
82 7 18 8 19 20 17 14 13 2 3 5 1 10 11 6 12 22 31 
83 7 18 8 19 20 17 14 13 2 3 5 1 10 11 6 12 31 22 
84 7 18 8 19 20 17 14 13 2 3 5 1 10 11 6 12 31 22 
85 7 14 17 2 3 5 1 10 11 6 12 13 8 18 19 
86 7 14 17 2 3 5 1 10 11 6 12 13 8 19 18 
87 7 14 17 2 3 5 1 10 11 6 12 13 8 19 18 
88 7 2 3 5 1 10 11 6 12 13 8 17 14 
89 7 2 3 5 1 10 11 6 12 13 8 17 14 
90 
