1 1 
2 2 1 
3 1 2 
4 
5 1 2 3 
6 1 2 
7 
8 2 4 1 
9 2 1 5 4 
10 2 4 1 5 6 
11 2 4 1 7 
12 2 4 1 
13 
14 2 1 8 4 
15 2 4 1 8 9 
16 2 4 1 10 
17 2 4 1 
18 
19 2 1 11 4 
20 2 4 1 11 12 
21 2 4 1 13 
22 2 4 1 
23 
24 2 1 14 4 
25 2 4 1 14 15 
26 2 4 1 
27 
28 2 1 16 4 
29 2 4 1 16 17 
30 2 4 1 18 
31 2 4 1 
32 
33 2 1 19 4 
34 2 4 1 19 20 
35 2 4 1 
36 
37 2 1 21 4 
38 2 4 1 21 22 
39 2 4 1 
40 
41 2 1 23 4 
42 2 4 1 23 24 
43 2 4 1 25 
44 2 4 1 
45 
46 2 1 26 4 
47 2 1 26 27 
48 2 1 28 
49 2 1 
50 
51 29 
52 
