1 1 
2 2 1 
3 2 3 1 
4 4 2 3 1 
5 4 2 3 5 1 
6 4 2 3 5 1 6 
7 7 4 2 3 5 1 6 
8 6 7 4 2 3 5 1 
9 6 7 4 2 3 5 1 8 
10 6 7 4 2 3 5 1 
11 
12 1 5 7 4 2 9 6 
13 1 6 5 7 4 2 9 
14 1 6 5 7 10 4 2 9 
15 1 6 5 7 10 4 9 2 11 
16 1 6 5 7 10 4 9 2 11 12 
17 1 6 5 7 10 4 9 2 11 
18 11 7 6 10 4 9 5 2 1 13 
19 11 7 6 10 4 9 5 2 1 14 
20 11 7 6 10 4 9 5 14 2 15 1 
21 11 7 6 10 4 9 5 1 14 16 2 
22 11 7 6 10 4 9 5 2 1 14 
23 11 7 14 6 10 4 9 5 2 17 1 
24 11 7 14 6 10 4 9 5 1 18 2 
25 11 7 2 14 6 10 4 9 5 1 
26 11 7 2 14 6 10 4 1 9 5 19 
27 11 7 2 14 20 6 10 4 1 9 5 
28 11 7 2 14 20 6 10 4 1 9 21 5 
29 11 7 2 14 20 6 10 4 1 9 22 21 5 
30 11 7 2 14 20 6 10 4 1 9 23 22 21 5 
31 11 7 2 14 20 6 10 4 1 9 24 23 22 21 5 
32 11 7 2 14 20 6 10 4 1 9 24 23 22 21 5 25 
33 11 7 2 14 20 6 10 4 5 1 9 24 23 22 21 
34 11 7 2 14 20 6 9 10 26 4 5 1 
35 11 7 2 14 20 21 6 10 4 5 1 9 
36 9 11 7 2 14 20 21 6 10 27 4 5 1 
37 5 4 9 11 10 7 2 14 20 22 21 1 6 
38 5 4 9 11 10 7 2 14 20 22 21 6 28 1 
39 1 5 4 9 11 10 7 2 14 20 22 21 6 28 29 
40 1 5 4 9 11 10 7 2 14 20 22 21 6 28 30 
41 1 5 4 9 11 10 7 2 14 20 22 21 24 6 
42 1 6 5 4 9 11 10 7 2 14 20 22 21 24 31 
43 1 6 5 4 9 11 10 7 2 14 20 24 23 22 21 
44 1 6 5 4 9 11 10 7 2 14 20 24 23 22 21 
45 11 7 2 14 20 6 10 4 1 9 24 23 22 21 5 32 
46 11 7 2 14 20 6 10 4 5 1 9 24 23 22 21 
47 11 7 2 14 20 6 9 10 33 4 5 1 
48 11 7 2 14 20 21 6 10 4 5 1 9 
49 9 11 7 2 14 20 21 6 10 34 4 5 1 
50 5 4 9 11 10 7 2 14 20 22 21 1 6 
51 5 4 9 11 10 7 2 14 20 22 21 6 35 1 
52 1 5 4 9 11 10 7 2 14 20 22 21 6 35 36 
53 1 5 4 9 11 10 7 2 14 20 22 21 6 35 37 
54 1 5 4 9 11 10 7 2 14 20 22 21 23 6 
55 1 6 5 4 9 11 10 7 2 14 20 22 21 23 38 
56 1 6 5 4 9 11 10 7 2 14 20 24 23 22 21 
57 1 6 5 4 9 11 10 7 2 14 20 24 23 22 21 
58 11 7 2 14 20 6 10 4 1 9 24 23 22 21 5 39 
59 11 7 2 14 20 6 10 4 5 1 9 24 23 22 21 
60 11 7 2 14 20 6 9 10 40 4 5 1 
61 11 7 2 14 20 23 6 10 4 5 1 9 
62 9 11 7 2 14 20 23 6 10 41 4 5 1 
63 5 4 9 11 10 7 2 14 20 24 23 1 6 
64 5 4 9 11 10 7 2 14 20 24 23 6 42 1 
65 1 5 4 9 11 10 7 2 14 20 24 23 6 42 43 
66 1 5 4 9 11 10 7 2 14 20 24 23 6 42 44 
67 1 5 4 9 11 10 7 2 14 20 24 23 22 6 
68 1 6 5 4 9 11 10 7 2 14 20 24 23 22 45 
69 1 6 5 4 9 11 10 7 2 14 20 24 23 22 21 
70 1 6 5 4 9 11 10 7 2 14 20 24 23 22 21 
71 1 6 11 10 7 2 14 20 24 23 22 21 4 9 5 46 
72 1 6 5 4 9 11 10 7 2 14 20 24 23 22 21 
73 11 7 2 14 20 6 9 10 47 4 5 1 
74 11 7 2 14 20 23 6 10 4 5 1 9 
75 9 11 7 2 14 20 23 6 10 48 4 5 1 
76 5 4 9 11 10 7 2 14 20 24 23 1 6 
77 5 4 9 11 10 7 2 14 20 24 23 6 49 1 
78 1 5 4 9 11 10 7 2 14 20 24 23 6 49 50 
79 1 5 4 9 11 10 7 2 14 20 24 23 6 49 51 
80 1 5 4 9 11 10 7 2 14 20 24 23 21 6 
81 1 6 5 4 9 11 10 7 2 14 20 24 23 21 52 
82 1 6 5 4 9 11 10 7 2 14 20 24 23 22 21 
83 1 6 5 4 9 11 10 7 2 14 20 53 24 23 22 21 
84 1 6 5 4 9 11 10 7 2 14 20 21 54 53 24 23 
85 1 6 5 4 9 11 10 7 2 14 20 21 23 54 55 53 
86 1 6 5 4 9 11 10 7 2 14 53 20 
87 1 6 5 4 9 11 10 7 2 20 14 53 56 
88 1 6 5 4 9 11 10 7 2 20 57 14 
89 1 6 5 4 9 11 10 14 7 2 58 20 57 
90 1 6 5 4 9 11 10 14 7 2 58 20 57 59 
91 1 6 5 4 9 11 10 14 7 2 60 58 20 57 
92 1 6 5 4 9 11 10 14 7 2 60 58 57 20 61 
93 1 6 5 4 9 11 10 14 7 2 60 62 58 57 20 
94 1 6 5 4 9 11 10 14 7 2 60 62 63 58 20 57 
95 1 6 5 4 9 11 10 14 7 2 60 62 63 58 20 57 64 
96 1 6 5 4 9 11 10 14 7 2 60 62 63 65 58 20 57 
97 1 6 5 4 9 11 10 14 7 57 2 60 62 63 65 58 20 66 
98 1 6 5 4 9 11 10 14 7 57 2 60 62 63 65 67 58 20 
99 1 6 5 4 9 11 10 14 7 20 57 2 60 62 63 65 67 68 58 
100 1 6 5 4 9 11 10 14 7 2 58 20 57 
101 1 6 5 4 9 11 10 14 7 2 58 20 57 69 
102 1 6 5 4 9 11 10 14 7 2 70 58 20 57 
103 1 6 5 4 9 11 10 14 7 2 70 58 57 20 71 
104 1 6 5 4 9 11 10 14 7 2 70 72 58 57 20 
105 1 6 5 4 9 11 10 14 7 2 70 72 73 58 20 57 
106 1 6 5 4 9 11 10 14 7 2 70 72 73 58 20 57 74 
107 1 6 5 4 9 11 10 14 7 2 70 72 73 75 58 20 57 
108 1 6 5 4 9 11 10 14 7 2 70 72 73 75 58 20 76 
109 1 6 5 4 9 11 10 14 7 2 70 72 73 75 77 58 20 
110 1 6 5 4 9 11 10 14 7 2 70 72 73 75 77 78 58 
111 1 6 5 4 9 2 11 10 79 14 7 
112 1 6 5 7 4 9 2 11 10 79 14 
113 1 6 5 7 4 9 2 11 10 79 14 80 
114 1 6 5 7 4 9 2 11 10 79 14 
115 1 6 5 7 4 9 2 11 10 79 14 81 
116 1 6 5 7 4 9 2 11 10 79 14 82 
117 1 6 5 7 4 9 2 11 10 82 79 14 
118 6 5 7 4 9 2 11 10 82 79 14 83 1 
119 6 5 7 4 9 2 11 10 82 79 84 1 14 
120 6 5 7 4 9 2 11 10 82 79 84 14 85 1 
121 1 6 5 7 4 9 2 11 10 82 79 84 86 14 
122 1 6 5 7 4 9 2 11 10 82 79 84 86 87 14 
123 1 6 5 7 4 9 2 11 10 82 88 79 84 86 87 
124 1 6 5 7 4 9 2 11 10 87 82 
125 1 6 5 7 4 9 2 11 10 
126 1 6 5 7 10 4 9 2 11 
127 1 6 5 7 10 4 9 2 11 
128 1 6 89 5 
129 1 6 5 90 
130 1 6 5 
131 6 91 1 
132 6 91 92 
133 6 91 93 
134 94 6 
135 6 
136 6 
137 1 6 95 5 
138 1 6 5 96 
139 1 6 5 
140 6 97 1 
141 6 97 98 
142 6 97 99 
143 94 6 
144 6 
145 6 
146 1 6 5 100 
147 1 6 5 
148 6 101 1 
149 6 101 102 
150 6 101 103 
151 94 6 
152 6 
153 6 
154 6 1 5 104 
155 6 1 
156 6 105 1 
157 6 105 106 
158 6 105 107 
159 94 6 
160 6 
161 
