12 9 10 8 
13 12 
15 12 
16 1 
17 9 8 
18 15 14 
19 5 
20 5 17 4 6 3 9 10 1 
24 21 9 
25 1 
26 21 8 
27 23 22 
28 24 16 
29 25 
30 21 10 8 
31 26 
32 26 
33 27 
34 28 
35 19 27 
37 20 27 
38 21 
40 13 
41 29 
45 30 
46 7 
48 17 33 
49 30 
50 32 
51 31 
52 32 
57 30 
58 32 
59 31 
60 32 
64 5 
65 13 
66 36 
67 19 4 35 7 
68 19 13 
69 38 4 35 7 
71 20 4 35 7 
72 20 13 
73 39 4 35 7 
74 37 27 
75 27 37 
76 41 
77 1 
78 42 43 
80 17 45 
82 3 
83 40 18 44 47 46 
84 46 
87 3 
88 18 40 50 44 49 
89 49 
90 1 
91 2 1 9 10 48 34 51 
92 9 10 1 
93 52 
94 9 10 1 
95 53 
96 48 
97 13 
98 55 
102 2 8 9 10 5 52 54 56 1 
103 3 
104 57 
105 3 
106 58 
107 58 8 9 10 48 1 
