1 1 
2 2 1 
3 2 1 3 
4 2 4 1 3 
5 2 4 1 5 3 
6 2 4 6 1 5 3 
7 2 7 4 6 1 5 3 
8 2 7 4 6 1 5 8 3 
9 2 7 4 6 1 5 8 9 3 
10 2 7 4 6 1 5 10 8 9 3 
11 2 7 4 6 1 5 10 8 9 3 
12 2 7 4 6 3 1 5 9 10 8 12 
13 2 7 4 6 3 12 1 5 9 10 8 
14 
15 8 2 9 7 4 6 3 12 10 1 5 13 
16 8 2 9 7 4 6 3 12 10 1 5 13 
17 
18 8 2 9 7 14 4 6 3 12 10 1 5 
19 8 2 9 7 14 5 15 4 6 3 12 10 1 
20 8 2 9 10 16 3 15 4 7 5 14 1 
21 8 2 9 10 16 3 15 14 1 4 7 5 17 
22 8 2 9 10 16 3 15 14 1 4 7 17 5 
23 
24 8 5 2 9 10 16 3 15 14 1 4 18 7 17 
25 8 5 2 9 10 16 3 15 14 1 17 19 4 18 7 
26 8 5 2 9 10 16 3 15 20 14 1 4 18 7 17 
27 8 5 2 9 10 16 3 15 20 14 1 21 4 18 7 
28 8 5 2 9 10 16 3 15 20 22 7 14 1 
29 8 5 2 9 10 1 16 3 15 20 22 7 14 23 
30 14 8 5 2 9 10 1 16 3 15 20 22 7 24 
31 14 8 5 2 9 10 1 16 3 15 20 22 7 
32 14 8 5 2 9 10 1 16 3 15 20 22 7 25 
33 14 8 5 2 9 10 1 16 3 15 20 22 7 25 
34 14 8 5 2 9 10 1 16 3 15 20 22 7 25 
35 14 8 5 2 9 10 1 16 3 26 15 20 22 7 
36 14 8 5 2 9 10 1 16 3 27 26 15 20 22 
37 14 8 5 2 9 10 1 16 3 28 27 26 15 22 20 
38 14 8 5 2 9 10 1 16 3 28 27 26 15 29 
39 14 8 5 2 9 10 1 16 3 28 27 26 15 30 
40 14 8 5 2 9 10 1 16 3 28 31 27 26 15 30 
41 14 8 5 2 9 10 1 16 3 30 28 31 27 26 15 32 
42 14 8 5 2 9 10 1 16 3 30 28 31 27 26 15 
43 14 8 5 2 9 10 1 16 3 28 31 27 26 15 30 33 
44 14 8 5 2 9 10 1 16 3 30 28 31 27 26 15 34 
45 14 8 5 2 9 10 1 16 3 30 28 31 27 26 15 
46 14 8 5 2 9 10 1 16 3 28 27 26 15 35 30 
47 14 8 5 2 9 10 1 16 3 30 28 31 27 26 15 
48 14 8 5 2 9 10 1 16 3 30 28 31 36 27 26 15 
49 14 8 5 2 9 10 1 16 3 30 28 31 36 27 26 15 37 
50 14 8 5 2 9 10 1 16 3 30 28 15 31 36 27 26 
51 14 8 5 2 9 10 1 16 3 30 28 15 31 36 26 27 
52 14 8 5 2 9 10 1 16 3 30 28 15 31 36 27 26 
53 14 8 5 2 9 10 1 16 3 30 28 15 31 36 27 
54 14 8 5 2 9 10 1 16 3 30 28 15 31 36 
55 14 8 5 2 9 10 1 16 3 30 31 28 36 15 
56 14 8 5 2 9 10 38 1 16 3 30 31 28 36 15 
57 14 8 5 2 9 10 38 1 16 3 30 31 28 36 15 
58 14 8 5 2 9 10 38 1 16 3 30 31 28 36 15 
59 14 8 5 2 9 10 38 1 16 3 30 31 28 36 15 
60 14 8 5 2 9 10 1 16 3 30 28 15 31 36 26 27 
61 14 8 5 2 9 10 1 16 3 30 28 15 31 36 27 26 
62 14 8 5 2 9 10 1 16 3 30 28 15 31 36 27 
63 14 8 5 2 9 10 1 16 3 30 28 15 31 36 
64 14 8 5 2 9 10 1 16 3 30 31 28 36 15 
65 14 8 5 2 9 10 38 1 16 3 30 31 28 36 15 
66 14 8 5 2 9 10 38 1 16 3 30 31 28 36 15 
67 14 8 5 2 9 10 38 1 16 3 30 31 28 36 15 
68 14 8 5 2 9 10 38 1 16 3 30 31 28 36 15 39 
69 14 15 8 5 2 9 10 38 1 16 3 30 31 28 36 
70 14 15 8 5 2 9 10 38 1 16 40 3 30 31 28 36 
71 14 28 15 8 5 2 9 10 38 1 41 16 40 3 30 31 
72 14 28 15 8 5 2 9 10 38 1 41 16 42 40 3 
73 14 28 15 8 5 2 9 10 38 1 3 41 16 42 43 40 
74 14 16 28 15 8 5 2 9 10 38 1 3 40 
75 14 16 28 15 8 5 2 9 10 44 38 1 3 
76 14 16 28 15 8 5 2 9 10 44 38 1 3 
77 14 15 8 5 2 9 10 38 1 16 45 30 31 3 28 36 
78 14 28 15 8 5 2 9 10 38 1 16 46 45 30 31 3 
79 14 28 15 8 5 2 9 10 38 1 3 16 46 47 45 30 31 
80 14 28 15 8 5 2 9 10 38 1 3 16 46 47 48 45 
81 14 16 28 15 8 5 2 9 10 38 1 3 45 
82 14 16 28 15 8 5 2 9 10 44 38 1 3 
83 14 16 28 15 8 5 3 2 9 10 44 38 1 49 
84 14 16 28 15 8 5 3 2 9 10 44 38 1 
85 14 16 28 15 5 3 44 38 2 1 50 10 9 8 
86 14 16 28 15 5 3 9 44 38 2 1 51 50 10 8 
87 14 16 28 15 8 5 3 9 10 44 38 2 1 51 52 50 
88 14 16 28 15 8 5 3 9 10 44 38 2 50 1 
89 14 16 28 15 8 5 3 2 9 10 44 38 1 
90 14 16 28 15 8 5 3 2 9 10 44 38 1 53 
91 14 16 28 15 8 5 3 2 9 10 44 38 1 
92 14 16 28 15 8 5 3 2 1 9 10 44 38 54 
93 14 16 28 15 8 5 3 2 9 10 44 38 1 
94 14 16 28 15 8 5 3 2 1 9 10 44 38 55 
95 44 14 16 28 15 8 5 2 9 10 1 3 
96 44 14 16 28 15 3 8 5 2 9 10 1 56 
97 44 14 16 28 15 3 8 5 2 9 10 1 
98 44 14 16 28 15 3 8 5 2 9 10 1 
99 44 14 16 28 15 1 10 9 3 8 5 2 57 
100 44 14 16 28 15 1 10 9 3 8 5 2 57 
101 44 14 16 28 15 1 10 9 3 8 5 2 57 58 
102 44 14 16 28 15 1 10 9 3 8 5 2 57 
103 44 16 28 15 3 2 8 9 10 5 57 59 1 14 
104 44 14 16 28 15 3 2 8 9 10 5 57 59 1 60 
105 44 14 16 28 15 3 2 8 9 10 5 57 59 1 
106 44 14 16 28 15 3 2 8 9 10 5 57 59 61 1 
107 44 14 16 28 15 3 2 8 9 10 5 57 59 61 1 
108 44 14 16 28 15 3 2 8 9 10 5 57 59 61 1 
109 44 14 16 28 15 1 10 9 3 8 5 
110 44 14 62 16 28 15 1 10 9 8 3 
111 44 3 63 14 62 16 28 15 1 10 9 8 
112 9 44 3 63 64 14 62 16 28 15 1 10 8 
113 8 9 10 44 3 63 64 65 14 62 16 28 15 1 
114 8 9 10 44 1 3 
115 8 9 10 44 1 66 
116 66 8 9 10 44 1 
117 
118 
