1 1 
2 2 1 
3 3 2 1 
4 3 2 1 4 
5 3 2 1 4 5 
6 3 2 1 4 5 6 
7 3 2 1 4 6 
8 3 2 1 4 7 
9 3 2 7 1 8 4 
10 3 2 4 7 1 8 9 
11 3 2 4 7 1 10 
12 3 2 4 7 11 1 
13 3 2 1 4 7 11 12 
14 3 2 13 1 4 7 
15 3 2 13 7 1 14 4 
16 3 2 4 13 7 1 14 15 
17 3 2 4 13 7 1 16 
18 3 2 4 13 7 17 1 
19 3 2 4 13 7 17 18 
20 3 2 4 19 13 7 
21 3 2 4 19 7 20 13 
22 3 2 21 4 19 7 
23 3 2 21 4 22 19 
24 3 23 2 21 4 
25 3 23 2 4 21 24 
26 3 23 2 21 4 25 
27 3 23 2 21 4 
28 3 23 2 4 21 26 
29 3 23 2 21 4 
30 3 23 4 2 21 27 
31 21 3 23 4 2 28 
32 21 3 23 4 2 
33 3 23 4 21 29 
34 3 23 4 21 30 
35 21 3 23 4 
36 21 3 23 31 
37 21 23 3 32 
38 21 23 3 
39 21 23 
40 21 23 33 
41 33 
42 
