1 1 
2 2 1 
3 2 1 3 
4 2 1 3 
5 2 1 5 
6 2 6 1 
7 2 6 1 
8 2 6 1 7 
9 2 6 1 
10 1 6 8 2 
11 1 6 2 
12 2 6 1 
13 1 2 6 9 
14 2 6 1 
15 2 1 6 10 
16 2 1 6 11 
17 2 6 1 
18 2 6 1 
19 2 6 1 12 
20 2 6 13 1 
21 2 6 13 1 14 
22 2 6 13 1 15 
23 2 6 13 16 1 
24 2 6 13 1 16 17 
25 2 6 13 1 16 18 
26 2 6 13 19 1 
27 2 6 13 19 1 20 
28 2 6 20 13 19 1 
29 2 6 20 13 19 1 21 
30 2 6 20 13 19 1 22 
31 2 6 20 13 19 1 
32 2 6 20 13 19 1 23 
33 2 6 20 13 19 1 23 24 
34 2 6 20 13 19 1 25 
35 2 6 20 13 19 1 25 26 
36 2 6 20 13 19 1 25 
37 2 6 20 13 19 27 1 
38 2 6 1 20 13 19 27 28 
39 2 6 1 20 13 19 27 
40 27 2 20 6 1 13 29 19 
41 27 2 20 19 6 1 13 30 
42 13 27 2 20 19 6 31 1 
43 13 27 2 20 19 6 1 31 32 
44 13 27 33 2 20 19 31 6 1 
45 13 27 33 2 20 19 1 31 6 34 
46 13 27 33 2 20 19 1 31 6 35 34 
47 13 27 33 2 20 36 6 31 19 1 
48 13 27 33 2 20 1 36 6 37 31 19 
49 13 19 27 33 2 20 1 36 38 6 37 
50 13 19 27 33 2 20 1 36 38 6 39 37 
51 13 19 27 33 2 20 1 6 40 36 
52 13 19 27 33 2 20 1 6 36 40 41 
53 13 19 27 33 2 20 1 6 36 40 42 
54 13 19 27 33 2 43 20 1 6 36 40 
55 13 19 27 33 2 44 43 20 1 6 
56 6 13 19 27 33 2 44 43 20 45 1 
57 6 13 19 27 33 2 44 43 20 1 45 46 
58 6 13 19 27 33 2 44 47 43 20 1 
59 6 13 19 1 27 33 2 44 47 43 48 20 
60 6 13 19 1 27 20 33 2 
61 6 13 19 1 27 20 2 
62 2 6 20 13 19 1 27 
63 2 6 20 13 19 27 1 
64 2 6 20 13 19 27 1 
65 2 6 1 49 
66 2 6 1 
67 6 1 50 2 
68 6 2 1 
69 1 6 51 2 
70 2 1 6 
71 2 52 1 6 
72 2 53 52 1 6 
73 2 53 52 6 54 1 
74 2 53 52 1 6 54 55 
75 2 53 56 52 1 6 
76 6 2 53 56 57 52 1 
77 6 1 2 53 56 57 58 52 
78 6 1 52 2 
79 2 6 1 
80 2 59 1 6 
81 2 6 59 60 1 
82 2 6 59 1 60 61 
83 2 6 59 62 1 
84 2 6 59 62 63 
85 2 64 6 59 
86 2 64 6 65 59 
87 
88 
89 2 6 20 13 19 1 25 66 
90 2 6 20 13 19 1 
91 2 6 20 13 19 27 1 
92 2 6 1 20 13 19 27 67 
93 2 6 1 20 13 19 27 
94 27 2 20 6 1 13 68 19 
95 27 2 20 19 6 1 13 69 
96 13 27 2 20 19 6 31 1 
97 13 27 2 20 19 6 1 31 70 
98 13 27 33 2 20 19 31 6 1 
99 13 27 33 2 20 19 1 31 6 71 
100 13 27 33 2 20 19 1 31 6 72 71 
101 13 27 33 2 20 36 6 31 19 1 
102 13 27 33 2 20 1 36 6 73 31 19 
103 13 19 27 33 2 20 1 36 74 6 73 
104 13 19 27 33 2 20 1 36 74 6 75 73 
105 13 19 27 33 2 20 1 6 40 36 
106 13 19 27 33 2 20 1 6 36 40 76 
107 13 19 27 33 2 20 1 6 36 40 77 
108 13 19 27 33 2 43 20 1 6 36 40 
109 13 19 27 33 2 78 43 20 1 6 
110 6 13 19 27 33 2 78 79 43 20 1 
111 6 13 19 1 27 33 2 78 79 43 80 20 
112 6 13 19 1 27 20 33 2 
113 6 13 19 1 27 20 2 
114 2 6 20 13 19 1 27 
115 2 6 20 13 19 27 1 
116 2 6 20 13 19 27 1 
117 2 6 1 81 
118 2 6 1 
119 6 1 82 2 
120 6 2 1 
121 1 6 83 2 
122 2 1 6 
123 2 84 1 6 
124 2 85 84 1 6 
125 2 85 86 84 1 6 
126 6 2 85 86 87 84 1 
127 6 1 2 85 86 87 88 84 
128 6 1 84 2 
129 2 6 1 
130 2 89 1 6 
131 2 6 89 90 1 
132 2 6 89 1 90 91 
133 2 6 89 92 1 
134 2 6 89 92 93 
135 2 94 6 89 
136 2 94 6 95 89 
137 
138 
139 2 6 20 13 19 1 96 
140 2 6 20 13 19 1 96 97 
141 2 6 20 13 19 1 25 
142 2 6 20 13 19 1 25 98 
143 2 6 20 13 19 1 25 
144 2 6 20 13 19 27 1 
145 2 6 1 20 13 19 27 99 
146 2 6 1 20 13 19 27 
147 27 2 20 6 1 13 100 19 
148 27 2 20 19 6 1 13 101 
149 13 27 2 20 19 6 31 1 
150 13 27 2 20 19 6 1 31 102 
151 13 27 33 2 20 19 31 6 1 
152 13 27 33 2 20 19 1 31 6 103 
153 13 27 33 2 20 19 1 31 6 104 103 
154 13 27 33 2 20 36 6 31 19 1 
155 13 27 33 2 20 1 36 6 105 31 19 
156 13 19 27 33 2 20 1 36 106 6 105 
157 13 19 27 33 2 20 1 36 106 6 107 105 
158 13 19 27 33 2 20 1 6 40 36 
159 13 19 27 33 2 20 36 40 1 6 108 
160 13 19 27 33 2 20 36 40 1 6 109 
161 13 19 27 33 2 43 20 36 40 1 6 
162 6 13 19 27 33 2 43 20 36 40 110 1 
163 6 13 19 27 33 2 43 20 1 36 40 110 111 
164 6 13 19 27 33 2 112 43 20 1 36 40 
165 6 13 19 27 33 2 112 113 43 20 1 
166 6 13 19 1 27 33 2 112 113 114 43 20 
167 6 13 19 1 27 20 33 2 
168 6 13 19 1 27 20 2 
169 2 6 20 13 19 1 27 
170 2 6 20 13 19 27 1 
171 2 6 20 13 19 27 1 
172 2 6 1 115 
173 2 6 1 
174 6 1 116 2 
175 6 2 1 
176 1 6 117 2 
177 2 1 6 
178 2 118 1 6 
179 2 118 6 119 1 
180 2 118 1 6 119 120 
181 2 121 118 1 6 
182 2 121 122 118 6 1 
183 1 2 121 122 123 118 6 
184 6 1 2 121 122 123 124 118 
185 6 1 118 2 
186 2 6 1 
187 2 125 1 6 
188 2 6 125 126 1 
189 2 6 125 1 126 127 
190 2 6 125 128 1 
191 2 6 125 128 129 
192 2 130 6 125 
193 2 130 6 131 125 
194 
195 
196 2 6 20 13 19 1 25 132 
197 2 6 20 13 19 1 
198 2 6 20 13 19 27 1 
199 2 6 1 20 13 19 27 133 
200 2 6 1 20 13 19 27 
201 27 2 20 6 1 13 134 19 
202 27 2 20 19 6 1 13 135 
203 13 27 2 20 19 6 31 1 
204 13 27 2 20 19 6 1 31 136 
205 13 27 33 2 20 19 31 6 1 
206 13 27 33 2 20 19 1 31 6 137 
207 13 27 33 2 20 19 1 31 6 138 137 
208 13 27 33 2 20 36 6 31 19 1 
209 13 27 33 2 20 1 36 6 139 31 19 
210 13 19 27 33 2 20 1 36 140 6 139 
211 13 19 27 33 2 20 1 36 140 6 141 139 
212 13 19 27 33 2 20 1 6 40 36 
213 13 19 27 33 2 20 1 36 40 6 142 
214 13 19 27 33 2 20 1 36 40 6 143 
215 13 19 27 33 2 43 20 1 36 40 6 
216 6 13 19 27 33 2 144 43 20 1 36 40 
217 6 13 19 27 33 2 144 145 43 20 1 
218 6 13 19 1 27 33 2 144 145 146 43 20 
219 6 13 19 1 27 20 33 2 
220 6 13 19 1 27 20 2 
221 2 6 20 13 19 1 27 
222 2 6 20 13 19 27 1 
223 2 6 20 13 19 27 1 
224 2 6 1 147 
225 2 6 1 
226 6 1 148 2 
227 6 2 1 
228 1 6 149 2 
229 2 1 6 
230 2 150 1 6 
231 2 151 150 1 6 
232 2 151 152 150 6 1 
233 1 2 151 152 153 150 6 
234 6 1 2 151 152 153 154 150 
235 6 1 150 2 
236 2 6 1 
237 2 155 1 6 
238 2 6 155 156 1 
239 2 6 155 1 156 157 
240 2 6 155 158 1 
241 2 6 155 158 159 
242 2 160 6 155 
243 2 160 6 161 155 
244 
245 
