1 1 
2 1 2 
3 3 1 2 
4 3 2 4 1 
5 3 1 2 4 5 
6 3 1 2 4 6 
7 7 3 1 2 
8 7 2 3 8 1 
9 7 2 3 1 8 9 
10 7 2 3 1 8 10 
11 7 11 2 3 1 
12 7 11 12 2 3 1 
13 7 11 12 13 1 2 3 
14 7 11 12 13 1 2 3 14 
15 7 11 12 13 1 2 3 
16 7 11 12 13 1 2 3 
17 7 11 12 13 1 2 3 15 
18 7 11 12 13 1 2 3 
19 7 11 12 13 1 2 3 
20 7 11 12 13 1 2 3 16 
21 7 11 12 13 1 2 3 
22 7 11 12 13 1 2 3 
23 7 11 12 13 1 2 3 17 
24 7 11 12 13 1 2 3 
25 7 12 1 2 3 18 13 
26 7 11 12 13 1 2 3 
27 7 11 12 13 1 2 3 19 
28 7 11 12 13 1 2 3 
29 7 11 12 13 1 2 3 
30 7 11 12 13 1 2 20 
31 7 11 12 13 1 2 
32 11 13 1 21 12 
33 7 11 12 13 1 
34 
35 
