5 2 3 1 4 1 
7 1 
8 7 
9 1 
10 8 
11 1 
12 1 
13 9 10 
14 3 
15 11 6 
16 12 
17 3 
18 1 
19 14 15 
20 16 
21 3 
22 13 
23 18 19 
24 3 
25 17 
26 21 22 
27 3 
28 24 13 
29 3 
30 26 17 
31 1 
32 28 
33 25 27 
34 29 
35 20 20 
36 31 25 
37 32 
38 33 30 
39 23 23 
40 34 27 
41 35 
42 36 30 
43 30 
44 30 
46 20 23 25 27 37 
47 37 5 
49 1 
50 39 
51 1 
52 37 
53 40 38 
54 41 
55 37 
56 43 38 
57 44 
59 42 
60 20 47 
61 45 
62 23 49 
63 25 42 
64 27 45 
65 48 50 51 52 46 
66 46 5 
67 1 
68 53 
69 53 54 
70 46 
71 56 55 
72 46 
73 58 55 
75 46 
76 57 
77 61 62 
78 46 
79 59 
80 64 65 
81 46 
82 67 57 
83 46 
84 69 59 
85 63 66 68 70 60 
86 60 5 
87 60 
88 71 5 
89 60 
90 72 5 
91 60 
92 73 
93 74 5 
94 60 
95 75 
96 76 5 
97 1 
98 77 
99 1 
100 78 
101 79 
102 80 
103 1 
104 81 
105 1 
106 83 
107 5 
109 86 85 
111 82 
112 87 88 
113 1 
114 87 89 
115 90 
116 90 
117 91 
118 92 
119 2 87 46 5 86 1 
120 87 
122 86 
124 1 
125 93 
126 2 82 84 3 37 5 1 
128 2 82 84 3 37 5 1 
130 2 3 1 
