1 1 
2 1 2 
3 1 3 2 
4 1 4 3 2 
5 1 4 3 2 5 
6 1 6 4 3 2 5 
7 1 6 4 7 3 2 5 
8 1 6 4 8 7 3 2 5 
9 1 6 5 4 8 7 3 2 
10 1 6 5 4 8 7 3 2 9 
11 1 6 5 4 9 8 7 3 
12 1 6 5 4 9 8 7 3 10 
13 1 6 5 4 9 8 7 10 
14 1 6 5 4 9 8 7 11 10 
15 1 6 5 4 9 10 8 7 
16 1 6 5 4 9 10 12 8 7 
17 1 6 5 4 9 10 12 8 
18 1 6 5 4 9 10 8 13 
19 1 6 5 4 9 10 8 13 
20 1 6 5 4 9 10 12 8 
21 1 6 5 4 9 10 12 14 8 
22 1 6 5 4 9 10 12 14 
23 1 6 5 4 9 10 12 15 
24 1 6 5 4 9 10 12 15 
25 1 6 5 4 9 10 12 14 
26 1 6 5 4 9 10 12 14 16 
27 1 6 5 16 4 9 10 
28 1 6 5 16 4 9 10 17 
29 1 6 5 16 17 
30 1 6 5 17 
31 1 6 17 
32 1 6 17 
33 1 17 6 
34 1 17 6 18 
35 1 19 17 6 18 
36 18 
37 18 20 
38 18 
39 
