14 10 11 9 
15 7 
16 14 15 
17 16 
19 6 
20 14 4 17 7 
23 5 
24 5 
25 21 
26 6 
27 6 
28 10 11 1 
29 10 11 1 
30 24 2 
31 25 2 
32 9 
33 26 
34 9 
35 10 11 27 
36 10 11 27 
37 28 
38 30 
39 29 
40 31 
41 28 4 23 8 
42 29 4 23 8 
44 22 34 
46 33 18 32 18 35 
47 35 2 
49 33 32 
50 18 
51 32 33 
52 39 
53 37 38 40 36 
54 36 
57 22 41 
59 18 33 18 32 42 
60 42 2 
62 18 
63 33 32 
64 32 33 
65 46 
66 44 45 47 43 
67 43 
68 1 
69 7 
70 48 
71 32 
72 1 
73 49 
74 10 11 27 
75 33 
76 50 
77 33 4 23 8 
78 1 
79 52 
80 1 
81 53 2 
83 24 2 
85 22 54 
87 18 32 
88 51 56 51 18 55 
89 55 2 
92 22 57 
94 18 32 
95 59 51 18 51 58 
96 58 2 
97 1 
98 60 
99 10 11 27 
100 33 
101 61 
102 33 4 23 8 
103 1 
104 62 
105 1 
106 63 2 
108 24 2 
110 22 64 
112 18 32 
113 51 18 51 66 65 
114 65 2 
117 22 67 
119 18 32 
120 18 51 69 51 68 
121 68 2 
123 11 
124 11 
125 10 70 9 
126 11 
127 10 72 9 
128 10 11 9 
129 71 
130 75 
131 73 
132 76 
133 74 
134 77 
136 6 
137 71 4 78 7 
138 73 4 23 8 
139 74 4 23 8 
141 22 82 
143 80 79 81 18 83 
144 83 2 
147 22 84 
149 79 80 18 81 85 
150 85 2 
151 20 
152 20 19 9 10 11 1 
