3 2 1 
5 2 
6 3 
8 2 
9 1 
10 4 
11 6 5 
12 7 
14 1 
15 4 
16 9 8 
17 10 
19 1 
20 4 
21 12 11 
22 13 
24 1 
25 4 
26 15 14 
27 16 
29 1 
30 4 
31 17 18 
33 1 
34 4 
35 19 20 
36 21 
38 1 
39 4 
40 22 23 
42 1 
43 4 
44 24 25 
46 1 
47 4 
48 27 26 
49 28 
51 1 
52 4 
53 29 30 
54 31 
56 1 
57 4 
58 32 33 
59 34 
61 1 
62 4 
63 35 36 
64 37 
66 1 
67 4 
68 38 39 
70 1 
71 4 
72 40 41 
73 42 
75 1 
76 4 
77 43 44 
78 45 
80 1 
81 4 
82 46 47 
84 1 
85 4 
86 49 48 
87 50 
89 1 
90 4 
91 51 52 
93 1 
94 4 
95 53 54 
96 55 
98 2 1 
99 56 
