1 1 
2 1 2 
3 1 3 2 
4 1 3 2 
5 4 
6 4 
7 
8 1 3 2 
9 1 3 2 
10 1 3 6 
11 6 1 5 
12 6 5 1 7 
13 6 5 7 1 8 
14 6 5 7 1 9 8 
15 6 5 10 7 1 9 8 
16 6 5 10 7 1 9 11 8 
17 6 5 10 7 8 1 9 11 
18 6 5 1 8 10 11 9 12 7 
19 6 5 7 1 8 10 11 9 13 
20 6 5 7 1 8 10 11 13 9 
21 6 5 7 1 9 8 10 11 13 
22 6 5 10 7 1 9 8 11 
23 6 5 10 7 1 9 8 11 
24 6 5 10 7 1 9 8 11 
25 6 5 10 7 1 9 8 11 
26 14 10 11 
27 14 
28 
29 6 5 10 7 1 9 11 8 
30 6 5 10 7 1 9 11 8 
31 6 5 10 7 8 1 9 
32 15 
33 15 
34 
35 6 5 10 7 8 1 16 
36 6 5 10 7 8 1 17 
37 6 5 10 1 7 8 
38 6 5 10 1 11 7 8 
39 6 5 10 1 11 7 13 8 
40 6 8 5 10 1 11 7 13 
41 6 5 10 1 8 13 11 7 18 
42 6 5 10 1 11 7 8 13 
43 6 5 10 1 8 19 11 7 13 
44 6 5 10 1 8 13 19 11 20 7 
45 6 5 10 1 7 8 13 19 11 21 
46 6 5 10 1 7 8 13 11 
47 6 5 10 1 11 7 8 13 
48 6 5 10 1 11 7 13 8 
49 6 5 10 1 11 7 13 8 
50 6 8 5 1 10 22 
51 6 8 5 1 10 
52 6 8 5 10 13 1 
53 6 8 5 10 1 13 23 
54 6 8 5 10 1 13 24 
55 6 8 5 10 1 13 
56 6 8 5 10 1 13 25 
57 6 8 5 10 1 13 26 
58 6 8 5 10 1 13 27 
59 6 8 5 10 1 13 
60 6 8 5 10 13 1 
61 6 8 5 10 13 1 
62 6 8 5 1 10 28 
63 6 8 5 1 10 
64 6 8 10 5 1 29 
65 6 8 10 5 1 
66 6 8 10 1 5 
67 6 8 10 1 5 
68 6 8 10 1 5 
69 6 5 8 10 1 30 
70 6 5 8 10 1 
71 6 10 5 1 8 31 
72 6 10 5 31 1 8 
73 6 10 5 31 1 32 8 
74 6 8 10 5 31 1 32 
75 6 1 8 31 10 32 33 5 
76 6 5 1 8 34 31 10 32 
77 6 10 5 1 8 32 34 31 35 
78 6 10 5 1 8 32 34 31 
79 6 10 5 31 1 8 32 
80 6 10 5 31 1 8 32 
81 6 10 5 1 8 32 31 36 34 
82 6 10 5 1 8 32 31 36 37 
83 6 10 5 1 8 32 31 38 36 
84 6 10 5 1 8 32 36 31 
85 6 10 5 31 1 8 32 
86 6 10 5 31 1 8 32 
87 6 10 5 31 1 8 32 
88 6 5 31 1 8 10 32 39 
89 6 5 31 1 8 10 32 
90 6 10 5 31 1 8 32 
91 6 10 5 31 1 32 8 
92 6 10 5 31 1 32 8 
93 6 8 10 1 5 31 40 
94 6 8 10 1 5 
95 6 8 10 1 5 
96 6 5 8 1 10 41 
97 6 5 8 1 10 42 
98 6 5 8 1 10 
99 6 5 1 10 8 43 
100 6 5 43 1 10 8 
101 6 5 43 1 10 32 8 
102 6 5 8 43 1 10 32 
103 6 5 43 1 10 8 32 44 
104 6 5 43 1 10 8 32 
105 6 5 1 10 8 32 43 45 
106 6 5 1 10 8 32 45 43 
107 6 5 43 1 10 8 32 
108 6 5 43 1 10 32 8 
109 6 5 43 1 10 32 8 
110 6 5 8 1 43 46 
111 6 5 8 1 
112 6 5 1 8 47 
113 6 5 1 8 48 
114 6 5 1 8 
115 6 5 1 
116 6 5 1 
117 6 5 1 
118 6 5 8 1 
119 6 5 8 1 
120 6 5 8 13 1 
121 6 5 1 8 13 49 
122 6 5 1 8 13 50 
123 6 5 1 8 13 
124 6 5 1 8 13 51 
125 6 5 1 13 8 52 
126 6 5 1 13 27 8 
127 6 5 1 13 27 53 8 
128 6 5 8 1 13 53 27 
129 6 5 1 13 27 8 53 54 
130 6 5 1 13 27 8 53 54 
131 6 5 13 27 8 53 1 55 
132 6 5 13 27 8 53 56 1 
133 6 5 13 27 8 53 1 56 57 
134 6 5 13 27 8 53 56 1 58 
135 6 5 13 27 8 53 56 1 
136 6 5 13 27 8 53 56 1 
137 6 5 1 13 27 8 53 56 59 
138 6 5 1 13 27 8 53 56 60 
139 6 5 1 13 27 8 53 56 
140 6 5 1 13 27 8 53 
141 6 5 1 13 27 53 8 
142 6 5 1 13 27 53 8 
143 6 5 8 13 1 
144 6 5 8 13 1 
145 6 5 
146 6 5 
147 6 
148 6 
149 6 
150 6 
151 
152 
153 
154 
155 63 6 5 
156 63 6 5 
157 63 6 
158 63 6 
159 63 6 
160 63 6 
161 63 
162 63 
163 63 
164 
165 
