1 1 
2 2 1 
3 1 2 
4 1 2 
5 1 2 3 
6 3 1 2 
7 3 1 2 4 
8 3 1 4 2 
9 3 1 4 2 5 
10 3 5 1 4 2 
11 3 5 1 4 2 6 
12 3 6 5 1 4 2 
13 3 6 5 1 4 2 7 
14 3 7 6 5 1 4 2 
15 3 7 6 5 1 4 2 8 
16 3 8 7 6 5 1 4 2 
17 3 8 7 6 5 1 4 2 9 
18 3 9 8 7 6 5 1 4 2 
19 3 9 8 7 6 5 1 4 2 10 
20 3 10 9 8 7 6 5 1 4 
21 3 4 10 9 8 7 6 1 5 
22 5 3 4 10 9 8 7 1 6 
23 6 5 3 4 10 9 8 1 7 
24 7 6 5 3 4 10 9 1 8 
25 8 7 6 5 3 4 10 1 9 
26 9 8 7 6 5 3 4 1 10 
27 10 9 8 7 6 5 3 4 
28 10 9 8 7 6 5 3 4 11 
29 10 9 8 7 6 5 3 12 4 11 
30 10 9 8 7 6 5 4 11 3 
31 10 9 8 7 6 5 3 4 
32 10 9 8 7 6 5 3 4 13 
33 10 9 8 7 6 5 3 14 4 13 
34 10 9 8 7 6 5 3 14 15 4 13 
35 10 9 8 7 6 5 4 13 3 
36 10 9 8 7 6 5 3 4 
37 10 9 8 7 6 5 3 4 16 
38 10 9 8 7 6 5 3 17 4 16 
39 10 9 8 7 6 5 3 17 18 4 16 
40 10 9 8 7 6 5 4 16 3 
41 10 9 8 7 6 5 3 4 
42 10 9 8 7 6 5 3 4 19 
43 10 9 8 7 6 5 3 20 4 19 
44 10 9 8 7 6 5 3 20 21 4 19 
45 10 9 8 7 6 5 4 19 3 
46 10 9 8 7 6 5 3 4 
47 10 9 8 7 6 5 3 4 22 
48 10 9 8 7 6 5 3 23 4 22 
49 10 9 8 7 6 5 3 23 24 4 22 
50 10 9 8 7 6 5 4 22 3 
51 10 9 8 7 6 5 3 4 
52 10 9 8 7 6 5 3 4 25 
53 10 9 8 7 6 5 3 26 4 25 
54 10 9 8 7 6 5 3 26 27 4 25 
55 10 9 8 7 6 5 4 25 3 
56 10 9 8 7 6 5 3 4 
57 10 9 8 7 6 5 3 4 28 
58 10 9 8 7 6 5 3 29 4 28 
59 10 9 8 7 6 5 3 29 30 4 28 
60 10 9 8 7 6 5 4 28 3 
61 10 9 8 7 6 5 3 4 
62 10 9 8 7 6 5 3 4 31 
63 10 9 8 7 6 5 3 32 4 31 
64 10 9 8 7 6 5 3 32 33 4 31 
65 10 9 8 7 6 5 31 3 
66 10 9 8 7 6 3 5 
67 10 9 8 7 6 3 5 34 
68 10 9 8 7 6 3 35 5 34 
69 10 9 8 7 6 3 35 36 5 34 
70 10 9 8 7 6 5 34 3 
71 10 9 8 7 6 3 5 
72 10 9 8 7 6 3 5 37 
73 10 9 8 7 6 3 38 5 37 
74 10 9 8 7 6 3 38 39 5 37 
75 10 9 8 7 6 5 37 3 
76 10 9 8 7 6 3 5 
77 10 9 8 7 6 3 5 40 
78 10 9 8 7 6 3 41 5 40 
79 10 9 8 7 6 3 41 42 5 40 
80 10 9 8 7 6 5 40 3 
81 10 9 8 7 6 3 5 
82 10 9 8 7 6 3 5 43 
83 10 9 8 7 6 3 44 5 43 
84 10 9 8 7 6 3 44 45 5 43 
85 10 9 8 7 6 43 3 
86 10 9 8 7 3 6 
87 10 9 8 7 3 6 46 
88 10 9 8 7 3 47 6 46 
89 10 9 8 7 3 47 48 6 46 
90 10 9 8 7 6 46 3 
91 10 9 8 7 3 6 
92 10 9 8 7 3 6 49 
93 10 9 8 7 3 50 6 49 
94 10 9 8 7 3 50 51 6 49 
95 10 9 8 7 6 49 3 
96 10 9 8 7 3 6 
97 10 9 8 7 3 6 52 
98 10 9 8 7 3 53 6 52 
99 10 9 8 7 3 53 54 6 52 
100 10 9 8 7 6 52 3 
101 10 9 8 7 3 6 
102 10 9 8 7 3 6 55 
103 10 9 8 7 3 56 6 55 
104 10 9 8 7 3 56 57 6 55 
105 10 9 8 7 6 55 3 
106 10 9 8 7 3 6 
107 10 9 8 7 3 6 58 
108 10 9 8 7 3 59 6 58 
109 10 9 8 7 3 59 60 6 58 
110 10 9 8 7 6 58 3 
111 10 9 8 7 3 6 
112 10 9 8 7 3 6 61 
113 10 9 8 7 3 62 6 61 
114 10 9 8 7 3 62 63 6 61 
115 10 9 8 7 6 61 3 
116 10 9 8 7 3 6 
117 10 9 8 7 3 6 64 
118 10 9 8 7 3 65 6 64 
119 10 9 8 7 3 65 66 6 64 
120 10 9 8 7 6 64 3 
121 10 9 8 7 3 6 
122 10 9 8 7 3 6 67 
123 10 9 8 7 3 68 6 67 
124 10 9 8 7 3 68 69 6 67 
125 10 9 8 7 6 67 3 
126 10 9 8 7 3 6 
127 10 9 8 7 3 6 70 
128 10 9 8 7 3 71 6 70 
129 10 9 8 7 3 71 72 6 70 
130 10 9 8 7 6 70 3 
131 10 9 8 7 3 6 
132 10 9 8 7 3 6 73 
133 10 9 8 7 3 74 6 73 
134 10 9 8 7 3 74 75 6 73 
135 10 9 8 7 6 73 3 
136 10 9 8 7 3 6 
137 10 9 8 7 3 6 76 
138 10 9 8 7 3 77 6 76 
139 10 9 8 7 3 77 78 6 76 
140 10 9 8 7 76 3 
141 10 9 8 3 7 
142 10 9 8 3 7 79 
143 10 9 8 3 80 7 79 
144 10 9 8 3 80 81 7 79 
145 10 9 8 79 3 
146 10 9 3 8 
147 10 9 3 8 82 
148 10 9 3 83 8 82 
149 10 9 3 83 84 8 82 
150 10 9 8 82 3 
151 10 9 3 8 
152 10 9 3 8 85 
153 10 9 3 86 8 85 
154 10 9 3 86 87 8 85 
155 10 9 8 85 3 
156 10 9 3 8 
157 10 9 3 8 88 
158 10 9 3 89 8 88 
159 10 9 3 89 90 8 88 
160 10 9 8 88 3 
161 10 9 3 8 
162 10 9 3 8 91 
163 10 9 3 92 8 91 
164 10 9 3 92 93 8 91 
165 10 9 91 3 
166 10 3 9 
167 10 3 9 94 
168 10 3 95 9 94 
169 10 3 95 96 9 94 
170 10 9 94 3 
171 10 3 9 
172 10 3 9 97 
173 10 3 98 9 97 
174 10 3 98 99 9 97 
175 10 9 97 3 
176 10 3 9 
177 10 3 9 100 
178 10 3 101 9 100 
179 10 3 101 102 9 100 
180 10 9 100 3 
181 10 3 9 
182 10 3 9 103 
183 10 3 104 9 103 
184 10 3 104 105 9 103 
185 10 9 103 3 
186 10 3 9 
187 10 3 9 106 
188 10 3 107 9 106 
189 10 3 107 108 9 106 
190 10 106 3 
191 3 10 
192 3 10 109 
193 3 110 10 109 
194 3 110 111 10 109 
195 10 109 3 
196 3 10 
197 3 10 112 
198 3 113 10 112 
199 3 113 114 10 112 
200 10 112 3 
201 3 10 
202 3 10 115 
203 3 116 10 115 
204 3 116 117 10 115 
205 10 115 3 
206 3 10 
207 3 10 118 
208 3 119 10 118 
209 3 119 120 10 118 
210 10 118 3 
211 3 10 
212 3 10 121 
213 3 122 10 121 
214 3 122 123 10 121 
215 10 121 3 
216 3 10 
217 3 10 124 
218 3 125 10 124 
219 3 125 126 10 124 
220 10 124 3 
221 3 10 
222 3 10 127 
223 3 128 10 127 
224 3 128 129 10 127 
225 127 3 
226 3 
227 
