2 1 
3 2 
4 1 
5 4 
6 1 
7 5 
8 3 6 
9 1 
10 7 
11 1 
12 8 
13 9 
14 1 
15 10 
16 11 
17 12 
18 3 13 
21 14 
22 14 
23 1 
24 15 
25 1 
26 16 
27 3 17 
28 1 
29 18 
30 1 
31 19 
32 20 
33 1 
34 21 
35 11 
36 22 
37 3 23 
40 24 
41 24 
42 1 
43 25 
44 1 
45 26 
46 3 27 
47 1 
48 28 
49 1 
50 29 
51 30 
52 1 
53 31 
54 11 
55 32 
56 3 33 
59 34 
60 34 
61 1 
62 35 
63 36 
64 1 
65 37 
66 38 
67 3 39 
68 1 
69 40 
70 41 
71 1 
72 42 
73 43 
74 3 44 
75 1 
76 45 
77 46 
78 1 
79 47 
80 48 
81 3 49 
82 3 
