1 1 
2 2 
3 3 
4 4 
5 5 
6 6 
7 7 
8 8 
9 9 
10 10 
11 11 
12 12 
15 13 
16 14 
17 15 
19 14 
20 16 
22 17 
23 18 
24 14 
25 19 
26 20 
27 21 
28 22 
29 23 
30 24 
31 25 
32 26 
33 15 
35 24 
36 27 
38 28 
39 29 
40 30 
41 18 
42 24 
43 31 
44 32 
45 33 
46 34 
47 35 
48 36 
49 37 
50 38 
51 39 
52 40 
53 41 
54 42 
55 15 
57 39 
58 43 
60 44 
61 45 
62 46 
63 47 
64 18 
65 39 
66 48 
67 49 
68 50 
69 51 
70 52 
71 53 
72 54 
73 55 
74 56 
75 57 
76 58 
77 59 
78 60 
79 61 
81 62 
83 63 
85 64 
86 65 
87 66 
88 67 
89 68 
90 69 
91 70 
92 71 
93 72 
94 73 
95 74 
97 75 
98 76 
99 77 
100 78 
101 79 
102 80 
103 81 
105 82 
107 83 
109 84 
113 85 
115 86 
117 87 
120 88 
121 89 
122 90 
123 91 
125 92 
126 93 
127 94 
128 95 
129 96 
130 97 
131 98 
133 99 
135 100 
137 101 
141 102 
143 103 
145 104 
149 105 
150 106 
151 107 
152 67 
153 108 
154 109 
155 70 
156 110 
157 111 
158 73 
159 112 
161 113 
163 114 
165 115 
169 116 
170 117 
171 118 
172 78 
173 119 
174 80 
175 120 
177 121 
179 122 
181 123 
184 124 
185 125 
186 90 
187 126 
189 127 
191 128 
193 129 
197 130 
198 131 
199 132 
200 95 
201 133 
202 97 
203 134 
205 135 
207 136 
209 137 
213 138 
218 139 
224 140 
225 141 
226 142 
228 143 
230 143 
