14 10 11 1 
17 5 
18 5 
19 17 
20 6 
21 10 11 1 
22 10 11 1 
23 19 2 
24 20 2 
25 10 11 9 
26 10 11 9 
27 21 
28 23 
29 22 
30 24 
32 6 
33 6 
34 21 4 25 7 
35 22 4 26 8 
36 1 
37 29 
38 1 
39 30 
40 3 
41 31 
42 32 10 
43 31 
44 33 
45 31 
46 10 31 
47 14 
48 27 
49 34 
50 28 
51 35 
52 27 
53 28 
55 18 38 
56 28 
57 27 
58 31 
59 39 
60 31 
61 36 37 40 
63 31 
64 36 37 41 
65 31 
67 31 
68 10 9 
69 42 
70 11 43 
71 31 
72 44 10 
73 10 1 
74 45 2 
75 10 1 
76 46 2 
77 31 
78 47 2 
80 11 
81 14 
82 11 
83 10 48 9 
84 11 
85 10 50 9 
86 49 
87 52 
88 51 
89 53 
91 1 
92 55 
93 10 9 
94 10 9 
95 56 
96 10 58 9 
97 1 
99 60 61 
100 21 49 
101 62 
102 1 
103 63 64 
104 65 
108 66 
110 21 49 
111 67 
112 59 57 
113 56 
114 69 70 
115 1 
116 71 72 
117 68 73 
118 74 
122 75 
123 54 
124 49 4 25 7 
125 51 4 26 8 
126 76 
127 78 
128 77 
129 79 
130 27 
131 80 
132 28 
133 81 
136 18 82 
137 3 
138 77 76 28 27 83 
141 18 84 
142 3 
143 76 77 27 28 85 
144 3 
145 4 86 
146 87 
147 3 
148 88 2 
149 14 
151 1 
152 89 
153 10 11 1 
155 18 91 
156 90 28 27 
159 18 92 
160 90 27 28 
161 4 90 
162 93 
163 10 11 1 
164 94 
165 90 2 
167 90 2 
168 90 
169 1 
170 95 
171 6 10 11 27 28 1 
172 96 
173 6 10 11 27 28 96 1 
174 97 
175 27 98 
176 99 
177 97 
178 28 101 
179 102 
180 96 100 103 2 
182 97 
183 27 105 
184 97 
185 28 107 
186 96 
187 109 
188 96 
189 111 
190 106 108 110 112 104 
191 104 
192 27 
193 28 
195 18 113 
196 28 
197 27 
198 10 11 1 
199 114 
200 49 
201 51 
202 22 
203 117 
207 2 18 9 10 11 115 116 118 1 
208 9 6 
209 12 21 22 119 27 28 18 1 
210 16 
211 4 49 51 
212 120 
213 16 15 9 10 11 49 51 1 
