3 1 
4 3 
5 1 
7 4 1 
9 1 
10 5 
11 1 
13 6 7 
14 1 
15 1 
17 1 
18 1 
19 8 
20 2 
21 10 
22 1 
23 12 
24 11 13 
25 14 
26 1 
27 16 
28 15 17 
29 18 
33 19 
34 9 
35 2 
36 21 
37 1 
38 23 
39 22 24 
40 25 
41 1 
42 27 
43 26 28 
44 29 
48 20 
49 30 
50 8 
51 2 
52 31 
53 1 
54 33 
55 32 34 
56 35 
57 9 
58 2 
59 36 
60 1 
61 38 
62 37 39 
63 40 
64 1 
66 1 
67 41 
68 42 
69 1 
70 44 
71 45 
72 43 46 1 
73 47 
74 47 
75 9 
76 1 
77 50 
78 47 
79 1 
80 53 
81 1 
82 55 
83 48 56 
84 54 57 
85 47 
87 8 
88 47 
89 1 
90 60 
91 47 
92 1 
93 61 
94 1 
95 63 
96 49 64 
97 62 65 
99 1 
100 66 
101 1 
102 67 
103 1 
104 68 
105 1 
106 70 
107 48 71 
108 69 72 
109 1 
110 73 
111 1 
112 75 
113 49 76 
114 74 77 
116 51 52 58 59 78 
117 78 1 
118 1 
119 1 
121 1 
122 79 
123 1 
124 81 
125 1 
127 80 1 
128 80 
129 1 
130 1 
132 2 
133 82 
134 1 
135 83 
136 2 
137 2 
138 84 85 1 
