14 10 11 9 
15 10 11 9 
18 9 
19 18 
20 9 
21 10 11 19 
22 9 
23 10 11 20 
24 6 
25 14 4 21 7 
26 6 
27 15 4 23 8 
28 14 16 
29 6 
30 25 4 26 7 
31 15 17 
32 6 
33 28 4 29 8 
34 6 
36 32 31 
37 33 
39 24 22 30 27 34 
40 34 
43 22 24 27 30 36 
44 36 
45 10 11 1 
46 37 2 
47 10 11 1 
48 38 2 
49 35 2 
50 27 22 
51 30 24 
52 1 
53 41 
54 42 39 
55 22 43 
56 1 
57 45 
58 46 40 
59 24 47 
60 1 
61 49 
62 50 39 
63 22 51 
64 1 
65 53 
66 54 40 
67 24 55 
69 39 
70 58 
71 40 39 
72 59 
73 60 
74 57 
75 61 
76 57 
77 63 
78 52 62 
79 56 64 
80 52 62 
81 56 64 
83 69 
85 31 70 
86 27 
87 30 
88 71 72 69 
89 67 
90 68 
91 73 74 69 
92 44 
93 48 
94 75 76 69 
95 65 
96 66 
97 77 78 69 
99 30 
100 27 
101 79 80 69 
102 68 
103 67 
104 81 82 69 
105 48 
106 44 
107 83 84 69 
108 66 
109 65 
110 85 86 69 
111 69 
112 69 2 
113 5 
114 5 
115 87 
116 88 
117 35 
118 88 89 9 10 11 1 
