1 1 
2 2 1 
3 1 2 
4 
5 1 2 3 
6 1 2 
7 
8 2 4 1 
9 2 1 5 4 
10 2 4 1 5 6 
11 2 4 1 
12 
13 2 1 7 4 
14 2 4 1 7 8 
15 2 4 1 9 
16 2 4 1 
17 
18 2 1 10 4 
19 2 4 1 10 11 
20 2 4 1 12 
21 2 4 1 
22 
23 2 1 13 4 
24 2 4 1 14 13 
25 2 4 1 15 
26 2 4 1 
27 
28 2 1 16 4 
29 2 4 1 17 16 
30 2 4 1 18 
31 2 4 1 
32 
33 2 1 19 4 
34 2 4 1 19 20 
35 2 4 1 21 
36 2 4 1 
37 
38 2 1 22 4 
39 2 4 1 23 22 
40 2 4 1 24 
41 2 4 1 
42 
43 2 1 25 4 
44 2 4 1 25 26 
45 2 4 1 27 
46 2 4 1 
47 
48 2 1 28 4 
49 2 4 1 28 29 
50 2 4 1 30 
51 2 4 1 
52 
53 2 1 31 4 
54 2 4 1 32 31 
55 2 4 1 33 
56 2 4 1 
57 
58 2 1 34 4 
59 2 4 1 34 35 
60 2 4 1 36 
61 2 4 1 
62 
63 2 1 37 4 
64 2 4 1 38 37 
65 2 4 1 39 
66 2 4 1 
67 
68 2 1 40 4 
69 2 4 1 41 40 
70 2 4 1 42 
71 2 4 1 
72 
73 2 1 43 4 
74 2 1 44 43 
75 2 1 45 
76 2 1 
77 
78 46 
79 
