1 1 
2 1 2 
3 3 1 2 
4 3 2 1 
5 3 2 1 4 
6 3 2 1 
7 3 1 5 2 
8 3 2 1 6 
9 3 2 6 1 
10 3 1 2 7 6 
11 3 1 2 7 8 
12 3 1 9 2 7 
13 3 1 
14 3 1 
15 3 2 6 1 10 
16 3 2 6 1 
17 3 2 1 6 11 
18 3 2 1 6 12 
19 3 2 6 1 12 
20 3 1 12 2 6 13 
21 3 6 1 12 2 14 
22 3 6 1 12 15 2 
23 3 2 6 1 12 16 
24 3 2 6 1 12 
25 3 2 1 6 12 
26 3 2 1 6 12 
27 3 2 1 6 17 
28 3 2 1 6 18 
29 3 6 2 1 
30 3 1 6 2 19 
31 3 1 
32 3 1 
33 3 1 2 20 
34 3 1 
35 3 1 
36 21 
37 21 
38 
39 3 1 
40 3 1 2 22 
41 3 1 2 
42 3 2 23 1 
43 3 2 1 6 
44 3 2 1 
45 24 
46 24 
47 
48 3 1 2 25 
49 3 1 
50 3 26 1 
51 1 3 26 27 
52 1 3 
53 1 3 28 
54 1 3 
55 1 
56 
57 
