1 1 
2 2 1 
3 3 2 1 
4 3 4 2 1 
5 3 4 2 1 
6 3 4 2 6 1 
7 3 4 7 2 6 1 
8 3 8 4 7 2 6 1 
9 3 8 4 7 9 2 6 1 
10 3 8 4 7 9 2 6 10 1 
11 3 8 4 7 9 2 6 10 11 1 
12 12 3 8 4 7 9 2 6 10 11 1 
13 12 3 8 13 4 7 9 2 6 10 11 1 
14 12 3 8 13 4 7 9 2 10 11 1 6 14 
15 12 3 8 13 4 7 9 2 10 11 1 6 
16 
17 15 12 3 8 13 4 7 6 9 2 10 11 1 
18 15 12 3 8 13 4 7 6 9 16 2 10 11 1 
19 15 1 12 3 8 13 4 7 6 10 11 9 17 16 2 
20 15 1 12 3 8 13 4 7 6 10 11 9 17 2 
21 2 15 1 12 3 8 13 4 7 6 10 11 9 
22 2 15 1 12 3 8 13 18 4 7 6 10 11 9 
23 2 9 15 10 11 1 12 3 8 13 19 18 4 7 6 
24 2 9 15 10 11 1 12 3 8 13 19 18 4 20 7 6 
25 2 9 15 10 11 1 12 6 3 21 8 13 19 18 4 20 7 
26 2 9 15 22 10 11 1 12 18 6 3 21 8 4 20 7 13 19 
27 2 9 19 15 22 10 11 1 12 18 6 3 21 8 4 20 7 13 23 
28 2 9 19 15 22 10 11 1 12 18 6 3 21 8 4 20 7 13 
29 2 9 19 15 22 10 11 1 12 18 6 3 21 8 4 20 7 13 24 
30 2 9 19 15 22 10 11 1 12 18 6 3 21 8 4 20 7 13 24 
31 2 9 19 15 22 10 11 1 12 18 6 3 21 8 4 20 7 13 24 
32 2 9 19 15 25 22 10 11 1 12 18 6 3 21 8 4 20 7 13 
33 2 9 19 15 25 22 10 11 1 13 12 18 6 3 21 8 4 20 7 
34 2 9 19 15 25 22 10 11 1 13 12 18 6 3 21 8 4 20 7 
35 13 12 18 19 6 2 22 1 3 25 15 21 8 4 20 7 11 10 26 9 
36 13 12 18 19 6 2 22 1 3 25 15 21 8 27 4 20 7 10 9 11 
37 11 13 12 18 19 6 2 22 1 3 25 15 21 8 27 4 20 7 10 28 9 
38 10 11 13 12 18 19 9 6 2 22 1 3 25 15 21 8 29 27 4 20 7 
39 10 11 13 12 18 19 9 6 2 30 22 4 1 3 25 15 21 8 29 
40 10 11 13 12 18 19 9 6 2 30 22 4 1 3 25 15 29 21 8 31 
41 10 11 13 12 18 19 9 6 2 30 22 4 1 3 25 15 29 21 8 
42 10 11 13 12 18 19 9 6 2 30 22 4 1 3 32 25 15 
43 10 11 13 12 18 19 9 6 2 30 22 4 1 3 32 25 15 
44 10 11 13 12 18 19 9 6 2 30 22 4 1 3 32 25 15 
45 10 11 13 12 18 19 9 6 2 30 22 4 1 3 32 25 15 33 
46 10 11 13 12 18 19 15 9 6 2 30 22 4 1 3 32 25 
47 10 11 13 12 18 19 15 9 6 2 32 30 25 22 4 1 3 34 
48 10 11 13 12 18 19 15 9 6 2 32 30 25 22 4 1 3 
49 10 11 13 3 12 18 19 15 9 6 2 35 32 30 25 22 4 1 
50 2 10 11 13 3 12 18 19 22 25 15 1 9 6 
51 2 10 11 13 3 12 18 19 22 25 15 1 9 6 
52 10 11 13 12 18 19 15 9 6 25 2 32 4 1 3 36 22 30 
53 10 11 13 12 18 19 15 9 6 22 25 2 32 4 1 3 30 36 37 
54 10 11 13 12 18 19 15 9 6 22 25 2 32 4 1 3 30 38 
55 10 11 13 12 18 19 15 9 6 22 25 2 32 30 39 4 1 3 
56 10 11 13 12 18 19 15 9 6 22 25 3 2 40 32 30 39 4 1 
57 10 11 13 12 18 19 15 9 6 22 2 32 39 25 4 1 3 
58 10 11 13 12 18 19 15 9 6 22 3 2 41 32 39 25 4 1 
59 10 11 13 12 18 19 15 9 6 2 25 39 22 4 1 3 
60 10 11 13 3 12 18 19 15 9 6 2 42 25 39 22 4 1 
61 2 10 11 13 3 12 18 19 22 25 15 1 9 6 
62 2 10 11 13 3 12 18 19 22 25 15 1 9 6 
63 2 10 11 13 3 12 18 19 22 25 1 9 6 30 4 32 15 43 
64 2 10 11 13 3 12 18 19 22 25 15 1 9 6 30 4 32 
65 10 11 13 12 18 19 15 9 6 2 30 32 22 25 4 1 3 44 
66 10 11 13 12 18 19 15 9 6 2 30 32 22 25 4 1 3 
67 10 11 13 3 12 18 19 15 9 6 2 45 30 32 22 25 4 1 
68 2 10 11 13 3 12 18 19 22 25 15 1 9 6 
69 2 10 11 13 3 12 18 19 22 25 15 1 9 6 
70 10 11 13 12 18 19 15 9 6 25 2 32 4 1 3 46 22 30 
71 10 11 13 12 18 19 15 9 6 22 25 2 32 4 1 3 30 46 47 
72 10 11 13 12 18 19 15 9 6 22 25 2 32 4 1 3 30 48 
73 10 11 13 12 18 19 15 9 6 22 25 2 30 32 39 4 1 3 
74 10 11 13 12 18 19 15 9 6 22 25 3 2 49 30 32 39 4 1 
75 10 11 13 12 18 19 15 9 6 22 2 39 32 25 4 1 3 
76 10 11 13 12 18 19 15 9 6 22 3 2 50 39 32 25 4 1 
77 10 11 13 12 18 19 15 9 6 2 39 25 22 4 1 3 
78 10 11 13 3 12 18 19 15 9 6 2 51 39 25 22 4 1 
79 2 10 11 13 3 12 18 19 22 25 15 1 9 6 
80 2 9 10 11 13 3 12 18 19 52 22 25 15 1 
81 2 9 19 15 25 22 10 11 1 13 3 
82 2 9 19 15 25 22 10 11 1 13 53 
83 2 9 19 15 25 22 10 11 1 13 53 
84 2 19 13 53 9 10 11 25 22 1 15 54 
85 2 19 15 13 53 9 10 11 25 22 1 
86 2 9 19 15 25 22 10 11 1 13 
87 2 9 19 15 25 22 10 11 1 13 
88 2 9 19 15 25 22 10 11 1 13 
89 2 9 19 15 25 22 10 11 1 
90 2 9 10 11 1 19 15 25 22 55 
91 2 9 10 11 1 19 15 25 22 
92 2 9 10 11 1 19 27 22 15 25 
93 2 9 10 11 1 19 29 27 22 25 15 
94 2 9 10 11 1 19 29 27 22 25 15 56 
95 2 15 9 10 11 1 19 29 27 22 25 
96 2 15 9 10 11 1 19 27 22 
97 2 15 9 10 11 1 19 29 27 
98 2 15 9 10 11 57 1 19 29 
99 2 15 9 10 11 57 58 1 19 
100 2 15 9 10 11 57 58 1 59 
101 2 15 9 10 11 57 58 1 
102 2 15 9 10 11 57 58 60 1 
103 2 15 9 10 11 57 58 60 1 
104 2 15 9 10 11 57 58 60 1 
105 
106 
