1 1 
2 2 1 
3 1 2 3 
4 1 2 4 
5 1 5 
6 6 1 
7 1 6 7 
8 1 6 8 
9 1 5 
10 9 1 
11 1 9 10 
12 1 9 11 
13 1 5 
14 12 1 
15 1 12 13 
16 1 12 14 
17 1 5 
18 15 1 
19 1 15 16 
20 1 15 17 
21 1 5 
22 18 1 
23 1 18 19 
24 1 18 20 
25 1 5 
26 21 1 
27 1 21 22 
28 1 21 23 
29 1 5 
30 24 1 
31 1 24 25 
32 1 24 26 
33 1 5 
34 27 1 
35 1 27 28 
36 1 27 29 
37 1 5 
38 30 1 
39 1 30 31 
40 1 30 32 
41 1 5 
42 33 1 
43 1 33 34 
44 1 33 35 
45 1 5 
46 36 1 
47 1 36 37 
48 1 36 
49 1 36 38 
50 1 36 38 
51 1 36 38 
52 1 5 
53 39 1 
54 1 39 40 
55 1 39 41 
56 1 5 
57 42 1 
58 1 42 43 
59 1 42 44 
60 1 5 
61 45 1 
62 1 45 46 
63 1 45 
64 1 45 47 
65 1 45 47 
66 1 45 47 
67 1 5 
68 48 1 
69 1 48 49 
70 1 48 50 
71 1 5 
72 51 1 
73 1 51 52 
74 1 51 53 
75 1 5 
76 54 1 
77 1 54 55 
78 1 54 
79 1 54 56 
80 1 54 56 
81 1 54 56 
82 1 5 
83 57 1 
84 1 57 58 
85 1 57 59 
86 1 5 
87 60 1 
88 1 60 61 
89 1 60 62 
90 1 5 
91 63 1 
92 1 63 64 
93 1 63 
94 1 63 65 
95 1 63 65 
96 1 63 65 
97 1 5 
98 66 1 
99 1 66 67 
100 1 66 68 
101 1 5 
102 69 1 
103 1 69 70 
104 1 69 71 
105 1 5 
106 72 1 
107 1 72 73 
108 1 72 
109 1 72 74 
110 1 72 74 
111 1 72 74 
112 1 5 
113 75 1 
114 1 75 76 
115 1 75 77 
116 1 5 
117 78 1 
118 1 78 79 
119 1 78 80 
120 1 5 
121 81 1 
122 1 81 82 
123 1 81 
124 1 81 83 
125 1 81 83 
126 1 81 83 
127 1 5 
128 84 1 
129 1 84 85 
130 1 84 86 
131 1 5 
132 87 1 
133 1 87 88 
134 1 87 89 
135 1 5 
136 90 1 
137 1 90 91 
138 1 90 
139 1 90 92 
140 1 90 92 
141 1 90 92 
142 1 5 
143 93 1 
144 93 1 94 
145 93 95 1 
146 1 93 95 96 
147 1 93 95 97 
148 1 93 95 98 
149 1 93 99 
150 1 93 100 
151 1 5 
152 101 1 
153 1 101 102 
154 1 101 103 
155 1 5 
156 104 1 
157 1 104 105 
158 1 104 106 
159 1 5 
160 107 1 
161 1 107 108 
162 1 107 
163 1 107 109 
164 1 107 109 
165 1 107 109 
166 1 5 
167 110 1 
168 1 110 111 
169 1 110 
170 1 110 112 
171 1 110 112 
172 1 110 112 
173 1 5 
174 113 1 
175 113 1 114 
176 113 115 1 
177 1 113 115 116 
178 1 113 115 117 
179 1 113 115 118 
180 1 113 119 
181 1 113 120 
182 1 5 
183 121 1 
184 1 121 122 
185 1 121 123 
186 1 5 
187 124 1 
188 1 124 125 
189 1 124 126 
190 1 5 
191 127 1 
192 1 127 128 
193 1 127 
194 1 127 129 
195 1 127 129 
196 1 127 129 
197 1 5 
198 130 1 
199 1 130 131 
200 1 130 132 
201 1 5 
202 133 1 
203 1 133 134 
204 1 133 135 
205 1 5 
206 136 1 
207 1 136 137 
208 1 136 138 
209 1 5 
210 139 1 
211 1 139 140 
212 1 139 141 
213 1 5 
214 142 1 
215 1 142 143 
216 1 142 144 
217 1 5 
218 145 1 
219 1 145 146 
220 1 145 147 
221 1 5 
222 148 1 
223 1 148 149 
224 1 148 150 
225 1 5 
226 151 1 
227 1 151 152 
228 1 5 
229 153 1 
230 1 153 154 
231 1 153 155 
232 1 5 
233 156 1 
234 156 157 
235 156 158 
236 5 
237 
