1 
2 2 
3 2 3 
4 2 3 4 
5 2 5 3 4 
6 2 6 5 3 4 
7 2 6 7 5 3 4 
8 2 8 6 7 5 3 4 
9 2 8 6 7 5 3 4 9 
10 2 8 6 7 5 4 3 9 
11 9 10 2 8 6 7 5 4 3 
12 9 10 2 8 6 11 7 5 4 3 
13 9 10 2 8 6 11 7 12 5 4 
14 9 10 2 8 13 6 11 7 12 5 
15 9 10 2 8 13 6 14 11 7 12 5 
16 9 10 2 15 8 13 6 14 11 7 12 5 
17 9 10 2 15 8 13 6 5 14 11 7 12 16 
18 9 10 2 15 8 13 6 12 5 14 11 7 17 
19 9 10 2 15 8 13 6 12 5 14 11 7 
20 9 10 2 15 8 13 6 5 12 18 
21 9 10 2 14 15 8 13 6 5 
22 9 10 2 14 12 15 8 13 6 
23 9 10 2 14 12 15 11 8 13 6 
24 9 10 2 14 12 15 11 8 13 6 
25 9 10 2 14 15 11 8 13 6 7 12 19 
26 9 10 2 14 12 15 11 8 13 6 7 20 
27 9 10 2 14 12 15 11 8 13 6 7 
28 9 10 2 15 8 13 6 7 12 21 
29 9 10 2 14 15 8 13 6 7 
30 9 10 2 14 12 15 8 13 6 
31 9 10 2 14 12 15 11 8 13 6 
32 9 10 2 14 12 6 15 11 8 13 22 
33 9 10 2 14 12 13 6 15 11 8 23 
34 9 10 2 14 12 13 6 15 11 8 
35 9 10 2 14 12 6 13 24 
36 9 10 2 14 15 12 6 
37 9 10 2 14 15 12 13 
38 9 10 2 14 15 11 12 13 
39 9 10 2 14 15 11 12 13 
40 9 10 2 14 15 11 12 8 13 25 
41 9 10 2 14 15 11 12 13 8 26 
42 9 10 2 14 15 11 12 13 8 
43 9 10 2 14 12 8 13 27 
44 9 10 2 14 15 12 8 
45 9 10 2 14 15 12 13 
46 9 10 2 14 15 11 12 13 
47 9 10 2 14 15 11 12 13 28 
48 9 10 28 2 14 15 11 
49 9 10 28 2 14 15 
50 9 28 2 29 10 
51 9 10 28 2 
52 9 10 
53 9 
54 
