1 1 
2 1 2 
3 3 1 
4 3 1 4 
5 3 1 
6 1 3 5 
7 1 3 6 
8 1 3 7 
9 3 1 
10 3 1 8 
11 3 1 
12 1 3 9 
13 1 3 10 
14 1 3 11 
15 3 1 
16 3 1 12 
17 3 1 
18 1 3 13 
19 1 3 14 
20 1 3 15 
21 3 1 
22 3 1 16 
23 3 1 
24 1 3 17 
25 1 3 18 
26 1 3 19 
27 3 1 
28 3 1 20 
29 3 1 
30 1 3 21 
31 1 3 22 
32 1 3 23 
33 3 1 
34 3 1 24 
35 3 1 
36 1 3 25 
37 1 3 26 
38 1 3 27 
39 3 1 
40 3 1 28 
41 3 1 
42 1 3 29 
43 1 3 30 
44 1 3 31 
45 3 1 
46 3 1 32 
47 3 1 
48 1 3 33 
49 1 3 34 
50 1 3 35 
51 3 1 
52 3 1 36 
53 3 1 
54 1 3 37 
55 1 3 38 
56 3 1 
57 3 1 39 
58 3 1 
59 1 3 40 
60 1 3 41 
61 1 3 42 
62 3 1 
63 3 1 43 
64 3 1 
65 3 44 1 
66 1 3 45 44 
67 1 3 44 
68 3 1 
69 3 1 46 
70 3 1 
71 1 3 47 
72 1 3 48 
73 1 3 49 
74 3 1 
75 3 1 50 
76 3 1 
77 3 51 1 
78 1 3 52 51 
79 1 3 51 
80 3 1 
81 3 1 53 
82 3 1 
83 3 54 1 
84 1 3 55 54 
85 1 3 54 
86 3 1 
87 3 1 56 
88 3 1 
89 1 3 57 
90 1 3 58 
91 1 3 59 
92 3 1 
93 3 1 60 
94 3 1 
95 1 3 61 
96 1 3 62 
97 1 3 63 
98 3 1 
99 3 1 64 
100 3 1 
101 3 65 1 
102 1 3 66 65 
103 1 3 65 
104 3 1 
105 3 1 67 
106 3 1 
107 3 68 
108 3 69 
109 3 70 
110 3 
111 3 71 
112 3 71 
113 3 
114 3 
115 
