9 1 
10 9 
11 10 
13 3 
14 3 
15 12 11 
16 3 
17 14 11 
19 16 
20 1 
21 17 
22 18 4 13 5 
23 1 
24 20 
25 21 4 15 6 
27 11 23 
28 22 
29 19 
30 24 25 16 
32 1 
33 27 
34 26 28 
35 1 
36 29 26 
37 30 4 13 5 
38 1 
39 26 
40 31 32 
41 33 4 15 6 
42 22 
43 19 
44 34 35 16 
45 26 
47 16 
50 11 36 
51 19 
52 22 
53 37 38 16 
55 1 
56 39 
57 26 40 
58 1 
59 41 26 
60 42 4 13 5 
61 1 
62 26 
63 43 44 
64 45 4 15 6 
65 19 
66 22 
67 46 47 16 
68 26 
70 16 
71 1 
72 48 
73 1 
74 49 2 
75 16 2 
76 1 
77 50 
78 1 
79 51 
80 1 
81 52 2 
82 1 
83 53 2 
84 16 2 
85 1 
86 1 
87 8 16 7 54 55 1 
