1 1 
2 2 1 
3 3 2 1 
4 3 2 4 1 
5 5 3 2 4 1 
6 5 6 1 3 4 2 
7 5 6 1 3 2 7 
8 5 6 1 3 2 7 
9 5 6 8 1 3 2 7 
10 5 7 9 6 8 1 3 2 
11 5 7 9 6 8 1 3 10 2 
12 5 7 9 6 8 1 3 10 11 
13 5 7 9 6 8 1 3 10 11 12 
14 5 7 9 6 8 1 3 10 11 
15 5 7 9 6 8 10 1 
16 5 7 9 6 8 10 1 
17 5 7 9 6 8 10 1 3 11 13 
18 5 7 9 6 8 10 1 3 
19 5 7 9 6 8 10 1 
20 5 7 9 6 8 10 14 
21 5 15 7 9 10 6 8 
22 5 15 7 9 10 16 6 8 
23 5 15 7 9 8 10 16 6 
24 5 15 7 9 8 10 16 6 
25 5 15 7 9 8 10 16 6 17 
26 5 15 7 9 8 10 16 18 6 
27 5 15 7 9 8 10 16 18 19 
28 5 15 7 9 8 10 20 16 
29 5 15 7 9 8 10 21 
30 5 15 22 7 9 8 
31 5 15 22 7 23 
32 5 15 22 7 
33 5 15 22 24 
34 5 15 22 25 
35 5 26 15 
36 27 5 
37 
38 
39 28 5 
40 
41 
