1 1 
2 1 2 
3 1 3 2 
4 1 3 4 2 
5 5 1 3 4 2 
6 5 6 1 3 4 2 
7 5 6 1 3 2 7 
8 5 6 7 1 3 2 
9 5 6 7 1 3 8 
10 5 6 7 1 3 9 8 
11 5 6 7 1 3 9 8 10 
12 5 6 7 1 3 9 8 
13 5 6 7 9 1 
14 5 6 7 9 1 
15 5 6 7 9 1 3 8 11 
16 5 6 7 9 1 3 
17 5 6 7 9 1 
18 5 6 7 9 12 
19 5 13 9 6 7 
20 5 13 9 6 14 
21 5 13 9 15 6 14 
22 5 13 14 9 15 6 
23 5 13 14 9 15 6 
24 5 13 14 9 15 6 16 
25 5 13 14 9 15 17 6 
26 5 13 14 9 15 17 18 
27 5 13 14 9 19 15 
28 5 13 14 9 20 
29 5 13 21 14 
30 5 13 21 14 
31 5 13 21 22 
32 5 23 13 
33 24 5 
34 
35 
36 25 5 
37 
38 
