3 2 1 
5 2 
6 3 
8 2 
9 1 
10 4 
11 5 6 
13 1 
14 4 
15 7 8 
17 1 
18 4 
19 10 9 
20 11 
22 1 
23 4 
24 12 13 
25 14 
27 1 
28 4 
29 15 16 
30 17 
32 1 
33 4 
34 18 19 
36 1 
37 4 
38 20 21 
39 22 
41 1 
42 4 
43 23 24 
45 1 
46 4 
47 25 26 
48 27 
50 1 
51 4 
52 28 29 
53 30 
55 1 
56 4 
57 31 32 
59 1 
60 4 
61 34 33 
62 35 
64 1 
65 4 
66 36 37 
67 38 
69 1 
70 39 
74 4 
75 40 41 
77 1 
78 4 
79 42 43 
80 44 
82 1 
83 4 
84 46 45 
85 47 
87 1 
88 4 
89 48 49 
90 50 
92 1 
93 4 
94 51 52 
95 53 
97 1 
98 4 
99 54 55 
100 56 
