8 4 1 
9 8 
10 9 
12 4 1 
13 4 1 
14 10 
15 11 
17 4 1 
18 12 
19 1 
20 12 
22 2 3 1 8 5 12 
23 12 
24 1 
26 15 16 
28 17 14 
29 8 
30 18 
31 19 
33 19 8 
34 21 
35 22 
37 13 
38 23 
39 10 
40 10 
41 8 19 24 25 
42 26 
43 27 
44 28 
45 26 
46 29 
47 30 22 
48 8 19 20 22 17 14 13 
49 20 
50 31 22 
51 2 13 3 5 1 10 11 8 19 31 6 17 12 
52 31 
54 8 19 20 22 17 14 13 
55 19 
57 17 
61 17 14 
62 8 
64 19 18 
66 19 8 
67 32 
68 13 
69 33 
70 10 
71 10 
72 8 19 34 35 
73 26 
74 36 
75 37 
76 26 
77 38 
78 39 22 
79 8 19 20 22 17 14 13 
80 20 
81 31 22 
82 2 13 3 5 1 10 11 8 19 31 6 17 12 
83 31 
85 8 19 20 22 17 14 13 
86 19 
88 17 
90 7 
