1 1 
2 2 1 
3 2 3 1 
4 2 3 1 
5 2 3 1 
6 6 2 3 1 
7 6 2 1 3 7 
8 6 2 3 1 
9 6 2 3 1 
10 2 3 6 1 
11 2 3 1 6 8 
12 2 3 1 6 9 
13 2 3 1 6 
14 
15 
16 2 6 3 1 10 
17 2 6 3 1 10 11 
18 2 6 3 1 
19 2 6 3 1 12 
20 2 6 3 1 13 
21 2 6 3 1 13 
22 2 6 3 1 14 
23 2 6 3 1 13 
24 2 6 3 1 13 15 
25 2 6 3 1 13 16 
26 2 6 3 1 13 17 
27 2 6 3 1 18 13 
28 2 6 13 3 1 19 18 
29 2 6 13 3 1 18 19 20 
30 2 6 13 3 1 18 21 
31 2 6 13 3 1 18 22 
32 2 6 13 3 1 18 23 
33 2 6 13 23 18 3 1 
34 2 6 13 23 18 1 24 3 
35 2 6 13 23 18 3 1 24 25 
36 2 6 13 23 18 3 1 26 
37 2 6 13 23 18 3 1 
38 2 6 13 3 1 27 23 
39 2 6 13 18 3 1 27 
40 2 6 13 23 18 3 1 
41 2 6 1 13 23 18 3 
42 2 6 1 13 23 18 3 28 
43 2 6 1 27 13 23 18 3 
44 2 6 1 27 13 23 18 3 29 
45 2 6 1 30 27 13 23 18 3 
46 2 6 1 30 27 13 23 3 18 31 
47 2 6 1 30 27 13 23 3 32 18 
48 2 6 1 30 33 27 13 18 23 3 
49 2 6 1 30 33 27 13 18 23 34 
50 2 6 1 30 33 27 13 18 35 23 
51 2 6 1 30 36 33 27 13 23 18 
52 2 6 1 30 36 37 33 27 13 23 18 
53 2 6 1 30 36 37 33 38 27 13 23 18 
54 23 18 2 6 1 30 36 37 33 38 27 39 13 
55 40 23 18 2 6 1 30 36 37 33 38 27 13 
56 40 23 18 2 6 1 30 36 37 33 38 27 41 13 
57 40 23 18 2 6 1 30 36 37 33 38 27 41 13 42 
58 40 23 18 2 6 1 42 30 36 37 33 38 27 41 13 
59 40 23 18 2 6 1 42 30 36 37 33 38 27 41 43 13 
60 13 40 23 18 2 6 43 1 42 30 36 37 33 38 27 41 
61 27 41 13 40 23 18 2 6 43 1 42 30 36 37 44 33 38 
62 27 41 13 40 23 18 38 2 6 43 1 33 42 30 36 37 44 45 
63 27 41 13 40 23 18 38 2 6 43 1 46 33 42 30 36 37 
64 37 27 41 13 40 23 18 38 2 6 43 1 46 33 36 42 30 47 
65 30 37 27 41 13 40 23 18 38 2 6 43 1 46 48 33 36 42 
66 30 36 37 33 27 41 13 40 23 18 38 2 42 6 43 1 
67 30 36 37 33 27 41 13 40 23 18 38 2 42 6 43 1 49 
68 30 36 37 33 27 41 13 40 23 18 38 2 42 6 43 1 49 50 
69 30 36 37 33 27 41 13 40 23 18 38 2 42 6 43 1 
70 30 36 37 33 27 41 13 40 23 18 38 2 42 6 1 43 51 
71 30 36 37 33 27 41 13 40 23 18 38 2 42 6 43 1 52 
72 30 36 37 33 27 41 13 40 23 18 38 2 42 6 43 53 1 
73 30 36 37 33 27 41 13 40 23 18 38 2 42 6 43 53 1 
74 30 36 37 33 27 41 13 40 23 18 38 2 42 6 1 43 54 
75 30 36 37 33 27 41 13 40 23 18 38 2 42 6 43 1 55 
76 30 36 37 33 27 41 13 40 23 18 38 2 42 6 43 53 1 
77 30 36 37 33 27 41 13 40 23 18 38 2 42 6 43 1 53 56 
78 30 36 37 33 27 41 13 40 23 18 38 2 42 6 43 1 
79 30 36 37 33 27 41 13 40 23 18 38 2 42 6 43 57 1 
80 30 36 37 33 27 41 13 40 23 18 38 2 42 6 58 43 57 1 
81 30 36 37 33 27 41 13 40 23 18 38 2 42 6 1 58 59 43 57 
82 30 36 37 33 27 41 13 40 23 18 38 2 42 6 43 57 1 
83 30 36 37 33 27 41 13 40 23 18 38 2 42 6 43 57 1 60 
84 30 36 37 33 27 41 13 40 23 18 38 2 42 6 43 57 1 61 
85 30 36 37 33 27 41 13 40 23 18 38 2 42 6 43 57 1 
86 30 36 37 33 27 41 13 40 23 18 38 2 42 6 43 57 62 1 
87 30 36 37 33 27 41 13 40 23 18 38 2 42 6 43 1 57 62 63 
88 30 36 37 33 27 41 13 40 23 18 38 2 42 6 43 64 1 
89 30 36 37 33 27 41 13 40 23 18 38 2 42 6 43 64 1 
90 30 36 37 33 27 41 13 40 23 18 38 2 42 6 43 64 1 
91 30 36 37 33 27 41 13 40 23 18 38 2 42 1 6 43 64 65 
92 30 36 37 33 27 41 13 40 23 18 38 2 42 1 6 43 64 66 
93 30 36 37 33 27 41 13 40 23 18 38 2 42 1 6 43 64 67 
94 30 36 37 33 27 41 13 40 23 18 38 2 42 1 6 64 43 67 
95 30 36 37 33 27 41 13 43 40 23 18 38 2 42 1 6 67 64 
96 30 36 37 33 27 41 13 43 40 23 18 38 2 42 1 6 67 68 64 
97 30 36 37 33 27 41 13 43 40 23 18 38 2 42 1 6 67 64 68 69 
98 30 36 37 33 27 41 13 43 40 23 18 38 2 42 1 6 67 68 64 
99 30 36 37 33 27 41 13 43 40 23 18 38 2 42 6 64 68 67 70 1 
100 30 36 37 33 27 41 13 43 40 23 18 38 2 42 6 64 68 67 1 71 70 
101 30 36 37 33 27 41 13 43 40 23 18 38 2 42 6 64 68 70 67 1 72 
102 30 36 37 33 27 41 13 43 40 23 18 38 2 42 6 64 68 70 67 1 
103 30 36 37 33 27 41 13 43 40 23 18 38 2 42 1 6 64 68 70 73 67 
104 30 36 37 33 27 41 13 43 40 23 18 38 2 42 1 6 64 68 70 73 67 
105 30 36 37 33 27 41 13 43 40 23 18 38 2 42 1 6 64 68 67 70 74 
106 30 36 37 33 27 41 13 43 40 23 18 38 2 42 1 6 64 68 70 67 75 
107 30 36 37 33 27 41 13 43 40 23 18 38 2 42 1 6 64 68 70 73 67 
108 30 36 37 33 27 41 13 43 40 23 18 38 2 42 1 6 67 64 68 
109 30 36 37 33 27 41 13 43 40 23 18 38 2 42 1 6 67 68 64 
110 30 36 37 33 27 41 13 43 40 23 18 38 2 42 1 6 67 68 64 
111 30 36 37 33 27 41 13 43 40 23 18 38 2 42 76 1 6 
112 30 36 37 33 27 41 13 43 40 23 18 38 6 2 42 76 1 
113 30 36 37 33 27 41 13 43 40 23 18 38 6 2 42 1 77 
114 30 36 37 33 27 41 13 43 40 23 18 38 6 2 42 1 77 
115 30 36 37 33 27 41 13 43 40 23 18 38 6 2 42 76 1 
116 1 30 36 37 33 27 41 13 43 40 23 18 38 6 2 42 76 78 
117 76 2 1 42 30 36 37 33 27 41 13 43 40 23 18 38 6 
118 2 1 42 30 36 37 33 27 41 13 43 40 23 18 38 6 76 
119 2 1 42 30 36 37 33 27 41 13 43 40 23 18 38 6 76 79 
120 2 1 42 30 36 37 33 27 41 13 43 40 23 18 38 6 76 
121 2 1 42 30 36 37 33 27 41 13 43 40 23 18 38 76 6 
122 80 
123 80 
124 
125 2 1 42 30 36 37 33 27 41 13 43 40 23 18 38 6 76 81 
126 2 1 42 30 36 37 33 27 41 13 43 40 23 18 38 6 82 76 
127 2 1 42 30 36 37 33 27 41 13 43 40 23 18 38 6 76 83 82 
128 2 1 42 30 36 37 33 27 41 13 43 40 23 18 38 6 76 
129 2 1 42 30 36 37 33 27 41 13 43 40 23 18 38 84 6 
130 2 6 1 42 30 36 37 33 27 41 13 43 40 23 18 38 
131 2 6 1 42 30 36 37 33 27 41 13 43 40 23 38 18 
132 40 23 18 2 6 1 42 30 36 37 33 38 27 41 13 43 
133 40 18 2 6 1 42 30 36 33 38 27 41 13 43 23 37 
134 40 18 2 6 1 42 30 36 33 38 27 41 13 43 37 23 
135 40 23 18 2 6 1 42 30 36 33 38 27 41 13 43 37 85 
136 40 23 18 2 6 1 42 30 36 37 33 38 27 41 13 43 
137 40 23 18 2 6 1 42 30 36 37 33 38 27 41 13 43 
138 40 23 18 2 6 1 42 30 36 37 33 38 27 13 43 86 
139 40 23 18 2 6 1 42 30 36 37 33 38 27 41 13 43 
140 40 23 18 2 6 1 42 30 36 37 33 38 27 41 43 13 
141 40 23 18 2 6 1 42 30 36 37 33 38 27 41 43 13 
142 
