1 1 
2 2 1 
3 2 1 
4 2 4 1 
5 5 2 4 1 
6 5 2 4 6 1 
7 5 2 7 4 6 1 
8 5 2 7 4 8 6 1 
9 5 2 7 4 8 6 1 9 
10 5 2 7 4 8 6 10 1 9 
11 5 2 7 4 8 6 10 11 1 9 
12 5 2 7 4 8 6 10 11 1 9 
13 5 2 13 7 4 8 6 10 11 1 9 
14 5 2 13 9 7 4 8 6 10 11 14 1 
15 5 2 13 9 1 7 4 8 6 10 11 14 15 
16 5 2 13 9 1 7 4 8 6 10 11 14 
17 5 2 13 9 1 7 4 8 6 16 10 11 14 
18 5 2 13 9 1 7 10 11 14 4 8 6 17 16 
19 5 2 13 9 1 7 10 11 14 4 8 6 17 16 
20 5 2 13 9 1 7 4 8 6 16 10 11 14 
21 5 2 13 9 1 7 10 11 14 4 8 6 17 16 
22 5 2 13 9 1 7 10 11 14 16 4 8 6 17 18 
23 5 2 13 9 1 7 10 11 14 16 4 8 6 17 
24 5 2 13 9 1 7 10 11 14 17 16 4 8 6 19 
25 5 2 13 9 1 7 10 11 14 17 16 4 8 6 
26 
27 5 2 13 9 1 7 10 11 14 17 6 16 4 20 8 
28 5 2 13 9 21 1 7 10 11 14 17 4 8 6 
29 5 2 13 9 21 1 7 10 11 14 6 17 4 22 8 
30 5 2 13 8 17 9 21 23 1 4 7 10 11 14 6 
31 5 2 13 8 17 9 6 21 23 1 4 24 7 10 11 14 
32 5 2 13 8 17 9 6 21 23 1 10 11 14 25 4 24 7 
33 5 2 13 8 17 9 6 21 23 1 26 4 24 7 10 11 14 
34 5 2 11 13 8 17 10 9 6 21 23 1 26 27 4 24 7 
35 5 2 11 13 8 17 10 9 6 21 23 1 28 26 
36 5 2 11 13 8 17 10 29 9 6 21 23 1 26 
37 5 2 11 13 8 17 30 10 29 9 6 21 23 26 1 
38 5 2 11 13 8 17 30 10 29 9 6 21 23 1 26 31 
39 5 2 11 13 8 17 30 10 29 9 6 21 23 1 26 
40 5 2 11 13 8 17 10 29 9 6 21 23 1 26 32 
41 5 2 11 13 8 17 30 10 29 9 6 21 23 1 
42 5 2 11 1 13 8 17 30 10 29 9 6 21 23 33 
43 5 2 11 1 13 8 17 30 10 29 9 6 21 23 34 
44 5 2 11 1 13 8 17 30 10 29 9 6 21 23 
45 5 2 11 1 13 8 17 10 9 6 21 23 30 29 35 
46 5 2 11 1 13 8 17 10 9 6 21 23 30 29 36 
47 5 2 11 1 13 8 17 10 29 9 6 21 23 30 36 
48 5 2 11 1 13 8 17 10 29 9 6 21 23 30 37 
49 5 2 11 1 13 8 17 30 10 29 9 6 21 23 
50 5 2 11 1 13 8 17 21 23 30 10 29 9 6 38 
51 5 2 11 1 13 8 17 36 21 23 30 10 29 9 6 
52 5 6 2 11 1 13 8 17 36 21 23 30 10 39 29 9 
53 9 5 6 2 11 1 13 8 17 36 21 23 30 10 39 29 40 
54 9 5 6 2 11 1 13 8 17 36 21 23 30 10 39 29 41 
55 9 5 6 2 11 1 13 8 17 36 21 23 30 42 10 39 
56 9 5 6 2 11 1 13 8 17 36 21 23 30 42 10 39 43 
57 9 5 6 2 11 1 13 8 17 36 21 23 30 42 10 39 
58 9 5 6 2 10 11 1 13 39 8 17 36 21 23 30 42 44 
59 9 5 6 2 10 11 1 13 39 8 17 36 21 23 42 30 45 
60 9 5 6 2 10 11 1 13 39 8 17 36 21 23 46 42 
61 9 5 6 2 10 11 1 13 39 8 17 36 46 47 21 23 
62 9 5 6 2 10 11 1 13 39 8 17 48 36 46 47 
63 9 5 6 2 10 11 1 13 39 8 17 48 49 36 47 46 
64 9 5 6 2 10 11 1 13 39 8 17 48 49 36 50 
65 9 5 6 2 10 11 1 13 39 8 17 48 49 36 51 
66 9 5 6 2 10 11 1 13 39 8 17 48 49 36 51 52 
67 9 5 6 2 10 11 1 13 39 8 17 52 
68 9 5 6 2 10 11 53 1 13 39 8 17 
69 9 5 6 2 10 11 53 1 13 39 8 17 
70 9 5 6 2 11 1 13 8 17 36 21 23 30 42 10 39 54 
71 9 5 6 2 11 1 13 39 8 17 36 21 23 30 42 10 
72 9 5 6 2 10 11 1 13 39 8 17 36 21 23 30 42 55 
73 9 5 6 2 10 11 1 13 39 8 17 36 21 23 42 30 56 
74 9 5 6 2 10 11 1 13 39 8 17 36 21 23 46 42 
75 9 5 6 2 10 11 1 13 39 8 17 36 21 23 46 47 
76 9 5 6 2 10 11 1 13 39 8 17 48 36 21 23 47 46 
77 9 5 6 2 10 11 1 13 39 8 17 48 36 21 23 57 
78 9 5 6 2 10 11 1 13 39 8 17 48 58 36 21 23 
79 9 5 6 2 10 11 1 13 39 8 17 48 49 58 36 
80 9 5 6 2 10 11 1 13 39 8 17 48 49 58 36 59 
81 9 5 6 2 10 11 1 13 39 8 17 59 
82 9 5 6 2 10 11 53 1 13 39 8 17 
83 9 5 6 2 10 11 53 1 13 39 8 17 
84 60 
85 60 
86 
87 9 5 6 17 2 10 11 53 1 13 39 8 61 
88 9 5 6 17 2 10 11 53 1 13 39 8 
89 9 5 6 17 2 10 11 53 1 13 39 8 62 
90 9 5 6 17 2 10 11 53 1 13 39 8 62 
91 9 5 6 17 2 10 11 53 1 13 39 8 62 
92 9 5 6 17 2 10 11 53 1 13 63 62 39 8 
93 9 5 6 17 2 10 11 53 1 13 63 64 62 39 
94 9 5 6 17 2 10 11 53 1 13 63 64 62 39 65 
95 9 5 6 17 2 10 11 53 1 13 63 64 62 
96 9 5 6 17 2 10 11 53 1 13 63 64 
97 9 5 6 17 2 10 11 53 1 13 64 63 
98 9 5 6 17 2 10 11 53 1 13 64 
99 9 5 6 17 2 10 11 53 1 13 
100 9 5 6 17 2 10 11 53 66 1 13 
101 9 5 6 17 2 10 11 53 66 1 13 
102 9 5 6 17 2 10 11 53 66 1 13 
103 9 5 6 17 2 10 11 53 66 1 13 
104 9 5 6 17 2 10 11 53 1 13 63 64 
105 9 5 6 17 2 10 11 53 1 13 64 63 
106 9 5 6 17 2 10 11 53 1 13 64 
107 9 5 6 17 2 10 11 53 1 13 
108 9 5 6 17 2 10 11 53 66 1 13 
109 9 5 6 17 2 10 11 53 66 1 13 
110 9 5 6 17 2 10 11 53 66 1 13 
111 9 5 6 17 2 10 11 53 66 1 13 
112 9 5 6 17 2 10 11 53 66 1 13 67 
113 9 5 6 17 2 10 11 53 66 1 13 
114 9 5 6 17 13 2 10 11 68 1 66 53 
115 9 5 6 17 53 13 2 10 11 69 68 1 66 
116 9 5 6 17 53 66 13 2 10 11 69 70 68 1 
117 9 5 6 17 53 66 13 2 1 10 11 69 70 68 71 
118 9 5 6 17 53 66 13 2 1 10 11 69 70 68 
119 9 5 6 17 53 66 13 2 1 10 11 69 70 72 68 
120 9 5 6 17 53 66 13 2 1 10 11 69 70 72 68 
121 9 5 6 17 53 66 13 2 1 10 11 69 70 72 68 
122 9 5 6 17 2 10 11 53 66 1 13 
123 9 5 6 17 2 10 11 53 66 1 
124 9 5 6 17 2 1 10 11 53 66 73 
125 9 53 5 2 6 17 10 11 1 
126 9 10 11 1 53 5 2 6 17 74 
127 9 10 11 1 53 5 2 6 17 
128 5 2 9 10 11 6 75 1 17 53 
129 53 5 2 9 10 11 6 75 76 1 17 
130 53 5 2 9 10 11 6 75 76 1 77 
131 53 5 2 9 10 11 6 75 76 1 
132 53 5 2 9 10 11 6 75 76 78 1 
133 53 5 2 9 10 11 6 75 76 78 1 
134 53 5 2 9 10 11 6 75 76 78 1 
135 9 10 11 1 53 5 
136 9 10 11 1 53 5 
137 9 10 11 1 53 79 
138 9 10 11 1 53 80 
139 80 9 10 11 1 53 
140 80 9 10 11 81 1 53 
141 80 53 9 10 11 81 82 1 
142 
143 
