1 1 
2 2 1 
3 2 3 1 
4 2 3 4 1 
5 2 3 4 5 1 
6 2 3 4 5 6 1 
7 2 3 4 5 6 7 1 
8 2 3 4 5 6 7 8 1 
9 2 3 4 5 6 7 8 9 1 
10 2 3 4 5 6 7 8 9 10 1 
11 2 3 4 5 6 7 8 9 10 11 1 
12 2 3 4 5 6 7 8 9 10 11 12 1 
13 2 3 4 5 6 7 8 9 10 11 12 1 13 
14 2 3 4 5 6 7 8 9 10 11 12 13 1 
15 2 3 4 5 6 7 8 9 10 11 12 13 1 14 
16 2 3 4 5 6 7 8 9 10 11 12 13 1 
17 2 3 4 5 6 7 8 9 10 11 12 13 1 15 
18 2 3 4 5 6 7 8 9 10 11 12 13 1 
19 2 3 4 5 7 8 9 10 11 12 13 16 1 6 
20 2 3 4 5 6 7 8 9 10 11 12 13 17 16 1 
21 2 3 4 5 6 7 8 9 10 11 12 13 17 16 1 18 
22 2 3 4 5 6 7 8 9 10 11 12 13 17 16 1 
23 3 5 9 12 13 2 17 1 8 19 4 7 6 10 11 16 
24 3 5 9 12 13 2 17 1 8 20 19 4 7 6 10 11 16 
25 3 5 9 10 11 12 13 16 2 17 1 21 8 20 19 4 7 6 
26 3 5 9 10 11 12 13 16 2 17 1 21 8 6 20 19 4 22 7 
27 3 5 9 10 11 12 13 16 2 23 17 1 21 8 6 20 4 22 7 
28 3 5 7 9 10 11 12 13 16 2 23 24 17 1 21 4 8 6 
29 3 5 6 7 9 10 11 12 13 16 2 23 24 17 1 21 4 25 8 
30 3 4 5 6 7 8 9 10 11 12 13 16 2 23 26 24 17 1 
31 3 4 5 6 7 8 9 10 11 12 13 16 2 1 23 26 24 17 27 
32 3 4 5 6 7 8 9 10 11 12 13 16 2 1 28 23 26 24 17 
33 3 4 5 6 7 8 9 10 11 12 13 16 2 1 28 23 26 24 17 29 
34 3 4 5 6 7 8 9 10 11 12 13 17 16 2 1 28 23 26 24 
35 3 4 5 6 7 8 9 10 11 12 13 17 16 2 1 28 23 26 24 30 
36 3 4 5 6 7 8 9 10 11 12 13 17 16 2 1 24 23 26 28 30 
37 3 4 5 6 7 8 9 10 11 12 13 17 16 31 2 1 24 23 26 28 
38 3 4 5 6 7 8 9 10 11 12 13 17 16 31 2 1 24 23 32 26 28 
39 3 4 5 6 7 8 9 10 11 12 13 17 16 31 2 1 24 23 33 32 26 28 
40 3 4 5 6 7 8 9 10 11 12 13 17 16 31 2 1 24 26 28 23 33 34 32 
41 3 4 5 6 7 8 9 10 11 12 13 17 16 31 2 1 24 26 28 32 
42 3 4 5 6 7 8 9 10 11 12 13 17 16 35 31 2 1 24 26 28 
43 3 4 5 6 7 8 9 10 11 12 13 17 16 35 31 2 1 24 36 26 28 
44 3 4 5 6 7 8 9 10 11 12 13 17 16 35 31 2 1 24 37 36 26 28 
45 3 4 5 6 7 8 9 10 11 12 13 17 16 35 31 2 1 24 37 38 36 
46 3 4 5 6 7 8 9 10 11 12 13 17 16 35 31 2 1 36 
47 3 4 5 6 7 8 9 10 11 12 13 17 16 39 35 31 2 1 
48 3 4 5 6 7 8 9 10 11 12 13 17 16 39 35 31 2 1 
49 3 4 5 6 7 8 9 10 11 12 13 17 16 2 1 28 26 23 24 40 
50 3 4 5 6 7 8 9 10 11 12 13 17 16 2 1 24 23 26 28 40 
51 3 4 5 6 7 8 9 10 11 12 13 17 16 31 2 1 24 23 26 28 
52 3 4 5 6 7 8 9 10 11 12 13 17 16 31 2 1 24 23 41 26 28 
53 3 4 5 6 7 8 9 10 11 12 13 17 16 31 2 1 24 42 23 41 26 28 
54 3 4 5 6 7 8 9 10 11 12 13 17 16 31 2 1 24 26 28 42 23 43 41 
55 3 4 5 6 7 8 9 10 11 12 13 17 16 31 2 1 24 26 28 41 
56 3 4 5 6 7 8 9 10 11 12 13 17 16 35 31 2 1 24 26 28 
57 3 4 5 6 7 8 9 10 11 12 13 17 16 35 31 2 1 24 44 26 28 
58 3 4 5 6 7 8 9 10 11 12 13 17 16 35 31 2 1 45 24 44 26 28 
59 3 4 5 6 7 8 9 10 11 12 13 17 16 35 31 2 1 45 24 46 44 
60 3 4 5 6 7 8 9 10 11 12 13 17 16 35 31 2 1 44 
61 3 4 5 6 7 8 9 10 11 12 13 17 16 39 35 31 2 1 
62 3 4 5 6 7 8 9 10 11 12 13 17 16 39 35 31 2 1 47 
63 3 4 5 6 7 8 9 10 11 12 13 17 16 39 35 31 2 1 
64 3 4 5 6 7 8 9 10 11 12 13 17 16 39 35 31 1 48 2 
65 3 4 5 6 7 8 9 10 11 12 13 17 16 39 35 31 2 1 
66 3 4 5 6 7 8 9 10 11 12 13 17 16 39 35 31 2 1 
67 3 4 5 6 7 8 9 10 11 12 13 17 16 39 35 31 1 49 2 
68 3 4 5 6 7 8 9 10 11 12 13 17 16 39 35 31 2 1 
69 3 4 5 6 7 8 9 10 11 12 13 17 16 39 35 31 2 1 50 
70 3 4 5 6 7 8 9 10 11 12 13 17 16 39 35 31 2 1 
71 3 4 5 6 7 8 9 10 11 12 13 17 16 1 39 35 31 51 2 
72 3 4 5 6 7 8 9 10 11 12 13 17 16 1 39 35 31 2 
73 3 4 5 6 7 8 9 10 11 12 13 17 16 1 39 35 31 2 
74 3 4 5 6 7 8 9 10 11 12 13 17 16 1 39 35 31 52 2 
75 3 4 5 6 7 8 9 10 11 12 13 17 16 1 39 35 31 2 
76 3 4 5 6 7 8 9 10 11 12 13 17 16 1 39 35 2 
77 3 4 5 6 7 8 9 10 11 12 13 17 16 1 39 2 
78 2 3 4 5 6 7 8 9 10 11 12 13 17 16 1 
79 2 3 4 5 6 7 8 9 10 11 12 13 1 17 16 53 
80 2 3 4 5 6 7 8 9 10 11 12 13 1 17 16 
81 3 5 9 12 13 2 17 1 7 19 4 8 6 10 11 16 
82 3 5 9 12 13 2 17 1 7 20 19 4 8 6 10 11 16 
83 3 5 9 10 11 12 13 2 17 1 21 7 20 19 4 8 6 
84 3 5 9 10 11 12 13 2 17 1 21 7 6 20 19 4 22 8 
85 3 5 9 10 11 12 13 2 23 17 1 21 7 6 20 4 22 8 
86 3 5 8 9 10 11 12 13 2 23 24 17 1 21 4 7 6 
87 3 5 6 8 9 10 11 12 13 2 23 24 17 1 21 4 54 7 
88 3 4 5 6 7 8 9 10 11 12 13 2 26 23 24 17 1 
89 3 4 5 6 7 8 9 10 11 12 13 2 1 26 23 24 17 55 
90 3 4 5 6 7 8 9 10 11 12 13 2 1 28 26 23 24 17 
91 3 4 5 6 7 8 9 10 11 12 13 2 1 28 26 23 24 17 56 
92 3 4 5 6 7 8 9 10 11 12 13 2 1 28 26 23 24 
93 3 4 5 6 7 8 9 10 11 12 13 2 1 28 26 23 24 57 
94 3 4 5 6 7 8 9 10 11 12 13 2 1 24 23 26 28 57 
95 3 4 5 6 7 8 9 10 11 12 13 31 2 1 24 23 26 28 
96 3 4 5 6 7 8 9 10 11 12 13 31 2 1 24 23 58 26 28 
97 3 4 5 6 7 8 9 10 11 12 13 31 2 1 24 59 23 58 26 28 
98 3 4 5 6 7 8 9 10 11 12 13 31 2 1 24 26 28 59 23 60 58 
99 3 4 5 6 7 8 9 10 11 12 13 31 2 1 24 26 28 58 
100 3 4 5 6 7 8 9 10 11 12 13 35 31 2 1 24 26 28 
101 3 4 5 6 7 8 9 10 11 12 13 35 31 2 1 24 61 26 28 
102 3 4 5 6 7 8 9 10 11 12 13 35 31 2 1 62 24 61 26 28 
103 3 4 5 6 7 8 9 10 11 12 13 35 31 2 1 62 24 63 61 
104 3 4 5 6 7 8 9 10 11 12 13 35 31 2 1 61 
105 3 4 5 6 7 8 9 10 11 12 13 39 35 31 2 1 
106 3 4 5 6 7 8 9 10 11 12 13 39 35 31 2 1 
107 3 4 5 6 7 8 9 10 11 12 13 2 1 28 23 26 24 64 
108 3 4 5 6 7 8 9 10 11 12 13 2 1 24 23 26 28 64 
109 3 4 5 6 7 8 9 10 11 12 13 31 2 1 24 23 26 28 
110 3 4 5 6 7 8 9 10 11 12 13 31 2 1 24 23 65 26 28 
111 3 4 5 6 7 8 9 10 11 12 13 31 2 1 24 23 66 65 26 28 
112 3 4 5 6 7 8 9 10 11 12 13 31 2 1 24 26 28 23 66 67 65 
113 3 4 5 6 7 8 9 10 11 12 13 31 2 1 24 26 28 65 
114 3 4 5 6 7 8 9 10 11 12 13 35 31 2 1 24 26 28 
115 3 4 5 6 7 8 9 10 11 12 13 35 31 2 1 24 68 26 28 
116 3 4 5 6 7 8 9 10 11 12 13 35 31 2 1 24 69 68 26 28 
117 3 4 5 6 7 8 9 10 11 12 13 35 31 2 1 24 69 70 68 
118 3 4 5 6 7 8 9 10 11 12 13 35 31 2 1 68 
119 3 4 5 6 7 8 9 10 11 12 13 39 35 31 2 1 
120 3 4 5 6 7 8 9 10 11 12 13 39 35 31 2 1 71 
121 3 4 5 6 7 8 9 10 11 12 13 39 35 31 2 1 
122 3 4 5 6 7 8 9 10 11 12 13 39 35 31 1 72 2 
123 3 4 5 6 7 8 9 10 11 12 13 39 35 31 2 1 
124 3 4 5 6 7 8 9 10 11 12 13 39 35 31 2 1 
125 3 4 5 6 7 8 9 10 11 12 13 39 35 31 1 73 2 
126 3 4 5 6 7 8 9 10 11 12 13 39 35 31 2 1 
127 3 4 5 6 7 8 9 10 11 12 13 39 35 31 2 1 74 
128 3 4 5 6 7 8 9 10 11 12 13 39 35 31 2 1 
129 3 4 5 6 7 8 9 10 11 12 13 1 39 35 31 75 2 
130 3 4 5 6 7 8 9 10 11 12 13 1 39 35 31 2 
131 3 4 5 6 7 8 9 10 11 12 13 1 39 35 31 2 
132 3 4 5 6 7 8 9 10 11 12 13 1 39 35 31 76 2 
133 3 4 5 6 7 8 9 10 11 12 13 1 39 35 31 2 
134 3 4 5 6 7 8 9 10 11 12 13 1 39 35 2 
135 3 4 5 6 7 8 9 10 11 12 13 1 39 2 
136 2 3 4 5 6 7 8 9 10 11 12 13 1 
137 
138 
