2 1 
3 2 
4 3 
5 4 
6 1 
7 5 
8 6 
9 7 
10 7 
11 7 
12 7 
13 10 11 
14 7 
15 6 
16 14 
17 13 15 
18 16 
19 6 
20 18 
21 19 
23 9 
24 21 12 
25 8 21 13 17 7 
27 17 
28 22 23 
29 6 
30 17 22 
31 25 20 24 
32 20 
33 26 
34 27 
35 28 
36 20 29 
37 20 
38 30 
39 31 
40 32 
41 20 33 
42 20 
43 34 
44 35 
45 36 
46 20 37 
47 6 
48 20 38 
49 17 22 39 
50 22 
52 8 21 13 17 7 
53 21 
55 7 6 
57 1 
58 6 41 40 
59 40 
60 6 
61 42 
62 43 
63 9 
64 44 12 
65 8 44 13 17 7 
67 17 
68 21 45 
69 21 
70 17 21 
71 47 
72 48 
73 49 
74 17 21 50 
75 46 
76 17 46 
77 51 
78 52 
79 53 
80 17 46 54 
81 21 
82 17 21 
83 55 
84 56 
85 57 
86 17 21 58 
87 46 
89 8 44 13 17 7 
90 44 
92 7 6 
94 1 
95 6 60 59 
96 59 
97 9 
98 44 12 
99 8 44 13 17 7 
101 17 
102 46 61 
103 17 46 
104 62 
105 63 
106 64 
107 17 46 65 
108 46 
110 8 44 13 17 7 
111 44 
113 7 6 
115 1 
116 6 67 66 
117 66 
