1 2 
2 3 
3 4 
4 5 8 
5 6 
6 7 
7 9 
8 9 
9 10 
10 11 
11 12 
12 13 16 
13 14 
14 15 
15 17 
16 17 
17 18 
18 19 
19 20 
20 21 24 
21 22 
22 23 
23 25 
24 25 
25 26 
26 27 
27 28 
28 29 32 
29 30 
30 31 
31 33 
32 33 
33 34 
34 35 
35 36 
36 37 39 
37 38 
38 40 
39 40 
40 41 
41 42 
42 43 
43 44 47 
44 45 
45 46 
46 48 
47 48 
48 49 
49 50 
50 51 
51 52 55 
52 53 
53 54 
54 56 
55 56 
56 57 
57 58 
58 59 
59 60 63 
60 61 
61 62 
62 64 
63 64 
64 65 
65 66 
66 67 
67 68 71 
68 69 
69 70 
70 72 
71 72 
72 73 
73 74 
74 75 
75 76 79 
76 77 
77 78 
78 80 
79 80 
80 81 
81 82 
82 83 
83 84 87 
84 85 
85 86 
86 88 
87 88 
88 89 
89 90 
90 91 
91 92 95 
92 93 
93 94 
94 96 
95 96 
96 97 
97 98 
98 99 
99 100 103 
100 101 
101 102 
102 104 
103 104 
104 105 
105 106 
106 107 
107 108 111 
108 109 
109 110 
110 112 
111 112 
112 113 
113 114 
114 115 
115 116 118 
116 117 
117 119 
118 119 
119 120 
120 121 
121 122 
122 123 126 
123 124 
124 125 
125 127 
126 127 
127 128 
128 129 
129 130 
130 131 134 
131 132 
132 133 
133 135 
134 135 
135 136 
136 137 
137 138 
138 139 142 
139 140 
140 141 
141 143 
142 143 
143 144 
144 145 
145 146 
146 147 149 
147 148 
148 150 
149 150 
150 151 
151 152 
152 153 
153 154 157 
154 155 
155 156 
156 158 
157 158 
158 159 
159 160 
160 161 
161 162 165 
162 163 
163 164 
164 166 
165 166 
166 167 
167 168 
168 169 
169 170 172 
170 171 
171 173 
172 173 
173 174 
174 175 
175 176 
176 177 180 
177 178 
178 179 
179 181 
180 181 
181 182 
182 183 
183 184 
184 185 188 
185 186 
186 187 
187 189 
188 189 
189 190 
190 191 
191 192 
192 193 195 
193 194 
194 196 
195 196 
196 197 
197 198 
198 199 
199 200 203 
200 201 
201 202 
202 204 
203 204 
204 205 
205 206 
206 207 
207 208 211 
208 209 
209 210 
210 212 
211 212 
212 213 
213 214 
214 215 
215 216 
216 217 
217 218 
218 219 
219 220 
220 221 
221 222 
222 223 
223 224 
224 225 
225 226 
226 227 
227 228 230 
228 229 
229 231 
230 231 
231 232 
232 233 
233 234 
234 235 238 
235 236 
236 237 
237 239 
238 239 
239 240 
240 241 
241 242 
242 243 246 
243 244 
244 245 
245 247 
246 247 
247 248 
248 249 
249 250 
250 251 254 
251 252 
252 253 
253 255 
254 255 
255 256 
256 257 
257 258 
258 259 262 
259 260 
260 261 
261 263 
262 263 
263 264 
264 265 
265 266 
266 267 269 
267 268 
268 270 
269 270 
270 271 
271 272 
272 273 
273 274 
274 275 
275 276 
276 277 
277 278 
278 279 
279 280 
280 281 
281 282 
282 283 286 
283 284 
284 285 
285 287 
286 287 
287 288 
288 289 
289 290 
290 291 294 
291 292 
292 293 
293 295 
294 295 
295 296 
296 297 
297 298 
298 299 301 
299 300 
300 302 
301 302 
302 303 
303 304 
304 305 
305 306 309 
306 307 
307 308 
308 310 
309 310 
310 311 
311 312 
312 313 
313 314 317 
314 315 
315 316 
316 318 
317 318 
318 319 
319 320 
320 321 
321 322 325 
322 323 
323 324 
324 326 
325 326 
326 327 
327 328 
328 329 
329 330 333 
330 331 
331 332 
332 334 
333 334 
334 335 
335 336 
336 337 
337 338 341 
338 339 
339 340 
340 342 
341 342 
342 343 
343 344 
344 345 
345 346 
346 347 
347 348 
348 349 352 
349 350 
350 351 
351 353 
352 353 
353 354 
354 355 
355 356 
356 357 360 
357 358 
358 359 
359 361 
360 361 
361 362 
362 363 
363 364 
364 365 368 
365 366 
366 367 
367 369 
368 369 
369 370 
370 371 
371 372 
372 373 375 
373 374 
374 376 
375 376 
376 377 
377 378 
378 379 
379 380 383 
380 381 
381 382 
382 384 
383 384 
384 385 
385 
