1 1 
2 2 
3 3 
4 4 
5 5 
6 6 
7 7 
8 8 
9 9 
10 10 
11 11 
12 12 
13 13 
14 14 
15 15 
16 16 
17 17 
18 18 
19 19 
20 20 
22 21 
23 22 
24 23 
25 24 
26 25 
27 26 
28 27 
29 28 
30 29 
31 30 
32 31 
33 32 
34 33 
35 34 
36 35 
37 36 
38 37 
39 38 
40 39 
41 40 
42 41 
43 42 
45 43 
46 44 
47 27 
48 42 
49 45 
51 46 
53 47 
54 48 
55 49 
56 50 
57 51 
58 52 
59 53 
64 54 
65 55 
66 56 
67 57 
68 58 
69 59 
70 60 
71 61 
72 62 
73 63 
74 64 
75 65 
76 66 
77 67 
78 68 
79 69 
80 70 
81 71 
82 72 
83 73 
85 53 
86 74 
89 75 
90 76 
93 77 
96 78 
97 79 
98 80 
101 81 
104 82 
105 83 
106 84 
109 85 
113 86 
115 87 
117 88 
119 89 
120 27 
121 90 
122 47 
123 91 
124 92 
125 93 
127 94 
128 95 
129 96 
131 97 
132 98 
133 99 
134 100 
135 101 
139 102 
141 88 
143 103 
144 104 
145 105 
146 106 
147 107 
150 108 
151 109 
152 55 
153 110 
154 111 
155 57 
157 112 
158 59 
159 113 
161 114 
163 115 
165 116 
166 117 
168 118 
169 119 
170 68 
171 120 
172 121 
173 122 
174 123 
175 124 
176 125 
180 126 
181 127 
185 128 
186 129 
188 34 
189 130 
190 131 
191 132 
192 133 
196 134 
197 135 
199 34 
200 136 
201 137 
202 138 
203 139 
207 116 
209 140 
210 141 
212 142 
213 143 
216 140 
217 144 
219 145 
220 146 
221 147 
222 148 
223 149 
225 150 
230 151 
232 152 
233 153 
234 154 
235 155 
237 156 
239 157 
240 158 
241 159 
242 160 
244 161 
247 162 
