1 1 
2 2 
3 3 
4 4 
5 5 
6 6 
7 7 
8 8 
9 9 
10 10 
11 11 
12 12 
13 13 
14 14 
15 15 
16 16 
17 17 
18 18 
19 19 
20 20 
21 21 
23 19 
24 20 
25 22 
26 23 
27 24 
28 25 
29 26 
30 27 
31 28 
32 29 
33 30 
35 29 
36 31 
39 32 
42 33 
44 34 
47 35 
48 36 
49 37 
51 38 
52 39 
53 40 
56 41 
58 42 
59 43 
60 44 
62 45 
64 46 
65 47 
66 48 
68 49 
69 50 
70 51 
71 52 
72 53 
74 54 
77 55 
79 56 
80 57 
81 58 
83 59 
86 60 
87 36 
88 61 
89 62 
90 63 
91 64 
92 65 
93 66 
94 67 
95 68 
96 69 
97 70 
99 71 
102 72 
104 73 
108 74 
110 75 
113 76 
115 77 
116 36 
117 78 
119 79 
120 80 
121 81 
124 82 
126 83 
127 84 
128 85 
131 86 
132 87 
134 88 
135 89 
136 90 
137 91 
138 92 
139 93 
140 94 
145 95 
147 96 
149 97 
151 98 
153 99 
155 100 
156 101 
160 102 
161 103 
163 102 
164 104 
165 105 
167 102 
169 106 
170 107 
172 102 
174 108 
176 109 
180 110 
182 111 
188 112 
189 113 
191 114 
192 115 
193 116 
195 102 
197 117 
198 118 
200 119 
201 120 
202 121 
204 102 
205 122 
207 123 
211 124 
213 125 
216 126 
218 127 
219 128 
221 127 
222 129 
223 130 
225 131 
226 129 
227 132 
