1 1 
2 2 1 
3 2 3 1 
4 2 3 4 1 
5 2 1 3 4 
6 3 4 2 1 5 
7 3 4 2 1 
8 6 
9 6 
10 
11 3 2 4 1 7 
12 3 2 7 4 1 
13 
14 3 2 1 7 4 8 
15 3 2 1 7 4 8 9 
16 3 2 1 7 4 
17 10 3 2 1 7 
18 10 11 3 2 1 
19 10 2 11 1 12 3 
20 10 3 2 11 1 13 
21 10 3 2 11 1 
22 
23 11 2 1 10 14 3 
24 11 3 2 1 10 15 
25 11 3 2 1 10 
26 
27 11 3 2 1 10 16 
28 11 3 2 1 10 
29 10 11 3 2 1 17 
30 10 11 3 2 18 1 
31 2 1 10 18 11 19 3 
32 3 2 1 10 18 11 20 
33 3 2 1 10 18 11 
34 3 2 1 11 10 
35 3 2 1 11 10 
36 3 2 1 11 10 
37 3 2 1 11 10 
38 
39 4 2 1 7 3 21 
40 4 2 1 7 3 21 22 
41 4 2 1 7 3 
42 10 4 2 1 7 
43 10 11 4 2 1 
44 10 2 11 1 12 4 
45 10 4 2 11 1 23 
46 10 4 2 11 1 
47 
48 11 2 1 10 14 4 
49 11 4 2 1 10 24 
50 11 4 2 1 10 
51 
52 11 4 2 1 10 25 
53 11 4 2 1 10 
54 11 10 4 2 1 26 
55 11 10 4 2 18 1 
56 2 1 11 18 10 19 4 
57 4 2 1 11 18 10 27 
58 4 2 1 11 18 10 
59 4 2 1 11 10 
60 4 2 1 11 10 
61 4 2 1 11 10 
62 4 2 1 11 10 
63 
64 3 10 7 2 1 
65 2 1 28 3 10 7 
66 7 10 2 1 28 3 
67 7 10 2 1 28 3 29 
68 7 10 2 1 28 3 
69 2 1 28 3 10 7 
70 2 1 28 3 10 7 
71 2 1 28 3 10 7 
72 2 1 28 3 10 7 
73 30 7 
74 30 31 
75 32 
76 
