3 1 2 
5 1 
6 2 
10 3 
11 2 
13 1 
14 4 
15 2 
16 5 
17 1 
18 2 
19 6 
20 7 
21 9 8 
22 10 
23 6 
24 7 
25 12 11 
26 13 
27 6 
28 7 
29 15 14 
30 16 
31 6 
32 7 
33 18 17 
34 19 
35 6 
36 7 
37 20 21 
38 6 
39 6 
40 22 23 
44 24 
45 1 
46 25 
47 2 
48 26 
49 1 
50 2 
51 27 
52 28 
53 30 29 
54 31 
55 27 
56 28 
57 33 32 
58 34 
59 27 
60 28 
61 35 36 
62 37 
63 27 
64 28 
65 38 39 
66 40 
67 27 
68 28 
69 41 42 
70 27 
71 28 
72 43 44 
73 27 
74 28 
75 46 45 
76 47 
80 48 
81 1 
82 49 
83 2 
84 50 
85 1 
86 2 
87 51 
88 52 
89 54 53 
90 55 
91 51 
92 52 
93 56 57 
94 58 
95 51 
96 52 
97 60 59 
98 61 
99 51 
100 52 
101 62 63 
102 64 
103 51 
104 52 
105 65 66 
106 67 
107 51 
108 52 
109 68 69 
110 51 
111 52 
112 70 71 
113 51 
114 52 
115 73 72 
116 74 
120 75 
121 2 1 
122 76 
