1 1 
2 2 
3 3 
4 4 
5 5 
6 6 
8 7 
9 8 
10 9 
11 10 
12 11 
13 12 
14 13 
15 14 
16 15 
17 16 
18 17 
19 18 
20 19 
21 20 
22 21 
23 22 
24 23 
25 24 
26 25 
27 26 
29 27 
30 28 
31 29 
32 30 
33 31 
36 32 
37 33 
38 34 
40 35 
41 36 
43 19 
44 37 
45 38 
47 20 
49 39 
51 40 
52 41 
54 19 
55 42 
56 43 
58 20 
59 44 
61 45 
63 46 
67 47 
69 48 
70 49 
72 50 
73 51 
74 52 
75 53 
76 54 
77 55 
79 56 
81 57 
82 58 
83 59 
85 60 
86 61 
87 62 
88 63 
90 19 
91 64 
92 65 
93 66 
94 67 
96 20 
98 68 
100 69 
101 70 
102 71 
103 72 
105 19 
106 73 
107 74 
108 75 
109 76 
111 20 
112 77 
114 78 
116 79 
120 52 
121 80 
123 53 
125 17 
126 81 
128 18 
130 82 
132 83 
133 84 
134 85 
137 86 
139 87 
140 88 
141 89 
