5 1 
6 5 
7 6 
8 7 
9 6 
10 8 
11 9 
12 10 
13 9 
14 11 9 
15 9 
16 13 9 
17 2 
18 1 
20 15 16 
21 9 
22 17 9 
24 12 
25 20 
26 21 
27 18 
28 23 
29 24 
30 22 25 19 
31 19 
33 1 
35 26 27 
36 9 
37 28 9 
38 18 
39 29 
40 18 
41 31 
42 9 
43 33 9 
44 34 
45 35 
46 34 
47 37 
49 32 30 
50 40 
51 30 41 
52 42 
53 38 36 
54 44 
55 36 45 
56 46 
57 43 47 39 
58 39 
60 1 
62 48 49 
63 9 
64 50 9 
66 18 
67 52 
68 53 
69 14 
70 55 
71 56 
72 54 57 51 
73 51 
76 12 
77 59 
78 60 
79 14 
80 62 
81 63 
82 61 64 58 
83 58 
84 3 4 
86 3 
