1 1 
2 2 1 
3 2 1 3 
4 2 1 4 3 
5 2 1 4 5 3 
6 2 6 1 4 5 3 
7 2 6 1 4 7 5 3 
8 2 6 1 4 7 8 5 3 
9 2 6 1 4 7 8 5 9 3 
10 2 6 1 4 7 10 8 5 9 3 
11 2 6 1 3 4 7 9 10 8 5 11 
12 2 6 11 1 3 4 7 9 10 8 5 
13 
14 2 6 11 1 12 3 4 7 9 10 8 5 
15 2 6 11 1 13 12 3 4 7 9 10 8 5 
16 2 6 11 1 13 14 12 3 4 7 9 10 8 5 
17 5 2 6 11 1 13 14 12 3 4 15 7 9 10 8 
18 5 2 6 11 1 13 14 12 3 9 10 8 4 15 7 16 
19 5 2 6 11 1 13 14 12 3 9 10 8 4 15 7 16 
20 
21 5 2 6 11 1 13 14 12 3 9 10 8 17 4 15 7 
22 5 2 6 11 1 13 14 12 3 18 4 15 7 9 10 8 
23 8 5 2 9 6 11 10 1 13 14 12 3 18 4 15 7 19 
24 8 5 2 9 6 11 10 1 13 14 12 3 18 4 15 7 19 
25 
26 8 5 2 9 6 11 10 1 13 14 12 3 18 20 4 15 7 
27 8 5 2 9 4 6 11 10 1 13 14 12 3 21 18 
28 8 5 2 9 4 6 11 10 1 13 14 12 21 18 3 22 
29 8 5 2 9 4 6 11 10 1 13 14 12 21 18 3 
30 8 5 2 9 4 6 11 10 1 13 14 12 3 23 18 
31 8 5 2 9 4 6 11 10 1 13 14 12 21 3 23 
32 8 5 2 9 4 6 11 10 1 13 14 12 21 18 3 
33 8 5 2 9 4 6 3 11 10 1 13 14 23 12 21 18 
34 8 5 2 9 21 4 6 3 11 10 1 18 13 14 23 12 24 
35 8 5 2 9 21 4 6 3 11 10 1 18 13 14 23 25 12 
36 8 5 2 9 21 4 6 3 11 10 1 18 26 13 14 23 25 12 
37 8 5 2 9 21 4 6 3 11 10 1 18 26 13 14 23 25 12 27 
38 8 5 2 9 21 12 4 6 3 11 10 1 18 26 13 14 23 25 
39 8 5 2 9 13 21 18 12 4 6 3 11 10 1 
40 8 5 2 9 13 21 18 28 12 4 6 3 11 10 1 
41 8 5 2 9 10 1 13 14 21 18 3 
42 8 5 2 9 10 3 1 13 14 25 21 18 
43 8 5 2 9 10 3 1 13 14 25 29 
44 8 5 2 9 10 3 1 13 14 23 25 
45 8 5 2 9 10 26 3 1 13 14 23 25 
46 8 5 2 9 10 26 3 1 13 14 23 25 
47 8 5 2 9 10 26 3 1 13 14 23 25 18 12 4 6 11 30 
48 8 5 2 9 10 26 3 1 13 14 23 25 18 12 4 6 11 
49 8 5 2 9 23 25 18 31 12 4 6 3 11 10 1 
50 8 5 2 9 10 3 1 13 23 25 18 
51 8 5 2 9 10 3 1 13 14 23 25 
52 8 5 2 9 10 26 3 1 13 14 23 25 
53 8 5 2 9 10 26 3 1 13 14 23 25 32 
54 8 5 2 9 10 32 26 3 1 
55 8 5 2 9 10 32 26 33 1 3 
56 8 5 3 2 9 10 32 26 33 1 34 
57 8 5 3 2 9 10 32 26 33 1 
58 5 3 9 32 26 33 2 35 1 10 8 
59 8 5 3 9 10 32 26 33 2 35 36 1 
60 8 5 3 2 9 10 32 26 33 1 
61 8 5 3 2 9 10 32 26 1 33 37 
62 8 5 3 2 9 10 32 26 1 33 
63 8 5 3 2 9 10 32 26 1 
64 8 5 3 2 1 9 10 32 26 38 
65 8 32 2 5 9 10 1 3 
66 8 32 3 2 5 9 10 1 39 
67 8 32 3 2 5 9 10 1 
68 8 32 3 2 5 9 10 1 
69 8 9 10 32 1 3 2 5 40 
70 8 9 10 32 1 3 2 5 40 
71 8 9 10 32 1 3 2 5 40 41 
72 8 9 10 32 1 3 2 5 40 
73 8 9 10 32 1 3 
74 8 9 10 32 1 42 
75 42 8 9 10 32 1 
76 
77 
