1 1 
2 2 1 
3 2 3 1 
4 2 3 4 1 
5 2 3 4 1 5 
6 2 3 4 1 
7 2 3 4 1 6 
8 2 3 4 1 
9 
10 2 3 4 1 7 
11 2 7 3 4 1 
12 
13 2 7 3 1 4 8 
14 2 7 3 8 1 4 
15 
16 2 7 3 8 9 1 4 
17 2 7 3 8 10 9 1 4 
18 2 7 3 8 10 9 1 11 
19 2 7 3 8 10 9 1 11 12 
20 2 7 3 8 10 9 1 11 
21 11 2 7 3 8 10 9 1 13 
22 11 2 7 3 8 10 9 1 14 
23 11 2 7 3 8 10 9 15 1 14 
24 11 2 7 3 8 14 10 9 15 1 16 
25 11 2 7 3 8 14 10 9 15 1 16 17 
26 11 2 7 3 8 14 10 9 15 1 
27 11 2 7 3 8 14 1 10 9 15 18 
28 11 2 7 3 8 14 1 10 9 15 
29 11 2 7 3 9 8 14 1 
30 11 2 7 3 10 9 8 1 14 
31 11 2 7 3 10 9 8 15 1 14 
32 11 2 7 3 10 9 8 15 1 14 
33 11 2 7 3 10 9 8 15 1 14 19 
34 11 2 7 3 10 9 8 15 1 14 19 20 
35 11 2 7 3 10 9 8 15 1 14 
36 11 2 7 3 10 9 8 15 1 14 21 
37 11 2 7 3 10 9 8 15 1 14 
38 11 2 7 3 9 8 14 1 
39 11 2 7 3 10 9 8 1 14 
40 11 2 7 3 10 9 8 15 1 14 
41 11 2 7 3 10 9 8 14 15 1 22 
42 11 2 7 3 10 9 8 14 15 1 23 
43 11 2 7 3 10 9 8 14 15 1 
44 11 2 1 7 3 10 9 8 14 15 24 
45 2 7 3 8 10 9 1 11 14 15 
46 2 7 3 8 10 9 1 11 14 
47 11 2 1 7 3 25 10 9 8 
48 2 7 3 8 10 9 1 11 
49 2 7 3 8 10 9 1 11 
50 
