1 1 
2 2 
3 3 
4 4 
5 5 
6 6 
8 7 
9 8 
10 9 
11 10 
13 11 
14 12 
16 13 
17 14 
20 15 
21 16 
22 9 
23 17 
25 18 
26 19 
28 13 
29 20 
32 21 
34 22 
35 23 
36 24 
37 25 
38 26 
39 27 
40 28 
41 29 
43 30 
44 31 
46 32 
47 33 
48 26 
51 34 
52 35 
53 36 
54 37 
55 26 
56 38 
57 28 
58 39 
60 40 
61 31 
63 41 
64 33 
65 26 
68 42 
69 43 
70 44 
71 45 
72 26 
73 46 
74 28 
75 47 
77 48 
78 31 
80 49 
81 33 
82 26 
85 50 
86 51 
87 52 
88 53 
89 26 
90 54 
91 28 
92 55 
94 56 
95 31 
97 57 
98 33 
99 26 
