1 1 
2 2 1 
3 3 2 1 
4 3 1 2 4 
5 3 1 2 5 
6 3 1 2 
7 
8 3 1 6 2 
9 2 3 1 
10 2 3 7 1 
11 2 3 8 7 1 
12 1 2 3 8 7 9 
13 1 2 3 8 7 10 
14 1 2 3 8 7 10 11 
15 1 2 3 8 7 10 
16 1 3 10 8 7 2 12 
17 1 3 10 8 7 13 2 
18 1 3 10 8 7 13 2 14 
19 1 2 3 10 8 7 15 
20 1 2 3 10 8 15 7 16 
21 1 2 3 7 10 8 15 
22 1 2 3 7 10 8 17 
23 1 2 3 8 7 10 
24 1 2 3 8 7 10 
25 1 2 7 3 8 
26 1 2 8 7 3 
27 1 2 8 3 18 7 
28 1 2 7 19 8 3 
29 1 2 7 19 20 8 
30 1 2 8 7 21 19 
31 1 19 22 2 8 7 21 
32 21 1 19 22 23 2 8 7 
33 21 1 19 22 23 24 2 8 
34 21 1 19 22 23 24 25 2 
35 21 2 1 19 
36 19 21 2 1 
37 19 21 2 26 
38 19 21 2 10 
39 19 21 2 10 27 
40 19 21 2 10 
41 10 19 21 2 28 
42 10 19 21 13 2 
43 10 19 21 13 2 29 
44 10 13 2 19 21 15 
45 10 13 2 19 21 30 
46 10 13 2 21 19 
47 19 10 13 31 2 21 
48 19 21 10 13 31 32 2 
49 19 21 2 10 
50 19 21 2 10 
51 
