1 1 
2 1 2 
3 1 3 2 
4 1 4 3 2 
5 2 1 4 3 
6 2 3 1 4 
7 2 3 4 1 
8 2 3 1 4 5 
9 2 3 1 4 6 
10 2 3 1 4 
11 
12 2 3 7 1 
13 8 2 3 7 1 
14 9 8 2 3 7 1 
15 9 8 2 3 7 10 1 
16 9 8 2 3 7 1 10 11 
17 9 8 2 3 7 1 10 12 
18 9 8 2 3 7 10 1 
19 9 8 1 2 3 7 10 13 
20 9 8 1 10 2 3 7 14 
21 9 8 1 10 2 3 7 15 
22 9 8 1 10 15 2 3 7 16 
23 9 8 3 7 1 10 15 2 17 
24 9 8 3 7 1 10 15 18 2 
25 9 8 2 3 7 1 10 15 19 
26 9 8 2 3 7 1 10 15 
27 9 8 2 3 7 1 10 20 
28 9 8 2 3 7 1 10 20 
29 2 3 7 10 9 8 21 1 
30 8 2 3 7 10 9 21 1 
31 9 8 2 3 7 1 10 
32 9 8 2 3 7 10 1 
33 9 8 2 3 7 10 1 
34 8 9 22 
35 8 9 
36 8 9 23 
37 8 9 
38 8 9 24 
39 8 9 
40 8 9 25 
41 25 
42 
43 26 
44 26 
45 
46 8 9 27 
47 27 
48 
