1 1 
2 2 1 
3 2 3 1 
4 2 3 4 1 
5 2 3 4 5 1 
6 2 3 4 5 6 1 
7 2 3 4 5 6 7 1 
8 2 3 4 5 6 7 8 1 
9 2 3 4 5 6 7 8 9 1 
10 2 3 4 5 6 7 8 9 10 1 
11 2 3 4 5 6 7 11 8 9 10 1 
12 2 3 4 5 6 7 9 10 11 1 8 12 
13 2 3 4 5 6 7 9 10 11 1 8 
14 
15 2 3 4 5 6 7 8 9 10 11 1 13 
16 2 3 4 5 6 7 8 9 10 11 1 
17 
18 
19 2 11 7 4 6 1 5 9 10 8 3 14 
20 2 11 7 14 4 6 1 5 9 10 8 3 
21 
22 3 2 11 7 14 15 4 6 1 5 9 10 8 
23 3 2 11 7 14 15 4 6 8 1 5 9 10 16 
24 3 2 11 9 16 7 10 14 15 4 6 8 1 5 17 
25 3 2 11 9 16 7 17 10 14 15 4 6 8 1 5 
26 
27 3 2 18 11 9 16 7 17 10 14 15 4 6 5 8 1 
28 3 2 18 11 9 16 7 17 10 14 15 4 6 5 1 8 19 
29 3 2 18 11 9 16 7 17 10 14 15 4 6 5 1 8 
30 8 3 2 18 11 9 16 7 17 10 20 14 15 4 6 5 1 
31 8 1 3 2 18 11 9 16 7 17 10 20 14 15 21 4 6 5 
32 8 1 3 2 18 11 9 16 7 5 17 10 20 14 15 21 4 22 6 
33 8 23 1 3 2 18 14 15 6 11 9 10 16 4 7 5 17 
34 8 23 1 3 2 18 14 15 6 11 9 10 16 4 7 5 17 
35 8 1 3 2 18 14 15 11 9 16 7 17 10 24 4 6 5 
36 8 1 3 2 18 14 15 11 9 16 7 5 17 10 24 4 25 6 
37 8 23 1 3 2 18 14 15 6 11 9 10 16 4 7 5 17 
38 8 23 1 3 2 18 14 15 6 17 11 9 10 16 26 4 7 5 
39 8 23 1 3 2 18 14 15 6 5 17 11 9 10 16 26 4 27 7 
40 8 23 28 1 3 2 18 7 14 15 4 6 5 17 11 9 10 16 
41 8 9 10 23 28 1 3 2 18 7 14 15 4 6 5 16 17 29 11 
42 8 9 10 23 28 1 3 2 18 7 14 15 4 6 5 16 17 11 29 
43 8 9 10 23 28 1 3 2 18 7 14 15 4 6 5 16 17 11 29 
44 8 9 10 28 3 14 15 6 5 16 11 23 18 2 1 4 30 7 17 29 
45 8 9 10 28 3 14 15 6 5 16 11 23 18 2 1 4 30 7 31 17 
46 8 9 10 28 3 14 15 6 5 16 11 23 18 2 1 17 4 30 7 32 31 
47 8 9 10 28 3 14 15 6 5 16 11 23 18 2 1 31 17 4 30 33 7 
48 8 9 10 28 3 14 15 6 5 16 11 23 18 2 1 31 17 4 30 7 33 34 
49 8 9 10 28 3 14 15 6 5 16 11 23 18 2 1 31 17 4 30 7 33 35 
50 8 9 10 28 3 14 15 6 5 16 11 23 18 2 1 31 17 4 30 7 36 
51 8 9 10 28 3 14 15 6 5 16 11 23 18 2 1 31 17 4 30 7 
52 8 9 10 28 3 14 15 6 5 16 11 23 18 2 1 31 17 4 30 7 37 
53 8 9 10 28 3 14 15 6 5 16 11 23 18 2 1 31 17 38 4 30 7 
54 8 9 10 28 3 14 15 6 5 16 11 23 39 18 2 1 4 30 7 31 17 
55 8 9 10 28 3 14 15 6 5 16 11 23 39 18 2 1 4 30 7 31 17 
56 8 9 10 28 3 14 15 6 5 16 11 23 18 2 1 17 4 30 7 40 31 
57 8 9 10 28 3 14 15 6 5 16 11 23 18 2 1 31 17 41 4 30 7 
58 8 9 10 28 3 14 15 6 5 16 11 23 39 18 2 1 4 30 7 31 17 
59 8 9 10 28 3 14 15 6 5 16 17 11 23 39 18 2 1 4 30 7 42 31 
60 8 9 10 28 3 14 15 6 5 16 17 11 23 39 18 2 1 4 30 31 43 7 
61 8 9 10 28 3 14 15 6 5 16 17 11 23 39 18 2 1 4 30 7 31 43 44 
62 8 9 10 28 3 14 15 6 5 16 17 11 23 39 18 2 1 4 30 7 31 43 45 
63 8 9 10 28 3 14 15 6 5 16 17 11 23 39 18 2 1 4 30 7 31 46 
64 8 9 10 28 3 14 15 6 5 16 17 11 23 39 18 2 1 4 30 7 31 
65 8 9 10 28 3 14 15 6 5 16 17 11 23 39 18 2 1 4 30 7 47 
66 8 9 10 28 3 14 15 6 5 16 17 11 23 39 18 2 1 48 4 30 7 
67 8 9 10 28 3 7 14 15 4 6 5 16 17 11 49 23 39 18 2 1 
68 8 9 10 28 3 7 14 15 4 6 5 16 17 11 49 23 39 18 2 1 
69 8 9 10 28 3 14 15 6 5 16 17 11 23 39 18 2 1 4 30 7 50 31 
70 8 9 10 28 3 14 15 6 5 16 17 11 23 39 18 2 1 51 4 30 7 
71 8 9 10 28 3 7 14 15 4 6 5 16 17 11 49 23 39 18 2 1 
72 8 9 10 28 3 7 14 15 4 6 5 16 17 11 49 23 39 18 2 1 52 
73 8 9 10 28 3 7 14 15 4 6 5 16 17 11 49 23 39 18 2 1 
74 8 9 10 28 3 7 14 15 4 6 5 16 17 11 49 23 39 18 1 53 2 
75 8 9 10 28 3 7 14 15 4 6 5 16 17 11 49 23 39 18 2 1 
76 8 9 10 28 3 7 14 15 4 6 5 16 17 11 49 23 39 18 2 1 
77 8 9 10 28 3 7 14 15 4 6 5 16 17 11 49 23 39 18 1 54 2 
78 8 9 10 28 3 7 14 15 4 6 5 16 17 11 49 23 39 18 2 1 
79 8 9 10 28 3 7 14 15 4 6 5 16 17 11 49 23 39 18 2 1 55 
80 8 9 10 28 3 7 14 15 4 6 5 16 17 11 49 23 39 18 2 1 
81 8 9 10 28 1 3 7 14 15 4 6 5 16 17 11 49 23 39 18 56 2 
82 8 9 10 28 1 3 7 14 15 4 6 5 16 17 11 2 49 23 39 18 
83 8 9 10 28 1 3 7 14 15 4 6 5 16 17 11 2 49 23 39 18 
84 8 9 10 28 1 3 7 14 15 4 6 5 16 17 11 49 23 39 18 57 2 
85 8 9 10 28 1 3 7 14 15 4 6 5 16 17 11 2 49 23 39 18 
86 8 9 10 28 1 3 7 14 15 4 6 5 16 17 11 2 49 23 39 18 58 
87 8 9 10 28 1 3 7 14 15 4 6 5 16 17 11 2 49 23 39 58 18 
88 8 9 10 28 1 3 7 14 15 4 6 5 16 17 11 2 49 23 39 58 18 59 
89 8 9 10 28 1 3 18 7 14 15 4 6 5 16 17 11 2 49 23 39 58 
90 8 9 10 28 1 3 18 7 14 15 4 6 5 16 17 11 39 49 23 58 2 
91 8 9 10 28 1 3 18 7 14 15 4 6 5 16 17 11 39 2 49 58 23 
92 8 9 10 28 1 3 18 7 14 15 4 6 5 16 17 11 39 2 49 60 58 23 
93 8 9 10 28 1 3 18 7 14 15 4 6 5 16 17 11 39 23 2 49 60 61 58 
94 8 9 10 28 1 3 18 7 14 15 4 6 5 16 17 11 39 23 58 2 
95 8 9 10 28 1 3 18 7 14 15 4 6 5 16 17 11 2 39 58 23 
96 8 9 10 28 1 3 18 7 14 15 4 6 5 16 17 11 2 39 62 58 23 
97 8 9 10 23 28 1 3 18 7 14 15 4 6 5 16 17 11 2 39 62 63 58 
98 8 9 10 23 28 1 3 18 7 14 15 4 6 5 16 17 11 58 2 
99 8 9 10 23 28 1 3 2 18 7 14 15 4 6 5 16 17 11 
100 8 9 10 23 28 1 3 2 18 7 14 15 4 6 5 16 17 11 
101 8 9 10 28 1 3 18 7 14 15 4 6 5 16 17 11 49 39 23 58 2 
102 8 9 10 28 1 3 18 7 14 15 4 6 5 16 17 11 49 2 39 58 23 
103 8 9 10 28 1 3 18 7 14 15 4 6 5 16 17 11 49 2 64 39 58 23 
104 8 9 10 28 1 3 18 7 14 15 4 6 5 16 17 11 49 23 2 64 39 65 58 
105 8 9 10 28 1 3 18 7 14 15 4 6 5 16 17 11 49 23 58 2 
106 8 9 10 28 1 3 18 7 14 15 4 6 5 16 17 11 2 49 58 23 
107 8 9 10 28 1 3 18 7 14 15 4 6 5 16 17 11 2 66 49 58 23 
108 8 9 10 23 28 1 3 18 7 14 15 4 6 5 16 17 11 2 66 49 67 58 
109 8 9 10 23 28 1 3 18 7 14 15 4 6 5 16 17 11 58 2 
110 8 9 10 23 28 1 3 2 18 7 14 15 4 6 5 16 17 11 
111 68 8 9 10 23 28 1 3 2 18 7 14 15 4 6 5 16 17 11 
112 68 8 9 10 23 28 1 3 2 18 7 14 15 4 6 5 16 11 17 
113 68 8 9 10 23 28 1 3 2 18 7 14 15 4 6 5 16 11 17 69 
114 68 8 9 10 23 28 1 3 2 18 7 14 15 4 6 5 16 11 17 
115 8 3 2 7 14 15 4 6 5 16 11 17 9 10 1 70 28 23 18 
116 8 3 2 7 14 15 4 6 5 16 11 17 9 10 1 70 28 23 18 71 
117 8 3 2 18 7 14 15 4 6 5 16 11 17 9 10 1 70 28 23 
118 8 23 28 3 2 18 7 14 15 4 6 5 16 11 17 9 10 1 70 
119 8 23 28 3 2 18 7 14 15 4 6 5 16 11 17 9 10 1 70 
120 8 23 28 3 2 7 14 15 4 6 5 16 11 17 9 10 1 70 18 72 
121 8 23 28 3 2 18 7 14 15 4 6 5 16 11 17 9 10 1 70 
122 8 23 28 3 2 18 7 14 15 4 6 5 16 11 17 9 10 1 70 
123 68 8 23 28 3 2 18 7 14 15 4 6 5 16 11 17 70 9 10 1 
124 68 8 23 28 3 2 18 7 14 15 4 6 5 16 11 17 9 10 70 1 73 
125 68 8 23 28 3 2 18 7 14 15 4 6 5 16 11 17 9 10 70 1 
126 68 8 23 28 3 18 7 14 15 4 6 5 16 11 17 70 2 9 10 1 74 
127 68 8 23 28 3 18 7 14 15 4 6 5 16 11 17 70 2 9 10 1 
128 68 8 23 28 3 18 7 14 15 4 6 5 16 11 17 9 10 1 70 75 2 
129 68 8 23 28 3 18 7 14 15 4 6 5 16 11 17 9 10 1 70 2 
130 68 8 23 28 3 18 7 14 15 4 6 5 16 11 17 9 10 1 70 2 
131 68 8 23 28 3 18 7 14 15 4 6 5 16 11 17 9 10 1 70 76 2 
132 68 8 23 28 3 18 7 14 15 4 6 5 16 11 17 9 10 1 70 2 
133 68 8 23 28 3 2 18 7 14 15 4 6 5 16 11 17 9 10 70 1 
134 68 8 23 28 3 2 18 7 14 15 4 6 5 16 11 17 9 10 1 70 77 
135 68 8 23 28 3 2 18 7 14 15 4 6 5 16 11 17 9 10 1 70 
136 68 8 23 28 3 18 7 14 15 4 6 5 16 11 17 70 2 9 10 1 78 
137 68 8 23 28 3 18 7 14 15 4 6 5 16 11 17 70 2 9 10 1 
138 68 8 23 28 3 18 7 14 15 4 6 5 16 11 17 70 9 10 1 79 2 
139 68 8 23 28 3 18 7 14 15 4 6 5 16 11 17 70 2 9 10 1 
140 68 8 23 28 3 18 7 14 15 4 6 5 16 11 17 70 2 9 10 1 
141 68 8 23 28 3 18 7 14 15 4 6 5 16 11 17 70 9 10 1 80 2 
142 68 8 23 28 3 18 7 14 15 4 6 5 16 11 17 70 2 9 10 1 
143 68 8 23 28 3 18 7 14 15 4 6 5 16 11 17 9 10 1 70 81 2 
144 68 8 23 28 3 18 7 14 15 4 6 5 16 11 17 9 10 1 70 2 
145 68 8 23 28 3 2 18 7 14 15 4 6 5 16 11 17 9 10 1 
146 68 8 9 10 23 28 1 3 2 18 7 14 15 4 6 5 16 11 17 82 
147 68 8 9 10 23 28 1 3 2 18 7 14 15 4 6 5 16 11 17 
148 68 3 7 14 15 4 6 5 16 11 2 8 9 10 28 1 17 23 18 83 
149 68 3 7 14 15 4 6 5 16 11 2 18 8 9 10 28 1 17 23 
150 68 23 3 7 14 15 4 6 5 16 11 2 18 8 9 10 28 84 1 17 
151 68 23 3 7 14 15 4 6 5 16 11 2 18 8 9 10 28 84 1 85 
152 68 23 3 7 14 15 4 6 5 16 11 2 18 8 9 10 28 84 1 86 
153 68 23 3 7 14 15 4 6 5 16 11 2 18 8 9 10 28 84 1 
154 68 23 3 7 14 15 4 6 5 16 11 2 18 8 9 10 28 84 87 1 
155 68 23 3 7 14 15 4 6 5 16 11 2 18 8 9 10 28 84 87 1 
156 68 23 3 7 14 15 4 6 5 16 11 2 18 8 9 10 28 84 87 1 
157 68 8 9 10 23 28 1 3 2 18 7 14 15 4 6 5 16 11 
158 68 8 9 10 23 28 1 3 2 18 7 14 15 4 6 5 16 11 
159 68 8 9 10 23 28 1 3 2 7 14 15 4 6 5 16 11 17 18 88 
160 68 8 9 10 23 28 1 3 2 18 7 14 15 4 6 5 16 11 17 
161 68 23 3 7 14 15 4 6 5 16 11 2 18 8 9 10 89 28 1 17 
162 68 23 3 7 14 15 4 6 5 16 11 2 18 8 9 10 89 28 1 90 
163 68 23 3 7 14 15 4 6 5 16 11 2 18 8 9 10 89 28 1 91 
164 68 23 3 7 14 15 4 6 5 16 11 2 18 8 9 10 89 28 1 
165 68 23 3 7 14 15 4 6 5 16 11 2 18 8 9 10 89 28 92 1 
166 68 23 3 7 14 15 4 6 5 16 11 2 18 8 9 10 89 28 92 1 
167 68 23 3 7 14 15 4 6 5 16 11 2 18 8 9 10 89 28 92 1 
168 68 8 9 10 23 28 1 3 2 18 7 14 15 4 6 5 16 11 
169 68 8 9 10 23 28 1 3 11 2 18 7 14 15 4 6 5 16 
170 68 8 9 10 23 28 1 3 11 2 18 7 14 15 4 6 5 16 93 
171 68 8 9 10 23 28 1 3 11 2 18 7 14 15 4 6 5 16 
172 68 8 9 10 23 28 1 3 11 2 18 7 14 15 4 6 5 16 
173 68 8 10 23 28 1 3 11 2 18 7 14 15 4 6 5 9 94 16 
174 68 8 9 10 23 28 1 3 11 2 18 7 14 15 4 6 5 95 
175 68 8 9 10 23 28 1 3 11 2 18 7 14 15 4 6 5 95 
176 68 3 11 2 9 28 23 18 96 7 14 15 4 6 5 8 10 1 
177 68 3 11 2 9 28 23 18 96 7 14 15 4 6 5 1 8 10 97 
178 68 3 11 2 9 28 23 18 96 7 14 15 4 6 5 1 8 10 
179 68 3 11 2 9 10 28 23 18 96 7 98 14 15 4 6 5 1 8 
180 68 8 3 11 2 9 10 28 23 18 96 7 98 99 14 15 4 6 5 1 
181 68 8 3 11 2 9 10 1 28 23 18 96 7 98 99 14 15 100 4 6 5 
182 68 8 3 11 2 9 10 1 28 23 18 96 7 5 98 99 14 15 100 4 101 6 
183 68 8 3 11 2 9 10 1 102 28 23 18 96 4 7 5 
184 68 8 3 11 2 9 10 1 102 28 23 18 96 4 7 5 
185 68 8 3 11 2 9 10 28 23 18 96 7 103 4 6 5 1 
186 68 8 3 11 2 9 10 1 28 23 18 96 7 103 104 4 6 5 
187 68 8 3 11 2 9 10 1 28 23 18 96 7 5 103 104 4 105 6 
188 68 8 3 11 2 9 10 1 102 28 23 18 96 4 7 5 
189 68 8 3 11 2 9 10 1 102 28 23 18 96 4 106 7 
190 68 8 3 11 2 9 10 1 107 102 28 23 18 
191 68 8 3 11 2 9 10 1 107 102 28 23 108 18 
192 68 8 3 11 2 9 10 1 107 102 28 23 108 18 109 
193 68 8 3 11 2 9 10 1 107 102 28 23 108 18 
194 68 8 3 11 2 9 10 1 107 102 28 23 110 
195 68 8 23 28 3 11 2 9 10 1 110 
196 68 8 23 28 3 11 108 2 9 10 1 
197 68 8 23 28 3 11 108 2 9 10 1 
198 68 8 23 28 3 11 108 2 9 10 1 102 107 18 111 
199 68 8 23 28 3 11 108 2 9 10 1 102 107 
200 68 8 3 11 2 9 10 1 102 107 23 28 112 
201 68 8 23 28 3 11 2 9 10 1 112 
202 68 8 23 28 3 11 108 2 9 10 1 
203 68 8 23 28 3 11 108 9 10 1 113 2 
204 68 8 23 28 3 11 108 2 9 10 1 
205 68 8 9 10 23 28 1 3 11 108 114 2 
206 68 8 9 10 23 28 1 3 11 108 2 
207 68 8 9 10 23 28 1 3 11 
208 68 8 9 10 23 28 1 3 
209 68 8 9 10 23 28 1 115 
210 115 68 8 9 10 23 28 1 
211 
212 
