1 1 
2 2 1 
3 2 1 3 
4 2 1 
5 4 2 1 
6 4 2 5 
7 6 4 
8 4 
9 
10 2 1 7 
11 7 2 1 
12 2 8 1 
13 2 1 8 9 
14 2 1 10 8 
15 7 2 1 
16 7 11 1 
17 1 7 11 12 
18 1 13 7 
19 1 14 13 7 
20 1 14 13 7 15 
21 1 14 13 7 15 
22 7 1 14 13 16 
23 13 7 1 14 17 
24 13 7 1 18 14 
25 14 13 7 1 
26 14 13 7 19 
27 20 14 13 7 
28 20 14 13 7 21 
29 20 14 13 7 21 
30 7 20 14 13 22 
31 13 7 20 14 23 
32 13 7 20 14 24 
33 13 7 20 25 14 
34 14 13 7 
35 26 14 13 7 
36 26 27 14 13 7 
37 26 27 28 14 13 7 
38 26 27 28 14 29 13 
39 26 27 28 14 29 30 
40 26 27 28 31 14 
41 14 
42 
