1 1 
2 1 2 
3 1 3 2 
4 1 4 3 2 
5 5 1 4 3 2 
6 5 6 1 4 3 2 
7 5 6 1 4 3 7 
8 5 6 1 4 3 7 8 
9 5 6 1 8 4 3 7 
10 5 6 1 8 4 3 7 9 
11 5 6 1 8 4 10 3 7 
12 5 6 1 8 4 10 3 11 7 
13 5 6 7 1 8 4 10 3 11 12 
14 5 6 7 1 8 4 10 3 11 
15 8 7 1 4 6 5 10 11 3 13 
16 8 7 1 4 6 5 10 11 3 14 
17 8 7 1 4 6 5 10 11 3 15 14 
18 8 3 7 1 14 4 6 5 10 11 16 
19 8 3 7 1 14 4 6 5 10 11 
20 8 3 7 1 14 4 6 10 11 5 17 
21 8 3 7 1 14 4 6 10 11 5 18 
22 5 8 3 7 1 14 4 6 10 11 
23 5 8 3 7 1 14 4 10 11 6 19 
24 5 8 3 7 1 14 4 10 11 20 6 
25 5 6 8 3 7 1 14 4 10 11 
26 5 6 8 3 7 1 14 4 21 10 11 
27 5 6 8 3 7 1 14 4 21 10 11 22 
28 5 6 8 3 7 1 14 4 23 21 10 11 
29 5 6 8 3 7 1 10 11 14 4 23 21 24 
30 5 6 8 3 7 1 10 11 14 4 23 25 21 
31 5 6 8 3 7 1 4 10 11 21 14 
32 5 6 8 3 7 1 4 10 11 
33 5 6 8 10 3 7 11 1 4 26 
34 5 6 8 10 3 7 11 1 4 27 
35 5 6 8 10 3 7 11 28 1 
36 5 6 1 8 10 3 7 11 28 29 
37 5 6 1 8 4 10 3 7 11 
38 5 6 1 8 4 10 3 11 7 
39 5 6 1 8 4 10 3 11 7 
40 5 6 7 1 8 
41 6 7 1 5 30 8 
42 6 7 1 5 30 31 
43 6 7 1 5 30 32 
44 6 7 1 5 33 
45 5 6 7 1 
46 5 6 1 7 34 
47 5 6 1 7 34 35 
48 5 6 1 7 
49 5 6 1 11 7 
50 5 6 7 1 11 36 
51 5 6 7 11 1 
52 5 6 7 11 1 37 
53 5 6 7 11 1 37 38 
54 5 6 1 7 11 
55 5 6 1 7 11 
56 5 6 1 7 11 39 
57 5 6 1 7 11 39 40 
58 5 6 1 7 11 
59 5 6 1 11 7 
60 5 6 1 11 7 
61 5 6 41 
62 41 
63 
