1 1 
2 2 1 
3 2 3 1 
4 4 2 3 1 
5 4 5 2 3 1 
6 4 5 2 3 1 6 
7 4 5 6 2 3 1 
8 4 5 6 2 3 1 
9 4 5 6 2 1 3 7 
10 4 5 6 2 3 1 
11 4 5 2 6 1 3 8 
12 4 5 2 3 6 9 8 1 
13 4 5 2 3 6 9 1 
14 4 5 2 3 6 10 9 1 
15 4 1 5 2 3 6 10 9 11 
16 4 1 5 2 12 3 9 11 6 10 
17 9 6 2 4 1 10 13 5 
18 9 6 2 4 1 10 13 5 
19 9 6 2 4 1 10 13 14 
20 9 6 2 4 1 10 13 14 
21 9 6 2 4 1 10 13 5 
22 9 6 2 5 4 1 10 13 15 
23 9 6 2 5 4 1 
24 9 6 2 5 4 16 1 
25 9 6 2 5 4 1 16 17 
26 9 6 2 5 4 1 16 18 
27 9 6 2 5 4 16 1 
28 9 2 5 1 4 6 16 19 
29 9 2 5 16 1 4 6 20 
30 9 2 5 21 16 1 4 6 
31 9 2 5 22 21 16 1 4 6 
32 9 6 2 5 22 21 16 1 4 
33 9 2 5 21 16 1 4 23 6 
34 9 2 5 21 16 1 4 6 24 23 
35 9 2 5 21 16 1 4 6 23 
36 9 2 5 22 21 16 1 4 23 6 
37 9 6 2 5 22 21 16 1 4 
38 9 6 2 25 5 22 21 16 1 4 
39 9 6 4 2 25 5 22 21 16 1 
40 9 6 2 25 5 22 21 1 4 26 16 
41 9 6 2 25 5 22 21 16 1 4 27 
42 9 6 2 25 5 22 21 16 1 4 28 
43 9 6 4 2 25 5 22 21 16 1 
44 9 6 4 2 25 5 22 21 16 1 
45 9 6 4 1 2 25 5 22 21 29 16 
46 9 6 4 1 16 2 30 25 5 22 21 
47 9 6 2 5 4 1 16 
48 9 6 2 5 4 16 1 
49 9 6 2 5 4 16 1 
50 9 6 
51 
52 
