1 1 
2 1 2 
3 1 3 2 
4 1 4 3 2 
5 1 4 3 2 5 
6 1 6 4 3 2 5 
7 1 6 4 7 3 2 5 
8 1 6 4 8 7 3 2 5 
9 1 6 5 4 8 7 3 2 
10 1 6 5 4 8 7 3 2 9 
11 1 6 5 4 8 7 3 9 
12 1 6 5 4 9 8 7 3 
13 1 6 5 4 9 8 7 3 10 
14 1 6 5 4 9 10 8 7 
15 1 6 5 4 9 10 11 8 7 
16 1 6 5 4 9 10 11 8 
17 1 6 5 4 9 10 8 12 
18 1 6 5 4 9 10 8 12 
19 1 6 5 4 9 10 11 8 
20 1 6 5 4 9 10 11 13 8 
21 1 6 5 4 9 10 11 13 
22 1 6 5 4 9 10 11 14 
23 1 6 5 4 9 10 11 14 
24 1 6 5 4 9 10 11 13 
25 1 6 5 4 9 10 11 13 15 
26 1 6 5 15 4 9 10 
27 1 6 5 15 4 9 10 16 
28 1 6 5 15 16 
29 1 6 5 16 
30 1 6 16 
31 1 6 16 
32 1 16 6 
33 1 16 6 17 
34 1 18 16 6 17 
35 17 
36 17 19 
37 17 
38 
