15 5 
16 5 
17 15 
18 10 11 9 
19 10 11 9 
20 16 
21 18 
22 17 
23 19 
25 6 
26 16 4 20 7 
27 6 
28 17 4 22 8 
29 6 
30 13 
31 1 
32 25 
33 1 
34 26 2 
35 1 
36 27 2 
38 24 28 
40 4 
41 4 
42 23 30 23 31 29 
43 29 2 
45 4 
46 4 
47 33 21 34 21 32 
48 32 2 
51 4 
52 4 
53 21 36 21 37 35 
54 35 2 
56 4 
57 4 
58 39 23 40 23 38 
59 38 2 
61 13 
62 10 11 1 
64 24 42 
65 41 23 21 
68 24 43 
69 41 21 23 
70 41 
71 4 41 
72 45 
73 9 10 11 1 
74 46 2 
75 41 2 
76 1 
77 47 
78 1 
79 48 
80 10 11 1 
81 49 2 
83 10 11 1 
84 50 2 
85 10 11 1 
86 51 2 
87 41 2 
88 9 6 
89 12 16 17 52 21 23 24 1 
90 14 
91 14 44 9 10 11 1 
