1 1 
2 1 2 
3 1 2 
4 
5 1 2 3 
6 1 2 
7 1 4 
8 1 5 
9 1 5 
10 1 5 
11 6 1 5 
12 6 7 1 
13 1 6 7 8 
14 1 6 9 
15 6 9 10 1 
16 1 6 9 10 11 
17 1 6 11 9 10 12 
18 1 6 11 9 10 
19 6 13 1 
20 1 6 13 14 
21 1 9 6 
22 1 9 6 
23 9 6 1 10 15 
24 9 6 1 15 10 16 
25 9 6 1 15 10 
26 1 9 6 17 
27 1 9 6 18 
28 6 1 9 18 
29 9 6 1 
30 18 9 1 
31 1 18 19 
32 19 18 20 1 
33 19 1 18 21 20 
34 19 20 1 18 22 
35 18 19 20 1 
36 18 1 19 23 20 
37 18 1 19 24 
38 19 18 1 
39 6 19 1 
40 1 9 6 
41 1 9 6 25 
42 25 1 
43 
44 
