1 1 
2 1 2 
3 1 3 
4 1 4 
5 1 
6 1 5 
7 1 6 
8 1 6 7 
9 1 8 6 7 
10 1 8 9 6 7 
11 1 8 9 6 10 7 
12 1 8 9 6 7 10 11 
13 1 8 12 9 6 7 
14 1 7 8 12 9 13 6 
15 1 7 8 12 9 6 13 14 
16 1 7 8 12 9 6 13 15 
17 1 7 8 13 12 9 6 16 
18 1 7 8 13 17 12 9 6 
19 1 7 6 8 13 17 12 9 18 
20 1 7 6 8 13 17 12 9 19 
21 1 7 6 8 13 17 12 9 
22 1 7 6 20 8 13 17 12 9 
23 1 7 6 20 8 13 17 21 12 
24 1 7 6 12 20 8 21 13 17 
25 1 6 12 8 21 13 7 20 17 
26 1 6 12 8 21 13 7 20 22 17 
27 1 6 12 8 21 13 17 7 20 22 23 
28 1 6 20 12 8 21 13 17 7 22 
29 1 12 8 21 13 7 6 20 24 17 22 
30 1 12 8 21 13 7 17 22 6 25 20 24 
31 1 12 8 21 13 7 17 22 6 20 
32 1 12 8 21 13 7 17 22 6 20 26 
33 1 12 8 21 13 7 17 22 6 20 27 
34 1 12 8 21 13 7 17 22 6 20 28 
35 1 12 8 21 13 7 17 22 6 20 29 
36 1 12 8 21 13 7 17 22 6 20 
37 1 12 8 21 13 7 17 22 6 20 30 
38 1 12 8 21 13 7 17 22 6 20 31 
39 1 12 8 21 13 7 17 22 6 20 32 
40 1 12 8 21 13 7 17 22 6 20 33 
41 1 12 8 21 13 7 17 22 6 20 
42 1 12 8 21 13 7 17 22 6 20 34 
43 1 12 8 21 13 7 17 22 6 20 35 
44 1 12 8 21 13 7 17 22 6 20 36 
45 1 12 8 21 13 7 17 22 6 20 37 
46 1 12 8 21 13 7 17 22 20 6 
47 1 6 12 8 21 13 7 17 22 20 38 
48 1 6 12 8 21 13 7 20 17 22 39 
49 1 6 12 8 21 13 7 20 17 22 
50 1 6 12 8 21 13 7 20 22 17 
51 1 6 12 8 21 13 7 20 22 17 
52 1 7 6 20 8 13 17 12 21 
53 1 7 6 20 8 13 17 21 12 
54 1 7 6 20 8 13 17 21 12 
55 6 1 
56 6 40 1 
57 6 41 40 
58 40 
59 
60 1 7 6 8 13 17 12 9 42 
61 1 7 6 8 13 17 12 9 43 
62 1 7 6 8 13 17 12 9 
63 1 7 6 8 13 17 44 12 
64 1 7 6 12 8 44 13 17 
65 1 6 12 8 44 13 7 17 
66 1 6 12 8 44 13 7 21 17 
67 1 6 12 8 44 13 17 7 21 45 
68 1 6 12 8 44 13 17 7 21 
69 1 6 12 8 44 13 7 46 17 21 
70 1 6 12 8 44 13 7 46 17 21 47 
71 1 6 12 8 44 13 7 46 17 21 48 
72 1 6 12 8 44 13 7 46 17 21 49 
73 1 6 12 8 44 13 7 46 17 21 50 
74 1 6 12 8 44 13 7 17 46 
75 1 6 12 8 44 13 7 21 17 46 
76 1 6 12 8 44 13 7 21 17 46 51 
77 1 6 12 8 44 13 7 21 17 46 52 
78 1 6 12 8 44 13 7 21 17 46 53 
79 1 6 12 8 44 13 7 21 17 46 54 
80 1 6 12 8 44 13 7 17 21 
81 1 6 12 8 44 13 7 46 17 21 
82 1 6 12 8 44 13 7 46 17 21 55 
83 1 6 12 8 44 13 7 46 17 21 56 
84 1 6 12 8 44 13 7 46 17 21 57 
85 1 6 12 8 44 13 7 46 17 21 58 
86 1 6 12 8 44 13 7 17 46 
87 1 6 12 8 44 13 7 21 17 
88 1 6 12 8 44 13 7 21 17 
89 1 7 6 8 13 17 12 44 
90 1 7 6 8 13 17 44 12 
91 1 7 6 8 13 17 44 12 
92 6 1 
93 6 59 1 
94 6 60 59 
95 59 
96 
97 1 7 6 8 13 17 44 12 
98 1 7 6 12 8 44 13 17 
99 1 6 12 8 44 13 7 17 
100 1 6 12 8 44 13 7 46 17 
101 1 6 12 8 44 13 17 7 46 61 
102 1 6 12 8 44 13 17 7 46 
103 1 6 12 8 44 13 7 17 46 62 
104 1 6 12 8 44 13 7 17 46 63 
105 1 6 12 8 44 13 7 17 46 64 
106 1 6 12 8 44 13 7 17 46 65 
107 1 6 12 8 44 13 7 17 46 
108 1 6 12 8 44 13 7 46 17 
109 1 6 12 8 44 13 7 46 17 
110 1 7 6 8 13 17 12 44 
111 1 7 6 8 13 17 44 12 
112 1 7 6 8 13 17 44 12 
113 6 1 
114 6 66 1 
115 6 67 66 
116 66 
117 
