1 1 
2 2 1 
3 3 2 1 
4 3 2 4 1 
5 3 2 4 5 1 
6 3 2 4 6 5 1 
7 3 2 7 4 6 5 1 
8 3 2 7 4 6 5 8 1 
9 3 2 7 4 6 5 8 9 1 
10 3 2 7 4 6 5 8 9 10 1 
11 3 2 7 4 6 5 8 9 10 1 
12 3 2 7 4 6 1 5 9 10 8 12 
13 3 2 7 4 6 1 5 9 10 8 
14 
15 8 3 2 9 7 10 4 6 1 5 13 
16 8 3 2 9 7 13 10 4 6 1 5 
17 
18 8 14 3 2 9 7 13 10 4 6 5 1 
19 8 14 3 2 9 7 13 1 10 15 4 6 5 
20 8 14 3 2 9 7 13 5 1 10 15 4 16 6 
21 8 14 3 2 9 7 13 17 10 4 6 5 1 
22 8 14 3 2 9 1 7 13 17 10 18 4 6 5 
23 8 14 3 2 9 1 7 5 13 17 10 18 4 19 6 
24 8 14 3 6 2 9 10 1 4 7 5 13 17 20 
25 8 20 14 3 6 2 9 10 1 4 7 5 13 21 17 
26 8 20 14 17 22 3 6 2 9 10 1 4 7 5 13 
27 8 20 13 14 17 22 3 6 2 9 10 1 23 4 7 5 
28 8 20 13 14 17 22 3 6 5 2 9 10 1 23 4 24 7 
29 8 20 13 14 17 25 22 3 7 4 6 5 2 9 10 1 
30 8 20 13 14 17 25 22 3 7 4 6 5 9 10 1 26 2 
31 8 20 13 14 17 25 22 3 7 4 6 5 2 9 10 1 
32 8 20 13 9 14 17 25 22 1 3 7 4 6 5 10 27 2 
33 8 20 13 9 2 14 17 25 22 1 3 7 4 6 5 10 
34 8 20 13 9 10 2 14 17 25 22 1 3 7 4 6 5 
35 20 13 10 2 14 17 25 22 1 3 7 4 6 5 9 28 8 
36 8 20 13 9 10 2 14 17 25 22 1 3 7 4 6 5 29 
37 8 20 13 9 10 2 14 17 25 22 1 3 7 4 6 5 29 
38 8 20 13 9 22 25 2 14 17 3 30 7 4 6 5 1 10 
39 8 20 13 9 22 25 2 14 17 3 30 7 10 31 4 6 5 1 
40 8 20 13 9 22 25 2 14 17 3 30 7 1 10 31 32 4 6 5 
41 8 20 13 9 22 25 2 14 17 3 30 7 5 1 10 31 32 4 33 6 
42 8 20 13 9 22 25 2 14 17 3 30 7 34 4 6 5 1 10 
43 8 20 13 9 10 22 25 2 14 17 3 30 7 34 35 4 6 5 1 
44 8 20 13 9 10 22 25 2 14 17 3 1 30 7 34 35 36 4 6 5 
45 8 20 13 9 10 22 25 2 14 17 3 1 30 7 5 34 35 36 4 37 6 
46 8 20 13 9 10 22 25 2 14 17 3 1 30 4 7 5 34 38 
47 8 20 13 9 10 22 25 2 14 17 3 1 30 4 7 5 39 34 
48 8 20 13 9 10 22 25 2 14 40 17 3 1 30 4 7 5 
49 8 20 13 9 10 22 25 2 14 40 17 3 1 30 4 41 7 
50 8 20 13 9 10 22 25 2 14 40 42 17 3 1 
51 8 20 13 9 10 22 25 2 14 40 42 17 1 3 43 
52 8 20 13 9 10 22 25 2 14 40 42 17 1 3 
53 8 20 13 9 10 22 25 2 14 42 1 3 17 40 44 
54 8 20 13 9 10 22 25 2 14 42 1 3 44 45 17 40 
55 8 20 13 9 10 22 25 2 14 42 1 3 40 44 17 45 46 
56 8 20 13 9 10 22 25 2 14 42 1 3 40 44 17 47 
57 8 20 13 9 10 22 25 2 14 42 1 3 40 44 17 
58 8 20 13 9 10 22 25 2 14 42 1 3 40 48 
59 8 20 13 9 10 22 25 2 14 42 1 3 40 44 
60 8 20 13 9 10 22 25 2 14 42 1 3 40 49 
61 8 20 13 9 10 22 25 2 14 40 42 17 1 3 
62 8 20 13 9 10 22 25 3 2 50 14 40 42 17 1 
63 8 20 13 9 10 22 2 14 17 42 25 1 3 
64 8 20 13 9 10 22 3 2 51 14 17 42 25 1 
65 8 20 13 9 10 2 14 17 25 22 1 3 
66 8 3 20 13 9 10 2 52 14 17 25 22 1 
67 8 25 22 17 14 3 2 20 13 9 10 1 
68 8 9 10 1 25 22 17 14 3 2 20 13 53 
69 8 9 10 1 25 22 17 14 3 2 20 13 
70 22 17 3 2 14 8 9 10 20 25 1 54 
71 22 17 3 2 14 8 9 10 20 25 1 55 
72 22 17 3 2 14 8 9 10 20 25 1 
73 22 17 3 2 14 8 9 10 20 25 56 1 
74 22 17 3 2 14 8 9 10 20 25 56 1 
75 22 17 3 2 14 8 9 10 20 25 56 1 
76 8 9 10 1 25 22 17 14 3 
77 8 9 10 1 25 22 17 14 57 
78 57 8 9 10 1 25 22 17 14 
79 57 8 9 10 1 25 22 17 14 58 
80 57 8 9 10 1 25 58 22 17 14 
81 57 8 9 10 1 25 58 22 17 14 59 
82 57 8 9 10 1 25 58 22 17 
83 57 8 9 10 1 17 25 60 58 
84 57 8 9 10 58 1 
85 57 8 9 10 58 1 
86 57 8 9 10 1 61 58 22 17 
87 57 8 9 10 1 61 17 62 58 
88 57 8 9 10 58 1 
89 
90 
