1 1 
2 2 1 
3 2 3 1 
4 2 3 4 1 
5 1 2 3 4 5 
6 2 4 3 1 
7 2 4 1 3 6 
8 2 7 4 1 
9 2 7 1 4 8 
10 2 9 7 1 
11 2 9 1 10 7 
12 2 7 9 1 
13 1 2 7 11 9 
14 1 2 9 7 
15 2 9 1 12 7 
16 7 2 9 1 
17 1 7 2 13 9 
18 1 9 7 2 
19 1 
20 1 
21 14 9 7 1 2 
22 14 9 7 1 2 15 
23 14 9 7 1 2 
24 9 7 1 2 16 
25 14 9 7 1 2 
26 14 9 7 17 1 2 
27 14 9 7 17 1 2 18 
28 14 9 7 17 1 2 
29 14 9 7 1 19 
30 14 9 7 17 1 
31 14 9 7 1 17 20 
32 14 9 7 1 17 21 
33 14 9 7 1 17 
34 14 9 1 7 
35 7 14 1 9 
36 9 7 14 1 
37 9 7 14 1 
38 9 7 14 1 17 22 
39 9 7 14 1 17 23 
40 9 7 14 1 17 
41 14 9 1 7 
42 7 14 1 9 
43 9 7 14 1 
44 9 7 1 14 24 
45 9 7 1 14 25 
46 9 7 1 14 
47 9 1 7 
48 1 9 
49 1 
50 1 
51 1 9 7 14 26 
52 1 9 7 14 27 
53 1 9 7 14 
54 9 1 7 
55 1 9 
56 1 
57 
58 
