7 6 
8 1 
9 7 
10 8 
11 9 
12 10 
13 9 
14 11 
15 12 
16 12 1 
17 13 1 
18 12 14 6 
20 1 
21 15 
22 16 
23 9 
24 17 
25 9 
26 18 
27 19 
28 19 1 
29 13 1 
30 19 20 6 
33 21 
34 4 
35 1 
36 4 
37 24 23 
38 22 25 
39 6 
40 27 
41 28 
42 29 
43 28 
44 30 
45 31 
47 2 26 3 4 32 5 31 
48 33 
49 31 33 21 
51 4 
52 1 
53 4 
54 36 35 
55 34 37 
56 6 
57 38 
58 28 
59 39 
60 28 
61 40 
62 31 
64 2 26 3 4 41 5 31 
65 33 
66 31 33 21 
68 4 
69 1 
70 4 
71 44 43 
72 42 45 
73 6 
74 46 
75 28 
76 47 
77 28 
78 48 
79 31 
81 2 26 3 4 49 5 31 
82 33 
83 31 33 21 
85 4 
86 1 
87 4 
88 52 51 
89 50 53 
90 6 
91 54 
92 28 
93 55 
94 28 
95 56 
96 31 
98 2 26 3 4 57 5 31 
99 33 
100 31 33 21 
102 21 
