1 1 
2 1 
3 1 
4 1 
5 1 
6 1 
7 1 
8 2 1 
9 1 3 2 
10 1 3 4 2 
11 2 4 1 3 
12 2 4 1 5 3 
13 1 3 2 4 5 
14 2 4 3 5 1 6 
15 2 4 1 3 5 6 
16 2 4 3 5 1 6 7 
17 2 4 3 5 1 6 7 
18 2 4 3 5 1 6 8 
19 2 4 3 5 1 6 8 9 
20 2 4 3 5 1 6 8 
21 2 4 3 5 6 1 8 10 
22 2 4 3 5 6 8 1 11 
23 2 4 3 5 6 8 1 
24 2 4 3 5 1 6 8 12 
25 2 4 3 5 1 6 8 13 
26 2 4 3 5 1 6 8 
27 2 3 6 5 1 4 
28 2 4 3 6 1 5 
29 2 4 3 5 1 6 
30 2 4 3 5 1 14 
31 2 4 1 3 5 14 
32 2 4 3 5 1 15 
33 2 4 3 5 15 1 16 
34 2 4 1 3 5 15 
35 2 4 3 5 1 15 17 
36 2 4 3 5 15 1 18 
37 2 4 3 5 15 1 
38 2 4 3 5 1 15 19 
39 2 4 3 5 1 15 20 
40 2 4 1 3 5 15 
41 2 3 5 1 4 
42 2 4 3 1 5 
43 2 4 1 3 5 
44 2 4 1 5 3 
45 2 4 1 5 3 
46 1 3 4 2 
47 1 3 4 2 
48 
