1 1 
2 2 1 
3 2 3 1 
4 2 3 1 4 
5 4 2 3 1 
6 2 3 1 5 
7 2 3 1 5 
8 4 2 3 1 
9 4 1 2 3 6 
10 4 1 2 3 
11 4 1 7 
12 4 1 8 
13 4 1 
14 1 4 9 
15 1 10 4 
16 1 10 11 4 
17 4 1 
18 4 12 
19 13 4 
20 13 14 4 
21 4 
22 4 
23 4 1 15 
24 4 1 15 16 
25 4 1 
26 1 4 17 
27 1 18 4 
28 1 18 19 4 
29 4 1 
30 4 20 
31 21 4 
32 21 22 4 
33 4 
34 4 
35 4 2 3 1 23 
36 4 2 3 1 24 
37 4 2 3 1 25 
38 4 2 3 1 25 26 
39 4 2 3 1 25 
40 4 25 2 3 1 27 
41 4 25 2 3 1 28 
42 4 2 3 1 25 28 
43 25 2 3 4 28 29 1 
44 25 2 1 3 30 4 28 
45 4 2 3 1 25 
46 4 2 3 1 25 
47 
