1 1 
2 2 1 
3 2 1 3 
4 2 1 3 4 
5 2 1 3 5 4 
6 2 1 3 6 5 4 
7 2 1 3 6 5 4 7 
8 2 1 3 6 5 4 
9 5 2 1 3 
10 5 2 1 8 3 
11 5 2 1 8 9 
12 6 5 2 1 
13 6 5 2 1 
14 6 5 2 1 3 10 
15 6 5 2 1 3 
16 5 2 1 3 
17 5 2 1 11 3 
18 5 2 1 11 12 
19 6 5 2 1 
20 6 5 2 1 13 
21 6 5 2 1 
22 6 5 1 2 14 
23 6 5 15 1 
24 6 5 15 16 1 
25 6 5 15 16 17 
26 6 5 15 18 
27 19 6 5 
28 6 19 20 
29 6 21 
30 22 
31 
32 6 5 1 2 23 
33 6 5 24 1 
34 6 5 24 25 1 
35 6 5 24 25 26 
36 6 5 24 27 
37 28 6 5 
38 5 28 29 
39 5 30 
40 31 
41 
