1 1 
2 1 2 
3 3 1 
4 3 1 4 
5 3 1 
6 1 3 5 
7 1 3 6 
8 1 3 7 
9 3 1 
10 3 1 8 
11 3 1 
12 1 3 9 
13 1 3 10 
14 1 3 11 
15 3 1 
16 3 1 12 
17 3 1 
18 1 3 13 
19 1 3 14 
20 1 3 15 
21 3 1 
22 3 1 16 
23 3 1 
24 1 3 17 
25 1 3 18 
26 1 3 19 
27 3 1 
28 3 1 20 
29 3 1 
30 1 3 21 
31 1 3 22 
32 1 3 23 
33 3 1 
34 1 3 24 
35 1 3 25 
36 1 3 26 
37 1 3 27 
38 3 1 
39 1 3 28 
40 1 3 29 
41 1 3 30 
42 1 3 31 
43 3 1 
44 3 32 1 
45 3 1 32 33 
46 3 1 32 34 
47 3 1 32 
48 3 1 35 32 
49 3 1 32 36 
50 3 1 32 
51 1 3 37 32 
52 1 32 3 38 
53 3 1 32 
54 3 32 1 
55 3 32 1 
56 
