5 1 
6 5 
8 5 
9 1 
10 7 
11 8 6 
12 1 
13 9 3 10 5 
14 1 
15 12 
17 12 
18 1 
19 14 
20 15 13 
21 1 
22 16 3 17 12 
23 5 
24 1 
25 19 3 20 5 
26 5 
27 1 
28 22 3 23 5 
29 12 
30 1 
31 25 3 26 12 
32 12 
33 1 
34 28 3 29 12 
36 31 
37 31 
38 31 
39 31 
40 1 
41 32 
42 33 
43 9 19 
44 34 
45 16 28 
46 35 
47 1 
49 36 37 
51 30 18 
52 21 11 
53 18 30 
54 41 
55 11 21 
56 43 
57 39 40 42 44 38 
58 31 38 
61 21 11 
62 30 18 
63 11 21 
64 48 
65 18 30 
66 50 
67 46 47 49 51 45 
68 31 45 
70 1 
71 52 
72 53 
73 9 22 
74 54 
75 16 28 
76 55 
77 1 
79 56 57 
81 30 18 
82 24 11 
83 18 30 
84 61 
85 11 24 
86 63 
87 59 60 62 64 58 
88 31 58 
91 11 24 
92 30 18 
93 11 24 
94 68 
95 18 30 
96 70 
97 66 67 69 71 65 
98 31 65 
100 1 
101 72 
102 73 
103 9 19 
104 74 
105 16 25 
106 75 
107 1 
109 76 77 
111 27 18 
112 21 11 
113 18 27 
114 81 
115 11 21 
116 83 
117 79 80 82 84 78 
118 31 78 
121 21 11 
122 27 18 
123 11 21 
124 88 
125 18 27 
126 90 
127 86 87 89 91 85 
128 31 85 
130 1 
131 92 
132 93 
133 9 22 
134 94 
135 16 25 
136 95 
137 1 
139 96 97 
141 27 18 
142 24 11 
143 18 27 
144 101 
145 11 24 
146 103 
147 99 100 102 104 98 
148 31 98 
151 11 24 
152 27 18 
153 11 24 
154 108 
155 18 27 
156 110 
157 106 107 109 111 105 
158 31 105 
160 4 
161 2 
162 1 
163 113 
164 114 2 
166 115 
167 1 
168 116 115 
169 117 
170 31 115 
171 118 
172 1 
173 119 115 
174 120 2 
175 31 115 
176 121 2 
177 115 
179 112 2 
