1 1 
2 2 1 
3 3 2 1 
4 4 3 2 1 
5 4 3 5 2 1 
6 4 6 3 5 2 1 
7 1 4 6 3 5 2 
8 1 2 4 6 3 5 
9 1 2 5 3 4 6 7 
10 1 2 8 5 3 4 6 
11 1 2 8 6 5 4 3 9 
12 1 2 10 8 6 5 4 3 
13 1 2 10 8 11 6 5 4 
14 1 2 10 12 8 11 6 5 
15 1 2 13 10 12 8 11 6 5 
16 1 2 13 10 12 8 11 6 
17 1 2 13 10 12 8 11 
18 1 2 13 10 12 8 11 
19 1 2 11 14 13 8 10 12 
20 1 2 11 12 14 15 13 10 8 
21 1 2 11 12 14 15 13 16 10 8 
22 1 2 11 12 14 15 13 17 16 10 
23 1 2 11 12 14 15 13 17 18 16 
24 1 2 11 12 14 15 13 16 
25 1 16 2 11 12 14 15 19 13 
26 1 16 2 11 12 14 15 19 
27 1 16 20 2 11 12 19 14 15 
28 1 16 20 2 11 12 21 19 
29 1 16 20 19 2 11 12 
30 1 16 20 19 2 11 12 22 
31 1 16 20 19 22 2 
32 1 16 20 19 
33 1 16 19 
34 1 16 
35 1 16 
36 1 16 19 2 11 12 23 
37 1 16 19 23 2 
38 1 16 
39 24 1 
40 
41 
