1 2 
2 3 
3 4 
4 5 
5 6 
6 7 
7 8 
8 9 
9 10 
10 11 14 
11 12 
12 13 14 
13 14 
14 15 
15 16 
16 17 
17 18 
18 19 
19 20 
20 21 
21 22 
22 23 29 
23 24 29 
24 25 
25 26 
26 27 
27 28 29 
28 29 
29 30 
30 31 
31 32 190 
32 33 
33 34 35 
34 35 
35 36 
36 37 188 
37 38 
38 39 80 
39 40 
40 41 
41 42 
42 43 
43 44 
44 45 
45 46 
46 47 78 
47 48 
48 49 55 
49 50 
50 51 
51 52 
52 53 
53 54 
54 156 
55 56 
56 57 63 
57 58 
58 59 
59 60 
60 61 
61 62 
62 156 
63 64 72 
64 65 
65 66 68 
66 67 
67 71 
68 69 
69 70 
70 71 
71 156 
72 73 
73 74 
74 75 
75 76 
76 77 
77 156 
78 79 
79 156 
80 81 82 
81 82 
82 83 91 
83 84 
84 85 
85 86 
86 87 
87 88 
88 89 
89 90 
90 102 
91 92 
92 93 
93 94 
94 95 
95 96 
96 97 
97 98 
98 99 
99 100 
100 101 
101 102 
102 103 
103 104 154 
104 105 151 
105 106 115 
106 107 115 
107 108 
108 109 
109 110 
110 111 115 
111 112 
112 113 
113 114 
114 156 
115 116 
116 117 129 
117 118 
118 119 
119 120 122 
120 121 
121 123 
122 123 
123 124 
124 125 
125 126 
126 127 
127 128 
128 156 
129 130 
130 131 143 
131 132 
132 133 
133 134 136 
134 135 
135 137 
136 137 
137 138 
138 139 
139 140 
140 141 
141 142 
142 156 
143 144 
144 145 147 
145 146 
146 150 
147 148 
148 149 
149 150 
150 156 
151 152 
152 153 
153 156 
154 155 
155 156 
156 157 
157 158 159 
158 
159 160 
160 161 
161 162 186 
162 163 
163 164 
164 165 175 
165 166 
166 167 171 
167 168 
168 169 
169 170 
170 182 
171 172 
172 173 
173 174 
174 182 
175 176 
176 177 180 
177 178 
178 179 
179 182 
180 181 
181 182 
182 183 
183 184 
184 185 
185 186 
186 187 
187 36 
188 189 
189 31 
190 
