14 6 
15 10 9 
16 10 11 1 
17 10 11 1 
18 16 2 
19 17 2 
20 10 11 9 
21 10 11 9 
22 19 
23 20 
24 1 
26 19 
27 6 
28 18 4 22 7 
29 6 
30 21 4 24 8 
31 25 6 4 
32 1 
33 26 
34 19 
35 27 
37 28 
38 1 28 
39 1 
40 6 
41 29 4 30 8 
42 31 6 4 
44 14 32 
45 1 
46 23 
47 31 
48 34 35 33 
51 14 36 
52 1 
53 31 
54 23 
55 38 39 37 
56 11 
57 11 
58 10 40 9 
59 19 
60 42 
61 19 
63 11 
64 10 44 9 
65 43 
66 45 
67 1 
69 43 
70 6 
71 41 4 47 7 
72 6 
73 46 4 48 8 
74 49 6 4 
75 19 
76 50 
77 31 
78 25 
79 49 25 
80 51 
81 1 
82 23 31 
83 52 53 
84 31 54 
86 14 56 
87 1 
88 55 
89 49 
90 58 59 57 
91 1 
92 55 
93 25 
94 61 62 60 
97 14 63 
98 1 
99 49 
100 55 
101 65 66 64 
102 1 
103 25 
104 55 
105 68 69 67 
107 19 
108 71 
110 14 72 
111 1 
112 23 
113 25 
114 74 75 73 
117 14 76 
118 1 
119 25 
120 23 
121 78 79 77 
122 1 
123 80 
124 10 11 1 
126 14 81 
127 70 23 25 
130 14 82 
131 70 25 23 
132 1 
133 83 
134 70 2 
136 70 2 
139 14 84 
141 23 
142 25 
143 86 87 85 
144 85 
147 14 88 
149 25 
150 23 
151 90 91 89 
152 89 
153 1 
154 92 
155 11 
156 1 
157 93 
158 15 
159 11 94 
160 19 
161 95 
162 1 
163 6 
164 96 4 97 8 
165 31 6 4 
167 14 98 
168 1 
169 23 
170 31 
171 100 101 99 
174 14 102 
175 1 
176 31 
177 23 
178 104 105 103 
179 1 
180 106 2 
181 1 
182 107 
183 6 
184 108 2 
185 6 
186 109 2 
187 1 
188 110 2 
189 1 
190 19 
191 111 
192 9 6 
193 12 18 19 112 23 25 14 1 
194 3 
195 113 
196 70 
197 113 70 9 10 11 1 
