1 1 
2 2 1 
3 1 2 
4 2 1 3 
5 1 2 
6 1 4 2 
7 2 1 5 4 
8 2 1 4 
9 1 2 
10 2 1 6 
11 1 2 
12 1 7 2 
13 2 1 8 7 
14 2 1 7 
15 1 2 
16 2 1 9 
17 1 2 
18 2 1 10 
19 2 1 
20 2 1 11 
21 2 11 1 
22 1 2 
23 1 2 12 
24 1 2 12 13 
25 1 2 13 12 
26 1 2 12 
27 1 2 12 14 
28 1 2 12 14 15 
29 1 2 12 14 16 
30 1 2 17 12 
31 12 1 2 
32 12 1 2 18 
33 12 1 2 18 19 
34 12 1 2 19 18 
35 12 1 2 18 
36 12 1 2 20 18 
37 12 1 2 18 
38 12 1 2 18 21 
39 12 1 2 18 21 22 
40 12 1 2 18 23 21 
41 12 1 2 21 18 
42 12 18 1 2 
43 12 18 1 24 2 
44 2 12 18 1 25 24 
45 2 12 18 1 24 
46 2 12 18 1 
47 2 12 1 26 18 
48 2 12 1 18 
49 2 12 1 18 27 
50 2 12 1 27 18 
51 2 12 1 18 
52 2 12 1 18 28 
53 2 12 1 18 28 29 
54 2 12 1 18 30 28 
55 2 12 1 28 18 
56 2 12 18 1 
57 2 12 18 31 1 
58 2 12 18 1 32 31 
59 2 12 18 1 31 
60 2 12 18 1 
61 2 12 1 33 18 
62 2 12 18 1 
63 2 12 18 1 34 
64 2 12 18 1 34 35 
65 2 12 18 1 36 34 
66 2 12 18 1 34 
67 2 12 18 1 34 
68 2 12 1 34 18 
69 2 12 1 18 
70 2 12 1 18 37 
71 2 12 1 18 37 38 
72 2 12 1 18 39 37 
73 2 12 1 37 18 
74 2 12 18 1 
75 2 12 1 40 18 
76 2 12 18 1 
77 2 12 18 1 41 
78 2 12 18 1 41 42 
79 2 12 18 1 43 41 
80 2 12 18 1 41 
81 2 12 18 1 41 
82 2 1 12 41 18 
83 2 1 18 12 
84 2 12 1 
85 2 1 
86 2 1 44 
87 2 1 44 45 
88 2 1 45 44 
89 2 1 44 
90 2 1 
91 2 1 46 
92 2 1 46 47 
93 2 1 47 46 
94 2 1 46 
95 2 1 46 48 
96 2 1 46 48 49 
97 2 1 46 48 50 
98 2 1 51 46 
99 46 2 1 
100 46 2 1 52 
101 46 2 1 52 
102 46 2 1 
103 46 1 2 53 
104 46 1 2 54 53 
105 46 1 2 
106 46 1 2 55 
107 46 1 2 55 56 
108 46 1 2 56 55 
109 46 1 2 55 
110 46 1 2 57 55 
111 46 55 1 2 
112 46 55 1 58 2 
113 46 55 1 58 2 59 
114 46 55 1 60 58 2 
115 46 2 55 1 60 61 58 
116 46 2 55 1 58 
117 46 2 55 1 
118 46 2 1 62 55 
119 46 2 1 55 
120 46 2 1 55 63 
121 46 2 1 63 55 
122 46 2 1 55 
123 46 2 1 55 64 
124 46 2 1 64 55 
125 46 2 1 55 
126 46 2 1 55 65 
127 46 2 1 55 65 66 
128 46 2 1 55 67 65 
129 46 2 1 65 55 
130 46 2 55 1 
131 46 2 55 68 1 
132 46 2 55 1 69 68 
133 46 2 55 1 68 
134 46 2 55 1 
135 46 2 1 70 55 
136 46 2 55 1 
137 46 2 55 1 71 
138 46 2 55 1 71 72 
139 46 2 55 1 73 71 
140 46 2 55 1 71 
141 46 2 55 1 71 
142 46 1 2 71 55 
143 46 55 1 2 
144 46 55 1 74 2 
145 46 55 1 74 2 75 
146 46 55 1 76 74 2 
147 46 55 1 76 77 74 
148 46 55 1 74 
149 46 55 1 
150 46 1 78 55 
151 46 1 55 
152 46 1 55 79 
153 46 1 79 55 
154 46 1 55 
155 46 1 55 80 
156 46 1 80 55 
157 46 55 1 
158 46 1 55 81 
159 46 1 55 81 82 
160 46 1 83 55 81 
161 46 1 
162 1 84 46 
163 46 1 
164 1 46 85 
165 1 
166 1 86 
167 1 86 87 
168 1 87 86 
169 1 86 
170 1 
171 88 1 
172 1 89 88 
173 1 
174 90 1 
175 
176 
