1 1 
2 2 1 
3 2 1 
4 2 4 1 
5 5 2 4 1 
6 5 2 4 1 6 
7 6 5 2 4 1 
8 5 2 4 1 7 
9 5 2 4 1 7 
10 6 5 2 4 1 
11 6 5 2 4 1 8 
12 6 5 2 4 1 
13 
14 5 6 2 4 1 9 
15 9 5 6 2 4 1 10 
16 9 5 6 2 4 1 
17 6 
18 
19 6 11 2 5 4 1 
20 6 11 12 2 5 4 1 
21 6 11 12 2 5 1 4 13 
22 6 11 12 2 5 1 4 
23 6 12 11 4 5 1 14 2 
24 6 12 11 2 4 5 1 
25 6 12 11 2 4 5 1 15 
26 6 12 11 2 15 4 5 1 
27 6 12 16 2 4 1 11 5 
28 6 12 5 16 2 4 1 11 17 
29 6 12 5 16 2 4 1 11 
30 6 12 5 16 2 4 18 1 
31 6 11 12 2 5 1 
32 6 11 12 2 5 1 
33 6 11 12 2 5 1 16 4 19 
34 6 11 12 2 5 1 16 4 
35 6 11 5 16 2 4 20 1 
36 6 11 12 2 5 1 
37 6 11 21 12 5 
38 5 6 11 21 12 22 
39 5 6 11 21 12 
40 5 6 23 11 
41 24 5 6 
42 6 
43 6 
44 6 5 12 21 25 
45 6 5 12 21 
46 5 6 23 12 
47 26 5 6 
48 6 
49 
