14 10 11 9 
15 10 11 9 
17 9 
18 17 
19 9 
20 10 11 18 
21 1 
22 16 19 
23 1 
24 14 21 
25 6 
26 22 4 23 7 
27 1 
28 15 25 
29 6 
30 26 4 27 8 
31 1 
32 14 29 
33 1 
34 30 31 
35 6 
36 32 4 33 7 
37 1 
38 15 35 
39 1 
40 36 37 
41 6 
42 38 4 39 8 
43 6 
45 42 41 
46 43 
48 28 40 
49 24 34 
50 40 28 
51 47 
52 24 34 
53 49 
54 45 46 48 50 44 
55 44 
58 24 34 
59 28 40 
60 34 24 
61 55 
62 40 28 
63 57 
64 53 54 56 58 52 
65 52 
66 20 2 
67 51 2 
68 1 
69 59 
70 1 
71 60 
72 10 11 1 
73 61 2 
74 10 1 
75 62 2 
76 51 2 
77 10 11 1 
78 63 
79 51 
80 51 
81 15 
82 66 
86 2 41 9 10 11 64 65 67 1 
87 9 6 
88 6 
89 14 4 69 7 
90 6 
91 15 4 71 8 
92 12 14 15 68 70 72 41 1 
93 3 
94 73 
95 51 
96 51 
97 73 51 9 10 11 74 75 1 
