1 1 
2 2 1 
3 3 2 1 
4 3 4 2 1 
5 3 4 2 1 5 
6 5 3 4 2 1 
7 5 3 4 1 6 2 
8 5 2 3 4 1 
9 5 2 3 4 1 7 
10 5 2 3 4 8 1 
11 5 2 3 4 8 9 1 
12 5 2 3 4 1 10 8 9 
13 5 11 2 3 4 1 10 8 9 
14 5 11 12 2 3 4 1 10 8 9 
15 5 11 12 2 3 4 1 10 8 9 
16 5 11 12 2 3 4 1 10 8 13 9 
17 5 9 11 12 2 3 4 1 10 8 13 
18 9 5 11 12 13 2 3 4 1 10 14 8 
19 11 12 8 9 5 13 2 3 4 1 10 15 
20 11 12 10 8 9 5 13 2 16 3 4 1 
21 11 12 3 10 8 9 5 4 17 13 2 16 1 
22 11 12 3 10 8 9 5 4 17 13 1 2 16 18 
23 11 12 3 10 8 9 5 4 17 13 1 2 16 18 
24 11 12 3 10 8 9 5 16 4 17 13 1 19 2 
25 11 12 3 10 8 9 5 16 4 17 13 1 19 2 
26 11 12 3 10 8 9 5 16 4 17 13 1 19 2 
27 11 12 3 10 8 9 5 16 4 17 13 1 19 2 20 
28 11 12 2 3 10 8 9 5 16 4 19 17 13 21 1 
29 11 12 2 3 10 8 9 5 16 4 1 19 17 13 21 22 
30 11 12 2 3 10 8 9 5 16 4 1 19 17 13 21 
31 11 12 2 3 10 8 9 5 16 4 1 19 17 13 23 
32 11 12 2 3 10 8 9 5 16 4 1 19 17 13 23 
33 11 12 2 3 10 8 9 5 16 4 1 19 17 13 23 
34 11 12 2 3 10 8 9 5 16 4 1 19 24 17 23 13 
35 11 12 2 3 10 8 9 5 16 4 1 19 24 17 25 23 13 
36 11 12 2 3 10 8 9 13 5 16 4 1 19 24 17 25 23 
37 12 2 3 10 8 9 13 5 16 4 1 19 24 25 17 11 26 
38 12 2 3 10 8 9 13 5 16 4 1 19 24 25 27 17 11 
39 11 12 2 3 10 8 9 13 5 16 4 1 19 24 17 25 27 28 
40 11 12 2 3 10 8 9 13 5 16 4 1 19 24 17 25 29 27 
41 11 12 2 3 10 8 9 13 5 16 4 1 19 24 17 25 30 
42 11 12 2 3 10 8 9 13 5 16 4 1 19 24 17 25 
43 11 12 2 3 10 8 9 13 5 16 4 1 19 24 17 25 
44 11 12 2 3 10 8 9 13 5 16 4 1 19 24 17 
45 11 12 2 3 10 8 9 13 5 19 16 4 1 
46 11 12 2 3 10 8 9 13 5 19 16 4 1 
47 11 2 3 10 8 9 13 5 19 16 4 1 24 
48 11 12 2 3 10 8 9 13 5 19 16 4 1 
49 11 12 2 3 10 8 9 13 5 19 16 4 31 1 
50 11 12 2 3 1 10 8 9 13 5 19 16 4 31 32 
51 11 12 2 3 1 10 8 9 13 5 19 16 4 31 
52 11 12 2 3 1 10 8 9 13 5 19 33 16 4 
53 11 12 2 3 1 10 8 9 13 5 19 33 34 16 4 
54 11 12 2 3 1 10 8 9 13 5 19 33 34 16 4 35 
55 11 12 2 3 4 1 10 8 9 13 5 19 33 34 16 
56 11 12 2 3 4 1 10 8 9 13 5 19 33 34 31 16 
57 11 12 2 3 4 1 10 8 9 13 5 19 33 34 31 16 
58 11 12 2 3 4 1 10 8 9 13 5 19 33 34 31 16 
59 11 12 2 3 4 1 10 8 9 13 5 19 33 34 31 16 
60 11 12 2 3 1 10 8 9 13 5 19 31 16 4 36 
61 11 12 2 3 4 1 10 8 9 13 5 19 31 16 
62 11 12 2 3 4 1 10 8 9 13 5 19 33 31 16 
63 11 12 2 3 4 1 10 8 9 13 5 19 33 34 31 16 
64 11 12 2 3 4 1 10 8 9 13 5 19 33 34 31 16 
65 11 12 2 3 4 1 10 8 9 13 5 19 33 31 16 
66 11 12 2 3 4 1 10 8 9 13 5 19 33 34 31 16 
67 11 12 2 3 4 1 10 8 9 13 5 19 33 34 31 37 16 
68 11 12 2 3 4 1 10 8 9 13 5 38 19 33 34 31 37 
69 11 12 2 3 4 1 10 8 9 13 37 5 
70 5 11 12 2 3 4 1 10 8 9 13 
71 5 11 12 2 3 4 1 10 8 13 9 
72 5 11 12 2 3 4 1 10 8 13 9 
73 
