128 76 
1 1 
2 2 
130 76 
3 3 
4 4 
132 77 
5 5 
6 6 
7 7 
8 8 
9 9 
10 10 
11 11 
12 12 
13 13 
14 14 
17 15 
18 16 
19 17 
20 18 
21 19 
23 20 
26 16 
27 21 
29 15 
31 22 
33 23 
35 15 
37 24 
39 15 
41 25 
44 16 
45 26 
47 15 
48 27 
49 28 
50 29 
51 30 
52 31 
53 32 
54 33 
55 34 
57 35 
58 36 
60 37 
62 38 
63 35 
66 39 
68 40 
69 41 
71 42 
72 43 
78 44 
80 45 
81 46 
82 47 
83 48 
84 49 
85 50 
86 51 
87 52 
89 53 
92 54 
94 55 
96 56 
99 57 
101 58 
102 59 
103 60 
104 61 
105 62 
108 63 
109 64 
110 65 
111 66 
112 67 
115 68 
116 69 
117 70 
118 71 
119 72 
122 73 
124 74 
126 75 
