1 1 
2 2 1 
3 2 3 1 
4 2 3 4 1 
5 2 3 4 5 1 
6 2 3 4 6 5 1 
7 7 2 3 4 6 5 1 
8 7 2 3 4 6 5 1 8 
9 7 2 9 3 4 6 5 1 8 
10 7 2 9 3 10 4 6 5 1 8 
11 8 7 11 2 9 3 10 4 6 5 1 
12 8 7 11 2 9 3 1 10 12 4 6 5 
13 8 7 11 2 9 3 5 1 10 12 4 13 6 
14 8 7 11 2 9 3 14 10 4 6 5 1 
15 8 7 11 2 9 3 1 14 10 15 4 6 5 
16 8 7 11 5 2 9 3 1 14 10 15 4 16 6 
17 8 7 11 5 2 10 9 3 4 1 14 17 
18 8 7 11 5 2 10 9 17 18 3 4 1 
19 8 7 11 5 2 10 9 17 18 3 4 19 1 
20 8 7 11 5 2 10 9 17 18 3 20 1 4 19 
21 8 7 11 5 2 10 9 17 18 3 20 19 1 4 
22 8 4 7 11 5 2 10 9 17 18 3 20 19 21 1 
23 8 4 7 11 5 2 10 1 9 17 18 3 20 19 21 22 
24 8 4 7 11 5 2 10 1 9 17 18 3 23 20 19 
25 8 4 7 11 5 2 10 1 9 17 18 19 3 23 20 24 
26 8 4 7 11 5 2 10 1 9 17 18 19 3 23 25 
27 8 4 7 11 5 2 10 1 9 17 18 19 3 23 26 
28 8 4 7 11 5 2 10 1 9 17 18 27 19 3 
29 8 4 7 11 5 2 10 1 3 9 17 18 27 28 19 
30 8 4 7 11 5 2 10 1 3 9 17 18 27 19 28 29 
31 8 4 7 11 5 2 10 1 3 9 17 18 30 27 19 
32 8 4 7 11 5 2 10 1 3 9 17 18 30 27 31 
33 8 4 7 11 5 2 10 1 3 9 17 18 30 27 32 
34 8 4 7 11 5 2 10 1 27 3 9 17 18 30 33 
35 8 4 7 11 5 2 10 1 27 3 9 17 18 34 
36 8 4 7 11 5 2 10 1 27 3 9 17 35 
37 8 4 7 11 5 2 10 1 27 3 9 17 36 
38 8 4 7 11 5 2 10 1 37 27 3 9 
39 8 4 7 11 5 2 9 10 1 37 38 27 3 
40 8 3 4 7 11 5 2 9 10 1 37 38 39 27 
41 8 3 4 7 11 5 2 9 10 1 37 38 40 
42 8 3 4 7 11 5 2 9 10 1 37 41 
43 8 42 3 4 7 11 5 2 9 10 1 
44 8 42 3 4 7 11 5 2 9 10 1 
45 8 3 4 7 11 5 2 9 10 1 17 18 43 
46 8 3 4 7 11 5 2 9 10 1 17 44 
47 8 3 4 7 11 5 2 9 10 1 17 27 
48 8 42 3 4 7 11 5 2 9 10 1 
49 8 42 3 4 7 11 5 9 10 1 45 2 
50 8 42 3 45 4 7 11 5 2 9 10 1 
51 8 42 3 45 4 7 1 9 10 11 5 46 2 
52 8 42 3 45 4 7 2 1 9 10 11 5 
53 8 42 3 45 47 4 7 2 1 9 10 11 5 
54 8 42 3 45 47 4 48 7 2 1 9 10 11 
55 8 42 3 45 47 4 48 7 2 1 49 9 10 11 
56 8 42 3 45 47 4 48 7 2 1 50 49 9 10 11 
57 8 42 3 45 47 4 48 7 2 1 51 50 49 9 10 11 
58 8 42 9 10 11 3 45 47 4 48 7 2 1 52 51 50 49 
59 8 53 42 9 10 11 3 45 47 4 48 7 2 1 52 51 50 49 
60 8 53 42 9 10 11 3 45 47 4 48 7 2 1 49 52 51 50 
61 8 53 42 9 10 11 3 45 47 4 48 7 2 1 50 49 52 51 
62 8 53 42 9 10 11 3 45 47 4 48 7 2 1 51 50 49 52 
63 8 53 42 9 10 11 3 45 47 4 48 7 2 1 52 51 50 49 
64 8 11 45 47 2 9 10 1 42 3 52 51 50 54 4 48 7 
65 8 11 45 47 2 9 10 55 1 42 3 52 51 4 48 7 50 
66 8 11 45 47 2 9 10 55 1 42 3 52 51 56 4 48 7 
67 8 11 45 47 2 9 10 55 57 1 42 3 52 4 48 7 51 
68 8 11 45 47 2 9 10 55 57 1 42 3 52 58 4 48 7 
69 8 11 45 47 2 59 9 10 55 57 1 42 3 4 48 7 52 
70 8 11 45 47 2 59 9 10 55 57 1 42 3 60 4 48 7 
71 8 11 45 47 4 48 7 61 2 59 9 10 55 57 1 42 3 
72 8 11 45 47 4 48 7 61 2 59 9 10 55 57 1 3 42 62 
73 8 11 45 47 4 48 7 61 2 59 9 10 55 57 1 3 42 63 
74 8 11 45 47 4 48 7 61 2 64 59 9 10 42 55 57 1 3 
75 8 11 45 47 4 48 7 61 2 64 59 9 10 42 3 55 57 1 65 
76 8 11 45 47 4 48 7 61 2 64 59 9 10 42 3 55 57 66 1 
77 8 11 45 47 4 48 7 61 2 64 59 9 10 1 42 3 55 57 66 67 
78 8 11 45 47 4 48 7 61 68 2 64 59 9 10 1 42 3 55 57 
79 8 11 45 47 4 48 7 61 68 2 64 59 9 10 1 42 69 3 55 57 
80 8 11 45 47 4 48 7 61 68 2 64 59 9 10 1 42 70 69 55 57 3 
81 8 11 3 45 47 4 48 7 61 68 2 64 59 9 10 1 42 70 71 69 55 57 
82 8 11 3 45 47 4 48 7 61 55 68 2 64 59 57 9 10 1 42 70 71 69 72 
83 8 11 3 45 47 4 48 7 61 55 68 2 64 59 57 9 10 1 42 70 71 73 69 
84 8 42 11 3 45 47 4 48 7 61 55 68 2 64 59 57 9 10 1 69 
85 8 53 42 11 3 45 47 4 48 7 69 61 55 68 2 64 59 57 9 10 1 
86 8 53 42 11 3 45 47 4 48 7 69 61 55 68 2 64 59 57 9 10 1 74 
87 8 53 42 11 3 45 47 4 48 7 69 61 55 68 2 64 59 57 9 10 1 
88 8 53 42 11 3 45 47 4 48 7 69 61 55 68 2 64 59 57 9 10 1 
89 8 53 42 11 3 45 47 4 48 7 69 75 9 10 61 55 68 2 64 59 57 1 
90 8 53 42 11 3 45 47 4 48 7 69 75 9 10 1 61 55 68 2 64 59 57 76 
91 8 53 42 11 3 45 47 4 48 7 69 75 9 10 1 61 55 68 2 64 59 57 
92 8 53 42 11 3 45 47 4 48 7 69 75 9 10 1 61 55 68 2 64 59 57 
93 8 53 42 11 3 45 47 4 48 7 69 75 9 10 1 61 55 68 2 64 59 57 77 
94 8 53 42 11 3 45 47 4 48 7 69 75 9 10 1 61 55 59 64 68 77 2 
95 8 53 42 11 3 45 47 4 48 7 69 75 9 10 1 61 55 2 59 64 68 
96 8 53 42 11 3 45 47 4 48 7 69 75 9 10 1 61 55 2 59 78 64 68 
97 8 53 42 11 3 45 47 4 48 7 69 75 9 10 1 61 55 2 79 59 78 64 68 
98 8 53 42 11 3 45 47 4 48 7 69 75 9 10 1 68 64 61 55 2 79 59 80 78 
99 8 53 42 11 3 45 47 4 48 7 69 75 9 10 1 68 64 61 55 78 2 
100 8 53 42 11 3 45 47 4 48 7 69 75 9 10 1 68 2 64 61 55 
101 8 53 42 11 3 45 47 4 48 7 69 75 9 10 1 68 2 64 61 55 81 
102 8 53 42 11 3 45 47 4 48 7 69 75 9 10 1 61 64 68 81 2 
103 8 53 42 11 3 45 47 4 48 7 69 75 9 10 1 2 61 64 68 
104 8 53 42 11 3 45 47 4 48 7 69 75 9 10 1 2 61 82 64 68 
105 8 53 42 11 3 45 47 4 48 7 69 75 9 10 1 2 83 61 82 64 68 
106 8 53 42 11 3 45 47 4 48 7 69 75 9 10 1 2 83 61 84 82 
107 8 53 42 11 3 45 47 4 48 7 69 75 9 10 1 82 2 
108 8 53 42 11 3 45 47 4 48 7 69 75 2 9 10 1 
109 8 53 42 9 10 11 3 45 47 4 48 7 1 69 75 85 2 
110 8 53 42 9 10 11 3 45 47 4 48 7 1 69 75 2 
111 8 53 42 9 10 11 3 45 47 4 48 7 1 69 2 
112 8 53 42 9 10 11 3 45 47 4 48 7 2 1 
113 8 53 42 9 10 11 3 45 47 4 48 7 1 86 2 
114 8 53 42 9 10 11 3 45 2 47 4 48 7 1 
115 8 53 42 9 10 11 3 45 2 47 4 48 7 1 87 
116 8 53 42 9 10 11 3 45 2 47 4 48 7 1 
117 8 53 42 9 10 11 3 45 2 47 4 48 7 1 88 
118 8 53 42 9 10 11 3 45 2 47 4 48 7 1 88 
119 8 53 42 9 10 11 45 2 1 3 89 4 48 7 
120 8 53 42 9 10 11 45 2 48 7 1 27 4 3 
121 8 53 42 9 10 11 3 45 2 48 7 1 27 4 90 
122 8 53 42 9 10 11 3 45 2 48 7 1 27 47 4 
123 8 53 42 9 10 11 3 45 2 4 48 7 1 27 91 47 
124 8 53 42 9 10 11 3 45 2 47 4 48 7 1 27 92 
125 8 53 42 9 10 11 3 45 2 47 4 48 7 1 27 93 
126 8 53 42 9 10 11 3 45 2 47 4 48 7 1 27 
127 8 53 42 9 10 11 3 45 2 4 48 7 1 27 94 47 
128 8 53 42 9 10 11 3 45 2 47 4 48 7 1 27 95 
129 8 53 42 9 10 11 3 45 2 47 4 48 7 1 27 96 
130 8 53 42 9 10 11 3 45 2 47 4 48 7 1 27 
131 8 53 9 10 11 3 45 4 48 7 1 2 97 27 42 47 
132 8 53 42 9 10 11 3 45 4 48 7 1 2 98 97 27 47 
133 8 53 42 9 10 11 3 45 4 48 7 1 2 98 99 97 47 
134 8 53 42 9 10 11 3 45 4 48 7 1 2 98 99 100 97 47 
135 8 53 42 9 10 11 3 45 47 4 48 7 1 2 98 99 100 101 97 
136 8 53 42 9 10 11 3 45 47 4 48 7 1 97 2 
137 8 53 42 9 10 11 3 45 47 4 48 7 1 97 2 
138 8 53 42 9 10 11 3 45 2 47 4 48 7 1 
139 8 1 53 42 9 10 11 3 45 2 47 4 48 7 102 
140 8 1 53 42 9 10 11 3 45 2 47 4 48 7 
141 8 1 53 42 9 10 11 3 45 2 47 4 48 7 88 
142 8 1 53 42 9 10 11 3 45 2 47 4 48 7 88 
143 8 1 53 9 10 11 45 47 2 42 3 103 4 48 7 
144 8 1 53 9 10 11 45 47 4 48 7 2 104 42 3 
145 8 1 53 9 10 11 45 47 4 48 7 2 104 105 42 3 
146 8 1 53 9 10 11 3 45 47 4 48 7 2 104 105 42 106 
147 8 1 53 9 10 11 3 45 47 4 48 7 2 42 104 107 105 
148 8 1 53 42 9 10 11 3 45 47 4 48 7 105 2 
149 8 1 53 42 9 10 11 3 45 2 47 4 48 7 
150 8 1 53 42 9 10 11 3 45 2 47 108 4 48 7 
151 8 1 53 42 9 10 11 3 45 2 4 48 7 109 47 
152 8 1 53 42 55 9 10 11 3 45 2 47 4 48 7 
153 8 1 53 42 55 9 10 11 3 45 2 47 110 4 48 7 
154 8 1 53 42 55 4 48 7 9 10 11 3 45 2 111 47 
155 8 1 53 57 42 47 55 4 48 7 9 10 11 3 45 2 
156 8 1 53 2 57 42 47 55 4 48 7 9 10 11 3 
157 8 1 53 3 2 57 42 47 55 4 48 7 9 10 11 112 
158 8 1 53 3 2 57 42 47 55 59 4 48 7 9 10 11 
159 8 1 53 3 2 57 42 47 55 59 4 48 7 9 10 11 113 
160 8 1 53 3 2 57 42 47 55 59 113 4 48 7 9 10 11 
161 8 1 53 3 2 57 42 47 55 59 113 4 48 7 9 10 11 114 
162 8 1 53 3 2 57 42 47 55 59 114 113 4 48 7 9 10 11 
163 8 9 10 1 53 3 2 57 42 47 55 59 114 113 4 48 7 11 115 
164 8 9 10 1 53 3 2 57 42 47 55 59 114 113 4 48 7 11 115 
165 8 9 10 1 53 3 2 57 42 47 55 59 114 113 4 48 7 11 116 115 
166 8 9 10 1 53 3 2 57 42 47 55 59 114 113 4 48 7 11 115 116 117 
167 8 9 10 1 53 3 2 57 42 47 55 59 114 113 4 48 7 11 116 115 
168 8 1 53 3 2 57 42 47 55 59 115 116 113 114 4 48 7 9 10 11 118 
169 8 1 53 3 2 57 42 47 55 59 115 116 113 114 4 48 7 9 10 11 119 
170 8 1 53 3 2 57 42 47 55 59 115 116 113 114 4 48 7 68 9 10 11 
171 8 1 53 3 2 57 42 47 55 59 115 116 113 114 4 48 7 120 68 9 10 11 
172 8 1 53 3 2 57 42 47 55 59 115 116 113 114 4 48 7 120 68 121 9 10 11 
173 8 1 53 3 2 57 42 47 55 59 115 116 113 114 4 48 7 122 120 68 121 9 10 11 
174 8 9 10 1 53 3 2 57 42 47 55 59 4 48 7 11 115 116 113 114 122 123 120 68 121 
175 8 9 10 1 53 3 2 57 42 47 55 59 4 48 7 11 115 116 113 114 122 123 120 68 124 
176 8 9 10 1 53 3 2 57 42 47 55 59 4 48 7 11 115 116 113 114 122 123 68 120 125 
177 8 9 10 1 53 3 2 57 42 47 55 59 4 48 7 11 115 116 113 114 122 123 68 120 
178 8 9 10 1 53 3 2 57 42 47 55 59 114 4 48 7 11 115 116 113 
179 8 9 10 1 53 3 2 57 42 47 55 59 114 4 48 7 11 115 116 113 
180 8 9 10 1 53 3 2 57 42 47 55 59 4 48 7 11 115 116 113 114 122 123 68 126 
181 8 9 10 1 53 3 2 57 42 47 55 59 4 48 7 11 115 116 113 114 122 68 123 127 
182 8 9 10 1 53 3 2 57 42 47 55 59 4 48 7 11 115 116 113 114 122 68 123 
183 8 9 10 1 53 3 2 57 42 47 55 59 114 4 48 7 11 115 116 113 
184 8 9 10 1 53 3 2 57 42 47 55 59 114 4 48 7 11 115 116 113 
185 8 9 10 1 53 2 57 47 55 114 11 115 116 113 59 42 3 4 48 7 122 68 128 
186 8 9 10 1 53 2 57 47 55 114 11 115 116 113 59 42 3 68 4 48 7 122 129 
187 8 9 10 1 53 2 57 47 55 114 11 115 116 113 59 42 3 68 4 48 7 122 
188 8 9 10 1 53 2 57 47 55 114 4 48 7 11 115 116 113 34 59 42 3 
189 8 9 10 1 53 2 57 47 55 114 4 48 7 11 115 116 113 34 59 130 42 3 
190 8 9 10 1 53 3 2 57 47 55 114 4 48 7 11 115 116 113 34 59 130 42 131 
191 8 9 10 1 53 3 2 57 47 55 114 4 48 7 11 115 116 113 34 59 130 42 132 
192 8 9 10 1 53 3 2 57 42 47 55 114 4 48 7 11 115 116 113 133 34 59 130 
193 8 9 10 1 53 3 2 57 42 47 55 59 114 4 48 7 11 115 116 130 113 
194 8 9 10 1 53 3 2 57 42 47 55 59 114 4 48 7 11 115 116 113 
195 8 9 10 1 53 3 2 57 42 47 55 59 114 4 48 7 11 115 116 113 
196 8 9 10 1 53 3 2 57 42 47 55 59 114 4 48 7 11 115 116 113 68 134 
197 8 9 10 1 53 3 2 57 42 47 55 59 114 4 48 7 11 115 116 113 68 135 
198 8 9 10 1 53 3 2 57 42 47 55 59 114 4 48 7 11 115 116 113 68 
199 8 9 10 1 53 2 57 47 55 114 4 48 7 11 115 116 113 34 59 42 3 
200 8 9 10 1 53 2 57 47 55 114 4 48 7 11 115 116 113 34 59 136 42 3 
201 8 9 10 1 53 3 2 57 47 55 114 4 48 7 11 115 116 113 34 59 136 42 137 
202 8 9 10 1 53 3 2 57 47 55 114 4 48 7 11 115 116 113 34 59 136 42 138 
203 8 9 10 1 53 3 2 57 42 47 55 114 4 48 7 11 115 116 113 139 34 59 136 
204 8 9 10 1 53 3 2 57 42 47 55 59 114 4 48 7 11 115 116 136 113 
205 8 9 10 1 53 3 2 57 42 47 55 59 114 4 48 7 11 115 116 113 
206 8 9 10 1 53 3 2 57 42 47 55 59 114 113 4 48 7 11 115 116 
207 8 9 10 1 53 3 2 57 42 47 55 59 114 113 4 48 7 11 116 115 
208 8 9 10 1 53 3 2 57 42 47 55 59 114 113 4 48 7 11 116 115 
209 8 9 10 1 53 3 2 57 42 47 55 59 114 140 
210 8 9 10 1 53 3 2 57 42 47 55 59 114 140 141 
211 8 9 10 1 53 3 2 57 42 47 55 59 114 140 
212 8 9 10 1 53 3 2 57 42 47 55 59 140 114 142 
213 8 9 10 1 53 3 2 57 42 47 55 59 140 143 114 
214 8 9 10 1 53 3 2 57 42 47 55 59 114 140 
215 8 9 10 1 53 3 2 57 42 47 55 59 114 140 
216 8 9 10 1 53 3 2 57 42 47 55 114 59 140 
217 8 9 10 1 53 3 2 57 42 47 55 114 59 140 144 
218 8 9 10 1 53 3 2 57 42 47 55 114 59 140 
219 8 9 10 53 57 42 47 55 114 140 59 2 1 3 145 
220 8 9 10 53 57 42 47 55 114 140 59 2 1 3 146 
221 8 9 10 53 57 42 47 55 114 140 59 2 1 3 146 147 
222 8 9 10 53 57 42 47 55 114 140 148 59 2 1 3 146 
223 8 9 10 53 57 42 47 55 114 140 148 59 2 1 3 149 
224 8 9 10 53 57 42 47 55 114 140 148 59 2 1 3 
225 8 9 10 53 3 57 42 47 55 114 140 148 150 59 2 1 
226 8 9 10 1 53 3 2 57 42 47 55 114 59 140 
227 8 9 10 1 53 3 2 57 42 47 55 114 59 140 
228 8 9 10 1 53 3 2 57 42 47 55 114 59 140 
229 8 9 10 1 53 3 2 57 42 47 55 114 59 140 
230 8 9 10 1 53 3 2 57 42 47 114 55 151 
231 8 9 10 1 53 3 2 57 42 47 114 55 
232 8 9 10 53 57 47 114 152 2 55 1 42 3 
233 8 9 10 53 3 57 47 114 152 2 55 1 42 153 
234 8 9 10 53 3 57 47 114 152 2 55 1 42 154 
235 8 9 10 53 3 57 42 47 114 152 2 155 55 1 
236 8 9 10 1 53 3 2 57 42 47 114 
237 8 9 10 1 53 3 2 57 42 47 156 
238 8 9 10 1 53 3 2 57 42 47 
239 8 9 10 53 157 2 57 1 42 3 
240 8 9 10 53 3 157 2 57 1 42 158 
241 8 9 10 53 3 157 2 57 1 42 159 
242 8 9 10 53 3 157 2 160 57 1 
243 8 9 10 1 53 3 
244 8 9 10 1 3 53 161 
245 8 9 10 1 3 53 
246 8 9 10 53 1 3 
247 8 9 10 53 1 162 
248 162 8 9 10 53 1 
249 
250 
