1 1 
2 2 1 
3 3 2 1 
4 4 3 2 1 
5 4 3 5 2 1 
6 4 3 5 6 2 1 
7 4 3 5 6 2 7 1 
8 4 3 5 6 7 2 1 8 
9 4 9 3 5 2 6 7 
10 4 9 3 5 10 
11 4 9 3 10 5 11 
12 4 9 3 10 11 5 12 
13 5 4 9 3 10 11 
14 5 4 13 9 3 10 
15 5 4 14 13 9 3 10 
16 5 4 15 14 13 10 9 3 
17 5 4 15 14 13 10 9 16 3 
18 5 4 15 14 13 17 10 9 16 3 
19 5 4 15 14 13 17 10 3 9 16 18 
20 5 4 15 14 13 17 10 3 9 16 
21 5 4 9 15 14 13 17 10 3 19 
22 5 4 9 15 14 13 17 10 3 20 
23 5 4 9 15 14 13 17 10 3 21 
24 5 16 4 9 15 14 13 17 10 3 
25 5 16 4 9 15 14 13 17 10 3 
26 5 16 4 9 15 14 13 17 10 3 22 
27 5 16 4 9 15 14 13 17 10 3 
28 5 4 9 15 14 13 17 10 3 23 
29 5 4 9 15 14 13 17 10 3 24 
30 5 16 4 9 15 14 13 17 10 3 
31 5 16 4 9 15 14 13 17 10 3 25 
32 5 16 4 9 15 14 13 17 10 3 
33 5 16 4 9 26 15 
34 5 16 4 27 9 
35 5 16 9 4 27 28 
36 5 16 9 4 27 29 
37 17 5 16 9 4 
38 17 5 16 9 4 
39 5 16 9 4 13 15 14 17 10 3 30 
40 5 16 9 4 13 15 14 17 10 3 
41 17 5 16 9 4 
42 17 5 16 9 4 
43 5 16 4 9 15 14 17 10 3 31 
44 5 16 4 9 15 14 17 10 3 
45 5 16 4 9 32 15 
46 5 16 4 33 9 
47 5 16 9 4 33 34 
48 5 16 9 4 33 35 
49 5 16 9 4 33 36 
50 17 5 16 9 4 
51 17 5 16 9 4 
52 5 16 9 4 17 10 3 37 
53 5 16 9 4 17 10 3 
54 17 5 16 9 4 
55 17 5 16 9 4 
56 17 5 16 9 4 10 38 
57 17 5 16 9 4 10 
58 5 16 9 4 10 39 
59 5 16 9 4 40 10 
60 5 16 9 4 40 41 
61 17 5 16 9 4 
62 17 5 16 9 4 
63 17 5 16 
64 5 17 
65 5 
66 
