11 9 3 
12 11 
14 5 
17 5 
18 9 10 8 
19 16 
21 16 
22 17 4 15 7 
23 9 10 8 
24 19 
26 19 
27 20 4 15 7 
28 21 18 
29 22 
30 21 
31 18 
32 23 
33 3 
34 21 18 
35 24 
38 12 27 
39 18 
40 1 
41 28 12 4 6 3 11 10 1 
42 3 
43 21 18 
44 29 
47 12 
48 30 
49 1 
50 31 12 4 6 3 11 10 1 
51 18 
54 13 14 23 25 32 
55 1 
56 3 
57 34 
58 9 8 
59 10 8 
60 2 35 36 1 
61 1 
62 37 
63 2 1 9 10 32 26 33 
64 1 
65 2 1 9 10 32 26 38 
66 3 
67 39 
68 2 1 
69 9 10 1 
70 40 
71 9 10 1 
72 41 
73 2 8 9 10 5 40 32 1 
74 3 
75 42 
76 42 8 9 10 32 1 
