1 1 
2 2 1 
3 3 2 1 
4 4 3 2 1 
5 5 4 3 2 1 
6 5 4 6 3 2 1 
7 5 4 7 6 3 2 1 
8 5 4 1 7 6 3 8 2 
9 5 4 2 1 7 6 3 9 
10 5 4 2 1 7 6 10 3 
11 5 3 4 11 2 1 7 6 
12 5 3 4 11 2 1 7 6 12 
13 5 3 6 4 11 2 1 7 
14 5 3 1 6 4 11 13 2 
15 5 3 2 1 6 4 11 14 
16 5 3 2 1 6 4 15 11 
17 11 5 3 2 1 6 4 15 16 
18 11 5 3 2 1 6 4 17 15 
19 11 5 3 2 1 7 6 4 
20 11 5 3 2 1 7 6 4 
21 11 5 3 2 1 7 4 6 18 
22 11 5 3 2 1 7 6 4 
23 5 3 1 6 4 11 19 2 
24 5 3 2 1 6 4 11 20 
25 5 3 2 1 6 4 21 11 
26 11 5 3 2 1 6 4 21 22 
27 11 5 3 2 1 6 4 23 21 
28 11 5 3 2 1 7 6 4 
29 11 4 6 5 3 2 1 
30 11 4 6 5 3 2 1 24 
31 11 4 6 5 25 3 2 1 
32 11 4 6 5 25 3 2 1 26 
33 11 4 6 5 27 25 3 2 1 
34 11 4 6 5 27 25 1 3 28 2 
35 11 4 6 5 27 25 2 1 3 29 
36 11 4 6 5 27 25 2 1 30 3 
37 11 4 6 5 27 25 3 2 1 
38 11 4 6 5 27 25 1 3 31 2 
39 11 4 6 5 27 25 2 1 3 32 
40 11 4 6 5 27 25 2 1 33 3 
41 11 4 6 5 3 27 25 2 1 
42 11 4 6 5 3 27 1 25 34 2 
43 11 4 6 5 3 27 2 35 1 25 
44 11 4 6 5 3 27 2 35 1 25 36 
45 11 4 25 6 5 3 27 2 36 35 1 
46 11 4 25 6 5 3 27 2 36 37 35 1 
47 11 4 25 6 5 3 27 2 1 36 37 38 35 
48 11 4 25 6 5 3 39 27 2 1 
49 11 4 25 6 5 3 39 1 27 40 2 
50 11 4 25 6 5 3 39 2 41 1 27 
51 11 4 25 6 5 3 39 2 41 1 27 42 
52 11 4 25 27 6 5 3 39 2 42 41 1 
53 11 4 25 27 6 5 3 39 2 42 43 41 1 
54 11 4 25 27 6 5 3 39 2 1 42 43 44 41 
55 11 4 25 27 6 5 3 45 39 2 1 
56 11 4 25 27 6 5 3 45 39 1 46 2 
57 11 4 25 2 27 6 5 3 45 39 1 47 
58 11 4 25 2 27 6 5 3 45 39 48 1 
59 11 4 25 2 27 6 1 5 3 45 39 49 48 
60 11 4 25 2 27 6 1 5 3 45 48 39 
61 11 4 25 2 27 6 1 5 3 45 48 50 39 
62 11 4 25 2 39 27 6 1 5 3 45 48 51 50 
63 11 4 25 2 39 27 6 1 5 3 45 50 48 
64 11 4 25 2 39 27 6 1 5 52 3 48 45 
65 11 4 25 2 39 27 6 1 5 52 3 48 53 45 
66 11 4 25 2 39 27 6 1 5 52 3 48 54 53 
67 11 4 25 2 39 27 6 1 5 52 3 53 48 
68 11 48 4 25 2 39 27 6 1 5 55 52 3 
69 11 48 4 25 2 39 27 6 1 5 55 52 3 56 
70 11 48 4 25 2 39 27 6 1 5 57 55 3 
71 11 48 4 25 2 39 27 6 1 5 57 55 3 58 
72 11 3 48 4 25 2 39 27 6 1 5 59 57 
73 11 3 48 57 4 25 2 39 27 6 1 5 60 59 
74 11 3 48 57 4 25 2 39 27 6 1 5 60 61 
75 11 3 48 57 4 25 2 39 27 6 1 62 5 
76 11 3 48 57 4 25 2 39 27 5 6 1 63 62 
77 11 3 48 57 4 25 2 39 27 5 6 1 64 
78 11 3 48 57 4 25 2 39 27 65 5 6 1 
79 11 3 48 5 6 57 4 25 2 39 27 1 66 
80 11 3 48 5 6 57 4 25 2 39 27 67 1 
81 11 3 48 5 6 57 4 25 2 1 39 27 67 68 
82 11 3 48 5 6 57 4 25 2 1 39 27 67 
83 11 3 48 5 27 6 57 4 25 2 1 67 39 
84 11 3 48 5 27 6 57 4 25 2 1 67 39 
85 11 3 48 5 27 6 57 4 25 2 1 67 39 
86 11 3 48 5 27 6 57 4 25 2 1 67 69 39 
87 11 3 48 5 27 6 57 4 25 2 1 67 69 70 
88 11 3 48 5 27 6 57 4 25 2 1 67 71 
89 11 3 48 5 27 6 57 4 25 2 1 72 
90 11 3 48 5 27 6 57 4 25 2 1 73 
91 11 74 3 48 5 27 6 57 4 25 2 1 
92 11 74 3 48 5 27 6 57 4 1 25 75 2 
93 11 2 74 3 48 5 27 6 57 4 76 1 25 
94 11 2 74 3 48 5 27 6 57 4 76 1 25 77 
95 11 2 74 3 25 48 5 27 6 57 4 77 76 1 
96 11 2 74 3 25 48 5 27 6 57 4 77 78 76 1 
97 11 2 1 74 3 25 48 5 27 6 57 4 77 78 79 76 
98 11 2 1 74 3 25 48 5 27 80 6 57 4 
99 11 2 1 81 74 3 25 48 5 27 80 6 57 4 
100 11 2 1 81 74 3 82 25 48 5 27 80 6 57 4 
101 4 11 2 1 81 74 3 82 25 48 5 27 80 6 57 83 
102 4 11 2 1 81 74 84 3 82 25 48 5 27 80 6 57 
103 4 11 2 1 81 74 84 3 82 85 25 48 5 27 80 6 57 
104 4 11 2 1 81 74 84 3 82 85 25 48 5 27 80 6 86 
105 4 11 2 1 81 74 84 87 3 82 85 25 48 5 27 80 6 
106 4 11 2 1 81 74 84 87 3 82 85 25 48 5 27 80 6 88 
107 6 4 11 2 1 81 74 84 87 3 82 85 25 48 5 27 80 
108 6 4 11 2 1 81 74 84 3 82 85 25 48 5 27 80 87 
109 6 4 11 2 1 81 74 84 87 3 82 85 25 48 5 27 80 
110 6 4 11 2 1 81 74 84 87 3 82 85 25 48 5 80 89 27 
111 6 4 11 2 1 81 74 84 87 3 82 85 25 27 48 5 80 90 
112 6 4 11 2 1 81 74 84 87 3 82 85 25 27 48 5 80 
113 4 11 2 81 74 84 87 3 82 85 25 27 48 80 5 6 1 91 
114 4 11 2 81 74 84 87 3 82 85 25 27 48 80 92 5 6 1 
115 6 4 11 2 81 1 74 84 87 3 5 82 85 25 27 48 80 93 
116 6 4 11 2 81 1 74 84 87 3 5 82 94 85 25 27 48 80 
117 6 4 11 2 81 1 74 84 87 3 5 82 94 85 25 27 48 95 80 
118 6 4 11 2 81 1 74 84 87 3 5 82 94 85 25 27 80 48 96 95 
119 6 4 11 2 81 1 74 84 87 3 5 82 94 85 25 27 80 95 48 
120 6 4 11 2 81 84 87 3 85 48 5 1 74 82 94 97 25 27 80 
121 6 4 11 2 81 84 87 3 85 48 5 1 74 82 94 97 98 25 27 80 
122 6 4 11 2 81 84 87 3 85 48 5 80 1 74 82 94 97 98 25 99 27 
123 6 4 11 2 81 84 87 3 85 48 5 27 80 1 74 99 82 94 97 98 25 100 
124 6 4 11 2 81 84 87 3 85 48 5 27 80 1 74 99 82 94 97 98 25 
125 6 4 11 2 81 84 87 85 48 27 80 1 74 99 82 98 25 5 94 97 3 101 
126 6 4 11 2 81 84 87 3 85 48 27 80 1 74 99 82 97 98 25 5 102 94 
127 6 4 11 2 81 84 87 3 85 48 27 80 1 74 99 82 94 97 98 25 5 103 102 
128 6 4 11 2 81 84 87 3 85 48 27 80 1 74 99 82 94 97 98 25 102 5 103 104 
129 6 4 11 2 81 84 87 3 85 48 27 80 1 74 99 82 94 97 98 25 102 5 103 105 
130 6 4 11 2 81 84 87 3 85 48 27 80 1 74 99 82 94 97 98 25 102 106 5 
131 6 4 11 2 81 84 87 3 85 48 5 27 80 1 74 99 82 94 97 98 25 102 106 107 
132 6 4 11 2 81 84 87 3 85 48 5 27 80 1 74 99 82 94 97 98 25 102 108 
133 6 4 11 2 81 84 87 3 85 48 5 27 80 1 74 99 82 94 97 98 25 102 
134 4 11 2 81 84 87 3 85 48 27 80 74 99 82 97 98 25 94 102 5 6 1 109 
135 4 11 2 81 84 87 3 85 48 27 80 74 99 82 97 98 25 94 102 110 5 6 1 
136 6 4 11 2 81 84 87 3 85 48 27 80 1 74 99 82 97 98 25 94 5 102 111 
137 6 4 11 2 81 84 87 3 85 48 27 80 1 74 99 82 97 98 25 94 112 5 102 
138 6 4 11 2 81 84 87 3 85 48 27 80 1 74 99 82 97 98 25 94 113 112 5 
139 6 4 11 2 81 84 87 3 85 48 27 80 1 74 99 82 97 98 25 5 94 113 114 112 
140 6 4 11 2 81 84 87 3 85 48 27 80 1 74 99 82 97 98 25 112 5 94 113 114 115 
141 6 4 11 2 81 84 87 3 85 48 27 80 1 74 99 82 97 98 25 112 5 94 113 116 
142 6 4 11 2 81 84 87 3 85 48 27 80 1 74 99 82 97 98 25 112 5 94 117 
143 6 4 11 2 81 84 87 3 85 48 27 80 1 74 99 82 97 98 25 112 5 94 
144 6 4 11 2 81 84 87 3 85 48 5 27 80 1 74 99 82 97 98 25 112 118 
145 6 4 11 2 81 84 87 3 85 48 5 27 80 1 74 99 82 97 98 25 119 112 
146 6 4 11 2 81 84 87 3 85 48 5 27 80 1 74 99 82 97 98 25 120 
147 6 4 11 2 81 84 87 3 85 48 5 27 80 1 74 99 82 94 97 98 25 
148 6 4 11 2 81 84 87 3 85 48 5 27 80 1 74 99 82 94 97 98 25 
149 6 4 11 2 81 84 87 3 85 48 5 27 80 1 74 99 82 94 97 98 25 
150 6 4 11 2 81 84 87 3 85 25 48 5 27 80 1 74 99 82 94 97 121 
151 6 4 11 2 81 84 87 3 85 25 48 5 27 80 1 74 99 82 94 97 
152 6 4 11 2 81 84 87 85 25 48 27 80 1 74 99 82 5 94 97 3 122 
153 6 4 11 2 81 84 87 3 85 25 48 27 80 1 74 99 82 97 5 102 94 
154 6 4 11 2 81 84 87 3 85 25 48 27 80 1 74 99 82 94 97 5 123 102 
155 6 4 11 2 81 84 87 3 85 25 48 27 80 1 74 99 82 94 97 102 5 123 124 
156 6 4 11 2 81 84 87 3 85 25 48 27 80 1 74 99 82 94 97 102 5 123 125 
157 6 4 11 2 81 84 87 3 85 25 48 27 80 1 74 99 82 94 97 102 126 5 
158 6 4 11 2 81 84 87 3 85 25 48 5 27 80 1 74 99 82 94 97 102 126 127 
159 6 4 11 2 81 84 87 3 85 25 48 5 27 80 1 74 99 82 94 97 102 128 
160 6 4 11 2 81 84 87 3 85 25 48 5 27 80 1 74 99 82 94 97 102 
161 4 11 2 81 84 87 3 85 25 48 27 80 74 99 82 97 94 102 5 6 1 129 
162 4 11 2 81 84 87 3 85 25 48 27 80 74 99 82 97 94 102 130 5 6 1 
163 6 4 11 2 81 84 87 3 85 25 48 27 80 1 74 99 82 97 94 5 102 131 
164 6 4 11 2 81 84 87 3 85 25 48 27 80 1 74 99 82 97 94 5 112 102 
165 6 4 11 2 81 84 87 3 85 25 48 27 80 1 74 99 82 97 94 132 5 112 
166 6 4 11 2 81 84 87 3 85 25 48 27 80 1 74 99 82 97 112 94 132 133 5 
167 6 4 11 2 81 84 87 3 85 25 48 27 80 1 74 99 82 97 112 5 94 132 133 134 
168 6 4 11 2 81 84 87 3 85 25 48 27 80 1 74 99 82 97 112 5 94 132 135 
169 6 4 11 2 81 84 87 3 85 25 48 27 80 1 74 99 82 97 112 5 94 136 
170 6 4 11 2 81 84 87 3 85 25 48 27 80 1 74 99 82 97 112 5 94 
171 6 4 11 2 81 84 87 3 85 25 48 5 27 80 1 74 99 82 97 112 137 
172 6 4 11 2 81 84 87 3 85 25 48 5 27 80 1 74 99 82 97 112 138 
173 6 4 11 2 81 84 87 3 85 25 48 5 27 80 1 74 99 82 97 139 
174 6 4 11 2 81 84 87 3 85 25 48 5 27 80 1 74 99 82 94 97 
175 6 4 11 2 81 84 87 3 85 25 48 5 27 80 1 74 99 82 94 97 
176 6 4 11 2 81 84 87 3 85 25 48 5 27 80 1 74 99 82 94 97 
177 6 4 11 2 81 84 87 3 85 25 48 5 27 80 1 74 99 82 97 94 
178 6 4 11 87 25 48 5 27 80 1 74 99 82 97 94 84 85 3 140 2 
179 6 4 11 2 87 25 48 5 27 80 1 74 99 82 97 94 84 85 3 141 
180 6 4 11 2 87 25 48 5 27 80 1 74 99 82 97 94 84 85 142 3 
181 6 4 11 2 87 25 48 5 27 80 1 74 99 82 97 3 94 84 85 
182 6 4 11 2 81 84 87 3 85 25 48 5 27 80 1 74 99 82 
183 6 4 11 2 81 84 87 3 85 25 48 5 27 80 1 74 99 82 143 
184 6 4 11 2 81 84 87 3 85 25 48 5 27 80 1 74 99 82 
185 6 4 11 81 84 87 3 85 25 48 5 27 80 1 74 99 82 144 2 
186 6 4 11 2 81 84 87 3 85 25 48 5 27 80 1 74 99 82 145 
187 6 4 11 2 81 84 87 3 85 25 48 5 27 80 1 74 99 82 146 
188 6 4 11 2 81 84 87 3 85 25 48 5 27 80 1 74 99 82 
189 4 11 81 85 25 48 27 80 74 99 84 87 3 2 5 6 1 82 147 
190 4 11 81 85 25 48 27 80 74 99 84 87 3 2 5 6 1 148 
191 4 11 81 85 25 48 27 80 74 99 84 87 3 2 5 6 1 149 
192 4 11 81 85 25 48 27 80 74 99 84 87 3 2 150 5 6 1 
193 6 4 11 81 85 25 48 5 27 80 74 99 84 87 3 2 1 151 
194 6 4 11 81 85 25 48 5 27 80 74 99 152 84 87 3 2 1 
195 6 4 11 81 85 25 48 5 27 80 74 99 152 84 87 1 3 153 2 
196 6 4 11 81 85 25 48 5 27 80 74 99 152 84 87 2 1 3 154 
197 6 4 11 81 85 25 48 5 27 80 74 99 152 84 87 2 1 155 3 
198 6 4 11 81 85 25 48 5 27 80 74 99 152 84 87 3 2 1 
199 6 4 11 81 85 25 48 5 27 80 1 74 99 152 84 87 3 156 2 
200 6 4 11 2 81 85 25 48 5 27 80 1 74 99 152 84 87 3 157 
201 6 4 11 2 81 85 25 48 5 27 80 1 74 99 152 84 87 158 3 
202 6 4 11 2 81 85 25 48 5 27 80 1 74 99 3 152 84 87 
203 6 4 11 2 81 85 25 48 5 27 80 1 74 99 3 152 159 84 87 
204 6 4 11 2 81 87 85 25 48 5 27 80 1 74 99 3 152 84 160 159 
205 6 4 11 2 81 84 87 85 25 48 5 27 80 1 74 99 159 3 
206 6 4 11 2 81 84 87 3 85 25 48 5 27 80 1 74 99 
207 6 4 11 2 81 84 87 3 82 85 25 48 5 27 80 1 74 
208 6 4 11 2 81 84 87 3 82 85 25 48 5 27 80 1 161 74 
209 6 4 11 2 81 74 84 87 3 82 85 25 48 5 27 80 1 161 
210 6 4 11 2 81 84 87 3 82 85 25 48 5 27 80 1 74 161 
211 6 4 11 2 81 84 87 3 82 85 25 48 5 27 80 1 161 74 
212 6 4 11 2 81 84 87 3 82 85 25 48 5 27 80 1 161 74 
213 6 4 11 2 1 81 74 84 87 3 82 85 25 48 5 27 162 80 
214 6 4 11 2 1 81 74 84 87 3 82 85 25 48 5 27 80 
215 6 4 11 2 1 81 74 84 87 3 82 85 25 48 5 27 80 
216 163 6 4 11 2 1 81 
217 163 6 4 11 2 1 81 
218 4 163 11 2 1 6 
219 4 163 11 2 1 6 164 
220 6 4 163 11 2 1 
221 6 4 163 11 165 2 
222 6 4 163 11 166 
223 6 4 163 167 11 
224 6 4 163 167 168 
225 6 4 163 169 167 
226 6 4 163 170 
227 163 6 4 
228 163 6 4 
229 163 4 11 2 1 6 171 
230 163 6 4 11 2 1 
231 6 4 163 11 172 2 
232 6 4 163 11 173 
233 6 4 163 174 11 
234 6 4 163 174 175 
235 6 4 163 176 174 
236 6 4 163 177 
237 163 6 4 
238 4 
239 
