1 1 
2 2 1 
3 2 3 1 
4 2 3 4 1 
5 2 3 4 5 1 
6 2 3 4 5 6 1 
7 7 3 4 5 1 
8 7 8 1 3 5 4 
9 7 8 1 3 4 9 
10 7 8 1 3 4 9 
11 7 8 10 1 3 4 9 
12 7 9 8 11 10 1 3 4 
13 7 9 8 11 10 1 3 12 4 
14 7 9 8 11 10 1 3 12 13 
15 7 9 8 11 10 1 3 12 13 14 
16 7 9 8 11 10 1 3 12 13 
17 7 9 8 11 10 12 1 
18 7 9 8 11 10 12 1 
19 7 9 8 11 10 12 1 3 13 15 
20 7 9 8 11 10 12 1 3 
21 7 9 8 11 10 12 1 
22 7 9 8 1 11 10 12 16 
23 7 17 9 12 8 1 11 10 
24 7 17 9 12 18 8 1 11 10 
25 7 17 9 12 19 18 8 1 11 10 
26 7 17 9 10 12 19 18 8 1 11 
27 7 17 9 10 12 19 18 8 1 11 
28 7 17 9 11 10 12 19 18 8 1 
29 7 17 9 11 10 12 19 18 8 
30 7 17 9 11 10 12 19 18 8 20 
31 7 17 9 11 10 12 19 18 21 8 
32 7 17 9 11 10 12 19 18 21 22 
33 7 17 9 11 10 12 19 23 18 
34 7 17 9 11 10 12 24 19 
35 7 17 9 11 10 12 25 
36 7 17 26 9 11 10 
37 7 17 26 9 27 
38 7 17 26 9 
39 7 17 26 28 9 
40 7 17 26 28 29 
41 7 17 26 30 
42 7 17 26 31 
43 7 32 17 
44 33 7 
45 7 
46 7 
47 34 7 
48 7 
49 
