12 2 
13 4 
14 4 
15 7 8 5 
16 7 8 5 
17 15 11 13 9 
18 16 11 14 10 
19 17 
20 19 
21 18 
22 20 
23 4 
25 21 22 
27 18 
28 17 
29 24 25 23 
32 17 
33 18 
34 26 27 23 
35 12 
36 23 28 
37 29 
38 12 
39 23 30 
40 7 5 
41 31 
42 8 32 
43 12 
44 33 
45 34 
46 1 
48 35 36 
49 11 14 9 
50 37 
51 11 14 10 
52 39 
53 4 
55 41 42 
57 40 38 43 
60 38 40 43 
61 43 
63 1 
65 45 46 
66 9 
67 47 11 13 9 
68 48 
69 10 
70 49 11 14 10 
71 50 
72 4 
74 51 52 
76 40 38 53 
79 38 40 53 
80 53 
82 9 
83 54 11 13 9 
84 55 
85 10 
86 56 11 14 10 
87 57 
88 4 
90 58 59 
92 40 38 60 
95 38 40 60 
96 60 
97 12 
98 61 
99 62 
100 12 
101 63 
102 63 
103 65 66 64 
104 1 
106 67 68 
107 4 
109 69 70 
110 12 
111 44 
112 63 
113 72 73 71 
115 12 
116 63 
117 44 
118 75 76 74 
119 12 
120 63 
121 63 
122 78 79 77 
123 12 
124 80 
125 81 
126 12 
127 82 
128 83 
129 1 
131 85 86 
132 12 
133 84 
134 84 
135 88 89 87 
136 12 
137 84 
138 44 
139 91 92 90 
140 12 
141 93 
142 12 
143 84 
144 84 
145 95 96 94 
147 12 
148 97 
149 98 
150 98 
151 98 
152 98 
154 103 98 
155 12 
156 103 104 
157 105 
158 106 
159 100 103 107 
160 106 
161 99 103 108 
162 103 
165 98 
166 103 109 
167 100 103 
168 103 
169 100 111 
170 110 112 
171 102 103 113 
172 103 
174 98 
175 114 
176 98 
177 116 
178 98 
179 118 
181 98 
182 103 120 
183 102 103 
184 103 
185 102 122 
186 121 123 
187 124 
188 117 103 125 
189 103 
190 102 126 
191 127 
192 119 103 128 
193 102 103 
194 129 
195 115 103 130 
196 103 
197 99 131 
198 99 103 
199 132 133 
200 103 
201 102 135 
202 134 136 
203 99 103 
204 103 
205 99 139 
206 138 140 
207 102 103 
208 141 142 
209 137 143 
210 101 103 144 
211 103 
213 98 
214 115 117 119 101 145 1 
215 100 
216 99 
218 98 
219 103 148 
221 1 
222 149 150 
223 102 103 
224 149 
225 151 152 
226 1 
227 154 
228 153 155 
229 102 103 
230 157 156 
231 103 
232 101 159 
233 160 
234 161 
235 102 103 
236 158 163 
237 162 164 
238 165 156 
239 103 
240 99 167 
241 166 168 
242 169 158 
243 101 103 
244 171 
245 172 
246 102 103 
247 156 174 
248 173 175 
249 176 158 
250 99 103 
251 177 178 
252 179 156 
253 170 180 
254 102 103 
255 181 182 
256 103 
257 100 184 
258 185 156 
259 12 
260 186 183 187 
261 1 
263 188 189 
264 12 
265 186 183 190 
266 149 
268 103 
270 1 
272 191 192 
273 4 
275 193 194 
276 12 
277 44 
278 12 
279 12 
280 198 
281 199 
282 200 197 
283 201 
284 202 
285 196 203 195 
287 12 
288 12 
289 12 
290 206 
291 207 
292 208 205 
293 209 
294 210 
295 44 
296 211 212 204 
297 12 
298 213 
299 1 
301 214 215 
302 7 1 
303 1 
304 217 
305 216 
306 218 
307 1 
308 216 
309 12 
310 220 221 219 
311 222 3 
313 216 3 
314 12 
315 223 3 
316 12 
317 224 
318 12 
319 3 6 7 8 225 1 
321 226 
322 12 226 
