8 6 
9 1 
10 8 
11 6 
12 2 6 3 5 1 
13 9 6 
15 9 
16 11 
17 12 
18 11 
19 13 
20 14 
21 15 1 
22 16 2 
23 14 
24 17 1 
25 18 2 
26 1 
27 5 19 
33 5 25 
34 9 
35 10 26 4 5 1 
36 9 
37 10 27 4 5 1 
38 6 
39 1 
40 29 
41 28 30 
42 6 
43 24 31 
46 5 32 
47 9 
48 10 33 4 5 1 
49 9 
50 10 34 4 5 1 
51 6 
52 1 
53 36 
54 35 37 
55 6 
56 23 38 
59 5 39 
60 9 
61 10 40 4 5 1 
62 9 
63 10 41 4 5 1 
64 6 
65 1 
66 43 
67 42 44 
68 6 
69 22 45 
72 5 46 
73 9 
74 10 47 4 5 1 
75 9 
76 10 48 4 5 1 
77 6 
78 1 
79 50 
80 49 51 
81 6 
82 21 52 
84 22 21 
85 24 23 
86 21 23 54 55 53 
87 20 
88 53 56 
89 14 
90 57 
91 59 
92 57 
93 61 
94 20 
95 57 
96 64 
97 57 
98 66 
99 20 
100 2 60 62 63 65 67 68 58 
101 57 
102 69 
103 57 
104 71 
105 20 
106 57 
107 74 
108 57 
109 76 
110 20 
111 2 70 72 73 75 77 78 58 
112 7 
113 7 
114 80 
115 7 
116 81 
117 82 
118 14 
119 83 1 
120 14 
121 85 1 
123 14 
124 88 79 84 86 87 
125 87 82 
126 10 
129 89 5 
130 90 
131 6 
132 1 
133 92 
134 91 93 
135 94 6 
138 95 5 
139 96 
140 6 
141 1 
142 98 
143 97 99 
144 94 6 
147 5 100 
148 6 
149 1 
150 102 
151 101 103 
152 94 6 
155 5 104 
156 6 
157 1 
158 106 
159 105 107 
160 94 6 
161 6 
