1 1 
2 1 2 
3 3 1 2 
4 3 1 2 
5 5 3 1 2 
6 5 6 3 1 2 
7 5 6 3 1 2 7 
8 7 5 6 3 1 2 
9 7 5 6 3 1 2 
10 7 5 6 2 3 1 8 
11 7 5 6 2 3 1 
12 
13 7 5 6 2 9 3 1 
14 10 7 5 6 2 1 9 3 
15 10 7 5 6 2 3 1 
16 10 7 5 1 6 2 11 3 
17 10 7 5 1 6 2 3 
18 10 7 5 1 6 2 3 12 
19 2 3 10 7 5 13 1 6 
20 2 3 10 7 5 13 1 6 14 
21 2 3 10 7 5 13 1 6 
22 2 3 10 7 5 1 15 13 
23 2 3 10 7 5 1 15 16 13 
24 2 3 10 7 5 1 13 15 16 17 
25 2 3 10 7 5 1 13 18 
26 2 3 10 7 5 1 19 
27 2 3 13 10 7 5 1 
28 2 3 13 10 7 20 5 1 
29 2 3 21 1 13 10 7 
30 7 2 3 21 1 13 22 10 
31 7 10 2 3 21 1 13 22 23 
32 7 10 2 3 21 1 24 13 
33 7 13 10 2 3 21 1 24 25 
34 7 13 10 2 3 21 1 24 26 
35 7 13 10 2 3 27 21 1 
36 7 13 10 2 3 27 21 28 1 
37 7 13 10 2 3 29 1 27 21 
38 7 13 10 2 3 30 29 1 27 
39 7 13 10 2 3 30 31 29 1 
40 7 13 10 2 3 30 31 29 32 
41 7 13 10 2 3 30 31 29 32 33 
42 7 13 10 
43 7 10 34 13 
44 7 10 34 35 
45 7 36 10 
46 7 36 37 
47 38 7 
48 7 
49 7 
50 2 3 10 7 5 13 1 6 39 
51 2 3 10 7 5 13 1 6 
52 2 3 10 7 5 1 40 13 
53 2 3 10 7 5 1 40 41 13 
54 2 3 10 7 5 1 13 40 41 42 
55 2 3 10 7 5 1 13 18 
56 2 3 10 7 5 1 19 
57 2 3 13 10 7 5 1 
58 2 3 13 10 7 43 5 1 
59 2 3 21 1 13 10 7 
60 7 2 3 21 1 13 44 10 
61 7 10 2 3 21 1 13 44 45 
62 7 10 2 3 21 1 46 13 
63 7 13 10 2 3 21 1 46 47 
64 7 13 10 2 3 21 1 46 48 
65 7 13 10 2 3 27 21 1 
66 7 13 10 2 3 27 21 49 1 
67 7 13 10 2 3 29 1 27 21 
68 7 13 10 2 3 50 29 1 27 
69 7 13 10 2 3 50 51 29 1 
70 7 13 10 2 3 50 51 29 52 
71 7 13 10 2 3 50 51 29 52 53 
72 7 13 10 
73 7 10 54 13 
74 7 10 54 55 
75 7 56 10 
76 7 56 57 
77 58 7 
78 7 
79 7 
80 2 3 5 10 7 13 1 6 59 
81 2 3 5 10 7 13 1 6 
82 2 3 5 1 10 7 13 60 
83 2 3 5 1 10 7 61 13 
84 2 3 5 1 10 7 61 62 13 
85 2 3 5 1 10 7 13 61 62 63 
86 2 3 5 1 10 7 13 18 
87 2 3 5 1 10 7 19 
88 2 3 5 1 13 10 7 
89 7 2 3 5 1 13 64 10 
90 7 10 2 3 5 1 13 64 65 
91 7 10 2 3 5 1 66 13 
92 7 13 10 2 3 5 1 66 67 
93 7 13 10 2 3 5 1 66 68 
94 7 13 10 2 3 21 5 1 
95 7 13 10 2 3 21 69 5 1 
96 7 13 10 2 3 27 21 1 
97 7 13 10 2 3 27 21 70 1 
98 7 13 10 2 3 29 1 27 21 
99 7 13 10 2 3 71 29 1 27 
100 7 13 10 2 3 71 72 29 1 
101 7 13 10 2 3 71 72 29 73 
102 7 13 10 2 3 71 72 29 74 
103 7 13 10 
104 7 10 75 13 
105 7 10 75 76 
106 7 77 10 
107 7 77 78 
108 79 7 
109 7 
110 7 
111 7 2 3 5 10 13 1 6 80 
112 7 2 3 5 10 13 1 
113 2 3 5 1 10 7 13 81 
114 2 3 5 1 10 7 82 13 
115 2 3 5 1 10 7 82 83 13 
116 2 3 5 1 10 7 13 82 83 84 
117 2 3 5 1 10 7 13 18 
118 2 3 5 1 10 7 19 
119 2 3 5 1 13 10 7 
120 7 2 3 5 1 13 85 10 
121 7 10 2 3 5 1 13 85 86 
122 7 10 2 3 5 1 87 13 
123 7 13 10 2 3 5 1 87 88 
124 7 13 10 2 3 5 1 87 89 
125 7 13 10 2 3 21 5 1 
126 7 13 10 2 3 21 90 5 1 
127 7 13 10 2 3 27 21 1 
128 7 13 10 2 3 27 21 91 1 
129 7 13 10 2 3 29 1 27 21 
130 7 13 10 2 3 92 29 1 27 
131 7 13 10 2 3 92 93 29 1 
132 7 13 10 2 3 92 93 29 94 
133 7 13 10 2 3 92 93 29 95 
134 7 13 10 
135 7 10 96 13 
136 7 10 96 97 
137 7 98 10 
138 7 98 99 
139 100 7 
140 7 
141 
