1 1 
2 2 1 
3 2 1 
4 
5 1 2 3 
6 1 2 
7 
8 1 2 4 
9 1 2 
10 
11 5 1 
12 1 6 5 
13 5 1 6 7 
14 5 1 
15 
16 1 8 5 
17 5 1 8 9 
18 5 1 
19 
20 1 10 5 
21 5 1 10 11 
22 5 1 12 
23 5 1 
24 
25 1 13 5 
26 5 1 13 14 
27 5 1 15 
28 5 1 
29 
30 1 16 5 
31 5 1 16 17 
32 5 1 18 
33 5 1 
34 
35 1 19 5 
36 5 1 19 20 
37 5 1 21 
38 5 1 
39 
40 1 22 5 
41 5 1 22 23 
42 5 1 
43 
44 1 24 5 
45 5 1 24 25 
46 5 1 26 
47 5 1 
48 
49 1 27 5 
50 5 1 27 28 
51 5 1 29 
52 5 1 
53 
54 1 5 30 
55 1 5 
56 1 31 5 
57 1 31 5 
58 1 31 5 
59 5 1 31 32 
60 5 1 
61 
62 1 33 5 
63 5 1 33 34 
64 5 1 35 
65 5 1 
66 
67 36 5 
68 36 37 
69 38 
70 
71 
72 
