1 1 
2 1 2 
3 1 3 2 
4 1 3 2 4 
5 1 3 2 5 4 
6 1 3 2 5 
7 1 6 3 2 
8 1 3 2 6 7 
9 1 3 2 8 6 
10 6 1 3 2 
11 6 1 9 3 
12 6 3 9 1 
13 1 3 9 10 6 
14 6 1 3 9 
15 6 1 9 3 
16 6 1 9 3 
17 6 
18 5 
19 5 
20 5 1 2 11 
21 5 1 2 12 
22 5 1 2 12 
23 1 2 12 13 
24 1 2 12 
25 1 2 12 
26 1 2 14 
27 1 2 15 
28 16 1 
29 17 
30 18 
31 5 
32 5 
33 19 
34 18 
35 5 
36 5 
37 12 1 2 20 
38 2 12 1 21 
39 2 12 22 1 
40 1 2 12 23 
41 18 1 2 12 
42 18 1 2 24 
43 18 25 1 
44 18 26 
45 27 18 
46 28 27 
47 28 29 
48 30 
49 5 
50 
