1 
2 2 
3 2 3 
4 4 2 3 
5 4 5 2 3 
6 4 5 3 6 2 
7 4 5 2 3 
8 4 5 3 7 2 
9 4 5 2 3 
10 4 5 3 8 2 
11 2 4 5 3 
12 2 4 5 3 9 
13 2 4 5 3 9 10 
14 2 4 5 3 9 
15 2 11 4 5 3 9 
16 2 11 4 12 9 5 3 
17 2 11 4 12 9 5 3 
18 2 11 4 5 3 9 
19 2 11 4 12 9 5 3 
20 13 2 11 9 5 3 4 
21 13 2 11 9 5 3 14 
22 13 2 11 9 5 3 14 15 
23 13 2 11 9 5 3 14 
24 14 13 2 11 9 5 3 16 
25 14 13 2 11 9 5 3 17 
26 14 17 13 2 11 9 5 3 18 
27 14 17 13 2 19 11 9 5 3 
28 11 9 5 14 17 20 13 2 3 
29 11 9 5 14 17 3 20 13 21 2 
30 11 9 5 14 17 3 2 20 13 
31 11 9 5 14 17 3 22 2 20 13 
32 13 11 9 5 14 17 3 22 23 2 20 
33 13 11 9 5 14 17 3 22 23 24 2 20 
34 13 11 9 5 14 17 20 3 22 23 24 25 2 
35 13 2 11 9 5 14 17 20 3 
36 13 2 11 9 5 3 14 17 20 26 
37 13 2 11 9 5 3 14 17 20 
38 13 11 9 5 14 27 17 2 3 20 
39 13 11 9 5 14 28 27 17 2 3 
40 13 11 9 5 3 14 28 27 17 29 2 
41 13 11 9 5 3 14 2 28 27 17 
42 13 11 9 5 3 14 30 2 17 28 27 
43 13 11 9 5 3 14 30 2 31 17 28 
44 13 11 9 5 3 14 30 2 31 32 17 
45 13 11 9 5 3 14 30 2 31 32 33 
46 13 2 11 9 5 3 14 
47 13 2 11 9 5 3 14 
48 
