1 
2 2 
3 2 3 
4 2 3 4 
5 2 3 4 5 
6 2 3 4 5 6 
7 7 2 3 4 5 6 
8 8 7 2 3 4 5 6 
9 8 7 2 3 6 4 5 9 
10 8 7 2 5 3 6 4 10 
11 8 7 2 5 3 6 4 
12 
13 8 7 2 5 3 6 4 11 
14 8 7 2 5 3 6 
15 8 7 2 5 3 12 6 
16 8 7 2 13 3 
17 8 7 2 13 14 3 
18 8 7 2 13 15 14 3 
19 8 7 2 13 15 16 14 
20 8 7 2 14 
21 17 8 7 2 
22 17 8 7 2 
23 8 7 2 5 3 18 6 
24 8 7 2 13 3 
25 8 7 2 13 19 3 
26 8 7 2 20 13 19 3 
27 8 7 2 20 13 21 19 
28 8 7 2 19 
29 17 8 7 2 
30 17 8 7 22 2 
31 23 17 8 7 2 
32 23 17 8 7 24 2 
33 23 17 8 7 24 25 2 
34 23 17 8 7 2 
35 23 17 8 2 
36 23 17 2 
37 23 2 
38 26 23 2 
39 
40 
