1 1 
2 1 2 
3 1 2 
4 3 
5 3 
6 
7 4 1 2 
8 5 4 1 2 
9 5 6 4 1 2 
10 7 5 6 4 1 2 
11 7 5 6 4 1 8 2 
12 7 5 6 2 4 1 8 
13 2 7 6 5 4 1 8 9 
14 2 7 6 5 4 10 1 8 
15 1 2 8 7 6 5 4 10 11 
16 1 2 8 7 6 5 12 4 10 
17 4 1 2 8 7 6 10 5 12 
18 5 4 1 2 8 7 12 6 10 
19 5 4 1 2 8 7 10 12 6 13 
20 5 6 4 1 2 8 7 10 12 
21 5 6 4 1 2 8 7 14 
22 7 5 6 4 1 2 8 
23 7 5 6 4 1 8 2 
24 7 5 6 4 1 8 2 
25 7 4 5 6 15 2 
26 7 2 4 5 6 15 16 
27 7 2 4 5 6 17 
28 18 7 2 4 5 
29 18 5 4 7 19 2 
30 18 5 4 2 7 19 20 
31 18 5 4 2 7 21 
32 22 18 5 4 2 
33 22 18 5 2 4 23 
34 24 22 18 5 2 
35 24 22 18 5 25 
36 26 24 22 18 
37 26 24 27 22 18 
38 26 24 27 28 
39 26 24 27 
40 27 26 29 24 
41 27 26 30 
42 27 31 
43 27 
44 
