1 1 
2 2 1 
3 2 3 1 
4 2 4 3 1 
5 2 4 3 1 5 
6 2 4 3 1 5 
7 
8 2 4 3 5 6 1 
9 2 4 3 5 1 6 7 
10 2 4 3 5 1 8 6 
11 2 4 9 3 5 1 
12 2 4 1 9 3 10 5 
13 2 4 11 9 5 3 1 
14 2 4 11 9 5 3 1 12 
15 2 4 11 9 5 3 1 12 
16 
17 2 4 11 9 5 3 12 13 1 
18 2 4 11 9 5 3 12 1 13 14 
19 2 4 11 9 5 3 12 1 15 13 
20 2 4 11 9 5 16 3 12 1 
21 2 4 11 9 1 5 16 3 17 12 
22 2 4 11 18 16 9 12 3 1 5 
23 2 4 11 18 16 9 12 19 3 5 1 
24 2 4 11 18 16 9 12 1 19 3 20 5 
25 2 4 11 18 16 9 21 19 12 3 1 5 
26 2 4 11 18 16 9 21 19 12 22 3 5 1 
27 2 4 11 18 16 9 21 19 1 12 22 3 23 5 
28 2 4 24 11 18 16 9 22 21 19 3 1 12 
29 2 4 24 11 18 16 9 22 21 19 25 3 12 1 
30 2 4 24 11 18 16 9 22 21 19 1 25 3 26 12 
31 2 4 24 11 27 18 16 25 9 22 21 19 3 1 12 
32 2 4 24 11 27 18 16 25 9 22 21 19 28 3 12 1 
33 2 4 24 11 27 18 16 25 9 22 21 19 1 28 3 29 12 
34 2 4 24 11 27 18 16 25 9 22 21 19 30 28 1 
35 2 4 24 11 27 18 16 25 9 22 21 19 30 28 1 31 
36 2 4 24 11 27 18 16 25 9 22 21 19 30 28 1 31 
37 2 4 24 11 27 18 16 25 9 22 21 19 30 28 1 31 
38 2 4 24 11 27 18 16 25 9 22 21 19 30 28 1 31 
39 31 2 4 24 11 27 18 16 25 9 22 21 19 30 28 1 
40 31 2 4 24 11 27 18 16 25 9 22 21 19 30 28 1 32 
41 31 2 4 24 11 27 18 16 25 9 22 21 19 30 28 1 33 
42 31 2 4 24 11 27 18 16 25 9 22 21 19 30 28 1 
43 31 2 4 24 11 27 18 16 25 9 22 21 19 30 28 1 34 
44 31 2 4 24 11 27 18 16 25 9 22 21 19 30 28 1 
45 31 2 4 24 11 27 18 16 25 9 22 21 19 30 28 1 35 
46 31 2 4 24 11 27 18 16 25 9 22 21 19 30 28 1 
47 2 24 27 16 25 9 22 19 28 1 31 21 11 30 18 36 
48 2 24 27 16 25 9 22 19 28 1 31 21 11 30 18 36 37 
49 2 24 27 16 25 9 22 19 28 1 31 21 11 30 18 
50 2 24 27 16 25 9 22 19 28 1 31 38 21 11 30 18 
51 2 24 27 16 25 9 22 19 28 1 31 39 38 18 30 21 11 
52 2 24 27 16 25 9 22 19 28 1 31 39 40 38 11 21 18 30 
53 2 24 27 18 16 25 9 22 19 30 28 1 31 39 40 38 11 21 41 
54 2 24 27 18 16 25 9 22 19 30 28 1 31 39 40 42 38 11 21 
55 2 24 11 27 18 16 25 9 22 21 19 30 28 1 31 39 40 42 38 43 
56 2 24 11 27 18 16 25 9 22 21 19 30 28 1 31 39 40 42 44 38 
57 2 24 11 27 18 16 25 9 22 21 19 30 28 1 31 38 
58 31 2 24 11 27 18 16 25 9 22 21 19 30 28 1 
59 31 2 24 11 27 18 16 25 9 22 21 19 30 28 1 
60 2 24 27 16 25 9 22 19 28 1 31 45 30 18 21 11 
61 2 24 27 16 25 9 22 19 28 1 31 46 45 11 21 30 18 
62 2 24 27 16 25 9 22 19 28 1 31 46 47 45 18 30 11 21 
63 2 24 11 27 16 25 9 22 21 19 28 1 31 46 47 45 18 30 48 
64 2 24 11 27 16 25 9 22 21 19 28 1 31 46 47 49 45 18 30 
65 2 24 11 27 18 16 25 9 22 21 19 30 28 1 31 46 47 49 45 50 
66 2 24 11 27 18 16 25 9 22 21 19 30 28 1 31 46 47 49 51 45 
67 2 24 11 27 18 16 25 9 22 21 19 30 28 1 31 45 
68 31 2 24 11 27 18 16 25 9 22 21 19 30 28 1 
69 31 2 4 24 11 27 18 16 25 9 22 21 19 30 28 1 
70 31 2 4 24 11 27 18 16 25 9 22 21 19 1 30 28 52 
71 31 2 4 24 11 27 18 16 25 9 22 21 19 1 30 28 53 
72 31 2 4 24 11 27 18 16 25 9 22 21 19 1 30 28 
73 31 2 4 24 11 27 18 16 25 9 22 21 19 1 30 28 54 
74 31 2 4 24 11 27 18 16 25 9 22 21 19 1 30 28 
75 31 2 4 24 11 27 18 16 25 9 22 21 19 1 30 55 
76 31 2 4 24 11 27 18 16 25 9 22 21 19 1 30 
77 2 27 16 25 9 22 21 19 1 31 24 11 30 18 56 
78 2 27 16 25 9 22 21 19 1 31 24 11 30 18 56 57 
79 2 27 16 25 9 22 21 19 1 31 24 11 30 18 
80 2 27 16 25 9 22 21 19 1 31 58 24 11 30 18 
81 2 27 16 25 9 22 21 19 1 31 59 58 18 30 24 11 
82 2 27 16 25 9 22 21 19 1 31 59 60 58 11 24 18 30 
83 2 27 18 16 25 9 22 21 19 1 31 59 60 58 11 24 61 
84 2 27 18 16 25 9 22 21 19 1 31 59 60 62 58 11 24 
85 2 24 11 27 18 16 25 9 22 21 19 1 31 59 60 62 58 63 
86 2 24 11 27 18 16 25 9 22 21 19 1 31 59 60 62 64 58 
87 2 24 11 27 18 16 25 9 22 21 19 1 31 58 
88 31 2 24 11 27 18 16 25 9 22 21 19 1 
89 31 2 24 11 27 18 16 25 9 22 21 19 1 
90 2 27 16 25 9 22 21 19 1 31 65 30 18 11 24 
91 2 27 16 25 9 22 21 19 1 31 66 65 11 24 30 18 
92 2 27 16 25 9 22 21 19 1 31 66 67 65 18 30 11 24 
93 2 24 11 27 16 25 9 22 21 19 1 31 66 67 65 18 30 68 
94 2 24 11 27 16 25 9 22 21 19 1 31 66 67 69 65 18 30 
95 2 24 11 27 18 16 25 9 22 21 19 1 31 66 67 69 65 70 
96 2 24 11 27 18 16 25 9 22 21 19 1 31 66 67 69 71 65 
97 2 24 11 27 18 16 25 9 22 21 19 1 31 65 
98 31 2 24 11 27 18 16 25 9 22 21 19 1 
99 31 2 4 24 11 27 18 16 25 9 22 21 19 1 
100 31 2 4 24 11 27 18 16 25 9 22 1 21 19 72 
101 31 2 4 24 11 27 18 16 25 9 22 1 21 19 73 
102 31 2 4 24 11 27 18 16 25 9 22 1 21 19 
103 31 2 4 24 11 27 18 16 25 9 22 1 21 74 
104 31 2 4 24 11 27 18 16 25 9 22 1 21 
105 31 2 4 24 11 27 18 16 25 9 22 1 21 75 
106 31 2 4 24 11 27 18 16 25 9 22 1 21 
107 2 24 16 25 9 22 1 31 21 11 27 18 76 
108 2 24 16 25 9 22 1 31 21 11 27 18 76 77 
109 2 24 16 25 9 22 1 31 21 11 27 18 
110 2 24 16 25 9 22 1 31 78 21 11 27 18 
111 2 24 16 25 9 22 1 31 79 78 18 27 21 11 
112 2 24 16 25 9 22 1 31 79 80 78 11 21 18 27 
113 2 24 27 18 16 25 9 22 1 31 79 80 78 11 21 81 
114 2 24 27 18 16 25 9 22 1 31 79 80 82 78 11 21 
115 2 24 11 27 18 16 25 9 22 1 31 79 80 82 78 83 
116 2 24 11 27 18 16 25 9 22 1 31 79 80 82 84 78 
117 2 24 11 27 18 16 25 9 22 1 31 78 
118 31 2 24 11 27 18 16 25 9 22 1 
119 31 2 24 11 27 18 16 25 9 22 1 
120 2 24 16 25 9 22 1 31 85 27 18 21 11 
121 2 24 16 25 9 22 1 31 86 85 11 21 27 18 
122 2 24 16 25 9 22 1 31 86 87 85 18 27 11 21 
123 2 24 11 16 25 9 22 1 31 86 87 85 18 27 88 
124 2 24 11 16 25 9 22 1 31 86 87 89 85 18 27 
125 2 24 11 27 18 16 25 9 22 1 31 86 87 89 85 90 
126 2 24 11 27 18 16 25 9 22 1 31 86 87 89 91 85 
127 2 24 11 27 18 16 25 9 22 1 31 85 
128 31 2 24 11 27 18 16 25 9 22 1 
129 31 2 4 24 11 27 18 16 25 9 22 1 
130 31 1 2 4 24 11 27 18 16 25 9 22 92 
131 31 1 2 4 24 11 27 18 16 25 9 22 93 
132 31 1 2 4 24 11 27 18 16 25 9 22 
133 31 1 2 4 24 11 27 18 16 25 94 
134 31 1 2 4 24 11 27 18 16 25 
135 31 1 2 4 24 11 27 18 95 
136 31 1 2 4 24 11 27 18 
137 1 2 31 24 11 27 18 96 
138 1 2 31 24 11 27 18 96 97 
139 1 2 31 24 11 27 18 
140 1 2 31 98 24 11 27 18 
141 1 2 31 99 98 18 27 24 11 
142 1 2 31 99 100 98 11 24 18 27 
143 1 2 31 99 100 98 11 24 101 
144 1 2 31 99 100 102 98 11 24 
145 1 2 31 99 100 102 98 103 
146 1 2 31 99 100 102 104 98 
147 1 2 31 98 
148 31 1 2 
149 31 1 2 
150 1 2 31 105 27 18 11 24 
151 1 2 31 106 105 11 24 27 18 
152 1 2 31 106 107 105 18 27 11 24 
153 1 2 31 106 107 105 18 27 108 
154 1 2 31 106 107 109 105 18 27 
155 1 2 31 106 107 109 105 110 
156 1 2 31 106 107 109 111 105 
157 1 2 31 105 
158 31 1 2 
159 31 1 2 4 
160 31 1 2 
161 112 31 2 1 
162 112 31 1 2 113 
163 112 31 1 114 2 
164 112 2 31 1 
165 112 2 31 1 115 
166 112 2 31 115 1 
167 112 2 1 31 116 115 
168 112 2 115 1 31 117 
169 112 2 31 1 115 
170 112 2 115 31 1 118 
171 112 2 31 1 115 
172 112 1 31 2 119 115 
173 112 1 31 115 120 2 
174 112 1 2 31 115 
175 112 31 1 115 121 2 
176 112 2 31 1 115 
177 112 2 31 1 115 
178 112 2 31 1 115 
179 
180 
