1 1 
2 2 1 
3 2 3 1 
4 2 3 1 
5 2 3 5 1 
6 2 3 5 6 1 
7 2 3 5 6 7 1 
8 2 3 5 6 7 1 8 
9 2 3 5 6 7 1 8 9 
10 2 3 5 6 7 1 8 10 9 
11 2 3 5 6 7 1 8 10 9 
12 2 3 5 6 7 1 8 10 
13 2 3 5 6 7 1 8 
14 
15 2 3 5 6 7 8 1 12 
16 2 3 5 6 7 8 1 
17 2 3 5 6 7 8 1 13 
18 2 3 5 6 7 8 1 13 
19 2 3 5 6 7 8 1 13 
20 2 3 5 6 7 14 8 13 1 
21 2 3 5 6 7 14 8 1 13 15 
22 2 3 5 6 7 14 8 1 13 
23 
24 2 3 5 6 7 14 8 1 
25 2 3 5 6 7 1 14 8 16 
26 2 3 5 6 7 1 14 8 
27 
28 2 3 5 6 7 1 14 8 17 
29 2 3 5 6 7 1 17 14 8 
30 2 3 5 6 7 1 17 14 8 18 
31 2 3 5 6 7 1 18 17 14 8 
32 2 3 5 6 7 1 18 17 14 8 19 
33 2 3 5 6 7 1 18 17 19 14 8 
34 2 3 5 6 7 1 18 17 19 14 8 20 
35 2 3 5 6 7 1 18 17 20 19 14 8 
36 2 3 5 6 7 1 18 17 20 19 14 8 21 
37 2 3 5 6 7 1 21 18 17 20 19 14 8 
38 2 3 5 6 7 1 21 18 17 20 19 14 8 22 
39 2 3 5 6 7 1 22 21 18 17 20 19 14 8 
40 2 3 5 6 7 1 22 21 18 17 23 20 19 14 8 
41 2 3 5 6 7 1 22 21 18 17 23 20 19 24 8 14 
42 2 3 5 6 7 1 22 21 18 17 23 25 20 19 24 8 14 
43 2 3 5 6 7 1 22 21 18 26 17 23 25 20 19 24 8 14 
44 2 3 5 6 7 1 22 21 18 26 17 23 27 25 20 19 24 8 14 
45 2 3 5 6 7 1 22 21 18 26 17 28 23 27 25 20 19 24 8 14 
46 2 3 5 6 7 1 22 21 18 26 17 29 28 23 27 25 20 19 24 8 14 
47 2 3 5 6 7 1 22 21 18 26 17 30 29 28 23 27 25 20 19 24 8 14 
48 2 3 5 6 7 1 22 21 18 26 17 30 29 28 23 27 25 20 19 24 8 31 14 
49 2 3 5 6 7 1 22 21 18 26 17 30 29 28 23 27 25 20 19 24 8 31 32 14 
50 2 3 5 6 7 1 22 21 18 26 17 30 29 28 23 27 25 20 19 24 8 33 31 32 14 
51 2 3 5 6 7 1 22 21 18 26 17 30 29 28 23 27 25 20 19 24 8 33 31 34 32 14 
52 2 3 5 6 7 1 22 21 18 26 17 30 29 28 23 27 25 20 19 24 8 33 35 31 34 32 14 
53 2 3 5 6 7 1 22 21 18 26 17 30 29 28 23 27 25 20 19 24 8 33 36 35 31 34 32 14 
54 2 3 5 6 7 1 22 21 18 26 17 30 29 28 23 27 25 20 19 24 8 33 37 36 35 31 34 32 14 
55 2 3 5 6 7 1 22 21 18 26 17 30 29 28 23 27 25 14 20 19 24 8 33 37 36 35 31 34 32 
56 2 3 5 6 7 1 22 21 18 26 17 30 29 28 31 23 27 25 14 20 19 24 8 
57 2 3 5 6 7 1 22 21 18 26 17 30 29 28 38 31 23 27 25 14 20 19 24 8 
58 2 3 5 6 7 1 22 21 18 26 17 30 29 28 38 31 23 27 25 14 20 19 24 39 8 
59 2 3 5 6 7 1 22 21 18 26 17 30 29 28 38 31 23 27 25 14 20 19 8 24 40 39 
60 2 3 5 6 7 1 22 21 18 26 17 30 29 28 38 31 23 27 25 14 20 19 8 24 39 
61 2 3 5 6 7 1 22 21 18 26 17 30 29 28 38 31 23 27 25 32 14 20 39 19 8 24 
62 2 3 5 6 7 1 22 21 18 26 17 30 29 28 38 31 23 27 25 32 14 20 39 19 41 8 24 
63 2 3 5 6 7 1 22 21 18 26 17 30 29 28 38 24 31 23 27 25 32 14 20 39 19 41 42 8 
64 2 3 5 6 7 1 22 21 18 26 17 30 29 28 38 24 31 23 27 25 32 8 14 20 39 19 43 41 
65 2 3 5 6 7 1 22 21 18 26 17 30 29 28 38 24 31 23 27 25 32 8 14 20 39 19 41 
66 2 3 5 6 7 1 22 21 33 18 26 17 30 29 28 38 24 31 23 27 25 32 8 14 20 39 19 
67 2 3 5 6 7 1 22 21 33 18 26 17 30 29 28 38 24 31 23 27 25 32 8 14 20 39 19 44 
68 2 3 5 6 7 1 22 21 33 18 26 17 30 29 28 38 24 31 23 27 25 32 8 14 20 39 19 44 
69 2 3 5 6 7 1 22 21 33 18 26 17 30 29 28 38 24 31 23 27 34 25 32 8 14 44 20 39 19 
70 2 3 5 6 7 1 22 21 33 18 26 17 30 29 28 38 24 31 23 27 34 25 32 8 14 44 20 39 19 45 
71 2 3 5 6 7 1 22 21 33 18 26 17 30 29 28 38 24 31 23 27 34 25 32 8 14 44 20 39 19 45 
72 2 3 5 6 7 1 22 21 33 18 26 17 30 35 29 28 38 24 31 23 27 34 25 32 8 14 44 20 39 19 
73 2 3 5 6 7 1 22 21 33 18 26 17 30 36 35 29 28 38 24 31 23 27 34 25 32 8 14 44 20 39 19 
74 2 3 5 6 7 1 22 21 33 18 26 17 37 30 36 35 29 28 38 24 31 23 27 34 25 32 8 14 44 20 39 19 
75 2 3 5 6 7 1 22 21 33 19 18 26 17 37 30 36 35 29 28 38 24 31 23 27 34 25 32 8 14 44 20 
76 2 3 5 6 7 1 22 21 20 33 19 18 26 17 37 30 36 35 29 28 38 24 31 23 27 34 25 32 8 14 
77 2 3 5 6 7 1 22 21 20 33 19 18 26 17 37 30 36 35 29 28 38 24 31 23 27 34 25 32 8 14 
78 2 3 5 6 7 1 22 21 20 33 19 18 26 17 37 30 36 35 29 28 38 24 31 23 27 34 25 32 8 14 
79 2 3 5 6 7 1 22 21 20 33 19 18 26 17 37 30 36 35 29 28 38 24 31 23 27 34 25 32 8 14 46 
80 2 3 5 6 7 1 22 21 20 33 19 18 26 17 37 30 36 35 29 28 38 24 31 23 27 34 25 32 8 14 47 46 
81 2 3 5 6 7 1 22 21 20 33 19 18 26 17 37 30 36 35 29 28 38 24 31 23 27 34 25 32 8 14 48 47 46 
82 2 3 5 6 7 1 22 21 20 33 19 18 26 17 37 30 36 35 29 28 38 24 31 23 27 34 25 32 8 14 48 47 49 46 
83 2 3 5 6 7 1 22 21 20 33 19 18 26 17 37 30 36 35 29 28 50 38 24 31 23 27 34 25 32 8 14 48 47 49 46 
84 2 3 5 6 7 1 22 21 20 33 19 18 26 17 37 30 36 35 29 28 50 38 24 31 23 27 34 25 32 8 51 14 48 47 49 46 
85 2 3 5 6 7 1 22 21 20 33 19 18 26 17 37 30 36 35 29 28 50 38 24 31 23 27 34 25 32 52 8 51 14 48 47 49 46 
86 2 3 5 6 7 1 22 21 20 33 19 18 26 17 37 30 36 35 29 28 50 38 24 31 23 27 34 25 32 52 8 51 53 14 48 47 49 46 
87 2 3 5 6 7 1 22 21 20 33 19 18 26 17 37 30 36 35 29 28 50 38 24 31 23 27 34 25 32 54 52 8 51 53 14 48 47 49 46 
88 2 3 5 6 7 1 22 21 20 33 19 18 26 17 37 30 36 35 29 28 55 50 38 24 31 23 27 34 25 32 54 52 8 51 53 14 48 47 49 46 
89 2 3 5 6 7 1 22 21 20 33 19 18 26 17 37 30 36 35 29 28 56 55 50 38 24 31 23 27 34 25 32 54 52 8 51 53 14 48 47 49 46 
90 2 3 5 6 7 1 22 21 20 33 19 18 26 17 37 30 36 35 29 28 56 57 55 50 38 24 31 23 27 34 25 32 54 52 8 51 53 14 48 47 49 46 
91 2 3 5 6 7 1 22 21 20 33 19 18 26 17 37 30 36 35 29 28 58 56 57 55 50 38 24 31 23 27 34 25 32 54 52 8 51 53 14 48 47 49 46 
92 2 3 5 6 7 1 22 21 20 33 19 18 26 17 37 30 36 35 29 28 58 56 57 55 50 59 38 24 31 23 27 34 25 32 54 52 8 51 53 14 48 47 49 46 
93 2 3 5 6 7 1 22 21 20 33 19 18 26 17 37 30 36 35 29 28 58 56 57 55 50 60 59 38 24 31 23 27 34 25 32 54 52 8 51 53 14 48 47 49 46 
94 2 3 5 6 7 1 22 21 20 33 19 18 26 17 37 30 36 35 29 28 58 56 57 55 61 50 60 59 38 24 31 23 27 34 25 32 54 52 8 51 53 14 48 47 49 46 
95 2 3 5 6 7 1 22 21 20 33 19 18 26 17 37 30 36 35 29 28 58 56 57 55 61 50 62 60 59 38 24 31 23 27 34 25 32 54 52 8 51 53 14 48 47 49 46 
96 2 3 5 6 7 1 22 21 20 33 19 18 26 17 37 30 36 35 29 28 58 56 57 55 61 50 62 60 59 38 24 31 23 27 34 25 32 54 52 8 51 53 14 48 47 49 46 63 
97 2 3 5 6 7 1 22 21 20 33 19 18 26 17 37 30 36 35 29 28 58 56 57 55 61 50 62 60 59 38 24 31 23 27 34 25 32 54 52 8 51 53 14 48 47 49 46 63 
98 2 3 5 6 7 1 22 21 20 19 18 17 37 30 36 29 50 38 24 31 54 52 51 53 48 47 46 63 49 35 33 34 32 14 55 23 8 
99 2 3 5 6 7 1 22 21 20 19 18 17 37 30 36 29 50 38 24 31 54 52 51 53 48 47 46 63 49 35 33 34 32 14 56 55 8 23 
100 2 3 5 6 7 1 22 21 20 19 18 17 37 30 36 29 50 38 24 31 54 52 51 53 48 47 46 63 49 35 33 34 32 14 56 55 23 64 8 
101 2 3 5 6 7 1 22 21 20 19 18 17 37 30 36 29 50 38 24 31 54 52 51 53 48 47 46 63 49 35 33 34 32 14 57 56 55 8 23 
102 2 3 5 6 7 1 22 21 20 19 18 17 37 30 36 29 50 38 24 31 54 52 51 53 48 47 46 63 23 49 35 33 34 32 14 57 56 55 65 8 
103 2 3 5 6 7 1 22 21 20 19 18 17 37 30 36 29 50 38 24 31 54 52 8 51 53 48 47 46 63 23 49 35 33 34 32 14 58 57 56 55 
104 2 3 5 6 7 1 22 21 20 19 18 17 37 30 36 29 50 38 24 31 54 52 8 51 53 48 47 46 63 23 49 35 33 34 32 14 58 57 56 55 66 
105 2 3 5 6 7 1 22 21 20 19 18 17 37 30 36 29 55 50 38 24 31 54 52 8 51 53 48 47 46 63 23 49 35 33 34 32 14 58 57 56 66 
106 2 3 5 6 7 1 22 21 20 19 18 17 37 30 36 29 55 50 38 24 31 25 54 52 8 51 53 48 47 46 63 23 49 66 35 33 34 32 14 58 57 56 
107 2 3 5 6 7 1 22 21 20 19 18 17 37 30 36 29 55 50 38 24 31 25 54 52 8 51 53 48 47 46 63 23 49 66 35 33 34 32 14 58 57 56 67 
108 2 3 5 6 7 1 22 21 20 19 18 17 37 30 36 29 56 55 50 38 24 31 25 54 52 8 51 53 48 47 46 63 23 49 66 35 33 34 32 14 58 57 67 
109 2 3 5 6 7 1 22 21 20 19 18 17 37 30 36 29 56 55 50 38 24 31 27 25 54 52 8 51 53 48 47 46 63 23 49 66 35 33 34 32 14 58 57 
110 2 3 5 6 7 1 22 21 20 19 18 17 37 30 36 29 56 55 50 38 24 31 27 25 54 52 8 51 53 48 47 46 63 23 49 66 35 33 34 32 14 58 57 68 
111 2 3 5 6 7 1 22 21 20 19 18 17 37 30 36 29 56 55 50 38 24 31 27 25 54 52 8 51 53 48 47 46 63 23 49 66 57 35 33 34 32 14 58 68 
112 2 3 5 6 7 1 22 21 20 19 18 26 17 37 30 36 29 56 55 50 38 24 31 27 25 54 52 8 51 53 48 47 46 63 23 49 66 57 35 33 34 32 14 58 
113 2 3 5 6 7 1 22 21 20 19 18 26 17 37 30 36 29 56 55 50 38 24 31 27 25 54 52 8 51 53 48 47 46 63 23 49 66 57 35 33 34 32 14 58 69 
114 2 3 5 6 7 1 22 21 20 19 18 26 17 37 30 36 29 58 56 55 50 38 24 31 27 25 54 52 8 51 53 48 47 46 63 23 49 66 57 35 33 34 32 14 69 
115 2 3 5 6 7 1 22 21 20 19 18 26 17 37 30 36 29 28 58 56 55 50 38 24 31 27 25 54 52 8 51 53 48 47 46 63 23 49 66 57 35 33 34 32 14 
116 2 3 5 6 7 1 22 21 20 19 18 26 17 37 30 36 29 28 58 56 55 50 38 24 31 27 25 54 52 8 51 53 14 48 47 46 63 23 49 66 57 35 33 34 32 
117 2 3 5 6 7 1 22 21 20 19 18 26 17 37 30 36 29 28 58 56 55 50 38 24 31 27 25 32 54 52 8 51 53 14 48 47 46 63 23 49 66 57 59 35 33 34 
118 2 3 5 6 7 1 22 21 20 19 18 26 17 37 30 36 29 28 58 56 55 50 60 38 24 31 27 34 25 32 54 52 8 51 53 14 48 47 46 63 23 49 66 57 59 35 33 
119 2 3 5 6 7 1 22 21 20 33 19 18 26 17 37 30 36 29 28 58 56 55 61 50 60 38 24 31 27 34 25 32 54 52 8 51 53 14 48 47 46 63 23 49 66 57 59 35 
120 2 3 5 6 7 1 22 21 20 33 19 18 26 17 37 30 36 35 29 28 58 56 55 61 50 62 60 38 24 31 27 34 25 32 54 52 8 51 53 14 48 47 46 63 23 49 66 57 59 
121 2 3 5 6 7 1 22 21 20 33 19 18 26 17 37 30 36 35 29 28 58 56 55 61 50 62 60 38 24 31 27 34 25 32 54 52 8 51 53 14 48 47 46 63 23 49 66 57 59 
122 2 3 5 6 7 1 22 21 20 19 18 26 17 37 30 36 29 28 58 56 55 50 38 24 27 25 54 52 51 53 14 48 47 46 63 23 49 66 57 59 31 8 
123 2 3 5 6 7 1 22 21 20 19 18 26 17 37 30 36 29 28 58 56 55 50 38 24 27 25 54 52 51 53 14 48 47 46 63 23 49 66 57 60 59 8 31 
124 2 3 5 6 7 1 22 21 20 19 18 26 17 37 30 36 29 28 58 56 55 50 38 24 27 25 54 52 51 53 14 48 47 46 63 23 49 66 57 60 59 31 70 8 
125 2 3 5 6 7 1 22 21 20 19 18 26 17 37 30 36 29 28 58 56 55 50 38 24 27 25 54 52 51 53 14 48 47 46 63 23 49 66 57 61 60 59 8 31 
126 2 3 5 6 7 1 22 21 20 19 18 26 17 37 30 36 29 28 58 56 55 50 38 24 31 27 25 54 52 51 53 14 48 47 46 63 23 49 66 57 61 60 59 71 8 
127 2 3 5 6 7 1 22 21 20 19 18 26 17 37 30 36 29 28 58 56 55 50 38 24 31 27 25 54 52 8 51 53 14 48 47 46 63 23 49 66 57 62 61 60 59 
128 2 3 5 6 7 1 22 21 20 19 18 26 17 37 30 36 29 28 58 56 55 50 38 24 31 27 25 54 52 8 51 53 14 48 47 46 63 23 49 66 57 62 61 60 59 72 
129 2 3 5 6 7 1 22 21 20 19 18 26 17 37 30 36 29 28 58 56 55 50 38 24 31 27 25 54 52 8 51 53 14 48 47 46 63 23 49 66 57 59 62 61 60 72 
130 2 3 5 6 7 1 22 21 20 19 18 26 17 37 30 36 29 28 58 56 55 50 38 24 31 27 25 32 54 52 8 51 53 14 48 47 46 63 23 49 66 57 59 62 61 60 
131 2 3 5 6 7 1 22 21 20 19 18 26 17 37 30 36 29 28 58 56 55 50 38 24 31 27 25 32 54 52 8 51 53 14 48 47 46 63 23 49 66 57 59 62 61 60 73 
132 2 3 5 6 7 1 22 21 20 19 18 26 17 37 30 36 29 28 58 56 55 50 60 38 24 31 27 25 32 54 52 8 51 53 14 48 47 46 63 23 49 66 57 59 62 61 73 
133 2 3 5 6 7 1 22 21 20 19 18 26 17 37 30 36 29 28 58 56 55 50 60 38 24 31 27 34 25 32 54 52 8 51 53 14 48 47 46 63 23 49 66 57 59 62 61 
134 2 3 5 6 7 1 22 21 20 19 18 26 17 37 30 36 29 28 58 56 55 50 60 38 24 31 27 34 25 32 54 52 8 51 53 14 48 47 46 63 23 49 66 57 59 62 61 74 
135 2 3 5 6 7 1 22 21 20 19 18 26 17 37 30 36 29 28 58 56 55 61 50 60 38 24 31 27 34 25 32 54 52 8 51 53 14 48 47 46 63 23 49 66 57 59 62 74 
136 2 3 5 6 7 1 22 21 20 33 19 18 26 17 37 30 36 29 28 58 56 55 61 50 60 38 24 31 27 34 25 32 54 52 8 51 53 14 48 47 46 63 23 49 66 57 59 62 
137 2 3 5 6 7 1 22 21 20 33 19 18 26 17 37 30 36 29 28 58 56 55 61 50 60 38 24 31 27 34 25 32 54 52 8 51 53 14 48 47 46 63 23 49 66 57 59 62 75 
138 2 3 5 6 7 1 22 21 20 33 19 18 26 17 37 30 36 29 28 58 56 55 61 50 62 60 38 24 31 27 34 25 32 54 52 8 51 53 14 48 47 46 63 23 49 66 57 59 75 
139 2 3 5 6 7 1 22 21 20 33 19 18 26 17 37 30 36 35 29 28 58 56 55 61 50 62 60 38 24 31 27 34 25 32 54 52 8 51 53 14 48 47 46 63 23 49 66 57 59 
140 2 3 5 6 7 1 22 21 20 33 19 18 26 17 37 30 36 35 29 28 58 56 57 55 61 50 62 60 59 38 24 31 27 34 25 32 54 52 8 51 53 14 48 47 46 63 23 49 66 76 
141 2 3 5 6 7 1 22 21 20 33 19 18 26 17 37 30 36 35 29 28 58 56 57 55 61 50 62 60 59 38 24 31 27 34 25 32 54 52 8 51 53 14 48 47 46 63 23 49 66 
142 2 3 5 6 7 1 22 21 20 33 19 18 26 17 37 30 36 35 29 28 58 56 57 55 61 50 62 60 59 38 24 31 23 27 34 25 32 54 52 8 51 53 14 48 47 46 63 
143 2 3 5 6 7 1 22 21 20 33 19 18 26 17 37 30 36 35 29 28 58 56 57 55 61 50 62 60 59 38 24 31 23 27 34 25 32 54 52 8 51 53 14 48 47 49 46 63 
144 2 3 5 6 7 1 22 21 20 33 19 18 26 17 37 30 36 35 29 28 58 56 57 55 61 50 62 60 59 38 24 31 23 27 34 25 32 54 52 8 51 53 14 48 47 49 46 63 
145 2 3 5 6 7 1 22 21 20 33 19 18 26 17 37 30 36 35 29 28 58 56 57 55 61 50 62 60 59 38 24 23 27 34 25 32 54 52 8 51 14 48 47 49 46 63 31 53 66 77 
146 2 3 5 6 7 1 22 21 20 33 19 18 26 17 37 30 36 35 29 28 58 56 57 55 61 50 62 60 59 38 24 23 27 34 25 32 54 52 8 51 14 48 47 49 46 63 31 53 66 
147 2 3 5 6 7 1 22 21 20 33 19 18 26 17 37 30 36 35 29 28 58 56 57 55 61 50 62 60 59 38 24 31 23 27 34 25 32 54 52 8 51 14 48 47 49 46 63 
148 2 3 5 6 7 1 22 21 20 33 19 18 26 17 37 30 36 35 29 28 58 56 57 55 61 50 62 60 59 38 24 31 23 27 34 25 32 54 52 8 51 53 14 48 47 49 46 63 
149 2 3 5 6 7 1 22 21 20 33 19 18 26 17 37 30 36 35 29 28 58 56 57 55 61 50 62 60 59 38 24 31 23 27 34 25 32 54 52 8 51 53 14 48 47 49 46 63 
150 2 3 5 6 7 1 22 21 20 33 19 18 26 17 35 28 58 56 57 61 50 62 60 38 24 31 23 25 32 54 52 8 51 53 14 48 47 49 46 34 27 55 59 66 78 
151 2 3 5 6 7 1 22 21 20 33 19 18 26 17 35 28 58 56 57 61 50 62 60 38 24 31 23 25 32 54 52 8 51 53 14 48 47 49 46 34 27 55 59 66 
152 2 3 5 6 7 1 22 21 20 33 19 18 26 17 35 28 58 56 57 61 50 62 60 38 24 31 23 25 32 54 52 8 51 53 14 48 47 49 46 34 27 55 59 66 79 
153 2 3 5 6 7 1 22 21 20 33 19 18 26 17 35 28 58 56 57 61 50 62 60 38 24 31 23 25 32 54 52 8 51 53 14 48 47 49 46 34 27 55 59 66 
154 2 3 5 6 7 1 22 21 33 18 26 17 35 28 58 56 57 50 62 38 24 31 23 25 54 52 8 51 53 14 48 47 49 46 27 20 19 60 55 66 80 61 59 
155 2 3 5 6 7 1 22 21 33 18 26 17 35 28 58 56 57 61 50 62 38 24 31 23 25 54 52 8 51 53 14 48 47 49 46 27 20 19 60 59 55 66 80 81 
156 2 3 5 6 7 1 22 21 33 18 26 17 35 28 58 56 57 61 50 62 38 24 31 23 25 54 52 8 51 53 14 48 47 49 46 27 20 19 60 59 82 55 66 
157 2 3 5 6 7 1 22 21 33 18 26 17 35 28 58 56 57 61 50 62 38 24 31 23 25 32 54 52 8 51 53 14 48 47 49 46 27 20 66 19 60 59 82 55 
158 2 3 5 6 7 1 22 21 33 18 26 17 35 28 58 56 57 61 50 62 38 24 31 23 25 32 54 52 8 51 53 14 48 47 49 46 27 20 66 19 83 60 59 82 55 
159 2 3 5 6 7 1 22 21 33 18 26 17 35 28 58 56 57 61 50 62 38 24 31 23 25 32 54 52 8 51 53 14 48 47 49 46 27 55 20 66 19 83 84 60 82 59 
160 2 3 5 6 7 1 22 21 33 18 26 17 35 28 58 56 57 61 50 62 38 24 31 23 25 32 54 52 8 51 53 14 48 47 49 46 27 55 59 20 66 19 83 84 60 85 
161 2 3 5 6 7 1 22 21 33 18 26 17 35 28 58 56 57 61 50 62 60 38 24 31 23 25 32 54 52 8 51 53 14 48 47 49 46 27 55 59 20 66 19 83 84 86 
162 2 3 5 6 7 1 22 21 33 18 26 17 35 28 58 56 57 61 50 62 60 38 24 31 23 25 32 54 52 8 51 53 14 48 47 49 46 27 55 59 20 66 19 87 83 
163 2 3 5 6 7 1 22 21 33 18 26 17 35 28 58 56 57 61 50 62 60 38 24 31 23 25 32 54 52 8 51 53 14 48 47 49 46 27 55 59 20 66 19 83 
164 2 3 5 6 7 1 22 21 33 18 26 17 35 28 58 56 57 61 50 62 60 38 24 31 23 25 32 54 52 8 51 53 14 48 47 49 46 34 27 55 59 83 20 66 19 
165 2 3 5 6 7 1 22 21 33 19 18 26 17 35 28 58 56 57 61 50 62 60 38 24 31 23 25 32 54 52 8 51 53 14 48 47 49 46 34 27 55 59 83 20 
166 2 3 5 6 7 1 22 21 20 33 19 18 26 17 35 28 58 56 57 61 50 62 60 38 24 31 23 25 32 54 52 8 51 53 14 48 47 49 46 34 27 55 59 
167 2 3 5 6 7 1 22 21 20 33 19 18 26 17 35 28 58 56 57 55 61 50 62 60 59 38 24 31 23 25 32 54 52 8 51 53 14 48 47 49 46 34 27 88 
168 2 3 5 6 7 1 22 21 20 33 19 18 26 17 35 28 58 56 57 55 61 50 62 60 59 38 24 31 23 25 32 54 52 8 51 53 14 48 47 49 46 34 27 
169 2 3 5 6 7 1 22 21 20 33 19 18 26 17 35 28 58 56 57 55 61 50 62 60 59 38 24 31 23 25 32 54 52 8 51 53 14 48 47 49 46 34 27 89 
170 2 3 5 6 7 1 22 21 20 33 19 18 26 17 35 28 58 56 57 55 61 50 62 60 59 38 24 31 23 25 32 54 52 8 51 53 14 48 47 49 46 34 27 
171 2 3 5 6 7 1 22 21 20 33 19 26 35 28 58 61 50 62 60 38 24 31 23 54 52 8 51 53 14 48 47 49 46 34 18 17 56 59 32 90 57 55 
172 2 3 5 6 7 1 22 21 20 33 19 26 35 28 58 57 61 50 62 60 38 24 31 23 54 52 8 51 53 14 48 47 49 46 34 18 17 56 55 59 32 90 91 
173 2 3 5 6 7 1 22 21 20 33 19 26 35 28 58 57 61 50 62 60 38 24 31 23 54 52 8 51 53 14 48 47 49 46 34 18 17 56 55 82 59 32 
174 2 3 5 6 7 1 22 21 20 33 19 26 35 28 58 57 61 50 62 60 38 24 31 23 25 54 52 8 51 53 14 48 47 49 46 34 18 32 17 56 55 82 59 
175 2 3 5 6 7 1 22 21 20 33 19 26 35 28 58 57 61 50 62 60 38 24 31 23 25 54 52 8 51 53 14 48 47 49 46 34 18 32 17 92 56 55 82 59 
176 2 3 5 6 7 1 22 21 20 33 19 26 35 28 58 57 61 50 62 60 59 38 24 31 23 25 54 52 8 51 53 14 48 47 49 46 34 18 32 17 92 93 56 82 55 
177 2 3 5 6 7 1 22 21 20 33 19 26 35 28 58 57 55 61 50 62 60 59 38 24 31 23 25 54 52 8 51 53 14 48 47 49 46 34 18 32 17 92 93 56 94 
178 2 3 5 6 7 1 22 21 20 33 19 26 35 28 58 56 57 55 61 50 62 60 59 38 24 31 23 25 54 52 8 51 53 14 48 47 49 46 34 18 32 17 92 93 95 
179 2 3 5 6 7 1 22 21 20 33 19 26 35 28 58 56 57 55 61 50 62 60 59 38 24 31 23 25 54 52 8 51 53 14 48 47 49 46 34 18 32 17 96 92 
180 2 3 5 6 7 1 22 21 20 33 19 26 35 28 58 56 57 55 61 50 62 60 59 38 24 31 23 25 54 52 8 51 53 14 48 47 49 46 34 18 32 17 92 
181 2 3 5 6 7 1 22 21 20 33 19 26 35 28 58 56 57 55 61 50 62 60 59 38 24 31 23 25 54 52 8 51 53 14 48 47 49 46 34 27 92 18 32 17 
182 2 3 5 6 7 1 22 21 20 33 19 26 17 35 28 58 56 57 55 61 50 62 60 59 38 24 31 23 25 32 54 52 8 51 53 14 48 47 49 46 34 27 92 18 
183 2 3 5 6 7 1 22 21 20 33 19 18 26 17 35 28 58 56 57 55 61 50 62 60 59 38 24 31 23 25 32 54 52 8 51 53 14 48 47 49 46 34 27 
184 2 3 5 6 7 1 22 21 20 33 19 18 26 17 35 29 28 58 56 57 55 61 50 62 60 59 38 24 31 23 25 32 54 52 8 51 53 14 48 47 49 46 34 27 
185 2 3 5 6 7 1 22 21 20 33 19 18 26 17 30 35 29 28 58 56 57 55 61 50 62 60 59 38 24 31 23 27 25 32 54 52 8 51 53 14 48 47 49 46 34 
186 2 3 5 6 7 1 22 21 20 33 19 18 26 17 30 36 35 29 28 58 56 57 55 61 50 62 60 59 38 24 31 23 27 25 32 54 52 8 51 53 14 48 47 49 46 34 
187 2 3 5 6 7 1 22 21 20 33 19 18 26 17 37 30 36 35 29 28 58 56 57 55 61 50 62 60 59 38 24 31 23 27 34 25 32 54 52 8 51 53 14 48 47 49 46 
188 2 3 5 6 7 1 22 21 20 33 19 18 26 17 37 30 36 35 29 28 58 56 57 55 61 50 62 60 59 38 24 31 23 27 34 25 32 54 52 8 51 53 14 48 47 49 46 63 
189 2 3 5 6 7 1 22 21 20 33 19 18 26 17 37 30 36 35 29 28 58 56 57 55 61 50 62 60 59 38 24 31 23 27 34 25 32 54 52 8 51 53 14 48 47 49 46 63 
190 2 3 5 6 7 1 22 21 20 33 19 18 26 17 37 30 36 35 29 28 58 56 57 55 61 50 62 60 59 46 38 24 31 23 27 34 25 32 54 52 8 51 53 14 48 47 49 
191 2 3 5 6 7 1 22 21 20 33 19 18 26 17 37 30 36 35 29 28 58 56 57 55 61 50 62 60 59 46 38 24 31 23 27 34 25 32 54 52 8 51 53 14 48 47 49 
192 2 3 5 6 7 1 22 21 20 33 19 18 26 17 37 30 36 35 29 28 38 24 31 23 56 60 55 59 27 34 25 32 54 58 62 57 61 52 8 51 53 50 14 48 47 49 
193 2 3 5 6 7 1 22 21 20 33 19 18 26 17 37 30 36 35 29 28 38 24 31 23 56 60 55 59 27 34 25 32 54 58 62 57 61 52 8 51 53 50 14 48 47 
194 2 3 5 6 7 1 22 21 20 33 19 18 26 17 37 30 36 35 29 28 38 24 31 23 56 60 55 59 27 34 25 32 54 58 62 57 61 52 8 51 53 50 14 48 
195 2 3 5 6 7 1 22 21 20 33 19 18 17 37 36 35 38 24 31 60 59 34 32 54 62 61 52 51 53 50 14 30 29 48 55 23 8 
196 2 3 5 6 7 1 22 21 20 33 19 18 17 37 36 35 38 24 31 60 59 34 32 54 62 61 52 51 53 50 14 8 23 30 29 48 56 55 
197 2 3 5 6 7 1 22 21 20 33 19 18 17 37 36 35 38 24 31 60 59 34 32 54 62 61 52 51 53 50 14 8 23 30 29 48 56 55 97 
198 2 3 5 6 7 1 22 21 20 33 19 18 17 37 36 35 38 24 31 60 55 59 34 32 54 62 61 52 51 53 50 14 8 23 30 29 48 56 97 
199 2 3 5 6 7 1 22 21 20 33 19 18 17 37 36 35 38 24 31 60 55 59 34 25 32 54 62 61 52 51 53 50 14 8 23 30 29 97 48 56 
200 2 3 5 6 7 1 22 21 20 33 19 18 17 37 36 35 38 24 31 60 55 59 34 25 32 54 62 61 52 51 53 50 14 8 23 30 29 97 48 56 98 
201 2 3 5 6 7 1 22 21 20 33 19 18 17 37 36 35 38 24 31 60 55 59 34 25 32 54 62 61 52 51 53 50 14 8 23 30 29 56 97 48 98 
202 2 3 5 6 7 1 22 21 20 33 19 18 17 37 36 35 38 24 31 60 55 59 27 34 25 32 54 62 61 52 51 53 50 14 8 23 30 29 56 98 97 48 
203 2 3 5 6 7 1 22 21 20 33 19 18 17 37 36 35 38 24 31 60 55 59 27 34 25 32 54 62 61 52 51 53 50 14 8 23 30 29 56 98 97 
204 2 3 5 6 7 1 22 21 20 33 19 17 37 36 35 38 24 31 60 55 59 27 34 25 32 54 62 61 52 51 53 50 14 8 23 30 29 56 98 18 
205 2 3 5 6 7 1 22 21 20 33 19 18 17 37 36 35 38 24 31 60 55 59 27 34 25 32 54 62 61 52 51 53 50 14 8 23 30 29 56 
206 2 3 5 6 7 1 22 21 20 33 19 18 17 37 36 35 29 38 24 31 60 55 59 27 34 25 32 54 62 61 52 51 53 50 14 8 23 30 56 
207 2 3 5 6 7 1 22 21 20 33 19 18 17 37 30 36 35 29 38 24 31 56 60 55 59 27 34 25 32 54 62 61 52 51 53 50 14 8 23 
208 2 3 5 6 7 1 22 21 20 33 19 18 17 37 30 36 35 29 38 24 31 56 60 55 59 27 34 25 32 54 62 61 52 51 53 50 14 23 99 8 
209 2 3 5 6 7 1 22 21 20 33 19 18 17 37 30 36 35 29 38 24 31 56 60 55 59 27 34 25 32 54 62 61 52 51 53 50 14 57 8 23 
210 2 3 5 6 7 1 22 21 20 33 19 18 17 37 30 36 35 29 38 24 31 23 56 60 55 59 27 34 25 32 54 62 61 52 51 53 50 14 57 100 8 
211 2 3 5 6 7 1 22 21 20 33 19 18 17 37 30 36 35 29 38 24 31 23 56 60 55 59 27 34 25 32 54 62 61 52 8 51 53 50 14 58 57 
212 2 3 5 6 7 1 22 21 20 33 19 18 17 37 30 36 35 29 38 24 31 23 56 60 55 59 27 34 25 32 54 62 61 52 8 51 53 50 14 58 57 101 
213 2 3 5 6 7 1 22 21 20 33 19 18 17 37 30 36 35 29 38 24 31 23 56 60 55 59 27 34 25 32 54 62 57 61 52 8 51 53 50 14 58 101 
214 2 3 5 6 7 1 22 21 20 33 19 18 26 17 37 30 36 35 29 38 24 31 23 56 60 55 59 27 34 25 32 54 62 57 61 52 8 51 53 50 14 58 
215 2 3 5 6 7 1 22 21 20 33 19 18 26 17 37 30 36 35 29 38 24 31 23 56 60 55 59 27 34 25 32 54 62 57 61 52 8 51 53 50 14 58 102 
216 2 3 5 6 7 1 22 21 20 33 19 18 26 17 37 30 36 35 29 38 24 31 23 56 60 55 59 27 34 25 32 54 58 62 57 61 52 8 51 53 50 14 102 
217 2 3 5 6 7 1 22 21 20 33 19 18 26 17 37 30 36 35 29 28 38 24 31 23 56 60 55 59 27 34 25 32 54 58 62 57 61 52 8 51 53 50 14 
218 2 3 5 6 7 1 22 21 20 33 19 18 26 17 37 30 36 35 29 28 27 34 25 32 8 14 38 24 31 23 54 56 60 55 59 58 62 57 61 52 51 53 50 
219 2 3 5 6 7 1 22 21 20 33 19 18 26 17 37 30 36 35 29 28 27 34 25 32 8 14 38 24 31 23 54 56 60 55 59 58 62 57 61 52 51 53 
220 2 3 5 6 7 1 22 21 20 33 19 18 26 17 37 30 36 35 29 28 27 34 25 32 8 14 38 24 31 23 54 56 60 55 59 58 62 57 61 52 51 
221 2 3 5 6 7 1 22 21 20 33 19 18 26 17 37 30 36 35 29 28 27 34 25 32 8 14 38 24 31 23 54 56 60 55 59 58 62 57 61 52 
222 2 3 5 6 7 1 22 21 20 19 18 26 17 30 29 28 27 25 14 38 24 23 54 56 55 58 57 37 36 52 59 31 8 
223 2 3 5 6 7 1 22 21 20 19 18 26 17 30 29 28 27 25 14 38 24 23 54 56 55 58 57 8 31 37 36 52 60 59 
224 2 3 5 6 7 1 22 21 20 19 18 26 17 30 29 28 27 25 14 38 24 23 54 56 55 58 57 8 31 37 36 52 60 59 103 
225 2 3 5 6 7 1 22 21 20 19 18 26 17 30 29 28 27 25 14 38 24 23 54 56 55 59 58 57 8 31 37 36 52 60 103 
226 2 3 5 6 7 1 22 21 20 19 18 26 17 30 29 28 27 25 32 14 38 24 23 54 56 55 59 58 57 8 31 37 36 103 52 60 
227 2 3 5 6 7 1 22 21 20 19 18 26 17 30 29 28 27 25 32 14 38 24 23 54 56 55 59 58 57 8 31 37 36 103 52 60 104 
228 2 3 5 6 7 1 22 21 20 19 18 26 17 30 29 28 27 25 32 14 38 24 23 54 56 55 59 58 57 8 31 37 36 60 103 52 104 
229 2 3 5 6 7 1 22 21 20 19 18 26 17 30 29 28 27 34 25 32 14 38 24 23 54 56 55 59 58 57 8 31 37 36 60 104 103 52 
230 2 3 5 6 7 1 22 21 20 19 18 26 17 30 29 28 27 34 25 32 14 38 24 23 54 56 55 59 58 57 8 31 37 36 60 104 103 
231 2 3 5 6 7 1 22 21 19 18 26 17 30 29 28 27 34 25 32 14 38 24 23 54 56 55 59 58 57 8 31 37 36 60 104 20 
232 2 3 5 6 7 1 22 21 20 19 18 26 17 30 29 28 27 34 25 32 14 38 24 23 54 56 55 59 58 57 8 31 37 36 60 
233 2 3 5 6 7 1 22 21 20 19 18 26 17 30 36 29 28 27 34 25 32 14 38 24 23 54 56 55 59 58 57 8 31 37 60 
234 2 3 5 6 7 1 22 21 20 19 18 26 17 37 30 36 29 28 27 34 25 32 14 38 24 23 54 56 60 55 59 58 57 8 31 
235 2 3 5 6 7 1 22 21 20 19 18 26 17 37 30 36 29 28 27 34 25 32 14 38 24 23 54 56 60 55 59 58 57 31 105 8 
236 2 3 5 6 7 1 22 21 20 19 18 26 17 37 30 36 29 28 27 34 25 32 14 38 24 23 54 56 60 55 59 58 57 61 8 31 
237 2 3 5 6 7 1 22 21 20 19 18 26 17 37 30 36 29 28 27 34 25 32 14 38 24 31 23 54 56 60 55 59 58 57 61 106 8 
238 2 3 5 6 7 1 22 21 20 19 18 26 17 37 30 36 29 28 27 34 25 32 8 14 38 24 31 23 54 56 60 55 59 58 57 62 61 
239 2 3 5 6 7 1 22 21 20 19 18 26 17 37 30 36 29 28 27 34 25 32 8 14 38 24 31 23 54 56 60 55 59 58 57 62 61 107 
240 2 3 5 6 7 1 22 21 20 19 18 26 17 37 30 36 29 28 27 34 25 32 8 14 38 24 31 23 54 56 60 55 59 58 57 61 62 107 
241 2 3 5 6 7 1 22 21 20 33 19 18 26 17 37 30 36 29 28 27 34 25 32 8 14 38 24 31 23 54 56 60 55 59 58 57 61 62 
242 2 3 5 6 7 1 22 21 20 33 19 18 26 17 37 30 36 29 28 27 34 25 32 8 14 38 24 31 23 54 56 60 55 59 58 57 61 62 108 
243 2 3 5 6 7 1 22 21 20 33 19 18 26 17 37 30 36 29 28 27 34 25 32 8 14 38 24 31 23 54 56 60 55 59 58 62 57 61 108 
244 2 3 5 6 7 1 22 21 20 33 19 18 26 17 37 30 36 35 29 28 27 34 25 32 8 14 38 24 31 23 54 56 60 55 59 58 62 57 61 
245 2 3 5 6 7 1 22 21 20 33 19 18 26 17 37 30 36 35 29 28 27 34 25 32 8 14 49 38 24 31 23 54 56 60 55 59 58 62 57 61 
246 2 3 5 6 7 1 22 21 20 33 19 18 26 17 37 30 36 35 29 28 27 34 25 32 8 53 14 49 38 24 31 23 54 56 60 55 59 58 62 57 61 
247 2 3 5 6 7 1 22 21 20 33 19 18 26 17 37 30 36 35 29 28 27 34 25 32 8 53 14 49 38 24 31 23 109 54 56 60 55 59 58 62 57 61 
248 2 3 5 6 7 1 22 21 20 33 19 18 26 17 37 30 36 35 29 28 27 34 25 32 8 53 14 49 38 24 31 23 110 109 54 56 60 55 59 58 62 57 61 
249 2 3 5 6 7 1 22 21 20 33 19 18 26 17 37 30 36 35 29 28 27 34 25 32 8 53 14 49 38 24 31 23 110 109 111 54 56 60 55 59 58 62 57 61 
250 2 3 5 6 7 1 22 21 20 33 19 18 26 17 37 30 36 35 29 28 27 34 25 32 8 53 14 48 49 38 24 31 23 110 109 111 54 56 60 55 59 58 62 57 61 
251 2 3 5 6 7 1 22 21 20 33 19 18 26 17 37 30 36 35 29 28 27 34 25 32 52 8 53 14 48 49 38 24 31 23 110 109 111 54 56 60 55 59 58 62 57 61 
252 2 3 5 6 7 1 22 21 20 33 19 18 26 17 37 30 36 35 29 28 27 34 25 32 52 8 53 14 48 49 38 24 31 23 57 61 110 109 111 54 56 60 55 59 58 62 112 
253 2 3 5 6 7 1 22 21 20 33 19 18 26 17 37 30 36 35 29 28 27 34 25 32 52 8 53 14 48 49 38 24 31 23 57 61 110 109 111 54 56 60 55 59 58 62 
254 2 3 5 6 7 1 22 21 20 33 19 18 26 17 37 30 36 35 29 28 58 62 27 34 25 32 52 8 53 14 48 49 38 24 31 23 57 61 110 109 111 54 56 60 55 59 113 
255 2 3 5 6 7 1 22 21 20 33 19 18 26 17 37 30 36 35 29 28 58 62 27 34 25 32 52 8 53 14 48 49 38 24 31 23 57 61 110 109 111 54 56 60 55 59 
256 2 3 5 6 7 1 22 21 20 33 19 18 26 17 37 30 36 35 29 28 58 55 62 59 27 34 25 32 52 8 53 14 48 49 38 24 31 23 57 61 110 109 111 54 56 60 114 
257 2 3 5 6 7 1 22 21 20 33 19 18 26 17 37 30 36 35 29 28 58 55 62 59 27 34 25 32 52 8 53 14 48 49 38 24 31 23 57 61 110 109 111 54 56 60 
258 2 3 5 6 7 1 22 21 20 33 19 18 26 17 37 30 36 35 29 28 58 56 55 62 60 59 27 34 25 32 52 8 53 14 48 49 38 24 31 23 57 61 110 109 111 54 115 
259 2 3 5 6 7 1 22 21 20 33 19 18 26 17 37 30 36 35 29 28 58 56 55 62 60 59 27 34 25 32 52 8 53 14 48 49 38 24 31 23 57 61 110 109 111 54 
260 2 3 5 6 7 1 22 21 20 33 19 18 26 17 37 30 36 35 29 28 58 56 55 62 60 59 27 34 25 32 54 52 8 53 14 48 49 38 24 31 23 57 61 110 109 111 
261 2 3 5 6 7 1 22 21 20 33 19 18 26 17 37 30 36 35 29 28 58 56 55 62 60 59 27 34 25 32 54 52 8 53 14 48 49 38 24 31 23 57 61 110 109 111 
262 2 3 5 6 7 1 22 21 20 33 19 18 26 17 37 30 36 35 29 28 56 55 62 60 59 27 34 25 32 54 8 53 14 49 38 24 31 23 61 58 57 116 
263 2 3 5 6 7 1 22 21 20 33 19 18 26 17 37 30 36 35 29 28 56 55 62 60 59 27 34 25 32 54 8 53 14 49 38 24 31 23 57 61 58 116 
264 2 3 5 6 7 1 22 21 20 33 19 18 26 17 37 30 36 35 29 28 56 55 62 60 59 27 34 25 32 54 8 53 14 49 38 24 31 23 57 61 109 58 
265 2 3 5 6 7 1 22 21 20 33 19 18 26 17 37 30 36 35 29 28 56 55 62 60 59 27 34 25 32 54 8 53 14 49 38 24 31 23 57 61 109 58 117 
266 2 3 5 6 7 1 22 21 20 33 19 18 26 17 37 30 36 35 29 28 58 56 55 62 60 59 27 34 25 32 54 8 53 14 49 38 24 31 23 57 61 109 117 
267 2 3 5 6 7 1 22 21 20 33 19 18 26 17 37 30 36 35 29 28 58 56 55 62 60 59 27 34 25 32 54 8 53 14 49 38 24 31 23 57 61 110 109 
268 2 3 5 6 7 1 22 21 20 33 19 18 26 17 37 30 36 35 29 28 58 56 55 62 60 59 27 34 25 32 54 8 53 14 49 38 24 31 23 57 61 110 109 111 
269 2 3 5 6 7 1 22 21 20 33 19 18 26 17 37 30 36 35 29 28 58 56 55 62 60 59 27 34 25 32 54 8 53 14 48 49 38 24 31 23 57 61 110 109 111 
270 2 3 5 6 7 1 22 21 20 33 19 18 26 17 37 30 36 35 29 28 58 56 55 62 60 59 27 34 25 32 54 52 8 53 14 48 49 38 24 31 23 57 61 110 109 111 
271 2 3 5 6 7 1 22 21 20 33 19 18 26 17 37 30 36 35 29 28 58 56 55 62 60 59 27 34 25 32 54 52 8 53 14 48 49 38 24 31 23 57 61 110 109 111 
272 2 3 5 6 7 1 22 21 20 33 19 18 26 17 37 30 36 35 29 28 27 34 25 32 52 8 53 14 48 49 38 24 31 23 110 109 111 54 62 60 58 56 61 59 118 57 55 
273 2 3 5 6 7 1 22 21 20 33 19 18 26 17 37 30 36 35 29 28 27 34 25 32 52 8 53 14 48 49 38 24 31 23 110 109 111 54 57 62 55 60 58 56 61 59 118 119 
274 2 3 5 6 7 1 22 21 20 33 19 18 26 17 37 30 36 35 29 28 27 34 25 32 52 8 53 14 48 49 38 24 31 23 110 109 111 54 57 62 55 60 120 58 56 61 59 
275 2 3 5 6 7 1 22 21 20 33 19 18 26 17 37 30 36 35 29 28 27 34 25 32 52 8 53 14 48 49 38 24 31 23 110 109 111 54 57 62 61 55 59 60 120 121 58 56 
276 2 3 5 6 7 1 22 21 20 33 19 18 26 17 37 30 36 35 29 28 27 34 25 32 52 8 53 14 48 49 38 24 31 23 110 109 111 54 58 57 62 61 55 59 56 60 120 121 122 
277 2 3 5 6 7 1 22 21 20 33 19 18 26 17 37 30 36 35 29 28 27 34 25 32 52 8 53 14 48 49 38 24 31 23 110 109 111 54 58 57 62 61 55 59 56 60 120 123 
278 2 3 5 6 7 1 22 21 20 33 19 18 26 17 37 30 36 35 29 28 27 34 25 32 52 8 53 14 48 49 38 24 31 23 110 109 111 54 124 58 57 62 61 55 59 56 60 
279 2 3 5 6 7 1 22 21 20 33 19 18 26 17 37 30 36 35 29 28 27 34 25 32 52 8 53 14 48 49 38 24 31 23 110 109 111 54 124 58 56 57 62 60 125 61 55 59 
280 2 3 5 6 7 1 22 21 20 33 19 18 26 17 37 30 36 35 29 28 27 34 25 32 52 8 53 14 48 49 38 24 31 23 110 109 111 54 124 58 56 57 55 126 62 60 125 61 59 
281 2 3 5 6 7 1 22 21 20 33 19 18 26 17 37 30 36 35 29 28 27 34 25 32 52 8 53 14 48 49 38 24 31 23 110 109 111 59 61 54 124 58 56 57 55 126 62 60 127 125 
282 2 3 5 6 7 1 22 21 20 33 19 18 26 17 37 30 36 35 29 28 27 34 25 32 52 8 53 14 48 49 38 24 31 23 110 109 111 59 61 54 124 58 56 125 57 55 128 126 62 60 
283 2 3 5 6 7 1 22 21 20 33 19 18 26 17 37 30 36 35 29 28 62 60 27 34 25 32 52 8 53 14 48 49 38 24 31 23 110 109 111 59 61 54 124 58 56 125 57 55 128 129 126 
284 2 3 5 6 7 1 22 21 20 33 19 18 26 17 37 30 36 35 29 28 62 60 27 34 25 32 52 8 53 14 48 49 38 24 31 23 110 109 111 59 61 54 124 126 58 56 125 57 55 128 130 
285 2 3 5 6 7 1 22 21 20 33 19 18 26 17 37 30 36 35 29 28 62 60 27 34 25 32 52 8 53 14 48 49 38 24 31 23 110 109 111 59 61 54 124 131 126 58 56 125 57 55 
286 2 3 5 6 7 1 22 21 20 33 19 18 26 17 37 30 36 35 29 28 62 60 27 34 25 32 52 8 53 14 48 49 38 24 31 23 110 109 111 59 61 55 57 54 124 131 126 58 56 132 125 
287 2 3 5 6 7 1 22 21 20 33 19 18 26 17 37 30 36 35 29 28 62 60 27 34 25 32 52 8 53 14 48 49 38 24 31 23 110 109 111 59 61 55 57 54 124 131 133 126 58 56 
288 2 3 5 6 7 1 22 21 20 33 19 18 26 17 37 30 36 35 29 28 58 56 62 60 27 34 25 32 52 8 53 14 48 49 38 24 31 23 110 109 111 59 61 55 57 54 124 131 133 134 126 
289 2 3 5 6 7 1 22 21 20 33 19 18 26 17 37 30 36 35 29 28 58 56 62 60 27 34 25 32 52 8 53 14 48 49 38 24 31 23 110 109 111 59 61 55 57 54 124 131 133 135 
290 2 3 5 6 7 1 22 21 20 33 19 18 26 17 37 30 36 35 29 28 58 56 62 60 27 34 25 32 52 8 53 14 48 49 38 24 31 23 110 109 111 59 61 55 57 54 124 136 131 
291 2 3 5 6 7 1 22 21 20 33 19 18 26 17 37 30 36 35 29 28 58 56 62 60 27 34 25 32 52 8 53 14 48 49 38 24 31 23 110 109 111 59 61 55 57 131 54 124 136 137 
292 2 3 5 6 7 1 22 21 20 33 19 18 26 17 37 30 36 35 29 28 58 56 62 60 27 34 25 32 52 8 53 14 48 49 38 24 31 23 110 109 111 59 61 55 57 131 54 124 136 
293 2 3 5 6 7 1 22 21 20 33 19 18 26 17 37 30 36 35 29 28 58 56 62 60 27 34 25 32 52 8 53 14 48 49 38 24 31 23 110 109 111 59 61 55 57 136 131 54 124 138 
294 2 3 5 6 7 1 22 21 20 33 19 18 26 17 37 30 36 35 29 28 58 56 62 60 27 34 25 32 52 8 53 14 48 49 38 24 31 23 110 109 111 59 61 55 57 136 131 54 124 
295 2 3 5 6 7 1 22 21 20 33 19 18 26 17 37 30 36 35 29 28 58 56 62 60 27 34 25 32 52 8 53 14 48 49 38 24 31 23 110 109 111 59 61 55 57 136 131 124 54 139 
296 2 3 5 6 7 1 22 21 20 33 19 18 26 17 37 30 36 35 29 28 58 56 62 60 27 34 25 32 52 8 53 14 48 49 38 24 31 23 110 109 111 59 61 55 57 136 131 124 54 
297 2 3 5 6 7 1 22 21 20 33 19 18 26 17 37 30 36 35 29 28 58 56 62 60 27 34 25 32 54 52 8 53 14 48 49 38 24 31 23 110 109 111 59 61 55 57 136 131 124 
298 2 3 5 6 7 1 22 21 20 33 19 18 26 17 37 30 36 35 29 28 58 56 62 60 27 34 25 32 54 52 8 53 14 48 49 38 24 31 23 110 109 111 59 61 55 57 136 131 124 
299 2 3 5 6 7 1 22 21 20 33 19 18 26 17 37 30 36 35 29 28 58 56 62 60 27 34 25 32 54 52 8 53 14 48 49 38 24 31 23 110 109 111 59 61 55 57 136 131 124 
300 2 3 5 6 7 1 33 26 17 37 30 36 35 29 28 58 56 62 60 34 32 52 8 53 14 48 49 38 24 31 23 110 109 111 57 136 131 124 27 25 61 59 55 22 21 20 19 18 
301 2 3 5 6 7 1 33 18 26 17 37 30 36 35 29 28 58 56 62 60 34 32 52 8 53 14 48 49 38 24 31 23 110 109 111 57 136 131 124 27 25 61 59 55 22 21 20 19 
302 2 3 5 6 7 1 33 19 18 26 17 37 30 36 35 29 28 58 56 62 60 34 32 52 8 53 14 48 49 38 24 31 23 110 109 111 57 136 131 124 27 25 61 59 55 22 21 20 
303 2 3 5 6 7 1 20 33 19 18 26 17 37 30 36 35 29 28 58 56 62 60 34 32 52 8 53 14 48 49 38 24 31 23 110 109 111 57 136 131 124 27 25 61 59 55 22 21 
304 2 3 5 6 7 1 20 33 19 18 26 17 37 30 36 35 29 28 58 56 62 60 34 32 52 8 53 14 48 49 38 24 31 23 110 109 111 57 136 131 124 27 21 25 61 59 55 22 
305 2 3 5 6 7 1 20 33 19 18 26 17 37 30 36 35 29 28 58 56 62 60 34 32 52 8 53 14 48 49 38 24 31 23 110 109 111 57 136 131 124 22 27 21 25 61 59 55 
306 2 3 5 6 7 1 20 33 19 18 26 17 37 30 36 35 29 28 58 56 62 60 34 32 54 52 8 53 14 48 49 38 24 31 23 110 109 111 57 136 131 124 22 27 21 25 61 59 55 
307 2 3 5 6 7 1 20 33 19 18 26 17 37 30 36 35 29 28 58 56 62 60 34 32 54 52 8 53 14 48 49 38 24 31 23 110 109 111 59 57 136 131 124 22 27 21 25 55 61 140 
308 2 3 5 6 7 1 20 33 19 18 26 17 37 30 36 35 29 28 58 56 62 60 34 32 54 52 8 53 14 48 49 38 24 31 23 110 109 111 59 57 136 131 124 22 27 21 25 55 61 
309 2 3 5 6 7 1 20 33 19 18 26 17 37 30 36 35 29 28 58 56 62 60 34 32 54 52 8 53 14 48 49 38 24 31 23 110 109 111 59 61 55 57 136 131 124 22 27 21 25 141 
310 2 3 5 6 7 1 20 33 19 18 26 17 37 30 36 35 29 28 58 56 62 60 34 32 54 52 8 53 14 48 49 38 24 31 23 110 109 111 59 61 55 57 136 131 124 22 27 21 25 
311 2 3 5 6 7 1 20 33 19 18 26 17 37 30 36 35 29 28 58 56 62 60 34 32 54 52 8 53 14 48 49 38 24 31 23 110 109 111 59 61 55 57 136 131 124 22 27 21 25 142 
312 2 3 5 6 7 1 20 33 19 18 26 17 37 30 36 35 29 28 58 56 62 60 34 32 54 52 8 53 14 48 49 38 24 31 23 110 109 111 59 61 55 57 136 131 124 22 27 21 25 142 
313 2 3 5 6 7 1 20 33 19 18 26 17 37 30 36 35 29 28 58 56 62 60 34 32 54 52 8 53 14 48 49 38 24 31 23 110 109 111 59 61 55 57 136 131 124 22 27 21 25 142 
314 2 3 5 6 7 1 20 33 19 18 26 17 37 30 36 35 29 28 58 56 62 60 34 32 54 52 8 53 14 48 49 38 24 31 23 110 109 111 59 61 55 57 136 131 124 22 27 143 21 25 142 
315 2 3 5 6 7 1 20 33 19 18 26 17 37 30 36 35 29 28 58 56 62 60 34 32 54 52 8 53 14 48 49 38 24 31 23 110 109 111 59 61 55 57 136 131 124 22 27 143 21 25 
316 2 3 5 6 7 1 20 33 19 18 26 17 37 30 36 35 29 28 58 56 62 60 34 25 32 54 52 8 53 14 48 49 38 24 31 23 110 109 111 59 61 55 57 136 131 124 22 27 143 144 21 
317 2 3 5 6 7 1 20 33 19 18 26 17 37 30 36 35 29 28 58 56 62 60 34 25 32 54 52 8 53 14 48 49 38 24 31 23 110 109 111 59 61 55 57 136 131 124 22 27 143 144 21 
318 2 3 5 6 7 1 20 33 19 18 26 17 37 30 36 35 29 28 58 56 62 60 34 25 32 54 52 8 53 14 48 49 38 24 31 23 110 109 111 59 61 55 57 136 131 124 22 27 143 144 21 
319 2 3 5 6 7 1 21 20 33 19 18 26 17 37 30 36 35 29 28 58 56 62 60 34 25 32 54 52 8 53 14 48 49 38 24 31 23 110 109 111 59 61 55 57 136 131 124 22 27 143 
320 2 3 5 6 7 1 21 20 33 19 18 26 17 37 30 36 35 29 28 58 56 62 60 34 25 32 54 52 8 53 14 48 49 38 24 31 23 110 109 111 59 61 55 57 136 131 124 22 27 
321 2 3 5 6 7 1 21 20 33 19 18 26 17 37 30 36 35 29 28 58 56 62 60 27 34 25 32 54 52 8 53 14 48 49 38 24 31 23 110 109 111 59 61 55 57 136 131 124 145 22 
322 2 3 5 6 7 1 21 20 33 19 18 26 17 37 30 36 35 29 28 58 56 62 60 27 34 25 32 54 52 8 53 14 48 49 38 24 31 23 110 109 111 59 61 55 57 136 131 124 145 22 
323 2 3 5 6 7 1 21 20 33 19 18 26 17 37 30 36 35 29 28 58 56 62 60 27 34 25 32 54 52 8 53 14 48 49 38 24 31 23 110 109 111 59 61 55 57 136 131 124 145 22 
324 2 3 5 6 7 1 22 21 20 33 19 18 26 17 37 30 36 35 29 28 58 56 62 60 27 34 25 32 54 52 8 53 14 48 49 38 24 31 23 110 109 111 59 61 55 57 136 131 124 
325 2 3 5 6 7 1 22 21 20 33 19 18 26 17 37 30 36 35 29 28 58 56 62 60 27 34 25 32 54 52 8 53 14 48 49 38 24 31 23 110 109 111 146 59 61 55 57 136 124 
326 2 3 5 6 7 1 22 21 20 33 19 18 26 17 37 30 36 35 29 28 58 56 62 60 27 34 25 32 54 52 8 53 14 48 49 38 24 31 23 110 109 111 147 146 59 61 55 57 
327 2 3 5 6 7 1 22 21 20 33 19 18 26 17 37 30 36 35 29 28 58 56 55 62 60 27 34 25 32 54 52 8 53 14 48 49 38 24 31 23 110 109 111 147 146 57 59 61 148 
328 2 3 5 6 7 1 22 21 20 33 19 18 26 17 37 30 36 35 29 28 58 56 55 62 60 27 34 25 32 54 52 8 53 14 48 49 38 24 31 23 110 109 111 147 146 57 59 61 
329 2 3 5 6 7 1 22 21 20 33 19 18 26 17 37 30 36 35 29 28 58 56 55 62 60 59 27 34 25 32 54 52 8 53 14 48 49 38 24 31 23 110 109 111 147 146 57 61 149 
330 2 3 5 6 7 1 22 21 20 33 19 18 26 17 37 30 36 35 29 28 58 56 55 62 60 59 27 34 25 32 54 52 8 53 14 48 49 38 24 31 23 110 109 111 147 146 57 61 
331 2 3 5 6 7 1 22 21 20 33 19 18 26 17 37 30 36 35 29 28 58 56 55 62 60 59 27 34 25 32 54 52 8 53 14 48 49 38 24 31 23 57 61 110 109 111 147 146 150 
332 2 3 5 6 7 1 22 21 20 33 19 18 26 17 37 30 36 35 29 28 58 56 55 62 60 59 27 34 25 32 54 52 8 53 14 48 49 38 24 31 23 57 61 110 109 111 147 146 
333 2 3 5 6 7 1 22 21 20 33 19 18 26 17 37 30 36 35 29 28 58 56 55 62 60 59 27 34 25 32 54 52 8 53 14 48 49 38 24 31 23 57 61 110 109 111 147 146 151 
334 2 3 5 6 7 1 22 21 20 33 19 18 26 17 37 30 36 35 29 28 58 56 55 62 60 59 27 34 25 32 54 52 8 53 14 48 49 38 24 31 23 57 61 110 109 111 147 146 151 
335 2 3 5 6 7 1 22 21 20 33 19 18 26 17 37 30 36 35 29 28 58 56 55 62 60 59 27 34 25 32 54 52 8 53 14 48 49 38 24 31 23 57 61 110 109 111 147 146 151 
336 2 3 5 6 7 1 22 21 20 33 19 18 26 17 37 30 36 35 29 28 58 56 55 62 60 59 27 34 25 32 54 52 8 53 14 48 49 38 24 31 23 57 61 110 109 111 152 147 146 
337 2 3 5 6 7 1 22 21 20 33 19 18 26 17 37 30 36 35 29 28 58 56 55 62 60 59 27 34 25 32 54 52 8 53 14 48 49 38 24 31 23 57 61 110 109 111 146 152 147 153 
338 2 3 5 6 7 1 22 21 20 33 19 18 26 17 37 30 36 35 29 28 58 56 55 62 60 59 27 34 25 32 54 52 8 53 14 48 49 38 24 31 23 57 61 110 109 111 146 152 147 
339 2 3 5 6 7 1 22 21 20 33 19 18 26 17 37 30 36 35 29 28 58 56 55 62 60 59 27 34 25 32 54 52 8 53 14 48 49 38 24 31 23 57 61 110 109 111 146 152 147 154 
340 2 3 5 6 7 1 22 21 20 33 19 18 26 17 37 30 36 35 29 28 58 56 55 62 60 59 27 34 25 32 54 52 8 53 14 48 49 38 24 31 23 57 61 110 109 111 146 152 147 
341 2 3 5 6 7 1 22 21 20 33 19 18 26 17 37 30 36 35 29 28 58 56 55 62 60 59 27 34 25 32 54 52 8 53 14 48 49 38 24 31 23 57 61 110 109 111 146 152 147 155 
342 2 3 5 6 7 1 22 21 20 33 19 18 26 17 37 30 36 35 29 28 58 56 55 62 60 59 27 34 25 32 54 52 8 53 14 48 49 38 24 31 23 57 61 110 109 111 146 152 147 
343 2 3 5 6 7 1 22 21 20 33 19 18 26 17 37 30 36 35 29 28 58 56 55 62 60 59 27 34 25 32 54 52 8 53 14 48 49 38 24 31 23 57 61 110 109 111 146 152 156 
344 2 3 5 6 7 1 22 21 20 33 19 18 26 17 37 30 36 35 29 28 58 56 55 62 60 59 27 34 25 32 54 52 8 53 14 48 49 38 24 31 23 57 61 110 109 111 146 152 
345 2 3 5 6 7 1 22 21 20 33 19 18 26 17 37 30 36 35 29 28 58 56 55 62 60 59 27 34 25 32 54 52 8 53 14 48 49 38 24 31 23 57 61 110 109 111 146 152 
346 2 3 5 6 7 1 22 21 20 33 19 18 26 17 37 30 36 35 29 28 56 55 60 59 8 53 14 49 38 24 31 23 62 58 61 57 54 146 
347 2 3 5 6 7 1 22 21 20 33 19 18 26 17 37 30 36 35 29 28 56 55 60 59 54 8 53 14 49 38 24 31 23 62 58 61 57 
348 2 3 5 6 7 1 22 21 20 33 19 18 26 17 37 30 36 35 29 28 56 55 60 59 54 8 53 14 49 38 24 31 23 62 58 57 157 61 
349 2 3 5 6 7 1 22 21 20 33 19 18 26 17 37 30 36 35 29 28 56 55 60 59 54 8 53 14 49 38 24 31 23 62 61 58 57 158 157 
350 2 3 5 6 7 1 22 21 20 33 19 18 26 17 37 30 36 35 29 28 56 55 60 59 54 8 53 14 49 38 24 31 23 62 61 58 57 158 157 
351 2 3 5 6 7 1 22 21 20 33 19 18 26 17 37 30 36 35 29 28 60 59 54 8 53 14 49 38 24 31 23 62 61 57 58 56 55 146 159 
352 2 3 5 6 7 1 22 21 20 33 19 18 26 17 37 30 36 35 29 28 60 59 54 8 53 14 49 38 24 31 23 62 61 57 146 58 56 55 160 
353 2 3 5 6 7 1 22 21 20 33 19 18 26 17 37 30 36 35 29 28 55 60 59 54 8 53 14 49 38 24 31 23 62 61 57 157 146 58 56 
354 2 3 5 6 7 1 22 21 20 33 19 18 26 17 37 30 36 35 29 28 55 60 59 54 8 53 14 49 38 24 31 23 62 61 58 57 157 56 146 161 
355 2 3 5 6 7 1 22 21 20 33 19 18 26 17 37 30 36 35 29 28 55 60 59 54 8 53 14 49 38 24 31 23 62 61 58 57 157 56 162 
356 2 3 5 6 7 1 22 21 20 33 19 18 26 17 37 30 36 35 29 28 56 55 60 59 54 8 53 14 49 38 24 31 23 62 61 58 57 158 157 
357 2 3 5 6 7 1 22 21 20 33 19 18 26 17 37 30 36 35 29 28 56 55 60 59 54 8 53 14 49 38 24 31 23 62 61 58 57 158 157 163 
358 2 3 5 6 7 1 22 21 20 33 19 18 26 17 37 30 36 35 29 28 56 55 60 59 54 8 53 14 49 38 24 31 23 62 61 58 157 57 158 163 
359 2 3 5 6 7 1 22 21 20 33 19 18 26 17 37 30 36 35 29 28 56 55 60 59 54 8 53 14 49 38 24 31 23 109 163 62 61 58 157 57 158 
360 2 3 5 6 7 1 22 21 20 33 19 18 26 17 37 30 36 35 29 28 56 55 60 59 54 8 53 14 49 38 24 31 23 109 163 62 61 58 157 57 158 164 
361 2 3 5 6 7 1 22 21 20 33 19 18 26 17 37 30 36 35 29 28 56 55 60 59 54 8 53 14 49 38 24 31 23 109 163 62 61 158 58 157 57 164 
362 2 3 5 6 7 1 22 21 20 33 19 18 26 17 37 30 36 35 29 28 56 55 60 59 54 8 53 14 49 38 24 31 23 110 109 164 163 62 61 158 58 157 57 
363 2 3 5 6 7 1 22 21 20 33 19 18 26 17 37 30 36 35 29 28 56 55 60 59 54 8 53 14 49 38 24 31 23 110 109 111 164 163 62 61 158 58 157 57 
364 2 3 5 6 7 1 22 21 20 33 19 18 26 17 37 30 36 35 29 28 56 55 60 59 54 8 53 14 49 38 24 31 23 57 110 109 111 164 163 62 157 61 158 58 165 
365 2 3 5 6 7 1 22 21 20 33 19 18 26 17 37 30 36 35 29 28 56 55 60 59 54 8 53 14 49 38 24 31 23 57 110 109 111 164 163 62 157 61 158 58 
366 2 3 5 6 7 1 22 21 20 33 19 18 26 17 37 30 36 35 29 28 58 56 55 60 59 54 8 53 14 49 38 24 31 23 57 110 109 111 164 163 158 62 157 61 166 
367 2 3 5 6 7 1 22 21 20 33 19 18 26 17 37 30 36 35 29 28 58 56 55 60 59 54 8 53 14 49 38 24 31 23 57 110 109 111 164 163 158 62 157 61 
368 2 3 5 6 7 1 22 21 20 33 19 18 26 17 37 30 36 35 29 28 58 56 55 60 59 54 8 53 14 49 38 24 31 23 57 110 109 111 164 163 158 62 157 61 167 
369 2 3 5 6 7 1 22 21 20 33 19 18 26 17 37 30 36 35 29 28 58 56 55 60 59 54 8 53 14 49 38 24 31 23 57 110 109 111 164 163 158 62 157 61 167 
370 2 3 5 6 7 1 22 21 20 33 19 18 26 17 37 30 36 35 29 28 58 56 55 60 59 54 8 53 14 49 38 24 31 23 57 110 109 111 164 163 158 62 157 61 167 
371 2 3 5 6 7 1 22 21 20 33 19 18 26 17 37 30 36 35 29 28 58 56 55 60 59 54 8 53 14 48 49 38 24 31 23 57 110 109 111 164 163 158 62 157 61 
372 2 3 5 6 7 1 22 21 20 33 19 18 26 17 37 30 36 35 29 28 58 56 55 60 59 54 8 53 14 48 49 38 24 31 23 57 61 110 109 111 164 163 158 62 168 
373 2 3 5 6 7 1 22 21 20 33 19 18 26 17 37 30 36 35 29 28 58 56 55 60 59 54 8 53 14 48 49 38 24 31 23 57 61 110 109 111 164 163 158 62 
374 2 3 5 6 7 1 22 21 20 33 19 18 26 17 37 30 36 35 29 28 58 56 55 62 60 59 54 8 53 14 48 49 38 24 31 23 57 61 110 109 111 164 163 169 
375 2 3 5 6 7 1 22 21 20 33 19 18 26 17 37 30 36 35 29 28 58 56 55 62 60 59 54 8 53 14 48 49 38 24 31 23 57 61 110 109 111 164 163 
376 2 3 5 6 7 1 22 21 20 33 19 18 26 17 37 30 36 35 29 28 58 56 55 62 60 59 54 8 53 14 48 49 38 24 31 23 57 61 110 109 111 164 163 170 
377 2 3 5 6 7 1 22 21 20 33 19 18 26 17 37 30 36 35 29 28 58 56 55 62 60 59 54 8 53 14 48 49 38 24 31 23 57 61 110 109 111 164 163 170 
378 2 3 5 6 7 1 22 21 20 33 19 18 26 17 37 30 36 35 29 28 58 56 55 62 60 59 54 8 53 14 48 49 38 24 31 23 57 61 110 109 111 164 163 170 
379 2 3 5 6 7 1 22 21 20 33 19 18 26 17 37 30 36 35 29 28 58 56 55 62 60 59 54 52 8 53 14 48 49 38 24 31 23 57 61 110 109 111 164 163 
380 2 3 5 6 7 1 22 21 20 33 19 18 26 17 37 30 36 35 29 28 58 56 55 62 60 59 25 54 52 8 53 14 48 49 38 24 31 23 57 61 110 109 111 163 164 
381 2 3 5 6 7 1 22 21 20 33 19 18 26 17 37 30 36 35 29 28 58 56 55 62 60 59 27 25 54 52 8 53 14 48 49 38 24 31 23 57 61 110 109 111 164 163 
382 2 3 5 6 7 1 22 21 20 33 19 18 26 17 37 30 36 35 29 28 58 56 55 62 60 59 27 25 32 54 52 8 53 14 48 49 38 24 31 23 57 61 110 109 111 164 
383 2 3 5 6 7 1 22 21 20 33 19 18 26 17 37 30 36 35 29 28 58 56 55 62 60 59 27 34 25 32 54 52 8 53 14 48 49 38 24 31 23 57 61 110 109 111 
384 2 3 5 6 7 1 22 21 20 33 19 18 26 17 37 30 36 35 29 28 58 56 55 62 60 59 27 34 25 32 54 52 8 53 14 48 49 38 24 31 23 57 61 110 109 
385 33 26 35 28 58 56 55 62 60 59 27 34 25 32 54 52 8 53 14 48 49 38 24 31 23 57 61 17 2 3 5 6 7 1 37 30 36 29 20 19 110 109 21 18 22 
386 33 26 35 28 58 56 55 62 60 59 27 34 25 32 54 52 8 53 14 48 49 38 24 31 23 57 61 18 17 2 3 5 6 7 1 37 30 36 29 20 19 110 22 109 21 
387 33 26 35 28 58 56 55 62 60 59 27 34 25 32 54 52 8 53 14 48 49 38 24 31 23 57 61 109 18 17 2 3 5 6 7 1 37 30 36 29 21 20 19 110 22 
388 33 26 35 28 58 56 55 62 60 59 27 34 25 32 54 52 8 53 14 48 49 38 24 31 23 57 61 109 110 18 17 2 3 5 6 7 1 37 30 36 29 22 21 20 19 
389 33 26 35 28 58 56 55 62 60 59 27 34 25 32 54 52 8 53 14 48 49 38 24 31 23 57 61 109 110 18 17 2 3 5 6 7 1 37 30 36 29 22 19 21 20 
390 33 26 35 28 58 56 55 62 60 59 27 34 25 32 54 52 8 53 14 48 49 38 24 31 23 57 61 109 110 18 17 2 3 5 6 7 1 37 30 36 29 20 22 19 21 
391 33 26 35 28 58 56 55 62 60 59 27 34 25 32 54 52 8 53 14 48 49 38 24 31 23 57 61 109 110 19 18 17 2 3 5 6 7 21 1 37 30 36 29 20 22 
392 33 26 35 28 58 56 55 62 60 59 27 34 25 32 54 52 8 53 14 48 49 38 24 31 23 57 61 109 110 20 19 18 17 2 3 5 6 7 21 22 1 37 30 36 29 
393 33 26 35 28 58 56 55 62 60 59 27 34 25 32 54 52 8 53 14 48 49 38 24 31 23 57 61 109 110 20 19 18 17 2 3 5 6 7 21 22 1 37 30 171 
394 33 26 35 28 58 56 55 62 60 59 27 34 25 32 54 52 8 53 14 48 49 38 24 31 23 57 61 109 110 20 19 18 17 2 3 5 6 7 21 22 1 37 30 
395 33 26 35 28 58 56 55 62 60 59 27 34 25 32 54 52 8 53 14 48 49 38 24 31 23 57 61 109 110 20 19 18 17 2 3 5 6 7 21 22 1 172 
396 33 26 35 28 58 56 55 62 60 59 27 34 25 32 54 52 8 53 14 48 49 38 24 31 23 57 61 109 110 20 19 18 17 2 3 5 6 7 21 22 1 
397 33 26 35 28 58 56 55 62 60 59 27 34 25 32 54 52 8 53 14 48 49 38 24 31 23 57 61 109 110 20 19 18 17 2 3 5 6 7 173 21 22 1 
398 33 26 35 28 58 56 55 62 60 59 27 34 25 32 54 52 8 53 14 48 49 38 24 31 23 57 61 109 110 20 19 18 17 2 3 5 6 7 173 21 22 1 
399 33 26 35 28 58 56 55 62 60 59 27 34 25 32 54 52 8 53 14 48 49 38 24 31 23 57 61 109 110 20 19 18 17 2 3 5 6 7 173 21 22 1 
400 2 3 5 6 7 1 33 26 35 28 58 56 55 62 60 59 27 34 25 32 54 52 8 53 14 48 49 38 24 31 23 57 61 109 110 22 21 20 19 18 17 
401 2 3 5 6 7 1 33 26 17 35 28 58 56 55 62 60 59 27 34 25 32 54 52 8 53 14 48 49 38 24 31 23 57 61 109 110 22 21 20 19 18 
402 2 3 5 6 7 1 33 18 26 17 35 28 58 56 55 62 60 59 27 34 25 32 54 52 8 53 14 48 49 38 24 31 23 57 61 109 110 22 21 20 19 
403 2 3 5 6 7 1 33 19 18 26 17 35 28 58 56 55 62 60 59 27 34 25 32 54 52 8 53 14 48 49 38 24 31 23 57 61 109 110 22 21 20 
404 2 3 5 6 7 1 20 33 19 18 26 17 35 28 58 56 55 62 60 59 27 34 25 32 54 52 8 53 14 48 49 38 24 31 23 57 61 109 110 22 21 
405 2 3 5 6 7 1 20 33 19 18 26 17 35 28 58 56 55 62 60 59 27 34 25 32 54 52 8 53 14 48 49 38 24 31 23 57 61 109 21 110 22 
406 2 3 5 6 7 1 20 33 19 18 26 17 35 28 58 56 55 62 60 59 27 34 25 32 54 52 8 53 14 48 49 38 24 31 23 57 61 22 109 21 110 
407 2 3 5 6 7 1 20 33 19 18 26 17 35 28 58 56 55 62 60 59 27 34 25 32 54 52 8 53 14 48 49 38 24 31 23 57 61 110 22 109 21 124 
408 2 3 5 6 7 1 20 33 19 18 26 17 35 29 28 58 56 55 62 60 59 27 34 25 32 54 52 8 53 14 48 49 38 24 31 23 57 61 110 22 109 21 124 
409 2 3 5 6 7 1 20 33 19 18 26 17 36 35 29 28 58 56 55 62 60 59 27 34 25 32 54 52 8 53 14 48 49 38 24 31 23 57 61 110 22 109 21 124 
410 2 3 5 6 7 1 20 33 19 18 26 17 30 36 35 29 28 58 56 55 62 60 59 27 34 25 32 54 52 8 53 14 48 49 38 24 31 23 57 61 110 22 109 21 124 
411 2 3 5 6 7 1 20 33 19 18 26 17 37 30 36 35 29 28 58 56 55 62 60 59 27 34 25 32 54 52 8 53 14 48 49 38 24 31 23 57 61 110 22 109 21 
412 2 3 5 6 7 1 21 20 33 19 18 26 17 37 30 36 35 29 28 58 56 55 62 60 59 27 34 25 32 54 52 8 53 14 48 49 38 24 31 23 57 61 110 22 
413 2 3 5 6 7 1 22 21 20 33 19 18 26 17 37 30 36 35 29 28 58 56 55 62 60 59 27 34 25 32 54 52 8 53 14 48 49 38 24 31 23 57 61 
414 2 3 5 6 7 1 22 21 20 33 19 18 26 17 37 30 36 35 29 28 58 56 55 62 60 59 27 34 25 32 54 52 8 53 14 48 49 38 24 31 61 57 23 174 
415 2 3 5 6 7 1 22 21 20 33 19 18 26 17 37 30 36 35 29 28 58 56 55 62 60 59 27 34 25 32 54 52 8 53 14 48 49 38 24 31 61 57 23 
416 2 3 5 6 7 1 22 21 20 33 19 18 26 17 37 30 36 35 29 28 58 56 55 62 60 59 27 34 25 32 54 52 8 53 14 48 49 38 23 24 31 61 57 
417 2 3 5 6 7 1 22 21 20 33 19 18 26 17 37 30 36 35 29 28 58 56 55 62 60 59 27 34 25 32 54 52 8 53 14 48 47 49 38 23 24 31 61 57 
418 2 3 5 6 7 1 22 21 20 33 19 18 26 17 37 30 36 35 29 28 58 56 55 62 60 59 27 34 25 32 54 52 8 53 14 48 47 49 38 23 24 31 61 57 
419 2 3 5 6 7 1 22 21 20 33 19 18 26 17 37 30 36 35 29 28 58 56 55 62 60 59 27 34 25 32 54 52 8 53 14 48 47 49 38 23 24 31 61 57 
420 2 3 5 6 7 1 22 21 20 33 19 18 26 17 37 30 36 35 29 28 58 56 57 55 61 62 60 59 27 34 25 32 54 52 8 53 14 48 47 49 38 23 24 31 175 
421 2 3 5 6 7 1 22 21 20 33 19 18 26 17 37 30 36 35 29 28 58 56 57 55 61 62 60 59 27 34 25 32 54 52 8 53 14 48 47 49 38 23 24 31 
422 2 3 5 6 7 1 22 21 20 33 19 18 26 17 37 30 36 35 29 28 58 56 57 55 61 62 60 59 27 34 25 32 54 52 8 53 14 48 47 49 31 38 23 24 
423 2 3 5 6 7 1 22 21 20 33 19 18 26 17 37 30 36 35 29 28 58 56 57 55 61 62 60 59 27 34 25 32 54 52 8 51 53 14 48 47 49 31 38 23 24 
424 2 3 5 6 7 1 22 21 20 33 19 18 26 17 37 30 36 35 29 28 58 56 57 55 61 62 60 59 27 34 25 32 54 52 8 51 53 14 48 47 49 31 38 23 24 
425 2 3 5 6 7 1 22 21 20 33 19 18 26 17 37 30 36 35 29 28 58 56 57 55 61 62 60 59 27 34 25 32 54 52 8 51 53 14 48 47 49 31 38 23 24 
426 2 3 5 6 7 1 22 21 20 33 19 18 26 17 37 30 36 35 29 28 58 56 57 55 61 62 60 59 24 27 34 25 32 54 52 8 51 53 14 48 47 49 31 38 23 176 
427 2 3 5 6 7 1 22 21 20 33 19 18 26 17 37 30 36 35 29 28 58 56 57 55 61 62 60 59 24 23 27 34 25 32 54 52 8 51 53 14 48 47 49 31 38 
428 2 3 5 6 7 1 22 21 20 33 19 18 26 17 37 30 36 35 29 28 58 56 57 55 61 62 60 59 24 23 27 34 25 32 54 52 8 51 53 14 48 47 49 31 38 177 
429 2 3 5 6 7 1 22 21 20 33 19 18 26 17 37 30 36 35 29 28 58 56 57 55 61 62 60 59 24 23 27 34 25 32 54 52 8 51 53 14 48 47 49 31 38 177 
430 2 3 5 6 7 1 22 21 20 33 19 18 26 17 37 30 36 35 29 28 58 56 57 55 61 62 60 59 24 23 27 34 25 32 54 52 8 51 53 14 48 47 49 31 38 177 
431 2 3 5 6 7 1 22 21 20 33 19 18 26 17 37 30 36 35 29 28 58 56 57 55 61 62 60 59 24 23 27 34 25 32 54 52 8 51 53 14 48 47 49 46 31 38 
432 2 3 5 6 7 1 22 21 20 33 19 18 26 17 37 30 36 35 29 28 58 56 57 55 61 62 60 59 38 24 23 27 34 25 32 54 52 8 51 53 14 48 47 49 46 31 178 
433 2 3 5 6 7 1 22 21 20 33 19 18 26 17 37 30 36 35 29 28 58 56 57 55 61 62 60 59 38 24 31 23 27 34 25 32 54 52 8 51 53 14 48 47 49 46 
434 2 3 5 6 7 1 22 21 20 33 19 18 26 17 37 30 36 35 29 28 58 56 57 55 61 62 60 59 38 24 31 23 27 34 25 32 54 52 8 51 53 14 48 47 49 46 179 
435 2 3 5 6 7 1 22 21 20 33 19 18 26 17 37 30 36 35 29 28 58 56 57 55 61 62 60 59 38 24 31 23 27 34 25 32 54 52 8 51 53 14 48 47 49 46 179 
436 2 3 5 6 7 1 22 21 20 33 19 18 26 17 37 30 36 35 29 28 58 56 57 55 61 62 60 59 38 24 31 23 27 34 25 32 54 52 8 51 53 14 48 47 49 46 179 
437 2 3 5 6 7 1 22 21 20 33 19 18 26 17 37 30 36 35 29 28 58 56 57 55 61 50 62 60 59 38 24 31 23 27 34 25 32 54 52 8 51 53 14 48 47 49 46 
438 2 3 5 6 7 1 22 21 20 33 19 18 26 17 37 30 36 35 29 28 58 56 57 55 61 50 62 60 59 38 24 31 23 27 34 25 32 54 52 8 51 53 14 48 47 49 46 
439 2 3 5 6 7 1 22 21 20 33 19 18 26 17 37 30 36 35 29 28 58 56 57 55 61 50 62 60 59 
440 2 3 5 6 7 1 22 21 20 33 19 18 26 17 37 30 36 35 29 28 58 56 57 55 61 50 59 62 60 180 
441 2 3 5 6 7 1 22 21 20 33 19 18 26 17 37 30 36 35 29 28 58 56 57 55 61 50 59 62 60 
442 2 3 5 6 7 1 22 21 20 33 19 18 26 17 37 30 36 35 29 28 58 56 57 55 61 50 59 62 60 181 
443 2 3 5 6 7 1 22 21 20 33 19 18 26 17 37 30 36 35 29 28 58 56 57 55 61 50 59 62 60 
444 2 3 5 6 7 1 22 21 20 19 18 17 37 30 36 29 28 58 56 55 50 60 57 26 182 61 59 
445 2 3 5 6 7 1 22 21 20 19 18 17 37 30 36 29 28 58 56 55 61 50 60 59 57 26 182 183 
446 2 3 5 6 7 1 22 21 20 19 18 17 37 30 36 29 28 58 56 55 61 50 60 59 82 57 26 
447 2 3 5 6 7 1 22 21 20 33 19 18 26 17 37 30 36 29 28 58 56 55 61 50 60 59 82 57 
448 2 3 5 6 7 1 22 21 20 33 19 18 26 17 37 30 36 29 28 58 56 55 61 50 184 60 59 82 57 
449 2 3 5 6 7 1 22 21 20 33 19 18 26 17 37 30 36 29 28 58 56 57 55 61 50 184 185 60 82 59 
450 2 3 5 6 7 1 22 21 20 33 19 18 26 17 37 30 36 29 28 58 56 57 55 61 50 184 185 60 186 
451 2 3 5 6 7 1 22 21 20 33 19 18 26 17 37 30 36 29 28 58 56 57 55 61 50 184 185 187 
452 2 3 5 6 7 1 22 21 20 33 19 18 26 17 37 30 36 29 28 58 56 57 55 61 50 188 184 
453 2 3 5 6 7 1 22 21 20 33 19 18 26 17 37 30 36 29 28 58 56 57 55 61 50 184 
454 2 3 5 6 7 1 22 21 20 33 19 18 26 17 37 30 36 35 29 28 58 56 57 55 61 50 
455 2 3 5 6 7 1 22 21 20 33 19 18 26 17 37 30 36 35 29 28 58 56 57 55 61 
456 2 3 5 6 7 1 22 21 20 33 19 18 26 17 37 30 36 35 29 28 55 58 56 61 57 189 
457 2 3 5 6 7 1 22 21 20 33 19 18 26 17 37 30 36 35 29 28 55 58 56 61 57 
458 2 3 5 6 7 1 22 21 20 33 19 18 26 17 37 30 36 35 29 28 61 57 55 58 56 190 
459 2 3 5 6 7 1 22 21 20 33 19 18 26 17 37 30 36 35 29 28 61 57 55 58 56 
460 2 3 5 6 7 1 22 21 20 19 18 17 37 30 36 35 29 56 61 33 191 57 55 
461 2 3 5 6 7 1 22 21 20 19 18 17 37 30 36 35 29 56 55 61 33 191 192 
462 2 3 5 6 7 1 22 21 20 19 18 17 37 30 36 35 29 56 55 82 61 33 
463 2 3 5 6 7 1 22 21 20 33 19 18 26 17 37 30 36 35 29 56 55 82 61 
464 2 3 5 6 7 1 22 21 20 33 19 18 26 17 37 30 36 35 29 193 56 55 82 61 
465 2 3 5 6 7 1 22 21 20 33 19 18 26 17 37 30 36 35 29 193 194 56 82 55 
466 2 3 5 6 7 1 22 21 20 33 19 18 26 17 37 30 36 35 29 193 194 56 195 
467 2 3 5 6 7 1 22 21 20 33 19 18 26 17 37 30 36 35 29 193 194 196 
468 2 3 5 6 7 1 22 21 20 33 19 18 26 17 37 30 36 35 29 197 193 
469 2 3 5 6 7 1 22 21 20 33 19 18 26 17 37 30 36 35 29 193 
470 2 3 5 6 7 1 22 21 20 33 19 18 26 17 37 30 36 35 29 28 
471 2 3 5 6 7 1 22 21 20 33 19 18 26 17 37 30 28 36 35 29 198 
472 2 3 5 6 7 1 29 22 21 20 33 19 18 26 17 37 30 28 36 35 
473 2 3 5 6 7 1 29 22 21 20 33 19 18 26 17 37 35 30 28 36 199 
474 2 3 5 6 7 1 36 29 22 21 20 33 19 18 26 17 37 35 30 28 
475 2 3 5 6 7 1 36 29 22 21 20 33 19 28 18 26 17 37 35 30 200 
476 2 3 5 6 7 1 30 36 29 22 21 20 33 19 28 18 26 17 37 35 
477 2 3 5 6 7 1 30 36 29 22 21 35 20 33 19 28 18 26 17 37 201 
478 2 3 5 6 7 1 37 30 36 29 22 21 35 20 33 19 28 18 26 17 
479 2 3 5 6 7 1 37 30 36 29 22 17 21 35 20 33 19 28 18 
480 2 3 5 6 7 1 37 30 36 29 18 22 17 21 35 20 33 19 
481 2 3 5 6 7 1 37 30 36 29 19 18 22 17 21 35 20 
482 2 3 5 6 7 1 37 30 36 29 20 19 18 22 17 21 
483 2 3 5 6 7 1 37 30 36 29 21 20 19 18 22 
484 2 3 5 6 7 1 37 30 36 29 22 21 20 19 
485 2 3 5 6 7 1 37 30 36 29 22 19 21 20 
486 2 3 5 6 7 1 37 30 36 29 20 22 19 21 
487 2 3 5 6 7 21 1 37 30 36 29 20 22 
488 2 3 5 6 7 21 22 1 37 30 36 29 
489 2 3 5 6 7 21 22 1 37 30 202 
490 2 3 5 6 7 21 22 1 37 30 
491 2 3 5 6 7 21 22 1 203 
492 2 3 5 6 7 21 22 1 
493 2 3 5 6 7 204 21 22 1 
494 2 3 5 6 7 204 21 22 1 
495 2 3 5 6 7 204 21 22 1 
496 
497 
