1 1 
2 1 2 
3 1 2 3 
4 1 2 3 4 
5 1 2 3 4 5 
6 1 2 3 4 6 5 
7 1 2 3 4 5 6 
8 1 2 3 4 5 6 
9 1 6 2 3 4 5 7 
10 1 6 2 3 4 5 
11 
12 8 1 6 2 3 4 5 
13 8 1 6 2 3 4 9 5 
14 8 1 6 2 3 4 9 10 
15 8 1 6 2 3 4 11 
16 8 1 6 2 3 4 
17 1 6 12 2 3 4 
18 1 6 13 12 2 4 3 
19 1 6 13 14 12 2 3 4 
20 1 6 13 14 15 12 2 3 
21 1 6 13 14 15 12 2 16 
22 1 6 13 14 15 17 12 
23 1 6 12 
24 8 1 6 
25 8 1 6 
26 1 6 18 2 3 4 
27 1 6 19 18 2 3 4 
28 1 6 19 20 18 2 3 
29 1 6 19 20 18 21 2 
30 1 6 19 2 20 22 18 
31 1 6 18 
32 8 1 6 
33 8 1 6 
34 1 6 23 2 4 3 
35 1 6 24 23 2 3 4 
36 1 6 24 25 23 4 2 3 
37 1 6 24 25 23 4 2 26 
38 1 6 24 25 27 23 4 
39 1 6 24 25 27 28 23 
40 1 6 23 
41 8 1 6 
42 8 1 6 
43 1 6 29 2 3 4 
44 1 6 30 29 4 2 3 
45 1 6 30 29 4 31 2 
46 1 6 2 30 32 29 4 
47 1 6 2 30 32 33 29 
48 1 6 29 
49 8 1 6 
50 8 1 6 
51 8 1 34 
52 8 1 35 
53 35 8 1 
54 35 8 1 36 
55 36 35 
56 
57 
