1 1 
2 2 
3 3 
4 4 
5 5 
6 6 
7 7 
8 8 
9 9 
10 10 
11 11 
12 12 
13 13 
14 14 
15 15 
17 16 
19 17 
21 16 
24 18 
26 19 
27 18 
28 20 
29 21 
30 22 
31 23 
32 24 
33 25 
34 26 
35 27 
36 28 
37 29 
38 30 
39 31 
40 32 
41 33 
42 34 
44 35 
45 36 
47 37 
48 38 
50 39 
52 40 
53 41 
54 37 
56 42 
57 43 
58 37 
60 39 
61 44 
62 37 
63 45 
65 46 
66 47 
67 48 
69 49 
70 50 
71 37 
72 44 
73 45 
76 51 
77 52 
78 53 
79 47 
80 54 
81 55 
82 56 
83 57 
84 37 
85 58 
86 59 
87 37 
88 60 
89 37 
90 61 
91 37 
92 62 
93 63 
94 35 
95 64 
96 65 
97 36 
98 66 
99 67 
100 68 
102 67 
103 69 
105 70 
107 71 
108 72 
109 73 
110 74 
111 75 
113 47 
114 56 
116 47 
117 56 
118 76 
119 77 
120 78 
122 79 
123 80 
126 81 
127 82 
128 83 
132 84 
133 85 
134 86 
135 87 
139 88 
144 44 
145 89 
146 90 
147 91 
148 92 
151 93 
155 94 
158 95 
161 96 
165 97 
168 98 
169 99 
170 100 
172 101 
173 102 
174 103 
175 104 
177 105 
178 106 
179 107 
180 108 
182 109 
184 110 
185 111 
186 112 
187 113 
189 105 
190 114 
191 115 
192 116 
194 109 
195 117 
197 118 
199 119 
205 120 
207 121 
212 122 
