1 1 
2 2 1 
3 3 2 1 
4 3 2 4 1 
5 1 3 2 4 5 
6 1 3 2 6 
7 2 1 6 3 
8 2 1 7 6 3 
9 2 1 3 7 8 6 
10 2 6 1 3 9 7 
11 2 6 1 9 3 7 10 
12 7 2 11 6 1 9 3 
13 7 2 11 6 1 9 12 3 
14 7 2 11 6 1 9 3 13 12 
15 7 2 11 6 1 9 3 14 
16 7 2 11 6 1 9 3 
17 7 2 11 15 6 
18 7 2 11 15 16 6 
19 7 2 11 15 16 17 6 
20 7 2 11 15 16 17 18 6 
21 7 2 11 15 16 17 18 19 6 
22 7 2 11 15 16 17 18 19 20 6 
23 7 2 11 6 
24 11 7 2 6 
25 6 11 7 2 21 
26 21 6 11 7 22 2 
27 21 6 11 7 22 23 
28 21 6 11 7 24 
29 21 6 11 7 
30 25 6 
31 6 
32 21 
33 
34 7 2 11 1 6 9 26 3 
35 7 2 11 1 6 9 3 27 26 
36 7 2 11 1 6 9 3 28 
37 7 2 11 1 6 9 3 
38 7 2 15 11 1 6 
39 7 2 15 16 11 1 6 
40 7 2 15 16 17 11 1 6 
41 7 2 15 16 17 18 11 1 6 
42 7 2 15 16 17 18 19 11 6 1 
43 7 2 15 16 17 18 19 11 6 1 29 
44 7 2 15 16 17 18 19 11 6 1 29 30 
45 7 2 15 16 17 18 19 11 6 1 
46 7 2 15 16 17 18 19 11 31 6 
47 7 2 15 16 17 18 19 11 31 6 
48 7 2 15 16 17 18 19 11 6 32 
49 7 2 15 16 17 18 19 11 6 32 33 
50 7 2 15 16 17 18 19 11 6 
51 7 2 15 16 17 18 19 11 31 6 
52 7 2 15 16 17 18 19 11 31 6 
53 7 2 15 16 17 18 19 11 31 6 
54 7 2 15 16 17 18 19 11 6 
55 11 7 2 6 
56 6 11 7 2 21 
57 21 6 11 7 34 2 
58 21 6 11 7 34 35 
59 21 6 11 7 36 
60 21 6 11 7 
61 37 6 
62 6 
63 21 
64 
65 7 2 11 1 6 9 38 3 
66 7 2 11 1 6 9 3 39 38 
67 7 2 11 1 6 9 3 40 
68 7 2 11 1 6 9 3 
69 7 2 15 11 1 6 
70 7 2 15 16 11 1 6 
71 7 2 15 16 17 11 1 6 
72 7 2 15 16 17 18 11 6 1 
73 7 2 15 16 17 18 11 6 1 41 
74 7 2 15 16 17 18 11 6 1 41 42 
75 7 2 15 16 17 18 11 6 1 
76 7 2 15 16 17 18 11 43 6 
77 7 2 15 16 17 18 11 43 6 
78 7 2 15 16 17 18 11 6 44 
79 7 2 15 16 17 18 11 6 44 45 
80 7 2 15 16 17 18 11 6 
81 7 2 15 16 17 18 11 43 6 
82 7 2 15 16 17 18 11 43 6 
83 7 2 15 16 17 18 11 43 6 
84 7 2 15 16 17 18 11 43 6 
85 11 7 2 6 
86 6 11 7 2 21 
87 21 6 11 7 46 2 
88 21 6 11 7 46 47 
89 21 6 11 7 48 
90 21 6 11 7 
91 49 6 
92 6 
93 21 
94 
95 7 2 11 1 6 9 50 3 
96 7 2 11 1 6 9 3 51 50 
97 7 2 11 1 6 9 3 52 
98 7 2 11 1 6 9 3 
99 7 2 15 11 1 6 
100 7 2 15 16 11 1 6 
101 7 2 15 16 17 11 6 1 
102 7 2 15 16 17 11 6 1 53 
103 7 2 15 16 17 11 6 1 53 54 
104 7 2 15 16 17 11 6 1 
105 7 2 15 16 17 11 55 6 
106 7 2 15 16 17 11 55 43 6 
107 7 2 15 16 17 11 55 43 6 
108 7 2 15 16 17 11 6 56 
109 7 2 15 16 17 11 6 56 57 
110 7 2 15 16 17 11 6 
111 7 2 15 16 17 11 55 6 
112 7 2 15 16 17 11 55 43 6 
113 7 2 15 16 17 11 55 43 6 
114 7 2 15 16 17 11 55 6 
115 7 2 15 16 17 11 55 43 6 
116 7 2 15 16 17 11 55 43 6 
117 11 7 2 6 
118 6 11 7 2 21 
119 21 6 11 7 58 2 
120 21 6 11 7 58 59 
121 21 6 11 7 60 
122 21 6 11 7 
123 61 6 
124 6 
125 21 
126 
127 7 2 11 1 6 9 62 3 
128 7 2 11 1 6 9 3 63 62 
129 7 2 11 1 6 9 3 64 
130 7 2 11 1 6 9 3 
131 7 2 15 11 1 6 
132 7 2 15 16 11 6 1 
133 7 2 15 16 11 6 1 65 
134 7 2 15 16 11 6 1 65 66 
135 7 2 15 16 11 6 1 
136 7 2 15 16 11 67 6 
137 7 2 15 16 11 67 6 
138 7 2 15 16 11 6 68 
139 7 2 15 16 11 6 68 69 
140 7 2 15 16 11 6 
141 7 2 15 16 11 67 6 
142 7 2 15 16 11 67 6 
143 7 2 15 16 11 67 6 
144 7 2 15 16 11 67 6 
145 11 7 2 6 
146 6 11 7 2 21 
147 21 6 11 7 70 2 
148 21 6 11 7 70 71 
149 21 6 11 7 72 
150 21 6 11 7 
151 73 6 
152 6 
153 21 
154 
155 2 1 6 7 9 11 74 3 
156 2 1 6 7 9 11 3 75 74 
157 2 1 6 7 9 11 3 76 
158 2 1 6 7 9 11 3 
159 2 1 6 77 7 
160 2 1 6 7 78 
161 7 2 1 6 79 
162 7 2 1 11 6 
163 7 2 1 15 11 6 
164 7 2 1 15 11 6 
165 7 2 1 6 
166 7 2 80 1 6 
167 7 2 81 80 1 
168 7 2 81 82 80 1 
169 7 2 1 81 82 83 80 
170 7 2 1 80 
171 84 7 2 80 1 
172 84 7 2 80 85 1 
173 84 1 7 2 86 
174 86 84 1 7 87 2 
175 86 84 1 7 87 88 
176 86 84 1 7 89 
177 86 84 1 7 
178 84 1 90 7 
179 84 1 7 90 
180 1 7 90 91 
181 84 1 7 90 
182 84 1 90 7 
183 84 1 90 7 
184 1 84 92 
185 1 93 84 
186 84 1 
187 84 94 1 
188 86 
189 
190 7 2 11 6 1 95 3 
191 7 2 11 6 1 96 95 
192 7 2 11 6 1 97 
193 7 2 11 6 1 
194 7 2 11 6 1 98 
195 7 2 11 6 1 98 99 
196 7 2 11 6 1 
197 7 2 11 100 6 
198 7 2 11 100 101 6 
199 7 2 11 100 101 6 
200 7 2 11 6 102 
201 7 2 11 6 102 103 
202 7 2 11 6 
203 7 2 11 100 6 
204 7 2 11 100 101 6 
205 7 2 11 100 101 6 
206 7 2 11 100 6 
207 7 2 11 100 101 6 
208 7 2 11 100 101 6 
209 11 7 2 6 
210 6 11 7 2 21 
211 21 6 11 7 104 2 
212 21 6 11 7 104 105 
213 21 6 11 7 106 
214 21 6 11 7 
215 107 6 
216 6 
217 21 
218 
219 
