3 2 
4 3 
5 2 
6 2 
7 5 
9 7 
11 8 6 
12 8 
13 9 7 
14 10 2 
15 11 
16 1 
17 13 7 
18 12 
19 14 15 
20 1 
21 12 
22 16 7 17 
23 1 
24 18 8 
25 12 
26 19 20 
27 1 
28 12 
29 21 8 22 
30 8 
32 7 
35 8 6 
36 1 
37 23 8 
38 8 
40 1 
41 25 
42 1 
43 27 
44 26 28 
45 1 
46 30 
47 29 31 
48 2 
49 4 
50 32 33 
51 4 
52 34 35 
53 1 
54 36 37 
55 1 
56 38 39 
57 1 
58 1 
59 41 
60 11 8 
61 42 43 
62 40 44 
63 4 
65 7 
66 4 
68 8 6 
69 8 
70 46 7 
71 47 5 
72 47 2 
73 11 
74 12 
75 1 
76 49 8 
77 50 48 
78 51 
79 47 2 
80 45 52 
81 1 
82 55 7 
83 12 54 56 48 53 
84 1 
85 57 8 
86 45 58 
87 1 
88 59 60 
89 8 
91 1 
92 61 7 
93 12 62 
94 7 
95 1 
96 12 63 
97 7 
98 1 
99 12 64 
100 7 
102 3 
105 3 
106 65 
