1 1 
2 2 1 
3 1 3 2 
4 2 1 
5 1 4 2 
6 2 1 
7 1 5 2 
8 2 1 
9 1 6 2 
10 2 1 
11 1 7 2 
12 2 1 
13 1 8 2 
14 2 1 
15 1 9 2 
16 2 1 
17 1 10 2 
18 1 2 
19 1 2 11 
20 1 2 12 11 
21 1 2 11 12 
22 1 2 11 12 13 
23 1 2 11 12 13 
24 1 2 11 12 
25 1 2 12 11 
26 1 2 12 11 
27 1 2 12 
28 1 2 14 12 
29 1 2 12 14 
30 1 2 12 14 13 
31 1 2 12 14 13 
32 1 2 12 14 
33 1 2 14 12 
34 1 2 14 12 
35 1 2 14 
36 1 2 15 14 
37 1 2 14 15 
38 1 2 14 15 16 
39 1 2 14 15 16 
40 1 2 14 15 
41 1 2 15 14 
42 1 2 15 14 
43 1 2 17 
44 1 2 18 
45 1 2 18 19 
46 1 2 18 
47 2 18 1 20 
48 2 18 21 1 
49 1 2 18 
50 1 2 18 
51 1 2 22 
52 1 2 
53 1 2 23 
54 1 2 24 
55 1 2 25 
56 1 2 25 26 
57 1 2 25 
58 1 2 25 27 
59 1 2 25 28 
60 1 2 25 28 
61 1 2 25 
62 1 2 25 
63 1 2 29 
64 1 2 
65 1 30 
66 1 31 
67 1 25 
68 1 25 32 
69 1 25 
70 25 1 33 
71 25 1 28 
72 1 25 28 
73 1 25 
74 1 25 
75 
