1 1 
2 1 2 
3 3 1 2 
4 2 4 3 1 
5 2 4 3 1 5 
6 2 4 3 1 6 
7 2 4 3 7 1 
8 2 1 4 3 8 7 
9 7 2 1 4 3 9 
10 7 10 3 2 1 4 9 
11 11 7 10 4 9 3 2 1 
12 11 7 10 4 9 3 2 1 12 
13 11 7 10 4 9 3 2 1 13 
14 14 11 7 10 4 9 3 2 1 
15 14 11 7 10 4 1 9 3 2 15 
16 16 14 11 7 10 4 1 9 3 2 
17 16 14 11 7 10 4 1 9 3 17 
18 16 14 11 7 10 4 1 9 3 18 
19 16 14 11 7 10 4 1 9 3 19 
20 16 20 14 11 7 10 4 1 9 3 
21 16 20 14 11 7 21 3 10 9 4 1 
22 16 20 14 11 7 21 3 10 9 4 22 1 
23 16 20 14 11 7 21 1 3 10 9 4 22 23 
24 16 20 14 11 7 21 1 3 10 9 4 22 24 
25 16 20 14 25 11 7 21 1 3 10 9 4 
26 16 20 14 25 11 7 21 1 3 10 9 26 4 
27 16 20 14 25 11 7 21 1 3 10 27 9 26 4 
28 16 20 14 25 11 7 21 1 3 4 26 10 27 9 
29 16 20 14 25 11 21 4 3 26 28 10 7 27 9 1 
30 16 20 14 25 11 21 4 3 26 29 28 10 7 27 9 1 
31 16 20 14 25 11 21 4 3 26 29 28 10 7 27 9 30 1 
32 16 20 14 25 11 21 1 4 3 26 29 28 10 7 27 9 30 31 
33 16 20 14 25 11 21 1 4 3 26 29 28 10 7 27 9 30 
34 20 14 25 11 21 4 3 26 29 10 7 9 1 27 28 16 30 32 
35 20 14 25 11 21 4 3 26 29 10 7 9 1 27 28 16 30 33 
36 16 20 14 25 11 21 4 3 26 29 10 7 9 1 27 30 28 33 
37 16 20 14 25 11 21 4 3 26 29 28 10 7 9 1 27 30 
38 16 20 14 25 11 21 4 3 26 29 28 10 7 9 30 1 27 
39 16 20 14 25 11 21 4 3 26 29 28 10 7 27 9 30 1 
40 16 20 14 25 11 21 4 3 26 29 28 10 7 27 9 30 1 
41 16 20 14 25 11 21 1 4 3 26 9 29 27 28 10 7 
42 16 20 14 25 11 7 21 1 4 3 26 9 29 27 28 30 10 
43 16 20 14 25 11 7 21 1 10 9 4 3 26 30 29 27 28 
44 11 7 21 4 3 26 10 30 1 9 28 16 29 20 27 14 34 25 
45 25 11 7 21 4 3 26 10 30 1 9 28 16 29 20 27 14 35 
46 25 11 7 21 4 3 26 10 30 1 9 28 16 29 20 27 14 33 
47 25 11 7 21 4 3 26 10 30 1 9 28 16 29 20 27 36 14 
48 14 25 11 7 21 4 3 26 10 30 1 9 28 16 29 20 27 37 
49 14 25 11 7 21 4 3 26 10 30 1 20 27 9 28 16 29 
50 14 25 11 7 21 4 3 26 10 30 1 16 29 20 27 9 28 38 
51 14 25 11 7 21 4 3 26 10 30 1 28 16 29 20 27 9 
52 14 25 11 7 21 4 3 26 9 10 27 30 1 28 16 29 20 39 
53 20 14 25 11 7 21 4 3 26 9 10 27 30 1 28 16 29 40 
54 20 14 25 11 7 21 4 3 26 9 10 27 30 1 28 16 29 33 
55 16 20 14 25 11 7 21 4 3 26 9 10 27 30 1 29 28 33 
56 16 20 14 25 11 7 21 4 3 26 9 28 10 27 30 1 29 
57 16 20 14 25 11 7 21 4 3 26 9 28 10 27 30 29 1 
58 16 20 14 25 11 7 21 1 4 3 26 9 28 10 27 30 29 41 
59 16 20 14 25 11 7 21 1 4 3 26 9 29 28 10 27 30 
60 16 20 14 25 11 7 21 1 4 3 26 9 28 10 27 30 29 42 
61 16 20 14 25 11 7 21 1 4 3 26 9 29 28 10 27 30 
62 16 20 14 25 11 7 21 1 4 3 26 9 29 28 30 10 27 
63 16 20 14 25 11 7 21 1 4 3 26 9 29 27 28 30 10 
64 16 20 14 25 11 7 21 1 4 3 26 9 29 27 28 30 10 
65 16 20 14 25 11 7 21 1 10 9 4 26 3 
66 16 20 14 25 11 7 21 1 3 10 27 9 26 4 
67 16 20 14 25 11 7 21 1 3 10 27 9 26 4 
68 16 20 14 25 11 7 21 1 26 3 
69 16 20 14 25 11 7 27 21 1 26 3 
70 3 26 16 20 14 25 11 7 27 21 1 
71 3 26 16 20 14 25 28 11 7 27 21 1 
72 3 26 16 29 20 14 25 28 11 7 27 21 1 
73 3 26 16 29 20 14 25 28 11 7 27 21 30 1 
74 3 26 1 16 29 20 14 25 28 11 7 27 21 30 43 
75 3 26 1 16 29 20 14 25 28 11 7 27 21 30 
76 26 29 20 14 25 11 7 21 1 27 3 28 16 30 44 
77 26 29 20 14 25 11 7 21 1 27 3 28 16 30 33 
78 26 16 29 20 14 25 11 7 21 1 27 3 30 28 33 
79 26 16 29 20 14 25 28 11 7 21 1 27 3 30 
80 26 16 29 20 14 25 28 11 7 21 30 1 27 3 
81 3 26 16 29 20 14 25 28 11 7 27 21 30 1 
82 3 26 16 29 20 14 25 28 11 7 27 21 30 1 
83 3 26 1 21 16 29 20 27 14 25 28 11 7 
84 16 20 14 25 7 21 1 3 26 29 27 28 30 11 
85 16 20 14 25 11 7 21 1 3 26 30 29 27 28 
86 7 26 11 3 30 1 21 28 16 29 20 27 14 45 25 
87 25 7 26 11 3 30 1 21 28 16 29 20 27 14 46 
88 25 7 26 11 3 30 1 21 28 16 29 20 27 14 33 
89 25 7 26 11 3 30 1 21 28 16 29 20 27 47 14 
90 14 25 7 26 11 3 30 1 21 28 16 29 20 27 48 
91 14 25 7 26 11 3 30 1 20 27 21 28 16 29 
92 14 25 7 26 11 3 30 1 16 29 20 27 21 28 49 
93 14 25 7 26 11 3 30 1 28 16 29 20 27 21 
94 14 25 7 21 26 11 27 3 30 1 28 16 29 20 50 
95 20 14 25 7 21 26 11 27 3 30 1 28 16 29 51 
96 20 14 25 7 21 26 11 27 3 30 1 28 16 29 33 
97 16 20 14 25 7 21 26 11 27 3 30 1 29 28 33 
98 16 20 14 25 7 21 26 28 11 27 3 30 1 29 
99 16 20 14 25 7 21 26 28 11 27 3 30 29 1 
100 16 20 14 25 7 21 1 26 28 11 27 3 30 29 52 
101 16 20 14 25 7 21 1 26 29 28 11 27 3 30 
102 16 20 14 25 7 21 1 26 28 11 27 3 30 29 53 
103 16 20 14 25 7 21 1 26 29 28 11 27 3 30 
104 16 20 14 25 7 21 1 26 29 28 30 11 27 3 
105 16 20 14 25 7 21 1 3 26 29 27 28 30 11 
106 16 20 14 25 7 21 1 3 26 29 27 28 30 11 
107 16 20 14 25 11 7 21 1 3 26 
108 16 20 14 25 11 7 27 21 1 26 3 
109 16 20 14 25 11 7 27 21 1 26 3 
110 
