1 1 
2 2 1 
3 2 3 1 
4 2 3 4 1 
5 2 3 4 1 5 
6 2 3 4 5 6 1 
7 7 2 3 4 1 5 
8 7 2 3 4 8 1 
9 9 7 2 1 3 4 
10 9 7 2 1 3 10 4 
11 9 7 2 1 3 11 10 4 
12 9 7 2 1 3 11 10 4 12 
13 9 7 2 1 3 11 10 4 
14 10 9 7 2 1 3 
15 11 10 9 7 2 1 
16 11 10 9 7 2 1 
17 11 10 9 7 2 1 3 13 
18 11 10 9 7 2 1 3 
19 10 9 7 2 1 3 
20 11 10 9 7 2 1 
21 11 10 9 14 7 1 
22 11 10 9 14 7 15 
23 11 10 9 14 7 
24 11 10 16 9 7 
25 11 10 16 17 
26 18 11 10 
27 11 18 19 
28 11 20 
29 21 
30 
31 11 10 22 9 7 
32 11 10 22 23 
33 24 11 10 
34 10 24 25 
35 10 26 
36 27 
37 
