1 1 
2 2 1 
3 3 2 1 
4 3 4 2 1 
5 3 4 5 2 1 
6 6 3 4 5 2 1 
7 6 3 4 5 2 1 7 
8 6 3 4 5 2 1 7 
9 
10 6 3 4 5 2 8 1 
11 6 3 4 5 2 8 1 9 
12 6 3 10 4 5 2 8 1 
13 6 3 10 4 5 2 1 8 11 
14 12 6 3 10 4 5 2 1 8 
15 12 6 3 10 4 5 2 1 8 13 
16 12 6 13 3 10 4 5 2 1 8 
17 12 6 13 3 10 4 14 5 2 1 
18 12 6 13 3 10 4 14 5 1 15 2 
19 12 6 13 3 10 4 14 5 2 1 
20 12 6 13 3 10 4 1 14 5 16 2 
21 12 6 13 3 10 4 1 14 5 2 
22 12 6 13 3 10 4 1 14 5 17 2 
23 18 12 6 13 3 10 4 1 14 5 2 
24 18 12 6 13 3 10 4 1 14 5 19 2 
25 18 12 6 13 3 10 4 1 14 5 19 20 2 
26 18 2 12 6 13 3 10 4 1 14 5 
27 18 2 12 6 13 3 10 4 1 14 21 5 
28 18 2 12 6 13 3 10 4 5 1 14 22 
29 18 2 12 6 13 3 10 4 5 1 14 
30 18 2 12 6 13 3 10 14 4 5 1 23 
31 18 2 12 6 13 3 10 14 4 5 1 23 24 
32 18 2 12 6 13 3 10 14 4 5 1 23 
33 18 6 23 12 2 13 3 10 14 4 5 1 25 
34 18 6 23 12 2 13 3 10 26 14 4 5 1 
35 18 6 14 4 5 1 23 12 2 27 13 3 10 
36 18 6 10 14 4 5 1 23 12 2 27 3 28 13 
37 18 6 10 14 4 5 1 23 27 3 12 13 2 
38 18 6 10 14 4 5 1 23 2 27 13 3 12 
39 18 12 6 10 14 4 5 1 23 2 27 3 29 13 
40 18 12 6 3 10 14 4 5 1 23 13 2 
41 18 2 12 6 13 3 10 14 4 5 1 23 
42 18 2 12 6 13 3 10 14 4 5 1 23 
43 18 2 
44 18 2 
45 18 2 12 6 13 3 10 4 1 14 30 5 
46 18 2 12 6 13 3 10 4 5 1 14 31 
47 18 2 12 6 13 3 10 4 5 1 14 
48 18 2 12 6 13 3 10 14 4 5 1 23 
49 18 2 12 6 13 3 10 14 4 5 1 23 32 
50 18 2 12 6 13 3 10 14 4 5 1 23 
51 18 6 23 12 2 13 3 10 14 4 5 1 33 
52 18 6 23 12 2 13 3 10 26 14 4 5 1 
53 18 6 14 4 5 1 23 12 2 27 13 3 10 
54 18 6 10 14 4 5 1 23 12 2 27 3 34 13 
55 18 6 10 14 4 5 1 23 27 3 12 13 2 
56 18 6 10 14 4 5 1 23 2 27 13 3 12 
57 18 12 6 10 14 4 5 1 23 2 27 3 35 13 
58 18 12 6 3 10 14 4 5 1 23 13 2 
59 18 2 12 6 13 3 10 14 4 5 1 23 
60 18 2 12 6 13 3 10 14 4 5 1 23 
61 18 2 
62 18 2 
63 18 2 12 6 13 3 10 4 1 14 36 5 
64 18 2 12 6 13 3 10 4 5 1 14 37 
65 18 2 12 6 13 3 10 4 5 1 14 
66 18 2 12 6 13 3 10 14 4 5 1 23 
67 18 2 12 6 13 3 10 14 4 5 1 23 38 
68 18 2 12 6 13 3 10 14 4 5 1 23 
69 18 6 23 12 2 13 3 10 14 4 5 1 39 
70 18 6 23 12 2 13 3 10 26 14 4 5 1 
71 18 6 14 4 5 1 23 12 2 27 13 3 10 
72 18 6 10 14 4 5 1 23 12 2 3 27 40 13 
73 18 6 10 14 4 5 1 23 27 3 12 13 2 
74 18 6 10 14 4 5 1 23 2 27 13 3 12 
75 18 12 6 10 14 4 5 1 23 2 3 27 41 13 
76 18 12 6 3 10 14 4 5 1 23 13 2 
77 18 2 12 6 13 3 10 14 4 5 1 23 
78 18 2 12 6 13 3 10 14 4 5 1 23 
79 18 2 
80 18 2 
81 18 2 12 6 13 3 10 4 1 14 42 5 
82 18 2 12 6 13 3 10 4 5 1 14 43 
83 18 2 12 6 13 3 10 4 5 1 14 
84 18 2 12 6 13 3 10 14 4 5 1 23 
85 18 2 12 6 13 3 10 14 4 5 1 23 44 
86 18 2 12 6 13 3 10 14 4 5 1 23 
87 18 6 23 12 2 13 3 10 14 4 5 1 45 
88 18 6 23 12 2 13 3 10 26 14 4 5 1 
89 18 6 14 4 5 1 23 12 2 27 13 3 10 
90 18 6 10 14 4 5 1 23 12 2 3 27 46 13 
91 18 6 10 14 4 5 1 23 27 3 12 13 2 
92 18 6 10 14 4 5 1 23 2 27 13 3 12 
93 18 12 6 10 14 4 5 1 23 2 3 27 47 13 
94 18 12 6 3 10 14 4 5 1 23 13 2 
95 18 2 12 6 13 3 10 14 4 5 1 23 
96 18 2 12 6 13 3 10 14 4 5 1 23 
97 18 2 
98 48 18 2 
99 
100 
