1 1 
2 1 
3 1 
4 1 
5 1 2 
6 1 2 
7 1 
8 1 
9 1 3 
10 1 3 
11 1 
12 1 
13 1 4 
14 1 4 
15 1 
16 1 5 
17 1 
18 1 
19 1 6 
20 1 6 
21 1 
22 1 7 
23 1 
24 1 
25 1 8 
26 1 8 
27 1 
28 1 9 
29 1 
30 1 
31 1 10 
32 1 10 
33 1 
34 1 11 
35 1 
36 1 
37 1 12 
38 1 12 
39 1 
40 1 13 
41 1 
42 1 
43 1 14 
44 1 14 
45 1 
46 1 15 
47 1 
48 1 
49 1 16 
50 1 16 
51 1 
52 1 
53 1 17 
54 1 17 
55 1 
56 1 18 
57 1 18 
58 1 
59 1 19 
60 1 19 
61 1 
62 1 20 
63 1 
64 1 21 
65 1 21 
66 1 
67 1 22 
68 1 23 22 
69 1 23 24 22 
70 1 22 
71 1 
72 1 25 
73 1 25 
74 1 
75 1 26 
76 1 27 26 
77 1 27 28 26 
78 1 26 
79 1 
80 1 29 
81 1 29 
82 1 
83 1 
84 1 
85 1 30 
86 1 30 
87 1 
88 1 
89 1 
90 1 31 
91 1 31 
92 1 
93 1 
94 1 32 
95 1 32 
96 1 
97 1 
98 1 33 
99 1 33 
100 
101 
