1 1 
2 2 1 
3 1 2 
4 2 1 3 
5 1 2 
6 2 1 4 
7 1 2 
8 2 1 5 
9 1 2 
10 1 6 
11 1 
12 1 7 
13 1 8 7 
14 1 7 
15 1 
16 1 9 
17 1 9 10 
18 1 10 9 
19 1 9 
20 1 
21 1 11 
22 1 
23 1 12 
24 1 12 13 
25 1 12 13 14 
26 1 12 14 13 
27 1 12 13 
28 1 
29 1 15 
30 1 15 16 
31 1 15 16 17 
32 1 15 17 16 
33 1 15 16 
34 1 
35 1 18 
36 1 18 19 
37 1 18 19 20 
38 1 18 20 19 
39 1 18 19 
40 1 
41 21 1 
42 21 1 22 
43 21 1 22 23 
44 21 1 23 22 
45 21 1 22 
46 21 1 24 22 
47 21 1 22 
48 21 1 22 25 
49 21 1 25 22 
50 21 22 1 
51 21 22 26 1 
52 21 22 26 1 27 
53 21 22 28 26 1 
54 21 22 1 28 29 26 
55 21 22 1 26 
56 21 22 1 
57 21 22 1 30 
58 21 22 1 
59 21 22 1 31 
60 21 22 1 
61 21 1 32 22 
62 21 1 22 
63 21 1 22 33 
64 21 1 33 22 
65 21 1 22 
66 21 1 22 34 
67 21 1 22 34 35 
68 21 1 22 36 34 
69 21 1 34 22 
70 21 22 1 
71 21 22 37 1 
72 21 22 1 37 38 
73 21 22 1 39 37 
74 21 22 1 37 
75 21 22 1 
76 21 22 40 1 
77 21 22 1 40 41 
78 21 22 1 40 
79 21 22 1 42 40 
80 21 22 1 42 40 
81 21 22 1 42 40 
82 21 22 1 
83 21 22 1 43 
84 21 22 1 
85 21 22 1 44 
86 21 22 1 
87 21 22 1 45 
88 21 22 1 
89 21 1 46 22 
90 21 1 22 
91 21 1 22 47 
92 21 1 47 22 
93 21 1 22 
94 21 1 22 48 
95 21 1 22 48 49 
96 21 1 22 50 48 
97 21 1 48 22 
98 21 22 1 
99 21 22 51 1 
100 21 22 1 51 52 
101 21 22 1 53 51 
102 21 22 1 51 
103 21 22 1 
104 21 22 54 1 
105 21 22 1 54 55 
106 21 22 1 54 
107 21 22 1 56 54 
108 21 22 1 56 54 
109 21 22 1 56 54 
110 21 22 1 
111 21 22 1 57 
112 21 22 1 
113 21 22 1 58 
114 21 22 1 
115 21 22 1 59 
116 21 22 1 
117 1 21 60 22 
118 1 21 22 
119 1 21 22 61 
120 1 21 61 22 
121 1 22 21 
122 1 22 21 62 
123 1 63 22 21 
124 21 1 
125 21 1 64 
126 65 21 1 
127 65 66 21 
128 
129 
