1 1 
2 2 1 
3 2 1 
4 2 4 1 
5 2 4 1 
6 2 4 6 1 
7 2 1 4 6 7 
8 2 8 4 1 
9 2 8 4 9 1 
10 2 8 4 1 9 10 
11 2 8 4 11 1 
12 2 8 4 11 12 1 
13 2 1 8 4 11 12 13 
14 2 1 8 4 11 14 
15 2 15 4 1 8 
16 16 2 15 8 4 1 
17 16 2 15 8 4 1 17 
18 16 2 15 8 4 1 
19 16 2 15 8 4 1 18 
20 16 2 15 8 4 1 19 
21 16 2 15 8 4 1 
22 2 15 8 4 20 1 
23 2 15 8 4 1 20 21 
24 2 15 8 4 22 1 
25 2 15 8 4 22 23 1 
26 2 15 8 1 4 22 23 24 
27 2 15 8 1 4 22 25 
28 16 2 15 8 4 1 
29 16 2 15 8 4 26 1 
30 16 2 15 8 4 1 26 27 
31 16 2 15 8 4 28 1 
32 16 2 15 8 4 28 29 1 
33 16 2 15 8 1 4 28 29 30 
34 16 2 15 8 1 4 28 31 
35 16 32 2 15 8 1 
36 16 33 32 2 15 8 1 
37 16 33 32 2 15 8 1 34 
38 16 33 32 2 15 8 34 1 
39 16 33 32 2 15 8 34 1 35 
40 16 33 32 35 2 15 8 34 1 
41 16 33 32 35 2 15 8 34 36 1 
42 16 33 32 35 2 15 8 34 1 36 37 
43 16 33 32 35 2 15 8 34 36 1 38 
44 16 33 32 35 2 15 8 34 36 1 
45 16 33 32 35 2 15 8 39 34 36 1 
46 16 33 32 35 2 15 36 8 39 34 40 1 
47 16 33 32 35 2 15 36 1 8 39 34 40 41 
48 16 33 32 35 2 15 36 1 8 39 42 34 
49 16 8 33 32 35 2 15 36 1 34 
50 16 8 33 32 43 35 2 15 34 36 1 
51 16 8 33 32 43 35 2 15 44 34 36 1 
52 16 8 33 32 36 43 35 2 15 44 34 45 1 
53 16 8 33 32 36 43 35 2 1 15 44 34 45 46 
54 16 8 33 32 36 43 35 2 1 15 44 47 34 
55 16 15 8 33 32 36 43 35 2 1 34 
56 16 15 8 33 32 34 36 43 48 35 2 1 
57 16 15 8 33 32 34 36 43 48 35 1 49 2 
58 16 15 8 33 32 34 36 43 48 35 2 1 
59 16 15 8 33 32 34 36 1 43 48 35 50 2 
60 16 15 8 33 32 34 36 1 2 43 48 35 
61 16 15 8 33 32 34 36 1 35 2 
62 16 35 2 15 8 33 32 34 36 1 
63 16 35 2 15 8 33 32 51 34 36 1 
64 16 35 2 15 8 36 33 32 51 34 52 1 
65 16 35 2 15 8 36 33 1 32 51 34 52 53 
66 16 35 2 15 8 36 33 1 32 51 54 34 
67 16 32 35 2 15 8 36 33 1 34 
68 16 32 35 2 15 8 34 36 55 33 1 
69 16 32 35 2 15 8 34 36 1 55 33 56 
70 16 32 35 2 15 8 34 36 1 55 33 
71 16 32 35 2 15 8 34 36 55 1 
72 16 32 35 2 15 8 34 36 1 55 57 
73 16 32 35 2 15 8 34 36 1 55 
74 16 32 35 15 8 34 55 36 1 58 2 
75 16 32 35 15 8 34 55 36 2 1 
76 16 32 35 15 8 34 55 36 1 59 2 
77 16 32 35 15 8 34 2 55 36 1 
78 16 32 35 15 8 34 1 2 55 36 60 
79 16 32 35 15 8 34 36 1 61 2 55 
80 16 32 35 15 8 34 36 1 61 2 55 62 
81 16 32 35 15 8 34 36 1 61 2 63 55 
82 16 32 35 15 8 34 36 1 61 2 63 64 
83 16 32 35 15 8 34 36 1 61 2 63 65 
84 16 32 35 15 8 34 36 1 61 2 63 65 66 
85 16 32 35 2 15 8 34 36 1 
86 16 33 32 35 2 15 8 34 36 1 
87 16 33 32 35 2 15 8 34 36 1 67 
88 16 33 32 35 2 15 8 34 36 1 
89 16 33 32 35 2 15 8 34 36 1 68 
90 16 33 32 35 2 15 8 34 36 1 69 
91 16 33 32 35 2 15 8 34 36 1 
92 16 33 32 35 2 15 8 34 36 70 1 
93 16 33 32 35 2 15 8 34 36 1 70 71 
94 16 33 32 35 2 15 8 34 36 1 70 72 
95 16 33 32 35 2 15 8 34 36 1 70 73 
96 16 33 32 35 2 15 8 34 36 74 1 
97 16 33 32 35 2 15 8 34 36 74 75 1 
98 16 33 32 35 2 15 8 34 36 1 74 75 76 
99 16 33 32 35 2 15 8 34 36 1 74 75 
100 33 32 15 75 35 2 16 8 34 1 36 74 77 
101 33 32 15 75 35 2 16 8 34 1 36 78 74 
102 33 32 15 74 75 35 2 16 8 34 1 36 79 
103 33 32 15 36 74 75 35 2 16 8 34 80 1 
104 33 32 15 36 74 75 35 2 16 8 34 1 80 81 
105 33 32 15 36 74 75 35 2 16 8 34 80 1 82 
106 33 32 15 36 74 75 35 2 16 8 34 80 1 
107 16 33 32 35 2 15 8 34 36 1 
108 33 32 15 36 74 75 35 2 16 8 34 83 1 
109 33 32 15 36 74 75 35 2 16 8 84 34 83 1 
110 33 32 15 36 74 75 35 2 16 1 8 84 34 83 85 
111 33 32 15 36 74 75 35 2 16 83 1 8 84 86 34 
112 33 32 15 8 36 74 75 35 2 16 83 1 34 
113 33 32 15 8 36 74 75 43 35 2 16 34 83 1 
114 33 32 15 8 36 74 75 43 35 2 16 87 34 83 1 
115 33 32 15 8 36 74 75 43 35 2 1 16 87 34 83 88 
116 33 32 15 8 36 74 75 43 35 2 1 16 87 89 34 
117 16 33 32 15 8 36 74 75 43 35 2 1 34 
118 16 33 32 15 8 34 36 74 75 43 90 35 2 1 
119 16 33 32 15 8 34 36 74 75 43 90 35 1 91 2 
120 16 33 32 15 8 34 36 74 75 43 90 35 2 1 
121 16 33 32 15 8 34 36 74 1 75 43 90 35 92 2 
122 16 33 32 15 8 34 36 74 1 75 2 43 90 35 
123 16 33 32 15 8 34 36 74 1 75 35 2 
124 16 33 32 35 2 15 8 34 36 74 1 75 
125 16 33 32 35 2 15 8 34 36 74 75 1 
126 16 33 32 35 2 15 8 34 36 74 75 1 
127 16 33 32 35 2 15 8 34 1 36 93 
128 16 33 32 35 2 15 8 34 36 1 
129 16 33 32 35 2 15 8 34 36 1 
130 
