1 1 
2 2 1 
3 1 2 
4 
5 1 2 3 
6 1 2 
7 
8 2 4 1 
9 2 1 5 4 
10 2 4 1 6 5 
11 2 4 1 7 
12 2 4 1 
13 
14 2 1 8 4 
15 2 4 1 9 8 
16 2 4 1 10 
17 2 4 1 
18 
19 2 1 11 4 
20 2 4 1 12 11 
21 2 4 1 13 
22 2 4 1 
23 
24 2 1 14 4 
25 2 4 1 15 14 
26 2 4 1 16 
27 2 4 1 
28 
29 2 1 17 4 
30 2 4 1 18 17 
31 2 4 1 19 
32 2 4 1 
33 
34 2 1 20 4 
35 2 4 1 20 21 
36 2 4 1 
37 
38 2 1 22 4 
39 2 4 1 23 22 
40 2 4 1 24 
41 2 4 1 
42 
43 2 1 25 4 
44 2 4 1 26 25 
45 2 4 1 27 
46 2 4 1 
47 
48 2 1 28 4 
49 2 4 1 29 28 
50 2 4 1 30 
51 2 4 1 
52 
53 2 1 31 4 
54 2 4 1 32 31 
55 2 4 1 33 
56 2 4 1 
57 
58 2 1 34 4 
59 2 1 34 35 
60 2 1 36 
61 2 1 
62 
63 37 
64 
