1 1 
2 2 1 
3 2 1 3 
4 2 4 1 3 
5 2 4 5 1 3 
6 2 4 5 6 1 3 
7 2 4 5 6 1 3 
8 2 4 5 6 1 3 8 
9 2 4 5 6 3 1 8 
10 2 4 5 6 9 8 3 1 
11 2 4 5 6 9 8 1 3 10 
12 2 4 5 6 9 8 1 3 
13 2 4 5 6 9 8 1 
14 2 4 5 6 9 1 8 11 
15 2 4 5 6 9 1 8 
16 2 4 5 6 9 1 
17 2 4 5 6 9 1 12 
18 2 4 5 6 9 1 
19 2 4 5 6 9 13 1 
20 2 4 5 6 9 1 13 14 
21 2 4 5 6 9 1 13 15 
22 2 4 5 6 9 1 13 
23 2 4 5 6 9 1 13 
24 2 4 5 6 9 13 1 
25 2 4 5 6 9 13 1 
26 2 4 5 6 9 1 16 
27 2 4 5 6 9 1 
28 17 2 4 5 6 9 1 
29 9 
30 9 
31 18 2 4 5 6 9 1 
32 9 
33 
