1 1 
2 1 2 
3 2 1 
4 3 
5 3 
6 
7 1 4 2 
8 2 1 5 4 
9 2 1 
10 1 6 2 
11 1 2 7 6 
12 1 2 
13 2 8 1 
14 2 8 1 9 
15 2 8 10 1 
16 1 2 8 10 11 
17 1 2 8 10 
18 1 2 8 12 10 
19 1 2 8 10 12 13 
20 1 2 8 12 10 
21 1 2 10 12 14 8 
22 1 2 8 10 12 15 
23 1 2 8 10 12 
24 1 2 12 16 
25 1 2 
26 1 2 
27 1 2 8 12 10 
28 1 2 8 12 10 
29 1 17 
30 18 1 
31 18 1 19 
32 18 10 1 
33 1 18 10 20 
34 1 18 10 
35 1 18 12 10 
36 1 18 10 12 21 
37 1 18 12 10 
38 10 12 1 22 18 
39 1 18 10 12 23 
40 1 18 10 12 
41 12 24 
42 
43 
44 1 18 12 10 
45 1 18 12 10 
46 
