1 1 
2 1 2 
3 1 3 2 
4 1 3 4 2 
5 1 5 3 4 2 
6 1 6 5 3 4 2 
7 1 6 5 3 4 7 2 
8 1 6 5 3 4 8 7 2 
9 9 1 6 5 3 4 8 7 2 
10 9 1 6 5 3 4 10 8 7 2 
11 9 1 6 5 3 4 10 8 7 2 11 
12 9 1 6 5 3 4 10 2 8 7 11 
13 9 1 6 5 3 4 10 2 8 7 11 12 
14 9 1 6 5 3 4 10 2 8 7 12 11 
15 9 1 6 5 3 4 10 2 8 7 11 
16 9 1 6 5 3 4 10 2 8 7 11 13 
17 9 1 6 5 3 4 10 2 8 7 13 11 
18 9 1 6 11 5 3 4 10 2 8 7 
19 9 1 6 11 5 3 4 10 2 8 
20 9 1 6 5 3 4 10 2 8 11 14 
21 9 1 6 5 3 4 10 2 8 14 11 
22 9 1 6 11 5 3 4 10 2 8 
23 9 1 6 11 5 3 4 10 2 
24 9 1 6 5 3 4 10 2 11 15 
25 9 1 6 5 3 4 10 2 15 11 
26 9 1 6 11 5 3 4 10 2 
27 9 1 6 11 5 3 2 16 4 10 
28 17 9 1 6 11 5 3 2 16 4 10 
29 17 9 1 6 10 11 5 3 2 16 4 
30 9 1 6 10 11 5 3 2 16 4 18 
31 9 1 6 10 11 5 3 2 16 4 18 
32 17 9 1 6 10 11 5 3 2 16 4 
33 17 4 9 1 6 10 11 5 3 2 16 19 
34 17 4 9 1 6 10 11 5 20 3 2 16 
35 17 4 9 1 6 10 11 5 20 3 2 21 
36 17 4 9 1 6 10 11 5 20 3 2 21 22 
37 17 4 9 1 6 10 11 5 20 3 2 21 
38 17 4 9 1 6 21 10 11 5 20 3 2 23 
39 17 4 9 1 6 21 10 11 5 20 3 24 2 
40 17 2 4 9 1 6 21 10 11 5 20 25 24 3 
41 17 3 2 4 9 1 6 21 10 24 11 5 20 25 26 
42 4 9 1 6 20 3 2 21 25 17 10 24 11 5 26 
43 4 9 1 6 5 20 3 2 21 25 17 10 24 11 
44 4 9 1 6 5 20 3 2 21 25 17 10 24 27 11 
45 4 9 1 6 11 5 20 3 2 21 25 24 17 10 
46 4 9 1 6 11 5 20 3 2 21 25 24 17 10 
47 4 9 1 6 5 20 3 2 21 25 17 10 24 28 11 
48 4 9 1 6 11 5 20 3 2 21 25 24 17 10 
49 4 9 1 6 10 11 5 20 3 2 21 25 24 17 
50 4 9 1 6 10 11 5 20 3 2 21 25 24 17 29 
51 4 9 1 6 10 11 5 20 3 2 21 25 24 17 
52 4 9 1 6 10 11 5 20 3 2 21 25 17 24 
53 30 
54 30 
55 
56 4 9 1 6 10 11 5 20 3 2 21 25 17 24 31 
57 4 9 1 6 10 11 5 20 3 2 21 25 17 24 31 
58 4 9 1 6 10 11 5 20 3 2 21 25 17 32 
59 4 9 1 6 10 11 5 20 3 2 21 25 17 33 
60 4 9 1 6 10 11 5 20 3 2 21 34 25 17 
61 17 4 9 1 6 10 11 5 20 3 2 21 
62 17 4 9 1 6 10 11 5 20 3 2 21 
63 17 3 2 9 1 6 21 10 24 11 25 5 20 4 35 26 
64 17 3 2 9 1 6 21 10 24 11 26 25 5 20 4 35 36 
65 17 3 2 9 1 6 21 10 24 11 26 25 5 20 4 37 
66 17 3 2 9 1 6 21 10 24 11 26 25 5 20 4 38 
67 17 3 2 9 1 6 21 10 24 11 26 25 5 20 4 39 
68 17 3 2 9 1 6 21 39 10 24 11 26 25 5 20 40 4 
69 17 3 2 4 9 1 6 21 39 10 24 11 26 25 5 20 40 41 
70 17 3 2 4 9 1 6 21 39 10 24 11 26 25 5 20 42 
71 17 4 9 1 6 20 3 2 21 39 10 24 11 26 25 5 
72 17 4 9 1 6 20 3 2 21 39 10 24 11 26 25 5 43 
73 17 4 9 1 6 20 3 2 21 39 10 24 11 26 25 5 43 
74 17 3 2 4 9 1 6 21 39 10 24 11 26 25 5 44 20 
75 17 4 9 1 6 20 3 2 21 39 10 24 11 26 25 5 43 
76 17 4 9 1 6 20 3 2 21 39 10 24 11 45 26 25 5 
77 17 4 9 1 6 5 20 3 2 21 39 10 24 11 45 26 25 
78 17 4 9 1 6 5 20 3 2 21 25 39 10 24 11 45 46 26 
79 17 4 9 1 6 5 20 3 2 21 25 39 10 24 11 45 26 46 47 
80 17 4 9 1 6 5 20 3 2 21 25 39 10 24 11 45 26 48 
81 17 4 9 1 6 5 20 3 2 21 25 39 10 24 11 45 26 
82 17 4 9 1 6 5 20 3 2 21 39 10 24 11 45 26 25 
83 17 4 9 1 6 5 20 3 2 21 25 39 10 24 11 45 49 26 
84 17 4 9 1 6 5 20 3 2 21 25 39 10 24 11 45 49 50 
85 17 4 9 1 6 5 20 3 2 21 25 39 10 24 11 45 51 
86 17 4 9 1 6 5 20 3 2 21 25 39 10 24 11 45 
87 17 4 9 1 6 5 20 3 2 21 25 39 10 24 11 52 45 
88 17 4 9 1 6 5 20 3 2 21 25 39 10 24 11 53 52 
89 17 4 9 1 6 5 20 3 2 21 25 39 10 24 52 11 
90 17 4 9 1 6 11 5 20 3 2 21 25 39 24 10 
91 17 4 9 1 6 11 5 20 3 2 21 25 39 24 10 
92 17 4 9 1 6 5 20 3 2 21 25 39 10 24 11 54 45 
93 17 4 9 1 6 5 20 3 2 21 25 39 10 24 11 55 54 
94 17 4 9 1 6 5 20 3 2 21 25 39 10 24 54 11 
95 17 4 9 1 6 11 5 20 3 2 21 25 39 24 10 
96 17 4 9 1 6 10 11 5 20 3 2 21 25 39 24 
97 4 9 1 6 10 11 5 20 3 2 21 25 39 24 17 56 
98 4 9 1 6 10 11 5 20 3 2 21 25 39 24 17 
99 4 9 1 6 10 11 5 20 3 2 21 25 39 24 17 
100 57 
101 57 
102 
103 17 4 9 1 6 10 11 5 20 3 2 21 25 58 39 24 
104 17 4 9 1 6 10 11 5 20 3 2 21 25 58 39 24 59 
105 17 4 9 1 6 10 11 5 20 3 2 21 25 58 39 24 59 
106 17 4 9 1 6 10 11 5 20 3 2 21 25 58 39 60 
107 17 4 9 1 6 10 11 5 20 3 2 21 25 58 61 39 
108 17 4 9 1 6 10 11 5 20 3 2 21 25 58 39 61 62 
109 17 4 9 1 6 10 11 5 20 3 2 21 25 58 39 61 
110 17 4 9 1 6 10 11 5 20 3 2 21 25 58 39 63 61 
111 17 4 9 1 6 10 11 5 20 3 2 21 25 58 39 63 61 
112 17 4 9 1 6 10 11 5 20 3 2 21 25 58 39 63 61 
113 17 4 9 1 6 10 11 5 20 3 2 21 25 58 64 39 
114 17 4 9 1 6 10 11 5 20 3 2 21 25 58 64 65 39 
115 17 4 9 1 6 10 11 5 20 3 2 21 25 58 64 66 65 
116 17 4 9 1 6 10 11 5 20 3 2 21 25 58 67 64 
117 17 4 9 1 6 10 11 5 20 3 2 21 25 58 68 
118 17 4 9 1 6 10 11 5 20 3 2 21 25 58 69 
119 17 4 9 1 6 10 11 5 20 3 2 21 70 25 58 
120 17 4 9 1 6 10 11 5 20 3 2 21 
121 17 4 9 1 6 10 11 5 20 3 2 21 
122 4 5 9 1 11 6 17 
123 4 5 9 1 11 6 
124 4 5 9 1 11 6 71 
125 4 5 9 1 72 11 6 71 
126 71 4 5 9 
127 71 4 5 
128 71 73 4 5 
129 71 73 4 5 74 
130 71 73 4 5 74 
131 71 73 4 75 5 
132 71 73 5 4 75 
133 71 73 5 4 76 75 
134 71 73 5 4 76 75 
135 71 73 5 4 76 75 
136 71 73 5 4 77 
137 71 73 5 4 78 
138 71 73 4 5 79 
139 71 73 4 80 5 
140 71 73 4 80 
141 71 73 4 81 80 
142 71 73 4 81 80 
143 71 73 4 81 80 
144 71 73 4 82 
145 71 73 4 83 
146 71 73 84 
147 71 73 85 
148 71 86 73 
149 71 86 73 87 
150 71 86 87 73 
151 73 71 
152 71 
153 71 88 
154 71 
155 
