14 13 
15 9 
16 14 
17 10 11 1 
18 15 
19 9 
20 6 
21 1 
22 18 
23 10 11 16 
24 10 11 16 
25 10 11 16 
26 6 
27 19 4 22 7 
28 20 4 22 7 
29 6 
30 21 4 25 8 
31 1 
32 27 
34 17 29 
36 23 26 24 26 30 
37 30 
39 26 28 
40 26 28 
41 23 33 23 34 32 
42 32 
44 26 28 
45 26 28 
46 24 37 24 38 36 
47 36 
50 26 23 26 24 40 
51 40 
53 26 28 
54 26 28 
55 42 23 43 23 41 
56 41 
58 26 28 
59 26 28 
60 45 24 46 24 44 
61 44 
62 1 
63 47 
64 1 
65 48 2 
67 10 11 1 
68 49 2 
69 1 
70 50 
71 1 
72 51 2 
74 10 11 1 
75 52 2 
76 31 2 
77 35 2 
78 39 2 
79 1 
80 53 
81 10 11 16 
82 10 11 16 
83 10 11 16 
84 6 
85 19 4 22 8 
86 20 4 22 8 
87 6 
88 21 4 54 7 
89 1 
90 55 
92 17 56 
94 26 23 26 24 57 
95 57 
97 26 28 
98 26 28 
99 59 23 60 23 58 
100 58 
102 26 28 
103 26 28 
104 62 24 63 24 61 
105 61 
108 23 26 24 26 64 
109 64 
111 26 28 
112 26 28 
113 23 66 23 67 65 
114 65 
116 26 28 
117 26 28 
118 24 69 24 70 68 
119 68 
120 1 
121 71 
122 1 
123 72 2 
125 10 11 1 
126 73 2 
127 1 
128 74 
129 1 
130 75 2 
132 10 11 1 
133 76 2 
134 31 2 
135 35 2 
136 39 2 
137 2 3 4 5 6 7 8 9 10 11 12 13 1 
