3 2 1 
5 2 
6 3 
8 2 1 
9 4 
11 2 
12 1 
13 5 
14 7 6 
15 8 
17 1 
18 5 
19 9 10 
20 11 
22 1 
23 5 
24 12 13 
25 14 
27 1 
28 5 
29 15 16 
30 17 
32 1 
33 5 
34 19 18 
35 20 
37 1 
38 5 
39 21 22 
40 23 
42 1 
43 5 
44 24 25 
46 1 
47 5 
48 26 27 
49 28 
51 1 
52 5 
53 29 30 
54 31 
56 1 
57 5 
58 33 32 
59 34 
61 1 
62 5 
63 35 36 
64 37 
66 1 
67 5 
68 38 39 
69 40 
71 1 
72 5 
73 42 41 
74 43 
76 1 
77 5 
78 44 45 
79 46 
81 1 
82 5 
83 47 48 
84 49 
86 1 
87 5 
88 51 50 
89 52 
91 1 
92 5 
93 53 54 
94 55 
96 1 
97 5 
98 56 57 
99 58 
101 1 
102 5 
103 60 59 
104 61 
106 1 
107 5 
108 63 62 
109 64 
111 1 
112 5 
113 66 65 
114 67 
116 1 
117 5 
118 68 69 
119 70 
121 1 
122 5 
123 72 71 
124 73 
126 1 
127 5 
128 74 75 
129 76 
131 1 
132 5 
133 77 78 
134 79 
