1 1 
2 2 1 
3 2 3 1 
4 4 2 3 1 
5 4 5 2 3 1 
6 4 5 2 3 1 6 
7 4 5 6 2 3 1 
8 4 5 6 2 3 1 
9 4 5 6 2 1 3 7 
10 4 5 6 2 3 1 
11 4 5 6 2 3 1 
12 4 5 2 6 1 3 8 
13 4 5 2 3 6 9 8 1 
14 4 5 2 3 6 9 1 
15 4 5 2 3 6 10 9 1 
16 4 1 5 2 3 6 10 9 11 
17 4 1 5 2 12 3 9 11 6 10 
18 9 6 2 4 1 10 13 5 
19 9 6 2 4 1 10 13 5 
20 9 6 2 4 1 10 13 14 
21 9 6 2 4 1 10 13 14 
22 9 6 2 4 1 10 13 5 
23 9 6 2 4 5 1 10 13 15 
24 9 6 2 4 5 1 
25 9 6 2 4 5 16 1 
26 9 6 2 4 5 1 16 17 
27 9 6 2 4 5 1 16 18 
28 9 6 2 4 5 16 1 
29 9 2 4 5 1 6 16 19 
30 9 2 4 5 16 1 6 20 
31 9 2 4 5 21 16 1 6 
32 9 2 4 5 22 21 16 1 6 
33 9 6 2 4 5 22 21 16 1 
34 9 2 4 5 21 16 1 23 6 
35 9 2 4 5 21 16 1 6 24 23 
36 9 2 4 5 21 16 1 6 23 
37 9 2 4 5 22 21 16 1 23 6 
38 9 6 2 4 5 22 21 16 1 
39 9 6 1 2 4 5 22 21 25 16 
40 9 6 1 16 2 26 4 5 22 21 
41 9 6 2 4 5 1 16 
42 9 6 2 4 5 16 1 
43 9 6 2 4 5 16 1 
44 9 6 
45 
46 
