1 1 
2 2 1 
3 2 3 1 
4 4 2 3 1 
5 4 2 3 5 1 
6 6 4 2 3 5 1 
7 6 7 4 2 3 5 1 
8 6 7 4 2 1 3 5 8 
9 6 7 4 2 1 3 5 
10 6 7 4 2 1 3 
11 6 7 4 2 1 9 3 
12 6 3 7 4 2 9 1 
13 6 3 9 7 1 4 2 10 
14 6 7 4 2 1 3 9 
15 6 3 11 7 1 9 4 2 
16 6 7 4 2 1 3 9 11 12 
17 6 7 4 2 1 3 9 11 12 
18 6 7 4 2 3 9 11 1 
19 6 7 4 2 1 3 9 11 13 
20 6 7 4 2 1 3 9 11 
21 6 7 4 2 1 3 9 11 
22 6 7 4 2 1 3 9 11 14 
23 6 7 4 2 1 3 9 11 
24 7 4 2 1 3 9 11 6 15 
25 7 4 2 1 3 9 11 6 
26 7 4 2 1 3 9 6 16 11 
27 7 4 2 1 3 9 6 17 
28 6 7 4 2 1 3 9 
29 6 7 4 2 1 3 9 
30 7 4 2 1 3 9 6 18 11 
31 7 4 2 1 3 9 6 19 
32 6 7 4 2 1 3 9 
33 6 7 4 2 1 9 3 
34 6 7 4 2 1 9 3 
35 
