2 1 
3 2 
4 1 
5 4 
6 3 5 
7 3 
8 6 
9 7 
10 8 
11 9 
12 8 
13 10 
14 11 
15 3 11 
16 3 11 
18 1 
19 12 
20 3 13 
21 3 
22 14 
23 15 
24 8 
25 16 
26 8 
27 17 
28 18 
29 3 18 
30 3 18 
33 1 
34 20 19 
35 3 19 
37 1 
38 22 21 
39 3 21 
41 1 
42 24 23 
43 3 23 
44 3 
45 25 
46 26 
47 8 
48 27 
49 8 
50 28 
51 29 
52 3 29 
55 30 
56 3 30 
57 3 
58 1 
59 32 31 
61 33 
62 3 33 
63 3 
64 1 
65 35 34 
66 1 
67 36 
68 3 37 
69 3 
70 38 
71 39 
72 8 
73 40 
74 8 
75 41 
76 42 
77 3 42 
78 3 42 
80 1 
81 43 
82 1 
83 44 
84 45 
85 3 46 
86 1 
87 47 
88 1 
89 48 
90 49 
91 3 50 
92 1 
93 51 
94 3 52 
95 1 
96 53 
97 3 54 
98 1 
99 55 
100 3 56 
101 1 
102 57 
103 3 58 
104 1 
105 59 
106 3 60 
107 1 
108 61 
109 1 
110 62 
111 63 
112 3 64 
113 3 
