1 1 
2 2 1 
3 2 1 3 
4 2 4 1 3 
5 2 4 5 1 3 
6 2 6 4 5 1 3 
7 7 2 6 4 5 1 3 
8 8 7 2 6 4 5 1 3 
9 8 7 2 6 4 5 1 9 3 
10 8 7 2 6 4 5 1 10 9 3 
11 8 7 2 6 4 5 1 11 10 9 
12 8 7 2 6 4 12 5 1 11 9 
13 8 7 2 9 13 6 4 12 5 1 
14 8 7 2 9 13 6 1 14 4 12 5 
15 8 7 2 9 4 13 6 1 15 
16 8 7 2 16 9 4 13 6 1 
17 8 7 2 1 16 9 17 4 13 6 
18 8 7 2 1 16 9 18 
19 8 7 2 1 16 19 9 
20 8 7 2 1 16 19 20 9 
21 8 7 2 1 16 19 21 20 9 
22 8 7 2 1 16 19 21 20 9 22 
23 8 7 2 1 16 19 21 20 9 
24 8 7 2 20 1 16 
25 8 7 2 21 20 1 
26 8 7 2 21 20 1 
27 8 7 2 21 20 1 19 16 9 23 
28 8 7 2 21 20 1 19 16 
29 8 7 2 20 1 19 
30 8 7 2 21 20 1 
31 8 7 2 21 20 1 24 
32 8 7 2 21 20 25 1 
33 8 7 2 21 20 1 25 26 
34 8 7 2 21 20 1 27 25 
35 8 7 2 21 20 1 28 27 25 
36 8 7 25 2 21 20 1 29 28 27 
37 8 7 27 25 2 21 20 1 29 30 28 
38 8 7 27 25 2 21 20 28 1 
39 8 7 27 25 2 1 21 20 28 31 
40 8 7 27 25 2 1 21 20 32 
41 8 7 27 25 2 1 21 32 20 33 
42 8 7 27 25 2 1 21 32 20 34 
43 8 7 27 25 2 20 1 21 32 
44 8 7 27 25 2 20 1 21 35 
45 8 7 27 25 2 20 1 21 36 
46 8 7 27 25 2 21 20 1 
47 8 7 27 25 1 37 2 21 20 
48 8 7 20 27 25 1 37 38 2 21 
49 8 7 20 21 27 25 1 37 38 39 2 
50 8 7 20 21 27 25 1 
51 8 7 20 21 27 25 40 1 
52 8 7 1 20 21 27 25 41 40 
53 8 7 40 1 20 21 27 25 41 
54 8 7 40 41 1 20 21 27 25 
55 8 7 40 41 1 20 21 42 27 25 
56 8 7 40 41 1 20 21 43 42 27 
57 8 7 40 41 1 20 21 43 44 42 
58 8 42 7 40 41 1 
59 
60 
