1 1 
2 2 1 
3 2 3 1 
4 2 3 4 1 
5 2 3 5 4 1 
6 2 3 5 4 1 6 
7 2 3 5 4 1 7 
8 2 8 3 5 4 1 
9 2 8 1 3 5 4 9 
10 2 8 1 3 5 4 10 
11 11 2 8 1 3 5 4 
12 11 2 8 1 3 5 4 12 
13 11 2 8 1 3 5 4 
14 13 11 2 8 1 3 
15 13 14 11 2 8 1 
16 13 14 11 2 8 15 
17 13 14 11 2 8 
18 13 14 16 11 8 
19 13 14 16 17 
20 18 13 14 
21 14 18 19 
22 14 20 
23 5 
24 5 
25 14 13 21 11 8 
26 14 13 21 22 
27 23 14 13 
28 13 23 24 
29 13 25 
30 5 
31 5 
32 5 11 2 8 1 3 26 
33 5 11 2 8 1 3 
34 13 11 2 8 1 3 
35 14 13 11 2 8 1 
36 14 13 11 2 8 27 
37 14 13 11 2 8 
38 14 13 28 11 8 
39 14 13 28 29 
40 30 14 13 
41 13 30 31 
42 13 32 
43 5 
44 5 
45 14 13 33 11 8 
46 14 13 33 34 
47 35 14 13 
48 14 35 36 
49 14 37 
50 5 
51 
