1 1 
2 2 1 
3 3 2 1 
4 4 3 2 1 
5 4 3 2 5 1 
6 4 3 1 2 5 6 
7 4 3 7 2 1 
8 4 3 7 2 1 8 
9 4 9 3 7 
10 4 9 3 7 10 
11 4 9 11 3 7 
12 4 9 12 11 3 7 
13 4 9 12 13 11 7 3 
14 4 9 12 13 11 7 14 3 
15 4 9 12 13 11 15 7 14 3 
16 4 9 12 13 11 15 7 3 14 16 
17 4 9 12 13 11 15 7 3 14 
18 4 14 9 12 13 11 15 7 3 
19 4 14 9 12 13 11 15 7 3 
20 4 12 13 11 15 7 3 9 14 17 
21 4 12 13 11 15 7 3 9 14 
22 4 9 12 13 11 15 7 3 18 
23 4 9 12 13 11 15 7 3 19 
24 4 14 9 12 13 11 15 7 3 
25 4 14 9 12 13 11 15 7 3 
26 4 14 9 12 13 11 15 7 3 20 
27 4 14 9 12 13 11 15 7 3 
28 4 9 12 13 11 15 7 3 21 
29 4 14 9 12 13 11 15 7 3 
30 4 14 9 12 13 11 15 7 3 22 
31 4 14 9 12 13 11 15 7 3 
32 4 14 23 9 
33 4 14 23 24 
34 4 14 23 25 
35 15 4 14 
36 15 4 14 
37 4 14 9 12 13 11 15 7 3 26 
38 4 14 9 12 13 11 15 7 3 
39 4 14 27 9 
40 4 14 27 28 
41 4 14 27 29 
42 4 14 27 30 
43 15 4 14 
44 15 4 14 
45 4 14 11 15 7 3 31 
46 4 14 11 15 7 3 
47 15 4 14 
48 15 4 14 
49 4 14 15 7 3 32 
50 4 14 15 7 3 
51 15 4 14 
52 15 4 14 
53 15 4 14 7 33 
54 15 4 14 7 
55 4 14 34 7 
56 4 14 34 35 
57 15 4 14 
58 4 15 
59 4 
60 
