4 1 
5 2 1 
6 3 
7 4 5 
9 6 
10 6 
12 4 
14 9 4 
15 2 9 1 
16 2 9 1 
17 10 
18 12 
19 11 
20 13 
21 8 
22 14 7 10 
23 8 
24 15 7 11 
25 7 
26 9 
28 3 
29 7 16 
31 17 
32 17 
33 3 
34 3 
35 9 
36 19 
37 9 18 
40 23 7 
41 8 
42 24 23 
43 8 
44 26 23 
45 22 27 
47 28 9 
49 18 
50 29 30 
51 21 28 
52 31 29 
53 8 
54 33 23 
55 28 29 
56 35 
57 34 36 
58 32 37 
59 31 29 38 
60 29 
62 21 28 
63 18 
64 39 40 
65 8 
66 42 23 
67 8 
68 44 23 
69 28 
70 45 46 
71 43 47 
72 41 48 
73 39 40 49 
74 28 
76 23 
78 21 
80 28 9 
81 21 28 
82 51 
84 29 18 
85 21 28 
86 28 
87 50 53 
88 29 
89 54 55 
90 52 29 56 
91 29 
93 28 
95 9 
96 28 
97 21 28 
98 18 
99 57 58 
100 28 
101 18 
102 29 60 
103 21 28 
104 61 29 
105 20 29 
106 62 63 
107 59 64 
108 29 
110 21 28 
111 65 28 
112 59 66 
113 20 28 67 
114 28 
116 7 
117 22 68 
121 23 7 
124 28 9 
125 20 28 
126 8 
127 74 23 
128 28 
129 75 76 
130 73 77 
131 72 78 
132 28 
134 72 69 
135 79 
136 71 80 
137 8 
138 81 23 
139 82 69 
140 83 
141 70 84 
142 23 
144 71 70 
145 20 9 85 
146 20 
