1 1 
2 2 1 
3 2 3 1 
4 2 3 4 1 
5 2 3 4 5 1 
6 2 3 6 4 5 1 
7 2 3 6 4 7 5 1 
8 2 3 6 4 7 5 1 8 
9 2 3 6 4 7 5 1 9 8 
10 2 3 6 4 7 5 1 9 10 8 
11 8 2 9 3 10 6 4 7 5 1 11 
12 8 2 9 3 10 6 4 7 5 1 11 
13 
14 8 2 9 3 10 6 4 7 5 12 1 
15 8 2 9 3 10 6 4 7 5 12 13 1 
16 8 2 9 3 10 6 4 7 5 14 12 13 1 
17 8 2 9 3 10 6 1 4 7 5 14 12 13 15 
18 8 2 9 3 10 6 1 4 7 5 14 12 15 13 16 
19 8 2 9 3 10 6 1 4 7 5 14 12 15 13 
20 8 2 9 3 10 6 1 4 7 5 12 14 15 17 
21 8 2 9 3 10 6 1 4 7 5 12 14 15 
22 
23 8 2 9 3 10 6 1 13 4 7 5 12 14 
24 8 2 9 3 10 6 1 12 13 4 7 5 14 18 
25 8 2 9 3 10 6 1 12 13 4 7 5 14 
26 8 2 9 3 10 6 1 12 13 4 7 5 
27 8 2 9 3 10 6 1 12 13 4 7 5 
28 8 2 9 3 10 6 1 4 7 5 15 12 14 13 19 
29 8 2 9 3 10 6 1 4 7 5 15 12 14 13 
30 8 2 9 3 10 6 1 13 4 7 5 15 12 14 20 
31 8 2 9 3 10 6 1 13 4 7 5 15 12 14 
32 8 2 9 3 10 6 1 12 13 4 7 5 
33 8 2 9 3 10 6 1 12 13 4 7 5 
34 8 2 9 3 10 6 1 12 13 4 7 5 14 21 
35 8 2 9 3 10 6 1 12 13 4 7 5 14 
36 8 2 9 3 10 6 1 12 13 4 7 5 
37 8 2 9 3 10 6 1 12 13 4 7 5 
38 8 2 9 3 10 6 1 4 7 5 12 15 14 22 
39 8 2 9 3 10 6 1 4 7 5 12 15 14 
40 
41 8 2 9 3 10 6 1 13 4 7 5 12 15 
42 8 2 9 3 10 6 1 12 13 4 7 5 15 23 
43 8 2 9 3 10 6 1 12 13 4 7 5 15 
44 8 2 9 3 10 6 1 12 13 4 7 5 
45 8 2 9 3 10 6 5 1 12 13 4 24 7 
46 8 2 9 3 10 6 5 1 25 12 4 24 7 
47 8 2 9 3 10 4 6 5 1 25 26 
48 8 2 27 9 3 10 4 6 5 1 26 25 
49 8 25 26 2 27 9 3 10 4 6 5 1 28 
50 8 25 26 2 27 29 9 3 10 4 6 5 1 
51 8 25 26 2 27 29 9 1 3 10 30 4 6 5 
52 8 5 25 26 2 27 29 9 1 3 10 30 4 31 6 
53 8 5 25 26 2 10 27 29 9 1 32 3 
54 8 5 25 26 2 10 27 29 3 9 1 32 33 
55 8 5 25 26 2 10 27 29 3 9 1 32 34 
56 8 5 25 26 2 10 27 29 35 3 9 1 
57 8 5 25 26 2 10 27 29 36 35 3 9 1 
58 8 5 25 26 2 10 27 29 37 36 35 3 9 1 
59 8 5 25 26 2 10 27 29 37 36 35 38 3 9 1 
60 8 5 25 26 2 10 1 27 29 37 9 36 35 38 3 39 
61 8 5 25 26 2 10 1 27 29 37 9 36 35 38 3 39 40 
62 8 5 25 26 2 10 1 27 29 37 9 36 35 38 3 39 
63 8 5 25 26 2 10 1 27 29 37 9 36 35 38 3 
64 8 5 25 26 2 10 1 27 29 37 9 36 35 3 38 41 
65 8 5 25 26 2 10 1 27 29 42 37 9 36 35 3 38 
66 8 5 25 26 2 10 1 27 29 42 37 9 36 35 43 3 
67 8 5 25 26 2 10 1 3 27 29 42 37 9 36 35 43 44 
68 8 5 25 26 2 10 1 3 27 29 42 37 9 36 35 45 
69 8 5 25 26 2 10 1 3 27 29 42 37 9 36 35 46 
70 8 5 25 26 2 10 1 3 27 29 42 35 37 9 36 
71 8 5 25 26 2 10 1 3 27 29 42 35 37 9 36 
72 8 5 25 26 2 10 1 3 27 29 42 35 9 47 36 
73 8 5 25 26 2 10 1 3 27 29 42 35 9 36 47 48 
74 8 5 25 26 2 10 1 3 27 29 42 35 9 36 47 49 
75 8 5 25 26 2 10 1 3 27 29 42 35 37 9 36 
76 8 5 25 26 2 10 1 3 27 29 50 42 35 37 9 36 
77 8 5 25 26 2 10 1 3 27 29 50 42 36 35 37 51 9 
78 8 5 25 26 2 10 1 3 27 29 50 42 9 36 35 37 52 
79 8 5 25 26 2 10 1 3 27 29 50 42 9 36 35 53 37 
80 8 5 25 26 2 10 1 3 27 29 50 42 37 9 36 35 54 
81 8 5 25 26 2 10 1 3 27 55 29 50 42 37 9 36 
82 8 5 25 26 2 10 1 3 27 55 29 50 42 37 56 9 
83 8 5 25 26 2 9 10 1 3 27 55 29 50 42 37 57 
84 8 5 25 26 2 9 10 1 3 27 55 29 50 42 58 37 
85 8 5 25 26 2 9 10 1 3 27 55 29 50 42 59 
86 8 5 25 26 2 9 10 1 3 27 55 29 50 42 60 
87 8 5 25 26 2 9 10 1 3 27 55 29 61 50 
88 8 5 25 26 50 2 9 10 1 3 
89 8 3 5 25 26 50 2 9 10 1 62 
90 8 3 5 25 26 50 2 9 10 1 
91 3 5 25 26 50 9 2 63 1 10 8 
92 8 3 5 25 26 50 9 10 2 63 64 1 
93 8 3 5 25 26 50 2 9 10 1 
94 8 3 5 25 26 9 10 50 65 2 1 
95 8 3 5 25 26 9 10 1 50 65 2 66 
96 8 3 5 25 26 9 10 1 50 65 2 66 
97 8 3 5 25 26 9 10 1 50 65 2 66 67 
98 8 3 5 25 26 9 10 1 50 65 2 66 
99 8 3 5 25 26 9 10 1 2 68 50 66 
100 8 3 5 25 26 9 10 1 50 65 2 
101 8 3 5 25 26 9 10 1 50 2 
102 8 50 3 2 5 25 26 9 10 1 
103 8 50 3 2 5 25 26 9 10 1 69 
104 8 50 3 2 5 25 26 9 10 1 
105 8 50 3 2 5 25 26 9 10 1 70 
106 8 50 3 2 5 25 26 9 10 1 71 
107 8 50 3 2 5 25 26 9 10 1 
108 8 50 3 2 5 25 26 72 9 10 1 
109 8 50 3 2 5 25 26 9 10 1 73 72 
110 8 50 3 2 5 25 26 9 10 1 72 73 
111 8 50 3 2 5 25 26 9 10 1 73 72 
112 8 3 5 25 26 9 10 1 50 73 2 
113 8 3 5 25 26 9 10 1 50 2 
114 8 50 3 2 5 25 26 9 10 1 
115 8 9 10 50 1 3 2 5 25 26 74 
116 8 9 10 50 1 3 2 5 74 25 26 
117 8 9 10 50 1 3 2 5 74 25 26 75 
118 8 9 10 50 1 3 2 5 74 25 26 
119 3 2 8 9 10 5 74 50 1 76 
120 3 2 8 9 10 5 74 50 1 
121 3 2 8 9 10 5 74 50 77 1 
122 3 2 8 9 10 5 74 50 77 1 
123 3 2 8 9 10 5 74 50 77 1 
124 8 9 10 50 1 3 
125 8 9 10 50 1 78 
126 78 8 9 10 50 1 
127 
128 
