1 1 
2 2 1 
3 3 2 1 
4 3 2 1 
5 2 1 4 3 
6 3 2 1 4 5 
7 3 2 1 4 
8 6 
9 6 
10 
11 7 3 2 1 4 
12 8 7 3 2 1 4 
13 8 7 3 2 1 9 4 
14 8 7 3 4 2 9 1 
15 8 7 3 4 10 2 9 1 
16 8 7 3 2 1 4 9 11 10 
17 8 7 3 2 1 4 9 10 11 12 
18 8 7 3 2 1 4 9 10 11 
19 8 7 3 2 1 4 9 11 10 13 
20 8 7 3 2 1 4 9 11 10 
21 3 2 1 4 9 11 8 14 7 10 
22 3 2 1 4 9 7 11 8 
23 8 3 2 1 4 9 15 7 11 
24 8 3 2 1 4 9 7 
25 8 7 3 2 1 4 9 
26 8 7 3 2 1 9 4 
27 8 7 3 2 1 9 4 
28 8 3 7 16 
29 8 7 3 
30 17 
31 17 
32 
33 8 7 9 3 
34 8 7 18 9 
35 8 7 9 18 19 
36 20 8 7 9 18 
37 20 8 18 9 21 7 
38 20 8 22 18 9 21 7 
39 20 8 22 18 9 21 23 7 
40 20 8 22 7 18 9 21 23 
41 20 18 21 7 9 22 8 24 23 
42 20 18 21 7 9 22 23 8 
43 20 8 18 21 7 9 22 26 23 
44 20 8 18 21 7 23 9 22 27 
45 20 8 22 18 21 7 23 9 
46 20 8 22 18 21 7 23 28 9 
47 20 8 22 18 9 21 7 23 28 
48 20 22 7 9 23 8 21 28 29 18 
49 20 22 7 9 23 8 18 21 28 29 30 
50 20 22 7 9 23 8 18 21 28 29 
51 20 22 7 9 21 18 28 23 8 31 29 
52 20 22 7 9 21 18 31 32 28 29 23 8 
53 20 22 7 9 8 21 18 31 32 28 29 33 23 
54 20 22 7 9 23 8 21 18 31 32 34 28 29 
55 20 22 7 9 23 8 21 28 18 31 29 32 34 35 
56 20 22 7 9 23 8 21 28 18 31 29 32 34 36 
57 20 22 7 9 23 8 21 28 18 31 29 32 37 
58 20 22 7 9 23 8 21 28 18 31 29 38 
59 20 22 7 9 23 8 21 28 18 29 
60 20 22 7 9 23 8 21 28 29 18 
61 20 22 7 9 23 8 21 28 29 18 
62 20 22 21 7 9 28 23 8 39 18 
63 20 22 18 21 7 9 28 23 8 39 40 
64 20 22 18 21 7 9 39 40 41 28 23 8 
65 20 22 18 21 7 9 39 40 41 28 8 42 23 
66 20 22 18 21 7 9 39 40 41 43 28 23 8 
67 20 8 22 18 21 7 9 39 40 41 43 28 44 23 
68 20 8 22 18 21 7 23 9 39 40 41 43 45 28 
69 20 8 22 18 21 7 23 9 28 39 40 41 43 45 46 
70 20 8 22 18 21 7 23 9 28 39 40 41 43 47 
71 20 8 22 18 21 7 23 9 28 39 40 41 48 
72 20 8 22 18 21 7 23 9 28 39 40 49 
73 20 8 22 18 21 7 23 9 28 
74 20 8 22 18 21 7 23 28 9 
75 20 8 22 18 21 7 23 28 9 
76 20 8 22 18 9 21 23 7 
77 20 8 22 18 9 21 23 7 
78 20 8 22 7 18 21 50 9 
79 20 8 22 7 18 21 50 28 9 
80 20 8 22 7 18 21 9 50 28 
81 20 8 22 7 21 9 28 50 18 51 
82 20 8 22 7 21 9 28 50 18 
83 20 8 22 7 21 9 28 50 29 18 
84 20 8 22 7 18 21 50 9 28 29 
85 20 8 22 7 21 9 18 52 29 50 28 
86 20 8 22 7 21 9 28 18 52 29 50 53 
87 20 8 22 7 21 9 28 50 18 52 54 29 
88 20 8 22 7 21 9 28 50 18 52 29 54 55 
89 20 8 22 7 21 9 28 50 18 52 29 56 
90 20 8 22 7 21 9 28 50 18 29 
91 20 8 22 7 21 9 28 50 29 18 
92 20 8 22 7 21 9 28 50 29 18 
93 20 8 22 7 18 21 50 28 9 
94 20 8 22 7 18 21 50 28 9 
95 20 9 8 22 7 18 21 28 
96 20 9 8 22 7 18 21 28 
97 9 8 22 7 20 21 28 57 18 
98 9 8 22 7 20 21 18 28 57 58 
99 9 8 22 7 20 59 21 18 28 
100 9 8 22 7 20 59 21 28 29 18 
101 9 8 22 7 20 59 21 28 18 29 60 
102 9 8 22 7 18 20 59 21 28 29 
103 9 8 22 7 21 28 18 59 20 61 29 
104 9 8 22 7 21 28 18 59 62 20 29 
105 9 8 22 7 20 21 28 18 29 59 62 63 
106 9 8 22 7 20 21 28 18 29 59 64 
107 9 8 22 7 20 59 21 28 18 29 
108 9 8 22 7 20 59 21 28 29 18 
109 9 8 22 7 20 59 21 28 29 18 
110 9 8 22 7 18 21 20 59 65 28 
111 9 8 22 7 18 21 20 28 59 66 
112 9 8 22 7 18 21 20 28 67 
113 20 9 8 22 7 18 21 28 
114 20 9 8 22 7 18 21 28 
115 20 9 8 22 7 18 21 28 
116 20 9 8 7 22 68 
117 20 9 8 69 7 
118 20 9 70 8 69 7 
119 20 9 71 70 8 69 7 
120 20 9 71 70 8 69 23 7 
121 20 9 71 70 7 23 8 69 
122 20 7 70 23 8 71 72 69 9 
123 20 7 70 23 8 71 72 69 28 9 
124 20 9 7 70 23 8 71 72 69 28 
125 20 7 70 71 69 9 72 73 28 23 8 
126 20 7 70 8 71 69 9 72 73 28 74 23 
127 20 7 70 23 8 71 69 9 72 73 75 28 
128 20 7 70 23 8 71 69 9 28 72 73 75 76 
129 20 7 70 23 8 71 69 9 28 72 73 77 
130 20 7 70 23 8 71 69 9 28 72 78 
131 20 7 70 23 8 71 72 69 9 28 
132 20 7 70 23 8 71 72 69 28 9 
133 20 7 70 23 8 71 72 69 28 9 
134 20 9 7 70 69 23 8 71 79 
135 20 9 7 70 69 23 8 71 80 
136 20 9 71 7 70 69 23 8 
137 20 9 71 8 7 70 69 81 23 
138 20 9 71 8 7 23 70 82 69 
139 20 9 71 8 69 7 23 70 83 
140 20 9 71 8 69 7 23 70 84 
141 20 9 71 70 8 69 7 23 
142 20 9 71 70 8 69 23 7 
143 20 9 71 70 8 69 23 7 
144 20 9 85 
145 20 
146 
