1 1 
2 2 1 
3 3 2 1 
4 4 3 2 1 
5 4 3 2 1 5 
6 5 4 3 2 1 
7 5 4 3 1 6 2 
8 5 4 2 3 1 
9 5 4 1 2 3 7 
10 5 4 1 2 3 
11 5 4 1 
12 5 4 1 8 
13 5 4 9 8 1 
14 5 4 9 8 10 1 
15 5 4 11 9 8 1 10 
16 5 4 11 9 10 8 1 
17 5 4 1 11 9 10 8 12 
18 5 4 1 11 9 10 12 8 
19 5 4 1 11 9 10 12 
20 5 4 1 11 9 10 13 12 
21 5 12 4 1 11 9 10 13 
22 5 4 10 13 1 11 12 9 14 
23 5 4 9 10 13 1 11 15 12 
24 5 4 9 10 12 13 1 11 15 16 
25 5 4 9 10 12 13 1 11 17 
26 5 4 11 9 10 12 13 18 1 
27 5 4 1 11 9 10 12 13 18 19 
28 5 4 1 11 9 10 12 13 18 20 
29 5 4 1 11 9 10 12 13 18 
30 4 1 11 9 10 12 13 5 18 21 
31 4 1 11 9 10 12 13 5 22 18 21 
32 4 1 11 9 10 12 13 5 22 18 23 21 
33 4 1 11 9 10 12 13 5 22 18 23 24 21 
34 4 1 11 9 10 12 13 21 5 
35 5 4 1 11 9 10 12 13 
36 5 4 1 11 9 10 13 12 
37 5 4 1 11 9 10 13 12 
38 5 12 4 1 11 9 13 10 
39 5 10 12 4 1 11 9 13 
40 10 12 13 5 4 1 11 25 9 
41 10 12 9 13 5 4 1 11 26 
42 10 12 11 9 13 5 4 18 1 
43 10 12 11 9 13 5 4 1 18 27 
44 10 12 11 9 13 5 4 1 18 27 
45 10 12 11 9 13 5 28 18 4 1 
46 10 12 11 9 13 5 28 18 4 1 
47 10 12 11 9 13 5 4 1 18 29 
48 10 12 11 9 13 5 28 18 4 1 
49 10 12 11 9 13 5 28 18 4 30 1 
50 10 1 12 11 9 13 5 28 18 4 30 31 
51 10 1 12 11 9 13 5 28 18 4 30 
52 10 1 12 11 9 13 5 28 32 18 4 
53 10 1 12 11 9 13 5 28 32 33 18 4 
54 10 1 12 11 9 13 5 28 32 33 18 4 34 
55 4 1 10 12 11 9 13 5 28 32 33 18 
56 4 1 10 12 11 9 13 5 28 32 33 30 18 
57 4 1 10 12 11 9 13 5 28 32 33 30 18 
58 4 1 10 12 11 9 13 5 28 32 33 30 18 
59 4 1 10 12 11 9 13 5 28 32 33 30 18 
60 10 1 12 11 9 13 5 28 30 18 4 35 
61 4 1 10 12 11 9 13 5 28 30 18 
62 4 1 10 12 11 9 13 5 28 32 30 18 
63 4 1 10 12 11 9 13 5 28 32 33 30 18 
64 4 1 10 12 11 9 13 5 28 32 33 30 18 
65 4 1 10 12 11 9 13 5 28 32 30 18 
66 4 1 10 12 11 9 13 5 28 32 33 30 18 
67 4 1 10 12 11 9 13 5 28 32 33 30 36 18 
68 4 1 10 18 12 11 9 13 5 37 28 32 33 30 36 
69 4 1 10 18 12 11 9 13 36 5 
70 5 4 1 10 18 12 11 9 13 
71 5 4 1 10 13 18 12 11 9 38 
72 5 4 1 10 13 18 12 11 39 9 
73 5 4 1 9 10 13 18 12 11 40 
74 5 4 1 11 9 10 13 41 18 12 
75 5 4 1 11 9 10 13 41 18 42 12 
76 5 12 4 1 11 9 10 13 42 41 18 
77 5 4 11 9 10 13 41 1 18 12 43 42 
78 5 4 11 9 10 13 41 42 1 18 12 43 44 
79 5 4 11 9 10 13 41 42 1 18 45 12 
80 5 4 11 9 10 13 41 12 42 1 18 45 46 
81 5 4 11 9 10 13 41 12 42 1 18 47 
82 5 4 11 9 10 13 41 18 12 42 18 1 
83 5 4 1 11 9 10 13 41 18 12 42 18 48 
84 5 4 1 11 9 10 13 41 18 12 42 18 49 
85 5 4 1 11 9 10 13 41 18 12 42 18 
86 4 1 11 9 10 13 41 18 12 42 5 18 50 
87 4 1 11 9 10 13 41 18 12 42 5 51 18 50 
88 4 1 11 9 10 13 41 18 12 42 5 51 18 52 50 
89 4 1 11 9 10 13 41 18 12 42 5 51 18 52 53 50 
90 4 1 11 9 10 13 41 18 12 42 50 5 
91 5 4 1 11 9 10 13 41 18 12 42 
92 5 4 1 11 9 10 13 41 18 42 12 
93 5 4 1 11 9 10 13 41 18 42 12 
94 5 12 4 1 11 9 13 10 
95 5 12 4 1 11 9 13 10 
96 
