1 1 
2 2 1 
3 2 1 
4 3 2 1 
5 3 4 2 1 
6 3 4 5 1 2 
7 3 4 5 1 
8 3 4 5 1 6 
9 3 4 5 1 
10 3 4 7 1 5 
11 3 4 7 1 8 5 
12 3 4 5 7 8 1 
13 3 4 7 1 5 8 9 
14 3 4 7 1 5 8 10 9 
15 3 4 7 1 5 8 9 10 
16 3 4 1 5 9 11 8 10 7 
17 3 4 1 5 9 12 11 8 10 7 
18 3 4 7 1 5 8 9 10 13 12 11 
19 3 4 7 1 5 8 9 10 13 12 11 14 
20 3 4 7 1 5 8 9 10 13 12 11 
21 3 7 1 5 8 9 10 13 12 4 11 
22 3 4 7 1 5 8 9 10 13 12 
23 3 4 7 1 5 8 9 10 13 12 15 
24 3 4 7 1 5 8 9 10 13 12 
25 3 7 1 5 8 9 10 13 4 12 
26 3 4 7 1 5 8 9 10 13 
27 3 4 7 1 5 8 9 10 13 16 
28 3 4 7 1 5 8 9 10 13 
29 3 7 1 5 8 9 10 4 13 
30 3 4 7 1 5 8 9 10 
31 3 4 7 1 5 8 10 9 
32 3 4 7 1 5 8 10 9 
33 3 4 7 1 8 5 
34 3 4 7 1 8 5 
35 3 4 
36 3 4 1 17 5 
37 3 4 5 17 1 
38 3 4 5 17 1 8 
39 3 4 5 17 1 9 8 
40 3 4 1 5 17 8 9 
41 3 4 5 17 1 8 9 12 
42 3 4 5 17 1 8 9 12 18 
43 3 4 5 17 1 8 9 12 
44 3 5 17 1 8 9 4 12 
45 3 4 5 17 1 8 9 
46 3 4 5 17 1 9 8 
47 3 4 5 17 1 9 8 
48 3 4 1 17 5 
49 3 4 1 17 5 
50 3 4 19 
51 3 4 
52 
53 3 4 20 
54 20 
55 
