1 1 
2 2 1 
3 1 2 
4 
5 1 2 3 
6 1 2 
7 
8 2 4 1 
9 2 1 5 4 
10 2 4 1 5 6 
11 2 4 1 
12 
13 2 1 7 4 
14 2 4 1 7 8 
15 2 4 1 
16 
17 2 1 9 4 
18 2 4 1 9 10 
19 2 4 1 
20 
21 2 4 1 11 
22 2 4 1 
23 2 1 12 4 
24 2 4 1 12 13 
25 2 4 1 14 
26 2 4 1 
27 
28 2 1 15 4 
29 2 4 1 15 16 
30 2 4 1 
31 
32 2 1 17 4 
33 2 4 1 17 18 
34 2 4 1 19 
35 2 4 1 
36 
37 2 1 20 4 
38 2 4 1 21 20 
39 2 4 1 22 
40 2 4 1 
41 
42 2 1 23 4 
43 2 4 1 23 24 
44 2 4 1 25 
45 2 4 1 
46 
47 2 1 26 4 
48 2 4 1 26 27 
49 2 4 1 28 
50 2 4 1 
51 
52 2 1 29 4 
53 2 4 1 29 30 
54 2 4 1 31 
55 2 4 1 
56 
57 2 1 32 4 
58 2 4 1 32 33 
59 2 4 1 
60 
61 2 1 34 4 
62 2 4 1 34 35 
63 2 4 1 36 
64 2 4 1 
65 
66 2 1 37 4 
67 2 4 1 37 38 
68 2 4 1 
69 
70 2 1 39 4 
71 2 1 39 40 
72 2 1 
73 
74 41 
75 
