1 1 
2 2 1 
3 2 1 3 
4 2 1 3 4 
5 5 2 1 3 4 
6 5 4 2 1 3 6 
7 5 4 2 1 3 
8 5 4 2 1 3 7 
9 5 4 2 1 3 8 
10 5 4 2 1 3 
11 4 2 1 3 9 
12 4 2 1 3 9 
13 5 4 2 1 3 
14 5 4 3 2 1 10 
15 5 4 3 2 11 1 
16 5 4 3 2 11 1 
17 5 2 4 3 11 1 
18 5 2 4 3 11 1 
19 5 2 4 3 1 
20 5 2 4 3 12 
21 5 2 4 3 13 
22 5 2 4 3 13 14 
23 5 2 4 3 13 
24 13 5 2 4 3 15 
25 13 5 2 4 3 16 
26 13 5 2 4 16 3 17 
27 13 5 2 4 16 18 3 17 
28 13 5 2 4 16 18 17 19 3 
29 13 5 2 4 16 18 3 17 19 20 
30 13 5 2 4 16 21 18 3 17 
31 13 5 2 4 16 21 18 17 22 3 
32 3 13 5 2 4 16 21 18 17 22 23 
33 3 13 5 2 4 16 21 24 18 17 
34 3 13 5 2 4 16 21 24 25 18 17 
35 3 13 5 2 4 16 21 24 25 26 18 
36 3 13 5 2 18 4 16 
37 2 4 3 13 27 5 
38 5 2 4 3 13 27 
39 5 2 4 3 13 27 28 
40 5 2 4 3 13 27 
41 2 4 3 13 5 29 
42 2 4 3 13 30 5 
43 5 2 4 3 13 
44 5 2 4 3 13 
45 31 5 
46 31 5 
47 5 32 
48 5 32 
49 31 5 32 
50 31 
51 
