10 4 8 9 7 
11 1 
12 10 
13 1 
14 3 7 11 
15 12 
16 5 13 
17 12 
18 6 14 
19 1 
20 15 
21 1 
22 3 7 16 
23 12 
24 5 17 
25 12 
26 6 18 
29 4 20 
32 20 21 22 19 
33 1 
34 23 
35 1 
36 3 19 24 
37 12 
38 5 25 
39 12 
40 6 26 
41 1 
42 27 
43 5 
44 4 28 
45 29 
48 5 
49 33 30 
50 34 30 32 
53 32 35 36 31 
54 1 
55 3 31 37 
56 12 
57 5 38 
58 12 
59 6 39 
60 6 
61 6 
62 40 41 
63 6 42 
64 6 
65 6 43 
66 1 
67 44 
69 5 
70 4 46 
71 5 
72 47 48 
75 49 50 51 45 
76 1 
77 3 45 52 
78 12 
79 5 53 
80 12 
81 6 54 
82 6 
83 6 
84 55 56 
85 6 
86 6 
87 6 
88 59 60 
89 58 61 
90 57 62 
92 4 30 63 
93 2 3 63 1 
94 64 
