3 1 
4 2 3 
5 4 
6 1 
7 5 6 
8 4 
9 1 
10 8 
11 7 9 
12 4 
13 1 
14 11 
15 10 12 
16 4 
17 1 
18 14 
19 13 15 
20 4 
21 1 
22 17 
23 16 18 
24 4 
25 1 
26 20 
27 19 21 
28 4 
29 1 
30 23 
34 22 24 
35 4 
36 1 
37 26 
38 25 27 
39 4 
40 1 
41 29 
45 28 30 
46 4 
47 1 
48 32 
49 31 33 
50 4 
51 1 
52 35 
53 34 36 
54 4 
55 1 
56 38 
60 37 39 
61 4 
62 1 
63 41 
64 40 42 
65 4 
66 1 
67 44 
68 43 45 
69 4 
70 1 
71 47 
75 46 48 
76 4 
77 1 
78 50 
79 49 51 
80 4 
81 1 
82 53 
83 52 54 
84 4 
85 1 
86 56 
87 55 57 
88 4 
