1 1 
2 2 
3 3 
4 4 
5 5 
6 6 
7 7 
8 8 
10 9 
12 10 
13 11 
14 12 
16 13 
18 14 
20 15 
21 16 
22 17 
23 18 
25 19 
26 11 
27 20 
29 21 
31 22 
32 23 
33 24 
34 25 
35 17 
36 26 
38 27 
40 28 
41 11 
42 29 
44 30 
46 31 
47 32 
48 33 
49 34 
51 35 
53 36 
54 11 
55 37 
57 38 
59 39 
60 40 
61 41 
63 42 
65 43 
66 44 
67 45 
68 46 
69 33 
70 47 
72 48 
74 49 
75 11 
76 50 
78 51 
80 52 
81 53 
82 54 
83 55 
84 56 
85 57 
86 58 
87 59 
88 60 
89 61 
90 62 
91 63 
92 64 
93 65 
94 66 
95 67 
96 68 
97 69 
98 70 
100 71 
101 72 
102 73 
105 74 
107 75 
108 76 
109 77 
110 78 
111 79 
114 80 
116 81 
117 82 
118 83 
119 84 
120 85 
123 86 
125 87 
126 88 
127 89 
128 90 
129 91 
130 92 
131 93 
134 94 
136 95 
137 96 
138 97 
139 98 
140 99 
141 100 
142 101 
143 102 
144 103 
145 104 
146 105 
147 106 
150 107 
