12 9 10 1 
13 12 
15 9 10 1 
16 13 
17 9 10 1 
18 14 
20 9 10 8 
21 15 
23 9 3 
24 16 
26 3 
27 5 
28 1 
29 19 
30 8 
31 1 
32 5 
33 10 20 16 17 21 4 22 6 
35 1 
36 5 
37 10 24 4 25 6 
38 15 
39 5 
40 26 4 27 7 
41 11 
42 9 10 1 
43 29 
44 10 
45 10 
46 9 30 8 
47 31 
48 31 
49 1 
50 33 
51 10 
52 8 
53 1 
54 5 
55 34 35 16 17 36 4 37 6 
57 10 
58 1 
59 5 
60 39 40 4 41 6 
61 5 
62 32 4 42 7 
65 18 45 
67 43 38 28 23 46 
68 46 
71 18 47 
73 38 43 23 28 48 
74 48 
75 9 10 1 
76 49 2 
77 9 10 1 
78 50 2 
79 44 2 
80 11 
81 9 10 1 
83 18 52 
84 51 28 23 
87 18 53 
88 51 23 28 
89 9 10 1 
90 54 
91 9 10 1 
92 55 
93 1 
94 56 
95 9 10 1 
96 57 2 
98 9 10 1 
99 58 2 
100 51 2 
101 1 
102 59 
103 1 
104 60 
105 9 10 1 
106 61 2 
108 9 10 1 
109 62 2 
110 9 10 1 
111 63 2 
112 51 2 
113 9 10 1 
114 64 
116 18 65 
117 23 
118 26 
119 67 
123 2 18 8 9 10 28 66 68 1 
126 18 69 
127 23 
128 26 
129 71 
133 2 18 8 9 10 70 28 72 1 
134 8 5 
135 3 
136 9 8 
137 10 8 
138 74 75 76 26 73 23 28 18 1 
139 3 
140 77 
141 77 8 9 10 51 1 
