12 2 11 
14 8 12 
15 12 11 
17 13 
18 13 11 
19 7 
21 8 14 
22 14 11 
23 2 
25 10 
27 17 
28 17 
29 4 
30 18 
31 15 
32 20 
33 21 
34 20 
35 22 
36 23 2 
37 23 3 
38 25 
39 5 
41 23 26 11 
44 23 27 11 
45 10 
47 28 
48 16 
50 29 
51 29 
53 30 
54 23 30 
55 31 
56 32 
57 33 24 16 
59 24 
60 25 
61 34 35 
62 36 
63 37 
64 38 
65 4 
66 39 40 
67 41 
70 38 
71 43 19 
72 42 
73 5 
74 24 
75 25 
76 45 46 
77 47 
78 5 
79 24 
80 25 
81 48 49 
82 50 
84 44 
85 52 51 
86 23 51 11 
89 44 
90 54 53 
91 23 53 11 
92 10 
94 55 
95 16 
97 56 
98 56 
99 16 
101 58 
102 23 58 
103 59 
104 38 
105 61 
109 62 60 
111 38 
112 65 64 
113 66 63 
114 67 
115 68 
116 69 24 57 
118 10 
119 16 11 
122 1 71 11 6 70 
123 9 
126 73 
127 73 
128 5 
132 75 74 
133 76 
134 4 77 
135 78 
136 5 
140 80 79 
141 81 
142 4 82 
143 83 
144 84 
146 86 
147 85 86 72 
148 72 70 
150 70 87 
151 70 
