1 1 
2 2 1 
3 2 3 1 
4 2 3 4 1 
5 2 3 4 5 1 
6 2 3 4 5 1 6 
7 2 3 4 5 7 1 6 
8 2 3 4 5 7 1 6 
9 2 3 4 5 7 1 6 8 
10 2 3 4 5 7 8 1 6 
11 2 3 4 5 7 8 1 9 6 
12 2 3 4 5 7 8 1 9 10 
13 2 3 4 5 7 8 1 11 
14 2 3 4 5 7 8 1 
15 2 3 4 5 7 1 12 8 
16 2 3 4 5 7 8 1 
17 2 3 4 5 7 8 1 
18 2 3 4 5 7 1 13 8 
19 2 3 4 5 7 8 1 
20 2 3 4 5 7 8 1 
21 14 
22 14 
23 
24 2 3 4 5 7 8 1 15 
25 2 3 4 5 16 7 1 8 
26 2 3 4 5 16 7 1 17 
27 2 3 4 5 16 7 1 17 18 
28 2 3 4 5 16 7 1 17 
29 17 2 3 4 5 16 7 1 19 
30 17 2 3 4 5 16 7 20 1 
31 1 17 2 21 3 4 5 16 7 20 
32 2 3 4 5 16 7 1 17 
33 2 3 4 5 16 7 1 17 
34 
