13 5 12 4 6 3 9 11 1 
14 10 11 8 
15 14 
17 14 
19 1 
20 1 
21 18 
22 19 
23 15 18 
24 20 
26 18 
27 15 17 
28 21 
29 17 
31 17 
32 22 
33 15 18 
34 23 
35 18 
37 15 17 
38 24 
39 17 
41 15 17 
42 25 
44 1 
45 15 18 
46 26 
47 18 
48 5 
49 16 4 27 7 
50 15 4 27 7 
51 29 28 
52 3 
53 29 28 
54 32 
56 30 13 33 31 34 
57 10 11 1 
58 1 
59 36 
60 35 
61 37 
62 35 
63 38 34 36 
64 35 2 
65 34 2 
66 1 
67 39 
68 3 
69 40 
70 41 
71 10 11 1 
72 10 11 1 
73 42 
74 43 
75 42 2 
76 43 2 
77 34 2 
78 10 11 8 
79 44 
80 44 
81 14 
82 46 45 
83 47 4 27 7 
84 14 
85 49 45 
86 50 4 27 7 
87 1 
88 52 
89 1 
90 53 2 
92 10 11 1 
93 54 2 
94 1 
95 55 
96 1 
97 56 2 
99 10 11 1 
100 57 2 
102 31 
103 13 59 
104 31 
105 13 61 
106 51 60 48 62 58 
107 58 2 
109 31 
110 13 64 
111 31 
112 13 66 
113 48 65 48 67 63 
114 63 2 
116 31 
117 13 69 
118 31 
119 13 71 
120 51 70 51 72 68 
121 68 2 
122 10 11 1 
123 73 
124 10 11 1 
125 74 
126 15 
127 75 
131 2 8 10 11 5 73 34 76 1 
132 3 
133 77 
134 77 8 10 11 34 1 
