1 1 
2 2 1 
3 1 2 
4 2 1 
5 1 3 2 
6 2 1 3 4 
7 2 1 
8 5 
9 5 
10 
11 6 2 1 
12 7 6 2 1 
13 7 8 6 2 1 
14 7 8 6 9 2 1 
15 7 8 6 9 2 10 1 
16 7 8 6 9 2 1 10 11 
17 7 8 10 6 9 2 1 
18 9 8 2 7 1 10 6 12 
19 9 8 2 7 1 10 6 13 
20 6 9 8 2 7 1 10 
21 6 9 8 1 2 10 7 14 
22 6 9 8 1 2 10 7 15 
23 6 9 8 1 2 10 7 16 
24 7 6 9 8 1 2 10 
25 7 6 9 2 8 1 10 17 
26 7 6 9 2 8 18 1 10 
27 7 6 1 9 2 10 8 18 19 
28 7 6 1 9 2 10 8 18 20 
29 7 6 1 9 2 10 8 21 
30 7 8 6 1 9 2 10 
31 7 8 6 2 1 10 9 22 
32 7 8 6 2 1 10 9 23 
33 7 8 6 9 2 1 10 
34 7 8 6 9 2 10 1 
35 7 8 6 9 2 10 1 
36 7 6 8 24 10 
37 7 10 6 8 24 25 
38 7 10 6 8 26 
39 27 7 10 6 
40 27 7 28 10 
41 27 7 28 29 
42 27 7 30 
43 27 31 
44 32 
45 
