1 1 
2 2 1 
3 3 2 1 
4 3 4 2 1 
5 3 4 2 5 1 
6 3 4 6 2 5 1 
7 3 4 6 2 1 5 7 
8 3 4 6 2 1 8 5 
9 3 4 6 2 5 1 8 9 
10 3 4 6 2 5 1 8 10 
11 3 4 6 2 5 1 8 11 
12 3 4 6 2 5 1 8 11 
13 3 4 6 2 5 1 8 
14 3 4 2 1 12 6 
15 3 4 6 2 5 1 
16 2 13 3 4 1 5 6 
17 2 6 13 3 4 1 14 
18 2 6 14 13 15 3 4 1 
19 2 3 4 1 6 14 13 16 
20 2 3 4 1 6 17 14 
21 2 3 4 1 6 17 18 
22 2 3 4 1 19 6 
23 6 2 3 4 1 20 
24 6 2 3 4 1 21 
25 6 2 21 22 3 4 1 
26 6 23 2 21 1 
27 21 1 6 13 23 
28 21 1 6 24 
29 21 1 6 
30 1 25 
31 21 1 
32 
33 
