1 1 
2 1 2 
3 1 3 2 
4 1 4 3 2 
5 1 4 3 2 5 
6 1 6 4 3 2 5 
7 1 6 4 7 3 2 5 
8 1 6 4 8 7 3 2 5 
9 1 6 4 8 7 5 3 2 
10 1 6 4 8 7 5 3 2 9 
11 1 6 4 8 7 5 3 9 
12 1 6 4 9 8 7 5 3 
13 1 6 4 9 8 7 5 3 10 
14 1 6 4 9 10 8 7 5 
15 1 6 4 9 10 8 7 5 11 
16 1 6 4 9 10 8 7 11 5 
17 1 6 4 9 10 8 7 11 5 12 
18 1 6 5 4 9 10 8 7 11 
19 1 6 5 4 9 10 8 7 11 13 
20 1 6 5 4 9 10 8 7 11 14 13 
21 1 6 5 4 9 10 8 7 11 14 15 13 
22 1 6 5 4 9 10 8 7 11 14 15 16 13 
23 1 6 5 4 9 10 8 7 13 11 
24 1 6 5 4 9 10 8 7 13 11 
25 1 6 5 4 9 10 11 8 7 
26 1 6 5 4 9 10 11 8 7 
27 1 6 4 9 10 11 8 7 5 17 
28 1 6 5 4 9 10 11 8 7 
29 1 6 5 4 9 10 8 7 11 18 
30 1 6 5 4 9 10 8 7 11 19 18 
31 1 6 5 4 9 10 8 7 11 19 20 18 
32 1 6 5 4 9 10 8 7 11 19 20 21 18 
33 1 6 5 4 9 10 8 7 18 11 
34 1 6 5 4 9 10 8 7 18 11 
35 1 6 5 4 9 10 11 8 7 
36 1 6 5 4 9 10 11 8 
37 1 6 5 4 9 10 8 11 22 
38 1 6 5 4 9 10 8 22 11 
39 1 6 5 4 9 10 11 8 
40 1 6 5 4 9 10 11 
41 1 6 5 4 9 10 11 23 
42 1 6 5 4 9 10 23 11 
43 1 6 5 4 9 10 11 
44 1 6 5 4 9 10 11 24 
45 1 6 5 24 
46 1 6 5 24 
47 1 6 5 24 25 
48 1 6 5 24 25 
49 1 6 5 24 26 25 
50 1 6 5 25 24 
51 1 6 5 25 27 24 
52 1 6 5 24 
53 1 24 6 
54 1 24 6 28 
55 1 29 24 6 28 
56 28 
57 28 30 
58 28 
59 
