1 1 
2 2 1 
3 2 1 3 
4 2 4 1 3 
5 2 4 5 1 3 
6 2 6 4 5 1 3 
7 7 2 6 4 5 1 3 
8 8 7 2 6 4 5 1 3 
9 8 7 2 6 4 5 1 9 3 
10 8 7 2 6 4 5 1 3 10 9 
11 8 7 2 6 4 11 5 1 9 3 
12 8 7 2 6 4 11 5 1 12 9 
13 8 7 2 9 13 6 4 11 5 1 
14 8 7 2 9 13 6 1 14 4 11 5 
15 8 7 2 9 4 13 6 1 15 
16 8 7 16 2 9 4 13 6 1 
17 8 7 16 2 1 9 17 4 13 6 
18 8 7 16 2 1 9 18 
19 8 7 16 19 2 1 9 
20 8 7 16 19 2 1 9 20 
21 8 7 16 19 2 1 
22 8 7 2 1 21 19 
23 8 7 16 2 1 21 
24 8 7 16 19 2 1 
25 8 7 16 19 1 22 2 
26 8 7 2 16 19 1 
27 8 7 23 2 16 19 1 
28 8 7 23 2 16 19 24 1 
29 8 7 23 2 16 19 24 25 1 
30 8 7 1 23 2 16 19 24 25 26 
31 8 27 7 16 19 2 1 
32 8 27 7 16 19 2 1 28 
33 8 27 7 16 19 2 1 
34 8 7 16 19 1 27 29 2 
35 8 7 16 19 1 27 2 
36 8 27 7 16 19 2 1 
37 8 27 7 16 19 1 30 2 
38 8 27 7 2 16 19 1 
39 8 27 7 31 2 16 19 1 
40 8 27 7 31 2 16 19 32 1 
41 8 27 7 31 2 16 19 32 33 1 
42 8 27 7 1 31 2 16 19 32 33 34 
43 8 27 7 2 1 
44 8 27 7 1 2 35 
45 8 27 7 1 2 
46 8 7 27 1 36 2 
47 8 7 27 2 1 
48 8 7 1 27 37 2 
49 8 7 1 27 2 
50 8 27 7 1 
51 8 27 7 38 1 
52 8 27 7 1 39 38 
53 8 27 7 38 1 39 
54 8 27 7 38 39 1 
55 
56 
