1 
2 2 
3 2 3 
4 2 3 4 
5 2 3 5 4 
6 2 3 4 5 
7 2 5 3 4 
8 2 5 3 6 4 
9 4 2 5 3 6 7 
10 4 2 5 3 8 
11 4 2 5 3 
12 4 9 2 3 5 
13 4 9 2 3 5 
14 4 3 5 10 2 
15 4 2 3 5 10 11 
16 4 2 3 5 10 12 
17 4 9 2 3 5 
18 4 9 2 3 5 
19 4 3 5 13 2 
20 4 2 3 5 13 14 
21 4 9 2 3 5 
22 4 9 2 3 5 
23 15 4 
24 15 4 16 
25 15 4 16 
26 15 4 17 
27 15 18 
28 19 15 
29 15 
30 
31 4 9 2 3 20 5 
32 4 9 2 3 20 21 
33 4 9 2 3 22 
34 4 9 2 3 
35 9 23 2 
36 9 23 2 
37 9 24 2 
38 9 2 24 25 
39 9 2 24 26 
40 9 23 2 
41 9 23 2 
42 9 27 2 
43 9 2 27 28 
44 9 23 2 
45 9 23 2 
46 29 4 
47 29 4 30 
48 29 4 30 
49 29 4 31 
50 29 32 
51 33 29 
52 29 
53 
54 9 23 34 2 
55 9 23 35 34 2 
56 9 23 35 36 34 
57 34 
58 
