1 1 
2 2 1 
3 2 3 1 
4 2 3 1 4 
5 2 3 1 4 5 
6 2 6 3 1 4 5 
7 2 6 3 1 4 7 5 
8 2 6 3 1 4 7 5 8 
9 2 6 3 1 4 7 5 9 8 
10 2 6 3 1 4 7 5 9 10 8 
11 2 6 3 1 4 7 9 10 8 5 11 
12 2 6 3 1 4 7 9 10 8 11 5 
13 2 6 3 1 4 7 9 10 8 11 5 
14 12 2 6 3 1 4 7 9 10 8 5 11 
15 12 2 6 3 1 4 7 9 10 8 5 13 11 
16 12 11 2 6 3 1 4 7 9 10 13 8 5 
17 12 11 2 6 3 1 5 4 14 7 9 10 13 8 
18 12 11 2 6 3 1 5 9 10 13 8 4 14 7 15 
19 12 11 2 6 3 1 5 9 10 13 8 4 14 7 15 
20 
21 12 11 2 6 3 1 5 9 10 13 8 16 4 14 7 
22 12 11 2 6 3 1 5 17 4 14 7 9 10 13 8 
23 12 11 2 13 8 6 3 9 10 1 5 17 4 14 7 18 
24 12 11 2 13 8 6 3 9 10 1 5 17 4 14 7 18 
25 
26 12 18 11 2 13 8 6 3 9 10 1 5 17 19 4 14 7 
27 12 7 18 11 2 13 8 4 6 3 9 10 1 5 20 17 
28 12 7 18 11 2 13 8 20 17 4 6 3 9 10 1 5 21 
29 12 7 18 11 2 13 8 20 17 4 6 3 9 10 1 5 
30 12 7 18 11 2 13 8 4 6 3 9 10 1 5 22 17 
31 12 7 18 11 2 13 8 20 4 6 3 9 10 1 5 22 
32 12 7 18 11 2 13 8 20 17 4 6 3 9 10 1 5 
33 12 7 18 11 2 13 8 20 17 5 23 4 6 3 9 10 1 
34 12 6 4 7 18 11 2 1 9 10 13 8 22 5 3 20 17 
35 12 6 4 7 20 18 11 2 1 9 10 13 8 17 22 5 3 24 
36 12 6 4 7 20 18 11 2 1 9 10 13 8 17 22 25 5 3 
37 12 6 4 7 3 20 18 11 2 1 9 10 13 8 17 22 25 26 5 
38 12 6 4 7 3 20 18 11 2 1 9 10 13 8 17 22 25 26 27 5 
39 12 6 4 7 3 20 18 11 2 1 9 10 13 8 17 22 25 26 27 28 5 
40 12 6 4 7 5 3 20 18 11 2 1 9 10 13 8 17 22 25 26 27 28 29 
41 12 6 4 7 5 3 20 18 11 2 1 9 10 13 8 17 22 25 26 27 28 29 30 
42 12 6 4 7 5 3 20 18 11 2 1 9 10 13 8 17 22 25 26 27 28 
43 12 6 4 7 5 3 20 18 11 2 1 9 10 13 8 17 22 25 26 31 
44 12 6 4 7 5 3 20 18 11 2 17 25 22 26 1 9 10 13 8 31 
45 12 6 4 7 5 3 20 18 11 2 27 17 25 22 26 1 9 10 13 8 
46 12 6 4 7 5 3 20 18 11 2 27 28 17 25 22 26 1 9 10 13 8 
47 12 6 4 7 5 3 20 18 11 2 27 28 17 25 22 26 1 9 10 13 8 
48 12 6 4 7 5 3 20 18 11 2 27 28 17 25 22 26 1 9 10 13 8 32 
49 12 6 4 7 5 3 20 18 11 2 27 28 17 25 22 26 1 9 10 13 8 32 33 
50 12 6 4 7 5 3 20 18 11 2 27 28 17 25 22 26 1 9 10 13 8 
51 12 6 4 7 5 3 20 18 11 2 1 9 10 13 8 22 17 26 25 34 
52 12 6 4 7 5 3 20 18 11 2 17 25 22 26 1 9 10 13 8 34 
53 12 6 4 7 5 3 20 18 11 2 27 17 25 22 26 1 9 10 13 8 
54 12 6 4 7 5 3 20 18 11 2 27 28 17 25 22 26 1 9 10 13 8 
55 12 6 4 7 5 3 20 18 11 35 2 27 28 17 25 22 26 1 9 10 13 8 
56 12 6 4 7 5 3 20 18 11 36 35 2 27 28 17 25 22 26 1 9 10 13 8 
57 12 6 4 7 8 5 3 20 18 13 11 36 35 2 9 10 27 28 17 25 22 26 37 1 
58 12 6 4 7 8 5 3 20 18 13 11 36 35 2 9 10 27 28 17 25 22 38 26 37 1 
59 12 6 4 7 8 5 3 20 18 13 11 36 35 2 9 10 27 28 1 17 39 25 22 38 26 37 
60 12 6 4 7 8 5 3 20 18 13 11 36 35 2 9 10 27 28 1 17 39 25 22 38 26 37 
61 6 4 7 8 5 3 20 18 13 11 2 9 10 27 28 1 17 39 25 40 22 38 26 36 35 12 
62 6 4 7 8 5 3 20 18 13 11 2 9 10 27 28 1 17 39 25 40 22 38 26 36 35 12 41 
63 12 6 4 7 8 5 3 20 18 13 11 2 9 10 27 28 1 17 39 25 40 22 38 26 36 35 
64 12 6 4 7 8 5 3 20 18 13 11 2 9 10 27 28 1 17 42 39 25 40 22 38 26 
65 12 6 4 7 8 5 3 20 18 13 11 2 9 10 27 28 1 17 42 26 39 38 25 40 22 43 
66 12 6 4 7 8 5 3 20 18 13 11 2 9 10 27 28 1 22 17 44 42 26 39 38 25 40 
67 12 6 4 7 8 5 3 20 18 13 11 2 9 10 27 28 1 22 25 40 17 44 45 42 26 39 38 
68 12 6 4 7 8 5 3 20 18 13 11 2 9 10 27 28 1 39 22 38 25 40 17 44 45 42 26 46 
69 12 6 4 7 8 5 3 20 18 13 11 2 9 10 27 28 1 39 22 38 26 25 40 17 44 45 47 42 
70 12 6 4 7 8 5 3 20 18 13 11 2 9 10 27 28 1 39 22 38 26 17 25 40 42 
71 12 6 4 7 8 5 3 20 18 13 11 35 2 9 10 27 28 1 39 22 38 26 17 25 40 
72 12 6 4 7 8 5 3 20 18 13 11 35 2 9 10 27 28 1 48 39 22 38 26 17 25 40 
73 12 6 4 7 8 5 3 20 18 13 11 35 2 9 10 27 28 1 48 39 25 40 22 38 26 17 49 
74 12 6 4 7 8 5 3 20 18 13 11 35 2 9 10 27 28 1 50 48 39 25 40 22 38 26 
75 12 6 4 7 8 5 3 20 18 13 11 35 2 9 10 27 28 1 50 48 26 39 38 25 40 22 51 
76 12 6 4 7 8 5 3 20 18 13 11 35 2 9 10 27 28 1 50 52 48 26 39 38 25 40 
77 12 6 4 7 8 5 3 20 18 13 11 35 2 9 10 27 28 1 50 52 48 26 39 38 25 53 
78 12 6 4 7 8 5 3 20 18 13 11 35 2 9 10 27 28 1 50 52 54 48 26 39 38 
79 12 6 4 7 8 5 3 20 18 13 11 35 2 9 10 27 28 1 50 52 54 48 26 55 
80 12 6 4 7 8 5 3 20 18 13 11 35 2 9 10 27 28 1 50 52 54 56 48 
81 12 6 4 7 8 5 3 20 18 13 11 35 2 9 10 27 28 1 48 
82 12 6 4 7 8 5 3 20 18 13 11 36 35 2 9 10 27 28 1 
83 12 6 4 7 8 5 3 20 18 13 11 36 35 2 9 10 27 28 1 
84 6 4 7 8 5 3 20 18 13 11 36 35 2 9 10 27 28 1 39 17 25 40 22 38 26 12 57 
85 12 6 4 7 8 5 3 20 18 13 11 36 35 2 9 10 27 28 1 39 17 25 40 22 38 26 
86 12 6 4 7 8 5 3 20 18 13 11 2 9 10 27 28 1 58 39 17 25 40 22 38 26 
87 12 6 4 7 8 5 3 20 18 13 11 2 9 10 27 28 1 58 26 39 38 17 25 40 22 59 
88 12 6 4 7 8 5 3 20 18 13 11 2 9 10 27 28 1 22 60 58 26 39 38 17 25 40 
89 12 6 4 7 8 5 3 20 18 13 11 2 9 10 27 28 1 22 60 58 40 26 39 38 17 25 61 
90 12 6 4 7 8 5 3 20 18 13 11 2 9 10 27 28 1 22 60 58 25 40 26 39 38 17 62 
91 12 6 4 7 8 5 3 20 18 13 11 2 9 10 27 28 1 17 22 60 63 58 25 40 26 39 38 
92 12 6 4 7 8 5 3 20 18 13 11 2 9 10 27 28 1 17 39 22 38 60 63 58 25 40 26 64 
93 12 6 4 7 8 5 3 20 18 13 11 2 9 10 27 28 1 17 39 22 38 26 60 63 65 58 25 40 
94 12 6 4 7 8 5 3 20 18 13 11 2 9 10 27 28 1 17 25 40 39 22 38 26 60 63 65 66 58 
95 12 6 4 7 8 5 3 20 18 13 11 2 9 10 27 28 1 17 25 40 39 22 38 26 58 
96 12 6 4 7 8 5 3 20 18 13 11 35 2 9 10 27 28 1 17 25 40 39 22 38 26 
97 12 6 4 7 8 5 3 20 18 13 11 35 2 9 10 27 28 1 17 67 25 40 39 22 38 26 
98 12 6 4 7 8 5 3 20 18 13 11 35 2 9 10 27 28 1 17 67 25 40 26 39 38 22 68 
99 12 6 4 7 8 5 3 20 18 13 11 35 2 9 10 27 28 1 69 17 67 25 40 26 39 38 
100 12 6 4 7 8 5 3 20 18 13 11 35 2 9 10 27 28 1 69 17 67 25 40 26 70 
101 12 6 4 7 8 5 3 20 18 13 11 35 2 9 10 27 28 1 69 17 71 67 25 40 
102 12 6 4 7 8 5 3 20 18 13 11 35 2 9 10 27 28 1 69 17 71 67 25 72 
103 12 6 4 7 8 5 3 20 18 13 11 35 2 9 10 27 28 1 69 17 71 73 67 
104 12 6 4 7 8 5 3 20 18 13 11 35 2 9 10 27 28 1 67 
105 12 6 4 7 8 5 3 20 18 13 11 36 35 2 9 10 27 28 1 
106 12 6 4 7 8 5 3 20 18 13 11 36 35 2 9 10 27 28 1 74 
107 12 6 4 7 8 5 3 20 18 13 11 36 35 2 9 10 27 28 1 
108 12 6 4 7 8 5 3 20 18 13 11 36 35 2 1 9 10 27 28 75 
109 12 6 4 7 8 5 3 20 18 13 11 36 35 2 9 10 27 28 1 
110 12 6 4 7 8 5 3 20 18 13 11 36 35 2 1 9 10 27 28 76 
111 12 2 6 4 7 9 10 8 5 27 3 20 18 13 11 1 36 35 
112 12 2 6 4 7 9 10 8 5 27 3 20 18 13 11 1 36 35 
113 12 6 4 7 9 10 8 5 27 3 20 18 13 11 1 36 35 77 2 
114 12 6 4 7 9 10 8 5 27 3 20 18 13 11 1 36 35 2 
115 12 2 6 4 7 9 10 8 5 27 3 20 18 13 11 1 36 
116 12 2 6 4 7 9 10 8 5 27 3 20 18 13 11 1 36 
117 12 6 4 7 9 10 8 5 27 3 20 18 13 11 1 36 78 2 
118 12 6 4 7 9 10 8 5 27 3 20 18 13 11 1 36 2 
119 12 2 6 4 7 9 10 8 5 27 3 20 18 13 11 1 
120 12 2 6 1 4 7 9 10 8 5 27 3 20 18 13 11 79 
121 12 2 6 1 4 7 9 10 8 5 27 3 20 18 13 11 
122 12 2 6 1 4 7 9 10 8 5 27 3 20 18 13 11 80 
123 12 2 6 1 4 7 9 10 8 5 27 3 20 18 13 11 81 
124 12 2 6 1 4 7 9 10 8 5 27 3 20 18 13 11 
125 12 6 4 7 8 5 3 20 18 13 11 27 9 10 1 82 2 
126 12 6 4 7 8 5 3 20 18 13 11 27 2 9 10 1 
127 12 6 1 4 7 9 10 8 5 3 20 18 13 11 27 83 2 
128 12 6 1 4 7 9 10 8 5 3 20 18 13 11 27 2 
129 12 2 6 1 4 7 9 10 8 5 27 3 20 18 13 11 
130 12 2 6 1 4 7 9 10 8 5 11 27 3 20 18 13 84 
131 12 2 6 1 4 7 9 10 8 5 11 13 27 3 20 18 
132 2 7 11 13 27 85 20 12 18 3 4 6 5 1 9 10 8 
133 2 7 11 13 27 85 20 12 18 10 3 86 4 6 5 1 9 8 
134 2 7 11 13 27 85 20 12 18 10 9 3 86 87 8 4 6 5 1 
135 2 7 11 13 27 85 20 12 1 18 10 9 3 86 87 8 88 4 6 5 
136 2 7 5 11 13 27 85 20 12 1 18 10 9 3 86 87 8 88 4 89 6 
137 2 6 4 7 5 11 13 27 85 90 20 12 1 18 10 9 8 3 
138 2 6 4 7 5 11 13 27 3 91 85 90 20 12 1 18 10 9 8 
139 2 6 4 7 9 5 11 13 27 3 91 92 85 90 20 12 1 18 10 8 
140 2 6 4 7 9 10 8 5 11 13 27 3 91 92 93 85 90 20 12 1 18 
141 2 6 4 7 9 10 8 5 11 13 27 3 91 92 93 94 85 90 20 12 1 
142 12 2 6 1 4 7 9 10 8 5 11 13 27 3 
143 12 2 6 3 1 4 7 9 10 8 5 11 13 27 95 
144 12 2 6 3 1 4 7 9 10 8 5 11 13 27 
145 12 2 6 3 1 4 7 9 10 8 5 11 13 27 96 
146 12 2 6 3 1 4 7 9 10 8 5 11 13 96 27 
147 12 2 6 3 1 4 7 9 10 8 5 11 13 
148 12 2 6 3 1 4 7 9 10 8 5 13 11 
149 12 2 6 3 1 4 7 9 10 8 5 13 11 
150 
