1 1 
129 75 
2 2 
3 3 
4 4 
132 76 
5 5 
6 6 
7 7 
8 8 
9 9 
10 10 
11 11 
12 12 
13 13 
15 14 
17 15 
19 16 
20 17 
21 18 
23 19 
24 20 
25 21 
26 22 
27 23 
28 24 
29 25 
30 26 
31 27 
32 28 
33 29 
35 30 
37 31 
38 32 
39 33 
40 34 
42 35 
43 36 
44 37 
45 38 
47 39 
49 40 
51 31 
52 41 
53 42 
54 43 
56 35 
57 44 
58 45 
59 46 
61 39 
62 47 
64 48 
67 49 
69 50 
71 51 
74 52 
79 53 
81 19 
82 20 
83 21 
84 22 
85 23 
86 24 
87 54 
88 26 
89 55 
90 28 
91 56 
93 57 
95 31 
96 58 
97 59 
98 60 
100 35 
101 61 
102 62 
103 63 
105 39 
107 64 
109 31 
110 65 
111 66 
112 67 
114 35 
115 68 
116 69 
117 70 
119 39 
120 71 
122 72 
125 73 
127 74 
