12 9 
13 10 
15 8 
16 12 
20 13 
21 8 13 1 
22 15 
24 13 
25 8 1 
26 16 
29 17 
31 18 
33 19 
35 20 
37 21 
39 22 
41 8 
55 14 
59 8 
60 40 39 
61 39 
63 24 
64 42 8 
65 43 41 
66 41 
68 44 
69 44 
71 45 
72 45 
75 39 19 
76 44 20 
78 8 
97 63 
98 23 8 
99 23 8 
100 23 
101 64 8 
102 23 
103 65 8 
105 55 66 
106 66 
108 56 67 
109 67 
111 57 68 
112 68 
114 58 69 
115 69 
116 14 
117 32 
118 34 
119 33 
120 35 
122 31 8 
123 31 8 
124 31 
125 70 8 
126 31 
127 71 8 
129 59 72 
130 72 
132 60 73 
133 73 
135 61 74 
136 74 
138 62 75 
139 75 
140 57 59 
141 76 
142 23 
145 61 55 
146 77 
147 31 
150 59 55 
151 78 
152 55 61 
153 79 
154 62 60 
155 61 59 
156 80 81 
157 66 
159 82 55 
160 82 59 
161 60 85 
162 84 86 
163 87 83 
164 83 
165 66 19 
166 83 20 
167 55 59 
168 88 
169 59 57 
170 89 
171 58 56 
172 57 55 
173 90 91 
174 32 
176 82 59 
177 82 55 
178 56 94 
179 93 95 
180 96 92 
181 92 
182 32 17 
183 92 18 
184 27 
185 27 
186 34 
187 34 
190 46 
191 50 
192 46 
193 49 
194 47 
195 23 8 
196 23 8 
198 55 97 
199 97 
201 56 98 
202 98 
203 48 
204 97 17 
205 98 18 
206 29 56 
207 30 56 
208 23 
209 99 8 
210 23 
211 100 8 
213 57 101 
214 101 
216 58 102 
217 102 
218 14 
219 50 
220 53 
221 51 
222 31 8 
223 31 8 
225 59 103 
226 103 
228 60 104 
229 104 
230 52 
231 103 19 
232 104 20 
233 36 60 
234 37 60 
235 31 
236 105 8 
237 31 
238 106 8 
240 61 107 
241 107 
243 62 108 
244 108 
252 57 61 
253 112 
254 58 62 
255 113 
256 55 59 
257 114 
258 56 60 
259 115 
263 57 116 
264 116 
266 58 117 
267 117 
272 62 60 
273 57 55 
274 118 119 
275 61 59 
276 58 56 
277 121 122 
278 120 123 
279 56 60 
280 55 59 
281 61 59 
282 127 125 
283 62 60 
284 129 126 
285 128 130 
286 57 55 
287 132 125 
288 58 56 
289 134 126 
290 133 135 
291 131 
292 137 
293 136 
294 138 
295 124 
296 139 
299 54 
300 17 
301 18 
302 19 
303 20 
304 21 
305 22 
307 59 55 
308 140 
309 55 61 
310 141 
314 142 
315 142 
316 25 
318 32 
319 144 21 
320 143 
321 27 
323 34 
324 145 22 
325 131 124 
326 136 124 
327 55 57 
328 148 
329 59 61 
330 149 
331 57 61 
332 150 
336 151 
337 146 
338 153 
339 146 
340 154 
341 147 
342 155 
343 147 
344 156 
345 152 
346 152 
348 57 
349 61 
351 57 55 
352 146 159 
353 55 160 
354 58 56 
355 146 161 
356 56 162 
358 157 163 
359 163 
361 158 164 
362 164 
364 157 57 
365 165 
366 158 58 
367 166 
371 167 
372 157 61 
373 168 
374 158 62 
375 169 
379 170 
380 163 
381 164 
382 163 
383 164 
384 111 
385 17 21 
386 18 22 
387 109 21 
388 110 22 
389 19 
390 20 
391 19 21 
392 20 22 
393 36 29 
394 171 
395 37 30 
396 172 
400 2 3 5 6 7 173 21 22 1 
401 17 
402 18 
403 19 
404 20 
405 21 
406 22 
407 110 
408 124 
409 124 
410 124 
411 124 
412 109 21 
413 110 22 
414 57 61 
415 174 
416 23 
420 61 57 
421 175 
422 31 
426 24 
427 23 176 
431 177 
432 38 
433 31 178 
437 179 
439 46 
440 59 57 
441 180 
442 57 61 
443 181 
444 62 60 
445 61 59 
446 182 183 
447 26 
449 82 57 
450 82 59 
451 60 186 
452 185 187 
453 188 184 
454 184 
455 50 
456 55 61 
457 189 
458 61 57 
459 190 
460 58 56 
461 57 55 
462 191 192 
463 33 
465 82 61 
466 82 55 
467 56 195 
468 194 196 
469 197 193 
470 193 
471 28 
472 29 198 
473 35 
474 36 199 
475 28 
476 30 200 
477 35 
478 37 201 
479 26 17 
480 28 18 
481 33 19 
482 35 20 
483 17 21 
484 18 22 
485 19 
486 20 
487 19 21 
488 20 22 
489 36 29 
490 202 
491 37 30 
492 203 
496 2 3 5 6 7 204 21 22 1 
