14 10 11 1 
15 14 
17 6 
18 10 11 9 
19 10 11 9 
21 9 
22 19 
23 9 
24 10 11 20 
25 18 
26 21 
27 6 
28 6 
29 16 4 22 7 
30 17 4 23 8 
31 1 
32 26 
33 4 22 7 
34 18 4 22 7 
35 28 27 
36 29 
38 4 23 8 
39 18 4 23 8 
40 27 31 
41 30 
43 4 22 7 
44 4 23 8 
45 18 4 22 7 
46 34 32 
47 18 4 23 8 
48 33 35 
49 29 
50 30 
52 15 36 
54 29 
55 24 38 
56 30 
57 25 40 
58 39 41 29 30 37 
59 37 
62 15 43 
64 30 
65 25 45 
66 29 
67 24 47 
68 46 48 30 29 44 
69 44 
72 49 
73 49 
74 10 11 1 
75 50 2 
76 42 2 
77 10 11 1 
78 51 2 
79 10 11 1 
80 52 2 
81 42 2 
82 10 11 1 
83 53 
85 15 54 
86 2 15 9 10 11 24 25 1 
89 15 55 
90 2 15 9 10 11 25 24 1 
91 5 
92 5 
93 56 
94 57 
95 4 42 
96 58 
97 42 
98 42 
99 57 42 9 10 11 59 60 1 
100 9 6 
101 12 16 17 61 24 25 15 1 
