6 1 
7 1 
8 4 6 7 
9 1 
10 1 
11 9 10 
12 1 
13 1 
14 12 13 
15 4 11 14 
16 8 
17 1 
18 17 
19 1 
20 18 
21 19 
22 1 
23 1 
24 20 21 
25 1 
26 1 
27 23 24 
28 4 22 25 
29 1 
30 1 
31 26 27 
32 1 
33 1 
34 29 30 
35 4 28 31 
38 34 
40 35 
41 1 
42 1 
43 36 37 
44 38 
45 1 
46 36 1 
47 1 
48 40 41 
49 8 39 42 34 
50 34 
51 1 
52 36 1 
53 1 
54 45 46 
55 15 44 47 34 
56 34 
57 1 
58 49 2 
59 1 
60 50 2 
61 43 48 35 
62 35 2 
63 1 
64 36 1 
65 1 
66 52 53 
67 32 51 54 34 
68 34 
69 1 
70 56 
71 33 
72 1 
73 57 
74 1 
75 58 2 
76 1 
77 59 2 
78 1 
79 36 60 
80 55 
81 62 
82 55 
83 64 
85 61 2 63 65 66 
87 1 
88 67 
89 1 
90 68 
91 69 
92 1 
93 1 
94 71 
95 72 
96 70 73 
98 1 
99 75 76 
100 75 
101 77 
102 78 74 
103 36 79 
104 1 
105 80 81 
106 82 
108 80 1 
109 1 
110 1 
111 83 85 
112 8 84 86 34 
113 34 
114 1 
115 1 
116 83 88 
117 16 87 89 34 
118 34 
119 1 
120 91 2 
121 1 
122 92 2 
123 43 90 35 
124 35 2 
125 75 
127 1 
128 36 93 
