1 1 
2 2 
3 3 
5 4 
6 5 
9 6 
11 7 
12 8 
13 9 
14 10 
15 11 
16 12 
17 13 
18 14 
19 15 
20 16 
21 17 
23 18 
26 19 
27 20 
28 21 
29 22 
30 23 
31 24 
32 25 
33 26 
34 27 
35 28 
37 29 
38 30 
39 31 
40 32 
41 33 
43 34 
44 35 
45 36 
47 37 
48 38 
49 39 
52 40 
53 41 
54 42 
56 43 
57 44 
58 45 
60 46 
62 47 
63 48 
66 49 
69 50 
70 51 
71 52 
74 53 
75 54 
77 55 
78 56 
80 55 
81 56 
82 57 
83 58 
84 59 
85 60 
86 61 
87 62 
88 63 
91 64 
92 65 
93 66 
94 21 
95 67 
96 68 
97 69 
98 23 
99 70 
100 71 
101 72 
102 73 
103 74 
104 75 
105 76 
106 77 
107 78 
108 79 
109 80 
114 81 
115 82 
116 83 
117 21 
118 84 
119 85 
120 86 
121 87 
122 88 
123 89 
124 90 
125 91 
130 92 
131 93 
132 94 
133 21 
134 95 
135 96 
136 97 
137 98 
138 99 
139 100 
140 101 
141 102 
144 103 
