1 1 
2 1 2 
3 3 1 
4 3 4 1 
5 3 1 4 5 
6 3 1 4 5 6 
7 3 1 7 4 5 
8 3 1 7 5 4 8 
9 3 1 7 9 5 4 
10 3 1 7 9 4 10 5 
11 3 1 7 9 4 5 10 11 
12 3 1 7 9 4 5 10 12 
13 3 1 7 9 4 13 5 
14 3 1 7 9 5 4 13 14 
15 3 1 7 9 5 4 13 15 
16 3 1 7 9 5 4 16 
17 3 1 7 9 17 5 4 
18 3 1 7 9 17 18 5 
19 3 1 7 9 17 5 18 19 
20 3 1 7 9 17 5 18 20 
21 3 1 7 9 17 21 5 
22 3 1 7 9 17 21 22 
23 3 1 7 9 17 21 23 
24 3 1 7 9 17 24 
25 3 1 7 9 17 25 
26 3 1 7 9 17 25 26 
27 26 3 1 
28 26 27 3 
29 26 3 
30 26 3 
31 26 28 3 
32 26 3 
33 
34 
