8 2 7 
10 3 4 8 
11 8 
14 2 9 
17 1 
18 11 12 
19 3 13 
21 1 
22 15 16 
23 4 17 
24 14 18 10 
25 10 
28 2 19 
31 1 
32 21 22 
33 3 23 
35 1 
36 25 26 
37 4 27 
38 24 28 20 
39 20 
42 2 29 
44 1 
45 3 31 
46 32 4 30 
47 30 
50 2 33 
53 1 
54 35 36 
55 3 37 
57 1 
58 39 40 
59 4 41 
60 38 42 34 
61 34 
64 2 43 
67 1 
68 45 46 
69 3 47 
71 1 
72 49 50 
73 4 51 
74 48 52 44 
75 44 
78 2 53 
80 1 
81 4 55 
82 3 56 54 
83 54 
86 2 57 
89 1 
90 59 60 
91 3 61 
93 1 
94 63 64 
95 4 65 
96 62 66 58 
97 58 
100 2 67 
103 1 
104 69 70 
105 3 71 
107 1 
108 73 74 
109 4 75 
110 72 76 68 
111 68 
114 2 77 
116 1 
117 3 79 
118 80 4 78 
119 78 
122 2 81 
125 1 
126 83 84 
127 3 85 
129 1 
130 87 88 
131 4 89 
132 86 90 82 
133 82 
136 2 91 
139 1 
140 93 94 
141 3 95 
143 1 
144 97 98 
145 4 99 
146 96 100 92 
147 92 
150 2 101 
152 1 
153 4 103 
154 3 104 102 
155 102 
158 2 105 
161 107 
162 1 
163 108 109 
164 3 110 
166 112 
167 1 
168 113 114 
169 4 115 
170 111 116 106 
171 106 
174 2 117 
177 119 
178 1 
179 120 121 
180 3 122 
182 124 
183 1 
184 125 126 
185 4 127 
186 123 128 118 
187 118 
190 2 129 
192 1 
193 131 
194 3 132 
195 133 4 130 
196 130 
199 2 134 
202 136 
203 1 
204 137 138 
205 3 139 
207 141 
208 1 
209 142 143 
210 4 144 
211 140 145 135 
212 135 
215 2 146 
218 148 
219 1 
220 149 150 
221 3 151 
223 153 
224 1 
225 154 155 
226 4 156 
227 152 157 147 
228 147 
231 2 158 
233 1 
234 160 
235 4 161 
236 3 162 159 
237 159 
240 2 163 
243 165 
244 1 
245 166 167 
246 3 168 
248 170 
249 1 
250 171 172 
251 4 173 
252 169 174 164 
253 164 
256 2 175 
259 177 
260 1 
261 178 179 
262 3 180 
264 182 
265 1 
266 183 184 
267 4 185 
268 181 186 176 
269 176 
272 2 187 
274 1 
275 189 
276 3 190 
277 191 4 188 
278 188 
281 2 192 
284 194 
285 1 
286 195 196 
287 3 197 
289 199 
290 1 
291 200 201 
292 4 202 
293 198 203 193 
294 193 
297 2 204 
300 206 
301 1 
302 207 208 
303 3 209 
305 211 
306 1 
307 212 213 
308 4 214 
309 210 215 205 
310 205 
313 2 216 
315 1 
316 218 
317 4 219 
318 3 220 217 
319 217 
320 6 
