1 1 
2 2 1 
3 2 3 1 
4 1 2 4 
5 1 2 5 4 
6 1 2 6 4 5 
7 1 7 2 6 4 5 
8 1 7 2 6 4 5 8 
9 1 7 2 6 4 5 
10 1 7 2 6 9 
11 1 7 6 2 
12 1 7 
13 1 7 
14 1 7 6 10 
15 1 7 6 
16 11 
17 11 
18 
19 1 7 6 12 
20 1 7 
21 13 
22 13 
23 
24 1 7 2 4 6 5 14 
25 1 7 2 4 6 5 
26 1 7 2 4 6 15 
27 1 7 2 4 6 
28 2 16 1 
29 1 7 
30 1 7 
31 1 7 2 4 6 17 
32 1 7 6 2 4 
33 2 18 1 4 
34 2 18 19 1 
35 1 7 
36 1 7 
37 1 7 6 20 
38 1 7 
39 21 
40 21 
41 
42 1 7 2 4 6 5 22 
43 1 7 2 4 6 
44 1 7 2 4 6 23 
45 1 7 6 2 4 
46 2 24 1 
47 1 7 
48 1 7 
49 1 7 6 25 
50 1 7 6 
51 26 
52 26 
53 
54 1 7 6 27 
55 1 7 
56 28 
57 28 
58 
59 1 7 29 
60 1 7 
61 1 7 
62 30 
63 30 
64 
65 31 1 7 
66 31 7 32 1 
67 33 31 1 7 
68 33 31 34 1 
69 33 35 31 
70 31 
71 
