2 1 
4 2 
5 2 
6 2 
7 2 
8 2 
9 2 
10 2 
11 2 
12 2 
13 2 
14 2 
15 2 
16 2 
17 2 
18 2 
19 2 
20 2 
21 2 
22 2 
23 2 
24 2 
25 2 
26 2 
27 2 
28 2 
29 2 
30 2 
31 2 
32 2 
33 2 
34 2 
35 2 
36 2 
37 2 
38 2 
39 2 
40 2 
41 2 
42 2 
43 2 
44 2 
45 2 
46 2 1 
48 4 
49 4 
50 4 3 
52 6 
53 6 5 
55 8 
56 8 
57 8 7 
59 10 
60 10 
61 10 9 
63 12 
64 12 
65 12 
66 12 
67 12 
68 12 
69 12 11 
71 14 
72 14 
73 14 13 
75 16 
76 16 15 
78 18 
79 18 
80 18 17 
82 20 
83 20 
84 20 
85 20 
86 20 
87 20 19 
89 22 
90 22 
91 22 
92 22 
93 22 
94 22 
95 22 21 
97 24 
98 24 23 
100 26 
101 26 
102 26 
103 26 
104 26 25 
106 28 
107 28 
108 28 27 
110 30 
111 30 
112 30 29 
114 32 
115 32 
116 32 31 
118 34 
119 34 
120 34 33 
121 35 
