1 1 
2 1 2 
3 1 3 2 
4 4 1 3 2 
5 4 1 2 5 3 
6 3 4 1 2 6 
7 3 4 1 7 2 
8 3 4 1 2 8 7 
9 3 4 1 9 2 
10 3 4 1 2 10 9 
11 3 4 1 2 11 
12 3 4 1 2 
13 3 4 1 2 12 
14 3 4 1 2 
15 1 13 3 
16 3 1 
17 3 4 1 
18 1 3 4 14 
19 1 3 4 15 
20 1 3 4 15 16 
21 1 3 4 15 
22 1 15 3 4 17 
23 1 15 3 4 18 
24 1 15 18 3 4 19 
25 1 15 18 3 4 
26 1 4 15 18 3 
27 1 4 15 3 18 
28 1 4 15 3 18 
29 1 4 15 3 18 
30 1 4 15 18 3 20 
31 1 4 15 18 21 3 
32 1 3 4 15 18 22 
33 1 3 4 15 23 18 
34 1 3 4 15 23 24 
35 1 3 4 15 25 23 
36 1 3 4 15 
37 1 3 4 15 
38 1 26 3 
39 1 27 26 
40 26 1 
41 1 
42 28 
43 
44 
