1 1 
2 2 1 
3 2 1 
4 2 4 1 
5 2 4 5 1 
6 1 2 4 5 6 
7 1 2 4 5 7 
8 1 2 4 8 5 
9 1 2 5 4 
10 1 2 
11 1 2 9 
12 1 2 
13 10 1 
14 10 11 1 
15 1 10 11 12 
16 1 10 11 13 
17 1 10 11 14 
18 1 10 15 
19 1 16 10 
20 10 1 17 16 
21 10 1 16 17 
22 10 17 1 16 18 
23 10 17 1 16 
24 10 1 17 19 
25 10 1 20 
26 10 1 20 
27 10 1 16 17 21 
28 10 1 20 
29 22 10 20 1 
30 22 20 1 
31 22 20 1 23 
32 22 20 1 
33 1 22 20 24 
34 1 22 
35 1 22 
36 1 22 20 25 
37 1 22 
38 
39 
40 1 2 26 
41 1 2 
42 27 1 
43 1 28 27 
44 1 29 28 
45 30 1 
46 30 31 
47 
48 
49 1 2 32 
50 1 2 
51 33 1 
52 1 34 33 
53 1 35 34 
54 36 1 
55 36 37 
56 
57 
58 1 2 38 
59 1 2 
60 39 1 
61 1 40 39 
62 1 41 40 
63 30 1 
64 30 42 
65 
66 
