1 1 
2 1 2 
3 1 3 
4 1 4 
5 1 4 5 
6 1 4 
7 4 1 6 
8 4 1 7 
9 4 1 7 8 
10 4 1 7 9 
11 1 4 9 7 
12 1 4 
13 4 1 9 10 
14 4 1 11 9 
15 4 9 1 11 12 
16 4 9 1 11 
17 4 9 1 11 13 
18 4 9 1 11 13 14 
19 4 9 1 11 13 
20 4 9 1 11 13 15 
21 4 9 1 11 13 16 
22 4 9 1 11 13 16 
23 4 9 1 11 13 
24 4 9 1 11 13 16 17 
25 4 9 1 11 13 17 
26 4 9 1 11 13 17 18 
27 4 9 1 11 13 19 17 
28 4 9 1 11 13 19 20 
29 4 9 1 11 13 21 19 
30 4 9 1 11 13 19 21 22 
31 4 9 1 11 13 19 21 
32 4 9 1 11 13 
33 4 9 1 11 13 
34 4 9 1 13 
35 4 9 1 13 23 
36 1 4 9 13 
37 4 13 9 1 24 
38 4 13 9 16 1 
39 4 9 1 13 
40 4 9 1 13 
41 1 4 
42 
