1 1 
2 2 1 
3 1 2 3 
4 1 2 
5 
6 4 1 
7 5 4 1 
8 5 4 6 1 
9 5 4 1 6 7 
10 5 4 1 6 8 
11 5 4 1 6 
12 5 6 4 9 1 
13 5 1 6 4 9 10 
14 5 1 6 4 9 11 
15 5 4 1 6 9 
16 5 6 1 4 12 9 
17 5 6 1 9 4 13 
18 5 6 1 9 4 
19 5 4 1 6 
20 5 6 1 9 4 
21 5 4 9 1 14 6 
22 5 6 4 15 9 1 
23 5 6 1 4 15 16 9 
24 5 6 1 9 4 17 15 
25 5 6 1 9 4 18 
26 5 6 1 9 4 
27 5 6 4 1 9 
28 5 4 9 1 19 6 
29 5 6 4 20 9 1 
30 5 6 4 1 20 21 9 
31 5 6 4 1 9 22 20 
32 5 6 4 1 9 23 
33 5 6 4 1 9 
34 5 6 4 9 1 
35 5 6 4 1 9 
36 5 6 4 1 9 
37 5 6 4 9 1 
38 5 6 4 9 1 
39 5 4 6 1 
40 5 4 6 1 
41 
