1 1 
2 1 2 
3 3 1 2 
4 2 3 1 4 
5 2 3 1 
6 2 3 
7 2 3 
8 2 5 3 
9 2 3 
10 6 
11 
12 3 2 1 7 
13 3 2 1 
14 8 3 
15 
16 
17 1 3 2 9 
18 1 3 2 
19 
20 
21 3 1 2 10 
22 3 1 2 
23 2 3 1 11 
24 2 3 1 11 12 
25 2 3 1 11 12 13 
26 2 3 1 11 12 
27 11 3 
28 11 3 
29 3 
30 14 3 
31 
32 
33 2 3 1 11 12 15 
34 2 3 1 11 12 
35 11 3 
36 3 
37 16 3 
38 
39 
40 2 3 1 11 12 17 
41 2 3 1 11 12 
42 2 3 
43 18 
44 
45 2 3 1 11 12 19 
46 2 3 1 11 12 20 
47 2 3 1 11 12 
48 11 3 
49 3 
50 21 3 
51 
52 
53 2 3 1 11 12 22 
54 2 3 1 11 12 23 
55 2 3 1 11 12 
56 2 3 
57 24 
58 
59 2 1 3 11 12 25 
60 2 1 3 11 12 
61 2 3 
62 2 3 26 
63 2 3 
64 27 
65 
66 
67 2 3 1 11 12 28 
68 2 3 1 11 12 29 
69 2 3 1 11 12 
70 2 30 3 
71 31 
72 
73 2 3 1 11 12 32 
74 2 3 1 11 12 
75 2 3 1 11 33 
76 2 3 1 11 34 
77 2 3 1 11 35 
78 2 3 1 11 
79 36 
80 
81 
82 
83 11 1 3 2 37 
84 11 1 3 2 
85 11 3 
86 11 3 38 
87 11 3 
88 
89 
90 
91 39 
92 
93 
94 1 3 2 40 
95 1 3 2 
96 1 3 2 41 
97 1 3 2 12 
98 1 12 3 2 42 
99 1 12 3 2 
100 1 3 43 
101 1 3 
102 
103 
104 3 
105 
106 
107 1 3 2 12 44 
108 1 3 2 45 
109 1 3 2 
110 
111 
112 46 
113 
114 
115 1 3 2 47 
116 1 3 2 
117 1 3 48 
118 1 3 49 
119 1 3 50 
120 1 3 
121 
122 
123 51 
124 
