1 1 
2 1 2 
3 1 3 2 
4 1 3 4 2 
5 1 3 2 4 5 
6 1 3 2 4 6 
7 1 3 2 7 
8 1 3 2 
9 1 3 8 
10 1 3 8 9 
11 1 3 8 10 9 
12 1 3 8 11 
13 1 3 8 
14 
15 
16 
17 
18 12 3 
19 
20 
21 
22 
23 3 1 2 13 
24 13 3 1 2 14 
25 13 3 1 2 14 15 
26 13 3 1 2 14 
27 13 16 3 
28 17 
29 
30 1 3 13 2 14 18 
31 1 3 13 2 14 
32 13 3 19 
33 13 3 20 
34 13 3 21 
35 13 3 
36 13 3 
37 
38 
39 1 3 13 2 14 22 
40 1 3 13 2 14 
41 13 3 23 
42 13 3 24 
43 13 3 25 
44 13 3 
45 13 3 
46 13 3 26 
47 13 3 27 
48 13 3 28 
49 13 3 
50 13 3 
51 
52 
53 1 3 13 2 14 29 
54 1 3 13 2 14 
55 3 
56 30 
57 
58 13 1 3 2 14 31 
59 13 1 3 2 14 32 
60 13 1 3 2 14 
61 13 3 
62 13 3 33 
63 13 3 
64 
65 13 3 
66 34 
67 
68 2 3 1 35 
69 2 3 1 
70 2 36 3 
71 37 
72 
73 38 
74 
75 1 3 2 39 
76 1 3 2 14 
77 1 3 2 40 14 
78 1 14 3 2 40 41 
79 1 14 3 2 40 
80 1 14 3 2 40 42 
81 1 14 3 2 40 
82 1 14 3 2 40 
83 1 14 3 2 40 
84 1 14 3 2 40 43 
85 1 14 3 2 40 
86 1 14 3 2 40 
87 1 14 3 2 40 
88 1 14 3 2 40 44 
89 1 14 3 2 40 
90 1 14 3 2 40 
91 1 14 3 2 
92 1 3 45 
93 1 3 46 
94 1 3 47 
95 1 3 
96 1 48 3 
97 1 3 49 
98 1 3 
99 1 50 3 
100 1 3 51 
101 1 3 52 
102 1 3 53 
103 1 3 
104 1 3 
105 3 1 54 
106 3 1 55 
107 3 1 56 
108 3 1 
109 
110 
111 
112 
113 3 1 57 
114 3 1 58 
115 3 1 59 
116 3 1 
117 
118 
119 
120 
121 1 3 14 60 
122 1 3 14 
123 
124 
125 3 
126 
127 
128 61 
129 
130 
131 1 3 62 
132 1 3 63 
133 1 3 64 
134 1 3 
135 
136 
137 65 
138 
139 
