2 1 
3 1 
5 2 
6 2 
8 3 
9 3 
11 4 
12 4 
14 5 
15 5 
17 6 
18 6 
20 7 
21 7 
23 8 
24 8 
26 9 
27 9 
29 10 
30 10 
32 11 
33 11 
35 12 
36 12 
38 13 
39 13 
41 14 
42 14 
44 15 
45 15 
47 16 
48 16 
50 17 
51 17 
53 18 
54 18 
56 19 
57 19 
59 20 
60 20 
62 21 
63 21 
65 22 
66 22 
68 23 
69 23 
71 24 
72 24 
74 25 
75 25 
77 26 
78 26 
80 27 
81 27 
83 28 
84 28 
86 29 
87 29 
89 30 
90 30 
92 31 
93 31 
95 32 
96 32 
98 33 
99 33 
101 34 
102 34 
104 35 
105 35 
107 36 
108 36 
110 37 
111 37 
113 38 
114 38 
116 39 
117 39 
119 40 
120 40 
122 41 
123 41 
125 42 
126 42 
128 43 
129 43 
131 44 
132 44 
134 45 
135 45 
137 46 
138 46 
140 47 
141 47 
143 48 
144 48 
146 49 
147 49 
149 50 
150 50 
152 51 
153 51 
155 52 
156 52 
158 53 
159 53 
161 54 
162 54 
164 55 
165 55 
167 56 
168 56 
170 57 
171 57 
173 58 
174 58 
176 59 
177 59 
179 60 
180 60 
182 61 
183 61 
185 62 
186 62 
188 63 
189 63 
191 64 
192 64 
194 65 
195 65 
197 66 
198 66 
200 67 
201 67 
204 68 69 
206 68 70 
208 68 71 
210 68 72 
212 68 73 
214 68 74 
216 68 75 
218 68 76 
220 68 77 
222 68 78 
224 68 79 
226 68 80 
228 68 81 
230 68 82 
232 68 83 
234 68 84 
236 68 85 
238 68 86 
240 68 87 
242 68 88 
244 68 89 
246 68 90 
248 68 91 
250 68 92 
252 68 93 
254 68 94 
256 68 95 
258 68 96 
260 68 97 
262 68 98 
264 68 99 
266 68 100 
268 68 101 
270 68 102 
272 68 103 
274 68 104 
276 68 105 
278 68 106 
280 68 107 
282 68 108 
284 68 109 
286 68 110 
288 68 111 
290 68 112 
292 68 113 
294 68 114 
296 68 115 
298 68 116 
300 68 117 
302 68 118 
304 68 119 
306 68 120 
308 68 121 
310 68 122 
312 68 123 
314 68 124 
316 68 125 
318 68 126 
320 68 127 
322 68 128 
324 68 129 
326 68 130 
328 68 131 
330 68 132 
332 68 133 
334 68 134 
336 68 135 
337 68 
339 136 
340 136 
341 136 
342 136 
343 136 
344 136 
345 136 
346 136 
347 136 
348 136 
349 136 
350 136 
351 136 
353 137 
354 137 
355 137 
356 137 
357 137 
358 137 
359 137 
360 137 
361 137 
362 137 
363 137 
364 137 
365 137 
366 137 
368 138 
