2 1 
3 1 
4 1 
5 1 
6 1 
7 1 
9 2 
10 2 
11 2 
13 3 
14 3 
15 3 
16 3 
18 4 
19 4 
20 4 
22 5 
23 5 
24 5 
25 5 
26 5 
28 6 
29 6 
30 6 
31 6 
32 6 
33 6 
34 6 
36 7 
37 7 
38 7 
39 7 
40 7 
41 7 
42 7 
43 7 
44 7 
45 7 
46 7 
48 8 
49 8 
50 8 
51 8 
52 8 
53 8 
54 8 
55 8 
56 8 
57 8 
58 8 
59 8 
60 8 
61 8 
62 8 
63 8 
64 8 
65 8 
66 8 
67 8 
68 8 
69 8 
70 8 
72 9 
73 9 
74 9 
75 9 
76 9 
77 9 
78 9 
80 10 
81 10 
82 10 
83 10 
85 11 
86 11 
87 11 
89 12 
90 12 
91 12 
92 12 
93 12 
94 12 
95 12 
96 12 
97 12 
98 12 
99 12 
100 12 
101 12 
103 13 
104 13 
105 13 
106 13 
108 14 
109 14 
110 14 
111 14 
112 14 
113 14 
114 14 
116 15 
117 15 
118 15 
119 15 
121 16 
122 16 
123 16 
124 16 
126 17 
127 17 
128 17 
129 17 
130 17 
131 17 
132 17 
133 17 
134 17 
135 17 
136 17 
137 17 
139 18 
140 18 
141 18 
142 18 
143 18 
144 18 
145 18 
146 18 
147 18 
148 18 
149 18 
150 18 
151 18 
152 18 
153 18 
154 18 
155 18 
156 18 
157 18 
158 18 
159 18 
160 18 
161 18 
162 18 
163 18 
165 19 
166 19 
167 19 
168 19 
169 19 
170 19 
171 19 
172 19 
173 19 
174 19 
175 19 
176 19 
177 19 
178 19 
179 19 
181 20 
182 20 
183 20 
184 20 
185 20 
186 20 
188 21 
189 21 
190 21 
191 21 
193 22 
194 22 
195 22 
196 22 
198 23 
199 23 
200 23 
202 24 
203 24 
204 24 
206 25 
207 25 
208 25 
209 25 
210 25 
211 25 
213 26 
214 26 
215 26 
216 26 
217 26 
218 26 
220 27 
221 27 
222 27 
223 27 
224 27 
225 27 
226 27 
227 27 
228 27 
229 27 
231 28 
232 28 
233 28 
234 28 
235 28 
236 28 
237 28 
238 28 
239 28 
240 28 
241 28 
242 28 
244 29 
245 29 
246 29 
247 29 
248 29 
249 29 
251 30 
252 30 
253 30 
254 30 
255 30 
256 30 
257 30 
259 31 
260 31 
261 31 
262 31 
263 31 
264 31 
265 31 
266 31 
267 31 
269 32 
270 32 
271 32 
272 32 
273 32 
274 32 
275 32 
276 32 
278 33 
279 33 
280 33 
281 33 
282 33 
283 33 
284 33 
285 33 
287 34 
288 34 
289 34 
290 34 
292 35 
293 35 
294 35 
295 35 
296 35 
297 35 
298 35 
299 35 
300 35 
302 36 
303 36 
304 36 
305 36 
307 37 
308 37 
309 37 
311 38 
312 38 
313 38 
314 38 
315 38 
316 38 
317 38 
318 38 
319 38 
320 38 
321 38 
