1 1 
2 2 1 
3 3 2 1 
4 3 4 2 1 
5 3 4 5 2 1 
6 3 4 5 2 1 6 
7 3 4 5 1 2 
8 3 4 5 1 2 7 
9 3 7 4 5 1 
10 4 1 3 
11 4 3 1 
12 1 4 3 
13 8 1 4 3 
14 8 3 1 4 
15 4 1 3 9 
16 4 1 3 
17 4 1 10 3 
18 4 1 3 10 11 
19 4 1 3 12 10 
20 4 1 3 
21 3 4 1 13 
22 3 4 1 13 14 
23 3 4 1 13 14 
24 3 4 1 13 14 
25 3 4 1 13 15 
26 3 4 1 13 
27 3 4 1 16 
28 3 4 1 17 16 
29 3 4 1 
30 3 4 1 
31 3 4 1 13 18 
32 3 4 1 13 18 
33 3 4 1 13 18 
34 3 4 1 13 18 
35 3 4 1 13 18 
36 3 4 1 13 18 
37 3 4 1 13 19 
38 3 4 1 13 
39 3 4 1 20 
40 3 4 1 21 20 
41 3 4 1 
42 3 4 1 
43 3 4 1 13 22 
44 3 4 1 13 
45 3 4 1 23 
46 3 4 1 24 23 
47 3 4 1 
48 3 4 1 
49 3 4 1 13 25 
50 3 4 1 13 
51 3 4 1 26 
52 3 4 1 27 26 
53 3 4 1 
54 3 4 1 
55 3 4 1 28 
56 3 4 1 
57 3 4 1 29 
58 3 4 1 30 29 
59 3 4 1 
60 3 4 1 
61 3 4 1 31 
62 3 4 1 32 31 
63 3 4 1 
64 3 4 33 1 
65 3 1 4 33 34 
66 3 1 35 4 33 
67 3 1 33 
68 8 3 33 1 
69 8 3 1 33 36 
70 8 3 33 1 
71 8 3 1 33 37 
72 8 3 1 
73 8 1 3 
74 8 1 3 38 
75 8 3 1 38 
76 8 3 1 39 
77 8 3 1 39 40 
78 8 3 1 39 
79 8 3 1 39 41 
80 8 3 1 39 42 
81 8 3 1 39 42 43 
82 8 3 1 39 42 
83 8 3 1 44 
84 8 3 1 
85 8 3 1 
86 8 3 1 39 
87 8 1 3 
88 8 1 
89 45 
90 
91 46 
92 47 
93 
