1 1 
2 1 
3 
4 2 
5 2 
6 2 
7 2 
8 2 
9 2 
10 2 
11 2 
12 2 
13 2 
14 2 
15 2 
16 2 
17 2 
18 2 
19 2 
20 2 
21 2 
22 2 
23 2 
24 2 
25 2 
26 2 
27 2 
28 2 
29 2 
30 2 
31 2 
32 2 
33 2 
34 2 
35 2 
36 2 
37 2 
38 2 
39 2 
40 2 
41 2 
42 2 
43 2 
44 2 
45 2 
46 2 
47 2 
48 2 
49 2 
50 2 
51 2 
52 2 
53 2 
54 2 
55 2 
56 2 
57 2 
58 2 
59 2 
60 2 
61 2 
62 2 
63 2 
64 2 
65 2 
66 2 
67 2 
68 2 
69 
70 3 
71 3 
72 3 
73 3 
74 3 
75 3 
76 3 
77 3 
78 3 
79 3 
80 3 
81 3 
82 3 
83 3 
84 3 
85 3 
86 3 
87 3 
88 3 
89 3 
90 3 
91 3 
92 3 
93 3 
94 3 
95 3 
96 3 
97 3 
98 3 
99 3 
100 3 
101 3 
102 3 
103 3 
104 3 
105 3 
106 3 
107 3 
108 3 
109 3 
110 3 
111 3 
112 3 
113 3 
114 3 
115 3 
116 3 
117 3 
118 3 
119 3 
120 3 
121 3 
122 3 
123 3 
124 3 
125 3 
126 3 
127 3 
128 3 
129 3 
130 3 
131 3 
132 3 
133 3 
134 3 
135 3 
136 3 
137 
138 4 
139 4 
140 4 
141 4 
142 4 
143 4 
144 4 
145 4 
146 4 
147 4 
148 4 
149 4 
150 4 
151 4 
152 4 
153 4 
154 4 
155 4 
156 4 
157 4 
158 4 
159 4 
160 
161 5 
162 5 
163 5 
164 5 
165 5 
166 5 
167 5 
168 5 
169 5 
170 5 
171 5 
172 5 
173 5 
174 5 
175 5 
176 5 
177 5 
178 5 
179 5 
180 5 
181 
182 6 
183 6 
184 6 
185 6 
186 6 
187 
188 7 
189 7 
190 7 
191 7 
192 7 
193 7 
194 7 
195 7 
196 7 
197 
198 8 
199 8 
200 8 
201 8 
202 8 
203 8 
204 
205 9 
206 9 10 
207 9 11 10 
208 10 9 11 
209 9 10 11 12 
210 9 10 11 12 13 
211 9 10 11 13 
212 9 10 11 
213 9 11 10 
214 9 11 10 
215 9 
216 9 10 
217 9 11 10 
218 10 9 11 
219 9 10 11 12 
220 9 10 11 12 14 
221 9 10 11 14 
222 9 10 11 14 
223 9 10 11 14 
224 9 10 11 
225 9 11 10 
226 9 11 10 
227 9 
228 9 10 
229 9 11 10 
230 10 9 11 
231 9 10 11 12 
232 9 10 11 12 15 
233 9 10 11 16 
234 9 10 11 17 
235 9 10 11 17 
236 9 10 11 
237 9 11 10 
238 9 11 10 
239 9 
240 9 10 
241 9 11 10 
242 10 9 11 
243 9 10 11 12 
244 9 10 11 12 18 
245 9 10 11 19 
246 9 10 11 17 
247 9 10 11 17 
248 9 10 11 
249 9 11 10 
250 9 11 10 
251 9 
252 9 10 
253 9 11 10 
254 10 9 11 
255 9 10 11 12 
256 9 10 11 12 20 
257 9 10 11 21 
258 9 10 11 17 
259 9 10 11 17 
260 9 10 11 
261 9 11 10 
262 9 11 10 
263 9 
264 9 10 
265 9 11 10 
266 10 9 11 
267 9 10 11 12 
268 9 10 11 12 22 
269 9 10 11 23 
270 9 10 11 17 
271 9 10 11 17 
272 9 10 11 
273 9 11 10 
274 9 11 10 
275 9 
276 9 10 
277 9 11 10 
278 10 9 11 
279 9 10 11 12 
280 9 10 11 12 24 
281 9 10 11 25 
282 9 10 11 17 
283 9 10 11 17 
284 9 10 11 
285 9 11 10 
286 9 11 10 
287 
