1 1 
2 1 2 
3 3 1 2 
4 2 3 1 4 
5 2 3 1 4 5 
6 2 3 1 4 6 5 
7 2 3 1 5 4 6 7 
8 2 3 1 5 4 6 
9 2 3 1 5 4 6 8 
10 2 3 1 5 4 6 
11 2 3 1 5 4 6 
12 2 3 1 5 4 6 
13 2 3 1 5 4 6 9 
14 2 3 1 5 4 6 
15 2 3 1 5 4 6 
16 2 3 1 5 4 6 
17 2 3 1 5 4 6 10 
18 2 3 1 5 4 6 
19 2 3 1 5 4 6 
20 2 3 1 5 4 6 
21 2 3 1 5 4 6 11 
22 2 3 1 5 4 6 
23 2 3 1 5 4 6 
24 2 3 1 5 4 6 
25 2 3 1 5 4 6 12 
26 2 3 1 5 4 6 
27 2 3 1 5 4 6 
28 2 3 1 5 4 6 
29 2 3 1 5 4 6 13 
30 2 3 1 5 4 6 
31 2 3 1 5 4 6 
32 2 3 1 5 4 6 
33 2 3 1 5 4 6 14 
34 2 3 1 5 4 6 
35 2 3 1 5 4 6 
36 2 3 1 5 4 6 
37 2 3 1 5 4 6 15 
38 2 3 1 5 4 6 
39 2 3 1 5 4 6 
40 2 3 1 5 4 6 
41 2 3 1 5 4 6 16 
42 2 3 1 5 4 6 
43 2 3 1 5 4 6 
44 2 3 1 5 4 6 
45 2 3 1 5 4 6 17 
46 2 3 1 5 4 6 
47 2 3 1 5 4 6 
48 2 3 1 5 4 6 
49 2 3 1 5 4 6 18 
50 2 3 1 5 4 6 
51 2 3 1 5 4 6 
52 2 3 1 5 4 6 
53 2 3 1 5 4 6 19 
54 2 3 1 5 4 6 
55 2 3 1 5 4 6 
56 2 3 1 5 4 6 
57 2 3 1 5 4 6 20 
58 2 3 1 5 4 6 
59 2 3 1 5 4 6 
60 2 3 1 5 4 6 
61 2 3 1 5 4 6 21 
62 2 3 1 5 4 6 
63 2 3 1 5 4 6 
64 2 3 1 5 4 6 
65 2 3 1 5 4 6 22 
66 2 3 1 5 4 6 
67 2 3 1 5 4 6 
68 2 3 1 5 4 6 
69 2 3 1 5 4 6 23 
70 2 3 1 5 4 6 
71 2 3 1 5 4 6 
72 2 3 1 5 4 
73 24 
74 
75 1 3 5 25 
76 1 3 5 
77 
78 
79 1 5 3 
80 3 1 5 26 
81 3 1 5 27 
82 5 3 1 28 
83 5 3 1 
84 5 3 
85 
86 
87 1 3 29 
88 1 3 
89 
90 
91 30 3 
92 
93 
94 4 3 31 
95 4 3 
96 32 
97 
98 1 5 33 3 
99 1 3 5 33 
100 1 3 33 5 
101 1 3 33 5 34 
102 1 3 33 5 
103 
104 
105 33 1 5 3 
106 33 3 1 5 35 
107 33 3 1 5 36 
108 33 3 1 37 
109 33 3 1 
110 33 3 
111 
112 
113 4 5 1 3 38 
114 4 5 1 3 
115 4 5 3 
116 4 3 
117 39 
118 
119 1 5 3 
120 3 1 5 40 
121 3 1 5 41 
122 5 3 1 42 
123 5 3 1 
124 5 3 
125 
126 
127 1 3 5 43 
128 1 3 5 
129 
130 
131 1 5 3 
132 3 1 5 44 
133 3 1 5 45 
134 5 3 1 46 
135 5 3 1 
136 5 3 
137 
138 
139 1 5 47 3 
140 1 3 5 48 
141 1 3 5 
142 
143 
144 1 5 3 
145 3 1 5 49 
146 3 1 5 50 
147 3 1 51 
148 3 1 
149 3 
150 52 3 
151 
152 
153 3 
154 
155 
156 2 3 1 5 53 
157 2 3 1 5 54 
158 2 3 1 5 
159 55 
160 
161 1 3 2 5 56 
162 1 5 3 2 57 
163 1 5 3 2 
164 1 3 5 58 
165 1 3 5 
166 
167 
168 1 5 3 
169 3 1 5 59 
170 3 1 5 60 
171 5 3 1 61 
172 5 3 1 
173 5 3 
174 
175 
176 1 3 2 5 62 
177 1 5 3 2 63 
178 1 5 3 2 
179 1 5 3 64 
180 1 5 3 
181 1 3 5 65 
182 1 3 5 
183 
184 
185 1 5 3 
186 3 1 5 66 
187 3 1 5 67 
188 5 3 1 68 
189 5 3 1 
190 5 3 
191 3 
192 
193 
194 69 
195 
196 
