2 1 
3 1 
5 2 
6 2 
7 2 
8 2 
9 2 
10 2 
11 2 
12 2 
13 2 
14 2 
15 2 
16 2 
17 2 
18 2 
19 2 
20 2 
21 2 
22 2 
23 2 
24 2 
25 2 
26 2 
27 2 
28 2 
29 2 
30 2 
31 2 
32 2 
33 2 
34 2 
35 2 
36 2 
37 2 
38 2 
39 2 
40 2 
41 2 
42 2 
43 2 
44 2 
45 2 
46 2 
47 2 
48 2 
49 2 
50 2 
51 2 
52 2 
53 2 
54 2 
55 2 
56 2 
57 2 
58 2 
59 2 
60 2 
61 2 
62 2 
63 2 
64 2 
65 2 
66 2 
67 2 
68 2 
69 2 
71 3 
72 3 
73 3 
74 3 
75 3 
76 3 
77 3 
78 3 
79 3 
80 3 
81 3 
82 3 
83 3 
84 3 
85 3 
86 3 
87 3 
88 3 
89 3 
90 3 
91 3 
92 3 
93 3 
94 3 
95 3 
96 3 
97 3 
98 3 
99 3 
100 3 
101 3 
102 3 
103 3 
104 3 
105 3 
106 3 
107 3 
108 3 
109 3 
110 3 
111 3 
112 3 
113 3 
114 3 
115 3 
116 3 
117 3 
118 3 
119 3 
120 3 
121 3 
122 3 
123 3 
124 3 
125 3 
126 3 
127 3 
128 3 
129 3 
130 3 
131 3 
132 3 
133 3 
134 3 
135 3 
136 3 
137 3 
139 4 
140 4 
141 4 
142 4 
143 4 
144 4 
145 4 
146 4 
147 4 
148 4 
149 4 
150 4 
151 4 
152 4 
153 4 
154 4 
155 4 
156 4 
157 4 
158 4 
159 4 
160 4 
162 5 
163 5 
164 5 
165 5 
166 5 
167 5 
168 5 
169 5 
170 5 
171 5 
172 5 
173 5 
174 5 
175 5 
176 5 
177 5 
178 5 
179 5 
180 5 
181 5 
183 6 
184 6 
185 6 
186 6 
187 6 
189 7 
190 7 
191 7 
192 7 
193 7 
194 7 
195 7 
196 7 
197 7 
199 8 
200 8 
201 8 
202 8 
203 8 
204 8 
206 9 
208 11 10 
209 9 11 
211 12 13 
212 13 
213 11 
216 9 
218 11 10 
219 9 11 
221 12 14 
222 14 
223 14 
224 14 
225 11 
228 9 
230 11 10 
231 9 11 
233 12 15 
234 16 
235 17 
236 17 
237 11 
240 9 
242 11 10 
243 9 11 
245 12 18 
246 19 
247 17 
248 17 
249 11 
252 9 
254 11 10 
255 9 11 
257 12 20 
258 21 
259 17 
260 17 
261 11 
264 9 
266 11 10 
267 9 11 
269 12 22 
270 23 
271 17 
272 17 
273 11 
276 9 
278 11 10 
279 9 11 
281 12 24 
282 25 
283 17 
284 17 
285 11 
