1 1 
2 1 2 
3 1 3 2 
4 1 3 2 4 
5 4 1 3 2 5 
6 4 1 3 2 6 5 
7 4 1 3 2 5 6 7 
8 4 1 3 2 5 6 
9 4 1 3 2 5 6 8 
10 4 1 3 2 5 6 
11 4 1 3 2 5 6 
12 4 1 3 2 5 6 
13 4 1 3 2 5 6 9 
14 4 1 3 2 5 6 
15 4 1 3 2 5 6 
16 4 1 3 2 5 6 
17 4 1 3 2 5 6 10 
18 4 1 3 2 5 6 
19 4 1 3 2 5 6 
20 4 1 3 2 5 6 
21 4 1 3 2 5 6 11 
22 4 1 3 2 5 6 
23 4 1 3 2 5 6 
24 4 1 3 2 5 6 
25 4 1 3 2 5 6 12 
26 4 1 3 2 5 6 
27 4 1 3 2 5 6 
28 4 1 3 2 5 6 
29 4 1 3 2 5 6 13 
30 4 1 3 2 5 6 
31 4 1 3 2 5 6 
32 4 1 3 2 5 6 
33 4 1 3 2 5 6 14 
34 4 1 3 2 5 6 
35 4 1 3 2 5 6 
36 4 1 3 2 5 6 
37 4 1 3 2 5 6 15 
38 4 1 3 2 5 6 
39 4 1 3 2 5 6 
40 4 1 3 2 5 6 
41 4 1 3 2 5 6 16 
42 4 1 3 2 5 6 
43 4 1 3 2 5 6 
44 4 1 3 2 5 6 
45 4 1 3 2 5 6 17 
46 4 1 3 2 5 6 
47 4 1 3 2 5 6 
48 4 1 3 2 5 6 
49 4 1 3 2 5 6 18 
50 4 1 3 2 5 6 
51 4 1 3 2 5 6 
52 4 1 3 2 5 6 
53 4 1 3 2 5 6 19 
54 4 1 3 2 5 6 
55 4 1 3 2 5 6 
56 4 1 3 2 5 6 
57 4 1 3 2 5 6 20 
58 4 1 3 2 5 6 
59 4 1 3 2 5 6 
60 4 1 3 2 5 6 
61 4 1 3 2 5 6 21 
62 4 1 3 2 5 6 
63 4 1 3 2 5 6 
64 4 1 3 2 5 6 
65 4 1 3 2 5 6 22 
66 4 1 3 2 5 6 
67 4 1 3 2 5 6 
68 4 1 3 2 5 6 
69 4 1 3 2 5 6 23 
70 4 1 3 2 5 6 
71 4 1 3 2 5 6 
72 4 1 3 2 5 6 
73 4 1 3 2 5 6 24 
74 4 1 3 2 5 6 
75 4 1 3 2 5 6 
76 4 1 3 2 5 6 
77 4 1 3 2 5 6 25 
78 4 1 3 2 5 6 
79 4 1 3 2 5 6 
80 4 1 3 2 5 6 
81 4 1 3 2 5 6 26 
82 4 1 3 2 5 6 
83 4 1 3 2 5 6 
84 4 1 3 2 5 6 
85 4 1 3 2 5 6 27 
86 4 1 3 2 5 6 
87 4 1 3 2 5 6 
88 4 1 3 2 5 6 
89 4 1 3 2 5 6 28 
90 4 1 3 2 5 6 
91 4 1 3 2 5 6 
92 4 1 3 2 5 6 
93 4 1 3 2 5 6 29 
94 4 1 3 2 5 6 
95 4 1 3 2 5 6 
96 4 1 3 2 5 6 
97 4 1 3 2 5 6 30 
98 4 1 3 2 5 6 
99 4 1 3 2 5 6 
100 4 1 3 2 5 6 
101 4 1 3 2 5 6 31 
102 4 1 3 2 5 6 
103 4 1 3 2 5 6 
104 4 1 3 2 5 6 
105 4 1 3 2 5 6 32 
106 4 1 3 2 5 6 
107 4 1 3 2 5 6 
108 4 1 3 2 5 6 
109 4 1 3 2 5 6 33 
110 4 1 3 2 5 6 
111 4 1 3 2 5 6 
112 4 1 3 2 5 6 
113 4 1 3 2 5 6 34 
114 4 1 3 2 5 6 
115 4 1 3 2 5 6 
116 4 1 3 2 5 6 
117 4 1 3 2 5 6 35 
118 4 1 3 2 5 6 
119 4 1 3 2 5 6 
120 4 1 3 2 5 6 
121 4 1 3 2 5 6 36 
122 4 1 3 2 5 6 
123 4 1 3 2 5 6 
124 4 1 3 2 5 6 
125 4 1 3 2 5 6 37 
126 4 1 3 2 5 6 
127 4 1 3 2 5 6 
128 4 1 3 2 5 6 
129 4 1 3 2 5 6 38 
130 4 1 3 2 5 6 
131 4 1 3 2 5 6 
132 4 1 3 2 5 6 
133 4 1 3 2 5 6 39 
134 4 1 3 2 5 6 
135 4 1 3 2 5 6 
136 4 1 3 2 5 6 
137 4 1 3 2 5 6 40 
138 4 1 3 2 5 6 
139 4 1 3 2 5 6 
140 4 1 3 2 5 6 
141 4 1 3 2 5 6 41 
142 4 1 3 2 5 6 
143 4 1 3 2 5 6 
144 4 1 3 2 5 6 
145 4 1 3 2 5 6 42 
146 4 1 3 2 5 6 
147 4 1 3 2 5 6 
148 4 1 3 2 5 6 
149 4 1 3 2 5 6 43 
150 4 1 3 2 5 6 
151 4 1 3 2 5 6 
152 4 1 3 2 5 
153 4 3 1 44 
154 4 3 1 
155 4 3 
156 4 3 
157 4 3 45 
158 4 3 45 
159 4 45 3 
160 4 3 
161 4 3 
162 46 3 
163 
164 
165 4 3 
166 
167 
168 4 3 
169 4 3 47 
170 4 3 47 48 
171 4 3 47 49 
172 4 3 49 47 
173 4 47 49 3 50 
174 4 47 49 3 46 
175 4 47 49 46 3 51 
176 4 47 49 46 3 52 
177 4 47 49 46 3 
178 4 3 
179 4 3 
180 4 3 47 49 46 53 
181 4 3 47 49 46 
182 4 3 47 49 54 
183 4 3 47 49 54 55 
184 4 3 47 49 56 
185 4 3 47 49 
186 4 3 
187 4 3 47 49 
188 4 3 47 49 
189 4 3 57 
190 4 3 
191 4 3 
192 
193 
194 4 3 
195 4 58 
196 4 59 
197 45 4 
198 45 60 
199 45 61 
200 45 61 62 
201 45 61 
202 61 45 63 
203 61 45 64 
204 61 64 65 45 
205 61 64 45 66 
206 45 61 64 
207 45 61 64 67 
208 45 61 
209 45 61 
210 
211 4 3 
212 4 3 47 
213 4 3 47 68 
214 4 3 47 
215 4 3 47 69 
216 4 3 47 
217 4 47 3 70 
218 4 47 3 71 
219 4 47 3 72 
220 4 47 3 73 
221 4 47 3 
222 
223 4 47 
224 4 74 
225 75 4 
226 75 76 
227 75 77 
228 75 77 78 
229 75 77 
230 77 75 79 
231 77 75 64 
232 77 64 80 75 
233 77 64 75 81 
234 75 77 64 
235 75 77 64 82 
236 75 77 
237 75 77 
238 
239 4 3 
240 4 3 47 
241 4 3 47 83 
242 4 3 47 
243 4 3 47 84 
244 4 3 47 
245 4 47 3 85 
246 4 47 3 86 
247 4 47 3 87 
248 4 47 3 88 
249 4 47 3 
250 
251 4 3 47 89 
252 4 3 47 
253 
254 4 3 47 90 
255 4 3 47 75 
256 4 3 47 75 91 
257 4 3 47 75 
258 4 3 47 
259 4 3 47 92 
260 4 3 47 
261 4 3 47 93 
262 4 3 94 47 
263 4 3 47 
264 4 3 47 
265 3 
266 95 3 
267 
268 
269 1 3 4 96 
270 1 3 4 
271 
272 
273 4 3 97 
274 4 3 
275 4 3 
276 
277 
278 4 3 98 
279 4 3 
280 4 3 
281 3 
282 99 
283 100 99 
284 
285 
286 4 1 3 101 
287 4 1 3 
288 4 3 
289 4 3 
290 
291 
292 4 3 
293 3 
294 
295 
296 4 1 3 
297 4 3 1 102 
298 4 3 1 
299 4 3 
300 4 3 
301 4 3 
302 46 3 
303 
304 
305 4 3 103 
306 4 3 104 
307 4 3 104 105 
308 4 3 
309 4 3 106 
310 4 3 
311 4 3 
312 3 
313 3 
314 107 3 
315 
316 
317 4 3 
318 3 46 
319 3 108 
320 3 109 
321 3 
322 
323 
324 4 3 110 
325 4 3 
326 4 3 
327 3 
328 
329 
330 3 4 111 
331 3 4 
332 112 3 
333 113 
334 
335 
336 
337 4 3 
338 4 3 114 
339 4 3 
340 
341 3 4 
342 4 3 115 
343 4 3 116 
344 4 3 
345 3 117 4 
346 4 3 117 118 
347 4 3 119 117 
348 4 3 
349 4 3 
350 3 4 
351 3 4 120 
352 3 4 121 
353 3 4 
354 4 3 122 
355 4 3 123 
356 4 3 123 
357 4 3 123 
358 4 3 123 124 
359 4 3 123 124 
360 4 125 3 
361 3 4 
362 3 4 126 
363 3 126 4 
364 3 126 127 
365 3 126 77 
366 3 126 77 128 
367 3 126 77 
368 3 126 77 129 
369 3 126 77 130 
370 3 126 77 130 131 
371 3 126 77 130 131 132 
372 3 126 77 130 133 
373 3 126 77 130 
374 3 126 77 
375 3 126 77 
376 126 3 
377 3 
378 3 
379 3 
380 
381 
382 3 4 
383 3 134 
384 3 
385 3 135 
386 3 136 135 
387 3 
388 3 
389 3 
390 137 3 
391 
392 
393 4 3 138 
394 4 3 
395 4 3 
396 4 3 
397 4 3 
398 
399 
400 4 3 
401 
402 
403 
404 
405 4 3 
406 3 
407 3 
408 3 139 
409 3 140 139 
410 3 139 141 
411 3 139 
412 3 142 139 
413 3 139 143 
414 3 139 
415 3 144 139 
416 3 139 145 
417 3 139 
418 3 146 139 
419 3 139 147 
420 3 139 
421 3 148 139 
422 3 149 
423 3 
424 150 3 
425 
426 
427 151 3 
428 
429 
430 4 3 
431 
432 
433 4 3 
434 
435 
436 4 1 3 152 
437 4 1 3 
438 4 1 3 
439 4 3 1 153 
440 4 3 1 154 
441 4 3 1 154 155 
442 4 3 1 156 
443 4 3 1 
444 4 3 
445 4 3 
446 
447 
448 4 3 157 
449 4 3 
450 4 3 
451 3 
452 3 158 
453 3 
454 
455 
456 4 3 
457 4 3 47 
458 4 3 47 159 
459 4 3 47 160 
460 4 3 160 47 
461 4 47 160 3 161 
462 4 47 160 3 46 
463 4 47 160 46 3 162 
464 4 47 160 46 3 162 163 
465 4 47 160 46 3 164 
466 4 47 160 46 3 
467 4 165 3 
468 4 3 
469 4 3 
470 4 3 47 160 46 166 
471 4 3 47 160 46 
472 4 3 47 160 167 
473 4 3 47 160 167 168 
474 4 3 47 160 169 
475 4 3 47 160 
476 4 3 
477 4 3 47 160 
478 4 3 47 160 
479 4 3 170 
480 4 3 
481 4 3 
482 
483 
484 4 3 171 
485 4 3 172 
486 4 3 173 
487 4 3 
488 4 3 
489 4 3 
490 
491 
492 4 1 3 174 
493 4 1 3 
494 4 1 3 
495 4 3 1 175 
496 4 3 1 176 
497 4 3 1 177 
498 4 3 1 
499 4 3 
500 4 3 
501 
502 
503 2 3 1 4 5 178 
504 2 3 1 4 5 179 
505 2 3 1 4 5 
506 4 3 
507 3 
508 
509 
510 2 3 1 4 5 180 
511 2 3 1 4 5 181 
512 2 3 1 4 5 
513 4 3 182 
514 4 3 
515 4 3 
516 
517 
518 2 3 1 4 5 183 
519 2 3 1 4 5 184 
520 2 3 1 4 5 
521 2 185 3 
522 186 
523 
524 1 3 4 5 187 
525 1 3 4 5 188 
526 1 3 4 5 
527 4 3 
528 46 3 
529 
530 
531 1 3 4 5 189 
532 1 3 4 5 190 
533 1 3 4 5 
534 4 3 
535 3 
536 3 
537 
538 
539 1 3 4 5 191 
540 1 3 4 5 192 
541 1 3 4 5 
542 
543 
544 1 3 4 5 193 
545 1 3 4 194 
546 1 3 4 
547 
548 
549 4 3 
550 
551 
