4 2 
5 4 
7 5 
8 7 
9 5 
10 8 
13 5 
14 9 
17 5 
18 10 
21 5 
22 11 
25 5 
26 12 
29 5 
30 13 
33 5 
34 14 
37 5 
38 15 
41 5 
42 16 
45 5 
46 17 
49 5 
50 18 
53 5 
54 19 
57 5 
58 20 
61 5 
62 21 
65 5 
66 22 
69 5 
70 23 
73 5 
74 24 
77 5 
78 25 
81 5 
82 26 
85 5 
86 27 
89 5 
90 28 
93 5 
94 29 
97 5 
98 30 
101 5 
102 31 
105 5 
106 32 
109 5 
110 33 
113 5 
114 34 
117 5 
118 35 
121 5 
122 36 
125 5 
126 37 
129 5 
130 38 
133 5 
134 39 
137 5 
138 40 
141 5 
142 41 
145 5 
146 42 
149 5 
150 43 
152 6 
153 3 
154 44 
155 1 3 
156 3 
157 3 
158 45 
159 45 3 
160 45 3 
161 3 
162 4 3 
163 46 3 
165 3 
166 4 3 
168 3 
169 3 
170 47 
171 48 
172 49 
173 49 47 
174 50 
175 46 
176 51 
177 52 
178 3 
180 46 3 
181 53 
182 46 
184 54 55 
185 56 
187 49 
189 3 
190 57 
191 3 
192 4 3 
194 1 3 
195 3 
196 58 
197 59 
198 4 
199 60 
200 61 
201 62 
202 61 
203 63 
204 64 
205 65 45 
206 66 
207 45 
208 64 67 
211 1 3 
212 3 
213 47 
214 68 
215 47 
216 69 
217 47 
218 70 
219 71 
220 72 
221 73 
223 3 
224 47 
225 74 
226 4 
227 76 
228 77 
229 78 
230 77 
231 79 
232 64 
233 80 75 
234 81 
235 75 
236 64 82 
239 1 3 
240 3 
241 47 
242 83 
243 47 
244 84 
245 47 
246 85 
247 86 
248 87 
249 88 
251 3 
252 89 
254 47 
255 90 
256 75 
257 91 
258 75 
259 47 
260 92 
261 47 
262 93 
263 94 47 
265 4 3 
267 95 3 
269 3 
270 96 
271 1 3 
273 3 
274 97 
275 3 
276 4 3 
278 3 
279 98 
280 3 
281 4 3 
282 3 
284 100 99 
286 3 
287 101 
288 1 3 
289 3 
290 4 3 
292 3 
293 4 3 
294 3 
296 3 
297 3 
298 102 
299 1 3 
300 3 
301 3 
302 4 3 
303 46 3 
305 3 
306 103 
308 104 105 
309 3 
310 106 
311 3 
312 4 3 
313 3 
315 107 3 
317 3 
318 4 3 
319 46 
320 108 
321 109 
322 3 
324 3 
325 110 
326 3 
327 4 3 
328 3 
330 3 
331 111 
332 4 
333 112 3 
334 113 
335 4 3 
337 1 3 
338 3 
339 114 
341 3 
342 4 
343 115 
344 116 
345 3 
346 4 
347 118 
348 119 117 
349 3 
350 3 
351 4 
352 120 
353 121 
354 4 
355 122 
359 124 
360 123 124 
361 125 3 
363 126 
364 4 
365 127 
366 77 
367 128 
368 77 
369 129 
370 130 
372 131 132 
373 133 
374 130 126 
376 126 
377 126 3 
378 3 
379 3 
380 3 
382 4 3 
383 4 
384 134 
385 3 
387 136 135 
388 3 
389 3 
391 137 3 
393 3 
394 138 
395 3 
396 3 
397 3 
398 4 3 
400 3 
401 4 3 
403 4 3 
405 3 
406 4 3 
407 3 
408 3 
410 140 139 
411 141 
413 142 139 
414 143 
416 144 139 
417 145 
419 146 139 
420 147 
422 148 139 
423 149 
425 150 3 
428 151 3 
430 3 
431 4 3 
433 3 
434 4 3 
436 3 
437 152 
438 3 
439 3 
440 153 
442 154 155 
443 156 
444 1 3 
445 3 
446 4 3 
448 3 
449 157 
450 3 
451 4 3 
452 3 
453 158 
454 3 
456 3 
457 3 
458 47 
459 159 
460 160 
461 160 47 
462 161 
463 46 
465 162 163 
466 164 
467 46 
468 165 3 
470 46 3 
471 166 
472 46 
474 167 168 
475 169 
477 160 
479 3 
480 170 
481 3 
482 4 3 
484 3 
485 171 
486 172 
487 173 
488 3 
489 3 
490 4 3 
492 3 
493 174 
494 3 
495 3 
496 175 
497 176 
498 177 
499 1 3 
500 3 
501 4 3 
504 5 178 
505 179 
506 3 
507 4 3 
508 3 
511 5 180 
512 181 
513 3 
514 182 
515 3 
516 4 3 
519 5 183 
520 184 
522 2 185 3 
523 186 
525 5 187 
526 188 
527 3 
528 4 3 
529 46 3 
532 5 189 
533 190 
534 3 
535 4 3 
536 3 
537 3 
540 5 191 
541 192 
542 4 3 
545 5 193 
546 194 
547 1 3 
549 3 
550 4 3 
