1 1 
2 2 1 
3 1 2 
4 2 3 1 
5 2 3 4 1 
6 2 3 1 4 5 
7 2 3 4 1 
8 1 2 3 6 4 
9 1 2 4 3 7 
10 3 1 2 4 
11 2 3 4 1 
12 1 2 3 4 8 
13 3 1 2 4 
14 1 2 3 9 4 
15 1 2 4 3 10 
16 3 1 2 4 
17 2 3 1 4 
18 3 4 1 11 2 
19 2 3 4 1 11 12 
20 2 3 11 4 1 13 
21 2 3 11 14 4 1 
22 2 3 11 14 1 4 15 
23 4 2 3 11 14 1 
24 4 1 2 3 11 14 16 
25 4 1 2 3 11 14 
26 4 1 2 3 17 11 14 
27 4 1 2 3 11 14 17 
28 4 2 3 14 17 18 11 1 
29 4 1 2 3 14 17 18 19 11 
30 4 1 2 3 11 14 17 18 20 
31 4 1 2 3 11 14 17 
32 4 1 2 3 11 14 17 
33 4 1 2 3 17 11 14 
34 4 1 2 3 17 11 14 
35 4 1 2 3 
36 4 21 
37 22 
38 
39 2 3 4 1 
40 2 3 4 1 
41 
