1 1 
513 182 
2 2 
3 3 
4 4 
5 5 
6 6 
518 183 
7 7 
519 184 
9 8 
521 185 
522 186 
11 6 
524 187 
13 9 
525 188 
15 6 
528 46 
17 10 
19 6 
531 189 
532 190 
21 11 
23 6 
25 12 
27 6 
539 191 
540 192 
29 13 
31 6 
544 193 
33 14 
545 194 
35 6 
37 15 
39 6 
41 16 
43 6 
45 17 
47 6 
49 18 
51 6 
53 19 
55 6 
57 20 
59 6 
61 21 
63 6 
65 22 
67 6 
69 23 
71 6 
73 24 
75 6 
77 25 
79 6 
81 26 
83 6 
85 27 
87 6 
89 28 
91 6 
93 29 
95 6 
97 30 
99 6 
101 31 
103 6 
105 32 
107 6 
109 33 
111 6 
113 34 
115 6 
117 35 
119 6 
121 36 
123 6 
125 37 
127 6 
129 38 
131 6 
133 39 
135 6 
137 40 
139 6 
141 41 
143 6 
145 42 
147 6 
149 43 
151 6 
153 44 
157 45 
162 46 
169 47 
170 48 
171 49 
173 50 
174 46 
175 51 
176 52 
180 53 
182 54 
183 55 
184 56 
187 49 
189 57 
195 58 
196 59 
197 45 
198 60 
199 61 
200 62 
202 63 
203 64 
204 65 
205 66 
207 67 
212 47 
213 68 
215 69 
217 70 
218 71 
219 72 
220 73 
224 74 
225 75 
226 76 
227 77 
228 78 
230 79 
231 64 
232 80 
233 81 
235 82 
240 47 
241 83 
243 84 
245 85 
246 86 
247 87 
248 88 
251 89 
254 90 
255 75 
256 91 
259 92 
261 93 
262 94 
266 95 
269 96 
273 97 
278 98 
282 99 
283 100 
286 101 
297 102 
302 46 
305 103 
306 104 
307 105 
309 106 
314 107 
318 46 
319 108 
320 109 
324 110 
330 111 
332 112 
333 113 
338 114 
342 115 
343 116 
345 117 
346 118 
347 119 
351 120 
352 121 
354 122 
355 123 
357 123 
358 124 
360 125 
362 126 
364 127 
365 77 
366 128 
368 129 
369 130 
370 131 
371 132 
372 133 
383 134 
385 135 
386 136 
390 137 
393 138 
408 139 
409 140 
410 141 
412 142 
413 143 
415 144 
416 145 
418 146 
419 147 
421 148 
422 149 
424 150 
427 151 
436 152 
439 153 
440 154 
441 155 
442 156 
448 157 
452 158 
457 47 
458 159 
459 160 
461 161 
462 46 
463 162 
464 163 
465 164 
467 165 
470 166 
472 167 
473 168 
474 169 
477 160 
479 170 
484 171 
485 172 
486 173 
492 174 
495 175 
496 176 
497 177 
503 178 
504 179 
510 180 
511 181 
