1 1 
2 1 2 
3 1 2 
4 1 2 4 
5 1 2 
6 2 5 1 
7 1 2 5 6 
8 1 2 7 5 
9 5 1 2 8 7 
10 5 1 2 9 
11 5 1 2 
12 1 10 5 
13 1 11 
14 11 12 1 
15 11 1 12 13 
16 12 11 1 
17 12 1 14 11 
18 12 1 14 15 
19 12 1 16 
20 1 12 
21 
22 
23 1 2 17 
24 1 
25 1 18 
26 1 19 
27 
28 
29 1 2 20 
30 1 2 
31 1 21 
32 1 22 21 
33 1 23 22 
34 22 1 
35 22 24 
36 
37 
38 2 1 25 
39 2 1 
40 1 2 26 
41 1 27 2 
42 1 2 27 28 
43 1 2 29 27 
44 1 2 30 
45 1 2 
46 1 31 
47 1 32 31 
48 1 33 32 
49 32 1 
50 32 34 
51 
52 
53 1 35 
54 1 36 
55 
56 
