1 1 
2 1 2 
3 1 3 2 
4 1 4 3 2 
5 1 4 5 3 2 
6 1 4 5 3 2 
7 1 4 7 5 3 2 
8 1 4 7 5 8 3 2 
9 9 1 4 7 5 8 3 2 
10 9 1 4 7 5 8 3 2 
11 1 11 4 5 3 2 
12 1 11 4 5 12 3 2 
13 1 11 13 4 5 12 3 2 
14 9 1 14 11 13 4 7 5 12 8 3 2 
15 9 1 14 11 13 4 7 5 12 8 3 2 
16 9 11 4 7 12 8 2 16 1 14 13 5 3 
17 9 11 4 7 12 8 2 16 1 14 13 5 3 
18 9 11 4 7 12 8 2 16 1 14 13 18 5 3 
19 9 11 4 7 12 8 2 16 1 14 13 18 5 3 19 
20 9 20 11 4 7 12 8 2 16 1 14 13 18 5 3 19 
21 9 20 11 4 7 12 8 2 16 1 14 13 18 5 3 19 
22 9 20 11 4 7 12 8 2 16 1 14 13 18 5 3 19 
23 9 20 11 4 7 12 8 2 16 1 14 13 18 5 3 19 
