1 1 
2 2 1 
3 2 1 
4 4 2 1 
5 4 2 1 
6 4 2 6 1 
7 4 2 6 1 
8 4 8 2 6 1 
9 4 8 2 6 1 
10 4 8 2 6 1 10 
11 4 8 2 6 1 10 
12 4 12 8 2 6 1 10 
13 4 12 8 2 6 1 10 
14 4 12 8 2 6 14 1 10 
15 4 12 8 2 6 14 1 10 
16 4 12 8 2 6 14 16 1 10 
17 4 12 8 2 6 14 16 1 10 
18 4 12 18 8 2 6 14 16 1 10 
19 23 4 12 18 2 6 14 16 1 20 21 8 10 
20 23 4 12 18 2 6 14 16 1 21 20 8 10 
21 23 4 12 18 2 6 14 16 1 20 21 8 10 
22 23 4 12 18 2 6 14 16 1 20 21 8 10 
23 23 20 21 4 12 8 2 6 14 16 1 10 
24 23 20 21 4 12 8 2 6 14 16 1 10 
25 23 4 12 18 2 6 14 16 1 25 20 21 8 10 
26 23 4 12 18 2 6 14 16 1 25 20 21 8 10 
27 23 4 12 18 2 6 14 27 16 1 25 20 21 8 10 
28 23 4 12 18 2 6 14 27 16 1 25 20 21 8 10 
29 23 4 12 18 2 6 14 27 16 1 25 20 21 8 10 
