1 1 
2 2 1 
3 3 2 1 
4 3 2 1 
5 5 3 2 1 
6 5 3 2 6 1 
7 5 3 2 6 1 7 
8 5 3 8 2 6 1 7 
9 9 5 3 8 2 6 1 7 
10 18 3 8 2 10 13 1 7 9 16 14 5 11 6 12 
11 18 3 8 2 10 13 1 7 9 16 14 5 11 6 12 
12 18 3 8 2 10 13 1 7 9 16 14 5 11 6 12 
13 18 3 8 2 10 13 1 7 9 16 14 5 11 6 12 
14 18 3 8 2 10 13 1 7 9 16 14 5 11 6 12 
15 18 3 8 2 10 13 1 7 9 16 14 5 11 6 12 
16 18 3 8 2 10 13 1 7 9 16 14 5 11 6 12 
17 18 3 8 2 10 13 1 7 9 16 14 5 11 6 12 
18 18 3 8 2 10 13 1 7 16 14 5 11 6 12 
19 18 3 8 2 10 13 1 7 16 14 5 11 6 12 
20 18 3 8 2 10 13 1 7 9 16 14 5 11 6 12 
21 18 3 8 2 10 13 1 7 9 16 14 5 11 6 12 
22 18 3 8 2 10 13 1 7 9 16 14 5 11 6 12 
23 18 3 8 2 10 13 1 7 9 16 14 5 11 6 12 
24 18 3 8 2 10 13 1 7 9 16 14 5 11 6 12 
