1 1 
2 2 1 
3 3 2 1 
4 3 4 2 1 
5 3 4 2 1 5 
6 3 4 2 6 1 5 
7 3 4 2 6 1 5 
8 8 3 4 2 6 1 5 
9 8 3 4 2 6 1 5 
10 8 3 4 2 6 1 5 10 
11 8 3 4 2 6 1 5 10 
12 12 8 3 4 2 6 1 5 10 
13 12 8 3 4 2 6 1 5 10 
14 14 8 3 4 2 6 1 5 10 
15 14 12 8 3 4 15 2 6 1 5 10 
16 14 16 12 8 3 4 15 2 6 1 5 10 
17 14 16 12 8 3 4 15 2 6 1 5 10 
18 18 8 3 4 5 10 14 16 12 15 2 6 1 
19 18 8 3 4 5 10 14 16 12 15 2 6 1 
20 18 8 3 4 5 10 14 16 12 20 15 2 6 1 
21 18 8 3 4 5 10 14 16 12 20 15 2 6 1 
22 18 8 3 4 5 10 14 16 12 20 15 2 6 22 1 
23 18 8 3 4 5 10 14 16 12 20 15 2 6 22 1 
24 18 8 3 4 24 5 10 14 16 12 20 15 2 6 1 
25 18 8 3 4 24 5 10 25 14 16 12 20 15 2 6 22 1 
26 18 8 3 4 24 5 10 25 14 26 16 12 20 15 2 6 22 1 
27 18 8 3 4 24 5 10 25 14 26 16 12 20 15 2 6 22 1 
28 18 8 3 4 24 5 10 25 14 26 28 16 12 20 15 2 6 22 1 
29 18 8 3 4 24 5 10 25 14 26 28 16 12 20 15 2 6 22 1 
30 18 8 3 4 30 24 5 10 25 14 26 28 16 12 20 15 2 6 22 1 
31 18 8 3 4 30 24 5 10 25 14 26 28 16 12 20 15 2 6 22 1 
32 18 8 3 4 30 24 5 10 25 14 26 28 16 12 20 15 32 2 6 22 1 
33 18 8 3 4 30 24 5 10 25 14 26 28 16 12 20 15 32 2 6 22 1 
34 18 8 3 4 30 24 5 10 25 14 26 28 16 12 20 15 2 6 22 34 1 
35 18 8 3 4 30 24 5 10 25 14 26 28 16 12 20 15 32 2 6 35 22 34 1 
36 18 8 3 4 30 24 5 10 25 14 26 28 16 12 20 15 32 36 2 6 35 22 34 1 
37 18 8 3 4 30 24 5 10 25 14 26 28 16 12 20 15 32 36 2 6 35 22 34 1 
38 18 3 30 5 25 28 16 12 15 6 22 34 8 4 24 10 14 26 20 32 36 2 35 1 38 
39 18 3 30 5 25 28 16 12 15 6 22 34 8 4 24 10 14 26 20 32 36 2 35 1 38 
40 18 3 30 5 25 28 16 12 15 6 22 34 8 4 24 10 14 26 20 40 32 36 2 35 1 38 
41 18 3 30 5 25 28 16 12 15 6 22 34 8 4 24 10 14 26 20 40 32 36 2 35 1 38 
42 18 3 30 5 25 28 16 12 15 6 22 34 8 4 24 10 14 26 20 40 32 36 42 2 35 1 38 
43 18 3 30 5 25 28 16 12 15 6 22 34 8 4 24 10 14 26 20 40 32 36 42 2 35 1 38 
44 18 3 30 5 25 28 16 12 15 6 22 34 44 8 4 24 10 14 26 20 40 32 36 2 35 1 38 
45 18 3 30 5 25 28 16 12 15 6 22 34 44 8 45 4 24 10 14 26 20 40 32 36 42 2 35 1 38 
46 18 3 30 5 25 28 16 12 15 6 22 34 44 8 45 4 24 10 14 26 20 40 32 36 42 2 35 1 38 
47 18 3 30 5 25 28 16 12 15 6 22 34 44 47 8 45 4 24 10 14 26 20 40 32 36 42 2 35 1 38 
48 18 3 30 5 25 28 48 16 12 15 6 22 34 44 47 8 45 4 24 10 14 26 20 40 32 36 42 2 35 1 38 
49 18 3 49 30 5 25 28 48 16 12 15 6 22 34 44 47 8 45 4 24 10 14 26 20 40 32 36 42 2 35 1 38 
50 18 3 49 30 5 25 28 48 16 12 15 6 22 34 44 47 8 45 4 24 10 14 26 20 40 32 36 42 2 35 1 38 
51 18 3 49 30 5 51 25 28 48 16 12 15 6 22 34 44 47 8 45 4 24 10 14 26 20 40 32 36 42 2 35 1 38 
52 18 3 49 30 5 51 25 28 48 16 12 15 6 22 34 44 47 52 8 45 4 24 10 14 26 20 40 32 36 42 2 35 1 38 
53 18 3 49 30 53 5 51 25 28 48 16 12 15 6 22 34 44 47 52 8 45 4 24 10 14 26 20 40 32 36 42 2 35 1 38 
54 18 3 49 30 53 5 51 25 28 48 16 12 15 6 22 34 44 47 54 52 8 45 4 24 10 14 26 20 40 32 36 42 2 35 1 38 
55 18 3 49 30 53 5 51 25 28 48 16 12 15 6 22 34 44 47 54 55 52 8 45 4 24 10 14 26 20 40 32 36 42 2 35 1 38 
56 18 3 49 30 53 5 51 25 28 48 16 12 15 6 22 34 44 47 54 55 52 8 45 4 24 10 14 26 20 40 32 36 42 2 35 1 38 
57 18 3 49 30 53 5 25 28 48 16 12 15 6 22 34 44 47 54 57 55 52 8 45 4 24 10 14 26 20 40 32 36 42 2 35 1 38 
58 18 3 49 30 53 5 51 25 28 48 16 12 15 6 22 34 44 47 54 57 55 52 8 45 4 24 10 14 26 20 40 32 36 42 2 35 1 38 
59 18 3 49 30 53 5 25 28 48 16 12 15 6 22 34 44 47 54 55 52 8 45 4 59 24 10 14 26 20 40 32 36 42 2 35 1 38 
60 18 3 49 30 53 5 51 25 28 48 16 12 15 6 22 34 44 47 54 57 55 52 8 45 4 59 24 10 14 26 20 40 32 36 42 2 35 1 38 
61 18 3 49 30 61 53 5 51 25 28 48 16 12 15 6 22 34 44 47 54 57 55 52 8 45 4 59 24 10 14 26 20 40 32 36 42 2 35 1 38 
62 18 3 49 30 61 53 5 51 25 28 48 16 12 62 15 6 22 34 44 47 54 57 55 52 8 45 4 59 24 10 14 26 20 40 32 36 42 2 35 1 38 
63 18 3 49 30 61 53 5 51 25 28 48 16 12 62 15 6 22 34 44 47 54 63 57 55 52 8 45 4 59 24 10 14 26 20 40 32 36 42 2 35 1 38 
64 18 3 49 30 61 53 5 51 25 28 48 16 12 64 62 15 6 22 34 44 47 54 63 57 52 8 45 4 59 24 10 14 26 20 40 32 36 42 2 35 1 38 
65 18 3 49 30 61 53 5 51 25 28 48 16 12 64 62 15 6 22 34 44 47 54 63 57 55 52 8 45 4 59 24 10 14 26 20 40 32 36 42 2 35 1 38 
66 18 3 49 30 61 53 5 51 25 28 48 16 12 64 62 15 6 22 34 66 44 47 54 63 57 55 52 8 45 4 59 24 10 14 26 20 40 32 36 42 2 35 1 38 
67 18 67 3 49 30 61 53 5 51 25 28 48 16 12 64 62 15 6 22 34 66 44 47 54 63 57 55 52 8 45 4 59 24 10 14 26 20 40 32 36 42 2 35 1 38 
68 18 67 3 49 30 61 53 5 51 25 28 48 16 12 64 62 15 68 6 22 34 66 44 47 54 63 57 55 52 8 45 4 59 24 10 14 26 20 40 32 36 42 2 35 1 38 
69 18 67 3 49 30 61 53 5 51 25 28 48 16 12 69 62 15 68 6 22 34 66 44 47 54 63 57 52 8 45 4 59 24 10 14 26 20 40 32 36 42 2 35 1 38 
70 18 67 3 49 30 61 53 5 51 25 28 48 16 12 69 62 15 68 6 22 34 66 44 47 54 63 57 52 8 45 4 59 24 10 14 26 20 40 32 36 42 2 35 1 38 
71 18 3 49 30 5 25 28 48 16 12 15 6 22 34 44 47 8 45 71 4 24 10 14 26 20 40 32 36 42 2 35 1 38 
72 18 3 49 30 5 25 28 48 16 12 15 6 22 34 44 47 8 45 71 4 24 10 14 26 20 40 72 32 36 42 2 35 1 38 
73 18 3 49 30 73 5 25 28 48 16 12 15 6 22 34 44 47 8 45 71 4 24 10 14 26 20 40 72 32 36 42 2 35 1 38 
74 18 3 49 30 74 73 5 25 28 48 16 12 15 6 22 34 44 47 8 45 71 4 24 10 14 26 20 40 72 32 36 42 2 35 1 38 
75 18 3 49 30 74 73 5 25 28 48 16 12 15 6 22 34 44 47 8 45 71 4 75 24 10 14 26 20 40 72 32 36 42 2 35 1 38 
76 18 3 49 30 74 73 5 25 28 48 16 12 15 6 22 34 44 47 8 45 71 4 75 24 10 14 26 20 40 72 32 36 42 2 35 1 38 
77 18 3 49 30 74 73 5 25 77 28 48 16 12 15 6 22 34 44 47 8 45 71 4 75 24 10 14 26 20 40 72 32 36 42 2 35 1 38 
78 18 3 49 30 74 73 5 25 77 28 48 16 12 15 6 22 34 44 47 8 45 71 4 75 24 10 14 26 20 40 72 32 36 42 2 35 78 1 38 
79 18 3 49 30 74 73 5 25 77 28 48 16 12 15 6 22 34 44 47 8 45 71 4 75 24 10 14 26 20 79 40 72 32 36 42 2 35 78 1 38 
80 18 3 49 30 73 5 25 77 28 48 16 12 15 6 22 34 44 47 80 8 45 71 4 75 24 10 14 26 20 79 40 72 32 36 42 2 35 78 1 38 
81 18 3 49 30 74 73 5 25 77 28 48 16 12 15 6 22 34 44 47 80 8 45 71 4 75 24 10 14 26 20 79 40 72 32 36 42 2 35 78 1 38 
82 18 3 49 30 74 73 5 25 77 28 48 16 12 15 6 22 34 44 47 80 8 45 71 4 82 75 24 10 14 26 20 79 40 72 32 36 42 2 35 78 1 38 
83 18 3 49 30 74 73 83 5 25 77 28 48 16 12 15 6 22 34 44 47 80 8 45 71 4 82 75 24 10 14 26 20 79 40 72 32 36 42 2 35 78 1 38 
84 18 3 49 30 74 73 83 5 25 77 28 48 16 12 84 15 6 22 34 44 47 80 8 45 71 4 82 75 24 10 14 26 20 79 40 72 32 36 42 2 35 78 1 38 
85 18 3 49 30 73 83 5 25 77 28 48 16 12 84 15 6 22 34 44 47 8 45 71 4 82 75 24 10 14 26 20 79 40 72 32 36 42 85 2 35 78 1 38 
86 18 3 49 30 74 73 83 5 25 77 28 48 16 12 84 15 6 22 34 44 47 80 8 45 71 4 82 75 24 10 14 26 20 79 40 72 32 36 42 85 2 35 78 1 38 
87 18 3 49 30 74 73 83 5 25 77 28 48 16 12 84 15 6 22 34 44 47 80 87 8 45 71 4 82 24 10 14 26 20 79 40 72 32 36 42 85 2 35 78 1 38 
88 18 3 49 30 74 73 83 5 25 77 28 48 16 12 84 15 6 22 34 44 47 80 87 8 45 71 4 82 75 24 10 14 26 20 79 40 72 32 36 42 85 2 35 78 1 38 
89 18 3 49 30 74 73 83 5 25 77 28 48 16 12 84 15 6 22 34 89 44 47 80 8 45 71 4 82 24 10 14 26 20 79 40 72 32 36 42 85 2 35 78 1 38 
90 49 30 74 51 16 12 69 84 15 34 44 47 63 55 8 45 71 82 75 10 14 20 79 72 32 36 2 18 67 3 61 53 73 83 5 25 77 28 48 64 62 68 6 22 66 89 54 57 80 52 87 4 59 24 26 40 42 85 35 78 90 1 38 
91 49 30 74 51 16 12 69 84 15 34 44 47 63 55 8 45 71 82 75 10 14 20 79 72 32 36 2 18 67 3 61 53 73 83 5 25 77 28 48 64 62 68 6 22 66 89 54 57 80 52 87 4 59 24 26 40 42 85 35 78 90 1 38 
92 49 30 74 51 16 12 69 84 15 34 44 47 63 55 8 45 71 82 75 10 14 20 79 72 32 36 2 18 67 3 61 53 73 83 5 25 77 28 48 64 62 68 6 22 66 89 54 57 80 52 87 4 59 24 26 40 42 85 35 78 90 1 38 
