1 1 
2 2 1 
3 2 1 3 
4 2 1 4 3 
5 2 1 4 3 
6 2 1 4 3 
7 2 1 4 3 
8 2 1 4 8 3 
9 2 9 1 4 8 3 
10 2 9 1 4 8 3 
11 2 11 9 1 4 8 3 
12 2 14 1 20 8 12 17 18 11 9 4 21 3 15 
13 2 14 1 20 8 12 17 18 11 9 4 21 3 15 
14 2 14 1 20 8 12 17 18 11 9 4 21 3 15 
15 2 14 1 20 8 12 17 18 11 9 4 21 3 15 
16 2 14 1 20 8 12 17 18 11 9 4 21 3 15 
17 2 14 1 20 8 12 18 17 11 9 4 21 3 15 
18 2 14 1 20 8 12 17 18 11 9 4 21 3 15 
19 2 14 1 20 8 12 17 18 11 9 4 21 3 15 
20 2 14 1 20 8 12 17 18 11 9 4 21 3 15 
21 2 14 1 20 8 12 17 18 11 9 4 21 3 15 
22 2 14 1 20 8 12 17 18 11 9 4 21 3 15 
23 2 14 1 20 8 12 17 18 11 9 4 21 3 15 
24 2 14 1 20 8 12 17 18 11 9 4 21 3 15 
25 2 14 1 20 8 25 12 17 18 11 9 4 21 3 15 
26 2 14 1 20 8 25 12 17 18 11 9 4 21 3 15 
27 2 27 14 1 20 8 25 12 17 18 11 9 4 21 3 15 
28 2 27 14 1 20 8 25 12 17 18 11 9 4 21 3 15 
29 2 27 14 1 20 8 25 12 17 18 9 29 4 21 3 15 
30 30 2 27 14 1 20 8 25 12 17 18 9 29 4 21 3 15 
31 31 30 2 27 14 1 20 8 25 12 17 18 9 29 4 21 3 15 
32 31 30 35 27 39 20 37 25 12 17 18 9 29 34 36 38 2 14 1 8 32 4 21 3 15 
33 31 30 35 27 39 20 37 25 12 17 18 9 29 34 36 38 2 14 1 8 32 4 21 3 15 
34 31 30 35 27 39 20 37 25 12 17 18 9 29 34 36 38 2 14 1 8 32 4 21 3 15 
35 31 30 35 27 39 20 37 25 12 17 18 9 29 34 36 38 2 14 1 8 32 4 21 3 15 
36 31 30 35 27 2 14 39 1 20 8 37 25 12 17 18 32 9 29 34 4 21 36 38 3 
37 31 35 2 27 14 39 1 20 8 37 25 12 32 17 18 9 29 34 4 36 21 3 38 
38 31 35 2 27 14 39 1 20 8 37 25 12 32 17 18 9 34 4 36 21 3 38 
39 35 2 27 14 39 1 20 8 37 25 12 32 17 18 9 34 4 36 21 3 38 
40 35 2 27 14 39 1 20 8 37 25 12 32 17 18 9 34 4 36 21 3 38 
41 31 30 35 27 39 20 37 25 12 17 18 9 29 34 36 38 41 2 14 1 8 32 4 21 3 15 
42 31 30 35 27 39 20 37 25 12 17 18 9 29 34 36 41 38 2 14 1 8 32 4 21 3 15 
43 31 30 35 27 39 20 37 25 12 17 18 9 29 34 43 36 41 38 2 14 1 8 32 4 21 3 15 
44 31 30 35 27 39 20 37 25 12 17 18 9 29 43 34 36 41 38 2 14 1 8 32 4 21 3 15 
45 31 30 35 27 39 20 37 25 12 17 18 9 29 43 34 36 41 38 2 14 1 8 32 4 21 3 15 
46 31 30 35 27 46 39 20 37 25 12 17 18 9 29 34 36 41 38 2 14 1 8 32 4 21 3 15 
47 31 30 47 35 27 46 39 20 37 25 12 17 18 9 29 34 36 41 38 2 14 1 8 32 4 21 3 15 
48 31 30 47 35 27 46 39 20 37 25 48 12 17 18 9 29 34 36 41 38 2 14 1 8 32 4 21 3 15 
49 31 30 47 35 27 46 39 20 37 25 48 12 17 18 9 29 34 36 41 38 2 14 1 8 32 4 21 3 15 
50 31 30 47 35 27 46 39 20 37 25 48 12 17 18 9 29 34 36 41 38 2 14 1 8 32 4 21 50 3 15 
51 31 30 47 35 27 46 39 20 37 25 48 12 17 18 9 29 34 36 41 38 2 14 1 8 32 4 50 21 3 15 
52 31 30 47 35 27 46 39 20 37 25 48 12 17 18 9 29 43 34 36 41 38 52 2 14 1 8 32 4 50 21 3 15 
53 31 30 47 35 27 46 39 20 37 25 48 12 17 18 9 29 43 34 36 41 38 52 2 14 1 8 32 4 50 21 3 15 
54 31 30 47 35 27 46 39 20 37 25 48 12 17 18 9 29 43 34 36 41 38 52 2 14 1 8 32 54 4 50 21 3 15 
55 31 30 47 35 27 46 39 20 37 25 48 12 17 18 9 29 43 34 36 41 38 52 2 14 1 8 32 54 4 50 21 3 15 
56 31 30 47 35 27 46 39 20 37 25 48 12 17 18 9 29 43 34 36 41 38 52 2 14 1 8 32 54 4 50 21 3 15 
57 31 30 47 35 27 46 39 20 37 25 48 12 17 18 9 29 43 34 36 41 38 52 2 14 1 57 8 32 4 50 21 3 15 
58 31 30 47 35 27 46 39 58 20 37 25 48 12 17 18 9 29 43 34 36 41 38 52 2 14 1 57 8 32 4 50 21 3 15 
59 31 30 47 35 27 46 39 59 58 20 37 25 48 12 17 18 9 29 43 34 36 41 38 52 2 14 1 57 8 32 4 50 21 3 15 
60 31 30 47 35 27 46 39 59 58 20 37 25 48 12 17 18 9 29 43 34 36 41 38 52 2 14 1 57 8 32 4 50 21 3 15 
61 31 30 47 35 27 46 39 59 58 20 37 25 48 12 17 18 61 9 29 43 34 36 41 38 52 2 14 1 57 8 32 4 50 21 3 15 
62 31 30 47 35 27 46 39 59 58 20 37 25 48 12 17 18 61 9 29 43 34 36 41 38 52 2 14 1 57 8 32 4 50 21 3 15 
63 31 30 47 63 35 27 46 39 59 58 20 37 25 48 12 17 18 61 9 29 43 34 36 41 38 52 2 14 1 57 8 32 54 4 50 21 3 15 
64 31 30 47 63 35 27 46 64 39 59 58 20 37 25 48 12 17 18 61 9 29 43 34 36 41 38 52 2 14 1 57 8 32 54 4 50 21 3 15 
65 31 30 47 63 35 27 46 64 39 59 58 20 37 25 48 12 17 18 61 9 29 43 34 36 41 38 52 2 14 1 57 8 32 54 4 50 21 65 3 15 
66 31 30 47 63 35 27 46 64 39 59 58 20 37 25 48 12 17 18 61 9 29 43 34 36 41 38 52 2 14 66 1 57 8 32 54 4 50 21 65 3 15 
67 31 30 47 63 35 27 46 64 39 59 58 20 37 25 48 12 17 18 61 9 29 43 34 67 36 41 38 52 2 14 66 1 57 8 32 54 4 50 21 65 3 15 
68 31 30 47 63 35 27 46 64 39 59 58 20 37 25 48 12 17 18 61 9 29 43 34 67 36 41 38 52 2 14 66 1 57 8 32 54 4 50 21 65 3 15 
69 31 30 47 63 35 27 46 64 39 59 58 20 37 25 48 12 17 18 61 9 29 43 34 67 36 41 38 52 2 14 66 1 57 8 32 54 4 50 21 65 3 15 
70 31 30 47 63 35 27 46 64 39 59 58 20 37 25 48 12 17 18 61 9 29 43 34 67 36 41 38 52 2 14 66 1 57 8 32 11 54 4 50 21 65 3 15 
71 31 30 47 63 35 27 46 64 39 59 58 20 37 25 48 12 17 18 61 9 29 43 34 67 36 41 38 52 2 14 66 1 57 8 32 11 54 4 50 21 65 3 15 
