1 1 
2 1 2 
3 1 2 
4 1 2 
5 5 1 2 
6 5 1 2 
7 5 1 2 
8 5 1 8 2 
9 5 1 8 2 
10 5 1 8 2 
11 5 11 1 8 2 
12 5 11 1 8 2 12 
13 13 5 11 1 8 2 12 
14 13 5 11 1 8 2 12 14 
15 13 5 11 1 8 2 12 14 
16 13 5 11 1 8 2 12 14 
17 13 5 11 1 8 2 17 12 14 
18 13 5 11 18 1 8 2 17 12 14 
19 13 5 11 18 1 8 19 2 17 12 14 
20 13 5 11 18 1 8 19 2 17 12 14 
21 13 5 11 18 1 8 19 2 17 12 14 
22 13 5 11 18 22 1 8 19 2 17 12 14 
23 13 11 18 22 19 17 12 14 5 1 8 23 2 
24 24 13 11 18 22 19 17 12 14 5 1 8 23 2 
25 24 13 11 18 22 19 17 12 14 5 1 8 23 2 
26 24 13 11 18 22 19 17 12 14 5 1 8 23 2 
27 24 13 11 18 22 19 17 12 14 5 27 1 8 23 2 
28 24 13 11 18 22 19 17 12 14 5 27 1 28 8 23 2 
29 24 13 11 18 22 19 17 12 14 5 27 1 28 8 23 2 29 
30 24 13 11 18 22 19 17 12 14 5 27 1 28 8 23 2 29 
31 24 13 11 18 22 19 17 12 14 5 27 1 28 8 23 2 29 
32 24 13 11 18 22 19 17 12 14 5 27 1 28 8 23 2 29 
