1 1 
2 1 2 
3 1 2 
4 1 4 2 
5 1 4 2 
6 1 4 6 2 
7 1 4 6 2 
8 1 8 4 6 2 
9 1 8 4 6 2 
10 1 8 4 10 6 2 
11 1 8 4 10 6 2 
12 1 8 4 12 10 6 2 
13 1 8 4 12 10 6 2 
14 1 8 4 12 10 6 14 2 
15 1 8 4 12 10 6 14 2 
16 1 8 4 12 16 10 6 14 2 
17 1 8 4 12 16 10 6 14 2 
18 1 18 8 4 12 16 10 6 14 2 
19 1 18 8 4 12 16 10 6 14 2 
20 1 18 8 4 12 16 10 20 6 14 2 
21 1 18 8 4 12 16 10 20 6 14 2 
22 1 18 8 4 12 16 10 20 6 14 22 2 
23 1 18 8 4 12 16 10 20 6 14 22 2 
24 1 10 20 14 2 24 18 8 4 12 16 6 22 
25 1 10 20 14 2 24 18 8 4 12 16 6 22 
26 1 10 20 14 2 24 18 8 4 12 26 16 6 22 
27 1 10 20 14 2 24 18 8 4 12 26 16 6 22 
28 1 10 20 14 2 24 18 8 4 12 26 16 6 22 
