1 2 
2 3 
3 4 5 
4 
5 6 
6 7 8 
7 
8 9 
9 10 11 
10 
11 12 
12 13 
13 14 
14 15 
15 16 17 
16 
17 18 
18 19 
19 20 
20 21 22 
21 
22 23 
23 24 
24 25 
25 26 27 
26 
27 28 
28 29 
29 30 
30 31 32 
31 
32 33 
33 34 
34 35 36 
35 
36 37 
37 38 
38 39 
39 40 41 
40 
41 42 
42 43 
43 44 
44 45 46 
45 
46 47 
47 48 
48 49 
49 50 51 
50 
51 52 
52 53 
53 54 
54 55 56 
55 
56 57 
57 58 
58 59 
59 60 61 
60 
61 62 
62 63 
63 64 
64 65 66 
65 
66 67 
67 68 
68 69 70 
69 
70 71 
71 72 
72 73 
73 74 75 
74 
75 76 
76 77 
77 78 
78 79 80 
79 
80 81 
81 82 
82 83 
83 84 85 
84 
85 86 
86 87 
87 88 89 
88 
89 90 
90 91 
91 92 93 
92 
93 
