1 1 
2 2 1 
3 2 3 1 
4 2 3 1 4 
5 5 2 3 1 4 
6 5 2 3 1 6 4 
7 5 2 3 1 6 7 4 
8 5 8 2 3 1 6 7 4 
9 5 8 2 3 1 6 7 4 9 
10 5 8 2 3 1 6 7 4 9 10 
11 5 8 11 2 3 1 6 7 4 9 10 
12 5 8 11 2 12 3 1 6 7 4 9 10 
13 5 8 3 1 6 7 4 10 11 2 12 13 9 
14 5 8 3 1 6 7 4 10 11 2 12 13 9 14 
15 5 8 15 3 1 6 7 4 10 11 2 12 13 9 14 
16 16 5 8 15 3 1 6 7 4 10 11 2 12 13 9 14 
17 16 5 8 15 3 1 6 7 4 10 11 2 12 13 9 14 
18 16 5 8 15 3 1 6 7 4 10 11 2 12 13 9 14 
19 16 5 8 15 3 1 6 7 4 10 19 11 2 12 13 9 14 
20 16 5 8 15 3 1 6 7 4 10 20 19 11 2 12 13 9 14 
21 16 5 8 15 3 1 6 7 4 21 10 20 19 11 2 12 13 9 14 
22 16 5 8 22 15 3 1 6 7 4 21 10 20 19 11 2 12 13 9 14 
23 16 5 8 22 15 3 1 6 7 4 21 10 20 23 19 11 2 12 13 9 14 
24 16 5 8 22 15 3 1 6 7 4 21 10 20 23 19 11 2 12 13 9 14 
25 16 5 8 22 15 3 1 6 7 4 21 10 20 23 19 11 2 12 13 9 14 
