1 1 
2 2 1 
3 2 1 3 
4 2 1 4 3 
5 2 1 4 3 5 
6 2 1 4 3 5 
7 2 1 4 3 7 5 
8 2 1 4 3 7 5 
9 2 1 4 3 7 5 
10 2 1 4 3 5 
11 2 1 4 3 5 
12 2 1 4 3 5 12 
13 2 1 4 13 3 5 12 
14 2 14 1 4 13 3 5 12 
15 2 14 1 4 13 3 5 12 
16 2 14 1 4 16 13 3 5 12 
17 2 14 1 4 16 13 3 5 12 17 
18 2 14 1 4 16 13 3 5 12 17 
19 2 14 1 4 16 13 3 5 19 12 17 
20 2 14 1 4 16 13 3 5 19 12 17 
21 2 14 21 1 4 16 13 3 5 19 12 17 
22 2 21 1 4 16 5 19 12 14 22 13 3 17 
23 2 21 1 4 16 23 5 19 12 14 22 13 3 17 
24 2 21 1 4 16 23 5 19 12 14 22 24 13 3 17 
25 25 2 21 1 4 16 23 5 19 12 14 22 24 13 3 17 
26 25 2 21 1 4 16 23 26 5 19 12 14 22 24 13 3 17 
27 25 2 21 1 4 16 23 26 5 19 12 14 22 27 24 13 3 17 
28 25 2 21 1 4 16 23 26 5 19 12 14 22 27 24 13 3 17 28 
29 25 2 21 1 4 16 23 26 5 19 12 14 22 27 24 13 3 17 28 29 
30 25 30 2 21 1 4 16 23 26 5 19 12 14 22 27 24 13 3 17 28 29 
31 25 30 2 21 1 4 16 23 26 5 19 12 14 22 27 24 13 3 17 28 29 
32 25 30 2 21 1 4 16 23 26 5 19 12 14 22 27 24 13 3 17 28 29 
33 25 30 2 21 1 4 16 23 26 5 19 12 14 33 22 27 24 13 3 17 28 29 
34 25 30 2 21 1 4 16 23 26 5 19 12 14 33 22 27 24 13 3 17 28 29 
35 25 30 2 21 1 35 4 16 23 26 5 19 12 14 33 22 27 24 13 3 17 28 29 
36 25 30 2 21 1 35 4 16 23 26 5 19 12 14 33 36 22 27 24 13 3 17 28 29 
37 25 30 2 21 1 35 4 16 23 26 5 19 12 14 33 36 22 27 24 13 3 17 28 29 
38 25 30 2 21 1 35 4 16 23 26 5 19 12 14 33 36 22 27 24 13 3 17 28 29 
39 25 30 2 21 1 35 4 16 23 26 5 19 12 14 33 36 22 27 24 13 3 17 28 29 
40 40 
41 41 40 
42 41 40 
43 41 40 
44 44 
45 45 44 
46 45 44 
47 45 44 
48 48 
49 48 49 
50 48 49 
51 48 49 
52 52 
53 52 53 
54 52 53 
55 52 53 
56 56 
57 56 57 
58 56 57 
59 56 57 
60 60 
61 60 61 
62 60 61 
63 60 61 
64 64 
65 65 64 
66 65 64 
67 65 64 
68 25 30 2 21 1 35 4 16 23 26 5 19 12 14 33 36 22 27 24 13 3 17 28 29 
