1 1 
2 1 
3 1 3 
4 1 3 
5 1 3 
6 1 6 
7 1 6 7 
8 1 6 7 
9 1 6 7 9 
10 1 6 10 7 9 
11 1 6 10 11 7 9 
12 1 6 10 11 7 9 
13 1 6 10 11 7 9 13 
14 1 10 11 7 9 14 13 
15 1 10 11 7 9 14 13 
16 1 6 10 11 7 9 16 
17 1 6 10 11 7 9 16 
18 1 6 10 18 11 7 9 16 
19 19 1 6 10 18 11 7 9 16 
20 19 20 1 6 10 18 11 7 9 16 
21 19 20 1 6 10 18 11 7 21 9 16 
22 19 20 1 6 10 18 22 11 7 21 9 16 
23 1 22 11 21 9 16 19 20 6 10 23 18 7 
24 1 22 24 11 21 9 16 19 20 6 10 23 18 7 
25 25 1 22 24 11 21 9 16 19 20 6 10 23 18 7 
26 25 1 22 24 11 21 9 16 19 20 26 6 10 23 18 7 
27 25 1 22 24 11 21 9 16 27 19 20 26 6 10 23 18 7 
28 25 1 22 24 11 21 9 16 27 19 20 26 6 10 23 18 7 
29 25 1 22 24 11 21 9 16 27 19 20 26 10 23 29 18 7 
30 25 1 22 24 11 21 9 16 13 27 19 20 26 6 10 23 29 18 7 14 
