1 1 
2 2 1 
3 2 1 
4 2 1 
5 2 5 1 
6 2 5 1 
7 2 5 1 
8 2 8 5 1 
9 2 8 5 1 
10 2 8 5 1 
11 2 8 5 1 11 
12 2 8 5 1 11 12 
13 2 8 5 13 1 11 12 
14 2 8 5 13 1 11 12 
15 2 8 5 13 1 11 12 
16 2 8 5 13 16 1 11 12 
17 2 8 17 5 13 16 1 11 12 
18 2 8 17 5 13 16 1 11 12 
19 2 8 17 5 13 16 1 11 12 
20 2 8 17 20 5 13 16 1 11 12 
21 2 8 17 20 5 13 16 21 1 11 12 
22 2 8 17 20 5 13 16 21 1 11 12 
23 2 8 17 20 5 13 16 21 1 11 12 
24 2 8 17 20 24 5 13 16 21 1 11 12 
25 17 24 5 13 16 1 11 2 8 25 20 21 12 
26 17 24 5 26 13 16 1 11 2 8 25 20 21 12 
27 17 24 5 26 13 16 1 11 2 8 25 20 21 12 
28 17 24 5 26 13 16 1 11 2 8 25 20 21 12 
29 17 24 5 26 13 16 1 11 2 8 25 20 21 12 
