1 1 
2 1 2 
3 1 2 
4 1 4 2 
5 1 4 2 
6 1 4 2 
7 1 2 
8 1 2 
9 9 1 2 
10 9 1 10 2 
11 9 1 10 2 
12 9 1 10 12 2 
13 9 1 10 13 12 2 
14 9 1 10 15 13 16 12 2 
15 9 1 10 15 13 16 2 
16 9 1 10 15 16 2 
17 9 1 10 15 16 2 
18 9 1 10 18 15 13 16 12 2 
19 9 1 10 18 15 13 16 12 2 
20 9 1 10 18 20 15 12 2 
21 9 1 21 10 18 20 15 12 2 
22 9 10 18 20 27 15 31 2 28 1 21 25 24 12 
23 9 10 18 20 27 15 31 2 28 1 21 25 24 12 
24 9 10 18 20 27 15 31 2 28 1 21 25 24 12 
25 9 10 18 20 27 15 31 2 28 1 21 25 24 12 
26 9 10 18 20 27 15 31 2 28 1 21 25 24 12 
27 9 10 18 20 15 27 31 2 28 1 21 25 24 12 
28 9 10 18 20 27 15 31 2 28 1 21 25 24 12 
29 9 10 18 20 27 15 31 2 28 1 21 25 24 12 
30 9 10 18 20 27 15 31 2 28 1 21 25 24 12 
31 9 10 18 27 15 31 2 28 1 21 25 24 12 
32 9 10 18 27 15 31 2 28 1 21 25 24 12 
33 9 10 18 20 27 15 31 2 28 1 21 25 24 12 
34 9 10 18 20 27 15 31 2 28 1 21 25 24 12 
35 1 2 
36 9 10 18 20 27 15 31 2 28 1 21 25 24 12 
