1 1 
2 1 2 
3 1 2 
4 1 2 
5 1 5 2 
6 1 5 2 
7 1 5 2 
8 1 5 8 2 
9 9 1 5 8 2 
10 9 10 1 5 8 2 
11 9 10 1 5 8 2 
12 9 10 1 5 8 2 
13 9 10 1 13 5 8 2 
14 9 10 1 13 5 14 8 2 
15 9 10 1 13 5 14 8 2 
16 9 10 1 13 5 14 8 2 
17 9 10 17 1 13 5 14 8 2 
18 9 10 17 1 13 5 14 18 8 2 
19 9 10 17 1 13 5 14 18 8 2 
20 9 10 17 1 13 5 14 18 8 2 
21 9 10 17 21 1 13 5 14 18 8 2 
22 9 22 10 17 21 1 13 5 14 18 8 2 
23 9 10 23 14 18 8 2 22 17 21 1 13 5 
24 9 10 23 14 18 8 2 22 17 21 1 13 5 
25 9 10 23 14 18 8 2 22 17 21 1 13 5 
26 9 10 23 14 18 8 2 22 17 21 1 13 5 26 
27 9 10 23 14 18 8 2 22 17 21 1 13 5 27 26 
28 9 10 23 14 18 8 2 22 17 21 1 13 5 27 26 
29 9 10 23 14 18 8 2 22 17 21 1 13 5 27 26 
30 9 10 23 30 14 18 8 2 22 17 21 1 13 5 27 26 
31 9 10 23 30 14 18 8 2 22 17 21 1 13 5 27 31 26 
32 9 10 23 30 14 18 8 2 22 17 21 1 13 5 32 27 31 26 
33 9 10 23 30 14 18 8 2 22 17 21 1 13 5 32 27 31 26 
34 9 10 23 30 14 18 8 2 22 17 21 1 13 5 32 27 31 26 
35 9 10 23 30 14 18 8 2 22 17 21 1 13 5 32 35 27 31 26 
36 9 10 23 30 14 18 8 2 22 17 21 1 13 5 32 35 36 27 31 26 
37 9 10 23 30 14 18 8 2 22 17 21 1 13 5 32 35 36 27 31 26 
38 9 10 23 30 14 18 8 2 22 17 21 1 13 5 32 35 36 27 31 26 
39 9 10 23 30 39 14 18 8 2 22 17 21 1 13 5 32 35 36 27 31 26 
40 9 10 23 30 39 14 18 8 2 22 17 21 1 13 5 32 35 40 36 27 31 26 
41 9 10 23 30 39 14 18 8 2 41 22 17 21 1 13 5 32 35 40 36 27 31 26 
42 9 10 23 30 39 14 18 8 2 41 22 17 21 1 13 5 32 35 40 36 27 31 26 
43 9 10 23 30 39 14 18 8 2 41 22 17 21 1 13 5 32 35 40 36 27 31 26 
44 9 10 23 30 39 44 14 18 8 2 41 22 17 21 1 13 5 32 35 40 36 27 31 26 
45 9 10 23 30 14 2 21 45 5 32 40 36 27 31 39 44 18 8 41 22 17 1 13 35 26 
46 9 10 23 30 14 2 21 45 5 32 40 36 27 31 46 39 44 18 8 41 22 17 1 13 35 26 
47 9 10 23 30 14 2 21 45 5 32 40 36 27 31 46 39 44 18 8 41 22 17 1 13 35 26 
48 9 10 23 30 14 2 21 45 5 32 40 36 27 31 46 39 44 18 8 41 22 17 1 13 35 26 
49 9 10 23 30 14 2 21 45 5 32 40 36 27 31 46 39 44 18 8 41 22 17 49 1 13 35 26 
50 9 10 23 50 30 14 2 21 45 5 32 40 36 27 31 46 39 44 18 8 41 22 17 49 1 13 35 26 
51 9 10 23 50 30 14 2 21 45 5 32 40 36 27 31 46 39 44 51 18 8 41 22 17 49 1 13 35 26 
52 9 10 23 50 30 14 2 21 45 5 32 40 36 27 31 46 39 44 51 18 8 41 22 17 49 1 13 35 26 
53 9 10 23 50 30 14 2 21 45 5 32 40 36 27 31 46 39 44 51 18 8 41 22 17 49 1 13 35 26 
54 9 10 23 50 30 14 54 2 21 45 5 32 40 36 27 31 46 39 44 51 18 8 41 22 17 49 1 13 35 26 
55 9 10 23 50 30 14 54 2 21 45 5 32 40 36 27 31 55 46 39 44 51 18 8 41 22 17 49 1 13 35 26 
56 9 10 23 50 30 14 54 2 21 45 5 32 40 36 27 31 55 46 39 44 51 18 8 41 22 17 49 1 13 56 35 26 
57 9 10 23 50 30 14 54 2 21 45 5 32 40 36 27 31 55 46 39 44 51 18 8 41 22 17 49 1 13 56 35 26 
58 9 10 23 50 30 14 54 2 21 45 5 32 40 36 27 31 55 46 39 44 51 18 8 41 22 17 49 1 13 56 35 26 
59 9 10 23 50 30 14 54 2 59 21 45 5 32 40 36 27 31 55 46 39 44 51 18 8 41 22 17 49 1 13 56 35 26 
60 9 10 23 50 30 14 54 2 59 21 45 5 32 40 36 27 31 55 46 39 44 51 18 8 41 22 60 17 49 1 13 56 35 26 
61 9 10 23 50 30 14 54 2 59 21 45 5 32 40 36 27 31 55 61 46 39 44 51 18 8 41 22 60 17 49 1 13 56 35 26 
62 9 10 23 50 30 14 54 2 59 21 45 5 32 40 36 27 31 55 61 46 39 44 51 18 8 41 22 60 17 49 1 13 56 35 26 
63 9 10 23 50 30 14 54 2 59 21 45 5 32 40 36 27 31 55 61 46 39 44 51 18 8 41 22 60 17 49 1 13 56 35 26 
64 9 10 23 50 30 14 54 2 59 21 45 5 32 40 36 27 31 55 61 46 64 39 44 51 18 8 41 22 60 17 49 1 13 56 35 26 
65 9 10 23 50 30 14 54 2 59 21 45 5 32 40 36 27 31 55 61 46 64 39 44 51 18 8 41 22 60 17 49 1 13 56 65 35 26 
66 9 10 23 50 30 14 54 2 59 21 45 5 32 40 36 27 31 55 61 46 64 39 44 51 18 8 66 41 22 60 17 49 1 13 56 65 35 26 
67 9 10 23 50 30 14 54 2 59 21 45 5 32 40 36 27 31 55 61 46 64 39 44 51 18 8 66 41 22 60 17 49 1 13 56 65 35 26 
68 9 10 23 50 30 14 54 2 59 21 45 5 32 40 36 27 31 55 61 46 64 39 44 51 18 8 66 41 22 60 17 49 1 13 56 65 35 26 
69 9 10 23 50 30 14 54 2 59 21 45 5 32 40 36 27 31 55 61 46 64 39 44 51 18 8 69 66 41 22 60 17 49 1 13 56 65 35 26 
70 9 10 23 50 30 14 54 2 59 21 45 5 32 40 36 27 31 70 55 61 46 64 39 44 51 18 8 69 66 41 22 60 17 49 1 13 56 65 35 26 
71 9 10 23 50 30 14 54 2 59 21 45 5 32 40 71 36 27 31 70 55 61 46 64 39 44 51 18 8 69 66 41 22 60 17 49 1 13 56 65 35 26 
72 9 10 23 50 30 14 54 2 59 21 45 5 32 40 71 36 27 31 70 55 61 46 64 39 44 51 18 8 69 66 41 22 60 17 49 1 13 56 65 35 26 
73 9 10 23 50 30 14 54 2 59 21 45 5 32 40 71 36 27 31 70 55 61 46 64 39 44 51 18 8 69 66 41 22 60 17 49 1 13 56 65 35 26 
74 9 10 23 50 74 30 14 54 2 59 21 45 5 32 40 71 36 27 31 70 55 61 46 64 39 44 51 18 8 69 66 41 22 60 17 49 1 13 56 65 35 26 
75 9 10 23 50 74 30 14 54 2 59 21 45 5 32 40 71 36 27 31 70 75 55 61 46 64 39 44 51 18 8 69 66 41 22 60 17 49 1 13 56 65 35 26 
76 9 10 23 50 74 30 14 54 2 59 21 45 5 32 40 71 36 27 31 70 75 55 61 46 64 39 44 51 18 8 69 66 41 22 60 17 49 1 76 13 56 65 35 26 
77 9 10 23 50 74 30 14 54 2 59 21 45 5 32 40 71 36 27 31 70 75 55 61 46 64 39 44 51 18 8 69 66 41 22 60 17 49 1 76 13 56 65 35 26 
78 9 10 23 50 74 30 14 54 2 59 21 45 5 32 40 71 36 27 31 70 75 55 61 46 64 39 44 51 18 8 69 66 41 22 60 17 49 1 76 13 56 65 35 26 
79 9 10 23 50 79 74 30 14 54 2 59 21 45 5 32 40 71 36 27 31 70 75 55 61 46 64 39 44 51 18 8 69 66 41 22 60 17 49 1 76 13 56 65 35 26 
80 9 10 23 50 79 74 30 14 54 80 2 59 21 45 5 32 40 71 36 27 31 70 75 55 61 46 64 39 44 51 18 8 69 66 41 22 60 17 49 1 76 13 56 65 35 26 
81 9 10 23 50 79 74 30 14 54 80 2 81 59 21 45 5 32 40 71 36 27 31 70 75 55 61 46 64 39 44 51 18 8 69 66 41 22 60 17 49 1 76 13 56 65 35 26 
82 9 10 23 50 79 74 30 14 54 80 2 81 59 21 45 5 32 40 71 36 27 31 70 75 55 61 46 64 39 44 51 18 8 69 66 41 22 60 17 49 1 76 13 56 65 35 26 
83 9 10 23 50 79 74 30 14 54 80 2 81 59 21 45 5 32 40 71 36 27 31 70 75 55 61 46 64 39 44 51 18 8 69 66 41 22 60 17 49 1 76 13 56 65 35 26 
84 9 10 23 50 79 74 30 14 84 54 80 2 81 59 21 45 5 32 40 71 36 27 31 70 75 55 61 46 64 39 44 51 18 8 69 66 41 22 60 17 49 1 76 13 56 65 35 26 
85 10 79 74 54 80 2 59 45 64 39 18 8 69 66 22 60 49 35 9 23 50 30 14 84 81 21 5 32 40 71 85 36 27 31 70 75 55 61 46 44 51 41 17 1 76 13 56 65 26 
86 10 79 74 86 54 80 2 59 45 64 39 18 8 69 66 22 60 49 35 9 23 50 30 14 84 81 21 5 32 40 71 85 36 27 31 70 75 55 61 46 44 51 41 17 1 76 13 56 65 26 
87 10 79 74 86 54 80 2 59 45 64 39 18 8 69 66 22 60 49 35 9 23 50 30 14 84 81 21 5 32 40 71 85 36 27 31 70 75 55 61 46 44 51 41 17 1 76 13 56 65 26 
88 10 79 74 86 54 80 2 59 45 64 39 18 8 69 66 22 60 49 35 9 23 50 30 14 84 81 21 5 32 40 71 85 36 27 31 70 75 55 61 46 44 51 41 17 1 76 13 56 65 26 
89 10 79 74 86 54 80 2 59 45 64 39 18 8 69 66 22 60 49 35 89 9 23 50 30 14 84 81 21 5 32 40 71 85 36 27 31 70 75 55 61 46 44 51 41 17 1 76 13 56 65 26 
90 10 79 74 86 54 80 2 59 45 64 39 18 8 69 66 22 60 49 35 89 9 23 50 30 14 84 90 81 21 5 32 40 71 85 36 27 31 70 75 55 61 46 44 51 41 17 1 76 13 56 65 26 
91 10 79 74 86 54 80 2 59 45 64 39 18 8 69 66 22 60 49 35 89 9 23 50 30 14 84 90 81 21 5 32 40 71 85 36 27 31 70 75 55 61 46 44 51 41 17 1 76 13 56 65 91 26 
92 10 79 74 86 54 80 2 59 45 64 39 18 8 69 66 22 60 49 35 89 9 23 50 30 14 84 90 81 21 5 32 40 71 85 36 27 31 70 75 55 61 46 44 51 41 17 1 76 13 56 65 91 26 
93 10 79 74 86 54 80 2 59 45 64 39 18 8 69 66 22 60 49 35 89 9 23 50 30 14 84 90 81 21 5 32 40 71 85 36 27 31 70 75 55 61 46 44 51 41 17 1 76 13 56 65 91 26 
94 10 79 74 86 54 80 2 59 45 64 39 18 8 69 66 22 60 49 35 89 9 23 50 30 14 84 90 81 21 5 32 40 71 85 36 27 31 70 75 55 61 46 94 44 51 41 17 1 76 13 56 65 91 26 
95 10 79 74 86 54 80 2 59 45 64 39 18 8 69 66 22 60 49 35 89 9 23 50 30 14 84 90 81 21 5 32 40 71 85 36 27 31 70 75 55 61 46 94 44 51 41 17 1 76 13 56 65 91 26 95 
96 10 79 74 86 54 80 2 59 45 64 39 18 8 69 66 96 22 60 49 35 89 9 23 50 30 14 84 90 81 21 5 32 40 71 85 36 27 31 70 75 55 61 46 94 44 51 41 17 1 76 13 56 65 91 26 95 
97 10 79 74 86 54 80 2 59 45 64 39 18 8 69 66 96 22 60 49 35 89 9 23 50 30 14 84 90 81 21 5 32 40 71 85 36 27 31 70 75 55 61 46 94 44 51 41 17 1 76 13 56 65 91 26 95 
98 10 79 74 86 54 80 2 59 45 64 39 18 8 69 66 96 22 60 49 35 89 9 23 50 30 14 84 90 81 21 5 32 40 71 85 36 27 31 70 75 55 61 46 94 44 51 41 17 1 76 13 56 65 91 26 95 
99 10 79 74 86 54 80 2 59 45 99 64 39 18 8 69 66 96 22 60 49 35 89 9 23 50 30 14 84 90 81 21 5 32 40 71 85 36 27 31 70 75 55 61 46 94 44 51 41 17 1 76 13 56 65 91 26 95 
100 10 79 74 86 54 80 2 59 45 99 64 39 18 8 69 66 96 22 60 49 35 89 9 23 50 30 14 84 90 81 21 5 32 40 71 85 36 27 31 70 100 75 55 61 46 94 44 51 41 17 1 76 13 56 65 91 26 95 
101 10 79 74 86 54 80 2 59 45 99 64 39 18 8 69 66 96 22 60 49 35 89 9 23 50 30 14 84 90 81 21 5 32 40 71 85 36 27 31 70 100 75 55 61 46 94 44 51 41 17 1 76 13 56 65 91 101 26 95 
102 10 79 74 86 54 80 2 59 45 99 64 39 18 8 69 66 96 22 60 49 35 89 9 23 50 30 14 84 90 81 21 5 32 40 71 85 36 27 31 70 100 75 55 61 46 94 44 51 41 17 1 76 13 56 65 91 101 26 95 
103 10 79 74 86 54 80 2 59 45 99 64 39 18 8 69 66 96 22 60 49 35 89 9 23 50 30 14 84 90 81 21 5 32 40 71 85 36 27 31 70 100 75 55 61 46 94 44 51 41 17 1 76 13 56 65 91 101 26 95 
104 10 79 74 86 54 80 2 59 45 99 104 64 39 18 8 69 66 96 22 60 49 35 89 9 23 50 30 14 84 90 81 21 5 32 40 71 85 36 27 31 70 100 75 55 61 46 94 44 51 41 17 1 76 13 56 65 91 101 26 95 
105 10 79 74 86 54 80 2 59 45 99 104 64 39 18 8 69 66 96 22 60 49 35 89 9 23 50 30 14 84 90 81 21 105 5 32 40 71 85 36 27 31 70 100 75 55 61 46 94 44 51 41 17 1 76 13 56 65 91 101 26 95 
106 10 79 74 86 54 80 2 59 45 99 104 64 39 18 8 69 66 96 22 60 49 35 89 9 23 50 30 14 84 90 81 21 105 5 32 40 71 85 36 27 31 70 100 75 55 106 61 46 94 44 51 41 17 1 76 13 56 65 91 101 26 95 
107 10 79 74 86 54 80 2 59 45 107 99 104 64 39 18 8 69 66 96 22 60 49 35 89 9 23 50 30 14 84 90 81 21 105 5 32 40 71 85 36 27 31 70 100 75 55 106 61 46 94 44 51 41 17 1 76 13 56 65 91 101 26 95 
108 10 79 74 86 54 80 2 59 45 107 99 104 64 39 18 8 69 66 96 22 60 108 49 35 89 9 23 50 30 14 84 90 81 21 105 5 32 40 71 85 36 27 31 70 100 75 55 106 61 46 94 44 51 41 17 1 76 13 56 65 91 101 26 95 
109 10 79 74 86 54 80 2 59 45 107 99 104 64 39 18 8 69 66 96 22 60 108 49 35 89 9 23 50 30 14 84 90 81 21 105 5 32 40 71 85 36 27 31 70 100 75 55 106 61 46 94 44 51 41 17 1 76 13 56 65 91 101 26 95 
110 10 79 74 86 54 80 2 59 45 107 99 104 64 39 18 8 69 66 96 22 60 108 49 35 89 9 23 50 30 14 84 90 81 21 105 5 32 40 71 85 36 27 31 70 100 75 55 106 61 46 94 44 51 41 17 1 76 13 56 65 91 101 26 95 
111 10 79 74 86 54 80 2 59 45 107 99 104 64 39 18 8 69 66 96 22 60 108 49 35 89 9 23 50 30 14 84 111 90 81 21 105 5 32 40 71 85 36 27 31 70 100 75 55 106 61 46 94 44 51 41 17 1 76 13 56 65 91 101 26 95 
112 10 79 74 86 54 80 2 59 45 107 99 104 64 39 18 8 69 66 96 112 22 60 108 49 35 89 9 23 50 30 14 84 111 90 81 21 105 5 32 40 71 85 36 27 31 70 100 75 55 106 61 46 94 44 51 41 17 1 76 13 56 65 91 101 26 95 
113 10 79 74 86 54 80 2 59 45 107 99 104 64 39 18 8 69 66 96 112 22 60 108 49 35 89 9 113 23 50 30 14 84 111 90 81 21 105 5 32 40 71 85 36 27 31 70 100 75 55 106 61 46 94 44 51 41 17 1 76 13 56 65 91 101 26 95 
114 10 79 74 86 54 80 2 59 45 107 99 104 64 39 18 8 69 66 96 112 22 60 108 49 35 89 9 113 23 50 30 14 84 111 90 81 21 105 5 32 40 71 85 36 27 31 70 100 75 55 106 61 46 94 44 51 41 17 1 76 13 56 65 91 101 26 95 
115 10 79 74 86 54 80 2 59 45 107 99 104 64 39 18 8 69 66 96 112 22 60 108 49 35 89 9 113 23 50 30 14 84 111 90 81 21 105 5 32 40 71 85 36 27 31 70 100 75 55 106 61 46 94 44 51 41 17 1 76 13 56 65 91 101 26 95 
116 10 79 74 86 54 80 2 59 45 107 99 104 64 39 18 8 69 66 96 112 22 60 108 49 35 89 9 113 23 50 116 30 14 84 111 90 81 21 105 5 32 40 71 85 36 27 31 70 100 75 55 106 61 46 94 44 51 41 17 1 76 13 56 65 91 101 26 95 
117 10 79 74 86 54 80 2 59 45 107 99 104 64 39 18 8 69 66 96 112 22 60 108 49 117 35 89 9 113 23 50 116 30 14 84 111 90 81 21 105 5 32 40 71 85 36 27 31 70 100 75 55 106 61 46 94 44 51 41 17 1 76 13 56 65 91 101 26 95 
118 10 79 74 86 54 80 2 59 45 107 99 104 64 39 18 8 69 66 96 112 22 60 108 49 117 35 89 9 113 23 50 116 30 14 84 111 90 81 21 105 5 32 40 71 85 36 27 31 70 100 75 55 106 61 46 94 44 51 41 17 1 76 13 56 65 91 101 26 95 118 
119 10 79 74 86 54 80 2 59 45 107 99 104 64 39 18 8 69 66 96 112 22 60 108 49 117 35 89 9 113 23 50 116 30 14 84 111 90 81 21 105 5 32 40 71 85 36 27 31 70 100 75 55 106 61 46 94 44 51 41 17 1 76 13 56 65 91 101 26 95 118 
120 10 79 74 86 54 80 2 59 45 107 99 104 64 39 18 8 69 66 96 112 22 60 108 49 117 35 89 9 113 23 50 116 30 14 84 111 90 81 21 105 5 32 40 71 85 36 27 31 70 100 75 55 106 61 46 94 44 51 41 17 1 76 13 56 65 91 101 26 95 118 
121 10 79 74 86 54 80 2 59 45 107 99 104 64 39 18 8 69 66 96 112 22 60 108 49 117 35 89 9 113 23 50 116 30 14 84 111 90 81 21 105 5 32 40 71 85 121 36 27 31 70 100 75 55 106 61 46 94 44 51 41 17 1 76 13 56 65 91 101 26 95 118 
122 10 79 74 86 54 80 2 59 45 107 99 104 64 39 18 8 69 66 96 112 22 60 108 49 117 35 89 122 9 113 23 50 116 30 14 84 111 90 81 21 105 5 32 40 71 85 121 36 27 31 70 100 75 55 106 61 46 94 44 51 41 17 1 76 13 56 65 91 101 26 95 118 
123 10 79 74 86 54 80 2 59 45 107 99 104 64 39 18 8 69 66 96 112 22 60 108 49 117 35 89 122 9 113 23 50 116 30 14 84 111 90 81 21 105 5 32 40 71 85 121 36 27 31 70 100 75 55 106 61 46 94 44 51 41 17 1 76 13 56 65 91 101 26 123 95 118 
124 10 79 74 86 54 80 2 59 45 107 99 104 64 39 18 8 69 66 96 112 22 60 108 49 117 35 89 122 9 113 23 50 116 30 14 84 111 90 81 21 105 5 32 40 71 85 121 36 27 31 70 100 75 55 106 61 46 94 44 51 41 17 1 76 13 56 65 91 101 26 123 95 118 
125 10 79 74 86 54 80 2 59 45 107 99 104 64 39 18 8 69 66 96 112 22 60 108 49 117 35 89 122 9 113 23 50 116 30 14 84 111 90 81 21 105 5 32 40 71 85 121 36 27 31 70 100 75 55 106 61 46 94 44 51 41 17 1 76 13 56 65 91 101 26 123 95 118 
126 10 79 74 86 54 80 2 59 45 107 99 104 64 39 18 8 69 66 96 112 22 60 108 49 117 35 89 122 9 113 23 50 116 30 14 84 111 90 81 21 105 5 32 40 71 85 121 36 126 27 31 70 100 75 55 106 61 46 94 44 51 41 17 1 76 13 56 65 91 101 26 123 95 118 
127 10 79 74 86 54 80 2 59 45 107 99 104 64 127 39 18 8 69 66 96 112 22 60 108 49 117 35 89 122 9 113 23 50 116 30 14 84 111 90 81 21 105 5 32 40 71 85 121 36 126 27 31 70 100 75 55 106 61 46 94 44 51 41 17 1 76 13 56 65 91 101 26 123 95 118 
128 10 79 74 86 54 80 2 59 45 107 99 104 64 127 39 18 8 69 66 96 112 22 60 108 49 117 35 89 122 9 113 23 50 116 30 14 84 111 90 81 21 105 5 32 40 71 85 121 36 126 27 31 70 100 75 55 106 61 46 94 44 51 128 41 17 1 76 13 56 65 91 101 26 123 95 118 
129 10 79 74 86 54 80 2 59 45 107 99 104 64 127 39 18 8 69 66 96 112 22 60 108 49 117 35 89 122 9 113 23 50 116 30 14 84 111 90 81 21 105 5 32 40 71 85 121 36 126 27 31 70 100 75 55 106 61 46 94 44 51 128 41 17 1 76 13 56 65 91 101 26 123 95 118 
130 10 79 74 86 54 80 2 59 45 107 99 104 64 127 39 18 8 69 66 96 112 22 60 108 49 117 35 89 122 9 113 23 50 116 30 14 84 111 90 81 21 105 5 32 40 71 85 121 36 126 27 31 70 100 75 55 106 61 46 94 44 51 128 41 17 1 76 13 56 65 91 101 26 123 95 118 
131 10 79 74 86 54 80 2 59 45 107 99 104 64 127 39 18 8 69 66 96 112 22 60 108 49 117 35 89 122 9 113 23 50 116 30 14 84 111 90 81 131 21 105 5 32 40 71 85 121 36 126 27 31 70 100 75 55 106 61 46 94 44 51 128 41 17 1 76 13 56 65 91 101 26 123 95 118 
132 10 79 74 86 54 80 2 59 45 107 99 104 64 127 39 18 8 69 66 96 112 22 60 108 49 117 35 89 122 132 9 113 23 50 116 30 14 84 111 90 81 131 21 105 5 32 40 71 85 121 36 126 27 31 70 100 75 55 106 61 46 94 44 51 128 41 17 1 76 13 56 65 91 101 26 123 95 118 
133 10 79 74 86 54 80 2 59 45 107 99 104 64 127 39 18 8 69 66 96 112 22 60 108 49 117 35 89 133 122 132 9 113 23 50 116 30 14 84 111 90 81 131 21 105 5 32 40 71 85 121 36 126 27 31 70 100 75 55 106 61 46 94 44 51 128 41 17 1 76 13 56 65 91 101 26 123 95 118 
134 10 79 74 86 54 80 2 59 45 107 99 104 64 127 39 18 8 69 66 96 112 22 60 108 49 117 35 89 133 122 132 9 113 23 50 116 30 14 84 111 90 81 131 21 105 5 32 40 71 85 121 36 126 27 31 70 100 75 55 106 61 46 94 44 51 128 41 17 1 76 13 56 65 91 101 26 123 95 118 
135 10 79 74 86 54 80 2 59 45 107 99 104 64 127 39 18 8 69 66 96 112 22 60 108 49 117 35 89 133 122 132 9 113 23 50 116 30 14 84 111 90 81 131 21 105 5 32 40 71 85 121 36 126 27 31 70 100 75 55 106 61 46 94 44 51 128 41 17 1 76 13 56 65 91 101 26 123 95 118 
136 136 10 79 74 86 54 80 2 59 45 107 99 104 64 127 39 18 8 69 66 96 112 22 60 108 49 117 35 89 133 122 132 9 113 23 50 116 30 14 84 111 90 81 131 21 105 5 32 40 71 85 121 36 126 27 31 70 100 75 55 106 61 46 94 44 51 128 41 17 1 76 13 56 65 91 101 26 123 95 118 
137 136 10 79 74 86 54 80 2 59 45 107 99 104 64 127 39 18 8 69 66 96 112 22 60 108 49 117 35 89 133 122 132 9 113 23 50 116 30 14 84 111 90 81 131 21 105 5 32 40 71 85 121 36 126 27 31 70 100 75 55 106 61 46 94 44 51 128 41 137 17 1 76 13 56 65 91 101 26 123 95 118 
138 136 10 79 74 86 54 80 2 59 45 107 99 104 64 127 39 18 8 69 66 96 112 22 60 108 49 117 35 89 133 122 132 9 113 23 50 116 30 14 84 111 90 81 131 21 105 5 32 40 71 85 121 36 126 27 31 70 100 75 55 106 61 46 94 44 51 128 41 137 17 1 76 13 56 65 91 101 26 123 138 95 118 
139 136 10 79 74 86 54 80 2 59 45 107 99 104 64 127 39 18 8 69 66 96 112 22 60 108 49 117 35 89 133 122 132 9 113 23 50 116 30 14 84 111 90 81 131 21 105 5 32 40 71 85 121 36 126 27 31 70 100 75 55 106 61 46 94 44 51 128 41 137 17 1 76 13 56 65 91 101 26 123 138 95 118 
140 136 10 79 74 86 54 80 2 59 45 107 99 104 64 127 39 18 8 69 66 96 112 22 60 108 49 117 35 89 133 122 132 9 113 23 50 116 30 14 84 111 90 81 131 21 105 5 32 40 71 85 121 36 126 27 31 70 100 75 55 106 61 46 94 44 51 128 41 137 17 1 76 13 56 65 91 101 26 123 138 95 118 
141 136 10 79 74 86 54 80 2 59 45 141 107 99 104 64 127 39 18 8 69 66 96 112 22 60 108 49 117 35 89 133 122 132 9 113 23 50 116 30 14 84 111 90 81 131 21 105 5 32 40 71 85 121 36 126 27 31 70 100 75 55 106 61 46 94 44 51 128 41 137 17 1 76 13 56 65 91 101 26 123 138 95 118 
142 136 10 79 74 86 54 80 2 59 45 141 107 99 104 64 127 39 18 8 69 66 96 112 22 60 108 49 117 35 89 133 122 132 9 113 23 50 142 116 30 14 84 111 90 81 131 21 105 5 32 40 71 85 121 36 126 27 31 70 100 75 55 106 61 46 94 44 51 128 41 137 17 1 76 13 56 65 91 101 26 123 138 95 118 
143 136 10 79 74 86 54 80 2 59 45 141 107 99 104 64 127 39 18 8 69 66 96 112 22 60 108 49 117 35 89 133 122 132 9 113 23 50 142 116 30 14 84 111 90 143 81 131 21 105 5 32 40 71 85 121 36 126 27 31 70 100 75 55 106 61 46 94 44 51 128 41 137 17 1 76 13 56 65 91 101 26 123 138 95 118 
144 136 10 79 74 86 54 80 2 59 45 141 107 99 104 64 127 39 18 8 69 66 96 112 22 60 108 49 117 35 89 133 122 132 9 113 23 50 142 116 30 14 84 111 90 143 81 131 21 105 5 32 40 71 85 121 36 126 27 31 70 100 75 55 106 61 46 94 44 51 128 41 137 17 1 76 13 56 65 91 101 26 123 138 95 118 
145 136 10 79 74 86 54 80 2 59 45 141 107 99 104 64 127 39 18 8 69 66 96 112 22 60 108 49 117 35 89 133 122 132 9 113 23 50 142 116 30 14 84 111 90 143 81 131 21 105 5 32 40 71 85 121 36 126 27 31 70 100 75 55 106 61 46 94 44 51 128 41 137 17 1 76 13 56 65 91 101 26 123 138 95 118 
146 136 10 79 74 146 86 54 80 2 59 45 141 107 99 104 64 127 39 18 8 69 66 96 112 22 60 108 49 117 35 89 133 122 132 9 113 23 50 142 116 30 14 84 111 90 143 81 131 21 105 5 32 40 71 85 121 36 126 27 31 70 100 75 55 106 61 46 94 44 51 128 41 137 17 1 76 13 56 65 91 101 26 123 138 95 118 
147 136 10 79 74 146 86 54 80 2 59 45 141 107 99 104 64 127 39 18 8 69 66 96 112 22 60 108 49 117 35 89 133 122 132 9 113 23 50 142 116 30 14 84 111 90 143 81 131 21 105 5 32 40 71 85 121 36 126 27 31 70 100 75 55 106 61 46 94 44 51 128 147 41 137 17 1 76 13 56 65 91 101 26 123 138 95 118 
148 136 10 79 74 146 86 54 80 2 59 45 141 107 99 104 64 127 39 18 8 148 69 66 96 112 22 60 108 49 117 35 89 133 122 132 9 113 23 50 142 116 30 14 84 111 90 143 81 131 21 105 5 32 40 71 85 121 36 126 27 31 70 100 75 55 106 61 46 94 44 51 128 147 41 137 17 1 76 13 56 65 91 101 26 123 138 95 118 
149 136 10 79 74 146 86 54 80 2 59 45 141 107 99 104 64 127 39 18 8 148 69 66 96 112 22 60 108 49 117 35 89 133 122 132 9 113 23 50 142 116 30 14 84 111 90 143 81 131 21 105 5 32 40 71 85 121 36 126 27 31 70 100 75 55 106 61 46 94 44 51 128 147 41 137 17 1 76 13 56 65 91 101 26 123 138 95 118 
150 136 10 79 74 146 86 54 80 2 59 45 141 107 99 104 64 127 39 18 8 148 69 66 96 112 22 60 108 49 117 35 89 133 122 132 9 113 23 50 142 116 30 14 84 111 90 143 81 131 21 105 5 32 40 71 85 121 36 126 27 31 70 100 75 55 106 61 46 94 44 51 128 147 41 137 17 1 76 13 56 65 91 101 26 123 138 95 118 
151 136 10 79 74 146 86 54 80 2 59 45 141 107 99 104 64 127 39 18 8 148 69 66 96 112 22 60 108 49 117 35 89 133 122 132 9 113 23 50 142 116 30 14 84 111 90 143 81 131 21 105 5 32 40 71 85 121 36 126 27 31 70 100 75 55 106 61 46 94 44 51 128 147 41 137 17 151 1 76 13 56 65 91 101 26 123 138 95 118 
152 136 10 79 74 146 86 54 80 2 59 45 141 107 99 104 64 127 39 18 8 148 69 66 96 112 22 60 108 49 117 35 89 133 122 132 9 113 23 50 142 116 30 14 84 111 90 143 81 131 21 105 5 32 40 71 85 121 36 126 27 31 70 100 75 55 106 61 46 94 44 51 128 152 147 41 137 17 151 1 76 13 56 65 91 101 26 123 138 95 118 
153 136 10 79 74 146 86 54 80 2 59 45 141 107 99 104 64 127 39 18 8 148 69 66 96 112 22 60 108 49 117 35 89 133 122 132 9 113 23 50 142 116 30 14 84 111 90 143 81 131 21 105 5 32 40 71 85 121 36 126 27 31 70 100 75 153 55 106 61 46 94 44 51 128 152 147 41 137 17 151 1 76 13 56 65 91 101 26 123 138 95 118 
154 136 10 79 74 146 86 54 80 2 59 45 141 107 99 104 64 127 39 18 8 148 69 66 96 112 22 60 108 49 117 35 89 133 122 132 9 113 23 50 142 116 30 14 84 111 90 143 81 131 21 105 5 32 40 71 85 121 36 126 27 31 70 100 75 153 55 106 61 46 94 44 51 128 152 147 41 137 17 151 1 76 13 56 65 91 101 26 123 138 95 118 
155 136 10 79 74 146 86 54 80 2 59 45 141 107 99 104 64 127 39 18 8 148 69 66 96 112 22 60 108 49 117 35 89 133 122 132 9 113 23 50 142 116 30 14 84 111 90 143 81 131 21 105 5 32 40 71 85 121 36 126 27 31 70 100 75 153 55 106 61 46 94 44 51 128 152 147 41 137 17 151 1 76 13 56 65 91 101 26 123 138 95 118 
156 136 10 79 74 146 86 54 80 2 59 45 141 107 99 104 64 127 39 156 18 8 148 69 66 96 112 22 60 108 49 117 35 89 133 122 132 9 113 23 50 142 116 30 14 84 111 90 143 81 131 21 105 5 32 40 71 85 121 36 126 27 31 70 100 75 153 55 106 61 46 94 44 51 128 152 147 41 137 17 151 1 76 13 56 65 91 101 26 123 138 95 118 
157 136 10 79 74 146 86 54 80 2 59 45 141 107 99 104 64 127 39 156 18 8 148 69 66 96 112 22 60 108 49 117 35 89 133 122 132 9 113 23 50 142 116 30 14 84 111 90 143 81 131 21 105 5 32 40 71 85 121 157 36 126 27 31 70 100 75 153 55 106 61 46 94 44 51 128 152 147 41 137 17 151 1 76 13 56 65 91 101 26 123 138 95 118 
158 136 10 79 74 146 86 54 80 2 59 45 141 107 99 104 64 127 39 156 18 8 148 69 66 96 112 22 60 108 49 117 35 89 133 122 132 9 113 23 50 142 116 30 14 84 111 90 143 81 131 21 105 5 32 40 71 85 121 157 36 126 27 31 70 100 75 153 55 106 61 46 94 44 51 128 152 147 41 137 17 151 1 76 13 56 65 91 101 158 26 123 138 95 118 
159 136 10 79 74 146 86 54 80 2 59 45 141 107 99 104 64 127 39 156 18 8 148 69 66 96 112 22 60 108 49 117 35 89 133 122 132 9 113 23 50 142 116 30 14 84 111 90 143 81 131 21 105 5 32 40 71 85 121 157 36 126 27 31 70 100 75 153 55 106 61 46 94 44 51 128 152 147 41 137 17 151 1 76 13 56 65 91 101 158 26 123 138 95 118 
160 136 10 79 74 146 86 54 80 2 59 45 141 107 99 104 64 127 39 156 18 8 148 69 66 96 112 22 60 108 49 117 35 89 133 122 132 9 113 23 50 142 116 30 14 84 111 90 143 81 131 21 105 5 32 40 71 85 121 157 36 126 27 31 70 100 75 153 55 106 61 46 94 44 51 128 152 147 41 137 17 151 1 76 13 56 65 91 101 158 26 123 138 95 118 
161 136 10 79 74 146 86 54 80 2 59 45 141 107 99 104 64 127 39 156 18 8 148 69 66 96 112 22 60 108 49 117 35 89 133 122 132 9 113 23 50 142 116 30 14 84 111 90 143 81 131 21 105 5 32 40 71 85 121 157 36 126 27 31 70 100 75 153 55 106 61 46 94 44 51 128 152 147 161 41 137 17 151 1 76 13 56 65 91 101 158 26 123 138 95 118 
162 136 10 79 74 146 86 54 80 2 59 45 141 107 99 104 64 127 39 156 18 8 148 69 66 96 112 22 60 108 49 117 35 89 133 122 132 9 113 23 50 142 116 30 14 84 111 90 143 81 131 21 105 5 32 40 71 85 121 157 36 126 27 31 70 100 75 153 55 106 61 46 94 44 51 128 152 147 161 41 137 17 151 1 76 13 56 65 91 101 158 26 123 138 95 118 162 
163 136 10 79 74 146 86 54 80 2 59 45 141 107 99 104 64 127 39 156 18 8 148 69 66 96 112 22 60 108 49 117 35 89 133 122 132 9 113 23 50 142 116 30 14 84 111 90 143 81 131 21 105 5 32 40 71 85 121 157 36 126 27 31 70 100 75 153 55 106 61 46 94 44 51 128 152 147 161 41 137 17 151 1 76 13 56 65 91 101 158 26 123 138 95 118 162 
164 136 10 79 74 146 86 54 80 2 59 45 141 107 99 104 64 127 39 156 18 8 148 69 66 96 112 22 60 108 49 117 35 89 133 122 132 9 113 23 50 142 116 30 14 84 111 90 143 81 131 21 105 5 32 40 71 85 121 157 36 126 27 31 70 100 75 153 55 106 61 46 94 44 51 128 152 147 161 41 137 17 151 1 76 13 56 65 91 101 158 26 123 138 95 118 162 
165 136 10 74 86 80 59 99 104 64 127 39 156 69 66 96 108 49 35 133 165 122 23 30 14 90 81 5 32 40 121 70 75 61 51 128 152 161 41 137 151 76 56 101 123 138 95 118 79 146 54 2 45 141 107 18 8 148 112 22 60 117 89 132 9 113 50 142 116 84 111 143 131 21 105 71 85 157 36 126 27 31 100 153 55 106 46 94 44 147 17 1 13 65 91 158 26 162 
166 136 10 74 86 80 59 99 104 64 127 39 156 69 66 96 108 49 35 133 165 122 23 30 14 90 81 5 32 40 121 70 75 61 51 128 152 161 41 137 151 76 56 101 123 138 95 118 79 146 54 166 2 45 141 107 18 8 148 112 22 60 117 89 132 9 113 50 142 116 84 111 143 131 21 105 71 85 157 36 126 27 31 100 153 55 106 46 94 44 147 17 1 13 65 91 158 26 162 
167 136 10 74 86 80 59 99 104 64 127 39 156 69 66 96 108 49 35 133 165 122 23 30 14 90 81 5 32 40 121 70 75 61 51 128 152 161 41 137 151 76 56 101 123 138 95 118 79 146 54 166 2 45 141 107 167 18 8 148 112 22 60 117 89 132 9 113 50 142 116 84 111 143 131 21 105 71 85 157 36 126 27 31 100 153 55 106 46 94 44 147 17 1 13 65 91 158 26 162 
168 136 10 74 86 80 59 99 104 64 127 39 156 69 66 96 108 49 35 133 165 122 23 30 14 90 81 5 32 40 121 70 75 61 51 128 152 161 41 137 151 76 56 101 123 138 95 118 79 146 54 166 2 45 141 107 167 18 8 148 112 22 60 117 89 132 9 113 50 142 116 84 111 143 131 21 105 71 85 157 36 126 27 31 100 153 55 106 46 94 44 147 17 1 13 65 91 158 26 162 
169 136 10 74 86 80 59 99 104 64 127 39 156 69 66 96 108 49 35 133 165 122 23 30 14 90 81 5 32 40 121 70 75 61 51 128 152 161 41 137 151 76 56 101 123 138 95 118 79 146 54 166 2 45 141 107 167 18 8 148 112 22 60 117 89 132 9 113 50 142 116 84 111 143 131 21 105 71 85 157 36 126 27 31 100 153 55 106 46 94 44 147 17 1 13 65 91 158 26 162 
170 136 10 74 86 80 59 99 104 64 127 39 156 69 66 96 108 49 35 133 165 122 23 30 14 90 81 5 32 40 121 70 75 61 51 128 152 161 41 137 151 76 56 101 123 138 95 118 79 146 54 166 2 45 141 107 167 18 8 148 112 22 60 117 89 132 9 113 50 142 116 84 111 143 131 21 105 71 85 157 36 126 27 31 100 153 55 106 46 94 44 147 17 1 13 65 91 170 158 26 162 
171 136 10 74 86 80 59 99 104 64 127 39 156 69 66 96 108 49 35 133 165 122 23 30 14 90 81 5 32 40 121 70 75 61 51 128 152 161 41 137 151 76 56 101 123 138 95 118 79 146 54 166 171 2 45 141 107 167 18 8 148 112 22 60 117 89 132 9 113 50 142 116 84 111 143 131 21 105 71 85 157 36 126 27 31 100 153 55 106 46 94 44 147 17 1 13 65 91 170 158 26 162 
172 136 10 74 86 80 59 99 104 64 127 39 156 69 66 96 108 49 35 133 165 122 23 30 14 90 81 5 32 40 121 70 75 61 51 128 152 161 41 137 151 76 56 101 123 138 95 118 79 146 54 166 171 2 45 141 107 167 18 8 148 112 22 60 117 89 132 9 113 50 142 116 84 111 143 131 21 105 71 85 157 36 126 27 31 100 172 153 55 106 46 94 44 147 17 1 13 65 91 170 158 26 162 
173 136 10 74 86 80 59 99 104 64 127 39 156 69 66 96 108 49 35 133 165 122 23 30 14 90 81 5 32 40 121 70 75 61 51 128 152 161 41 137 151 76 56 101 123 138 95 118 79 146 54 166 171 2 45 141 107 167 18 8 148 112 22 60 117 89 132 9 113 50 142 116 84 111 143 131 21 105 71 85 157 36 126 27 31 100 172 153 55 106 46 94 44 147 17 1 13 65 91 170 158 26 162 
174 136 10 74 86 80 59 99 104 64 127 39 156 69 66 96 108 49 35 133 165 122 23 30 14 90 81 5 32 40 121 70 75 61 51 128 152 161 41 137 151 76 56 101 123 138 95 118 79 146 54 166 171 2 45 141 107 167 18 8 148 112 22 60 117 89 132 9 113 50 142 116 84 111 143 131 21 105 71 85 157 36 126 27 31 100 172 153 55 106 46 94 44 147 17 1 13 65 91 170 158 26 162 
175 136 10 74 86 80 59 99 104 64 127 39 156 69 66 96 108 49 35 133 165 122 23 30 14 90 81 5 32 40 121 70 75 61 175 51 128 152 161 41 137 151 76 56 101 123 138 95 118 79 146 54 166 171 2 45 141 107 167 18 8 148 112 22 60 117 89 132 9 113 50 142 116 84 111 143 131 21 105 71 85 157 36 126 27 31 100 172 153 55 106 46 94 44 147 17 1 13 65 91 170 158 26 162 
176 136 10 74 86 80 59 99 104 64 127 39 156 69 176 66 96 108 49 35 133 165 122 23 30 14 90 81 5 32 40 121 70 75 61 175 51 128 152 161 41 137 151 76 56 101 123 138 95 118 79 146 54 166 171 2 45 141 107 167 18 8 148 112 22 60 117 89 132 9 113 50 142 116 84 111 143 131 21 105 71 85 157 36 126 27 31 100 172 153 55 106 46 94 44 147 17 1 13 65 91 170 158 26 162 
177 136 10 74 86 80 59 99 104 64 127 39 156 69 176 66 96 108 49 35 133 165 122 23 30 14 90 81 5 32 40 121 70 75 61 175 51 128 152 161 41 137 151 76 56 101 123 138 95 118 79 146 54 166 171 2 177 45 141 107 167 18 8 148 112 22 60 117 89 132 9 113 50 142 116 84 111 143 131 21 105 71 85 157 36 126 27 31 100 172 153 55 106 46 94 44 147 17 1 13 65 91 170 158 26 162 
178 136 10 74 86 80 59 99 104 64 127 39 156 69 176 66 96 108 49 35 133 165 122 23 30 14 90 81 5 32 40 121 70 75 61 175 51 128 152 161 41 137 151 76 56 101 123 138 95 118 79 146 54 166 171 2 177 45 141 107 167 18 8 148 112 22 60 117 89 132 9 113 50 142 116 84 111 143 131 21 105 71 85 157 36 126 27 31 100 172 153 55 106 46 94 44 147 17 1 13 65 91 170 158 26 162 
179 136 10 74 86 80 59 99 104 64 127 39 156 69 176 66 96 108 49 35 133 165 122 23 30 14 90 81 5 32 40 121 70 75 61 175 51 128 152 161 41 137 151 76 56 101 123 138 95 118 79 146 54 166 171 2 177 45 141 107 167 18 8 148 112 22 60 117 89 132 9 113 50 142 116 84 111 143 131 21 105 71 85 157 36 126 27 31 100 172 153 55 106 46 94 44 147 17 1 13 65 91 170 158 26 162 
180 136 10 74 86 80 59 99 104 64 180 127 39 156 69 176 66 96 108 49 35 133 165 122 23 30 14 90 81 5 32 40 121 70 75 61 175 51 128 152 161 41 137 151 76 56 101 123 138 95 118 79 146 54 166 171 2 177 45 141 107 167 18 8 148 112 22 60 117 89 132 9 113 50 142 116 84 111 143 131 21 105 71 85 157 36 126 27 31 100 172 153 55 106 46 94 44 147 17 1 13 65 91 170 158 26 162 
181 136 10 74 86 80 59 99 104 64 180 127 39 156 69 176 66 96 108 49 35 133 165 122 23 30 14 90 81 5 32 40 121 70 75 61 175 51 128 152 161 41 137 151 76 56 101 123 138 95 118 79 181 146 54 166 171 2 177 45 141 107 167 18 8 148 112 22 60 117 89 132 9 113 50 142 116 84 111 143 131 21 105 71 85 157 36 126 27 31 100 172 153 55 106 46 94 44 147 17 1 13 65 91 170 158 26 162 
182 136 10 74 86 80 59 99 104 64 180 127 39 156 69 176 66 96 108 49 35 133 165 122 23 30 14 90 81 5 32 40 121 70 75 61 175 51 128 152 161 41 137 151 76 56 101 123 138 95 118 79 181 146 54 166 171 2 177 45 141 107 167 18 8 148 112 22 60 117 89 132 9 113 50 142 116 84 111 143 131 21 105 71 85 157 36 126 27 31 100 172 153 55 106 46 94 44 147 182 17 1 13 65 91 170 158 26 162 
183 136 10 74 86 80 59 99 104 64 180 127 39 156 69 176 66 96 108 49 35 133 165 122 23 30 14 90 81 5 32 40 121 70 75 61 175 51 128 152 161 41 137 151 76 56 101 123 138 95 118 79 181 146 54 166 171 2 177 45 141 107 167 18 8 148 112 22 60 117 89 132 9 113 50 142 116 84 111 143 131 21 105 71 85 157 36 126 27 31 100 172 153 55 106 46 94 44 147 182 17 1 13 65 91 170 158 26 162 
184 136 10 74 86 80 59 99 104 64 180 127 39 156 69 176 66 96 108 49 35 133 165 122 23 30 14 90 81 5 32 40 121 70 75 61 175 51 128 152 161 41 137 151 76 56 101 123 138 95 118 79 181 146 54 166 171 2 177 45 141 107 167 18 8 148 112 22 60 117 89 132 9 113 50 142 116 84 111 143 131 21 105 71 85 157 36 126 27 31 100 172 153 55 106 46 94 44 147 182 17 1 13 65 91 170 158 26 162 
185 136 10 74 86 80 59 185 99 104 64 180 127 39 156 69 176 66 96 108 49 35 133 165 122 23 30 14 90 81 5 32 40 121 70 75 61 175 51 128 152 161 41 137 151 76 56 101 123 138 95 118 79 181 146 54 166 171 2 177 45 141 107 167 18 8 148 112 22 60 117 89 132 9 113 50 142 116 84 111 143 131 21 105 71 85 157 36 126 27 31 100 172 153 55 106 46 94 44 147 182 17 1 13 65 91 170 158 26 162 
186 136 10 74 86 80 59 185 99 104 64 180 127 39 156 69 176 66 96 108 49 35 133 165 122 23 30 14 90 81 5 32 40 121 70 75 61 175 51 128 152 161 41 137 151 76 56 101 123 138 95 118 79 181 146 54 166 171 2 177 45 141 107 186 167 18 8 148 112 22 60 117 89 132 9 113 50 142 116 84 111 143 131 21 105 71 85 157 36 126 27 31 100 172 153 55 106 46 94 44 147 182 17 1 13 65 91 170 158 26 162 
187 136 10 74 86 80 59 185 99 104 64 180 187 127 39 156 69 176 66 96 108 49 35 133 165 122 23 30 14 90 81 5 32 40 121 70 75 61 175 51 128 152 161 41 137 151 76 56 101 123 138 95 118 79 181 146 54 166 171 2 177 45 141 107 186 167 18 8 148 112 22 60 117 89 132 9 113 50 142 116 84 111 143 131 21 105 71 85 157 36 126 27 31 100 172 153 55 106 46 94 44 147 182 17 1 13 65 91 170 158 26 162 
188 136 10 74 86 80 59 185 99 104 64 180 187 127 39 156 69 176 66 96 108 49 35 133 165 122 23 30 14 90 81 5 32 40 121 70 75 61 175 51 128 152 161 41 137 151 76 56 101 123 138 95 118 79 181 146 54 166 171 2 177 45 141 107 186 167 18 8 148 112 22 60 117 89 132 9 113 50 142 116 84 111 143 131 21 105 71 85 157 36 126 27 31 100 172 153 55 106 46 94 44 147 182 17 1 13 65 91 170 158 26 162 
189 136 10 74 86 80 59 185 99 104 64 180 187 127 39 156 69 176 66 96 108 49 35 133 165 122 23 30 14 90 81 5 32 40 121 70 75 61 175 51 128 152 161 41 137 151 76 56 101 123 138 95 118 79 181 146 54 166 171 2 177 45 141 107 186 167 18 8 148 112 22 60 117 89 132 9 113 50 142 116 84 111 143 131 21 105 71 85 157 36 126 27 31 100 172 153 55 106 46 94 44 147 182 17 1 13 65 91 170 158 26 162 
190 136 10 74 86 80 59 185 99 104 64 180 187 127 39 156 69 176 66 96 108 49 35 133 165 122 23 30 14 90 81 5 32 40 121 70 75 61 175 51 128 152 161 41 137 151 76 56 101 123 138 95 118 79 181 146 54 166 171 2 190 177 45 141 107 186 167 18 8 148 112 22 60 117 89 132 9 113 50 142 116 84 111 143 131 21 105 71 85 157 36 126 27 31 100 172 153 55 106 46 94 44 147 182 17 1 13 65 91 170 158 26 162 
191 136 10 74 86 80 59 185 99 104 64 180 187 127 39 156 69 176 66 96 108 49 35 133 165 122 23 30 14 90 81 5 32 40 121 70 75 61 175 51 128 152 161 41 137 151 76 56 101 123 138 95 118 79 181 146 54 166 171 2 190 177 45 141 107 186 167 18 8 148 112 22 60 117 89 132 9 113 50 191 142 116 84 111 143 131 21 105 71 85 157 36 126 27 31 100 172 153 55 106 46 94 44 147 182 17 1 13 65 91 170 158 26 162 
192 136 10 74 86 80 59 185 99 104 64 180 187 127 39 156 69 176 66 96 108 49 35 133 165 122 23 30 14 90 81 5 32 40 121 70 75 61 175 51 128 152 161 41 137 151 76 56 101 123 138 95 118 79 181 146 54 166 171 2 190 177 45 141 107 192 186 167 18 8 148 112 22 60 117 89 132 9 113 50 191 142 116 84 111 143 131 21 105 71 85 157 36 126 27 31 100 172 153 55 106 46 94 44 147 182 17 1 13 65 91 170 158 26 162 
193 136 10 74 86 80 59 185 99 104 64 180 187 127 39 156 69 176 66 96 108 49 35 133 165 122 23 30 14 90 81 5 32 40 121 70 75 61 175 51 128 152 161 41 137 151 76 56 101 123 138 95 118 79 181 146 54 166 171 2 190 177 45 141 107 192 186 167 18 8 148 112 22 60 117 89 132 9 113 50 191 142 116 84 111 143 131 21 105 71 85 157 36 126 27 31 100 172 153 55 106 46 94 44 147 182 17 1 13 65 91 170 158 26 162 
194 136 10 74 86 80 59 185 99 104 64 180 187 127 39 156 69 176 66 96 108 49 35 133 165 122 23 30 14 90 81 5 32 40 121 70 75 61 175 51 128 152 161 41 137 151 76 56 101 123 138 95 118 79 181 146 54 166 171 2 190 177 45 141 107 192 186 167 18 8 148 112 22 60 117 89 132 9 113 50 191 142 116 84 111 143 131 21 105 71 85 157 36 126 27 31 100 172 153 55 106 46 94 44 147 182 17 1 13 65 91 170 158 26 162 
195 136 10 74 86 80 59 185 99 104 64 180 187 127 39 156 69 176 66 96 108 49 35 133 165 122 23 30 14 90 81 5 32 40 121 70 75 61 175 51 128 152 161 41 137 151 76 56 101 123 138 95 118 79 181 146 54 166 171 2 190 177 45 141 107 192 186 167 18 8 148 112 22 60 117 89 132 9 113 50 191 142 116 84 111 143 131 21 105 71 85 157 36 126 27 31 100 172 153 55 106 46 94 44 147 182 17 1 13 65 91 170 158 26 162 
