1 1 
2 1 2 
3 1 2 
4 1 2 
5 5 1 2 
6 5 1 2 
7 5 1 2 
8 5 1 2 8 
9 9 5 1 2 8 
10 9 5 1 2 8 10 
11 9 5 11 1 2 8 10 
12 9 5 11 1 2 8 10 
13 9 5 11 1 2 8 10 
14 9 5 11 1 2 8 10 14 
15 9 5 11 1 2 8 10 14 15 
16 9 5 11 1 2 8 10 14 15 16 
17 9 5 11 1 2 8 10 14 15 16 
18 9 5 11 1 2 8 10 14 15 16 
19 9 5 11 19 1 2 8 10 14 15 16 
20 9 5 11 19 1 20 2 8 10 14 15 16 
21 5 11 20 10 14 15 16 9 19 1 21 2 8 
22 5 11 20 10 14 15 16 9 19 1 21 2 8 
23 5 11 20 10 14 15 16 9 19 1 21 2 8 
24 24 5 11 20 10 14 15 16 9 19 1 21 2 8 
25 24 5 25 11 20 10 14 15 16 9 19 1 21 2 8 
26 24 5 25 26 11 20 10 14 15 16 9 19 1 21 2 8 
27 24 5 25 26 11 20 10 14 15 16 9 19 1 21 2 8 
28 24 5 25 26 11 20 10 14 15 16 9 19 1 21 2 8 
29 24 5 25 26 11 20 10 14 15 16 9 19 1 21 2 8 
