1 1 
2 2 1 
3 2 1 
4 2 1 
5 2 5 1 
6 2 5 1 
7 2 5 1 
8 8 2 5 1 
9 8 9 2 5 1 
10 8 9 2 10 5 1 
11 8 9 2 10 5 1 
12 8 9 2 10 5 1 
13 8 9 2 10 5 13 1 
14 8 9 2 10 5 13 14 1 
15 8 9 2 10 5 15 13 14 1 
16 8 9 2 10 5 15 13 14 1 
17 8 9 2 10 5 15 13 14 1 
18 8 9 2 10 5 15 13 14 1 18 
19 8 9 2 10 5 15 13 14 19 1 18 
20 8 9 2 10 5 15 13 14 19 1 20 18 
21 8 9 2 10 5 15 13 14 19 1 20 18 
22 8 9 2 10 5 15 13 14 19 1 20 18 
23 9 2 10 5 13 14 1 20 18 8 23 15 19 
24 9 2 10 5 13 14 1 20 18 8 23 24 15 19 
25 9 2 10 5 13 14 1 20 18 8 23 24 15 25 19 
26 9 2 10 5 13 14 1 20 18 8 23 24 15 25 19 
27 9 2 10 5 13 14 1 20 18 8 23 24 15 25 19 
28 9 2 10 28 5 13 14 1 20 18 8 23 24 15 25 19 
29 9 2 10 28 29 5 13 14 1 20 18 8 23 24 15 25 19 
30 9 2 10 30 28 29 5 13 14 1 20 18 8 23 24 15 25 19 
31 9 2 10 30 28 29 5 13 14 1 20 18 8 23 24 15 25 19 
32 9 2 10 30 28 29 5 13 14 1 20 18 8 23 24 15 25 19 
33 9 2 10 30 28 29 5 13 14 1 20 18 8 23 24 15 33 25 19 
34 9 2 10 30 28 29 5 13 14 1 20 18 8 23 24 15 33 25 19 34 
35 9 2 10 30 28 29 5 13 14 1 20 18 8 23 24 15 33 25 19 34 35 
36 9 2 10 30 28 29 5 13 14 1 20 18 8 23 24 15 33 25 19 34 35 
37 9 2 10 30 28 29 5 13 14 1 20 18 8 23 24 15 33 25 19 34 35 
38 9 2 10 30 28 29 5 13 14 1 20 18 8 23 24 15 33 25 19 34 38 35 
39 9 2 10 30 28 29 5 13 14 1 20 18 8 23 24 15 33 25 19 34 38 35 
