1 2 
2 3 
3 4 
4 5 
5 6 
6 7 
7 8 
8 9 
9 10 31 
10 11 
11 12 
12 13 
13 14 
14 15 
15 16 
16 17 29 
17 18 
18 19 
19 20 
20 21 
21 22 
22 23 
23 24 
24 25 
25 26 
26 27 
27 28 
28 16 
29 30 
30 9 
31 32 33 
32 
33 34 
34 35 
35 36 
36 37 63 
37 38 
38 39 
39 40 
40 41 58 
41 42 
42 43 
43 44 
44 45 56 
45 46 
46 47 
47 48 
48 49 
49 50 
50 51 
51 52 
52 53 
53 54 
54 55 
55 58 
56 57 
57 39 
58 59 63 
59 60 
60 61 
61 62 
62 
63 64 
64 65 
65 66 
66 67 82 
67 68 
68 69 
69 70 
70 71 
71 72 80 
72 73 
73 74 
74 75 
75 76 
76 77 
77 78 
78 79 
79 70 
80 81 
81 65 
82 
