1 1 
2 2 1 
3 2 3 1 
4 2 3 4 1 
5 2 5 3 4 1 
6 2 6 5 3 4 1 
7 2 6 5 7 3 4 1 
8 2 6 5 7 3 4 1 
9 2 9 6 5 7 3 4 1 
10 2 9 10 6 5 7 3 4 1 
11 2 9 10 6 5 7 3 4 1 
12 12 2 9 10 6 5 7 3 4 1 
13 12 2 9 10 6 5 7 3 4 1 
14 2 9 10 6 5 7 14 3 4 1 
15 12 2 9 10 6 5 15 7 14 3 4 1 
16 2 9 10 15 7 14 3 1 12 16 6 5 4 
17 2 9 10 15 7 14 17 3 1 12 16 6 5 4 
18 2 9 10 15 18 7 14 17 3 1 12 16 6 5 4 
19 2 9 10 15 18 7 14 17 3 1 12 16 6 5 4 
20 2 9 10 15 18 7 14 17 3 1 20 12 6 5 4 
21 2 9 10 15 18 7 14 17 3 1 20 12 6 5 4 
22 2 9 10 15 18 7 14 17 22 3 1 12 16 6 5 4 
23 2 9 10 15 18 7 14 17 22 3 1 12 16 6 5 4 
24 2 9 10 15 18 7 14 17 22 3 1 12 6 5 4 24 
25 2 9 10 15 18 7 14 17 22 3 1 25 20 12 16 6 5 4 24 
26 2 9 26 10 15 18 7 14 17 22 3 1 25 20 12 16 6 5 4 24 
27 2 9 26 10 15 18 7 14 17 22 3 1 25 20 12 16 6 5 4 27 24 
28 2 9 26 10 15 18 7 14 17 22 3 1 25 20 28 12 16 6 5 4 27 24 
29 2 9 26 10 15 18 7 14 17 22 3 1 25 20 28 12 16 6 5 4 27 24 
30 2 9 26 30 10 15 18 7 14 17 22 3 1 25 20 28 12 16 6 5 4 24 
31 2 9 26 30 10 15 18 7 14 17 22 3 1 25 20 28 12 16 6 5 4 27 24 
32 2 9 26 30 10 15 18 7 14 17 22 3 1 25 20 12 16 6 5 32 4 27 24 
33 2 26 10 15 18 17 1 20 28 12 16 4 9 30 7 14 22 3 25 6 33 5 32 27 24 
34 2 26 10 15 18 17 1 34 20 28 12 16 4 9 30 7 14 22 3 25 6 33 5 32 27 24 
35 2 26 10 15 18 17 1 34 20 28 12 16 4 9 30 7 14 22 3 25 35 6 33 5 32 27 24 
36 2 26 10 15 18 17 1 34 20 28 12 16 4 9 30 7 14 22 3 25 35 6 33 5 32 27 24 36 
37 2 26 10 15 18 17 1 34 37 20 28 12 16 4 9 30 7 14 22 3 25 35 6 33 5 32 27 24 36 
38 2 26 10 15 18 17 1 34 37 20 28 12 16 4 9 30 7 14 22 3 25 38 35 6 33 5 32 27 24 36 
39 2 26 10 15 18 17 1 34 37 20 28 12 39 16 4 9 30 7 14 22 3 25 38 35 6 33 5 32 27 24 36 
40 2 26 10 15 18 17 1 34 37 20 28 12 39 16 4 9 30 7 14 22 3 25 38 35 6 33 5 32 27 24 36 40 
41 2 26 10 15 18 17 1 34 37 20 28 12 39 16 4 9 30 7 14 22 3 25 38 35 6 33 5 32 27 24 36 40 
42 2 26 10 15 18 17 1 34 37 20 28 12 39 16 4 9 30 42 7 14 22 3 25 38 35 6 33 5 32 27 24 36 40 
43 2 26 10 15 18 17 1 34 37 20 28 12 39 16 43 4 9 30 42 7 14 22 3 25 38 35 6 33 5 32 27 24 36 40 
44 2 26 10 15 18 17 1 34 37 20 28 12 39 16 43 44 4 9 30 42 7 14 22 3 25 38 35 6 33 5 32 27 24 36 40 
45 2 26 10 15 18 17 45 1 34 37 20 28 12 39 16 43 44 4 9 30 42 7 14 22 3 25 38 35 6 33 5 32 27 24 36 40 
46 2 26 10 15 18 17 45 1 34 37 20 28 12 39 16 43 44 4 9 30 42 7 14 22 3 25 38 35 6 33 5 32 27 24 36 40 
47 2 26 10 15 18 17 45 1 34 37 20 28 12 39 16 43 44 4 9 30 42 7 14 22 3 25 38 35 6 33 5 32 27 24 36 40 
48 2 26 10 48 15 18 17 1 34 37 20 28 12 39 16 4 9 30 7 14 22 3 25 38 35 6 33 5 32 27 24 36 40 
49 2 26 10 48 15 18 17 1 34 37 20 28 12 39 16 4 9 30 7 14 22 3 25 38 35 6 33 5 32 27 24 36 40 
50 2 26 10 48 15 18 17 45 1 34 37 20 28 12 39 16 43 44 4 9 30 42 7 14 22 3 25 38 35 6 33 5 32 27 24 36 40 
