1 1 
2 2 1 
3 2 3 1 
4 2 3 1 4 
5 2 3 1 4 
6 2 3 6 1 4 
7 2 3 7 6 1 4 
8 2 3 7 6 1 4 
9 2 3 9 1 4 
10 3 7 9 6 1 4 10 
11 3 11 7 9 6 1 4 10 
12 3 11 7 9 12 6 1 4 10 
13 3 11 7 9 12 6 1 4 10 
14 3 11 7 9 14 12 6 1 4 10 
15 3 11 7 9 15 14 12 6 1 4 10 
16 3 11 7 9 15 14 12 6 1 4 10 
17 3 11 7 9 12 6 17 1 4 10 
18 3 11 7 9 15 14 18 12 6 17 1 4 
19 3 9 15 14 18 12 6 17 4 19 11 7 1 
20 3 9 15 14 18 12 6 17 4 19 11 7 20 1 
21 3 9 15 14 18 12 6 17 4 19 11 7 20 1 
22 3 9 22 15 14 18 12 6 17 4 19 11 7 20 1 
23 3 9 22 15 14 18 12 23 6 17 4 19 11 7 20 1 
24 3 9 22 15 14 18 12 23 6 17 4 19 11 7 20 1 
25 3 9 25 15 14 18 12 6 17 4 19 11 7 20 1 
26 3 9 25 22 15 14 12 23 6 17 4 19 26 11 7 20 1 
27 3 9 25 22 15 14 12 23 6 17 4 19 26 11 7 27 20 1 
28 3 9 25 22 15 14 12 23 6 17 4 19 26 11 7 27 20 1 
29 3 29 9 25 22 15 14 12 23 6 17 4 19 26 11 7 27 20 1 
30 3 29 9 25 22 15 14 12 23 30 6 17 4 19 26 11 7 27 20 1 
31 3 29 9 25 22 15 14 12 23 30 6 17 4 19 26 11 7 27 31 20 1 
32 3 29 9 25 22 15 14 12 23 30 32 6 17 4 19 11 7 27 31 20 1 
33 3 29 9 25 22 15 14 12 23 30 32 6 17 4 19 26 11 7 27 31 20 1 
34 3 29 34 9 25 22 15 14 12 23 30 32 6 17 4 19 26 11 7 27 31 20 1 
35 3 34 9 25 22 15 14 12 23 30 32 6 17 4 19 26 11 7 35 27 31 20 1 
36 3 34 9 25 22 36 15 14 12 23 30 32 6 17 4 19 26 11 7 35 27 31 20 1 
37 34 9 25 15 12 23 17 7 1 3 22 36 14 30 32 6 4 19 26 11 35 37 27 31 20 
38 34 3 9 25 22 36 15 14 12 23 30 6 17 4 19 11 7 35 37 27 31 20 38 1 
39 29 34 9 25 15 12 23 17 7 1 3 22 36 14 30 32 6 4 19 26 11 35 37 27 31 20 38 
40 29 34 9 25 15 12 23 17 7 1 3 40 22 36 14 30 32 6 4 19 26 11 35 37 27 31 20 38 
41 34 9 25 15 12 23 17 7 1 3 40 22 36 14 30 32 6 4 19 26 11 37 41 27 31 20 38 
42 34 9 25 15 12 23 17 7 42 1 3 40 22 36 14 30 32 6 4 19 26 11 37 41 27 31 20 38 
43 34 9 25 15 12 23 17 7 42 43 1 3 40 22 36 14 30 32 6 4 19 26 11 37 41 27 31 20 38 
44 34 9 25 15 12 23 17 7 42 43 1 3 40 22 36 14 30 6 4 19 11 37 41 44 27 31 20 
45 29 34 9 25 15 12 23 17 45 7 42 43 1 3 40 22 36 14 30 32 6 4 19 26 11 35 37 41 44 27 31 20 38 
46 29 34 9 25 15 12 23 17 45 7 42 43 1 46 3 40 22 36 14 30 32 6 4 19 26 11 35 37 41 44 27 31 20 38 
47 29 34 9 25 15 12 23 17 45 7 42 43 1 46 3 40 22 36 14 30 6 4 19 47 11 35 37 41 27 31 20 
48 29 34 9 25 15 12 23 17 45 7 42 43 1 46 3 40 22 36 14 30 6 4 19 47 11 35 37 41 27 31 48 20 
49 29 34 9 25 15 12 23 17 45 7 42 49 43 1 46 3 40 22 36 14 30 6 4 19 47 11 35 37 41 27 31 48 20 
50 29 34 9 25 15 12 23 17 45 7 42 49 43 1 46 3 40 22 50 36 14 30 6 4 19 47 11 35 37 41 27 31 48 20 
51 29 34 9 25 15 12 23 17 45 7 51 42 49 43 1 46 3 40 22 50 36 14 30 6 4 19 11 35 37 41 27 31 48 20 
52 29 34 9 25 15 12 23 17 45 7 51 42 49 43 1 46 3 40 22 50 36 14 30 6 4 19 11 35 37 41 27 31 48 20 
