1 1 
2 2 1 
3 2 1 3 
4 4 2 1 3 
5 4 5 2 1 3 
6 13 4 22 14 17 8 2 30 16 12 5 1 9 10 32 3 20 33 28 25 24 26 18 27 29 19 6 
7 13 4 22 14 17 8 2 30 16 12 5 1 9 10 32 3 20 33 28 25 24 26 18 27 29 6 19 
8 13 4 22 14 17 8 2 30 16 12 5 1 9 10 32 3 20 33 28 25 24 26 18 27 29 6 19 
9 13 4 22 14 17 8 2 30 16 12 5 1 10 9 32 3 20 33 28 25 24 26 18 27 29 6 19 
10 13 4 22 14 17 8 2 30 16 12 5 1 9 10 32 3 20 33 28 25 24 26 18 27 29 6 19 
11 13 4 22 14 17 8 2 30 16 12 5 1 9 10 32 3 20 33 28 25 24 26 18 27 29 6 19 
12 13 4 22 14 17 8 2 30 16 12 5 1 9 10 32 3 20 33 28 25 24 26 18 27 29 6 19 
13 13 4 22 14 17 8 2 30 16 12 5 1 9 10 32 3 20 33 28 25 24 26 18 27 29 6 19 
14 13 4 22 14 17 8 2 30 16 12 5 1 9 10 32 3 20 33 28 25 24 26 18 27 29 6 19 
15 13 4 22 14 17 8 2 30 16 12 5 1 9 10 32 3 20 33 28 25 24 26 18 27 29 6 19 
16 13 4 22 14 17 8 2 30 16 12 5 1 9 10 32 3 20 33 28 25 24 26 18 27 29 6 19 
17 13 4 22 14 17 8 2 30 16 12 5 1 9 10 32 3 20 33 28 25 24 26 18 27 29 6 19 
18 13 4 22 14 17 8 2 30 16 12 5 1 9 10 32 3 20 33 28 25 24 26 27 18 29 6 19 
19 13 4 22 14 17 8 2 30 16 12 5 1 9 10 32 3 20 33 28 25 24 26 18 27 29 6 19 
20 13 4 22 14 17 8 2 30 16 12 5 1 9 10 32 3 33 20 28 25 24 26 18 27 29 6 19 
21 13 4 22 14 17 8 2 30 16 12 5 1 9 10 32 3 20 33 28 25 24 26 18 27 29 6 19 
22 13 4 22 14 17 8 2 30 16 12 5 1 9 10 3 20 33 28 25 24 26 18 27 29 6 19 
23 13 4 22 14 17 8 2 30 16 12 5 1 9 10 3 20 33 28 25 24 26 18 27 29 6 19 
24 13 4 22 14 17 8 2 30 16 12 5 1 9 10 32 3 20 33 28 25 26 24 18 27 29 6 19 
25 13 4 22 14 17 8 2 30 16 12 5 1 9 10 32 3 20 33 28 25 24 26 18 27 29 6 19 
26 13 4 22 14 17 8 2 30 16 12 5 1 9 10 32 3 20 33 28 25 24 26 18 27 29 6 19 
27 13 4 22 14 17 8 2 30 16 12 5 1 9 10 32 3 20 33 28 25 24 26 18 27 29 6 19 
28 13 4 22 14 17 8 2 30 16 12 5 1 9 10 32 3 20 33 28 25 24 26 27 18 29 6 19 
29 13 4 22 14 17 8 2 30 16 12 5 1 9 10 32 3 20 33 28 25 24 26 27 18 29 6 19 
30 13 4 22 14 17 8 2 30 16 12 5 1 9 10 32 3 20 33 28 25 24 26 27 18 29 6 19 
31 13 4 22 14 17 8 2 30 16 12 5 1 9 10 32 3 20 33 28 25 24 26 27 18 29 6 19 
32 13 4 14 17 8 2 30 16 12 5 1 9 10 32 3 20 33 28 25 24 26 27 18 29 6 19 
33 13 4 22 14 17 8 2 30 16 12 5 1 9 10 32 20 33 28 25 24 26 18 27 29 6 19 
34 13 4 22 14 17 8 2 30 16 12 5 1 9 10 32 3 20 33 28 25 24 26 18 27 29 6 19 
35 13 4 22 14 17 8 2 30 16 12 5 1 9 10 32 3 20 33 28 25 24 26 18 27 29 6 19 
