1 1 
2 1 2 
3 3 1 2 
4 4 3 1 2 
5 4 3 1 2 5 
6 4 3 1 2 5 6 
7 4 3 1 2 5 6 7 
8 4 3 1 2 5 6 7 8 
9 4 3 9 1 2 5 6 7 8 
10 4 10 3 9 1 2 5 6 7 8 
11 4 10 3 11 9 1 2 5 6 7 8 
12 4 10 3 11 9 1 2 5 6 7 8 12 
13 4 13 3 11 9 2 5 6 7 10 1 8 12 
14 4 13 3 11 9 2 5 6 14 7 10 1 8 12 
15 4 13 3 11 9 2 5 6 14 7 10 15 1 8 12 
16 4 13 3 11 16 9 2 5 6 14 7 10 15 1 8 12 
17 4 13 3 11 16 9 2 5 6 14 7 10 15 1 17 8 12 
18 4 18 13 3 11 16 9 2 5 6 14 7 10 15 1 17 8 12 
19 4 18 13 3 11 16 19 9 2 5 6 14 7 10 15 1 17 8 12 
20 4 18 13 3 11 16 19 9 2 5 6 14 7 10 15 1 17 8 12 
21 4 18 13 3 21 11 16 19 9 2 5 6 14 7 10 15 1 17 8 12 
22 4 18 13 3 21 11 16 19 9 2 5 6 14 7 10 15 1 17 8 12 
23 4 18 13 3 21 11 16 19 9 2 5 6 14 7 23 10 15 1 17 8 12 
24 4 13 3 21 11 16 19 9 2 5 24 6 14 7 23 10 15 1 17 8 12 
25 4 13 3 21 11 16 19 9 2 5 24 6 14 7 23 10 15 1 17 8 12 
26 4 18 13 3 11 16 19 9 2 5 26 6 14 7 10 15 1 17 8 12 
27 4 18 13 3 11 16 19 9 2 5 26 6 14 7 10 15 1 17 8 12 
28 4 18 13 3 11 16 19 9 2 5 26 6 14 7 10 28 15 1 17 8 12 
29 4 18 13 3 11 16 19 9 2 5 26 6 14 7 10 28 15 1 17 8 12 
30 4 18 13 3 11 16 19 9 2 5 26 6 14 7 10 28 15 1 17 30 8 12 
31 4 31 13 3 11 16 19 9 2 5 26 6 14 7 10 28 15 1 17 30 8 12 
32 4 31 13 3 11 16 19 9 2 5 26 6 14 7 10 28 15 1 17 30 8 12 
33 4 18 13 3 11 16 19 9 33 2 5 26 6 14 7 10 15 1 17 8 12 
34 4 18 13 3 11 16 19 9 33 2 5 26 6 14 7 10 15 1 17 8 12 
35 4 18 13 3 11 16 19 9 33 2 5 26 6 14 7 35 10 15 1 17 8 12 
36 4 18 13 3 11 16 19 9 33 2 5 26 6 14 7 35 10 15 1 17 8 12 
37 4 18 13 3 11 16 19 9 33 2 5 26 6 14 7 35 10 15 37 1 17 8 12 
38 4 13 3 11 16 19 9 33 2 38 5 26 6 14 7 35 10 15 37 1 17 8 12 
39 4 13 3 11 16 19 9 33 2 38 5 26 6 14 7 35 10 15 37 1 17 8 12 
40 4 18 13 3 11 16 19 9 33 2 40 5 26 6 14 7 10 15 1 17 8 12 
41 4 18 13 3 11 16 19 9 33 2 40 5 26 6 14 7 10 15 1 17 8 12 
42 4 18 13 3 11 16 19 9 33 2 40 5 26 6 14 7 10 15 1 17 42 8 12 
43 4 18 13 3 11 16 19 9 33 2 40 5 26 6 14 7 10 15 1 17 42 8 12 
44 4 18 13 3 11 16 19 9 33 2 40 5 26 6 14 7 10 44 15 1 17 42 8 12 
45 4 13 3 11 16 19 9 33 2 40 5 26 6 14 7 10 44 45 15 1 17 42 8 12 
46 4 13 3 11 16 19 9 33 2 40 5 26 6 14 7 10 44 45 15 1 17 42 8 12 
47 4 18 13 3 11 16 19 9 33 2 40 5 26 6 14 7 10 15 47 1 17 8 12 
48 4 18 13 3 11 16 19 9 33 2 40 5 26 6 14 7 10 15 47 1 17 8 12 
49 4 18 13 3 11 16 19 9 33 2 40 5 26 6 14 7 10 49 15 47 1 17 8 12 
50 4 18 13 3 11 16 19 9 33 2 40 5 26 6 14 7 10 49 15 47 1 17 8 12 
51 33 2 40 26 6 7 10 49 47 17 12 4 18 13 3 11 16 19 9 5 14 15 51 1 8 
52 33 2 40 26 6 7 10 49 47 17 12 4 13 3 11 16 19 9 52 5 14 15 51 1 8 
53 33 2 40 26 6 7 10 49 47 17 12 4 13 3 11 16 19 9 52 5 14 15 51 1 8 
54 4 18 13 3 11 16 19 9 33 2 40 5 26 6 14 7 10 54 15 47 1 17 8 12 
55 4 18 13 3 11 16 19 9 33 2 40 5 26 6 14 7 10 54 15 47 1 17 8 12 
56 33 2 40 26 6 7 10 54 47 17 12 4 18 13 3 11 16 19 9 5 14 15 56 1 8 
57 33 2 40 26 6 7 10 54 47 17 12 4 18 13 3 11 16 19 9 5 14 15 56 1 8 
58 58 33 2 40 26 6 7 10 54 47 17 12 4 18 13 3 11 16 19 9 5 14 15 56 1 8 
59 58 33 2 40 26 6 59 7 10 54 47 17 12 4 13 3 11 16 19 9 5 14 15 56 1 8 
60 58 33 2 40 26 6 59 7 10 54 47 17 12 4 13 3 11 16 19 9 5 14 15 56 1 8 
61 33 2 40 26 61 6 7 10 54 47 17 12 4 18 13 3 11 16 19 9 5 14 15 1 8 
62 33 2 40 26 61 6 7 10 54 47 17 12 4 18 13 3 11 16 19 9 5 14 15 1 8 
63 33 2 40 26 61 6 63 7 10 54 47 17 12 4 18 13 3 11 16 19 9 5 14 15 1 8 
64 33 2 40 26 61 6 63 7 10 54 47 17 12 4 18 13 3 11 16 19 9 5 14 15 1 8 
65 33 2 40 26 61 6 63 7 10 65 54 47 17 12 4 18 13 3 11 16 19 9 5 14 15 1 8 
66 33 2 40 26 61 6 63 7 10 65 54 47 17 12 4 13 3 11 16 19 9 5 66 14 15 1 8 
67 33 2 40 26 61 6 63 7 10 65 54 47 17 12 4 13 3 11 16 19 9 5 66 14 15 1 8 
68 33 2 40 26 61 6 7 10 54 47 17 12 4 18 13 3 11 16 19 9 5 14 15 68 1 8 
69 33 2 40 26 61 6 7 10 54 47 17 12 4 18 13 3 11 16 19 9 5 14 15 68 1 8 
70 33 2 40 26 61 6 7 70 10 54 47 17 12 4 18 13 3 11 16 19 9 5 14 15 68 1 8 
71 33 2 40 26 61 6 7 70 10 54 47 17 12 4 18 13 3 11 16 19 9 5 14 15 68 1 8 
72 33 2 40 26 61 6 7 70 10 54 47 17 12 4 18 13 3 11 16 19 9 5 14 15 72 68 1 8 
73 33 2 40 26 61 6 7 70 10 54 47 73 17 12 4 13 3 11 16 19 9 5 14 15 72 68 1 8 
74 58 40 59 35 10 28 65 44 54 17 30 42 4 31 18 21 11 16 52 38 66 72 68 56 8 33 2 24 26 61 6 63 7 70 49 45 37 47 73 12 13 3 19 9 5 14 23 15 51 1 
