1 1 
2 2 1 
3 3 2 1 
4 3 2 1 
5 3 2 1 5 
6 3 6 2 1 5 
7 3 6 2 7 1 5 
8 3 6 2 7 1 5 
9 3 6 2 7 1 5 
10 10 
11 3 6 11 2 7 10 1 5 
12 3 6 11 2 7 10 1 12 5 
13 3 6 11 13 2 7 10 1 12 5 
14 3 6 11 13 2 7 10 1 12 5 
15 3 6 11 13 2 7 10 1 12 5 
16 16 
17 3 6 11 13 2 7 10 1 17 12 5 16 
18 3 6 11 13 2 10 16 7 1 17 12 5 18 
19 3 19 6 11 13 2 10 16 7 1 17 12 5 18 
20 3 19 6 11 13 2 10 16 7 1 17 12 5 18 
21 3 19 6 11 13 2 10 16 7 1 17 12 5 18 
22 22 
23 3 19 6 11 13 2 10 22 16 23 7 1 17 12 5 18 
24 3 19 24 6 11 13 2 10 22 16 23 7 1 17 12 5 18 
25 3 25 19 24 6 11 13 2 10 22 16 23 7 1 17 12 5 18 
26 3 25 19 24 6 11 13 2 10 22 16 23 7 1 17 12 5 18 
27 3 25 19 24 6 11 13 2 10 22 16 23 7 1 17 12 5 18 
28 28 
29 3 25 19 24 6 11 13 2 10 22 16 28 23 7 1 17 12 5 18 
