1 1 
2 2 1 
3 2 1 3 
4 4 2 1 3 
5 4 2 1 5 3 
6 4 2 1 5 3 
7 4 7 2 1 5 3 
8 4 7 2 1 5 3 
9 4 7 2 1 5 3 
10 4 2 1 5 3 10 
11 4 2 1 5 3 10 
12 4 2 1 5 3 12 10 
13 4 2 1 5 3 12 10 
14 4 2 1 5 3 12 10 
15 15 4 2 1 5 3 10 
16 15 4 2 1 16 5 3 10 
17 15 17 4 2 1 16 5 3 10 
18 15 17 4 18 2 1 16 5 3 10 
19 33 31 24 1 16 22 37 19 39 3 27 10 30 15 17 4 21 18 36 2 29 5 35 23 
20 33 31 24 1 16 22 37 19 39 3 27 10 30 15 17 4 21 18 36 2 29 5 35 23 
21 33 31 24 1 16 22 37 19 39 3 27 10 30 15 17 4 21 18 36 2 29 5 35 23 
22 33 31 24 1 16 37 22 19 39 3 27 10 30 15 17 4 21 18 36 2 29 5 35 23 
23 33 31 24 1 16 22 37 19 39 3 27 10 30 15 17 4 21 18 36 2 29 5 35 23 
24 33 31 24 1 16 22 37 19 39 3 27 10 30 15 17 4 21 18 36 2 29 5 35 23 
25 33 31 24 1 16 22 37 19 39 3 27 10 30 15 17 4 21 18 36 2 29 5 35 23 
26 33 31 24 1 16 22 37 19 39 3 27 10 30 15 17 4 21 18 2 29 5 35 26 23 
27 31 24 1 16 22 37 19 39 3 27 10 30 15 17 4 21 18 2 29 5 26 35 23 
28 33 31 24 16 22 39 3 10 30 15 17 4 21 32 29 26 23 1 37 19 27 18 2 5 35 
29 33 31 24 16 22 39 3 10 30 15 17 4 21 32 29 26 23 1 37 19 27 18 2 5 35 
30 33 31 24 16 22 39 3 10 30 15 17 4 21 32 29 26 23 1 37 19 27 18 2 5 35 
31 33 31 24 16 22 39 3 10 30 15 17 4 21 32 29 26 23 1 37 19 27 18 2 5 35 
32 33 31 24 1 16 22 37 19 39 3 27 10 30 15 17 4 21 18 32 29 2 5 35 23 
33 33 31 24 1 16 22 37 19 39 3 10 30 15 17 4 21 18 32 2 29 5 35 23 
34 33 31 24 1 16 22 37 19 39 3 10 30 15 17 4 21 18 32 2 29 5 35 23 
35 33 31 24 16 22 39 3 10 30 15 17 4 21 32 29 26 23 1 37 19 27 18 2 5 35 
36 33 31 24 1 16 22 37 19 39 3 27 10 30 15 17 4 21 18 36 29 2 5 35 23 
37 33 31 24 1 16 22 37 19 39 3 27 10 30 15 17 4 21 18 36 2 29 5 35 23 
38 33 31 24 1 16 22 37 19 39 3 27 10 30 15 17 4 21 18 36 2 29 5 35 23 
39 33 31 24 1 16 22 37 19 39 3 27 10 30 15 17 4 21 36 2 29 5 35 23 
40 33 31 24 1 16 22 37 19 39 3 27 10 30 15 17 4 21 36 2 29 5 35 23 
41 33 31 24 1 16 22 37 19 39 3 27 10 30 15 17 4 21 18 36 2 29 5 35 23 
