1 1 
2 2 1 
3 2 3 1 
4 4 2 3 1 
5 4 2 3 1 
6 4 2 3 1 
7 4 2 3 1 
8 4 2 3 1 
9 4 2 3 1 9 
10 4 2 10 3 1 9 
11 4 2 10 11 3 1 9 
12 4 2 10 11 3 1 9 
13 4 2 10 11 13 3 1 9 
14 14 4 2 10 11 13 3 1 9 
15 14 4 2 10 11 13 3 15 1 9 
16 14 4 2 10 11 13 3 15 1 9 
17 14 4 2 10 11 13 3 15 1 9 
18 14 4 2 10 11 13 3 15 1 9 
19 4 19 2 10 11 3 1 9 
20 4 19 2 10 11 3 20 1 9 
21 4 19 2 10 11 21 3 20 1 9 
22 4 19 2 10 11 21 3 20 1 9 
23 4 19 23 2 10 11 21 3 20 1 9 
24 4 19 23 24 2 10 11 21 3 20 1 9 
25 4 19 23 24 2 10 11 21 3 20 1 9 
26 4 19 23 24 2 10 11 21 3 20 1 9 
27 4 19 23 24 2 10 11 21 3 20 1 9 
28 4 19 2 10 11 21 3 20 28 1 9 
29 4 19 2 10 11 29 21 3 20 28 1 9 
30 2 11 29 3 20 1 9 30 4 19 10 21 28 
31 2 11 29 3 20 1 9 30 4 19 10 21 28 
32 2 11 29 3 20 1 9 30 4 19 10 21 28 
33 2 11 29 3 20 1 33 9 30 4 19 10 21 28 
34 2 11 29 3 20 1 33 9 30 4 19 34 10 21 28 
35 2 11 29 3 20 1 33 9 30 4 19 34 10 21 28 35 
36 2 11 29 3 20 1 33 9 30 4 19 34 10 21 28 35 
37 2 11 29 3 20 1 33 9 30 4 19 34 10 21 28 35 
38 38 2 11 29 3 20 1 9 30 4 19 10 21 28 
39 38 2 11 29 3 20 1 9 30 4 19 10 21 28 39 
40 40 38 2 11 29 3 20 1 9 30 4 19 10 21 28 39 
41 40 38 2 11 29 3 20 1 9 30 4 19 10 21 28 39 
42 40 38 42 2 11 29 3 20 1 9 30 4 19 10 21 28 39 
43 40 38 42 2 11 29 3 20 1 9 30 4 19 10 43 21 28 39 
44 40 38 42 2 11 29 3 20 1 9 44 30 4 19 10 43 21 28 39 
45 40 38 42 2 11 29 3 20 1 9 44 30 4 19 10 43 21 28 39 
46 40 38 42 2 11 29 46 3 20 1 9 44 30 4 19 10 43 21 28 39 
47 40 38 42 2 11 29 46 3 20 1 9 44 30 4 19 47 10 43 21 28 39 
48 40 38 42 2 11 29 46 3 20 1 9 44 30 4 19 47 10 43 21 28 39 48 
49 40 38 42 2 11 29 46 3 20 1 9 44 30 4 19 47 10 43 21 28 39 48 
50 40 38 42 2 11 29 46 3 20 1 9 44 30 4 19 47 10 43 21 28 39 48 
51 40 38 2 11 29 3 20 1 9 30 4 19 51 10 21 28 39 
52 40 38 2 11 29 3 20 1 9 52 30 4 19 51 10 21 28 39 
53 40 38 2 11 29 3 20 1 9 52 30 53 4 19 51 10 21 28 39 
54 40 38 2 11 29 3 20 1 9 52 30 53 4 19 51 10 21 28 39 
55 40 38 2 11 29 3 20 1 9 52 30 53 4 19 55 51 10 21 28 39 
56 40 38 2 11 29 56 3 20 1 9 52 30 53 4 19 55 51 10 21 28 39 
57 40 38 2 11 29 56 3 20 1 9 52 30 53 4 19 55 51 10 21 28 39 
58 40 38 2 11 29 56 58 3 20 1 9 52 30 53 4 19 55 51 10 21 28 39 
59 40 38 2 11 29 56 58 3 20 1 9 52 30 53 59 4 19 55 51 10 21 28 39 
60 40 38 2 11 29 56 58 3 20 1 9 52 30 60 53 59 4 19 55 51 10 21 28 39 
61 40 38 2 11 29 56 58 3 20 1 9 52 30 60 53 59 4 19 55 51 10 21 28 39 
62 40 38 2 11 29 56 58 3 20 1 9 52 30 60 53 59 4 19 55 51 10 21 28 39 
63 63 40 38 2 11 29 3 20 1 9 52 30 53 4 19 51 10 21 28 39 
64 63 40 64 38 2 11 29 3 20 1 9 52 30 53 4 19 51 10 21 28 39 
65 63 65 40 64 38 2 11 29 3 20 1 9 52 30 53 4 19 51 10 21 28 39 
66 63 65 40 64 38 2 11 29 3 20 1 9 52 30 53 4 19 51 10 21 28 39 
67 63 65 40 64 38 2 11 29 3 20 1 9 52 30 53 4 19 51 10 21 28 39 
68 63 65 40 64 38 2 11 29 3 20 1 9 52 30 53 68 4 19 51 10 21 28 39 
69 63 65 40 64 38 2 11 29 3 20 1 9 52 69 30 53 68 4 19 51 10 21 28 39 
70 63 65 40 64 38 2 11 29 3 20 1 9 52 69 30 53 68 4 19 51 10 21 28 39 
71 63 65 40 64 38 2 11 29 3 20 1 9 52 69 30 53 68 4 19 51 10 21 28 39 
72 63 65 40 64 38 2 11 29 3 20 1 9 52 30 53 4 19 51 10 21 28 39 72 
73 63 65 40 64 38 2 11 29 73 3 20 1 9 52 30 53 4 19 51 10 21 28 39 72 
74 65 40 64 11 73 9 52 30 51 21 63 38 2 29 3 20 1 53 4 19 10 74 28 39 72 
75 65 40 64 11 73 9 52 30 51 21 63 38 2 29 3 20 1 53 4 19 10 74 28 39 72 
76 65 40 64 11 73 9 52 30 76 51 21 63 38 2 29 3 20 1 53 4 19 10 74 28 39 72 
77 65 40 64 11 77 73 9 52 30 76 51 21 63 38 2 29 3 20 1 53 4 19 10 74 28 39 72 
78 65 40 64 11 77 73 9 52 30 76 51 21 78 63 38 2 29 3 20 1 53 4 19 10 74 28 39 72 
79 65 40 64 11 77 73 9 52 30 76 51 21 78 63 38 2 29 3 20 1 53 4 19 10 74 28 39 72 
80 65 40 64 11 77 73 9 52 30 76 51 21 78 63 38 2 29 3 20 1 53 4 19 80 10 74 28 39 72 
81 65 40 64 81 11 77 73 9 52 30 76 51 21 78 63 38 2 29 3 20 1 53 4 19 80 10 74 28 39 72 
82 65 40 64 81 11 77 73 9 52 30 76 51 21 78 63 38 2 29 3 20 1 53 4 19 80 10 74 28 39 72 
83 65 40 64 81 11 77 73 9 52 30 76 51 21 78 63 38 2 29 3 20 1 53 4 19 80 10 74 28 39 72 
84 65 40 64 11 73 9 52 84 30 51 21 63 38 2 29 3 20 1 53 4 19 10 74 28 39 72 
85 65 40 64 11 73 9 52 84 30 51 21 63 38 2 29 3 20 1 53 4 19 85 10 74 28 39 72 
86 65 40 64 11 73 9 52 84 86 30 51 21 63 38 2 29 3 20 1 53 4 19 85 10 74 28 39 72 
87 65 40 64 11 73 9 52 84 86 30 51 21 63 38 2 29 3 20 1 53 4 19 85 10 74 28 39 72 
88 65 40 64 11 73 9 52 84 86 30 51 21 63 38 2 29 3 20 1 53 4 19 85 10 74 28 39 88 72 
89 65 40 64 11 73 9 52 84 86 30 51 21 89 63 38 2 29 3 20 1 53 4 19 85 10 74 28 39 88 72 
90 65 40 64 11 73 9 52 84 86 30 51 21 89 63 38 2 29 3 20 1 53 4 19 85 10 74 28 39 88 72 
91 65 40 64 11 73 9 52 84 86 30 51 21 91 89 63 38 2 29 3 20 1 53 4 19 85 10 74 28 39 88 72 
92 65 40 64 11 73 9 52 84 86 30 51 21 91 89 63 38 2 29 3 20 1 53 4 19 85 92 10 74 28 39 88 72 
93 65 40 64 11 73 9 52 84 86 30 51 21 91 89 63 38 2 29 3 20 1 53 4 19 85 92 10 74 28 39 88 72 
94 65 46 15 33 9 44 52 84 30 59 68 55 47 51 43 21 13 14 29 1 92 10 74 28 35 39 88 72 40 64 81 42 11 56 77 73 69 86 60 76 34 23 78 91 89 63 38 24 2 58 3 20 53 4 19 80 85 48 
