1 1 
2 1 2 
3 1 2 
4 1 2 
5 1 5 2 
6 1 5 2 
7 1 5 2 
8 1 8 5 2 
9 1 8 5 9 2 
10 1 8 10 5 9 2 
11 1 8 11 10 5 9 2 
12 1 8 11 10 5 9 2 
13 1 8 11 10 5 9 2 
14 1 8 11 10 5 14 9 2 
15 1 8 11 10 5 14 15 9 2 
16 1 8 11 16 10 5 14 15 9 2 
17 1 8 11 16 10 5 14 15 9 2 
18 1 8 11 16 10 5 14 15 9 2 
19 1 8 11 16 10 5 19 14 15 9 2 
20 1 8 11 16 10 5 19 14 15 20 9 2 
21 8 21 20 2 1 11 16 10 5 19 14 15 9 
22 8 21 20 2 1 11 16 10 5 19 14 15 9 
23 8 21 20 2 1 11 16 10 5 19 14 15 9 
24 8 21 20 2 1 11 16 10 5 24 19 14 15 9 
25 8 21 25 20 2 1 11 16 10 5 24 19 14 15 9 
26 26 8 21 25 20 2 1 11 16 10 5 24 19 14 15 9 
27 26 8 21 25 20 2 1 11 16 10 5 24 19 14 15 9 
28 26 8 21 25 20 2 1 11 16 10 5 24 19 14 15 9 
29 26 8 21 25 20 2 1 11 16 10 5 24 19 14 29 15 9 
30 26 8 21 25 20 2 1 11 16 10 5 24 19 30 14 29 15 9 
31 26 8 21 25 20 2 1 11 16 10 5 24 19 30 14 29 15 9 
32 26 8 21 25 20 2 1 11 16 10 5 24 19 30 14 29 15 9 
33 26 8 21 25 20 2 1 11 16 10 5 24 19 30 14 29 15 9 33 
34 26 8 34 21 25 20 2 1 11 16 10 5 24 19 30 14 29 15 9 33 
35 26 8 34 21 25 20 2 1 11 16 10 5 24 19 30 14 29 15 9 33 
36 26 8 34 21 25 20 2 1 11 16 10 5 24 19 30 14 29 15 9 33 
37 26 37 8 34 21 25 20 2 1 11 16 10 5 24 19 30 14 29 15 9 33 
38 26 37 8 34 21 25 20 2 1 11 16 10 5 24 19 30 14 29 15 9 33 
