1 1 
2 2 1 
3 2 1 3 
4 2 4 1 3 
5 5 2 4 1 3 
6 5 2 4 1 6 3 
7 5 2 4 7 1 6 3 
8 5 2 4 7 1 6 3 
9 5 2 4 7 1 6 3 9 
10 5 10 2 4 7 1 6 3 9 
11 5 10 2 11 4 7 1 6 3 9 
12 5 10 2 11 12 4 7 1 6 3 9 
13 5 10 2 11 12 4 7 1 6 3 9 
14 5 10 2 11 12 4 7 1 6 3 9 
15 5 10 2 11 12 4 7 15 1 6 3 9 
16 11 12 4 15 6 16 3 9 5 10 2 7 1 
17 11 12 4 15 6 16 3 9 5 10 2 17 7 1 
18 11 12 4 15 6 16 3 9 5 10 2 17 18 7 1 
19 11 12 4 15 6 16 3 9 5 10 2 17 19 18 7 1 
20 11 12 4 15 6 16 20 3 9 5 10 2 17 19 18 7 1 
21 11 12 4 15 6 16 20 3 9 5 10 2 17 19 18 7 1 
22 22 11 12 4 15 6 16 20 3 9 5 10 2 17 19 18 7 1 
23 22 11 12 23 4 15 6 16 20 3 9 5 10 2 17 19 18 7 1 
24 22 11 12 23 4 15 6 16 20 24 3 9 5 10 2 17 19 18 7 1 
25 22 11 12 23 4 15 6 16 20 24 3 9 5 10 2 17 19 18 7 1 
26 22 11 12 23 26 4 15 6 16 20 24 3 9 5 10 2 17 19 18 7 1 
27 22 11 12 23 26 4 15 6 16 20 24 3 9 5 10 2 17 19 18 7 1 
28 11 12 4 15 6 16 20 3 9 5 10 28 2 17 19 18 7 1 
29 11 12 4 29 15 6 16 20 3 9 5 10 28 2 17 19 18 7 1 
30 11 12 30 4 29 15 6 16 20 3 9 5 10 28 2 17 19 18 7 1 
31 11 12 30 4 29 15 6 16 20 3 9 5 10 28 2 17 19 18 7 1 
32 11 12 30 32 4 29 15 6 16 20 3 9 5 10 28 2 17 19 18 7 1 
33 11 12 30 32 4 29 15 6 16 20 3 9 5 10 28 2 17 19 18 7 1 
34 11 34 12 4 15 6 16 20 3 9 5 10 2 17 19 18 7 1 
35 11 34 12 4 15 6 16 20 3 9 5 10 2 17 19 18 7 1 
36 11 34 12 4 15 6 16 20 3 9 5 10 2 17 19 18 7 1 
37 22 30 4 15 6 16 20 3 5 2 1 11 12 23 26 32 29 24 9 10 28 17 19 18 7 37 
38 22 38 30 4 15 6 16 20 3 5 2 1 11 12 23 26 32 29 24 9 10 28 17 19 18 7 37 
39 22 38 39 30 4 15 6 16 20 3 5 2 1 11 12 23 26 32 29 24 9 10 28 17 19 18 7 37 
40 22 38 39 30 4 15 6 16 20 3 5 2 1 11 12 23 26 32 29 24 9 10 28 17 19 18 7 37 
41 22 38 39 30 4 15 6 16 20 3 41 5 2 1 11 12 23 26 32 29 24 9 10 28 17 19 18 7 37 
42 22 38 39 30 4 15 6 16 20 3 41 5 2 1 11 12 23 26 32 29 24 9 10 28 17 19 18 7 37 
43 22 38 39 30 4 15 6 16 20 3 41 5 2 43 1 11 12 23 26 32 29 24 9 10 28 17 19 18 7 37 
44 22 38 39 30 4 15 6 16 20 3 41 5 2 43 1 11 12 23 26 32 29 24 9 10 28 17 19 18 7 37 
45 22 38 39 30 4 15 6 16 20 3 41 5 2 43 1 11 12 23 26 32 29 24 9 10 28 17 19 18 7 37 
46 22 38 39 30 4 15 6 16 20 3 41 5 2 43 1 46 11 12 23 26 32 29 24 9 10 28 17 19 18 7 37 
47 22 38 39 30 4 15 6 16 20 3 41 5 2 43 1 46 11 12 23 26 32 29 24 9 10 28 17 19 18 7 37 47 
48 22 38 39 30 4 15 6 16 20 3 41 5 2 43 1 46 11 12 23 26 32 29 24 9 10 28 17 19 18 7 37 47 
49 22 38 39 30 4 15 6 16 20 3 41 5 2 43 1 46 49 11 12 23 26 32 29 24 9 10 28 17 19 18 7 37 47 
50 22 38 39 30 4 15 6 16 20 3 41 5 2 43 1 46 49 11 12 23 26 32 29 24 9 10 28 17 19 18 7 37 47 
51 22 38 39 30 4 15 51 6 16 20 3 41 5 2 43 1 46 49 11 12 23 26 32 29 24 9 10 28 17 19 18 7 37 47 
52 22 38 39 30 4 15 51 6 16 20 3 41 5 2 43 52 1 46 49 11 12 23 26 32 29 24 9 10 28 17 19 18 7 37 47 
53 22 38 39 30 4 15 51 6 16 20 3 41 5 53 2 43 52 1 46 49 11 12 23 26 32 29 24 9 10 28 17 19 18 7 37 47 
54 22 38 39 30 4 15 51 6 16 20 3 41 5 53 2 43 52 54 1 46 49 11 12 23 26 32 29 24 9 10 28 17 19 18 7 37 47 
55 22 38 39 30 4 15 51 6 16 20 3 41 5 53 2 43 52 54 1 46 49 11 12 23 26 32 55 29 24 9 10 28 17 19 18 7 37 47 
56 22 38 39 30 4 15 51 6 16 20 3 41 5 53 2 43 52 54 1 46 49 11 12 23 56 26 32 55 29 24 9 10 28 17 19 18 7 37 47 
57 22 38 39 30 4 15 51 6 16 20 3 41 5 53 2 43 52 54 1 46 49 11 12 23 56 57 26 32 55 29 24 9 10 28 17 19 18 7 37 47 
58 22 38 39 30 4 15 51 6 16 20 3 41 5 53 2 43 52 54 1 46 49 11 12 23 56 57 26 32 55 29 24 9 10 28 17 19 18 58 7 37 47 
59 22 38 39 59 30 4 15 51 6 16 20 3 41 5 53 2 43 52 54 1 46 49 11 12 23 56 57 26 32 55 29 24 9 10 28 17 19 18 58 7 37 47 
60 22 38 39 59 30 4 15 51 6 16 20 3 41 5 53 2 43 52 54 1 46 49 11 12 23 56 57 26 32 55 29 60 24 9 10 28 17 19 18 58 7 37 47 
61 22 38 39 59 61 30 4 15 51 6 16 20 3 41 5 53 2 43 52 54 1 46 49 11 12 23 56 57 26 32 55 29 60 24 9 10 28 17 19 18 58 7 37 47 
62 22 38 39 59 61 30 4 15 51 6 16 20 3 41 5 53 2 43 52 54 1 46 49 11 12 23 56 57 26 32 55 29 60 24 9 10 28 17 19 18 58 7 37 47 
63 22 38 39 59 61 30 4 15 51 6 16 20 3 41 5 53 2 43 52 54 1 46 49 11 12 23 56 57 26 32 55 29 60 24 9 10 28 17 19 18 58 7 37 47 
64 22 38 39 59 61 30 64 4 15 51 6 16 20 3 41 5 53 2 43 52 54 1 46 49 11 12 23 56 57 26 32 55 29 60 24 9 10 28 17 19 18 58 7 37 47 
65 22 38 39 59 61 30 64 4 15 51 6 16 20 3 41 5 53 2 43 52 54 1 46 49 11 12 23 56 57 26 32 55 29 60 24 9 10 28 17 19 18 58 7 37 47 
66 22 38 39 59 61 30 64 4 15 51 6 16 20 3 41 5 53 2 43 52 54 1 46 49 11 12 23 56 57 26 32 55 29 60 24 9 10 28 17 19 18 58 7 37 47 66 
67 22 38 39 59 61 30 64 4 15 51 6 16 20 3 41 5 53 2 43 52 54 1 46 49 11 12 23 56 57 26 32 55 29 60 24 9 10 28 17 19 18 58 67 7 37 47 66 
68 22 38 39 59 61 30 64 4 15 51 6 16 20 3 41 5 53 2 43 52 54 1 46 49 11 12 23 56 57 26 32 55 29 60 24 9 10 28 17 19 18 58 67 7 37 47 66 68 
69 38 59 61 4 15 53 43 52 54 1 46 49 12 23 56 57 32 55 24 69 9 10 28 17 67 7 37 22 39 30 64 51 6 16 20 3 41 5 2 11 26 29 60 19 18 58 47 66 68 
70 38 59 61 4 15 53 43 52 54 1 46 49 12 23 56 57 32 55 24 69 9 10 28 70 17 67 7 37 22 39 30 64 51 6 16 20 3 41 5 2 11 26 29 60 19 18 58 47 66 68 
71 38 59 61 4 15 53 43 52 54 1 46 49 12 23 56 57 32 55 24 69 9 10 28 70 17 67 7 37 22 39 30 64 51 6 16 20 3 41 5 2 11 26 29 60 19 18 58 47 66 68 
72 38 59 61 4 15 53 43 52 54 1 46 49 12 23 56 57 32 55 24 69 9 10 28 70 17 67 7 37 22 39 30 64 51 6 16 20 3 41 5 2 11 26 29 60 19 18 58 47 66 68 
73 38 59 61 4 15 53 43 52 54 1 46 49 12 23 56 57 32 55 24 69 9 10 28 70 17 67 7 37 22 39 30 64 51 6 16 20 3 41 5 2 11 26 29 60 19 18 58 47 66 68 
74 5 2 74 4 7 1 6 3 
75 5 2 74 4 7 1 6 3 
76 5 2 74 4 7 1 6 76 3 
77 5 2 74 77 4 7 1 6 76 3 
78 5 2 78 74 77 4 7 1 6 76 3 
79 5 2 79 74 77 4 7 1 6 76 3 
80 5 2 79 80 74 77 4 7 1 6 76 3 
81 5 2 79 80 74 77 4 7 1 6 76 3 
82 5 2 79 80 74 77 4 7 1 6 76 3 
83 79 74 77 4 6 83 3 5 2 80 7 1 76 
84 79 74 77 4 6 83 3 5 2 80 84 7 1 76 
85 79 85 74 77 4 6 83 3 5 2 80 84 7 1 76 
86 79 85 74 86 77 4 6 83 3 5 2 80 84 7 1 76 
87 79 85 74 86 77 4 87 6 83 3 5 2 80 84 7 1 76 
88 79 85 74 86 77 4 87 6 83 3 88 5 2 80 84 7 1 76 
89 79 85 74 86 77 89 4 87 6 83 3 88 5 2 80 7 1 76 
90 79 85 90 74 86 77 89 4 87 6 83 3 88 5 2 80 7 1 76 
91 79 85 90 74 86 77 91 89 4 87 6 83 3 88 5 2 80 7 1 76 
92 79 85 90 74 86 77 91 89 4 87 6 83 3 88 5 2 80 7 1 76 
93 79 85 90 74 86 77 91 89 4 87 6 83 3 88 5 2 80 93 7 1 76 
94 79 85 90 74 86 77 91 89 94 4 6 83 3 88 5 2 80 93 7 1 76 
95 79 85 90 74 86 77 91 89 94 4 6 83 95 3 88 5 2 80 93 7 1 76 
96 79 85 90 74 86 77 91 89 94 4 6 83 95 3 5 2 80 93 7 96 1 76 
97 79 85 90 74 86 77 91 89 94 4 6 83 95 3 5 2 80 93 97 7 96 1 76 
98 79 85 90 74 86 77 91 89 94 4 6 83 95 3 5 2 98 80 93 97 7 96 1 76 
99 79 74 77 89 4 6 99 3 5 2 98 97 96 1 85 90 86 91 94 83 95 80 93 7 76 
100 79 74 77 89 4 6 99 3 5 2 98 97 96 1 85 90 86 91 94 83 95 80 93 7 76 100 
101 79 74 77 89 4 6 99 3 5 2 98 97 96 1 85 90 86 91 94 83 95 80 93 7 76 100 
102 79 74 77 89 4 6 99 3 5 2 98 97 96 1 85 102 86 91 94 83 95 80 93 7 76 100 
103 79 74 77 89 4 6 99 3 5 2 98 97 96 1 85 102 86 91 94 83 95 80 93 7 76 100 
104 79 85 90 74 86 77 91 89 4 87 6 83 104 3 88 5 2 80 7 1 76 
105 79 85 90 74 86 77 91 89 4 87 6 83 104 3 88 5 2 80 7 1 76 
106 79 85 90 74 86 77 91 89 4 87 6 83 104 3 88 5 2 80 106 7 1 76 
107 79 85 90 74 86 77 91 89 4 6 83 104 3 88 5 2 80 106 7 1 107 76 
108 79 85 90 74 86 77 91 89 4 6 83 104 3 88 5 2 80 106 7 1 107 76 108 
109 79 85 90 74 86 77 109 91 89 4 6 83 104 3 5 2 80 106 7 1 107 76 108 
110 79 85 90 74 86 77 109 91 89 4 6 83 104 3 5 2 80 106 7 1 107 76 110 108 
111 79 74 77 89 4 6 3 111 5 2 1 107 85 90 86 109 91 83 104 80 106 7 76 110 108 
112 79 74 77 89 4 6 3 111 5 2 1 107 85 90 86 109 91 83 104 80 112 106 7 76 110 108 
113 79 74 77 89 4 6 3 111 5 2 1 107 113 85 90 86 109 91 83 104 80 112 106 7 76 110 108 
114 79 74 77 89 4 6 3 111 5 2 1 107 113 85 90 86 109 91 83 104 80 112 106 7 76 110 108 
115 79 74 77 89 4 6 3 111 5 2 1 107 113 85 86 109 91 115 83 104 80 112 106 7 76 110 108 
116 79 74 77 89 4 87 6 99 3 111 5 2 98 97 96 1 107 113 85 102 90 109 91 115 94 83 95 104 88 80 112 116 106 93 7 76 110 100 108 
117 79 74 77 89 4 87 6 99 3 111 5 2 98 97 96 1 107 113 117 85 102 90 109 91 115 94 83 95 104 88 80 112 116 106 93 7 76 110 100 108 
118 79 74 77 118 89 4 87 6 99 3 111 5 2 98 97 96 1 107 113 117 85 102 90 109 91 115 94 83 95 104 88 80 112 116 106 93 7 76 110 100 108 
119 79 74 77 118 89 4 87 6 99 3 111 5 2 98 97 96 1 107 113 117 85 102 90 109 91 115 94 83 95 104 88 80 112 116 106 93 7 76 110 100 108 
120 79 74 77 118 89 4 87 6 99 3 111 5 2 98 97 96 1 107 113 117 85 102 90 109 91 115 94 83 95 104 88 80 112 116 106 120 93 7 76 110 100 108 
121 79 74 77 118 89 4 87 121 6 99 3 111 5 2 98 97 96 1 107 113 117 85 102 90 109 91 115 94 83 95 104 88 80 112 116 106 120 93 7 76 110 100 108 
122 79 74 77 118 89 4 87 121 6 99 3 111 5 2 98 97 96 1 107 113 117 85 102 90 109 91 115 94 83 95 104 88 80 112 116 106 120 93 7 76 110 100 108 
123 79 74 77 118 89 4 87 121 123 6 99 3 111 5 2 98 97 96 1 107 113 117 85 102 90 109 91 115 94 83 95 104 88 80 112 116 106 120 93 7 76 110 100 108 
124 79 74 77 118 89 4 87 121 123 6 99 3 111 5 2 98 97 96 1 107 124 113 117 85 102 90 109 91 115 94 83 95 104 88 80 112 116 106 120 93 7 76 110 100 108 
125 79 74 77 118 89 4 87 121 123 6 99 3 111 5 2 98 97 96 1 107 124 113 117 85 102 90 109 91 115 94 83 95 104 88 80 112 116 106 120 93 7 76 110 100 108 
126 79 74 77 118 89 4 87 121 6 99 3 111 5 2 98 97 96 1 107 124 113 117 85 102 90 109 91 115 94 83 95 104 88 80 112 116 106 120 93 126 7 76 110 100 108 
127 79 74 77 118 89 4 87 121 123 6 99 3 111 5 2 98 97 96 1 107 124 113 117 85 102 90 109 91 115 94 83 95 104 88 80 112 116 106 120 93 126 7 76 110 100 108 
128 79 74 77 118 89 4 87 121 123 6 99 3 111 5 2 98 97 96 1 107 124 113 117 85 102 90 109 91 115 94 83 95 104 88 80 112 116 106 120 93 126 7 76 110 100 108 
129 79 74 77 118 89 4 87 121 6 99 3 111 5 2 98 97 96 1 107 113 117 85 102 90 109 91 115 94 83 95 104 88 80 112 116 106 120 93 7 76 110 100 108 
130 79 74 77 118 89 4 87 121 123 6 99 3 111 5 2 98 97 96 1 107 124 113 117 85 102 90 109 91 115 94 83 95 104 88 80 112 116 106 120 93 126 7 76 110 100 108 
131 79 74 77 118 89 4 87 121 123 6 99 3 111 5 2 98 97 96 1 107 124 113 131 117 85 102 90 109 91 115 94 83 95 104 88 80 112 116 106 120 93 126 7 76 110 100 108 
132 79 74 77 118 89 4 87 121 123 6 99 3 111 5 2 98 97 96 1 107 124 113 131 117 85 102 90 109 91 115 94 83 95 104 88 80 112 116 106 120 93 126 7 76 110 100 108 
133 79 74 77 118 89 4 87 121 123 6 99 3 111 5 2 98 97 96 1 107 124 113 131 117 85 102 90 109 91 115 94 83 95 104 88 80 112 116 106 133 120 93 126 7 76 110 100 108 
134 79 74 77 118 89 4 87 121 123 6 99 3 111 5 2 98 97 96 1 107 124 113 131 117 85 102 90 109 91 115 94 83 95 104 88 80 112 116 106 133 120 93 126 7 76 110 100 108 
135 79 4 123 98 97 1 107 124 113 117 102 90 135 109 91 94 83 95 104 88 80 112 116 120 126 7 110 74 77 118 89 87 121 6 99 3 111 5 2 96 131 85 115 106 133 93 76 100 108 
136 79 4 123 98 97 1 107 124 113 117 102 90 135 109 91 94 83 95 104 88 80 112 116 120 126 7 110 74 77 118 89 87 121 6 99 3 111 5 2 96 131 85 115 106 133 93 76 100 108 
137 79 137 4 123 98 97 1 107 124 113 117 102 90 135 109 91 94 83 95 104 88 80 112 116 120 126 7 110 74 77 118 89 87 121 6 99 3 111 5 2 96 131 85 115 106 133 93 76 100 108 
138 79 137 4 123 98 97 1 107 124 113 117 102 90 135 109 91 94 83 95 104 88 80 112 116 120 126 7 110 74 77 118 89 87 121 6 99 3 111 5 2 96 131 85 115 106 133 93 76 100 108 
139 79 137 4 123 98 97 1 107 113 117 102 90 135 109 91 94 83 95 104 88 80 112 116 120 126 7 110 74 77 118 89 87 121 6 99 3 111 5 2 96 131 85 115 106 133 93 139 76 100 108 
140 79 137 4 123 98 97 1 107 113 117 102 90 135 109 91 94 83 95 104 88 80 112 116 120 126 7 110 140 74 77 118 89 87 121 6 99 3 111 5 2 96 131 85 115 106 133 93 139 76 100 108 
141 79 137 4 123 98 97 1 107 113 117 102 90 135 109 91 94 83 95 104 88 80 112 116 120 126 7 110 140 74 77 118 89 87 121 6 99 3 111 5 2 96 131 141 85 115 106 133 93 139 76 100 108 
142 79 137 4 123 98 97 1 107 113 117 102 90 135 109 91 94 83 95 104 88 80 112 116 120 126 7 110 140 74 77 118 89 87 121 6 99 3 111 5 2 96 131 141 85 115 106 133 93 139 76 100 108 
143 79 137 4 123 98 97 1 107 113 117 102 90 135 109 91 94 83 95 104 88 80 112 143 116 120 126 7 110 140 74 77 118 89 87 121 6 99 3 111 5 2 96 131 141 85 115 106 133 93 139 76 100 108 
144 79 137 4 123 98 97 1 107 113 117 102 90 135 109 91 94 83 95 104 88 80 112 143 116 120 126 7 110 140 74 77 118 89 87 121 6 99 3 111 5 2 96 131 141 85 115 106 133 93 139 76 100 108 
145 79 137 4 123 98 97 1 107 113 117 102 90 135 109 91 94 83 95 104 145 88 80 112 143 116 120 126 7 110 140 74 77 118 89 87 121 6 99 3 111 5 2 96 131 141 85 115 106 133 93 139 76 100 108 
146 79 137 4 123 98 97 1 107 113 117 102 90 135 109 91 94 83 95 104 145 88 80 112 143 116 120 126 7 110 140 74 77 118 89 87 121 6 99 3 111 5 2 96 131 141 85 115 106 133 93 139 76 100 108 
147 79 137 4 123 98 97 1 107 113 117 102 90 135 109 91 94 83 95 104 145 88 80 112 143 116 120 126 7 110 140 74 77 118 89 87 121 6 99 3 111 5 2 96 131 141 85 115 106 133 93 139 76 100 108 
148 79 137 4 123 98 97 1 107 113 117 102 90 135 109 91 94 83 95 104 145 88 80 112 143 116 120 126 7 110 140 74 77 118 89 87 121 6 99 3 111 5 2 96 131 141 85 115 106 133 93 139 76 100 108 
149 79 137 4 123 98 97 1 107 113 117 102 90 135 109 91 94 83 95 104 145 88 149 80 112 143 116 120 126 7 110 140 74 77 118 89 87 121 6 99 3 111 5 2 96 131 141 85 115 106 133 93 139 76 100 108 
150 79 137 4 123 98 97 1 107 113 117 102 90 135 109 91 94 83 95 104 145 88 149 80 112 143 116 120 126 7 110 140 74 77 118 89 87 121 6 99 3 111 5 2 96 131 141 85 115 106 133 93 139 76 100 108 
151 79 137 4 123 98 97 1 107 113 117 102 90 135 109 91 94 83 95 104 145 88 149 80 112 143 116 120 126 7 110 140 74 77 118 89 87 121 6 99 3 111 5 2 96 131 141 85 115 106 133 93 139 76 100 108 
152 79 137 4 123 98 97 1 107 113 117 102 90 135 109 91 94 83 95 104 145 88 149 80 112 143 116 120 126 7 110 140 74 77 118 89 87 121 6 99 3 111 5 2 96 131 141 85 115 106 133 93 139 76 100 108 
153 79 137 4 123 98 97 1 107 113 117 102 90 135 109 91 94 83 95 104 145 88 149 80 112 143 116 120 126 7 110 140 74 77 118 89 87 121 6 99 3 111 5 2 96 131 141 85 115 106 133 93 139 76 100 108 
154 79 154 4 123 98 97 1 107 124 113 117 102 90 135 109 91 94 83 95 104 88 80 112 116 120 126 7 110 74 77 118 89 87 121 6 99 3 111 5 2 96 131 85 115 106 133 93 76 100 108 
155 79 154 4 123 98 97 1 107 124 113 117 102 90 135 109 91 94 83 95 104 88 80 112 116 120 126 7 110 74 77 118 89 87 121 6 99 3 111 5 2 96 131 85 115 106 133 93 76 100 108 
156 79 154 4 123 98 97 1 107 113 117 102 90 135 109 91 94 83 95 104 88 80 112 116 120 126 7 110 74 77 118 89 87 121 6 99 3 111 5 2 96 131 156 85 115 106 133 93 76 100 108 
157 79 154 4 123 98 157 97 1 107 113 117 102 90 135 109 91 94 83 95 104 88 80 112 116 120 126 7 110 74 77 118 89 87 121 6 99 3 111 5 2 96 131 156 85 115 106 133 93 76 100 108 
158 79 154 4 123 98 157 97 1 107 113 117 102 90 135 109 91 94 158 83 95 104 88 80 112 116 120 126 7 110 74 77 118 89 87 121 6 99 3 111 5 2 96 131 156 85 115 106 133 93 76 100 108 
159 79 154 4 123 98 157 97 1 107 113 117 102 90 135 109 91 94 158 83 95 104 88 80 112 116 120 126 7 110 74 77 118 89 87 121 6 99 3 111 5 2 96 131 156 85 115 106 133 93 76 100 108 
160 79 160 154 4 123 98 157 97 1 107 113 117 102 90 135 109 91 94 158 83 95 104 88 80 112 116 120 126 7 110 74 77 118 89 87 121 6 99 3 111 5 2 96 131 156 85 115 106 133 93 76 100 108 
161 79 160 154 4 123 98 157 97 1 107 113 117 102 90 135 109 91 94 158 83 95 104 88 80 112 116 120 126 7 110 74 77 118 89 87 121 6 99 3 111 5 2 96 131 156 85 115 106 133 93 76 100 108 
162 79 160 154 4 123 98 157 97 1 107 113 117 102 90 135 109 91 94 158 83 95 104 88 80 112 116 120 126 7 110 74 77 118 89 87 121 6 99 162 3 111 5 2 96 131 156 85 115 106 133 93 76 100 108 
163 79 160 154 4 123 98 157 97 1 107 113 117 102 90 135 109 91 94 158 83 95 104 88 80 112 116 120 126 7 110 74 77 118 89 87 121 6 99 162 3 111 5 2 96 131 156 85 115 106 133 93 76 100 108 
164 79 160 154 4 123 98 157 97 1 107 113 117 102 90 135 109 91 94 158 83 95 104 88 80 112 116 120 126 7 110 74 77 118 89 87 121 6 99 162 3 111 5 2 96 131 156 85 115 106 133 93 76 100 108 
165 79 160 154 4 123 98 157 97 1 107 113 117 102 90 135 109 91 94 158 83 95 104 88 80 112 116 120 126 7 110 74 77 118 89 87 121 6 99 162 3 111 5 2 96 131 156 85 115 106 133 93 76 100 108 
166 79 160 154 4 123 98 166 157 97 1 107 113 117 102 90 135 109 91 94 158 83 95 104 88 80 112 116 120 126 7 110 74 77 118 89 87 121 6 99 162 3 111 5 2 96 131 156 85 115 106 133 93 76 100 108 
167 79 160 154 4 123 98 166 157 97 1 107 113 117 102 90 135 109 91 94 158 83 95 104 88 80 112 116 120 126 7 110 74 77 118 89 87 121 6 99 162 3 111 5 2 96 131 156 85 115 106 133 93 76 100 108 
168 79 160 154 4 123 98 166 157 97 1 107 113 117 102 90 135 109 91 94 158 83 95 104 88 80 112 116 120 126 7 110 74 77 118 89 87 121 6 99 162 3 111 5 2 96 131 156 85 115 106 133 93 76 100 108 
169 79 160 154 4 123 98 166 157 97 1 107 113 117 102 90 135 109 91 94 158 83 95 104 88 80 112 116 120 126 7 110 74 77 118 89 87 121 6 99 162 3 111 5 2 96 131 156 85 115 106 133 93 76 100 108 
170 79 160 154 137 4 98 166 157 97 1 107 124 113 117 102 90 135 109 91 94 158 83 95 104 145 88 149 80 112 143 116 120 7 110 140 74 77 118 89 87 121 6 99 162 3 111 5 2 170 96 131 156 141 85 115 106 133 93 139 76 100 108 
171 79 160 154 137 4 98 166 157 97 1 107 113 117 102 90 135 109 91 94 171 158 83 95 104 145 88 149 80 112 143 116 120 7 110 140 74 77 118 89 87 121 6 99 162 3 111 5 2 170 96 131 141 85 115 106 133 93 76 100 108 
172 79 160 154 137 4 98 166 157 97 1 107 113 117 102 90 135 109 91 94 171 158 83 95 104 145 88 149 80 112 143 116 120 7 110 140 74 77 118 89 87 121 6 99 162 3 111 5 2 170 96 131 141 85 115 106 133 93 76 100 108 
173 79 160 154 137 4 98 166 157 97 1 107 113 117 102 90 135 109 91 94 171 158 83 95 104 145 88 149 80 112 143 116 120 7 110 140 74 77 118 89 87 121 6 99 173 162 3 111 5 2 170 96 131 141 85 115 106 133 93 76 100 108 
174 79 160 154 137 4 98 166 157 97 1 107 113 117 102 90 135 109 91 94 171 158 83 95 104 145 88 149 80 112 143 116 120 7 110 140 74 77 118 89 87 121 6 99 173 162 3 111 5 2 170 96 131 141 85 115 106 133 93 76 100 108 
175 79 160 154 137 4 98 166 157 97 1 107 113 117 102 90 135 109 91 94 171 158 83 95 104 145 88 149 80 112 143 116 120 7 110 140 74 77 118 89 87 121 6 99 173 162 3 111 5 2 170 96 131 175 141 85 115 106 133 93 76 100 108 
176 79 160 154 137 4 98 166 157 97 1 107 113 117 102 90 176 135 109 91 94 171 158 83 95 104 145 88 149 80 112 143 116 120 7 110 140 74 77 118 89 87 121 6 99 173 162 3 111 5 2 170 96 131 175 141 85 115 106 133 93 76 100 108 
177 79 160 154 137 4 98 166 97 177 1 107 113 117 102 90 176 135 109 91 94 171 158 83 95 104 145 88 149 80 112 143 116 120 7 110 74 77 118 89 87 121 6 99 173 162 3 111 5 2 170 96 131 175 141 85 115 106 133 93 76 100 108 
178 79 160 154 137 4 178 98 166 97 177 1 107 113 117 102 90 176 135 109 91 94 171 158 83 95 104 145 88 149 80 112 143 116 120 7 110 74 77 118 89 87 121 6 99 173 162 3 111 5 2 170 96 131 175 141 85 115 106 133 93 76 100 108 
179 79 160 154 137 4 178 98 166 97 177 1 107 113 117 102 90 176 135 109 91 94 171 158 83 95 104 145 88 149 80 112 143 116 120 7 110 74 77 179 118 89 87 121 6 99 173 162 3 111 5 2 170 96 131 175 141 85 115 106 133 93 76 100 108 
180 79 160 154 137 4 178 98 166 97 177 1 107 113 117 102 90 176 135 109 91 94 171 158 83 95 104 145 88 149 80 112 143 116 120 7 110 74 77 179 118 180 89 87 121 6 99 173 162 3 111 5 2 170 96 131 175 141 85 115 106 133 93 76 100 108 
181 79 160 154 137 4 178 181 98 166 97 177 1 107 113 117 102 90 176 135 109 91 94 171 158 83 95 104 145 88 149 80 112 143 116 120 7 110 74 77 179 118 180 89 87 121 6 99 173 162 3 111 5 2 170 96 131 175 141 85 115 106 133 93 76 100 108 
182 79 160 154 137 4 178 181 98 166 97 177 1 107 113 117 102 90 176 135 109 91 94 171 158 83 95 104 145 88 149 80 112 143 116 120 7 110 74 77 179 118 180 89 87 121 6 99 173 162 3 111 5 2 170 96 131 175 182 141 85 115 106 133 93 76 100 108 
183 79 160 154 137 4 178 181 98 166 97 177 1 107 113 117 102 90 176 135 109 183 91 94 171 158 83 95 104 145 88 149 80 112 143 116 120 7 110 74 77 179 118 180 89 87 121 6 99 173 162 3 111 5 2 170 96 131 175 182 141 85 115 106 133 93 76 100 108 
184 79 160 154 137 4 178 181 98 166 97 177 1 107 113 117 102 90 176 135 109 183 91 94 171 158 83 95 104 145 88 149 80 112 143 184 116 120 7 110 74 77 179 118 180 89 87 121 6 99 173 162 3 111 5 2 170 96 131 175 182 141 85 115 106 133 93 76 100 108 
185 79 160 154 137 4 178 181 98 166 97 177 1 107 113 117 102 90 176 135 109 183 91 94 171 158 83 95 104 145 88 149 80 112 143 184 116 120 7 110 74 77 179 118 180 89 87 121 6 99 173 162 3 111 5 2 170 96 131 175 182 141 85 115 106 133 93 76 100 108 
186 79 160 154 137 4 178 181 98 166 97 177 1 107 113 117 102 90 176 135 109 183 91 94 171 158 83 95 104 145 88 149 80 112 143 184 116 120 7 110 74 77 179 118 180 89 87 121 6 99 173 162 3 111 5 2 170 96 131 175 182 141 85 115 106 133 93 76 100 108 
187 79 160 154 137 4 178 181 98 166 97 177 1 107 113 117 102 90 176 135 109 183 91 94 171 158 83 95 104 145 88 149 80 112 143 184 116 120 7 110 74 77 179 118 180 89 87 121 6 99 173 162 3 111 5 2 170 96 131 187 175 182 141 85 115 106 133 93 76 100 108 
188 79 160 154 137 4 178 181 98 166 97 177 1 107 113 117 102 90 176 135 109 183 91 94 171 158 83 95 104 145 88 149 80 112 143 184 116 120 7 110 74 77 179 118 180 89 87 121 6 99 173 162 3 111 5 2 170 96 131 187 175 182 141 85 115 106 133 93 76 100 108 
189 79 160 154 137 4 178 181 98 166 97 177 1 107 113 117 102 90 176 135 109 183 91 94 171 158 83 95 104 145 88 149 189 80 112 143 184 116 120 7 110 74 77 179 118 180 89 87 121 6 99 173 162 3 111 5 2 170 96 131 187 175 182 141 85 115 106 133 93 76 100 108 
190 79 160 154 137 4 178 181 98 166 97 177 190 1 107 113 117 102 90 176 135 109 183 91 94 171 158 83 95 104 145 88 149 189 80 112 143 184 116 120 7 110 74 77 179 118 180 89 87 121 6 99 173 162 3 111 5 2 170 96 131 187 175 182 141 85 115 106 133 93 76 100 108 
191 79 160 154 137 4 178 181 98 166 97 177 190 1 107 113 117 102 90 176 135 109 183 91 94 171 158 83 95 104 145 88 149 189 80 112 143 184 116 120 7 110 74 77 179 118 180 89 87 121 6 99 173 162 3 111 5 2 191 170 96 131 187 175 182 141 85 115 106 133 93 76 100 108 
192 79 160 154 137 4 178 181 98 166 97 177 190 1 107 113 117 102 90 176 135 109 183 91 94 171 158 83 95 104 145 88 149 189 80 112 143 184 116 120 7 110 74 77 179 118 180 89 87 121 6 99 173 162 3 111 5 192 2 191 170 96 131 187 175 182 141 85 115 106 133 93 76 100 108 
193 79 160 154 137 4 178 181 98 166 97 177 190 1 107 113 117 102 90 176 135 109 183 91 94 171 158 83 95 104 145 88 149 189 80 112 143 184 116 120 7 110 74 77 179 118 180 89 87 121 6 99 173 162 3 111 5 192 2 191 170 96 131 187 175 182 193 141 85 115 106 133 93 76 100 108 
194 79 160 154 137 4 178 181 98 166 97 177 190 1 107 113 117 102 90 176 135 109 183 91 94 171 158 83 95 104 145 88 149 189 80 112 143 184 116 120 7 110 74 77 179 118 180 89 87 121 6 99 173 162 3 111 5 192 2 191 170 96 131 187 175 182 193 141 85 115 106 133 93 76 100 108 
195 79 160 154 137 4 178 181 98 166 157 97 177 190 1 107 113 117 102 90 176 135 109 183 91 94 171 158 83 95 104 145 88 149 189 80 112 143 184 116 120 7 110 140 74 77 179 118 180 89 87 121 6 99 173 162 3 111 5 192 2 191 170 96 131 187 175 182 193 141 85 115 106 133 93 76 100 108 
196 38 59 79 61 154 4 178 53 98 166 157 97 190 52 1 113 49 102 90 176 12 23 91 171 95 69 104 189 10 70 17 116 7 110 22 39 30 64 89 87 51 121 6 16 20 3 41 2 187 182 193 141 11 60 66 108 160 137 15 181 43 177 54 46 107 117 135 56 109 183 57 32 55 94 158 24 83 145 9 88 149 28 80 112 143 184 120 67 37 140 74 77 179 118 180 99 173 162 111 5 192 191 170 96 131 175 85 115 26 29 19 18 106 133 58 93 47 76 68 100 
