1 1 
2 1 2 
3 1 3 2 
4 1 4 3 2 
5 1 4 5 3 2 
6 1 6 4 5 3 2 
7 1 6 4 7 5 3 2 
8 1 6 4 7 8 5 3 2 
9 9 1 6 4 7 8 5 3 2 
10 9 1 6 4 10 7 8 5 3 2 
11 9 1 6 4 10 7 8 5 3 11 2 
12 9 1 6 4 10 7 8 5 3 11 2 12 
13 1 10 13 5 3 11 9 6 4 7 8 2 12 
14 1 10 13 5 3 11 9 6 4 14 7 8 2 12 
15 1 10 13 5 3 11 9 6 4 14 7 8 15 2 12 
16 1 10 13 5 3 11 9 6 16 4 14 7 8 15 2 12 
17 1 10 13 5 3 11 9 6 17 16 4 14 7 8 15 2 12 
18 1 10 13 5 3 11 9 6 17 18 16 4 14 7 8 15 2 12 
19 1 10 13 5 3 11 19 9 6 17 18 16 4 14 7 8 15 2 12 
20 1 10 13 5 3 11 19 9 6 17 18 20 16 4 14 7 8 15 2 12 
21 1 10 13 5 3 11 19 9 6 17 18 20 16 4 14 7 8 15 2 12 21 
22 1 10 13 5 3 11 19 9 6 17 18 20 16 4 14 7 8 15 2 12 21 22 
23 1 10 13 5 3 11 19 9 6 17 18 20 16 4 14 7 8 15 2 12 21 22 
24 1 10 13 5 3 11 24 19 9 6 17 18 16 4 14 7 8 15 2 12 21 22 
25 1 10 13 5 3 11 24 19 9 6 17 18 16 4 14 7 8 15 25 2 12 22 
26 1 10 13 5 3 11 24 19 9 6 17 18 16 4 14 7 8 15 25 2 12 22 
27 1 10 13 5 3 11 19 9 6 17 18 20 16 4 14 7 8 15 27 2 12 21 22 
28 1 10 13 5 3 11 19 9 6 17 18 20 16 4 14 7 8 15 27 2 12 21 22 
29 1 29 10 13 5 3 11 19 9 6 17 18 16 4 14 7 8 15 27 2 12 21 22 
30 1 29 30 10 13 5 3 11 19 9 6 17 18 16 4 14 7 8 15 27 2 12 22 
31 29 30 31 10 13 5 19 20 16 14 15 25 2 21 1 3 11 24 9 6 17 18 4 7 8 27 12 22 
32 29 30 31 10 13 5 19 20 16 14 15 25 2 21 1 3 11 24 9 6 17 18 4 7 8 27 32 12 22 
33 29 30 31 10 13 5 19 20 16 14 15 25 2 21 1 3 11 24 9 6 17 18 4 7 8 27 33 32 12 22 
34 29 30 31 10 13 5 19 20 16 14 15 25 2 21 1 34 3 11 24 9 6 17 18 4 7 8 27 33 32 12 22 
35 35 29 30 31 10 13 5 19 20 16 14 15 25 2 21 1 34 3 11 24 9 6 17 18 4 7 8 27 33 32 12 22 
36 35 29 30 31 10 13 5 19 20 16 14 15 25 2 21 1 34 3 11 24 36 9 6 17 18 4 7 8 27 33 32 12 22 
37 35 29 30 31 10 13 5 37 19 20 16 14 15 25 2 21 1 34 3 11 24 36 9 6 17 18 4 7 8 27 33 32 12 22 
38 35 29 30 31 10 13 5 37 19 20 16 14 15 25 2 21 1 34 3 11 24 36 9 6 17 18 4 7 8 27 33 32 12 22 
39 35 29 30 39 31 10 13 5 37 19 20 16 14 15 25 2 21 1 34 3 11 24 36 9 6 17 18 4 7 8 27 33 32 12 22 
40 35 29 30 39 31 10 13 5 37 19 20 16 14 15 25 2 21 1 40 34 3 11 24 36 9 6 17 18 4 7 8 27 33 32 12 22 
41 35 29 30 39 31 10 13 5 37 19 41 20 16 14 15 25 2 21 1 40 34 3 11 24 36 9 6 17 18 4 7 8 27 33 32 12 22 
42 35 29 30 39 31 10 13 5 37 19 41 20 16 14 15 25 2 21 1 40 34 3 11 24 36 9 42 6 17 18 4 7 8 27 33 32 12 22 
43 35 30 39 31 10 13 5 37 19 41 16 14 15 25 2 21 1 40 34 3 11 36 9 42 43 6 17 18 4 7 8 27 33 32 12 22 
44 35 30 39 31 10 13 44 5 37 19 41 16 14 15 25 2 21 1 40 34 3 11 36 9 42 43 6 17 18 4 7 8 27 33 32 12 22 
45 35 30 39 31 10 13 44 5 37 45 19 41 16 14 15 25 2 21 1 40 34 3 11 36 9 42 43 6 17 18 4 7 8 27 33 32 12 22 
46 35 39 31 10 13 44 5 37 45 19 41 16 46 14 15 2 1 40 34 3 11 36 9 42 43 6 17 18 4 7 8 27 33 32 12 22 
47 47 35 39 31 10 13 44 5 37 45 19 41 16 46 14 15 2 1 40 34 3 11 36 9 42 43 6 17 18 4 7 8 27 33 32 12 22 
48 47 35 39 31 10 13 44 5 37 45 19 41 16 46 14 15 48 2 1 40 34 3 11 36 9 42 43 6 17 18 4 7 8 27 33 32 12 22 
49 47 35 39 31 10 13 44 5 37 45 19 41 16 46 14 15 48 2 1 40 34 3 11 36 9 42 43 6 49 17 18 4 7 8 27 33 32 12 22 
50 47 35 39 31 10 13 44 5 37 45 19 41 16 46 14 15 48 2 1 40 34 3 11 36 9 42 43 6 49 17 18 4 7 8 27 33 32 12 22 
51 47 35 39 31 10 13 44 5 37 45 19 41 16 46 14 15 48 2 1 40 34 3 11 36 9 42 43 6 49 17 18 4 7 8 27 51 33 32 12 22 
52 47 35 39 31 10 13 44 5 37 45 19 41 16 46 14 15 48 2 1 40 34 3 11 36 9 52 42 43 6 49 17 18 4 7 8 27 51 33 32 12 22 
53 47 35 39 31 10 13 44 5 37 45 19 41 16 46 14 15 48 2 1 40 34 3 11 36 9 52 42 43 6 49 17 18 4 7 8 27 51 33 32 12 22 
54 47 35 39 31 10 13 44 5 37 45 19 41 16 46 14 15 48 2 1 40 34 3 11 36 9 52 42 43 6 49 17 18 4 7 8 27 51 33 32 12 22 
55 47 35 39 31 10 13 44 5 37 45 55 19 41 16 46 14 15 48 2 1 40 34 3 11 36 9 52 42 43 6 49 17 18 4 7 8 27 51 33 32 12 22 
56 47 35 39 31 10 13 44 5 37 45 55 19 41 16 46 14 15 48 2 1 40 34 3 11 36 56 9 52 42 43 6 49 17 18 4 7 8 27 51 33 32 12 22 
57 47 35 39 31 10 13 44 5 37 45 57 55 19 41 16 46 14 15 48 2 1 40 34 3 11 36 56 9 52 42 43 6 49 17 18 4 7 8 27 51 33 32 12 22 
58 47 35 39 31 10 13 44 5 37 45 57 55 19 41 16 46 14 15 48 2 1 40 34 3 11 36 56 9 52 42 43 6 49 17 18 4 7 8 27 51 33 32 12 22 
59 47 35 39 31 10 13 44 5 37 45 57 55 19 41 16 46 14 15 48 2 1 40 34 3 11 36 56 9 52 42 43 6 49 17 18 4 7 8 27 51 33 32 12 22 
60 47 35 39 31 10 13 44 5 37 45 57 55 19 41 16 46 14 15 48 2 1 40 34 3 11 36 56 9 52 42 43 6 49 17 18 4 7 8 27 51 33 32 12 22 
