1 1 
2 1 2 
3 1 2 3 
4 1 4 2 3 
5 1 4 5 2 3 
6 1 4 5 2 6 3 
7 1 4 5 2 7 6 3 
8 1 4 5 8 2 7 6 3 
9 1 4 5 8 2 7 9 6 3 
10 1 4 5 8 10 2 7 9 6 3 
11 1 4 5 11 8 10 2 7 9 6 3 
12 1 4 5 12 11 8 10 2 7 9 6 3 
13 1 5 10 2 6 4 12 11 13 8 7 9 3 
14 1 5 10 2 6 4 12 11 13 8 7 9 3 
15 1 5 10 2 6 4 12 15 11 13 8 7 9 3 
16 1 5 16 10 2 6 4 12 15 11 13 8 7 9 3 
17 1 17 5 16 10 2 6 4 12 15 11 13 8 7 9 3 
18 1 17 5 16 10 2 6 4 12 15 18 11 13 8 7 9 3 
19 1 17 5 16 10 2 6 19 4 12 15 18 11 13 8 7 9 3 
20 1 17 5 16 10 2 6 19 4 12 15 18 11 13 8 7 9 3 20 
21 1 17 5 16 10 2 6 19 4 12 15 18 11 13 8 7 9 3 20 
22 1 17 5 16 10 2 6 19 22 4 12 15 18 11 13 8 7 9 3 20 
23 1 17 5 16 10 2 6 19 22 4 12 15 18 11 13 8 7 9 3 20 
24 1 5 10 2 24 6 4 12 11 13 8 7 9 3 
25 1 5 10 2 24 6 4 12 25 11 13 8 7 9 3 
26 1 5 10 2 24 6 26 4 12 25 11 13 8 7 9 3 
27 1 5 27 10 2 24 6 26 4 12 25 11 13 8 7 9 3 
28 1 5 28 27 10 2 24 6 26 4 12 25 11 13 8 7 9 3 
29 1 29 5 28 27 10 2 24 6 26 4 12 25 11 13 8 7 9 3 
30 1 29 5 28 27 10 2 24 6 26 4 12 25 11 13 8 7 9 3 
31 1 29 5 28 27 10 2 24 6 26 4 12 25 11 13 31 8 7 9 3 
32 1 28 32 16 24 6 22 26 4 12 15 25 11 13 8 20 17 29 5 27 10 2 19 18 31 7 9 3 
33 1 28 32 16 24 6 22 26 4 12 15 25 11 13 8 20 17 29 5 27 10 2 19 18 31 7 9 3 
34 1 28 32 16 24 6 22 26 4 12 15 25 11 13 8 20 17 29 5 27 10 2 19 18 31 7 9 3 
35 1 28 32 16 24 6 22 26 4 12 15 25 11 13 8 20 17 29 5 27 10 2 19 18 31 7 9 3 
36 1 28 32 16 24 6 22 26 4 12 15 25 11 13 8 20 17 29 5 27 10 2 19 18 31 7 9 3 
