1 1 
2 1 2 
3 1 3 2 
4 1 3 4 2 
5 1 5 3 4 2 
6 1 5 3 4 2 6 
7 1 5 3 4 2 7 6 
8 1 5 3 4 2 7 8 6 
9 1 5 3 4 2 7 8 6 
10 1 5 3 10 4 2 7 8 6 
11 1 5 3 10 4 2 7 8 6 
12 1 5 3 10 4 12 2 7 8 6 
13 1 5 3 10 4 12 2 7 8 6 
14 1 5 3 10 4 12 2 7 8 6 
15 1 5 3 4 15 2 7 8 6 
16 1 5 3 16 4 15 2 7 8 6 
17 1 5 3 16 4 15 2 7 8 6 
18 1 5 3 16 4 18 15 2 7 8 6 
19 1 5 3 16 4 18 19 2 7 8 6 
20 1 5 3 16 4 18 19 2 7 8 6 
21 1 5 3 16 4 21 15 2 7 8 6 
22 1 5 3 16 4 21 2 22 7 8 6 
23 3 16 4 21 2 22 8 6 1 5 18 19 7 
24 3 16 4 21 2 22 8 6 1 5 18 19 7 
