1 1 
2 2 1 
3 3 2 1 
4 3 2 1 
5 3 5 2 1 
6 3 5 2 1 6 
7 3 5 7 2 1 6 
8 18 14 10 11 17 2 1 6 15 3 13 12 16 8 5 7 23 24 
9 18 14 10 11 17 2 1 6 15 3 13 12 16 8 5 7 23 24 
10 18 14 10 11 17 2 1 6 15 3 13 12 16 8 5 7 23 24 
11 18 14 10 11 17 2 1 6 15 3 13 12 16 8 5 7 23 24 
12 18 14 10 11 17 2 1 6 15 3 13 16 12 8 5 7 23 24 
13 18 14 10 11 17 2 1 6 15 3 13 12 16 8 5 7 23 24 
14 18 14 10 11 17 2 1 6 15 3 13 12 16 8 5 7 23 24 
15 18 14 10 11 17 2 1 6 15 3 13 12 16 8 5 7 23 24 
16 18 14 10 11 17 2 1 6 15 3 13 12 16 8 5 7 23 24 
17 18 14 10 11 17 2 1 6 15 3 13 12 16 8 5 7 23 24 
18 18 14 10 11 17 2 1 6 15 3 13 12 16 8 5 7 23 24 
19 18 14 10 11 17 2 1 6 15 3 13 12 16 8 5 7 23 24 
20 18 14 10 11 17 2 1 6 15 3 13 12 16 8 5 7 23 24 
21 18 14 10 11 17 2 1 6 15 3 13 12 16 8 5 7 23 24 
22 18 14 10 11 17 2 1 6 15 3 13 12 16 8 5 7 23 24 
23 18 14 10 11 17 2 1 6 15 3 13 12 16 8 5 7 23 24 
24 18 14 10 11 17 2 1 6 15 3 13 12 16 8 5 7 23 24 
25 18 14 10 11 17 2 1 6 15 3 13 12 16 8 5 7 23 24 
26 18 14 10 11 17 2 1 6 15 3 13 12 16 8 5 7 23 24 
27 18 14 10 11 17 2 1 6 15 3 13 12 16 8 5 7 23 24 
28 18 14 10 11 17 2 1 6 15 3 13 12 16 8 5 7 23 24 
