1 1 
2 2 1 
3 2 3 1 
4 2 3 4 1 
5 5 2 3 4 1 
6 5 2 3 6 4 1 
7 5 2 3 6 4 1 
8 5 8 2 3 6 4 1 
9 5 8 2 3 6 4 1 
10 8 2 3 6 4 10 1 
11 8 2 3 6 4 10 1 
12 5 8 2 3 12 6 4 1 
13 5 8 2 3 12 6 4 1 
14 5 8 2 3 12 6 4 14 1 
15 5 8 2 3 12 6 4 14 1 
16 8 2 3 12 6 4 14 16 1 
17 8 5 2 3 12 6 4 10 14 16 1 
18 8 5 2 3 12 6 18 4 10 14 16 1 
19 5 2 12 18 19 4 1 8 3 6 10 14 16 
20 20 5 2 12 18 19 4 1 8 3 6 10 14 16 
21 20 5 2 12 18 19 4 1 21 8 3 6 10 14 16 
22 20 5 2 12 22 18 19 4 1 21 8 3 6 10 14 16 
23 20 23 5 2 12 22 18 19 4 1 21 8 3 6 10 14 16 
24 20 23 5 2 12 22 18 19 4 1 21 8 3 24 6 10 14 16 
25 20 23 5 2 12 22 18 19 25 4 1 21 8 3 24 6 10 14 16 
26 20 23 5 2 12 22 18 19 25 4 1 21 8 3 6 10 14 16 26 
27 20 23 5 2 12 22 18 19 25 4 1 21 8 3 6 10 14 16 26 
28 8 5 2 28 3 12 6 4 10 14 16 1 
29 5 2 12 4 29 1 8 28 3 6 10 14 16 
30 5 2 12 4 29 30 1 8 28 3 6 10 14 16 
31 31 5 2 12 4 29 30 1 8 28 3 6 10 14 16 
32 31 5 2 12 32 4 29 30 1 8 28 3 6 10 14 16 
33 20 31 23 5 2 12 22 18 19 25 32 4 29 30 1 21 8 28 3 6 10 14 16 26 
