1 1 
2 2 1 
3 2 3 1 
4 4 2 3 1 
5 4 5 2 3 1 
6 4 5 2 3 1 6 
7 4 5 2 7 3 1 6 
8 4 5 2 7 3 1 6 
9 4 5 2 7 3 1 9 6 
10 4 5 10 2 7 3 1 9 6 
11 4 5 10 2 7 3 1 9 6 
12 4 5 10 2 7 3 1 9 6 12 
13 4 5 10 2 7 3 1 9 13 6 12 
14 4 14 5 10 2 7 3 1 9 13 6 12 
15 4 14 5 10 2 7 3 1 9 13 6 12 
16 7 3 9 6 16 4 14 5 10 2 1 13 12 
17 7 3 9 6 17 16 4 14 5 10 2 1 13 12 
18 18 7 3 9 6 17 16 4 14 5 10 2 1 13 12 
19 18 7 3 9 6 17 16 4 14 5 10 2 1 13 12 
20 20 18 7 3 9 6 17 16 4 14 5 10 2 1 13 12 
21 20 18 7 3 9 6 17 16 4 14 5 10 2 1 13 12 
22 20 18 7 3 9 6 17 16 4 14 5 10 2 1 13 12 
23 20 18 7 3 9 6 17 16 4 14 5 23 10 2 1 13 12 
24 20 18 7 3 9 6 17 16 4 14 5 23 10 2 1 13 12 
25 20 18 7 3 25 9 6 17 16 4 14 5 23 10 2 1 13 12 
26 20 18 7 3 25 9 6 17 16 4 14 5 23 10 2 26 1 13 12 
27 20 18 7 3 25 9 6 17 16 4 14 5 23 10 2 26 1 13 12 
28 20 18 7 3 25 9 6 17 16 4 14 5 23 10 2 26 1 13 12 28 
29 20 18 7 3 25 9 6 17 29 16 4 14 5 23 10 2 26 1 13 12 28 
30 20 18 7 3 25 9 6 17 29 16 4 14 5 30 23 10 2 26 1 13 12 28 
31 20 18 7 31 3 25 9 6 17 29 16 4 14 5 30 23 10 2 26 1 13 12 28 
32 20 18 32 7 31 3 25 9 6 17 29 16 4 14 5 30 23 10 2 26 1 13 12 28 
33 18 32 7 31 25 29 5 30 23 10 26 13 12 28 33 20 3 9 6 17 16 4 14 2 1 
34 34 18 32 7 31 25 29 5 30 23 10 26 13 12 28 33 20 3 9 6 17 16 4 14 2 1 
35 34 18 32 7 31 25 29 5 30 23 10 26 13 12 28 33 35 20 3 9 6 17 16 4 14 2 1 
36 34 18 32 7 31 25 29 5 30 23 36 10 26 13 12 28 33 35 20 3 9 6 17 16 4 14 2 1 
37 37 34 18 32 7 31 25 29 5 30 23 36 10 26 13 12 28 33 35 20 3 9 6 17 16 4 14 2 1 
38 37 38 34 18 32 7 31 25 29 5 30 23 36 10 26 13 12 28 33 35 20 3 9 6 17 16 4 14 2 1 
39 37 38 34 18 32 7 31 25 29 5 30 23 36 10 26 13 39 12 28 33 35 20 3 9 6 17 16 4 14 2 1 
40 37 38 34 18 32 7 31 25 29 5 30 23 36 10 26 13 39 12 28 33 35 20 3 9 6 17 16 4 40 14 2 1 
41 37 38 34 18 32 7 31 25 29 5 30 23 36 10 26 13 39 12 28 33 35 20 3 9 6 17 16 4 40 14 2 1 
42 37 38 34 18 32 7 31 25 29 42 5 23 36 10 26 13 39 12 28 33 35 20 3 9 6 17 16 4 40 14 2 1 
43 37 38 34 18 32 7 25 29 42 5 23 36 10 26 43 13 39 12 28 33 35 20 3 9 6 17 16 4 40 14 2 1 
44 37 38 34 18 32 7 25 29 42 5 23 36 10 26 43 13 39 12 28 33 35 20 3 9 6 17 16 4 40 14 2 44 1 
45 37 38 34 18 32 7 25 29 42 45 5 23 36 10 26 43 13 39 12 28 35 20 3 9 6 17 16 4 40 14 2 44 1 
46 37 38 34 18 32 7 25 29 42 45 5 23 36 10 26 43 13 39 12 28 35 20 3 46 9 6 17 16 4 40 14 2 44 1 
47 37 38 34 18 32 7 25 29 42 45 47 5 23 36 10 26 43 13 39 12 28 20 3 46 9 6 17 16 4 40 14 2 44 1 
48 37 38 34 18 32 7 25 29 42 45 47 5 23 10 26 43 13 39 12 28 20 3 46 9 6 17 16 4 40 14 2 44 48 1 
49 37 38 34 18 32 7 49 25 29 42 45 47 5 23 10 26 43 13 39 12 28 20 3 46 9 6 17 16 4 40 14 2 44 48 1 
50 37 34 18 32 7 49 25 29 42 45 47 5 23 50 10 26 43 13 39 12 28 20 3 46 9 6 17 16 4 40 14 2 44 48 1 
51 37 38 34 18 32 7 31 49 25 29 42 45 47 5 30 23 36 50 10 26 43 13 39 12 28 33 35 20 3 46 9 6 17 51 16 4 40 14 2 44 48 1 
52 37 38 34 18 32 7 31 49 25 29 42 45 47 5 30 23 36 50 10 26 43 13 39 12 28 33 35 20 3 46 9 6 17 51 16 4 40 14 2 44 48 1 
53 37 38 34 18 32 7 31 49 25 29 42 45 47 5 30 23 36 50 10 26 43 13 39 12 28 33 35 20 3 46 9 6 17 51 16 4 40 14 2 44 48 1 
54 37 38 34 18 32 7 31 49 54 25 29 42 45 47 5 30 23 36 50 10 26 43 13 39 12 28 33 35 20 3 46 9 6 17 51 16 4 40 14 2 44 48 1 
55 37 38 34 18 32 7 31 49 54 25 29 42 45 47 5 30 23 36 50 10 26 43 13 39 12 28 33 35 20 3 46 9 6 17 51 16 4 40 14 2 44 48 1 
56 37 38 34 18 32 7 31 49 54 25 29 42 45 47 5 30 23 36 50 10 56 26 43 13 39 12 28 33 35 20 3 46 9 6 17 51 16 4 40 14 2 44 48 1 
57 37 38 34 18 32 7 31 49 54 25 29 42 45 47 5 30 23 36 50 10 56 26 43 13 39 12 28 33 35 20 3 46 9 6 17 51 16 4 40 14 2 44 48 1 
58 37 38 34 18 32 7 31 49 54 25 29 42 45 47 5 30 23 36 50 10 56 58 26 43 13 39 12 28 33 35 20 3 46 9 6 17 51 16 4 40 14 2 44 48 1 
59 37 38 34 18 32 7 31 49 54 25 29 42 45 47 5 30 23 36 50 10 56 58 26 43 13 39 12 28 33 35 20 3 46 9 6 17 51 16 4 40 14 2 44 48 1 
60 37 38 34 18 32 7 31 49 54 25 29 42 45 47 5 30 23 36 50 10 56 58 26 43 13 39 12 28 33 35 20 3 46 9 6 17 51 16 4 40 14 2 44 48 1 
61 37 38 34 18 32 7 31 49 54 25 29 42 45 47 5 30 23 36 50 10 56 58 26 43 13 39 12 28 33 35 20 3 46 9 6 17 51 61 16 4 40 14 2 44 48 1 
62 37 38 34 18 32 7 31 49 54 25 29 42 45 47 5 30 23 36 50 10 56 58 26 43 13 39 12 28 33 35 20 3 46 9 6 17 51 61 16 4 40 14 2 44 48 1 
63 37 38 34 18 32 7 31 49 54 25 29 42 45 47 5 30 23 36 50 10 56 58 26 43 13 39 12 28 33 35 20 3 46 9 6 17 51 61 16 4 40 14 2 44 48 1 
64 37 38 34 18 32 7 31 49 54 25 29 42 45 47 5 30 23 36 50 10 56 58 26 43 13 39 12 28 33 35 20 3 46 9 6 17 51 61 16 4 40 14 2 44 48 1 
65 37 38 34 18 32 7 31 49 54 25 29 42 45 47 5 30 23 36 50 10 56 58 26 43 13 39 12 28 33 35 20 3 46 9 6 17 51 61 16 4 40 14 2 44 48 1 
66 37 38 34 18 32 7 31 49 54 25 29 42 45 47 5 30 23 36 50 10 56 58 26 43 13 39 12 28 33 35 20 3 46 9 6 17 51 61 16 4 40 14 2 44 48 1 
67 37 38 34 18 32 7 31 49 54 25 29 42 45 47 5 30 23 36 50 10 56 58 26 43 13 39 12 28 33 35 20 3 46 9 6 17 51 61 16 4 40 14 2 44 48 1 
