1 1 
2 1 2 
3 1 2 3 
4 1 4 2 3 
5 1 4 2 3 
6 1 4 2 3 
7 1 7 4 2 3 
8 1 7 4 2 3 
9 1 7 4 2 3 
10 10 1 7 4 2 3 
11 10 1 7 4 2 3 
12 10 1 7 4 2 3 
13 13 10 1 7 4 2 3 
14 13 10 1 14 7 4 2 3 
15 13 10 1 15 14 7 4 2 3 
16 13 16 10 1 15 14 7 4 2 3 
17 13 16 10 1 15 14 7 4 2 3 
18 13 16 10 1 15 14 7 4 18 2 3 
19 13 16 10 1 14 7 4 18 2 3 19 
20 13 20 14 2 3 16 10 1 15 7 4 18 19 
21 13 20 14 21 2 3 16 10 1 15 7 4 18 19 
22 13 20 14 21 2 3 16 10 1 15 7 4 18 19 
23 13 20 14 21 2 3 16 10 1 15 7 4 18 19 23 
24 13 14 21 2 3 16 10 1 15 7 24 4 18 19 23 
25 13 20 14 21 2 3 16 10 1 15 7 24 4 25 18 19 23 
26 13 20 26 14 21 2 3 16 10 1 15 7 24 4 25 18 19 23 
27 13 20 26 14 21 2 3 16 10 1 15 7 24 4 25 18 27 19 23 
28 13 20 26 14 21 2 3 28 16 10 1 15 7 24 4 25 18 27 19 23 
29 13 20 26 14 21 2 3 28 16 10 1 15 7 24 4 25 18 27 19 23 
30 13 20 26 14 21 2 3 28 16 10 1 15 7 24 4 25 18 27 19 23 30 
31 13 20 26 14 21 2 3 28 16 10 1 15 7 24 4 25 18 27 19 23 30 
32 13 20 26 14 21 2 3 28 16 10 1 15 32 7 24 4 25 18 27 19 23 
33 13 20 26 33 14 21 2 3 28 16 10 1 15 32 7 24 4 25 18 27 19 23 30 
34 13 20 26 33 34 14 21 2 3 28 16 10 1 15 32 7 24 4 25 18 27 19 23 30 
35 13 20 34 2 3 28 16 10 15 7 24 27 23 30 26 33 35 14 21 1 32 4 25 18 19 
36 13 20 34 2 3 28 16 10 15 7 24 27 23 30 26 33 35 14 21 1 32 4 25 18 19 
37 13 20 34 2 3 28 16 10 15 7 24 27 23 30 26 33 35 37 14 21 1 32 4 25 18 19 
38 13 20 34 2 3 28 16 10 15 7 24 27 23 30 26 33 35 37 14 21 1 32 4 25 18 19 
39 13 20 34 2 3 28 16 10 15 7 24 27 23 30 26 33 35 14 21 39 1 32 4 25 18 19 
40 13 20 34 2 3 28 16 10 15 40 7 24 27 23 30 26 33 35 37 14 21 39 1 32 4 25 18 19 
41 13 20 34 2 3 28 16 10 15 40 7 24 27 23 30 26 33 35 37 41 14 21 39 1 32 4 25 18 19 
42 13 20 34 2 3 28 16 10 15 40 42 7 24 27 23 30 26 33 35 37 41 14 21 39 1 32 4 25 18 19 
43 13 20 34 2 3 28 16 10 15 40 42 7 24 27 23 30 26 33 35 37 43 41 14 21 39 1 32 4 25 18 19 
44 13 20 44 34 2 3 28 16 10 15 40 42 7 24 27 23 30 26 33 35 37 43 41 14 21 39 1 32 4 25 18 19 
45 13 20 44 34 2 3 28 16 10 15 40 42 7 24 27 23 30 26 33 35 37 43 41 45 14 21 39 1 32 4 25 18 19 
46 13 20 44 34 2 3 28 16 10 15 40 42 7 24 27 23 30 26 33 35 37 43 41 45 14 21 39 1 32 4 25 18 19 
47 13 20 44 34 2 3 28 16 10 15 40 42 7 24 27 23 30 26 33 35 37 43 41 45 14 21 39 1 32 47 4 25 18 19 
48 13 20 44 34 2 3 28 16 10 15 40 42 7 24 27 23 30 26 33 35 37 43 41 45 14 21 39 1 32 47 4 25 18 19 
49 13 20 44 34 2 3 28 16 10 15 40 42 7 24 27 23 30 49 26 33 35 37 43 41 45 14 21 39 1 32 47 4 25 18 19 
50 13 20 44 34 2 3 28 16 10 15 40 42 7 24 27 23 30 49 26 33 35 37 43 41 45 14 21 39 1 32 47 4 25 18 19 
51 13 20 44 34 2 3 28 16 10 15 40 42 7 24 27 23 30 49 26 33 35 37 43 41 45 14 21 39 1 32 47 4 25 18 19 
52 13 20 44 34 2 3 28 16 10 52 15 40 42 7 24 27 23 30 49 26 33 35 37 43 41 45 14 21 39 1 32 47 4 25 18 19 
53 13 20 44 34 2 3 28 16 10 52 15 40 42 7 24 27 23 30 49 26 33 35 37 43 41 45 14 21 39 1 32 47 4 25 18 19 
54 13 20 44 34 2 3 28 16 10 52 15 40 42 7 24 27 23 30 49 26 33 35 37 43 41 45 14 21 39 1 32 47 4 25 18 19 
55 13 20 44 34 2 3 28 16 10 52 15 40 42 7 24 27 23 30 49 26 33 35 37 43 41 45 14 21 39 1 32 47 4 25 18 19 
56 13 20 44 34 2 3 28 16 10 52 15 40 42 7 24 27 23 30 49 26 33 35 37 43 41 45 14 21 39 1 32 47 4 25 18 19 
57 13 20 44 34 2 3 28 16 10 52 15 40 42 7 24 27 23 30 49 26 33 35 37 43 41 45 14 21 39 1 32 47 4 25 18 19 
