1 1 
2 1 2 
3 1 2 
4 1 2 
5 1 5 2 
6 1 5 2 
7 1 5 2 
8 1 8 5 2 
9 1 8 5 2 9 
10 1 8 5 2 9 10 
11 1 8 5 2 9 10 
12 1 8 5 2 9 10 
13 13 1 8 5 2 9 10 
14 14 13 1 8 5 2 9 10 
15 14 13 1 8 5 2 9 10 
16 14 13 1 8 5 2 9 10 
17 14 13 1 8 5 2 9 10 17 
18 13 23 25 1 18 5 2 24 14 8 20 9 10 17 30 28 21 
19 13 23 25 1 18 5 2 24 14 8 20 9 10 17 30 28 21 
20 13 23 25 1 18 5 2 24 14 8 20 9 10 17 30 21 
21 13 23 25 1 18 5 2 24 14 8 20 9 10 17 28 30 21 
22 13 23 25 1 18 5 2 24 14 8 20 9 10 17 28 30 21 
23 13 25 23 1 18 5 2 24 14 8 20 9 10 17 28 30 21 
24 13 23 25 1 18 5 2 24 14 8 20 9 10 17 28 30 21 
25 13 23 25 1 18 5 2 24 14 8 20 9 10 17 28 30 21 
26 13 23 25 1 18 5 2 24 14 8 20 9 10 17 28 30 21 
27 13 23 25 1 18 5 2 24 14 8 20 9 10 17 28 30 21 
28 13 23 25 1 18 5 2 24 14 8 9 10 17 30 28 21 
29 13 23 25 1 18 5 2 24 14 8 9 10 17 28 30 21 
30 13 23 25 1 18 5 2 24 14 8 20 9 10 28 30 21 
31 13 23 25 1 18 5 2 24 14 8 20 9 10 30 28 21 
32 13 23 25 32 1 18 5 2 24 14 8 20 9 10 17 30 28 21 
33 13 32 23 25 1 18 5 2 24 14 8 20 9 10 17 30 28 21 
