1 1 
2 1 2 
3 1 2 
4 1 2 
5 1 2 
6 1 2 
7 7 1 2 
8 7 1 2 
9 9 1 2 
10 9 7 1 2 
11 1 2 
12 1 2 
13 13 1 2 
14 13 1 2 
15 15 13 1 2 
16 15 13 1 2 
17 15 17 13 1 2 
18 15 17 13 1 18 2 
19 15 17 19 13 1 18 2 
20 15 17 19 20 13 1 18 2 
21 15 17 19 20 13 1 18 2 21 
22 15 17 19 20 13 1 18 2 21 
23 15 17 19 20 13 1 23 18 2 21 
24 15 17 19 20 13 1 23 18 24 2 21 
25 15 17 19 20 13 1 23 25 18 24 2 21 
26 15 17 19 20 13 1 23 25 18 24 2 21 
27 23 25 2 21 15 17 19 20 13 1 27 18 24 
28 23 25 2 21 15 17 19 20 13 1 27 18 24 28 
29 23 25 2 21 15 17 19 29 20 13 1 27 18 24 28 
30 23 25 2 21 15 17 19 29 20 13 1 27 18 24 28 
31 23 25 31 2 21 15 17 19 29 20 13 1 27 18 24 28 
32 32 23 25 31 2 21 15 17 19 29 20 13 1 27 18 24 28 
33 32 23 25 31 2 21 15 17 19 33 29 20 13 1 27 18 24 28 
34 32 23 25 31 2 21 15 17 19 33 29 20 13 1 27 18 24 28 
35 35 32 23 25 31 2 21 15 17 19 33 29 20 13 1 27 18 24 28 
36 35 32 23 25 31 2 21 36 15 17 19 33 29 20 13 1 27 18 24 28 
37 35 32 23 25 31 2 21 36 15 17 19 33 29 20 13 1 27 18 24 28 
38 35 32 23 25 31 2 21 36 15 17 19 33 29 20 13 1 38 27 18 24 28 
39 35 32 23 25 31 2 21 36 15 17 19 33 29 20 13 1 38 39 27 18 24 28 
40 35 32 23 25 31 2 21 36 15 17 19 33 29 20 13 1 38 39 27 18 24 28 
41 35 32 41 23 25 31 2 21 36 15 17 19 33 29 20 13 1 38 39 27 18 24 28 
42 35 32 41 23 25 31 2 21 36 15 17 19 33 29 20 13 1 38 39 27 18 24 28 
43 35 32 43 23 25 31 2 21 36 15 17 19 33 29 20 13 1 38 39 27 18 24 28 
44 35 32 41 43 23 25 31 2 21 36 15 17 19 33 29 20 13 1 38 39 27 18 24 28 
45 15 13 1 2 45 
46 15 13 1 2 45 
47 15 47 13 1 2 45 
48 15 47 13 1 2 45 
49 15 49 47 13 1 2 45 
50 15 49 47 13 1 50 2 45 
51 15 49 47 13 1 50 51 2 45 
52 15 49 47 52 13 1 50 51 2 45 
53 15 49 47 52 13 1 50 51 2 45 53 
54 15 49 47 52 13 1 50 51 2 45 53 
55 15 49 47 52 13 1 55 50 51 2 45 53 
56 49 52 56 51 2 45 53 15 47 13 1 55 50 
57 49 52 56 51 2 45 53 15 47 13 57 1 55 50 
58 49 52 56 51 2 45 53 15 47 13 57 1 55 50 
59 49 52 56 51 59 2 45 53 15 47 13 57 1 55 50 
60 49 52 56 51 59 2 45 53 15 60 47 13 57 1 55 50 
61 49 52 56 51 59 2 45 53 15 60 47 13 57 1 55 50 61 
62 49 52 56 51 59 2 45 53 15 60 47 13 57 1 55 50 61 
63 49 52 56 51 59 2 45 53 15 60 47 13 57 1 55 63 50 61 
64 49 52 64 56 51 59 2 45 53 15 60 47 13 57 1 55 63 50 61 
65 49 52 64 65 56 51 59 2 45 53 15 60 47 13 57 1 55 63 50 61 
66 49 52 64 65 56 51 59 2 45 53 15 60 47 13 57 1 55 63 50 61 
67 49 52 64 67 65 56 51 59 2 45 53 15 60 47 13 57 1 55 63 50 61 
68 49 52 64 67 65 56 68 51 59 2 45 53 15 60 47 13 57 1 55 63 50 61 
69 49 52 64 67 65 56 68 51 59 2 45 53 15 60 47 13 57 1 55 63 50 61 
70 49 52 64 67 65 56 68 51 59 2 45 53 15 60 47 13 57 1 55 63 50 61 70 
71 49 52 64 67 65 56 68 51 59 2 45 53 71 15 60 47 13 57 1 55 63 50 61 70 
72 49 52 64 67 65 56 68 51 59 2 45 53 71 15 60 47 13 57 1 55 63 50 61 70 
73 2 45 53 60 47 13 55 63 50 49 52 64 67 65 56 68 51 59 71 15 73 57 1 61 70 
74 2 45 53 60 47 13 55 63 50 49 52 64 67 74 65 56 68 51 59 71 15 73 57 1 61 70 
75 75 2 45 53 60 47 13 55 63 50 49 52 64 67 74 65 56 68 51 59 71 15 73 57 1 61 70 
76 75 2 45 53 60 47 13 55 63 50 49 52 64 67 74 65 56 68 51 59 71 15 73 57 1 61 70 
77 77 75 2 45 53 60 47 13 55 63 50 49 52 64 67 74 65 56 68 51 59 71 15 73 57 1 61 70 
78 77 75 2 45 53 60 47 13 55 63 50 49 52 64 67 74 65 56 68 51 59 71 15 73 57 1 61 70 
79 75 2 45 53 60 47 13 55 63 50 49 52 64 67 74 65 79 56 68 51 59 71 15 73 57 1 61 70 
80 77 75 2 45 53 60 47 13 55 63 50 49 52 64 67 74 65 79 56 68 51 59 71 15 73 57 1 61 70 
81 15 47 13 1 81 2 45 
82 15 47 13 1 81 2 45 
83 15 83 47 13 1 81 2 45 
84 15 83 47 13 1 81 2 45 
85 15 83 47 13 1 81 85 2 45 
86 15 83 86 47 13 1 81 85 2 45 
87 15 83 86 47 13 1 81 85 87 2 45 
88 15 83 86 47 13 1 81 88 85 87 2 45 
89 83 89 81 88 85 87 2 45 15 86 47 13 1 
90 83 89 81 88 85 87 2 45 15 86 47 13 1 
91 83 89 81 88 85 91 87 2 45 15 86 47 13 1 
92 83 89 81 88 85 91 87 2 45 15 86 92 47 13 1 
93 83 89 81 88 85 91 87 2 45 15 93 86 92 47 13 1 
94 83 89 81 88 85 91 87 2 45 15 93 86 92 47 13 1 
95 83 89 81 88 85 91 87 2 45 15 93 86 92 47 13 1 95 
96 83 89 81 88 85 91 87 2 45 15 93 86 92 47 13 1 96 95 
97 83 89 81 88 85 91 87 2 45 15 93 86 92 47 13 1 96 97 95 
98 83 89 81 88 85 91 87 2 45 15 93 86 92 47 13 1 96 97 95 
99 83 89 81 88 85 91 87 2 45 15 93 86 92 47 13 1 96 97 95 99 
100 83 89 81 88 85 91 87 100 2 45 15 93 86 92 47 13 1 96 97 95 99 
101 83 89 81 88 101 85 91 87 100 2 45 15 93 86 92 47 13 1 96 97 95 99 
102 83 89 81 88 101 85 91 87 100 2 45 15 93 86 92 47 13 1 96 97 95 99 
103 83 89 81 88 101 85 91 87 100 103 2 45 15 93 86 92 47 13 1 96 97 95 99 
104 83 89 81 88 101 85 91 87 100 103 104 2 45 15 93 86 92 47 13 1 96 97 95 99 
105 83 89 81 88 91 103 104 2 45 93 86 47 13 96 105 97 99 101 85 87 100 15 92 1 95 
106 83 89 81 88 91 103 104 2 45 93 86 47 13 96 105 97 99 101 85 87 100 15 92 1 95 
107 83 89 81 88 91 103 104 107 2 45 93 86 47 13 96 105 97 99 101 85 87 100 15 92 1 95 
108 83 89 81 88 91 103 104 107 2 45 93 86 47 13 96 105 97 99 101 85 87 100 15 92 1 95 108 
109 83 89 81 88 91 103 104 107 2 45 93 86 47 13 96 105 97 99 101 85 87 100 15 92 1 95 108 
110 83 89 81 88 91 103 104 107 2 45 93 86 47 13 96 105 97 99 110 101 85 87 100 15 92 1 95 108 
111 83 89 81 88 91 103 104 107 2 45 111 93 86 47 13 96 105 97 99 110 101 85 87 100 15 92 1 95 108 
112 83 89 81 88 91 103 104 107 2 45 111 93 86 47 13 96 105 97 99 110 101 85 87 100 15 92 1 95 108 
113 83 89 81 88 91 103 104 107 2 45 111 93 86 47 13 96 105 97 99 110 101 85 87 100 15 92 1 95 108 113 
114 83 89 81 88 91 103 104 107 2 45 111 93 86 47 13 96 105 97 99 110 101 85 87 100 114 15 92 1 95 108 113 
115 83 89 81 88 91 103 104 107 2 45 111 93 115 86 47 13 96 105 97 99 110 101 85 87 100 114 15 92 1 95 108 113 
116 83 89 81 88 91 103 104 107 2 45 111 93 115 86 47 13 96 105 97 99 110 101 85 87 100 114 15 92 1 95 108 113 
117 83 89 81 88 91 103 104 107 2 45 111 93 115 86 47 13 96 105 97 99 110 101 85 87 100 114 15 92 1 95 108 113 117 
118 83 89 81 88 91 103 104 107 2 45 111 93 115 86 47 13 96 105 97 99 110 101 85 87 100 114 15 92 1 95 108 113 117 
119 83 89 81 88 91 103 104 107 2 45 111 93 115 86 47 13 96 105 97 99 110 101 85 87 100 114 119 15 92 1 95 108 113 
120 83 89 81 88 91 103 104 107 2 45 111 93 115 86 47 13 96 105 97 99 110 101 85 87 100 114 119 15 92 1 95 108 113 117 
121 15 83 47 121 13 1 81 2 45 
122 15 83 47 121 13 1 81 2 45 
