1 1 
2 1 2 
3 1 3 2 
4 1 3 4 2 
5 1 5 3 4 2 
6 1 5 3 6 4 2 
7 7 1 5 3 6 4 2 
8 7 1 5 8 3 6 4 2 
9 7 1 5 8 9 3 6 4 2 
10 10 7 1 5 8 9 3 6 4 2 
11 10 7 1 5 8 9 3 6 4 11 2 
12 10 7 1 5 8 12 9 3 6 4 11 2 
13 8 12 9 6 11 2 10 7 1 13 5 3 4 
14 8 12 9 6 11 2 10 7 1 13 5 3 4 14 
15 8 12 15 9 6 11 2 10 7 1 13 5 3 4 14 
16 8 12 15 9 6 11 16 2 10 7 1 13 5 3 4 14 
17 8 12 15 9 6 11 16 2 10 7 17 1 13 5 3 4 14 
18 8 12 15 9 6 11 16 2 10 7 17 1 13 5 3 4 14 18 
19 8 12 15 9 6 11 16 2 10 7 17 1 13 5 3 4 14 18 19 
20 8 12 15 9 6 11 16 2 10 7 17 1 13 20 5 3 4 14 18 19 
21 8 12 15 9 6 11 16 2 10 7 17 1 13 20 21 5 3 4 14 18 19 
22 8 12 15 9 6 11 16 2 22 10 7 17 1 13 20 21 5 3 4 14 18 19 
23 23 8 12 15 9 6 11 16 2 22 10 7 17 1 13 20 21 5 3 4 14 18 19 
24 23 8 12 15 9 6 11 16 2 22 10 7 17 1 13 20 21 5 3 4 14 18 19 
25 23 8 12 15 9 6 11 16 2 22 10 7 17 25 1 13 20 21 5 3 4 14 18 19 
26 23 8 26 6 2 22 17 1 3 18 19 12 15 9 11 16 10 7 25 13 20 21 5 4 14 
27 23 8 26 6 2 22 17 1 3 18 19 12 15 9 11 16 10 7 25 27 13 20 21 5 4 14 
28 23 8 26 6 2 22 17 1 3 18 19 12 15 9 11 16 10 7 25 27 13 20 21 5 4 14 
29 23 8 26 6 2 17 1 3 18 19 12 15 9 29 11 16 10 7 25 27 13 20 21 5 4 14 
30 23 8 26 6 2 17 1 3 18 19 12 15 9 29 11 16 10 7 25 27 13 20 21 5 4 14 
31 23 31 8 12 15 9 6 11 16 2 22 10 7 17 1 13 20 21 5 3 4 14 18 19 
32 23 31 8 12 15 9 6 11 16 2 22 10 7 17 1 13 20 21 5 3 4 14 18 19 
33 23 31 8 6 2 22 17 1 3 18 19 12 15 9 11 16 10 7 33 13 20 21 5 4 14 
34 23 31 8 34 6 2 22 17 1 3 18 19 12 15 9 11 16 10 7 33 13 20 21 5 4 14 
35 23 31 8 34 6 2 22 17 1 3 18 19 12 15 9 11 16 35 10 7 33 13 20 21 5 4 14 
36 23 31 8 34 6 2 22 17 1 3 18 19 12 15 9 11 16 35 10 7 33 13 20 21 5 4 14 
37 37 23 31 8 34 6 2 17 1 3 18 19 12 15 9 11 16 35 10 7 33 13 20 21 5 4 14 
38 37 23 31 8 26 34 6 38 2 22 17 1 3 18 19 12 15 9 29 11 16 35 10 7 33 25 27 13 20 21 5 4 14 
39 37 23 31 8 26 34 6 38 2 22 17 1 3 18 19 12 15 9 29 11 16 35 10 7 33 25 27 13 20 21 5 4 14 
40 37 23 31 8 26 34 6 38 2 22 17 1 3 18 19 12 15 9 29 11 16 35 10 40 7 33 25 27 13 20 21 5 4 14 
41 37 23 31 8 26 34 6 38 2 22 17 1 3 18 19 12 15 9 29 11 16 35 10 40 7 33 25 27 13 20 21 5 4 14 
42 37 23 31 8 26 34 6 38 2 22 17 1 3 18 19 12 15 9 29 11 16 35 10 40 7 33 25 27 13 20 21 5 4 14 
43 37 23 43 31 8 26 34 6 38 2 22 17 1 3 18 19 12 15 9 29 11 16 35 10 40 7 33 25 27 13 20 21 5 4 14 
44 37 23 43 31 8 26 34 6 38 2 22 17 1 3 18 19 12 15 9 29 11 16 35 10 40 7 33 25 27 13 20 21 5 4 14 
45 37 23 43 31 8 26 34 6 38 2 22 17 1 3 18 19 12 15 9 29 11 16 35 45 10 40 7 33 25 27 13 20 21 5 4 14 
46 37 23 43 31 8 26 34 6 38 2 22 17 1 3 18 19 12 15 9 29 11 16 35 45 10 40 7 33 25 27 13 20 21 5 4 14 
47 47 37 23 43 31 8 26 34 6 38 2 22 17 1 3 18 19 12 15 9 29 11 16 35 45 10 40 7 33 25 27 13 20 21 5 4 14 
48 47 37 23 43 31 8 26 34 6 38 2 22 17 1 3 18 19 12 15 9 29 11 16 35 45 10 40 7 33 25 27 13 20 21 5 4 14 
49 47 37 23 43 31 8 26 34 6 38 2 22 17 1 3 18 19 49 12 15 9 29 11 16 35 45 10 40 7 33 25 27 13 20 21 5 4 14 
50 47 37 23 43 31 8 26 34 6 38 2 22 17 1 3 18 19 49 12 15 9 29 11 16 35 45 10 40 7 33 25 27 13 20 21 5 4 14 
51 47 37 23 43 31 8 26 34 6 38 2 22 17 1 3 18 19 49 12 15 9 29 11 16 35 45 10 40 7 33 25 27 13 20 21 5 4 14 
52 47 37 23 43 31 8 26 34 6 38 2 22 17 1 3 52 18 19 49 12 15 9 29 11 16 35 45 10 40 7 33 25 27 13 20 21 5 4 14 
53 47 37 23 43 31 8 26 34 6 38 2 22 17 1 3 52 18 19 49 12 15 9 29 11 16 35 45 53 10 40 7 33 25 27 13 20 21 5 4 14 
54 47 37 23 43 31 8 26 34 6 38 2 22 17 1 3 52 18 19 49 12 15 9 29 11 16 35 45 53 10 40 7 33 25 27 13 20 21 5 4 14 
55 47 37 23 43 31 8 26 34 6 38 2 22 17 1 3 52 18 19 49 12 15 9 29 11 16 35 45 53 10 40 7 33 25 27 13 20 21 5 4 14 
