1 1 
2 1 2 
3 3 1 2 
4 4 3 1 2 
5 4 3 1 2 
6 4 3 1 6 2 
7 4 3 1 6 2 
8 4 3 1 6 2 
9 4 3 1 9 2 
10 4 3 1 9 10 2 
11 4 3 1 9 10 2 
12 12 4 3 1 9 10 2 
13 12 4 3 1 10 13 2 
14 14 12 4 3 1 10 13 2 
15 14 12 4 3 1 15 13 2 
16 14 12 4 3 1 15 9 10 16 13 2 
17 14 12 17 4 3 1 15 9 10 16 13 2 
18 14 12 17 4 3 1 15 9 10 16 13 2 
19 17 4 19 9 10 14 12 3 1 15 16 13 2 
20 17 4 19 9 10 20 14 12 3 1 15 13 2 
21 17 4 19 9 10 20 14 12 21 3 1 15 13 2 
22 4 19 9 10 20 14 22 12 21 3 1 15 13 2 
23 17 4 19 9 10 20 14 22 23 12 21 3 1 15 16 13 2 
24 17 4 19 9 10 20 14 22 23 12 21 3 24 1 15 16 13 2 
25 17 4 19 9 10 20 14 22 23 12 21 3 24 1 15 25 16 13 2 
26 17 4 19 26 9 10 20 14 22 23 12 21 3 24 1 15 25 16 13 2 
27 17 4 19 26 9 10 20 14 22 23 12 21 3 24 1 15 25 27 16 13 2 
28 17 4 19 26 28 9 10 20 14 22 23 12 21 3 24 1 15 25 27 16 13 2 
29 17 4 19 26 28 9 10 20 14 22 23 12 21 29 3 24 1 15 25 27 16 13 2 
30 17 4 19 26 28 9 10 30 20 14 22 23 12 21 29 3 24 1 15 25 27 16 13 2 
31 4 28 9 10 14 23 21 29 3 1 15 13 17 19 26 30 20 22 12 24 25 27 31 16 2 
32 4 28 9 10 14 23 21 29 3 1 15 32 13 17 19 26 30 20 22 12 24 25 27 31 16 2 
33 4 28 9 10 14 23 21 29 3 1 15 33 32 13 17 19 26 30 20 22 12 24 25 27 31 16 2 
34 4 28 9 10 14 23 21 29 3 1 15 33 32 13 17 19 26 30 20 22 12 24 25 27 31 16 2 
35 4 28 9 10 14 23 21 29 3 1 15 33 32 13 17 19 26 30 20 22 12 24 25 27 31 16 2 
