1 1 
2 2 1 
3 2 1 
4 2 1 
5 2 1 5 
6 2 1 5 
7 2 1 5 7 
8 2 1 5 7 8 
9 2 1 5 7 8 
10 2 10 1 5 7 
11 11 2 10 1 5 7 
12 11 2 10 1 5 7 
13 2 13 1 5 7 8 
14 14 2 13 1 5 7 8 
15 14 2 13 1 5 7 8 
16 14 2 13 1 5 7 8 16 
17 14 2 13 1 5 7 8 16 
18 14 2 13 1 5 7 8 16 18 
19 14 2 13 1 5 7 8 16 18 
20 14 2 13 1 5 7 8 16 18 20 
21 14 2 13 1 5 7 8 16 18 20 
22 14 2 13 1 5 7 8 16 18 20 
23 14 11 2 10 13 1 5 7 8 16 23 18 
24 14 11 2 10 13 1 5 7 8 16 23 18 
25 11 7 8 16 18 25 14 2 10 13 1 5 23 
26 11 7 8 16 18 25 26 14 2 10 13 1 5 23 
27 11 7 8 16 18 25 26 14 2 10 13 1 5 23 
28 11 7 8 16 18 25 28 26 14 2 10 13 1 5 23 
29 11 7 8 16 18 25 28 26 14 2 29 10 13 1 5 23 
30 11 7 8 16 30 18 25 28 26 14 2 29 10 13 1 5 23 
31 11 31 7 8 16 30 18 25 28 26 14 2 29 10 13 1 5 23 
32 11 31 7 8 16 30 18 25 28 26 14 2 29 10 13 1 5 23 32 
33 11 31 7 8 16 30 18 25 28 26 14 2 29 10 13 1 5 23 32 33 
34 11 31 7 8 16 30 18 25 28 26 14 2 29 10 13 1 5 23 32 33 
35 11 31 7 8 16 30 18 25 28 26 14 2 29 10 13 1 5 23 33 35 
36 11 31 7 8 16 30 18 25 28 26 14 2 29 10 36 13 1 5 23 32 33 35 
37 11 31 7 8 16 30 18 25 28 26 14 2 29 10 36 13 1 5 23 32 33 35 37 
38 31 7 8 38 16 30 18 25 28 26 14 2 29 10 36 1 5 23 32 33 35 37 
39 11 31 7 8 18 25 14 2 10 36 13 5 35 39 38 16 30 28 26 29 1 23 32 33 37 
40 11 31 7 8 18 25 14 2 10 36 13 5 35 39 38 16 30 28 26 29 1 23 32 33 37 
41 39 31 7 8 16 30 18 25 28 26 41 14 2 29 10 36 5 1 23 32 33 35 37 
42 11 31 7 8 18 25 14 2 10 36 13 5 35 39 38 16 30 28 26 41 29 42 1 23 32 33 37 
43 11 31 7 8 18 25 14 2 10 36 13 5 35 39 38 16 30 28 26 41 29 42 1 23 32 33 37 
44 11 31 7 8 18 25 14 2 10 36 13 5 35 39 38 16 30 28 26 41 44 29 42 1 23 32 33 37 
45 11 31 7 8 18 25 14 2 10 36 13 5 35 39 38 16 30 28 26 41 44 29 42 1 23 32 33 37 
46 11 31 7 8 18 25 46 14 2 10 36 13 5 35 39 38 16 30 28 26 41 44 29 42 1 23 32 33 37 
47 11 31 7 8 18 25 46 14 2 10 36 13 5 35 39 38 16 30 28 26 41 44 29 42 1 23 32 33 37 
48 31 7 8 18 25 46 14 2 10 36 5 35 39 48 16 30 28 26 44 29 42 1 23 32 33 37 
49 11 31 49 7 8 18 25 46 14 2 10 36 13 5 35 39 48 38 16 28 26 41 44 29 42 1 23 32 33 37 
50 11 31 49 7 8 18 25 46 14 2 50 10 36 13 5 35 39 48 38 16 28 26 41 44 29 42 1 23 32 33 37 
51 11 31 49 7 8 18 25 46 14 2 50 10 36 13 5 35 39 48 38 16 28 26 41 44 29 42 1 23 32 33 37 
52 11 31 49 7 8 18 25 46 14 2 50 10 36 13 5 35 52 39 48 38 16 28 26 41 44 29 42 1 23 32 33 37 
53 11 31 49 7 8 18 25 46 14 2 50 10 36 13 5 53 35 52 39 48 38 16 28 26 41 44 29 42 1 23 32 33 37 
54 11 31 49 7 8 18 25 46 14 2 50 10 36 13 5 53 35 52 39 48 38 16 28 26 41 44 29 42 1 23 32 33 37 
55 11 31 49 7 8 18 25 46 14 55 2 50 10 36 13 5 53 35 52 39 48 38 16 28 26 41 44 29 42 1 23 32 33 37 
56 11 31 49 7 8 18 25 46 14 55 2 50 10 36 13 5 53 35 52 39 48 38 16 28 26 41 44 29 42 1 23 56 32 33 37 
57 11 31 49 7 8 18 25 57 46 14 55 2 50 10 36 13 5 53 35 52 39 48 38 16 28 26 41 44 29 42 1 23 56 32 33 37 
58 11 31 49 7 8 18 25 57 46 58 14 55 2 50 10 36 13 5 53 35 52 39 48 38 16 28 26 41 44 29 42 1 23 56 32 33 37 
59 11 59 31 49 7 8 18 25 57 46 58 14 55 2 50 10 36 13 5 53 52 39 48 38 16 28 26 41 44 29 42 1 23 56 33 37 
60 11 59 31 49 7 8 18 25 57 46 58 60 14 55 2 50 10 36 13 5 53 52 39 48 38 16 28 26 41 44 29 42 1 23 56 33 37 
61 11 59 31 49 7 8 18 25 57 46 58 60 14 55 2 50 10 36 13 5 53 52 39 48 38 16 28 26 41 44 29 42 1 23 56 33 37 
62 11 31 49 7 8 18 25 57 46 58 60 14 55 2 50 10 36 13 5 53 52 39 48 38 16 62 28 26 41 44 29 42 1 23 56 33 37 
63 11 59 31 49 7 8 18 25 57 46 58 60 14 55 2 50 10 36 63 13 5 53 52 39 48 38 16 62 28 26 41 44 29 42 1 23 56 33 37 
64 11 59 31 49 7 8 18 25 57 46 58 60 14 55 2 50 10 36 63 13 5 53 52 64 39 48 38 16 62 28 26 41 44 29 42 1 23 56 33 37 
65 11 59 31 7 8 18 25 57 46 58 60 14 55 2 50 10 36 63 13 5 53 52 64 39 48 38 16 62 28 26 41 44 29 42 65 1 23 56 33 37 
66 11 59 31 49 66 7 8 18 25 57 46 58 60 14 55 2 50 10 36 63 13 5 53 35 52 64 39 48 38 16 62 28 26 41 44 29 42 65 1 23 56 32 33 37 
67 11 59 31 49 66 7 8 18 25 57 46 58 60 14 55 2 50 10 36 63 13 5 53 35 52 64 39 48 38 16 62 28 26 41 44 29 42 65 1 23 56 32 33 37 
68 11 59 31 49 66 7 8 68 18 25 57 46 58 60 14 55 2 50 10 36 63 13 5 53 35 52 64 39 48 38 16 62 28 26 41 44 29 42 65 1 23 56 32 33 37 
69 11 59 31 49 66 7 8 68 18 25 57 46 58 60 14 55 2 50 10 36 63 13 5 53 35 52 64 39 48 38 16 62 28 26 41 44 29 42 65 1 23 56 32 33 37 
70 11 59 31 49 66 7 8 68 18 25 57 46 58 60 14 55 2 50 10 36 63 13 5 53 35 52 64 39 48 38 16 62 28 26 41 44 70 29 42 65 1 23 56 32 33 37 
71 11 59 31 49 66 7 8 68 18 25 57 46 58 60 14 55 2 50 10 36 63 13 5 53 35 52 64 39 48 38 16 62 28 26 41 44 70 29 42 65 1 23 56 32 33 37 
72 11 59 31 49 66 7 8 68 18 25 57 46 58 60 14 55 2 50 10 36 63 13 5 53 35 52 64 39 48 38 16 62 72 28 26 41 44 70 29 42 65 1 23 56 32 33 37 
73 11 59 31 49 66 7 8 68 18 25 57 46 58 60 14 55 2 50 10 36 63 13 5 53 35 52 64 39 48 38 16 62 72 28 26 41 44 70 29 42 65 1 23 56 32 33 37 
74 11 59 31 49 66 7 8 68 18 25 57 46 58 60 14 55 2 50 10 36 63 13 5 53 35 52 64 39 48 38 16 74 62 72 28 26 41 44 70 29 42 65 1 23 56 32 33 37 
75 11 59 31 66 68 46 58 14 50 75 63 53 64 48 16 74 62 72 28 26 41 44 70 23 56 49 7 8 18 25 57 60 55 2 10 36 13 5 35 52 39 38 29 42 65 1 32 33 37 
76 11 59 31 66 68 46 58 14 50 75 63 53 64 48 76 16 74 62 72 28 26 41 44 70 23 56 49 7 8 18 25 60 55 2 10 36 13 5 35 52 39 38 29 42 65 1 32 33 37 
77 11 59 31 66 68 46 58 14 50 75 63 53 64 48 76 16 74 62 72 28 26 41 44 70 23 56 49 7 8 18 25 60 55 2 10 36 13 5 35 52 77 39 38 29 42 65 1 32 33 37 
78 11 59 31 66 68 46 58 14 50 75 63 53 64 48 76 16 74 62 72 78 28 26 41 44 70 23 56 49 7 8 18 25 60 55 2 10 36 13 5 35 52 77 39 38 29 42 65 1 32 33 37 
79 11 59 31 66 68 46 58 14 50 75 63 53 64 48 16 74 62 72 78 28 26 41 44 70 79 23 56 49 7 8 18 25 60 55 2 10 36 13 5 35 52 77 39 38 29 42 65 1 32 33 37 
80 11 59 31 66 68 46 58 14 50 75 63 53 64 48 16 74 62 72 78 28 26 41 44 70 23 56 80 49 7 8 18 25 60 55 2 10 36 13 5 35 52 77 39 38 29 42 65 1 32 33 37 
81 11 59 31 66 68 46 58 14 50 75 63 53 64 48 16 74 62 72 78 28 26 41 44 70 23 56 81 80 49 7 8 18 25 60 55 2 10 36 13 5 35 52 77 39 38 29 42 65 1 32 33 37 
82 11 59 31 66 68 46 58 14 50 75 63 53 64 48 16 74 62 72 78 28 26 41 44 70 23 56 81 80 49 7 8 18 25 60 55 2 10 36 13 5 35 52 77 39 38 29 42 65 1 32 33 37 
83 11 59 31 66 68 46 58 14 50 75 63 53 64 48 16 74 62 72 78 28 26 41 44 70 23 56 81 80 49 7 8 18 25 60 55 2 10 36 13 5 83 35 52 77 39 38 29 42 65 1 32 33 37 
84 11 59 31 66 68 46 58 14 50 75 63 53 64 48 16 74 62 72 78 28 26 41 44 70 23 56 81 80 49 7 8 18 25 60 55 2 10 36 13 5 83 35 52 77 39 84 38 29 42 65 1 32 33 37 
85 11 59 31 66 68 46 58 14 50 75 63 53 64 48 16 74 62 72 78 28 26 41 44 70 23 56 81 80 49 7 8 18 25 60 55 2 10 36 13 5 83 35 52 77 39 84 38 85 29 42 65 1 32 33 37 
86 11 59 31 66 68 46 58 14 50 75 63 53 64 48 16 74 62 72 78 28 26 41 44 70 23 56 81 80 49 7 8 18 25 60 55 2 10 36 13 5 83 35 52 77 39 84 38 85 29 42 65 1 32 33 37 
87 11 59 31 66 68 46 58 14 50 75 63 53 64 48 16 74 62 72 78 28 26 41 44 70 23 56 81 80 49 7 8 18 25 60 55 2 10 36 13 5 35 52 77 39 87 38 29 42 65 1 32 33 37 
88 11 59 31 66 68 46 58 14 50 75 63 53 64 48 16 74 62 72 78 28 26 41 44 70 23 56 88 81 80 7 8 18 25 60 55 2 10 36 13 5 83 35 52 77 39 84 87 38 85 29 42 1 32 33 37 
89 11 59 31 66 68 46 58 14 50 75 63 53 64 48 16 74 62 72 78 28 26 41 44 70 23 56 88 81 80 7 8 18 25 60 55 2 10 36 13 5 83 35 52 77 39 84 87 38 85 29 42 1 32 33 37 
90 11 59 31 49 66 7 8 68 18 25 57 46 58 60 14 55 2 50 10 36 63 13 5 53 35 52 64 39 48 38 16 62 72 28 26 41 90 44 70 29 42 65 1 23 56 32 33 37 
91 11 59 31 49 66 7 8 68 18 25 57 46 58 60 14 55 2 50 10 36 63 13 5 53 35 52 64 39 48 38 16 62 72 28 26 41 90 44 70 29 42 65 1 23 56 32 33 37 
92 11 59 31 66 92 68 46 58 14 50 63 53 64 48 16 62 72 28 26 41 44 70 23 56 49 7 8 18 25 57 60 55 2 10 36 13 5 35 52 39 38 90 29 42 65 1 32 33 37 
93 11 59 31 66 92 68 46 58 14 50 63 53 64 48 16 62 72 28 26 41 44 70 23 56 49 7 8 18 25 57 60 55 2 10 36 13 5 35 52 39 38 90 29 42 65 1 32 33 37 
94 11 59 31 66 68 46 58 14 50 63 53 64 94 48 16 62 72 28 26 41 44 70 23 56 49 7 8 18 25 57 60 55 2 10 36 13 5 35 52 39 38 90 29 42 65 1 32 33 37 
95 11 59 31 66 92 68 46 58 14 50 63 53 64 94 48 16 62 72 28 26 41 44 70 23 56 7 8 18 25 57 60 55 2 10 36 13 5 35 52 39 38 90 95 29 42 1 32 33 37 
96 11 59 31 66 92 68 46 58 14 50 75 63 53 64 94 48 96 16 74 62 72 78 28 26 41 44 70 23 56 88 81 7 8 18 25 60 55 2 10 36 13 5 83 35 52 77 39 84 87 38 90 95 85 29 42 1 32 33 37 
97 11 59 31 66 92 68 46 58 14 50 75 63 53 64 94 48 96 16 74 62 72 78 28 26 41 44 70 23 56 88 81 97 7 8 18 25 60 55 2 10 36 13 5 83 35 52 77 39 84 87 38 90 95 85 29 42 1 32 33 37 
98 11 59 31 66 92 68 46 58 14 50 75 63 53 64 94 48 96 16 74 62 72 78 28 26 41 44 70 23 56 88 81 97 7 8 18 25 60 55 2 10 36 13 5 83 35 52 77 39 84 87 38 90 95 85 29 98 42 1 32 33 37 
99 11 59 31 66 92 68 46 58 14 50 75 63 53 64 94 48 96 16 74 62 72 78 28 26 41 44 70 23 56 88 81 97 7 8 18 25 60 55 2 10 36 13 5 83 35 52 77 39 84 87 38 90 95 85 29 98 42 1 32 33 37 
100 11 59 31 66 92 68 46 58 14 50 75 63 53 64 94 48 96 16 74 62 72 78 28 26 41 44 70 23 56 88 81 97 7 8 18 25 60 55 2 10 36 13 5 83 35 52 77 39 84 87 38 90 100 95 85 29 98 42 1 32 33 37 
101 11 59 31 66 92 68 46 58 14 50 75 63 53 64 94 48 96 16 74 62 72 78 28 26 41 44 70 23 56 88 81 97 7 8 18 25 60 55 2 10 36 13 5 83 35 52 77 39 84 87 38 90 100 95 85 29 98 42 1 101 32 33 37 
102 11 59 31 66 92 68 46 58 14 50 75 63 53 64 94 48 96 16 74 62 72 78 28 26 41 44 70 23 56 81 97 7 8 18 25 60 55 2 10 36 13 5 83 35 52 77 39 102 84 87 38 90 100 85 29 98 42 1 101 32 33 37 
103 11 59 31 66 92 68 46 58 14 50 75 63 53 64 94 48 96 16 74 62 72 78 28 26 41 44 70 103 23 56 81 97 7 8 18 25 60 55 2 10 36 13 5 83 35 52 77 39 102 84 87 38 90 100 85 29 98 42 1 101 32 33 37 
104 11 59 31 66 92 68 46 58 14 50 75 63 104 53 64 94 48 96 16 74 62 72 78 28 26 41 44 70 103 23 56 81 97 7 8 18 25 60 55 2 10 36 13 5 83 35 52 77 39 102 84 87 38 90 100 85 29 98 42 1 101 32 33 37 
105 59 31 66 92 68 46 58 14 50 75 63 104 53 64 94 96 16 74 62 105 72 78 28 26 44 70 103 23 56 81 97 7 8 18 25 60 55 2 10 36 5 83 35 52 77 39 102 84 87 90 100 85 29 98 42 1 101 32 33 37 
106 59 31 66 92 68 106 46 58 14 50 75 63 104 53 64 94 96 16 74 62 105 72 78 28 26 44 70 103 23 56 81 97 7 8 18 25 60 55 2 10 36 5 83 35 52 77 39 102 84 87 90 100 85 29 98 42 1 101 32 33 37 
107 59 31 66 92 68 106 46 58 14 50 75 63 104 53 64 94 96 16 74 62 105 72 78 28 26 44 70 103 23 56 81 97 7 8 18 25 60 55 2 10 36 5 83 35 52 77 39 102 84 87 90 100 85 29 98 42 1 101 32 33 37 107 
108 59 31 66 92 68 106 46 58 14 50 75 63 104 53 64 94 96 16 74 62 105 72 78 28 26 44 70 103 23 56 81 97 7 8 18 25 60 55 2 10 36 5 83 35 52 77 39 102 84 87 90 100 85 29 98 42 1 101 32 33 37 107 
109 31 66 92 68 106 46 58 14 50 75 63 104 53 64 94 96 16 74 105 72 78 28 26 44 70 103 23 56 81 97 109 7 8 18 25 60 55 2 10 36 5 83 52 77 39 102 84 87 90 100 85 29 98 42 1 101 33 37 107 
110 31 66 92 68 106 46 58 14 50 75 63 104 53 64 94 110 96 16 74 105 72 78 28 26 44 70 103 23 56 81 97 109 7 8 18 25 60 55 2 10 36 5 83 52 77 39 102 84 87 90 100 85 29 98 42 1 101 33 37 107 
111 31 66 92 68 106 46 58 14 50 75 63 104 53 64 94 110 96 16 74 105 72 78 28 26 44 70 103 23 56 81 97 109 7 8 18 25 60 55 2 10 36 5 83 52 77 39 102 84 87 90 100 85 29 98 42 1 101 33 37 107 
112 31 66 92 68 106 46 58 14 50 75 63 104 53 64 94 112 110 96 16 74 105 72 78 28 26 44 70 103 23 56 81 97 109 7 8 18 25 60 55 2 10 36 5 83 52 77 39 102 84 87 90 100 85 29 98 42 1 101 33 37 107 
113 31 66 92 68 106 46 58 14 50 75 63 104 53 64 94 112 110 96 16 74 105 72 78 28 26 44 70 103 23 56 81 97 109 7 8 18 25 60 55 2 10 36 5 83 52 77 39 102 84 87 90 100 85 29 98 42 1 101 33 37 107 
114 31 66 92 68 106 46 58 14 50 75 63 104 53 64 94 110 96 16 74 105 72 78 28 26 44 70 103 114 23 56 81 97 109 7 8 18 25 60 55 2 10 36 5 83 52 77 39 102 84 87 90 100 85 29 98 42 1 101 33 37 107 
115 31 66 92 68 106 46 58 14 50 75 63 104 53 64 94 112 110 96 16 74 105 115 72 78 28 26 44 70 103 114 23 56 81 97 109 7 8 18 25 60 55 2 10 36 5 83 52 77 39 102 84 87 90 100 85 29 98 42 1 101 33 37 107 
116 31 66 92 68 106 46 58 14 50 75 63 104 53 64 94 112 110 96 16 74 105 115 72 78 28 26 44 70 103 114 23 56 81 97 109 7 8 18 25 116 60 55 2 10 36 5 83 52 77 39 102 84 87 90 100 85 29 98 42 1 101 33 37 107 
117 31 66 92 68 106 46 58 14 50 75 63 104 53 64 94 112 110 96 16 74 105 115 72 78 28 26 44 70 103 114 23 56 81 97 109 7 8 18 25 116 60 55 2 10 36 5 83 52 77 39 117 84 87 90 100 85 29 98 42 1 101 33 37 107 
118 31 66 92 68 106 46 58 14 50 75 63 104 53 64 94 112 110 96 16 74 105 115 72 78 28 26 44 70 103 114 23 56 81 97 109 7 8 18 25 116 60 55 2 10 36 5 83 52 118 77 39 117 84 87 90 100 85 29 98 42 1 101 33 37 107 
119 31 66 92 68 106 46 58 14 50 75 63 104 53 64 94 112 110 96 16 74 105 115 72 78 28 26 44 70 103 114 23 56 81 97 109 7 8 18 25 116 60 55 2 119 10 36 5 83 52 118 77 39 117 84 87 90 100 85 29 98 42 1 101 33 37 107 
120 31 66 92 68 106 46 58 14 50 75 63 104 53 64 94 112 110 96 16 74 115 72 78 28 26 44 70 103 114 23 56 81 97 109 7 8 18 120 25 116 60 55 2 119 10 36 5 83 52 118 77 39 117 84 87 90 100 85 29 98 42 1 101 33 37 107 
121 11 59 31 66 92 68 106 46 58 14 50 75 63 104 53 64 94 112 110 48 96 16 74 62 105 115 72 78 28 26 41 44 70 103 114 23 56 88 81 97 109 7 8 18 120 25 116 60 55 2 119 10 36 13 5 83 35 52 118 77 39 102 117 84 87 38 90 100 95 85 29 98 42 1 101 121 32 33 37 107 
122 11 59 31 66 92 68 106 46 58 14 50 75 63 104 53 64 94 112 110 48 96 16 74 62 105 115 72 78 28 26 41 44 70 103 114 23 56 88 81 97 109 7 8 18 120 25 116 60 55 2 119 10 36 13 5 83 35 52 118 77 39 102 117 84 87 38 90 100 95 85 29 98 42 1 101 121 32 33 37 107 
123 11 59 31 66 92 68 106 46 58 14 50 75 63 104 53 64 94 112 110 48 96 16 74 62 105 115 72 78 28 26 41 44 70 103 114 23 56 88 81 97 109 7 8 18 120 25 116 60 55 2 119 10 36 13 5 83 35 52 118 77 39 102 117 84 87 38 90 100 95 85 29 98 42 1 101 121 32 33 37 107 
124 11 59 31 66 92 68 106 46 58 14 50 75 63 104 53 64 94 112 110 48 96 16 74 62 105 115 72 78 28 26 41 44 70 103 114 23 56 88 81 97 109 7 8 18 120 25 116 60 55 2 119 10 36 13 5 83 35 52 118 77 39 102 117 84 87 38 90 100 95 85 29 98 42 1 101 121 32 33 37 107 
125 11 59 31 66 92 68 106 46 58 14 50 75 63 104 53 64 94 112 110 48 96 16 74 62 105 115 72 78 28 26 41 44 70 103 114 23 56 88 81 97 109 7 8 18 120 25 116 60 55 2 119 10 36 13 5 83 35 52 118 77 39 102 117 84 87 38 90 100 95 85 29 98 42 1 101 121 32 33 37 107 
