1 1 
2 2 1 
3 3 2 1 
4 3 4 2 1 
5 3 4 2 5 1 
6 3 4 2 5 6 1 
7 7 3 4 10 12 2 5 13 8 11 6 1 
8 7 3 4 10 12 2 5 13 8 11 6 1 
9 7 3 4 10 12 2 5 13 8 11 6 1 
10 7 3 4 12 10 2 5 13 8 11 6 1 
11 7 3 4 10 12 2 5 13 8 11 6 1 
12 7 3 4 10 12 2 13 8 11 6 1 
13 7 3 4 10 12 2 13 8 11 1 
14 7 3 4 10 12 2 13 8 11 1 
15 7 3 4 10 12 2 5 8 11 15 1 
16 7 3 4 10 12 2 5 8 11 16 15 1 
17 7 8 16 15 3 4 10 12 17 2 5 11 1 
18 7 8 16 15 3 4 17 10 12 2 5 11 1 
19 7 8 16 15 19 3 4 17 10 12 2 5 11 1 
20 7 8 20 16 15 19 3 4 17 10 12 2 5 11 1 
21 7 8 20 16 15 19 21 3 4 17 10 12 2 5 11 1 
22 7 22 8 20 16 15 19 21 3 4 17 10 12 2 5 11 1 
23 7 22 23 8 20 16 19 21 3 4 17 10 12 2 5 11 1 
24 7 22 8 20 16 19 21 3 4 17 10 12 2 5 11 1 24 
25 22 20 19 28 30 36 21 25 4 2 7 34 37 8 16 3 17 10 12 5 29 35 11 33 26 1 24 
26 22 20 19 28 30 36 21 25 4 2 7 34 37 8 16 3 17 10 12 5 29 35 11 33 26 1 24 
27 22 20 19 28 30 36 21 25 4 2 7 34 37 8 16 3 17 10 12 5 29 35 11 33 26 1 24 
28 22 20 19 28 30 36 21 25 4 2 7 34 37 8 16 3 17 10 12 5 29 35 11 33 26 1 24 
29 22 20 19 28 30 36 21 25 4 2 7 34 37 8 16 3 17 10 12 5 29 35 11 33 26 1 24 
30 22 20 19 28 36 30 21 25 4 2 7 34 37 8 16 3 17 10 12 5 29 35 11 33 26 1 24 
31 22 20 19 28 30 21 25 2 7 34 37 8 16 31 3 17 10 12 5 29 35 11 33 26 1 24 
32 22 20 19 28 30 21 25 2 7 34 37 8 16 31 3 17 10 12 5 29 35 11 33 26 1 24 
33 22 20 19 28 30 21 25 2 7 34 37 8 16 31 3 17 10 12 5 29 35 11 33 26 1 24 
34 22 20 19 28 30 21 25 2 7 34 37 8 16 31 3 17 10 12 5 29 35 11 33 26 1 24 
35 22 20 19 28 30 21 25 2 7 34 37 8 16 31 3 17 10 12 5 29 11 35 33 26 1 24 
36 22 20 19 28 30 36 21 25 2 7 34 37 8 16 3 17 10 12 5 29 35 11 33 26 1 24 
37 22 20 19 28 30 36 21 25 2 7 34 37 8 16 3 17 10 12 5 29 35 11 33 26 1 
38 22 20 19 28 30 36 21 25 2 7 34 37 8 16 3 17 10 12 5 29 35 11 33 26 1 
39 22 20 19 28 30 36 21 25 4 2 7 34 37 8 16 3 17 10 12 5 29 35 11 33 26 1 24 
