1 1 
2 1 2 
3 1 2 
4 1 2 
5 1 2 5 
6 1 2 5 
7 1 2 5 
8 8 1 2 5 
9 8 1 2 9 5 
10 8 1 2 9 5 10 
11 8 1 2 9 5 10 
12 8 1 2 9 5 10 
13 8 1 2 9 5 13 10 
14 8 1 2 9 5 13 14 10 
15 8 1 2 9 5 13 14 10 
16 8 1 2 9 5 13 14 10 
17 8 17 1 2 9 5 13 14 10 
18 8 17 1 2 9 18 5 13 14 10 
19 8 17 1 2 9 18 5 13 14 10 
20 8 17 1 2 9 18 5 13 14 10 
21 8 17 21 1 2 9 18 5 13 14 10 
22 8 17 21 1 22 2 9 18 5 13 14 10 
23 8 17 21 1 22 2 9 18 5 13 14 10 
24 8 17 21 1 22 2 9 18 5 13 14 10 
25 25 17 21 22 9 18 14 10 8 1 2 5 13 
26 25 17 21 22 9 18 14 10 8 1 2 5 13 26 
27 25 17 21 22 27 9 18 14 10 8 1 2 5 13 26 
28 25 17 21 22 27 9 18 14 10 8 1 2 5 13 26 
29 25 17 21 22 27 9 18 14 10 8 1 2 5 13 26 
30 25 30 17 21 22 27 9 18 14 10 8 1 2 5 13 26 
31 25 30 17 21 22 27 9 18 31 14 10 8 1 2 5 13 26 
32 25 30 17 21 32 22 27 9 18 31 14 10 8 1 2 5 13 26 
33 25 30 17 21 32 22 27 9 18 31 14 10 8 1 2 5 13 26 
34 25 30 17 21 32 22 27 9 18 31 14 10 8 1 2 5 13 26 
35 25 30 17 21 32 22 27 9 18 31 14 10 8 1 2 5 13 35 26 
36 25 30 17 21 32 22 27 9 18 31 14 10 8 1 2 5 13 35 26 
