1 1 
2 1 2 
3 1 3 2 
4 1 4 3 2 
5 1 4 3 2 
6 6 1 4 3 2 
7 6 1 4 3 2 
8 6 1 4 3 2 
9 1 4 9 3 2 
10 1 4 9 3 10 2 
11 1 4 9 3 10 11 2 
12 1 4 9 3 10 11 12 2 
13 1 4 13 9 3 10 11 12 2 
14 1 4 13 9 3 10 11 12 2 
15 1 4 13 9 15 3 10 11 12 2 
16 16 1 4 13 15 3 10 11 12 2 
17 16 1 4 13 17 15 3 10 11 12 2 
18 16 1 4 13 18 17 15 3 10 11 12 2 
19 16 1 4 13 18 19 17 15 3 10 12 2 
20 16 1 4 13 18 19 17 15 3 10 12 2 
21 21 1 4 13 9 3 10 11 12 2 
22 21 1 4 13 9 3 10 11 12 2 
23 21 1 4 13 9 3 23 10 11 12 2 
24 21 1 4 13 24 3 23 10 11 12 2 
25 21 1 4 13 24 25 3 23 10 11 12 2 
26 25 3 10 11 12 21 1 4 13 24 26 23 2 
27 27 25 3 10 12 21 1 4 13 24 26 23 2 
28 18 27 19 9 17 25 3 10 12 11 16 21 1 4 13 24 26 28 15 23 2 
29 18 27 19 9 17 25 3 10 12 11 16 21 1 4 13 24 26 28 15 23 2 
30 18 27 19 9 17 25 3 10 12 11 16 21 1 4 13 24 26 28 2 30 
31 18 27 19 9 17 25 3 12 11 16 21 1 4 13 24 26 28 31 2 30 
32 18 27 32 19 9 17 25 3 12 11 16 21 1 4 13 24 26 28 31 2 30 
33 18 27 32 19 9 17 25 3 12 11 16 21 1 4 13 24 26 28 33 31 2 30 
34 18 27 32 19 9 17 25 3 11 16 21 1 4 13 24 26 28 33 31 34 2 30 
35 18 27 32 19 9 17 25 3 11 16 21 1 4 13 24 26 28 33 31 34 2 30 
36 18 27 19 9 17 25 3 10 12 11 16 21 1 4 13 24 26 28 15 23 36 2 
37 18 27 19 9 17 25 3 10 12 11 16 21 1 4 13 24 26 28 15 23 36 2 
38 18 27 19 9 17 38 25 3 10 12 11 16 21 1 4 13 24 26 28 36 2 
39 18 27 19 9 17 38 39 25 3 12 11 16 21 1 4 13 24 26 28 36 2 
40 40 18 27 19 9 17 38 39 25 3 12 11 16 21 1 4 13 24 26 28 36 2 
41 40 18 27 19 9 17 38 39 41 25 3 12 11 16 21 1 4 13 24 26 28 36 2 
42 40 18 27 19 9 17 38 39 41 25 3 11 16 21 1 4 13 24 26 28 42 36 2 
43 18 27 32 9 39 41 25 3 21 4 24 26 23 31 34 2 30 40 19 43 17 38 10 11 12 16 1 13 28 33 42 15 36 
44 18 27 32 9 39 41 25 3 21 4 24 26 23 31 34 2 30 40 19 43 17 38 10 11 12 16 1 13 28 33 42 15 36 
45 18 27 32 9 39 41 25 3 21 4 24 26 23 31 34 2 30 40 19 43 17 38 10 11 12 16 1 13 28 33 42 15 36 
