1 1 
2 1 2 
3 1 2 3 
4 1 4 2 3 
5 1 4 2 5 3 
6 1 4 2 5 3 6 
7 1 4 2 5 3 6 7 
8 1 4 2 5 3 6 8 7 
9 1 4 2 5 3 9 6 8 7 
10 1 4 2 5 3 9 6 10 8 7 
11 1 4 2 5 3 9 6 10 8 7 11 
12 1 4 2 5 3 9 6 10 8 7 11 
13 1 4 2 5 3 9 6 10 8 7 13 11 
14 1 10 13 11 4 2 14 5 3 9 6 8 7 
15 15 1 10 13 11 4 2 14 5 3 9 6 8 7 
16 15 1 16 10 13 11 4 2 14 5 3 9 6 8 7 
17 15 1 17 16 10 13 11 4 2 14 5 3 9 6 8 7 
18 15 1 17 16 10 13 11 4 2 14 5 3 9 6 8 7 
19 15 1 17 16 10 13 11 4 2 14 5 3 9 6 8 7 
20 15 1 17 16 10 13 11 4 2 14 5 3 9 6 8 7 
21 15 1 17 16 10 13 11 4 2 14 5 3 9 6 8 7 
