1 1 
2 1 2 
3 1 2 3 
4 1 2 4 3 
5 5 1 2 4 3 
6 5 1 6 2 4 3 
7 5 1 6 7 2 4 3 
8 5 1 6 7 8 2 4 3 
9 5 1 6 7 8 2 4 9 3 
10 5 1 6 7 8 2 4 9 10 3 
11 5 11 1 6 7 8 2 4 9 10 3 
12 5 11 1 12 6 7 8 2 4 9 10 3 
13 5 11 1 12 8 2 9 3 13 6 7 4 10 
14 5 11 1 12 8 2 9 3 13 6 7 4 10 
15 5 11 1 12 15 8 2 9 3 13 6 7 4 10 
16 5 11 1 12 15 8 2 9 3 13 6 7 4 10 
17 5 11 1 12 15 8 2 9 3 13 6 7 4 17 10 
18 5 11 1 12 15 8 2 9 3 13 6 7 4 17 10 
19 5 11 1 12 15 8 2 9 3 13 19 6 7 4 17 10 
20 5 11 1 12 15 8 2 9 3 13 19 6 7 20 4 17 10 
21 5 11 1 12 15 8 2 9 3 13 21 19 6 7 20 4 17 10 
22 5 11 1 12 15 8 2 9 3 13 21 19 6 7 20 4 17 10 
23 5 11 1 12 15 8 2 9 23 3 13 21 19 6 7 20 4 17 10 
24 5 24 11 1 12 15 8 2 9 23 3 13 21 19 6 7 20 4 17 10 
25 5 24 11 1 12 15 8 2 9 23 3 13 25 21 19 6 7 20 4 17 10 
26 5 24 11 1 12 15 8 2 9 23 3 13 25 21 19 26 6 7 20 4 17 10 
27 5 24 11 1 12 15 8 2 9 23 3 13 25 21 27 19 26 6 7 20 4 17 10 
28 5 24 11 1 12 15 8 2 9 23 3 13 25 21 27 28 19 26 6 7 20 4 17 10 
29 5 24 1 2 29 13 25 21 28 6 20 4 17 11 12 15 8 9 23 3 27 19 26 7 10 
30 5 24 1 2 29 13 25 21 28 6 20 4 17 11 30 12 15 8 9 23 3 27 19 26 7 10 
31 5 24 1 2 29 13 25 21 28 31 6 20 4 17 11 30 12 15 8 9 23 3 27 19 26 7 10 
32 5 24 1 2 29 13 25 32 21 28 31 6 20 4 17 11 30 12 15 8 9 23 3 27 19 26 7 10 
33 5 24 1 2 29 13 25 32 21 28 31 6 20 4 17 11 30 12 33 15 8 9 23 3 27 19 26 7 10 
34 5 24 1 2 29 13 25 32 21 28 31 6 20 4 17 11 30 12 33 15 8 9 23 3 27 19 26 7 10 
35 5 24 1 2 29 13 25 32 21 28 31 6 20 4 17 35 11 30 12 33 15 8 9 23 3 27 19 26 7 10 
36 5 24 1 2 29 13 25 32 21 28 31 6 20 4 17 35 11 30 12 33 15 8 9 23 3 27 19 26 7 10 
37 5 24 1 2 29 37 13 25 32 21 28 31 6 20 4 17 35 11 30 12 33 15 8 9 23 3 27 19 26 7 10 
38 5 24 1 2 29 37 13 25 32 21 28 31 6 20 4 17 35 11 30 12 33 15 8 9 23 3 27 19 26 7 38 10 
39 5 24 1 2 29 37 13 25 32 21 28 31 6 20 4 17 35 11 30 12 33 15 8 9 23 3 27 19 26 7 38 39 10 
40 5 24 1 2 29 37 13 25 32 21 28 31 6 20 4 17 35 11 30 12 33 15 8 9 23 3 27 19 26 7 38 39 40 10 
41 5 24 1 2 29 37 13 25 32 21 28 31 6 20 4 17 35 11 30 12 33 15 8 9 23 3 27 19 26 7 38 39 40 10 
42 5 24 1 2 42 29 37 13 25 32 21 28 31 6 20 4 17 35 11 30 12 33 15 8 9 23 3 27 19 26 7 38 39 40 10 
43 5 24 1 43 2 42 29 37 13 25 32 21 28 31 6 20 4 17 35 11 30 12 33 15 8 9 23 3 27 19 26 7 38 39 40 10 
44 5 24 1 43 2 42 29 37 13 25 32 21 28 31 6 20 4 17 35 44 11 30 12 33 15 8 9 23 3 27 19 26 7 38 39 40 10 
45 5 24 1 43 2 42 45 29 37 13 25 32 21 28 31 6 20 4 17 35 44 11 30 12 33 15 8 9 23 3 27 19 26 7 38 39 40 10 
46 5 24 1 43 2 42 45 29 37 13 25 32 21 28 31 6 20 4 17 35 44 11 30 12 33 15 8 9 23 3 27 19 26 7 38 39 40 10 
47 5 24 1 43 2 42 45 29 37 13 25 32 21 28 31 6 20 4 17 35 44 11 30 12 33 15 8 9 23 3 27 19 26 47 7 38 39 40 10 
48 5 24 1 43 2 42 45 29 37 13 25 32 21 28 31 6 20 4 17 35 44 11 30 12 33 15 8 9 23 3 27 19 26 47 7 38 39 40 10 
49 5 24 1 2 29 13 25 32 21 28 31 6 20 4 17 49 11 30 12 33 15 8 9 23 3 27 19 26 7 10 
50 5 24 1 2 29 13 25 32 21 28 31 6 20 4 17 49 11 30 12 33 15 8 9 23 3 27 19 26 7 10 
51 5 24 1 2 29 51 13 25 32 21 28 31 6 20 4 17 49 11 30 12 33 15 8 9 23 3 27 19 26 7 10 
52 5 24 1 2 29 51 13 25 32 21 28 31 6 20 4 17 49 11 30 12 33 15 8 9 23 52 3 27 19 26 7 10 
53 5 24 1 2 29 51 13 25 32 21 28 31 6 20 4 17 49 11 30 12 33 15 8 9 23 52 3 27 19 53 26 7 10 
54 5 24 1 2 29 51 13 25 32 21 28 31 6 20 4 17 49 11 30 12 33 15 8 9 23 52 3 27 19 53 54 26 7 10 
55 5 24 1 2 29 51 13 25 32 21 28 31 6 20 4 17 49 11 30 12 33 15 8 9 23 52 3 27 19 53 54 26 7 10 
56 5 24 1 2 29 51 13 25 32 21 28 31 6 20 4 17 49 11 30 12 33 15 8 56 9 23 52 3 27 19 53 54 26 7 10 
57 5 24 1 2 29 51 13 25 32 21 28 31 6 20 4 17 49 11 30 12 33 15 8 56 9 23 52 3 27 19 53 54 26 7 57 10 
58 5 24 1 2 29 51 13 25 32 21 28 31 6 20 4 17 49 11 30 12 33 15 8 56 58 9 23 52 3 27 19 53 54 26 7 57 10 
59 5 24 1 2 29 51 13 25 32 21 28 31 6 20 4 17 49 11 30 12 33 15 8 56 58 59 9 23 52 3 27 19 53 54 26 7 57 10 
60 5 24 1 2 29 51 13 25 32 21 28 31 6 20 4 17 49 11 30 12 33 15 8 56 58 59 9 23 52 3 27 19 53 54 26 7 57 10 
61 5 24 1 2 29 51 13 25 32 21 28 31 6 20 4 17 49 11 30 12 33 15 8 56 58 61 59 9 23 52 3 27 19 53 54 26 7 57 10 
62 24 1 43 2 42 45 29 37 32 28 31 6 20 17 30 33 15 8 56 61 59 9 23 52 3 62 19 7 39 40 5 51 13 25 21 4 35 44 49 11 12 58 27 53 54 26 47 38 57 10 
63 24 1 43 2 42 45 29 37 32 28 31 6 20 17 30 33 15 8 56 61 59 9 23 52 3 62 19 7 39 40 5 51 13 25 21 4 35 44 49 11 12 58 27 53 54 26 47 38 57 10 
64 24 1 43 2 42 45 29 37 32 28 31 6 20 17 30 33 15 8 56 61 59 9 23 52 3 62 19 7 39 40 64 5 51 13 25 21 4 35 44 49 11 12 58 27 53 54 26 47 38 57 10 
65 24 1 43 2 42 45 29 37 32 28 31 6 20 17 30 33 15 8 56 61 59 9 23 52 3 62 19 7 39 40 64 5 51 13 25 21 4 35 44 49 11 12 58 27 53 54 26 47 38 57 10 
66 24 1 43 2 42 45 29 37 32 28 31 6 20 17 30 33 15 8 56 61 59 9 23 52 3 62 19 7 39 40 64 5 51 13 25 21 4 35 44 49 11 12 58 27 53 54 26 47 38 57 10 
67 24 1 43 2 42 45 29 37 32 28 31 6 20 17 30 33 15 8 56 61 59 9 23 52 3 62 19 7 39 40 5 51 13 25 21 4 35 44 49 11 12 58 67 27 53 54 26 47 38 57 10 
68 24 1 43 2 42 45 29 37 32 28 31 6 20 17 30 33 15 8 56 61 59 9 23 52 3 62 19 7 39 40 5 51 13 25 21 4 35 44 49 11 12 58 67 27 53 54 26 47 38 57 10 
69 24 1 43 2 42 45 29 37 32 28 31 6 20 17 30 33 15 8 56 61 59 9 23 52 3 62 19 7 39 40 64 5 51 13 25 21 4 35 44 49 11 12 58 67 27 53 54 26 47 38 69 57 10 
70 24 1 43 2 42 45 29 37 32 28 31 6 20 17 30 33 15 8 56 61 59 9 23 52 3 62 19 7 39 40 64 5 51 13 25 21 4 35 44 49 11 12 58 67 27 53 54 26 47 38 69 57 10 
71 24 1 43 2 42 45 29 37 32 28 31 6 20 17 30 33 15 8 56 61 59 9 23 52 3 62 19 7 39 40 64 5 51 13 25 21 4 35 44 49 11 12 58 67 71 27 53 54 26 47 38 69 57 10 
72 24 1 43 2 42 45 29 37 32 28 31 6 20 17 30 33 15 8 56 61 59 9 23 52 3 62 19 7 39 40 64 5 51 13 25 21 4 35 44 49 11 12 58 67 71 27 53 54 26 47 38 69 57 10 
73 24 1 43 2 42 45 29 37 32 28 31 6 20 17 30 33 15 8 56 61 59 9 23 52 3 62 19 7 39 40 64 5 51 13 25 21 4 35 44 49 11 12 58 67 71 27 53 54 26 47 38 69 57 10 
74 24 1 43 2 42 45 29 37 32 28 31 6 20 17 30 33 15 8 56 61 59 9 23 52 3 62 19 7 39 40 64 5 74 51 13 25 21 4 35 44 49 11 12 58 67 27 53 54 26 47 38 69 57 10 
75 24 1 43 2 42 45 29 37 32 28 31 6 20 17 30 33 15 8 56 61 59 9 23 52 3 62 19 7 39 40 64 5 74 51 13 25 21 4 35 44 49 11 12 58 67 27 53 54 26 47 38 69 57 10 
76 24 1 43 2 42 45 29 37 32 28 31 6 20 17 30 33 15 8 56 61 59 9 23 52 3 62 19 7 39 40 64 5 74 51 13 25 21 4 35 44 49 11 12 58 67 71 27 53 54 26 47 38 69 57 10 
77 24 1 43 2 42 45 29 37 32 28 31 6 20 17 30 33 15 8 56 61 59 9 23 52 3 62 19 7 39 40 64 5 74 51 13 25 21 4 35 44 49 11 12 58 67 71 27 53 54 26 47 38 69 57 10 
78 24 1 43 2 42 45 29 37 32 28 31 6 20 17 30 33 15 8 56 61 59 9 23 52 3 62 19 7 39 40 64 5 74 51 13 25 21 4 35 44 49 11 12 58 67 71 27 53 54 26 47 38 69 57 10 
79 24 1 43 2 42 45 29 37 32 28 31 6 20 17 30 33 15 8 56 61 59 9 23 52 3 62 19 7 39 79 40 64 5 74 51 13 25 21 4 35 44 49 11 12 58 67 71 27 53 54 26 47 38 69 57 10 
80 24 1 43 2 42 45 29 37 32 28 31 6 20 17 30 33 15 8 56 61 59 9 23 52 3 62 19 7 39 79 40 64 5 74 51 13 25 21 4 35 44 49 11 12 58 67 71 27 53 54 26 47 38 69 57 10 
81 24 1 43 2 42 45 29 37 32 28 31 6 20 17 30 33 15 8 56 61 59 9 52 3 62 19 7 39 79 40 64 5 74 51 13 25 21 4 35 44 49 11 12 58 67 71 27 53 54 26 47 38 69 57 10 81 
82 1 43 2 42 45 29 37 32 28 31 6 20 17 30 33 15 8 56 61 59 9 52 3 62 19 7 39 79 40 64 5 74 51 13 25 21 4 35 44 49 11 12 58 67 71 27 53 54 26 47 38 69 57 10 82 81 
83 1 43 2 42 45 29 37 32 28 31 6 20 17 30 33 15 8 56 61 59 9 83 52 3 62 19 7 39 79 40 64 5 74 51 13 21 4 35 44 49 11 12 58 67 71 27 53 54 26 47 38 69 57 10 82 81 
84 1 43 2 42 45 29 37 32 28 31 6 20 17 30 33 15 8 56 61 59 9 83 52 3 62 19 7 39 79 40 64 5 74 51 13 21 4 35 84 44 49 11 12 58 67 71 27 53 54 47 38 69 57 10 82 81 
85 1 43 2 42 45 29 37 32 28 31 6 20 17 85 30 33 15 8 56 61 59 9 83 52 3 62 19 7 39 79 40 64 5 74 51 13 21 4 35 84 44 49 11 12 58 67 71 53 54 47 38 69 57 10 82 81 
86 1 43 2 42 45 29 37 32 31 6 20 17 85 30 33 15 8 56 61 59 9 83 52 3 62 19 7 39 79 40 64 5 74 51 13 21 4 35 84 44 49 86 11 12 58 67 71 53 54 47 38 69 57 10 82 81 
87 1 43 87 2 42 45 29 37 32 31 6 20 17 85 30 33 15 8 56 61 59 9 83 52 3 62 19 7 39 79 40 64 5 74 51 13 21 4 35 84 44 49 86 11 12 58 67 71 53 54 47 38 69 57 10 82 81 
88 1 43 87 2 42 45 29 37 32 31 6 20 17 85 33 15 8 56 61 59 9 83 52 3 62 19 7 39 88 79 40 64 5 74 51 13 21 4 35 84 44 49 86 11 12 58 67 71 53 54 47 38 69 57 10 82 81 
89 1 43 87 2 42 45 29 37 32 31 6 20 17 85 33 15 8 56 61 59 9 83 52 3 62 19 7 39 88 79 40 64 5 74 51 13 21 4 35 84 44 49 86 11 12 58 67 71 89 53 54 47 38 69 57 10 82 81 
90 1 43 87 2 42 45 29 37 31 6 20 17 85 33 15 8 56 61 59 9 83 52 3 62 19 7 39 88 79 40 64 5 74 90 51 13 21 4 35 84 44 49 86 11 12 58 67 71 89 53 54 47 38 69 57 10 82 81 
91 1 43 87 2 42 45 29 37 31 6 20 17 85 33 15 8 56 61 59 9 83 52 3 62 19 7 39 88 79 40 64 5 74 90 51 13 21 4 35 84 44 49 86 11 12 58 67 91 71 89 53 54 47 38 69 57 10 82 81 
92 1 43 87 2 42 45 29 37 31 6 20 17 85 33 15 8 56 61 59 9 83 52 3 62 19 7 39 88 79 40 64 5 74 90 51 13 21 4 35 84 44 49 86 11 12 58 67 91 71 89 53 54 47 38 69 57 10 82 81 
93 1 43 87 2 42 45 29 37 31 6 20 17 85 33 15 8 56 61 59 9 83 52 3 62 19 7 39 88 79 40 64 5 74 90 51 13 21 4 93 35 84 44 49 86 11 12 58 67 91 71 89 53 54 47 38 69 57 10 82 81 
94 1 43 87 2 42 45 29 37 31 6 20 17 85 33 15 8 56 61 59 9 83 52 3 62 19 7 39 88 79 40 64 5 74 90 51 13 21 4 93 35 84 44 49 86 11 12 58 67 91 71 89 53 54 47 38 69 57 10 82 81 
95 1 43 87 2 42 45 29 31 6 20 17 85 33 15 8 56 61 59 9 83 52 3 62 19 7 39 88 79 40 64 5 74 90 13 21 4 93 35 84 44 49 86 11 12 58 67 91 71 95 89 53 54 47 38 69 57 10 82 81 
96 1 43 87 2 42 45 29 31 6 20 17 85 33 15 8 56 61 59 9 83 52 3 62 19 7 39 88 79 40 64 5 74 90 13 21 4 93 35 84 44 49 86 11 12 58 67 91 71 95 89 96 53 54 47 38 69 57 10 82 81 
97 1 43 87 2 42 45 29 31 6 20 17 85 33 15 8 56 61 59 9 83 52 3 62 19 7 39 88 79 40 64 5 74 90 13 21 4 93 35 84 44 49 86 11 12 58 67 91 71 95 89 96 53 54 47 38 69 57 97 10 82 81 
98 1 43 87 2 42 45 98 29 31 6 20 17 85 33 15 8 56 61 59 9 83 52 3 62 19 7 39 88 79 40 64 5 74 90 13 21 4 93 35 84 44 49 86 11 12 58 67 91 71 95 89 96 53 54 47 38 69 57 97 10 82 81 
99 1 43 87 2 42 45 98 29 31 6 20 17 85 33 15 8 56 61 59 9 83 52 3 62 19 7 39 88 79 40 64 5 74 90 13 21 4 93 35 84 44 49 86 11 12 58 67 91 71 95 89 96 53 54 47 38 69 57 97 10 82 81 
100 1 43 87 2 45 98 29 100 31 6 20 17 85 33 15 8 61 59 9 83 52 3 62 19 7 39 88 79 40 64 5 74 90 13 21 4 93 35 84 44 49 86 11 12 58 67 91 71 95 89 96 53 54 47 38 69 57 97 10 82 81 
101 1 43 87 2 45 98 29 100 31 6 20 17 85 33 15 8 61 59 9 83 52 3 62 19 7 39 88 79 40 64 5 74 90 13 21 4 93 35 84 44 49 86 11 12 101 58 67 91 71 95 89 96 53 54 47 38 69 57 97 10 82 81 
102 1 102 43 87 2 45 98 29 100 31 6 20 17 85 33 15 8 61 59 9 83 52 3 62 19 7 39 88 79 40 64 5 74 90 13 21 4 93 35 84 44 49 86 11 12 101 58 67 91 71 95 89 96 53 54 47 38 69 57 97 10 82 81 
103 1 102 43 87 2 45 98 29 100 31 6 20 17 85 33 15 8 61 59 9 83 52 3 62 19 7 39 88 79 103 40 64 5 74 90 13 21 4 93 35 84 44 49 86 11 12 101 58 67 91 71 95 89 96 53 54 47 38 69 57 97 10 82 81 
104 1 102 43 87 2 45 98 29 100 31 6 20 17 85 33 15 8 61 59 9 83 52 3 62 19 7 39 88 79 103 40 64 5 74 90 13 21 4 93 35 84 44 49 86 11 12 101 58 67 91 71 95 89 96 53 54 47 38 69 57 97 10 82 81 
105 1 102 43 87 2 45 98 29 100 31 105 6 20 17 85 33 15 8 59 9 83 52 3 62 19 7 39 88 79 103 40 64 5 74 90 13 21 4 93 35 84 44 49 86 11 12 101 58 67 91 71 95 89 96 53 54 38 69 57 97 10 82 81 
106 1 102 43 87 2 45 98 29 100 31 105 6 20 17 85 33 15 8 59 9 83 52 3 62 19 7 39 88 79 103 40 64 5 74 90 13 21 4 93 35 84 44 49 86 11 12 101 58 67 91 71 95 89 96 53 54 38 69 57 97 10 82 81 
107 1 43 87 2 42 45 29 37 107 31 6 20 17 85 33 15 8 56 61 59 9 83 52 3 62 19 7 39 88 79 40 64 5 74 90 51 13 21 4 35 84 44 49 86 11 12 58 67 91 71 89 53 54 47 38 69 57 10 82 81 
108 1 43 87 2 42 45 29 37 107 31 6 20 17 85 33 15 8 56 61 59 9 83 52 3 62 19 7 39 88 79 40 64 5 74 90 51 13 21 4 35 84 44 49 86 11 12 58 67 91 71 89 53 54 47 38 69 57 10 82 81 
109 1 43 87 2 42 45 29 107 31 6 20 17 85 33 15 8 56 61 59 9 83 52 3 62 19 7 39 88 79 40 64 5 74 90 13 21 4 35 84 44 49 86 11 12 58 67 91 71 89 53 54 47 38 69 57 109 10 82 81 
110 1 43 87 2 42 45 29 107 31 6 20 17 85 33 15 8 56 61 59 9 83 52 3 62 110 19 7 39 88 79 40 64 5 74 90 13 21 4 35 84 44 49 86 11 12 58 67 91 71 89 53 54 47 38 69 57 109 10 82 81 
111 1 43 87 2 42 45 29 107 31 6 111 20 17 85 33 15 8 56 61 59 9 83 52 3 62 110 19 7 39 88 79 40 64 5 74 90 13 21 4 35 84 44 49 86 11 12 58 67 91 71 89 53 54 47 38 69 57 109 10 82 81 
112 1 43 87 2 42 45 29 107 31 6 111 20 17 85 33 15 8 56 61 59 9 83 52 3 62 110 19 7 39 88 79 40 64 5 74 90 13 21 4 35 84 44 49 86 11 12 58 67 91 71 89 53 54 112 47 38 69 57 109 10 82 81 
113 1 43 87 2 42 45 29 107 31 6 111 20 17 85 33 15 8 56 61 59 9 83 52 3 62 110 19 7 39 88 79 40 64 5 74 90 13 21 4 35 84 44 49 86 11 12 58 67 91 71 89 53 54 112 47 38 69 57 109 10 82 81 
114 1 43 87 2 45 29 107 31 6 111 20 17 85 33 15 8 61 59 9 83 52 3 62 110 19 7 39 88 79 40 64 5 74 90 13 21 4 35 84 44 49 86 114 11 12 58 67 91 71 89 53 54 112 47 38 69 57 109 10 82 81 
115 1 43 87 2 45 29 107 31 6 111 115 20 17 85 33 15 8 61 59 9 83 52 3 62 110 19 7 39 88 79 40 64 5 74 90 13 21 4 35 84 44 49 86 114 11 12 58 67 91 71 89 53 54 112 47 38 69 57 109 10 82 81 
116 1 43 87 2 45 29 107 31 6 111 115 20 17 85 33 15 8 61 59 9 83 52 3 62 110 19 7 39 88 79 40 64 5 74 90 13 21 116 4 35 84 44 49 86 114 11 12 58 67 91 71 89 53 54 112 47 38 69 57 109 10 82 81 
117 1 43 87 117 2 45 29 107 31 6 111 115 20 17 85 33 15 8 61 59 9 83 52 3 62 110 19 7 39 88 79 40 64 5 74 90 13 21 116 4 35 84 44 49 86 114 11 12 58 67 91 71 89 53 54 112 47 38 69 57 109 10 82 81 
118 1 43 87 117 2 45 29 107 31 6 111 115 20 17 85 33 15 8 61 59 9 83 52 3 62 110 19 7 39 88 79 40 64 5 74 90 13 21 116 4 35 84 44 49 86 114 11 12 58 67 91 71 89 53 54 112 47 38 69 57 109 10 82 81 
119 1 43 87 117 2 45 29 119 107 31 6 111 115 20 17 85 33 15 8 59 9 83 52 3 62 110 19 7 39 88 79 40 64 5 74 90 13 21 116 4 35 84 44 49 86 114 11 12 58 67 91 71 89 53 54 112 38 69 57 109 10 82 81 
120 1 102 43 87 117 2 45 98 29 100 119 107 31 105 6 111 115 20 17 85 120 33 15 8 59 9 83 52 3 62 110 19 7 39 88 79 103 40 64 5 74 90 13 21 116 4 93 35 84 44 49 86 114 11 12 101 58 67 91 71 95 89 96 53 54 112 38 69 57 109 97 10 82 81 
121 1 102 43 87 117 2 45 98 29 100 119 107 31 105 6 111 115 20 17 85 120 33 15 8 59 9 83 52 3 62 110 19 7 39 88 79 103 40 64 5 74 90 13 21 116 4 93 35 84 44 49 86 114 11 12 101 58 67 91 71 95 89 96 53 54 112 38 69 57 109 97 10 82 81 
122 1 102 43 87 117 2 45 98 29 100 119 107 31 105 6 111 115 20 17 85 122 120 33 15 8 59 9 83 52 3 62 110 19 7 39 88 79 103 40 64 5 74 90 13 21 116 4 93 35 84 44 49 86 114 11 12 101 58 67 91 71 95 89 96 53 54 112 38 69 57 109 97 10 82 81 
123 1 102 43 87 117 2 45 98 29 100 119 107 31 105 6 111 115 20 17 85 122 120 33 15 8 59 9 83 52 3 62 110 19 7 39 88 79 103 40 64 5 74 90 13 21 116 4 93 35 84 44 49 86 114 11 12 101 58 67 91 71 95 89 96 53 54 112 38 69 57 109 97 10 82 81 
124 1 102 43 87 117 2 45 98 29 100 119 107 31 105 6 111 115 20 17 85 122 120 33 15 8 59 9 83 52 3 62 110 19 7 39 88 79 103 40 64 5 74 90 13 21 116 4 93 35 84 44 49 86 114 11 12 101 58 67 91 71 95 89 96 53 54 112 38 69 57 109 97 10 82 81 
125 1 102 43 87 117 2 45 98 29 100 119 107 125 31 105 6 111 115 20 17 85 120 33 15 8 59 9 83 52 3 62 110 19 7 39 88 79 103 40 64 5 74 90 13 21 116 4 93 35 84 44 49 86 114 11 12 101 58 67 91 71 95 89 96 53 54 112 38 69 57 109 97 10 82 81 
126 1 102 43 87 117 2 45 98 29 100 119 107 125 31 105 6 111 115 20 17 85 120 33 15 8 59 9 83 52 3 62 110 19 7 39 88 79 103 40 64 5 74 90 13 21 116 4 93 35 84 44 49 86 114 11 12 101 58 67 91 71 95 89 96 53 54 112 38 69 57 109 97 10 82 81 
127 1 102 43 87 117 2 45 98 29 100 119 107 125 31 105 6 111 115 20 17 85 122 120 127 33 15 8 59 9 83 52 3 62 110 19 7 39 88 79 103 40 64 5 74 90 13 21 116 4 93 35 84 44 49 86 114 11 12 101 58 67 91 71 95 89 96 53 54 112 38 69 57 109 97 10 82 81 
128 1 102 43 87 117 2 45 98 29 100 119 107 125 31 105 6 111 115 20 17 85 122 120 127 33 15 8 59 9 83 52 3 62 110 19 7 39 88 79 103 40 64 5 74 90 13 21 116 4 93 35 84 44 49 86 114 11 12 101 58 67 91 71 95 89 96 53 54 112 38 69 57 109 97 10 82 81 
129 1 102 43 87 117 2 45 98 29 100 119 107 125 31 105 6 111 115 20 17 85 122 120 127 33 15 8 59 129 9 83 52 3 62 110 19 7 39 88 79 103 40 64 5 74 90 13 21 116 4 93 35 84 44 49 86 114 11 12 101 58 67 91 71 95 89 96 53 54 112 38 69 57 109 97 10 82 81 
130 1 102 43 87 117 2 45 98 29 100 119 107 125 31 105 6 111 115 20 17 85 122 120 127 33 15 8 59 129 9 83 52 3 62 110 19 7 39 88 79 103 40 64 5 74 90 13 21 116 4 93 35 84 44 49 86 114 11 12 101 58 67 91 71 95 89 96 53 54 112 38 69 57 109 97 10 82 81 
131 1 102 43 87 117 2 45 98 29 100 119 107 125 31 105 6 111 115 20 17 85 122 120 127 33 15 8 59 129 9 83 52 3 62 110 19 7 39 88 79 103 40 64 5 74 90 13 21 116 4 93 35 84 44 49 86 114 11 12 101 58 67 91 71 95 89 96 53 54 112 38 69 57 109 97 10 82 81 
132 1 102 43 87 117 2 45 98 29 100 119 107 125 31 105 6 111 115 20 17 85 122 120 127 33 15 8 59 9 83 52 3 62 110 19 7 39 88 79 103 40 64 5 74 90 13 21 116 4 93 35 84 44 49 86 114 11 12 101 132 58 67 91 71 95 89 96 53 54 112 38 69 57 109 97 10 82 81 
133 1 102 43 87 117 2 45 98 29 100 119 107 125 31 105 6 111 115 20 17 85 122 120 127 33 15 8 59 9 83 52 3 62 110 19 7 39 88 79 103 40 64 5 74 90 13 21 116 4 93 35 84 44 49 86 114 11 12 101 132 58 67 91 71 95 89 96 53 54 112 38 69 57 109 97 10 82 81 
134 1 102 43 87 117 2 45 98 29 100 119 107 125 31 105 6 111 115 20 17 85 122 120 127 33 15 8 59 129 9 83 52 3 62 110 19 7 39 88 79 103 40 64 5 74 90 13 21 116 4 93 35 84 44 49 86 114 11 12 101 132 58 67 91 71 95 89 96 53 54 112 38 69 57 109 97 10 82 81 
135 1 102 43 87 117 2 45 98 29 100 119 107 125 31 105 6 111 115 20 17 85 122 120 127 33 15 8 59 129 9 83 52 3 62 110 19 7 39 88 79 103 40 64 5 74 90 13 21 116 4 93 35 84 44 49 86 114 11 12 101 132 58 67 91 71 95 89 96 53 54 112 38 69 57 109 97 10 82 81 
136 1 102 43 87 117 2 45 98 29 100 119 107 125 31 105 6 111 115 20 17 85 122 120 127 33 15 8 59 129 9 83 52 3 62 110 19 7 39 88 79 103 40 64 5 74 90 13 21 116 4 93 35 84 44 49 86 114 11 12 101 132 58 67 91 71 95 89 96 53 54 112 38 69 57 109 97 10 82 81 
137 24 1 102 43 87 117 2 42 45 98 29 37 100 119 32 107 28 125 31 105 6 111 115 20 17 85 122 120 127 30 33 15 8 56 61 59 129 9 83 23 52 3 62 110 19 7 39 88 79 103 40 64 5 74 90 51 13 25 21 116 4 93 35 84 44 49 86 114 11 12 101 132 58 67 91 71 95 27 89 96 53 54 112 26 47 38 69 57 109 97 10 82 81 
138 24 1 102 43 87 117 2 42 45 98 29 37 100 119 32 107 28 125 31 105 6 111 115 20 17 85 122 120 127 30 33 15 8 56 61 59 129 9 83 23 52 3 62 110 19 7 39 88 79 103 40 64 5 74 90 51 13 25 21 116 4 93 35 84 44 49 86 114 11 12 101 132 58 67 91 71 95 27 89 96 53 54 112 26 47 38 69 57 109 97 10 82 81 
