1 1 
2 2 1 
3 2 1 3 
4 2 1 4 3 
5 2 1 4 5 3 
6 2 1 4 5 3 6 
7 2 7 1 4 5 3 6 
8 2 7 1 4 5 3 6 
9 2 7 1 4 5 9 3 6 
10 2 7 1 4 5 9 3 6 
11 2 7 1 4 5 9 3 6 
12 2 7 1 4 12 5 9 3 6 
13 2 7 1 4 12 5 9 3 6 
14 2 7 1 4 12 5 9 3 6 14 
15 2 7 1 4 12 5 9 3 6 14 
16 2 7 1 4 16 12 5 9 3 6 14 
17 2 7 1 4 16 12 5 17 9 3 6 14 
18 4 16 17 6 2 7 1 12 18 5 9 3 14 
19 4 16 19 17 6 2 7 1 12 18 5 9 3 14 
20 4 16 19 17 6 2 7 1 12 18 5 9 3 14 
21 4 16 19 21 17 6 2 7 1 12 18 5 9 3 14 
22 69 82 76 129 51 99 50 31 124 65 126 42 114 79 107 89 86 90 55 108 72 41 118 117 40 64 38 4 25 85 16 120 21 33 53 128 24 127 130 84 97 67 92 18 132 63 45 59 87 22 28 30 74 119 39 37 122 17 109 100 6 98 106 7 26 104 102 34 52 5 77 116 48 81 112 61 19 71 75 96 110 88 78 2 1 57 49 12 58 9 68 94 3 14 
23 69 82 76 129 51 99 50 31 124 65 126 42 114 79 107 89 86 90 55 108 72 41 118 117 40 64 38 4 25 85 16 120 21 33 53 128 24 127 130 84 97 67 92 18 132 63 45 59 87 22 28 30 74 119 39 37 122 17 109 100 6 98 106 7 26 104 102 34 52 5 77 116 48 81 112 61 19 71 75 96 110 88 78 2 1 57 49 12 58 9 68 94 3 14 
24 69 82 76 129 51 99 50 31 124 65 126 42 114 79 107 89 86 90 55 108 72 41 118 117 40 64 38 4 25 85 16 120 21 33 53 128 127 130 24 84 97 67 92 18 132 63 45 59 87 22 28 30 74 119 39 37 122 17 109 100 6 98 106 7 26 104 102 34 52 5 77 116 48 81 112 61 19 71 75 96 110 88 78 2 1 57 49 12 58 9 68 94 3 14 
25 69 82 76 129 51 99 50 31 124 65 126 42 114 79 107 89 86 90 55 108 72 41 118 117 40 64 38 4 25 85 16 120 21 33 53 128 24 127 130 84 97 67 92 18 132 63 45 59 87 22 28 30 74 119 39 37 122 17 109 100 6 98 106 7 26 104 102 34 52 5 77 116 48 81 112 61 19 71 75 96 110 88 78 2 1 57 49 12 58 9 68 94 3 14 
26 69 82 76 129 51 99 50 31 124 65 126 42 114 79 107 89 86 90 55 108 72 41 118 117 40 64 38 4 25 85 16 120 21 33 53 128 24 127 130 84 97 67 92 18 132 63 45 59 87 22 28 30 74 119 39 37 122 17 109 100 6 98 106 7 104 26 102 34 52 5 77 116 48 81 112 61 19 71 75 96 110 88 78 2 1 57 49 12 58 9 68 94 3 14 
27 69 82 76 129 51 99 50 31 124 65 126 42 114 79 107 89 86 90 55 108 72 41 118 117 40 64 38 4 25 85 16 120 21 33 53 128 24 127 130 84 97 67 92 18 132 63 45 59 87 22 28 30 74 119 39 37 122 17 109 100 6 98 106 7 26 104 102 34 52 5 77 116 48 81 112 61 19 71 75 96 110 88 78 2 1 57 49 12 58 9 68 94 3 14 
28 69 82 76 129 51 99 50 31 124 65 126 42 114 79 107 89 86 90 55 108 72 41 118 117 40 64 38 4 25 85 16 120 21 33 53 128 24 127 130 84 97 67 92 18 132 63 45 59 87 22 28 30 74 119 39 37 122 17 109 100 6 98 106 7 26 104 102 34 52 5 77 116 48 81 112 61 19 71 75 96 110 88 78 2 1 57 49 12 58 9 68 94 3 14 
29 69 82 76 129 51 99 50 31 124 65 126 42 114 79 107 89 86 90 55 108 72 41 118 117 40 64 38 4 25 85 16 120 21 33 53 128 24 127 130 84 97 67 92 18 132 63 45 59 87 22 28 30 74 119 39 37 122 17 109 100 6 98 106 7 26 104 102 34 52 5 77 116 48 81 112 61 19 71 75 96 110 88 78 2 1 57 49 12 58 9 68 94 3 14 
30 69 82 129 51 99 50 31 124 65 126 42 114 79 107 89 86 90 55 108 72 41 118 117 40 64 38 4 25 85 16 120 21 33 53 128 24 127 130 84 97 67 92 18 132 63 45 59 87 22 28 74 30 119 39 37 122 17 109 100 6 98 106 7 26 104 102 34 52 5 77 116 48 81 112 61 19 71 75 96 110 88 78 2 1 57 49 12 58 9 68 94 3 14 
31 69 82 129 51 99 50 124 31 65 126 42 114 79 107 89 86 90 55 108 72 41 118 117 40 64 38 4 25 85 16 120 21 33 53 128 24 127 130 84 97 67 92 18 132 63 45 59 87 22 28 30 74 119 39 37 122 17 109 100 6 98 106 7 26 104 102 34 52 5 77 116 48 81 112 61 19 71 75 96 110 88 78 2 1 57 49 12 58 9 68 94 3 14 
32 69 82 129 51 99 50 31 124 65 126 42 114 79 107 89 86 90 55 108 72 41 118 117 40 64 38 4 25 85 16 120 21 33 53 128 24 127 130 84 97 67 92 18 132 63 45 59 87 22 28 30 74 119 39 37 122 17 109 100 6 98 106 7 26 104 102 34 52 5 77 116 48 81 112 61 19 71 75 96 110 88 78 2 1 57 49 12 58 9 68 94 3 14 
33 69 82 129 51 99 50 31 124 65 126 42 114 79 107 89 86 90 55 108 72 41 118 117 40 64 38 4 25 85 16 120 21 33 53 128 24 127 130 84 97 67 92 18 132 63 45 59 87 22 28 30 74 119 39 37 122 17 109 100 6 98 106 7 26 104 102 34 52 5 77 116 48 81 112 61 19 71 75 96 110 88 78 2 1 57 49 12 58 9 68 94 3 14 
34 69 82 129 51 99 50 31 124 65 126 42 114 79 107 89 86 90 55 108 72 41 118 117 40 64 38 4 25 85 16 120 21 33 53 128 24 127 130 84 97 67 92 18 132 63 45 59 87 22 28 30 74 119 39 37 122 17 109 100 6 98 106 7 26 104 102 52 34 5 77 116 48 81 112 61 19 71 75 96 110 88 78 2 1 57 49 12 58 9 68 94 3 14 
35 69 82 129 51 99 50 31 124 65 126 42 114 79 107 89 86 90 55 108 72 41 118 117 40 64 38 4 25 85 16 120 21 33 53 128 24 127 130 84 97 67 92 18 132 63 45 59 87 22 28 30 74 119 39 37 122 17 109 100 6 98 106 7 26 104 102 34 52 5 77 116 48 81 112 61 19 71 75 96 110 88 78 2 1 57 49 12 58 9 68 94 3 14 
36 69 82 129 51 99 50 31 124 65 126 42 114 79 107 89 86 90 55 108 72 41 118 117 40 64 38 4 25 85 16 120 21 33 53 128 24 127 130 84 97 67 92 18 132 63 45 59 87 22 28 30 74 119 39 37 122 17 109 100 6 98 106 7 26 104 102 34 52 5 77 116 48 81 112 61 19 71 75 96 110 88 78 2 1 57 49 12 58 9 68 94 3 14 
37 69 82 129 51 99 50 31 124 65 126 42 114 79 107 89 86 90 55 108 72 41 118 117 40 64 38 4 25 85 16 120 21 33 53 128 24 127 130 84 97 67 92 18 132 63 45 59 87 22 28 30 74 119 39 122 37 17 109 100 6 98 106 7 26 104 102 34 52 5 77 116 48 81 112 61 19 71 75 96 110 88 78 2 1 57 49 12 58 9 68 94 3 14 
38 69 82 129 51 99 50 31 124 65 126 42 114 79 107 89 86 90 55 108 72 41 118 117 40 64 38 4 25 85 16 120 21 33 53 128 24 127 130 84 97 67 92 18 132 63 45 59 87 22 28 30 74 119 39 37 122 17 109 100 6 98 106 7 26 104 102 34 52 5 77 116 48 81 112 61 19 71 75 96 110 88 78 2 1 57 49 12 58 9 68 94 3 14 
39 69 82 129 51 99 50 31 124 65 126 42 114 79 107 89 86 90 55 108 72 41 118 117 40 64 38 4 25 85 16 120 21 33 53 128 24 127 130 84 97 67 92 18 132 63 45 59 87 22 28 30 74 119 39 37 122 17 109 100 6 98 106 7 26 104 102 34 52 5 77 116 48 81 112 61 19 71 75 96 110 88 78 2 1 57 49 12 58 9 68 94 3 14 
40 69 82 129 51 99 50 31 124 65 126 42 114 79 107 89 86 90 55 108 72 41 118 117 64 40 38 4 25 85 16 120 21 33 53 128 24 127 130 84 97 67 92 18 132 63 45 59 87 22 28 30 74 119 39 37 122 17 109 100 6 98 106 7 26 104 102 34 52 5 77 116 48 81 112 61 19 71 75 96 110 88 78 2 1 57 49 12 58 9 68 94 3 14 
41 69 82 129 51 99 50 31 124 65 126 42 114 79 107 89 86 90 55 108 72 118 41 117 40 64 38 4 25 85 16 120 21 33 53 128 24 127 130 84 97 67 92 18 132 63 45 59 87 22 28 30 74 119 39 37 122 17 109 100 6 98 106 7 26 104 102 34 52 5 77 116 48 81 112 61 19 71 75 96 110 88 78 2 1 57 49 12 58 9 68 94 3 14 
42 69 82 129 51 99 50 31 124 65 126 114 42 79 107 89 86 90 55 108 72 41 118 117 40 64 38 4 25 85 16 120 21 33 53 128 24 127 130 84 97 67 92 18 132 63 45 59 87 22 28 30 74 119 39 37 122 17 109 100 6 98 106 7 26 104 102 34 52 5 77 116 48 81 112 61 19 71 75 96 110 88 78 2 1 57 49 12 58 9 68 94 3 14 
43 69 82 129 51 99 50 31 124 65 126 42 114 79 107 89 86 90 55 108 72 41 118 117 40 64 38 4 25 85 16 120 21 33 53 128 24 127 130 84 97 67 92 18 132 63 45 59 87 22 28 30 74 119 39 37 122 17 109 100 6 98 106 7 26 104 102 34 52 5 77 116 48 81 112 61 19 71 75 96 110 88 78 2 1 57 49 12 58 9 68 94 3 14 
44 69 82 129 51 99 50 31 124 65 126 42 114 79 107 89 86 90 55 108 72 41 118 117 40 64 38 4 25 85 16 120 21 33 53 128 24 127 130 84 97 67 92 18 132 63 45 59 87 22 28 30 74 119 39 37 122 17 109 100 6 98 106 7 26 104 102 34 52 5 77 116 48 81 112 61 19 71 75 96 110 88 78 2 1 57 49 12 58 9 68 94 3 14 
45 69 82 129 51 99 50 31 124 65 126 42 114 79 107 89 86 90 55 108 72 41 118 117 40 64 38 4 25 85 16 120 21 33 53 128 24 127 130 84 97 67 92 18 132 63 45 59 87 22 28 30 74 119 39 37 122 17 109 100 6 98 106 7 26 104 102 34 52 5 77 116 48 81 112 61 19 71 75 96 110 88 78 2 1 57 49 12 58 9 68 94 3 14 
46 69 82 129 51 99 50 31 124 65 126 42 114 79 107 89 86 90 55 108 72 41 118 117 40 64 38 4 25 85 16 120 21 33 53 128 24 127 130 84 97 67 92 18 132 63 45 59 87 22 28 30 74 119 39 37 122 17 109 100 6 98 106 7 26 104 102 34 52 5 77 116 48 81 112 61 19 71 75 96 110 88 78 2 1 57 49 12 58 9 68 94 3 14 
47 69 82 129 51 99 50 31 124 65 126 42 114 79 107 89 86 90 55 108 72 41 118 117 40 64 38 4 25 85 16 120 21 33 53 128 24 127 130 84 97 67 92 18 132 63 45 59 87 22 28 30 74 119 39 37 122 17 109 100 6 98 106 7 26 104 102 34 52 5 77 116 48 81 112 61 19 71 75 96 110 88 78 2 1 57 49 12 58 9 68 94 3 14 
48 69 82 129 51 99 50 31 124 65 126 42 114 79 107 89 86 90 55 108 72 41 118 117 40 64 38 4 25 85 16 120 21 33 53 128 24 127 130 84 97 67 92 18 132 63 45 59 87 22 28 30 74 119 39 37 122 17 109 100 6 98 106 7 26 104 102 34 52 5 77 116 48 81 112 61 19 71 75 96 110 88 78 2 1 57 49 12 58 9 68 94 3 14 
49 69 82 129 51 99 50 31 124 65 126 42 114 79 107 89 86 90 55 108 72 41 118 117 40 64 38 4 25 85 16 120 21 33 53 128 24 127 130 84 97 67 92 18 132 63 45 59 87 22 28 30 74 119 39 37 122 17 109 100 6 98 106 7 26 104 102 34 52 5 77 116 48 81 112 61 19 71 75 96 110 88 78 2 1 57 49 12 58 9 68 94 3 14 
50 69 82 129 51 99 50 31 124 65 126 42 114 79 107 89 86 90 55 108 72 41 118 117 40 64 38 4 25 85 16 120 21 33 53 128 24 127 130 84 97 67 92 18 132 63 45 59 87 22 28 30 74 119 39 37 122 17 109 100 6 98 106 7 26 104 102 34 52 5 77 116 48 81 112 61 19 71 75 96 110 88 78 2 1 57 49 12 58 9 68 94 3 14 
51 69 82 129 99 51 50 31 124 65 126 42 114 79 107 89 86 90 55 108 72 41 118 117 40 64 38 4 25 85 16 120 21 33 53 128 24 127 130 84 97 67 92 18 132 63 45 59 87 22 28 30 74 119 39 37 122 17 109 100 6 98 106 7 26 104 102 34 52 5 77 116 48 81 112 61 19 71 75 96 110 88 78 2 1 57 49 12 58 9 68 94 3 14 
52 69 82 129 51 99 50 31 124 65 126 42 114 79 107 89 86 90 55 108 72 41 118 117 40 64 38 4 25 85 16 120 21 33 53 128 24 127 130 84 97 67 92 18 132 63 45 59 87 22 28 30 74 119 39 37 122 17 109 100 6 98 106 7 26 104 102 34 52 5 77 116 48 81 112 61 19 71 75 96 110 88 78 2 1 57 49 12 58 9 68 94 3 14 
53 69 82 129 51 99 50 31 124 65 126 42 114 79 107 89 86 90 55 108 72 41 118 117 40 64 38 4 25 85 16 120 21 33 128 53 24 127 130 84 97 67 92 18 132 63 45 59 87 22 28 30 74 119 39 37 122 17 109 100 6 98 106 7 26 104 102 52 34 5 77 116 48 81 112 61 19 71 75 96 110 88 78 2 1 57 49 12 58 9 68 94 3 14 
54 69 82 129 51 99 50 31 124 65 126 42 114 79 107 89 86 90 55 108 72 41 118 117 40 64 38 4 25 85 16 120 21 33 53 128 24 127 130 84 97 67 92 18 132 63 45 59 87 22 28 30 74 119 39 37 122 17 109 100 6 98 106 7 26 104 102 52 34 5 77 116 48 81 112 61 19 71 75 96 110 88 78 2 1 57 49 12 58 9 68 94 3 14 
55 69 82 76 129 51 99 50 31 124 65 126 42 114 79 107 89 86 90 55 108 72 41 118 117 40 64 38 4 25 85 16 120 21 33 53 128 24 127 130 84 97 67 92 18 132 63 45 59 87 22 28 30 74 119 39 37 122 17 109 100 6 98 106 7 26 104 102 34 52 5 77 116 48 81 112 61 19 71 75 96 110 88 78 2 1 57 49 12 58 9 68 94 3 14 
56 69 82 76 129 51 99 50 31 124 65 126 42 114 79 107 89 86 90 55 108 72 41 118 117 40 64 38 4 25 85 16 120 21 33 53 128 24 127 130 84 97 67 92 18 132 63 45 59 87 22 28 30 74 119 39 37 122 17 109 100 6 98 106 7 26 104 102 34 52 5 77 116 48 81 112 61 19 71 75 96 110 88 78 2 1 57 49 12 58 9 68 94 3 14 
57 69 82 76 129 51 99 50 31 124 65 126 42 114 79 107 89 86 90 55 108 72 41 118 117 40 64 38 4 25 85 16 120 21 33 53 128 24 127 130 84 97 67 92 18 132 63 45 59 87 22 28 30 74 119 39 37 122 17 109 100 6 98 106 7 26 104 102 34 52 5 77 116 48 81 112 61 19 71 75 96 110 88 78 2 1 57 49 12 58 9 68 94 3 14 
58 69 82 76 129 51 99 50 31 124 65 126 42 114 79 107 89 86 90 55 108 72 41 118 117 40 64 38 4 25 85 16 120 21 33 53 128 24 127 130 84 97 67 92 18 132 63 45 59 87 22 28 30 74 119 39 37 122 17 109 100 6 98 106 7 26 104 102 34 52 5 77 116 48 81 112 61 19 71 75 96 110 88 78 2 1 57 49 12 58 9 68 94 3 14 
59 69 82 76 129 51 99 50 31 124 65 126 42 114 79 107 89 86 90 55 108 72 41 118 117 40 64 38 4 25 85 16 120 21 33 53 128 24 127 130 84 97 67 92 18 132 63 45 59 87 22 28 30 74 119 39 37 122 17 109 100 6 98 106 7 26 104 102 34 52 5 77 116 48 81 112 61 19 71 75 96 110 88 78 2 1 57 49 12 58 9 68 94 3 14 
60 69 82 76 129 51 99 50 31 124 65 126 42 114 79 107 89 86 90 55 108 72 41 118 117 40 64 38 4 25 85 16 120 21 33 53 128 24 127 130 84 97 67 92 18 132 63 45 59 87 22 28 30 74 119 39 37 122 17 109 100 6 98 106 7 26 104 102 34 52 5 77 116 48 81 112 61 19 71 75 96 110 88 78 2 1 57 49 12 58 9 68 94 3 14 
61 69 82 76 129 51 99 50 31 124 65 126 42 114 79 107 89 86 90 55 108 72 41 118 117 40 64 38 4 25 85 16 120 21 33 53 128 24 127 130 84 97 67 92 18 132 63 45 59 87 22 28 30 74 119 39 37 122 17 109 100 6 98 106 7 26 104 102 34 52 5 77 116 48 81 112 61 19 71 75 96 110 88 78 2 1 57 49 12 58 9 68 94 3 14 
62 69 82 76 129 51 99 50 31 124 65 126 42 114 79 107 89 86 90 55 108 72 41 118 117 40 64 38 4 25 85 16 120 21 33 53 128 24 127 130 84 97 67 92 18 132 63 45 59 87 22 28 30 74 119 39 37 122 17 109 100 6 98 106 7 26 104 102 34 52 5 77 116 48 81 112 61 19 71 75 96 110 88 78 2 1 57 49 12 58 9 68 94 3 14 
63 69 82 76 129 51 99 50 31 124 65 126 42 114 79 107 89 86 90 55 108 72 41 118 117 40 64 38 4 25 85 16 120 21 33 53 128 24 127 130 84 97 67 92 18 132 63 45 59 87 22 28 30 74 119 39 37 122 17 109 100 6 98 106 7 26 104 102 34 52 5 77 116 48 81 112 61 19 71 75 96 110 88 78 2 1 57 49 12 58 9 68 94 3 14 
64 69 82 76 129 51 99 50 31 124 65 126 42 114 79 107 89 86 90 55 108 72 41 118 117 40 64 38 4 25 85 16 120 21 33 53 128 24 127 130 84 97 67 92 18 132 63 45 59 87 22 28 30 74 119 39 37 122 17 109 100 6 98 106 7 26 104 102 34 52 5 77 116 48 81 112 61 19 71 75 96 110 88 78 2 1 57 49 12 58 9 68 94 3 14 
65 69 82 76 129 51 99 50 31 124 126 65 42 114 79 107 89 86 90 55 108 72 41 118 117 40 64 38 4 25 85 16 120 21 33 53 128 24 127 130 84 97 67 92 18 132 63 45 59 87 22 28 30 74 119 39 37 122 17 109 100 6 98 106 7 26 104 102 34 52 5 77 116 48 81 112 61 19 71 75 96 110 88 78 2 1 57 49 12 58 9 68 94 3 14 
66 69 82 76 129 51 99 50 31 124 65 126 42 114 79 107 89 86 90 55 108 72 41 118 117 40 64 38 4 25 85 16 120 21 33 53 128 24 127 130 84 97 67 92 18 132 63 45 59 87 22 28 30 74 119 39 37 122 17 109 100 6 98 106 7 26 104 102 34 52 5 77 116 48 81 112 61 19 71 75 96 110 88 78 2 1 57 49 12 58 9 68 94 3 14 
67 69 82 76 129 51 99 50 31 124 65 126 42 114 79 107 89 86 90 55 108 72 41 118 117 40 64 38 4 25 85 16 120 21 33 53 128 24 127 130 84 97 67 92 18 132 63 45 59 87 22 28 30 74 119 39 37 122 17 109 100 6 98 106 7 26 104 102 34 52 5 77 116 48 81 112 61 19 71 75 96 110 88 78 2 1 57 49 12 58 9 68 94 3 14 
68 69 82 76 129 51 99 50 31 124 65 126 42 114 79 107 89 86 90 55 108 72 41 118 117 40 64 38 4 25 85 16 120 21 33 53 128 24 127 130 84 97 67 92 18 132 63 45 59 87 22 28 30 74 119 39 37 122 17 109 100 6 98 106 7 26 104 102 34 52 5 77 116 48 81 112 61 19 71 75 96 110 88 78 2 1 57 49 12 58 9 68 94 3 14 
69 82 69 76 129 51 99 50 31 124 65 126 42 114 79 107 89 86 90 55 108 72 41 118 117 40 64 38 4 25 85 16 120 21 33 53 128 24 127 130 84 97 67 92 18 132 63 45 59 87 22 28 30 74 119 39 37 122 17 109 100 6 98 106 7 26 104 102 34 52 5 77 116 48 81 112 61 19 71 75 96 110 88 78 2 1 57 49 12 58 9 68 94 3 14 
70 69 82 76 129 51 99 50 31 124 65 126 42 114 79 107 89 86 90 55 108 72 41 118 117 40 64 38 4 25 85 16 120 21 33 53 128 24 127 130 84 97 67 92 18 132 63 45 59 87 22 28 30 74 119 39 37 122 17 109 100 6 98 106 7 26 104 102 34 52 5 77 116 48 81 112 61 19 71 75 96 110 88 78 2 1 57 49 12 58 9 68 94 3 14 
71 69 82 76 129 51 99 50 31 124 65 126 42 114 79 107 89 86 90 55 108 72 41 118 117 40 64 38 4 25 85 16 120 21 33 53 128 24 127 130 84 97 67 92 18 132 63 45 59 87 22 28 30 74 119 39 37 122 17 109 100 6 98 106 7 26 104 102 34 52 5 77 116 48 81 112 61 19 75 96 110 71 88 78 2 1 57 49 12 58 9 68 94 3 14 
72 69 82 76 129 51 99 50 31 124 65 126 42 114 79 107 89 86 90 55 108 72 41 118 117 40 64 38 4 25 85 16 120 21 33 53 128 24 127 130 84 97 67 92 18 132 63 45 59 87 22 28 30 74 119 39 37 122 17 109 100 6 98 106 7 26 104 102 34 52 5 77 116 48 81 112 61 19 71 96 110 88 78 2 1 57 49 12 58 9 68 94 3 14 
73 69 82 76 129 51 99 50 31 124 65 126 42 114 79 107 89 86 90 55 108 72 41 118 117 40 64 38 4 25 85 16 120 21 33 53 128 24 127 130 84 97 67 92 18 132 63 45 59 87 22 28 30 74 119 39 37 122 17 109 100 6 98 106 7 26 104 102 34 52 5 77 116 48 81 112 61 19 71 96 110 88 78 2 1 57 49 12 58 9 68 94 3 14 
74 69 82 76 129 51 99 50 31 124 65 126 42 114 79 107 89 86 90 55 108 72 41 118 117 40 64 38 4 25 85 16 120 21 33 53 128 24 127 130 84 97 67 92 18 132 63 45 59 87 22 28 30 74 119 39 37 122 17 109 100 6 98 106 7 26 104 102 34 52 5 77 116 48 81 112 61 19 71 75 96 110 88 78 2 1 57 49 12 58 9 68 94 3 14 
75 69 82 76 129 51 99 50 31 124 65 126 42 114 79 107 89 86 90 55 108 41 118 117 40 64 38 4 25 85 16 120 21 33 53 128 24 127 130 84 97 67 92 18 132 63 45 59 87 22 28 30 74 119 39 37 122 17 109 100 6 98 106 7 26 104 102 34 52 5 77 116 48 81 112 61 19 71 96 110 75 88 78 2 1 57 49 12 58 9 68 94 3 14 
76 69 82 129 76 51 99 50 31 124 65 126 42 114 79 107 89 86 90 55 108 72 41 118 117 40 64 38 4 25 85 16 120 21 33 53 128 24 127 130 84 97 67 92 18 132 63 45 59 87 22 28 74 119 39 37 122 17 109 100 6 98 106 7 26 104 102 34 52 5 77 116 48 81 112 61 19 71 75 96 110 88 78 2 1 57 49 12 58 9 68 94 3 14 
77 69 82 76 129 51 99 50 31 124 65 126 42 114 79 107 89 86 90 55 108 72 41 118 117 40 64 38 4 25 85 16 120 21 33 53 128 24 127 130 84 97 67 92 18 132 63 45 59 87 22 28 74 119 39 37 122 17 109 100 6 98 106 7 26 104 102 34 52 5 116 77 48 81 112 61 19 71 75 96 110 88 78 2 1 57 49 12 58 9 68 94 3 14 
78 69 82 76 129 51 99 50 31 124 65 126 42 114 79 107 89 86 90 55 108 72 41 118 117 40 64 38 4 25 85 16 120 21 33 53 128 24 127 130 84 97 67 92 18 132 63 45 59 87 22 28 74 119 39 37 122 17 109 100 6 98 106 7 26 104 102 34 52 5 77 116 48 81 112 61 19 71 75 96 110 88 78 2 1 57 49 12 58 9 68 94 3 14 
79 69 82 76 129 51 99 50 31 124 65 126 42 114 79 107 89 86 90 55 108 72 41 118 117 40 64 38 4 25 85 16 120 21 33 53 128 24 127 130 84 97 67 92 18 132 63 45 59 87 22 28 74 119 39 37 122 17 109 100 6 98 106 7 26 104 102 34 52 5 77 116 48 81 112 61 19 71 75 96 110 88 78 2 1 57 49 12 58 9 68 94 3 14 
80 69 82 76 129 51 99 50 31 124 65 126 42 114 79 107 89 86 90 55 108 72 41 118 117 40 64 38 4 25 85 16 120 21 33 53 128 24 127 130 84 97 67 92 18 132 63 45 59 87 22 28 74 119 39 37 122 17 109 100 6 98 106 7 26 104 102 34 52 5 77 116 48 81 112 61 19 71 75 96 110 88 78 2 1 57 49 12 58 9 68 94 3 14 
81 69 82 76 129 51 99 50 31 124 65 126 42 114 79 107 89 86 90 55 108 72 41 118 117 40 64 38 4 25 85 16 120 21 33 53 128 24 127 130 84 97 67 92 18 132 63 45 59 87 22 28 74 119 39 37 122 17 109 100 6 98 106 7 26 104 102 34 52 5 77 116 48 81 112 61 19 71 75 96 110 88 78 2 1 57 49 12 58 9 68 94 3 14 
82 69 82 76 129 51 99 50 31 124 65 126 42 114 79 107 89 86 90 55 108 72 41 118 117 40 64 38 4 25 16 120 21 33 53 128 24 127 130 84 97 67 92 18 132 63 45 59 87 22 28 74 119 39 37 122 17 109 100 6 98 106 7 26 104 102 34 52 5 77 116 48 81 112 61 19 71 75 96 110 88 78 2 1 57 49 12 58 9 68 94 3 14 
83 69 82 76 129 51 99 50 31 124 65 126 42 114 79 107 89 86 90 55 108 72 41 118 117 40 64 38 4 25 16 120 21 33 53 128 24 127 130 84 97 67 92 18 132 63 45 59 87 22 28 74 119 39 37 122 17 109 100 6 98 106 7 26 104 102 34 52 5 77 116 48 81 112 61 19 71 75 96 110 88 78 2 1 57 49 12 58 9 68 94 3 14 
84 69 82 76 129 51 99 50 31 124 65 126 42 114 79 107 89 86 90 55 108 72 41 118 117 40 64 38 4 25 85 16 120 21 33 53 128 24 127 130 84 97 67 92 18 132 63 45 59 87 22 28 74 119 39 37 122 17 109 100 6 98 106 7 26 104 102 34 52 5 77 116 48 81 112 61 19 71 75 96 110 88 78 2 1 57 49 12 58 9 68 94 3 14 
85 69 76 129 51 99 50 31 124 65 126 42 114 79 107 89 86 90 55 108 72 41 118 117 40 64 38 4 25 85 16 120 21 33 53 128 24 127 130 84 97 67 92 18 132 63 45 59 87 22 28 74 119 39 37 122 17 109 100 6 98 106 7 26 104 102 34 52 5 77 116 48 81 112 61 19 71 75 96 110 88 78 2 1 57 49 12 58 9 68 94 3 14 
86 69 82 76 129 51 99 50 31 124 65 126 42 114 79 107 89 86 90 55 108 72 41 118 117 40 64 38 4 25 85 16 120 21 33 53 128 24 127 130 84 97 67 92 18 132 63 45 59 87 22 28 74 119 39 37 122 17 109 100 6 98 106 7 26 104 102 34 52 5 77 116 48 81 112 61 19 71 75 96 110 88 78 2 1 57 49 12 58 9 68 94 3 14 
87 69 82 76 129 51 99 50 31 124 65 126 42 114 79 107 89 86 90 55 108 72 41 118 117 40 64 38 4 25 85 16 120 21 33 53 128 24 127 130 84 97 67 92 18 132 63 45 59 87 22 28 74 119 39 37 122 17 109 100 6 98 106 7 26 104 102 34 52 5 77 116 48 81 112 61 19 71 75 96 110 88 78 2 1 57 49 12 58 9 68 94 3 14 
88 69 82 76 129 51 99 50 31 124 65 126 42 114 79 107 89 86 90 55 108 72 41 118 117 40 64 38 4 25 85 16 120 21 33 53 128 24 127 130 84 97 67 92 18 132 63 45 59 87 22 28 74 119 39 37 122 17 109 100 6 98 106 7 26 104 102 34 52 5 77 116 48 81 112 61 19 71 75 96 110 88 78 2 1 57 49 12 58 9 68 94 3 14 
89 69 82 76 129 51 99 50 31 124 65 126 42 114 79 107 89 86 90 55 108 72 41 118 117 40 64 38 4 25 85 16 120 21 33 53 128 24 127 130 84 97 67 92 18 63 45 59 87 22 28 74 119 39 37 17 109 100 6 98 106 7 26 104 34 52 5 77 116 48 81 61 19 71 75 96 110 88 78 2 1 57 49 12 58 9 68 94 3 14 
90 69 82 76 129 51 99 50 31 124 65 126 42 114 79 89 107 86 90 55 108 72 41 118 117 40 64 38 4 25 85 16 120 21 33 53 128 24 127 130 84 97 67 92 18 63 45 59 87 22 28 74 119 39 37 17 109 100 6 98 106 7 26 104 34 52 5 77 116 48 81 61 19 71 75 96 110 88 78 2 1 57 49 12 58 9 68 94 3 14 
91 69 82 76 129 51 99 50 31 124 65 126 42 114 79 89 107 86 90 55 108 72 41 118 117 40 64 38 4 25 85 16 120 21 33 53 128 24 127 130 84 97 67 92 18 63 45 59 87 22 28 74 119 39 37 17 109 100 6 98 106 7 26 104 34 52 5 77 116 48 81 61 19 71 75 96 110 88 78 2 1 57 49 12 58 9 68 94 3 14 
92 69 82 76 129 51 99 50 31 124 65 126 42 114 79 89 107 86 90 55 108 72 41 118 117 40 64 38 4 25 85 16 120 21 33 53 128 24 127 130 84 97 67 92 18 63 45 59 87 22 28 74 119 39 37 17 109 100 6 98 106 7 26 104 34 52 5 77 116 48 81 61 19 71 75 96 110 88 78 2 1 57 49 12 58 9 68 94 3 14 
93 69 82 76 129 51 99 50 31 124 65 126 42 114 79 89 107 86 90 55 108 72 41 118 117 40 64 38 4 25 85 16 120 21 33 53 128 24 127 130 84 97 67 92 18 63 45 59 87 22 28 74 119 39 37 17 109 100 6 98 106 7 26 104 34 52 5 77 116 48 81 61 19 71 75 96 110 88 78 2 1 57 49 12 58 9 68 94 3 14 
94 69 82 76 129 51 99 50 31 124 65 126 42 114 79 89 107 86 90 55 108 72 41 118 117 40 64 38 4 25 85 16 120 21 33 53 128 24 127 130 84 97 67 92 18 63 45 59 87 22 28 74 119 39 37 17 109 100 6 98 106 7 26 104 34 52 5 77 116 48 81 61 19 71 75 96 110 88 78 2 1 57 49 12 58 9 68 94 3 14 
95 69 82 76 129 51 99 50 31 124 65 126 42 114 79 89 107 86 90 55 108 72 41 118 117 40 64 38 4 25 85 16 120 21 33 53 128 24 127 130 84 97 67 92 18 63 45 59 87 22 28 74 119 39 37 17 109 100 6 98 106 7 26 104 34 52 5 77 116 48 81 61 19 71 75 96 110 88 78 2 1 57 49 12 58 9 68 94 3 14 
96 69 82 76 129 51 99 50 31 124 65 126 42 114 79 89 107 86 90 55 108 72 41 118 117 40 64 38 4 25 85 16 120 21 33 53 128 24 127 130 84 97 67 92 18 63 45 59 87 22 28 74 119 39 37 17 109 100 6 98 106 7 26 104 34 52 5 77 116 48 81 61 19 71 75 110 96 88 78 2 1 57 49 12 58 9 68 94 3 14 
97 69 82 76 129 51 99 50 31 124 65 126 42 114 79 89 107 86 90 55 108 72 41 118 117 40 64 38 4 25 85 16 120 21 33 53 128 24 127 130 84 97 67 92 18 63 45 59 87 22 28 74 119 39 37 17 109 100 6 98 106 7 26 104 34 52 5 77 116 48 81 61 19 71 75 96 110 88 78 2 1 57 49 12 58 9 68 94 3 14 
98 69 82 76 129 51 99 50 31 124 65 126 42 114 79 89 107 86 90 55 108 72 41 118 117 40 64 38 4 25 85 16 120 21 33 53 128 24 127 130 84 97 67 92 18 63 45 59 87 22 28 74 119 39 37 17 109 100 6 106 98 7 26 104 34 52 5 77 116 48 81 61 19 71 75 96 110 88 78 2 1 57 49 12 58 9 68 94 3 14 
99 69 82 76 129 51 99 50 31 124 65 126 42 114 79 89 107 86 90 55 108 72 41 118 117 40 64 38 4 25 85 16 120 21 33 53 128 24 127 130 84 97 67 92 18 63 45 59 87 22 28 74 119 39 37 17 109 100 6 98 106 7 26 104 34 52 5 77 116 48 81 61 19 71 75 96 110 88 78 2 1 57 49 12 58 9 68 94 3 14 
100 69 82 76 129 51 99 50 31 124 65 126 42 114 79 89 107 86 90 55 108 72 41 118 117 40 64 38 4 25 85 16 120 21 33 53 128 24 127 130 84 97 67 92 18 63 45 59 87 22 28 74 119 39 37 17 109 100 6 98 106 7 26 104 34 52 5 77 116 48 81 61 19 71 75 96 110 88 78 2 1 57 49 12 58 9 68 94 3 14 
101 69 82 76 129 51 99 50 31 124 65 126 42 114 79 89 107 86 90 55 108 72 41 118 117 40 64 38 4 25 85 16 120 21 33 53 128 24 127 130 84 97 67 92 18 63 45 59 87 22 28 74 119 39 37 17 109 100 6 98 106 7 26 104 34 52 5 77 116 48 81 61 19 71 75 96 110 88 78 2 1 57 49 12 58 9 68 94 3 14 
102 69 82 76 129 51 99 50 31 124 65 126 42 114 79 107 86 90 55 108 72 41 118 117 40 64 38 4 25 85 16 120 21 33 53 128 24 127 130 84 97 67 92 18 63 45 59 87 22 28 74 119 39 37 17 109 100 6 98 106 7 26 104 102 34 52 5 77 116 48 81 61 19 71 75 96 110 88 78 2 1 57 49 12 58 9 68 94 3 14 
103 69 82 76 129 51 99 50 31 124 65 126 42 114 79 107 86 90 55 108 72 41 118 117 40 64 38 4 25 85 16 120 21 33 53 128 24 127 130 84 97 67 92 18 63 45 59 87 22 28 74 119 39 37 17 109 100 6 98 106 7 26 104 102 34 52 5 77 116 48 81 61 19 71 75 96 110 88 78 2 1 57 49 12 58 9 68 94 3 14 
104 69 82 76 129 51 99 50 31 124 65 126 42 114 79 89 107 86 90 55 108 72 41 118 117 40 64 38 4 25 85 16 120 21 33 53 128 24 127 130 84 97 67 92 18 63 45 59 87 22 28 74 119 39 37 17 109 100 6 98 106 7 26 104 34 52 5 77 116 48 81 61 19 71 75 96 110 88 78 2 1 57 49 12 58 9 68 94 3 14 
105 69 82 76 129 51 99 50 31 124 65 126 42 114 79 89 107 86 90 55 108 72 41 118 117 40 64 38 4 25 85 16 120 21 33 53 128 24 127 130 84 97 67 92 18 63 45 59 87 22 28 74 119 39 37 17 109 100 6 98 106 7 26 104 34 52 5 77 116 48 81 61 19 71 75 96 110 88 78 2 1 57 49 12 58 9 68 94 3 14 
106 69 82 76 129 51 99 50 31 124 65 126 42 114 79 89 107 86 90 55 108 72 41 118 117 40 64 38 4 25 85 16 120 21 33 53 128 24 127 130 84 97 67 92 18 63 45 59 87 22 28 74 119 39 37 17 109 100 6 98 106 7 26 104 34 52 5 77 116 48 81 61 19 71 75 96 110 88 78 2 1 57 49 12 58 9 68 94 3 14 
107 69 82 76 129 51 99 50 31 124 65 126 42 114 79 89 107 86 90 55 108 72 41 118 117 40 64 38 4 25 85 16 120 21 33 53 128 24 127 130 84 97 67 92 18 63 45 59 87 22 28 74 119 39 37 17 109 100 6 106 98 7 26 104 34 52 5 77 116 48 81 61 19 71 75 96 110 88 78 2 1 57 49 12 58 9 68 94 3 14 
108 69 82 76 129 51 99 50 31 124 65 126 42 114 79 89 107 86 90 55 108 72 41 118 117 40 64 38 4 25 85 16 120 21 33 53 128 24 127 130 84 97 67 92 18 63 45 59 87 22 28 74 119 39 37 17 109 100 6 106 98 7 26 104 34 52 5 77 116 48 81 61 19 71 75 96 110 88 78 2 1 57 49 12 58 9 68 94 3 14 
109 69 82 76 129 51 99 50 31 124 65 126 42 114 79 89 107 86 90 55 108 72 41 118 117 40 64 38 4 25 85 16 120 21 33 53 128 24 127 130 84 97 67 92 18 63 45 59 87 22 28 74 119 39 37 17 109 100 6 106 98 7 26 104 34 52 5 77 116 48 81 61 19 71 75 96 110 88 78 2 1 57 49 12 58 9 68 94 3 14 
110 69 82 76 129 51 99 50 31 124 65 126 42 114 79 89 107 86 90 55 108 72 41 118 117 40 64 38 4 25 85 16 120 21 33 53 128 24 127 130 84 97 67 92 18 63 45 59 87 22 28 74 119 39 37 17 109 100 6 106 98 7 26 104 34 52 5 77 116 48 81 61 19 71 75 96 110 88 78 2 1 57 49 12 58 9 68 94 3 14 
111 69 82 76 129 51 99 50 31 124 65 126 42 114 79 89 107 86 90 55 108 72 41 118 117 40 64 38 4 25 85 16 120 21 33 53 128 24 127 130 84 97 67 92 18 63 45 59 87 22 28 74 119 39 37 17 109 100 6 106 98 7 26 104 34 52 5 77 116 48 81 61 19 71 75 110 96 88 78 2 1 57 49 12 58 9 68 94 3 14 
112 69 82 76 129 51 99 50 31 124 65 126 42 114 79 107 86 90 55 108 72 41 118 117 40 64 38 4 25 85 16 120 21 33 53 128 24 127 130 84 97 67 92 18 63 45 59 87 22 28 74 119 39 37 17 109 100 6 106 98 7 26 104 34 52 5 77 116 48 81 112 61 19 71 75 110 96 88 78 2 1 57 49 12 58 9 68 94 3 14 
113 69 82 76 129 51 99 50 31 124 65 126 42 114 79 107 86 90 55 108 72 41 118 117 40 64 38 4 25 85 16 120 21 33 53 128 24 127 130 84 97 67 92 18 63 45 59 87 22 28 74 119 39 37 17 109 100 6 106 98 7 26 104 34 52 5 77 116 48 81 112 61 19 71 75 110 96 88 78 2 1 57 49 12 58 9 68 94 3 14 
114 69 82 76 129 51 99 50 31 124 65 126 42 114 79 89 107 86 90 55 108 72 41 118 117 40 64 38 4 25 85 16 120 21 33 53 128 24 127 130 84 97 67 92 18 63 45 59 87 22 28 74 119 39 37 17 109 100 6 98 106 7 26 104 34 52 5 77 116 48 81 61 19 71 75 96 110 88 78 2 1 57 49 12 58 9 68 94 3 14 
115 69 82 76 129 51 99 50 31 124 65 126 42 114 79 89 107 86 90 55 108 72 41 118 117 40 64 38 4 25 85 16 120 21 33 53 128 24 127 130 84 97 67 92 18 63 45 59 87 22 28 74 119 39 37 17 109 100 6 98 106 7 26 104 34 52 5 77 116 48 81 61 19 71 75 96 110 88 78 2 1 57 49 12 58 9 68 94 3 14 
116 69 82 76 129 51 99 50 31 124 65 126 42 114 79 89 107 86 90 55 108 72 41 118 117 40 64 38 4 25 85 16 120 21 33 53 128 24 127 130 84 97 67 92 18 63 45 59 87 22 28 74 119 39 37 17 109 100 6 98 106 7 26 104 34 52 5 77 116 48 81 61 19 71 75 96 110 88 78 2 1 57 49 12 58 9 68 94 3 14 
117 69 82 76 129 51 99 50 31 124 65 126 42 114 79 89 107 86 90 55 108 72 41 118 117 40 64 38 4 25 85 16 120 21 33 53 128 24 127 130 84 97 67 92 18 63 45 59 87 22 28 74 119 39 37 17 109 100 6 98 106 7 26 104 34 52 5 77 116 48 81 61 19 71 75 96 110 88 78 2 1 57 49 12 58 9 68 94 3 14 
118 69 82 76 129 51 99 50 31 124 65 126 42 114 79 89 107 86 90 55 108 72 41 118 117 40 64 38 4 25 85 16 120 21 33 53 128 24 127 130 84 97 67 92 18 63 45 59 87 22 28 74 119 39 37 17 109 100 6 98 106 7 26 104 34 52 5 77 116 48 81 61 19 71 75 96 110 88 78 2 1 57 49 12 58 9 68 94 3 14 
119 69 82 76 129 51 99 50 31 124 65 126 42 114 79 89 107 86 90 55 108 72 41 118 117 40 64 38 4 25 85 16 120 21 33 53 128 24 127 130 84 97 67 92 18 63 45 59 87 22 28 74 119 39 37 17 109 100 6 98 106 7 26 104 34 52 5 77 116 48 81 61 19 71 75 96 110 88 78 2 1 57 49 12 58 9 68 94 3 14 
120 69 82 76 129 51 99 50 31 124 65 126 42 114 79 89 107 86 90 55 108 72 41 118 117 40 64 38 4 25 85 16 120 21 33 53 128 24 127 130 84 97 67 92 18 63 45 59 87 22 28 74 119 39 37 17 109 100 6 98 106 7 26 104 34 52 5 77 116 48 81 61 19 71 75 96 110 88 78 2 1 57 49 12 58 9 68 94 3 14 
121 69 82 76 129 51 99 50 31 124 65 126 42 114 79 89 107 86 90 55 108 72 41 118 117 40 64 38 4 25 85 16 120 21 33 53 128 24 127 130 84 97 67 92 18 63 45 59 87 22 28 74 119 39 37 17 109 100 6 98 106 7 26 104 34 52 5 77 116 48 81 61 19 71 75 96 110 88 78 2 1 57 49 12 58 9 68 94 3 14 
122 69 82 76 129 51 99 50 31 124 65 126 42 114 79 107 86 90 55 108 72 41 118 117 40 64 38 4 25 85 16 120 21 33 53 128 24 127 130 84 97 67 92 18 63 45 59 87 22 28 74 119 39 37 122 17 109 100 6 98 106 7 26 104 34 52 5 77 116 48 81 61 19 71 75 96 110 88 78 2 1 57 49 12 58 9 68 94 3 14 
123 69 82 76 129 51 99 50 31 124 65 126 42 114 79 107 86 90 55 108 72 41 118 117 40 64 38 4 25 85 16 120 21 33 53 128 24 127 130 84 97 67 92 18 63 45 59 87 22 28 74 119 39 37 122 17 109 100 6 98 106 7 26 104 34 52 5 77 116 48 81 61 19 71 75 96 110 88 78 2 1 57 49 12 58 9 68 94 3 14 
124 69 82 76 129 51 99 50 31 124 65 126 42 114 79 89 107 86 90 55 108 72 41 118 117 40 64 38 4 25 85 16 120 21 33 53 128 24 127 130 84 97 67 92 18 63 45 59 87 22 28 74 119 39 37 17 109 100 6 98 106 7 26 104 34 52 5 77 116 48 81 61 19 71 75 96 110 88 78 2 1 57 49 12 58 9 68 94 3 14 
125 69 82 76 129 51 99 50 31 124 65 126 42 114 79 89 107 86 90 55 108 72 41 118 117 40 64 38 4 25 85 16 120 21 33 53 128 24 127 130 84 97 67 92 18 63 45 59 87 22 28 74 119 39 37 17 109 100 6 98 106 7 26 104 34 52 5 77 116 48 81 61 19 71 75 96 110 88 78 2 1 57 49 12 58 9 68 94 3 14 
126 69 82 76 129 51 99 50 31 124 65 126 42 114 79 89 107 86 90 55 108 72 41 118 117 40 64 38 4 25 85 16 120 21 33 53 128 24 127 130 84 97 67 92 18 63 45 59 87 22 28 74 119 39 37 17 109 100 6 98 106 7 26 104 34 52 5 77 116 48 81 61 19 71 75 96 110 88 78 2 1 57 49 12 58 9 68 94 3 14 
127 69 82 76 129 51 99 50 31 124 65 126 42 114 79 89 107 86 90 55 108 72 41 118 117 40 64 38 4 25 85 16 120 21 33 53 128 24 130 127 84 97 67 92 18 63 45 59 87 22 28 74 119 39 37 17 109 100 6 98 106 7 26 104 34 52 5 77 116 48 81 61 19 71 75 96 110 88 78 2 1 57 49 12 58 9 68 94 3 14 
128 69 82 76 129 51 99 50 31 124 65 126 42 114 79 89 107 86 90 55 108 72 41 118 117 40 64 38 4 25 85 16 120 21 33 53 128 24 127 130 84 97 67 92 18 63 45 59 87 22 28 74 119 39 37 17 109 100 6 98 106 7 26 104 34 52 5 77 116 48 81 61 19 71 75 96 110 88 78 2 1 57 49 12 58 9 68 94 3 14 
129 69 82 76 129 51 99 50 31 124 65 126 42 114 79 89 107 86 90 55 108 72 41 118 117 40 64 38 4 25 85 16 120 21 33 53 128 24 127 130 84 97 67 92 18 63 45 59 87 22 28 74 119 39 37 17 109 100 6 98 106 7 26 104 34 52 5 77 116 48 81 61 19 71 75 96 110 88 78 2 1 57 49 12 58 9 68 94 3 14 
130 69 82 76 129 51 99 50 31 124 65 126 42 114 79 89 107 86 90 55 108 72 41 118 117 40 64 38 4 25 85 16 120 21 33 53 128 24 127 130 84 97 67 92 18 63 45 59 87 22 28 74 119 39 37 17 109 100 6 98 106 7 26 104 34 52 5 77 116 48 81 61 19 71 75 96 110 88 78 2 1 57 49 12 58 9 68 94 3 14 
131 69 82 76 129 51 99 50 31 124 65 126 42 114 79 89 107 86 90 55 108 72 41 118 117 40 64 38 4 25 85 16 120 21 33 53 128 24 127 130 84 97 67 92 18 63 45 59 87 22 28 74 119 39 37 17 109 100 6 98 106 7 26 104 34 52 5 77 116 48 81 61 19 71 75 96 110 88 78 2 1 57 49 12 58 9 68 94 3 14 
132 69 82 76 129 51 99 50 31 124 65 126 42 114 79 107 86 90 55 108 72 41 118 117 40 64 38 4 25 85 16 120 21 33 53 128 24 127 130 84 97 67 92 18 132 63 45 59 87 22 28 74 119 39 37 17 109 100 6 98 106 7 26 104 34 52 5 77 116 48 81 61 19 71 75 96 110 88 78 2 1 57 49 12 58 9 68 94 3 14 
133 69 82 76 129 51 99 50 31 124 65 126 42 114 79 107 89 86 90 55 108 72 41 118 117 40 64 38 4 25 85 16 120 21 33 53 128 24 127 130 84 97 67 92 18 132 63 45 59 87 22 28 74 119 39 37 122 17 109 100 6 98 106 7 26 104 102 34 52 5 77 116 48 81 112 61 19 71 75 96 110 88 78 2 1 57 49 12 58 9 68 94 3 14 
134 69 82 76 129 51 99 50 31 124 65 126 42 114 79 107 89 86 90 55 108 72 41 118 117 40 64 38 4 25 85 16 120 21 33 53 128 24 127 130 84 97 67 92 18 132 63 45 59 87 22 28 30 74 119 39 37 122 17 109 100 6 98 106 7 26 104 102 34 52 5 77 116 48 81 112 61 19 71 75 96 110 88 78 2 1 57 49 12 58 9 68 94 3 14 
135 69 82 76 129 51 99 50 31 124 65 126 42 114 79 107 89 86 90 55 135 108 72 41 118 117 40 64 38 4 25 85 16 120 21 33 53 128 24 127 130 84 97 67 92 18 132 63 45 59 87 22 28 30 74 119 39 37 122 17 109 100 6 98 106 7 26 104 102 34 52 5 77 116 48 81 112 61 19 71 75 96 110 88 78 2 1 57 49 12 58 9 68 94 3 14 
136 69 82 76 129 51 99 50 31 124 65 126 42 114 79 107 89 86 90 55 135 108 72 41 118 117 40 64 38 4 25 85 16 120 21 33 53 128 24 127 130 84 97 67 92 18 132 63 45 59 87 22 28 30 74 119 39 37 122 17 109 100 6 98 106 7 26 104 102 34 52 5 77 116 48 81 112 61 19 71 75 96 110 88 78 2 1 57 49 12 58 9 68 94 3 14 
137 69 82 76 129 51 99 50 31 124 65 126 42 114 79 107 89 86 90 55 135 108 72 41 118 117 40 64 38 4 25 85 16 120 21 33 53 128 24 127 130 84 97 67 92 18 132 63 45 59 87 22 28 30 74 119 39 37 122 17 109 100 6 98 106 7 26 104 137 102 34 52 5 77 116 48 81 112 61 19 71 75 96 110 88 78 2 1 57 49 12 58 9 68 94 3 14 
138 69 82 76 129 51 99 50 31 124 65 126 42 114 79 107 89 86 90 55 135 108 72 41 118 117 40 64 38 4 25 85 16 120 21 33 53 128 24 127 130 84 97 67 92 18 132 63 45 59 87 22 28 30 74 119 39 37 122 17 109 100 6 98 106 7 137 26 104 102 34 52 5 77 116 48 81 112 61 19 71 75 96 110 88 78 2 1 57 49 12 58 9 68 94 3 14 
139 51 50 31 107 90 55 135 72 41 117 40 85 16 130 84 18 132 63 45 59 30 119 37 100 6 98 106 7 137 26 102 116 81 112 61 75 96 110 88 78 2 1 57 58 9 94 3 14 69 82 76 129 99 124 65 126 42 114 79 89 86 108 118 64 38 4 25 120 21 33 53 128 24 127 97 67 92 87 22 28 74 39 122 17 109 104 34 52 5 77 48 139 19 71 49 12 68 
140 51 50 31 107 90 55 135 72 41 117 40 85 16 130 84 18 132 63 45 59 30 119 37 100 6 98 106 7 137 26 102 116 81 112 61 75 96 110 88 78 2 1 57 58 9 94 3 14 69 82 76 129 99 124 65 126 42 114 79 89 86 108 118 64 38 4 25 120 21 33 53 128 24 127 97 67 92 87 22 28 74 39 122 17 109 104 34 52 5 77 48 139 19 71 49 12 68 
141 51 50 31 107 90 55 135 72 41 117 40 85 16 130 84 141 18 132 63 45 59 30 119 37 100 6 98 106 7 137 26 102 116 81 112 61 75 96 110 88 78 2 1 57 58 9 94 3 14 69 82 76 129 99 124 65 126 42 114 79 89 86 108 118 64 38 4 25 120 21 33 53 128 24 127 97 67 92 87 22 28 74 39 122 17 109 104 34 52 5 77 48 139 19 71 49 12 68 
142 51 50 31 107 90 55 135 72 41 117 40 85 16 130 84 141 18 132 63 45 59 30 119 37 100 6 98 106 7 137 26 102 116 81 112 61 75 96 110 88 142 78 2 1 57 58 9 94 3 14 69 82 76 129 99 124 65 126 42 114 79 89 86 108 118 64 38 4 25 120 21 33 53 128 24 127 97 67 92 87 22 28 74 39 122 17 109 104 34 52 5 77 48 139 19 71 49 12 68 
143 51 50 31 107 90 55 135 72 41 117 40 85 16 130 84 141 18 132 63 45 59 30 119 37 100 6 98 106 7 137 26 102 143 116 81 112 61 75 96 110 88 142 78 2 1 57 58 9 94 3 14 69 82 76 129 99 124 65 126 42 114 79 89 86 108 118 64 38 4 120 21 33 53 128 24 127 97 67 92 87 22 28 74 39 122 17 109 104 34 52 5 77 48 139 19 71 49 12 68 
144 51 50 31 107 90 55 135 72 41 117 40 85 16 130 84 141 18 132 63 45 59 30 119 37 100 6 98 106 7 137 26 102 143 116 81 112 61 75 96 110 88 142 78 2 1 57 58 9 94 3 14 69 82 76 129 99 124 65 126 42 114 79 89 86 108 118 64 38 4 120 21 33 53 128 24 127 97 67 92 87 22 28 74 39 122 17 109 104 34 52 5 77 48 139 19 71 49 12 68 
145 51 50 31 107 90 55 135 72 41 117 40 85 16 130 84 141 18 132 63 45 59 30 119 37 100 6 98 106 7 137 26 102 143 116 81 112 61 75 96 110 88 142 78 2 1 57 58 9 94 3 14 69 82 76 129 99 124 65 126 42 114 79 89 86 108 118 64 38 4 120 21 33 53 128 24 127 97 67 92 87 22 28 74 39 122 17 109 104 34 52 5 77 48 139 19 71 49 12 68 
146 51 50 31 107 90 55 135 72 41 117 40 85 16 130 84 18 132 63 45 59 30 119 37 100 6 98 106 7 137 26 102 116 81 112 61 75 96 110 88 78 2 1 57 58 9 94 3 14 69 82 76 129 99 124 65 126 42 114 79 89 86 108 118 64 38 4 25 120 21 33 53 128 24 127 97 67 92 87 22 28 74 39 122 17 109 104 34 52 146 5 77 48 139 19 71 49 12 68 
147 51 50 31 107 90 55 135 72 41 117 40 85 16 130 84 18 132 63 45 59 30 119 37 100 6 98 106 7 137 26 102 116 81 112 61 75 96 110 88 78 2 1 57 58 9 94 3 14 69 82 76 129 99 124 65 126 42 114 79 89 86 108 118 64 38 4 25 120 21 33 53 128 24 127 97 67 92 87 22 28 74 39 122 17 109 104 34 52 146 5 77 48 139 19 71 49 12 68 
148 51 50 31 107 90 55 135 72 41 117 40 85 16 130 84 18 132 63 45 59 30 119 37 100 6 98 106 7 137 26 102 116 148 81 112 61 75 96 110 88 78 2 1 57 58 9 94 3 14 69 82 76 129 99 124 65 126 42 114 79 89 86 108 118 64 38 4 25 120 21 33 53 128 24 127 97 67 92 87 22 28 74 39 122 17 109 104 34 52 146 5 77 48 139 19 71 49 12 68 
149 51 50 31 107 90 55 135 72 41 117 40 85 16 130 84 18 132 63 45 59 30 119 37 100 6 98 106 7 137 26 102 149 116 148 81 112 61 75 96 110 88 78 2 1 57 58 9 94 3 14 69 82 76 129 99 124 65 126 42 114 79 89 86 108 118 64 38 4 120 21 33 53 128 24 127 97 67 92 87 22 28 74 39 122 17 109 104 34 52 146 5 77 48 139 19 71 49 12 68 
150 51 50 31 107 90 55 135 72 41 117 40 85 16 130 84 18 132 63 45 59 30 119 37 100 6 98 106 7 137 26 102 149 116 148 81 112 61 75 96 110 88 78 2 1 57 58 9 94 3 14 69 82 76 129 99 124 65 126 42 114 79 89 86 108 118 64 38 4 120 21 33 53 128 24 127 97 67 92 87 22 28 74 39 122 17 109 104 34 52 146 5 77 48 139 19 71 49 12 68 
151 51 50 31 107 90 55 135 72 41 117 40 85 16 130 84 18 132 63 45 59 30 119 37 100 6 98 106 7 137 26 102 149 116 148 81 112 61 75 96 110 88 78 2 1 57 58 9 94 3 14 69 82 76 129 99 124 65 126 42 114 79 89 86 108 118 64 38 4 120 21 33 53 128 24 127 97 67 92 87 22 28 74 39 122 17 109 104 34 52 146 5 77 48 139 19 71 49 12 68 
152 51 50 31 107 90 55 135 72 41 117 152 40 85 16 130 84 18 132 63 45 59 30 119 37 100 6 98 106 7 137 26 102 116 81 112 61 75 96 110 88 78 2 1 57 58 9 94 3 14 69 82 76 129 99 124 65 126 42 114 79 89 86 108 118 64 38 4 25 120 21 33 53 128 24 127 97 67 92 87 22 28 74 39 122 17 109 104 34 52 146 5 77 48 139 19 71 49 12 68 
153 51 50 31 107 90 55 135 72 41 152 117 40 85 16 130 84 18 132 63 45 59 30 119 37 100 6 98 106 7 137 26 102 116 81 112 61 75 96 110 88 78 2 1 57 58 9 94 3 14 69 82 76 129 99 124 65 126 42 114 79 89 86 108 118 64 38 4 25 120 21 33 53 128 24 127 97 67 92 87 22 28 74 39 122 17 109 104 34 52 146 5 77 48 139 19 71 49 12 68 
154 51 50 31 107 90 55 135 72 41 152 117 40 85 16 130 84 18 132 63 154 45 59 30 119 37 100 6 98 106 7 137 26 102 116 81 112 61 75 96 110 88 78 2 1 57 58 9 94 3 14 69 82 76 129 99 124 65 126 42 114 79 89 86 108 118 64 38 4 25 120 21 33 53 128 24 127 97 67 92 87 22 28 74 39 122 17 109 104 34 52 146 5 77 48 139 19 71 49 12 68 
155 51 50 31 107 90 55 135 72 41 152 117 40 85 16 130 84 18 132 154 63 45 59 30 119 37 100 6 98 106 7 137 26 102 116 81 112 61 75 96 110 88 78 2 1 57 58 9 94 3 14 69 82 76 129 99 124 65 126 42 114 79 89 86 108 155 118 64 38 4 120 21 33 53 128 24 127 97 67 92 87 22 28 74 39 122 17 109 104 34 52 146 5 77 48 139 19 71 49 12 68 
156 51 50 31 107 90 55 135 72 41 152 117 40 85 16 130 84 18 132 154 63 45 59 30 119 37 100 6 98 106 7 137 26 102 116 81 112 61 75 96 110 88 78 2 1 57 58 9 94 3 14 69 82 76 129 99 124 65 126 42 114 79 89 86 108 155 118 64 38 4 120 21 33 53 128 24 127 97 67 92 87 22 28 74 39 122 17 109 104 34 52 146 5 77 48 139 19 71 49 12 68 
157 51 50 31 107 90 55 135 72 41 152 117 40 85 16 130 84 18 132 154 63 45 59 30 119 37 100 6 98 106 7 137 26 102 116 81 112 61 75 96 110 88 78 2 1 57 58 9 94 3 14 69 82 76 129 99 124 65 126 42 114 79 89 86 108 155 118 64 38 4 120 21 33 53 128 24 127 97 67 92 87 22 28 74 39 122 17 109 104 34 52 146 5 77 48 139 19 71 49 12 68 
158 51 50 31 107 90 158 55 135 72 41 152 117 40 85 16 130 84 18 132 63 45 59 30 119 37 100 6 98 106 7 137 26 102 116 81 112 61 75 96 110 88 78 2 1 57 58 9 94 3 14 69 82 76 129 99 124 65 126 42 114 79 89 86 108 118 64 38 4 25 120 21 33 53 128 24 127 97 67 92 87 22 28 74 39 122 17 109 104 34 52 146 5 77 48 139 19 71 49 12 68 
159 51 50 31 107 158 90 55 135 72 41 152 117 40 85 16 130 84 18 132 63 45 59 30 119 37 100 6 98 106 7 137 26 102 116 81 112 61 75 96 110 88 78 2 1 57 58 9 94 3 14 69 82 76 129 99 124 65 126 42 114 79 89 86 108 118 64 38 4 25 120 21 33 53 128 24 127 97 67 92 87 22 28 74 39 122 17 109 104 34 52 146 5 77 48 139 19 71 49 12 68 
160 51 50 31 107 158 90 55 135 72 41 152 117 40 85 16 130 84 18 132 63 45 59 30 119 37 100 6 98 106 7 137 26 102 116 160 81 112 61 75 96 110 88 78 2 1 57 58 9 94 3 14 69 82 76 129 99 124 65 126 42 114 79 89 86 108 118 64 38 4 25 120 21 33 53 128 24 127 97 67 92 87 22 28 74 39 122 17 109 104 34 52 146 5 77 48 139 19 71 49 12 68 
161 51 50 31 107 158 90 55 135 72 41 152 117 40 85 16 130 84 18 132 63 45 59 30 119 37 100 6 98 106 7 137 26 102 116 160 81 112 61 75 96 110 88 78 2 1 57 58 9 94 3 14 69 82 76 129 99 124 65 126 42 114 79 89 86 108 118 64 38 4 120 21 33 53 128 24 127 97 67 92 87 22 28 161 74 39 122 17 109 104 34 52 146 5 77 48 139 19 71 49 12 68 
162 51 50 31 107 158 90 55 135 72 41 152 117 40 85 16 130 84 18 132 63 45 59 30 119 37 100 6 98 106 7 137 26 102 116 160 81 112 61 75 96 110 88 78 2 1 57 58 9 94 3 14 69 82 76 129 99 124 65 126 42 114 79 89 86 108 118 64 38 4 120 21 33 53 128 24 127 97 67 92 87 22 161 28 74 39 122 17 109 104 34 52 146 5 77 48 139 19 71 49 12 68 
163 51 50 31 107 158 90 55 135 72 41 152 117 40 85 16 130 84 141 18 132 154 63 45 59 30 119 37 100 6 98 106 7 137 26 102 143 149 116 160 148 81 112 61 75 96 110 88 142 78 2 1 57 58 9 94 3 14 69 82 76 129 99 124 65 126 42 114 79 89 86 108 155 118 64 38 4 25 120 21 33 53 128 24 127 97 67 92 87 22 161 28 74 39 122 17 109 104 34 52 146 5 77 48 139 19 71 49 12 68 
