1 1 
2 1 
3 1 
4 1 4 
5 1 4 
6 1 4 6 
7 1 7 4 6 
8 1 7 4 6 8 
9 1 9 7 4 6 8 
10 1 9 10 7 4 6 8 
11 1 9 10 11 7 4 6 8 
12 1 9 10 11 7 4 6 12 8 
13 1 9 10 11 7 4 6 12 8 13 
14 1 9 11 7 4 6 12 14 8 13 
15 1 9 11 7 4 6 12 14 8 13 15 
16 16 1 9 11 7 4 6 12 14 8 13 15 
17 16 9 7 6 14 8 13 15 1 11 4 12 17 
18 16 9 7 6 8 18 13 15 1 11 4 12 17 
19 16 9 7 6 19 8 18 13 15 1 11 4 12 17 
20 16 9 7 6 19 8 18 13 15 1 11 4 12 20 17 
21 16 9 21 7 6 19 8 18 13 15 1 11 4 12 20 17 
22 16 9 21 7 6 19 8 13 15 22 1 11 4 12 20 17 
23 16 9 21 7 6 19 8 13 15 22 1 11 4 12 20 17 
24 1 24 4 
25 16 9 21 7 24 6 19 8 13 15 22 1 11 4 12 20 17 
