1 1 
2 2 
3 3 
4 4 
5 5 
6 6 
8 7 
9 8 
10 9 
11 10 
12 11 
13 12 
14 13 
15 14 
17 15 
18 16 
19 17 
20 18 
21 19 
22 20 
25 21 
26 22 
27 23 
28 24 
30 25 
32 21 
34 26 
35 27 
36 28 
38 15 
39 16 
40 17 
41 18 
42 19 
43 29 
44 30 
46 31 
48 32 
49 33 
51 31 
53 31 
56 21 
57 34 
58 35 
59 36 
61 37 
63 21 
65 38 
66 39 
67 40 
69 15 
70 16 
71 17 
72 18 
73 41 
74 42 
76 20 
78 43 
79 44 
81 20 
83 20 
86 21 
87 45 
88 46 
89 47 
91 48 
93 21 
95 49 
96 50 
97 51 
99 15 
100 16 
101 17 
102 52 
103 53 
105 19 
106 20 
108 54 
109 55 
111 19 
112 20 
114 19 
115 20 
118 21 
119 56 
120 57 
121 58 
123 59 
125 21 
127 60 
128 61 
129 62 
131 15 
132 16 
133 63 
134 64 
136 18 
138 65 
139 66 
141 18 
143 18 
146 21 
147 67 
148 68 
149 69 
151 70 
153 21 
155 71 
156 72 
157 73 
159 74 
160 75 
161 76 
162 11 
163 15 
166 77 
167 78 
168 79 
169 80 
171 21 
172 81 
173 82 
174 83 
175 84 
176 85 
178 86 
180 87 
181 21 
182 86 
184 88 
185 89 
187 90 
188 82 
190 91 
191 92 
192 93 
194 94 
195 95 
197 16 
198 17 
200 96 
201 97 
203 16 
204 17 
206 16 
207 17 
210 21 
211 98 
212 99 
213 100 
215 101 
217 21 
