1 1 
2 2 1 
3 2 1 3 
4 2 1 3 4 
5 2 1 3 4 
6 2 6 1 3 4 
7 2 6 1 3 4 
8 8 2 6 1 3 4 
9 8 2 6 1 3 4 
10 8 2 6 1 3 4 
11 2 6 1 3 4 
12 2 6 1 3 4 12 
13 2 6 1 3 4 12 
14 14 2 6 1 3 4 12 
15 14 2 6 1 3 4 12 
16 14 2 6 1 16 3 4 12 
17 14 2 6 1 16 3 4 12 
18 14 2 6 1 16 3 4 12 
19 2 6 1 3 4 12 
20 20 2 6 1 3 4 12 
21 20 2 6 1 3 4 12 
22 20 2 6 1 22 3 4 12 
23 20 2 6 1 22 3 4 12 
24 20 2 6 1 22 3 24 4 12 
25 20 2 6 1 22 3 24 4 12 
26 20 2 6 1 22 3 24 26 4 12 
27 20 2 6 1 22 3 24 26 4 12 
28 20 2 6 1 22 3 24 26 4 12 
29 14 20 2 6 1 16 22 3 24 26 4 12 
