1 1 
2 1 2 
3 1 3 2 
4 1 3 2 
5 1 3 2 
6 1 3 2 
7 1 3 2 
8 1 3 8 2 
9 1 3 8 2 
10 1 3 8 10 2 
11 1 3 8 10 2 
12 1 3 8 10 2 
13 1 3 8 13 10 2 
14 1 3 8 14 13 10 2 
15 1 3 8 14 13 10 15 2 
16 1 3 8 14 13 10 15 2 
17 1 3 8 14 13 10 15 2 
18 1 3 8 14 13 10 15 2 
19 1 3 8 19 14 13 10 15 2 
20 1 3 8 19 14 13 10 15 2 
21 1 3 8 19 21 14 13 10 15 2 
22 1 3 8 19 21 14 13 10 15 2 
23 1 3 8 19 21 14 13 10 15 2 
24 1 3 8 19 21 14 13 24 10 15 2 
25 1 3 8 19 21 14 13 24 10 15 2 
26 1 3 8 19 21 14 13 24 10 15 2 
27 1 3 8 19 21 14 13 24 10 15 2 
