1 1 
2 1 2 
3 1 2 
4 1 4 2 
5 1 4 2 
6 1 4 2 6 
7 1 4 2 6 
8 1 4 2 8 6 
9 1 4 2 8 6 
10 10 1 4 2 8 6 
11 10 1 4 2 8 6 
12 10 12 1 4 2 8 6 
13 10 12 1 4 2 8 6 
14 10 12 1 4 14 2 8 6 
15 10 12 1 4 14 2 8 6 
16 10 16 12 1 4 14 2 8 6 
17 10 16 12 1 4 14 2 8 6 
18 10 16 12 1 4 14 2 18 8 6 
19 10 16 12 1 4 14 2 18 8 6 
20 10 16 12 20 1 4 14 2 18 8 6 
21 10 16 12 20 1 4 14 2 18 8 6 
22 10 16 12 20 1 4 14 22 2 18 8 6 
23 10 16 12 20 1 4 14 22 2 18 8 6 
24 10 16 12 14 22 2 8 20 1 4 18 6 24 
25 10 16 12 14 22 2 8 20 1 4 18 6 24 
26 10 16 12 14 22 2 8 20 1 4 26 18 6 24 
27 10 16 12 14 22 2 8 20 1 4 26 18 6 24 
28 10 16 12 14 22 2 8 20 1 4 28 26 18 6 24 
29 10 16 12 14 22 2 8 20 1 4 28 26 18 6 24 
30 10 16 12 14 22 2 8 20 1 4 28 30 26 18 6 24 
31 10 16 12 14 22 2 8 20 1 4 28 30 26 18 6 24 
32 10 16 12 14 22 2 8 32 20 1 4 28 30 26 18 6 24 
33 10 16 12 14 22 2 8 32 20 1 4 28 30 26 18 6 24 
34 10 34 16 12 14 22 2 8 32 20 1 4 28 30 26 18 6 24 
35 10 34 16 12 14 22 2 8 32 20 1 4 28 30 26 18 6 24 
36 10 34 16 12 14 22 2 8 32 20 1 4 28 30 26 18 6 24 36 
37 10 34 16 12 14 22 2 8 32 20 1 4 28 30 26 18 6 24 36 
38 10 34 16 12 14 22 2 8 32 20 38 1 4 28 30 26 18 6 24 36 
39 10 34 16 12 14 22 2 8 32 20 38 1 4 28 30 26 18 6 24 36 
40 10 34 40 16 12 14 22 2 8 32 20 38 1 4 28 30 26 18 6 24 36 
41 10 34 40 16 12 14 22 2 8 32 20 38 1 4 28 30 26 18 6 24 36 
42 10 34 40 16 12 14 22 2 8 32 20 38 1 4 28 30 42 26 18 6 24 36 
43 10 34 40 16 12 14 22 2 8 32 20 38 1 4 28 30 42 26 18 6 24 36 
44 10 34 40 16 12 14 22 2 8 32 20 38 1 4 28 30 42 26 18 6 24 36 
