1 1 
2 2 1 
3 2 1 
4 2 1 
5 2 5 1 
6 2 5 1 
7 2 5 1 
8 2 5 8 1 
9 2 5 8 1 
10 2 5 8 1 
11 2 5 8 11 1 
12 2 5 8 11 12 1 
13 13 2 5 8 11 12 1 
14 13 2 5 8 11 12 14 1 
15 13 2 5 8 11 12 14 1 
16 13 2 5 8 11 12 14 1 
17 13 2 5 8 11 12 14 17 1 
18 13 2 5 8 11 12 18 14 17 1 
19 13 2 5 8 11 12 18 14 17 19 1 
20 13 2 5 8 11 12 18 14 17 19 1 
21 13 2 5 8 11 12 18 14 17 19 1 
22 13 2 5 8 11 12 18 22 14 17 19 1 
23 2 8 11 22 17 19 1 13 5 12 18 14 23 
24 24 2 8 11 22 17 19 1 13 5 12 18 14 23 
25 24 2 8 11 22 17 19 1 13 5 12 18 14 23 
26 24 2 8 11 22 17 19 1 13 5 12 18 14 23 
27 24 2 8 11 22 17 19 1 13 5 12 18 14 23 27 
28 24 2 8 11 22 17 19 1 28 13 5 12 18 14 23 27 
29 24 2 8 11 29 22 17 19 1 28 13 5 12 18 14 23 27 
30 24 2 8 11 29 22 17 19 1 28 13 5 12 18 14 23 27 
31 24 2 8 11 29 22 17 19 1 28 13 5 12 18 14 23 27 
32 24 2 8 11 29 32 22 17 19 1 28 13 5 12 18 14 23 27 
33 24 2 8 11 29 32 22 17 19 1 28 13 5 12 18 33 14 23 27 
34 24 2 8 11 29 32 22 17 19 1 28 13 5 12 18 33 14 23 27 
35 24 2 8 11 29 32 22 17 19 1 28 13 5 12 18 33 14 23 27 
36 24 2 8 11 29 32 22 17 19 1 28 36 13 5 12 18 33 14 23 27 
37 24 2 8 11 29 32 22 17 19 1 28 36 13 5 12 37 18 33 14 23 27 
38 24 2 8 11 29 32 22 17 19 1 28 36 13 5 12 37 18 33 38 14 23 27 
39 24 2 8 11 29 32 22 17 19 1 28 36 13 5 12 37 18 33 38 14 23 27 
40 24 2 8 11 29 32 22 17 19 1 28 36 13 5 12 37 18 33 38 14 23 27 
41 24 2 8 11 29 32 22 17 19 1 41 28 36 13 5 12 37 18 33 38 14 23 27 
42 24 2 8 11 29 32 42 22 17 19 1 41 28 36 13 5 12 37 18 33 38 14 23 27 
43 43 29 22 17 41 28 36 13 12 33 24 2 8 11 32 42 19 1 5 37 18 38 14 23 27 
44 43 29 22 17 41 28 36 13 12 33 24 2 8 11 32 42 19 1 5 37 18 38 14 23 27 
45 43 29 22 17 41 28 36 13 12 33 24 2 8 11 32 42 19 1 5 37 18 38 14 23 27 
46 43 29 46 22 17 41 28 36 13 12 33 24 2 8 11 32 42 19 1 5 37 18 38 14 23 27 
47 43 29 46 22 17 41 28 36 13 12 33 24 47 2 8 11 32 42 19 1 5 37 18 38 14 23 27 
48 43 29 46 22 17 41 28 36 13 12 33 48 24 47 2 8 11 32 42 19 1 5 37 18 38 14 23 27 
49 43 29 46 22 17 41 28 36 13 12 33 48 24 47 2 8 11 32 42 19 1 5 37 18 38 14 23 27 
50 43 29 46 22 17 41 28 36 13 12 33 48 24 47 2 8 11 32 42 19 1 5 37 18 38 14 23 27 
51 43 29 46 22 51 17 41 28 36 13 12 33 48 24 47 2 8 11 32 42 19 1 5 37 18 38 14 23 27 
52 43 29 46 22 51 52 17 41 28 36 13 12 33 48 24 47 2 8 11 32 42 19 1 5 37 18 38 14 23 27 
53 43 29 46 22 51 52 17 41 28 36 13 53 12 33 48 24 47 2 8 11 32 42 19 1 5 37 18 38 14 23 27 
54 43 29 46 22 51 52 17 41 28 36 13 53 12 33 48 24 47 2 8 11 32 42 19 1 5 37 18 38 14 23 27 
55 43 29 46 22 51 52 17 41 28 36 13 53 12 33 48 24 47 2 8 11 32 42 19 1 5 37 18 38 14 23 27 
56 43 29 46 22 51 52 17 41 28 36 13 53 12 33 48 24 47 56 2 8 11 32 42 19 1 5 37 18 38 14 23 27 
57 43 29 46 22 51 52 17 41 28 36 13 53 12 33 48 24 47 56 2 8 11 32 42 19 1 57 5 37 18 38 14 23 27 
58 43 29 46 22 51 52 17 41 28 36 13 53 12 33 48 24 47 56 2 8 11 32 42 19 1 57 5 37 18 38 58 14 23 27 
59 43 29 46 22 51 52 17 41 28 36 13 53 12 33 48 24 47 56 2 8 11 32 42 19 1 57 5 37 18 38 58 14 23 27 
60 43 29 46 22 51 52 17 41 28 36 13 53 12 33 48 24 47 56 2 8 11 32 42 19 1 57 5 37 18 38 58 14 23 27 
61 43 29 46 22 51 52 17 41 28 36 13 53 12 33 48 24 47 56 2 8 11 32 42 61 19 1 57 5 37 18 38 58 14 23 27 
62 43 29 46 22 51 52 17 41 28 36 13 53 12 33 48 24 47 56 2 8 11 32 42 61 19 1 57 5 62 37 18 38 58 14 23 27 
63 43 29 46 22 51 52 17 41 28 36 13 53 12 63 33 48 24 47 56 2 8 11 32 42 61 19 1 57 5 62 37 18 38 58 14 23 27 
64 43 29 46 22 51 52 17 41 28 36 13 53 12 63 33 48 24 47 56 2 8 11 32 42 61 19 1 57 5 62 37 18 38 58 14 23 27 
65 43 29 46 22 51 52 17 41 28 36 13 53 12 63 33 48 24 47 56 2 8 11 32 42 61 19 1 57 5 62 37 18 38 58 14 23 27 
66 43 29 46 22 51 52 17 41 28 36 13 53 12 63 33 48 24 47 56 2 8 11 32 42 61 19 1 57 5 62 66 37 18 38 58 14 23 27 
67 43 29 46 22 51 52 17 41 28 36 13 53 67 12 63 33 48 24 47 56 2 8 11 32 42 61 19 1 57 5 62 66 37 18 38 58 14 23 27 
68 43 29 46 22 51 52 17 41 28 36 13 53 67 12 63 33 48 24 47 56 2 8 11 32 42 61 19 1 57 5 62 66 37 18 38 58 14 23 27 
69 43 29 46 22 51 52 17 41 28 36 13 53 67 12 63 33 48 24 47 56 2 8 11 32 42 61 19 1 57 5 62 66 37 18 38 58 14 23 27 
70 43 29 46 22 51 52 17 41 28 36 13 53 67 12 63 33 48 24 47 56 2 8 11 32 42 61 19 1 57 5 62 66 37 70 18 38 58 14 23 27 
71 43 29 46 22 51 52 17 41 28 36 13 53 67 12 63 33 48 24 47 56 2 8 11 32 42 61 19 1 57 5 62 66 37 70 71 18 38 58 14 23 27 
72 43 29 46 72 22 51 52 17 41 28 36 13 53 67 12 63 33 48 24 47 56 2 8 11 32 42 61 19 1 57 5 62 66 37 70 71 18 38 58 14 23 27 
73 43 29 46 72 22 51 52 17 41 28 36 13 53 67 12 63 33 48 24 47 56 2 8 11 32 42 61 19 1 57 5 62 66 37 70 71 18 38 58 14 23 27 
74 43 29 46 72 22 51 52 17 41 28 36 13 53 67 12 63 33 48 24 47 56 2 8 11 32 42 61 19 1 57 5 62 66 37 70 71 18 38 58 14 23 27 
75 43 29 46 72 22 51 52 17 41 28 36 13 53 67 12 63 33 48 24 47 56 2 8 11 32 42 61 19 1 57 5 62 66 37 70 71 75 18 38 58 14 23 27 
76 43 29 46 72 22 51 52 17 41 28 36 13 53 67 12 63 33 48 24 47 56 2 8 11 32 42 61 19 1 57 76 5 62 66 37 70 71 75 18 38 58 14 23 27 
77 43 29 46 72 22 51 52 17 41 28 36 13 53 67 77 12 63 33 48 24 47 56 2 8 11 32 42 61 19 1 57 76 5 62 66 37 70 71 75 18 38 58 14 23 27 
78 43 29 46 72 22 51 52 17 41 28 36 13 53 67 77 12 63 33 48 24 47 56 2 8 11 32 42 61 19 1 57 76 5 62 66 37 70 71 75 18 38 58 14 23 27 
79 43 29 46 72 22 51 52 17 41 28 36 13 53 67 77 12 63 33 48 24 47 56 2 8 11 32 42 61 19 1 57 76 5 62 66 37 70 71 75 18 38 58 14 23 27 
80 43 29 46 72 22 51 52 17 41 28 36 13 53 67 77 12 63 33 48 80 24 47 56 2 8 11 32 42 61 19 1 57 76 5 62 66 37 70 71 75 18 38 58 14 23 27 
81 43 29 46 72 81 22 51 52 17 41 28 36 13 53 67 77 12 63 33 48 80 24 47 56 2 8 11 32 42 61 19 1 57 76 5 62 66 37 70 71 75 18 38 58 14 23 27 
82 43 29 46 72 81 22 51 52 17 41 28 36 13 53 67 77 12 63 33 48 80 82 24 47 56 2 8 11 32 42 61 19 1 57 76 5 62 66 37 70 71 75 18 38 58 14 23 27 
83 43 29 46 72 81 22 51 52 17 41 28 36 13 53 67 77 12 63 33 48 80 82 24 47 56 2 8 11 32 42 61 19 1 57 76 5 62 66 37 70 71 75 18 38 58 14 23 27 
84 43 29 46 72 81 22 51 52 17 41 28 36 13 53 67 77 12 63 33 48 80 82 24 47 56 2 8 11 32 42 61 19 1 57 76 5 62 66 37 70 71 75 18 38 58 14 23 27 
85 72 22 51 17 41 36 53 67 63 48 80 47 2 32 42 61 19 1 76 5 62 66 37 75 18 38 58 14 23 43 29 46 81 52 85 28 13 77 12 33 82 24 56 8 11 57 70 71 27 
86 72 22 51 17 41 36 53 67 63 48 80 47 2 32 42 61 19 1 76 5 62 66 37 75 18 38 58 86 14 23 43 29 46 81 52 85 28 13 77 12 33 82 24 56 8 11 57 70 71 27 
87 72 22 51 17 41 36 53 67 63 48 80 47 2 32 42 61 19 1 76 5 62 66 37 75 18 38 58 86 14 23 43 29 46 81 52 85 28 13 77 12 33 82 24 56 8 11 57 70 71 27 
88 72 22 51 17 41 36 53 67 63 48 80 47 2 32 42 61 19 1 76 5 62 66 37 75 18 38 58 86 14 23 43 29 46 81 52 85 28 13 77 12 33 82 24 56 8 11 57 70 71 27 
89 72 22 51 17 41 36 53 67 63 48 80 47 2 32 42 61 19 1 76 5 62 66 37 75 18 38 58 86 14 23 89 43 29 46 81 52 85 28 13 77 12 33 82 24 56 8 11 57 70 71 27 
90 72 22 51 17 41 36 53 67 63 48 80 47 2 32 42 61 19 1 76 5 62 66 37 75 18 38 58 86 14 23 89 43 29 46 81 52 85 28 13 77 12 33 82 24 56 8 11 90 57 70 71 27 
91 72 22 51 17 41 36 53 67 63 48 80 47 2 32 42 61 19 1 76 5 62 66 37 75 18 38 58 86 14 23 89 43 29 46 81 52 85 28 13 77 12 33 82 24 56 8 11 90 57 70 71 27 
92 72 22 51 17 41 36 53 67 63 48 80 47 2 32 42 61 19 1 76 5 62 66 37 75 18 38 58 86 14 23 89 43 29 46 81 52 85 28 13 77 12 33 82 24 56 8 11 90 57 70 71 27 
93 72 22 51 17 41 36 53 67 63 48 80 47 2 32 42 61 19 1 76 5 62 66 37 75 18 38 58 86 14 23 89 43 29 46 81 52 85 28 13 77 12 33 82 24 56 8 11 90 57 70 71 27 
