1 1 
2 2 1 
3 3 2 1 
4 3 2 1 
5 3 2 1 
6 3 2 6 1 
7 7 3 2 6 1 
8 7 3 2 6 1 
9 7 3 2 6 1 9 
10 7 3 2 6 1 9 10 
11 7 3 2 6 1 9 10 
12 7 3 12 2 6 1 9 10 
13 7 3 12 2 6 13 1 9 10 
14 7 3 12 2 6 13 14 1 9 10 
15 7 3 12 2 6 13 14 1 9 10 
16 7 3 12 2 6 13 14 1 9 10 
17 7 3 2 6 1 17 
18 7 3 2 6 1 17 
19 7 3 2 6 1 19 17 
20 7 3 2 6 20 1 19 17 
21 7 3 2 6 21 20 1 19 17 
22 7 3 2 6 21 20 22 1 19 17 
23 7 3 2 6 21 20 22 1 19 17 
24 24 7 3 2 6 21 20 22 1 19 17 
25 24 7 3 2 6 21 20 22 1 19 17 
26 7 3 2 6 21 20 22 1 19 26 17 
27 24 7 3 2 6 21 20 22 1 19 26 17 
28 7 3 2 6 1 17 28 
29 7 3 2 6 29 1 17 28 
30 7 3 2 6 29 1 17 28 
31 7 31 3 2 6 29 1 17 28 
32 7 31 3 2 6 32 29 1 17 28 
33 7 31 3 2 33 6 32 29 1 17 28 
34 7 31 3 2 33 6 32 29 1 17 28 
35 7 31 3 2 33 6 32 29 1 17 28 
