1 1 
2 1 2 
3 3 1 2 
4 3 4 1 2 
5 3 5 4 1 2 
6 6 3 5 4 1 2 
7 6 3 7 5 4 1 2 
8 6 3 7 5 4 1 2 
9 6 3 7 5 4 1 2 9 
10 6 3 7 5 4 1 10 2 9 
11 6 3 7 5 4 1 10 2 9 
12 6 3 7 5 4 1 10 12 2 9 
13 6 3 7 5 13 4 1 10 12 2 9 
14 6 3 7 5 13 4 1 14 10 12 2 9 
15 6 3 7 5 13 4 1 14 10 12 2 9 
16 6 5 1 12 2 16 3 7 13 4 14 10 9 
17 6 17 5 1 12 2 16 3 7 13 4 14 10 9 
18 6 17 5 18 1 12 2 16 3 7 13 4 14 10 9 
19 6 17 5 18 1 12 2 16 3 7 13 4 14 10 9 
20 6 17 5 18 1 12 2 16 3 7 13 20 4 14 10 9 
21 6 17 5 18 1 12 2 16 3 7 13 20 4 14 10 9 
22 6 17 5 18 1 12 2 16 3 7 13 20 4 14 10 9 
23 6 17 5 18 1 12 2 16 3 7 13 20 4 14 10 9 23 
24 6 17 5 18 1 12 2 16 3 7 13 20 4 14 10 9 23 
25 6 17 5 18 1 12 2 16 3 7 25 13 20 4 14 10 9 23 
26 6 17 5 18 1 12 2 26 16 3 7 25 13 20 4 14 10 9 23 
27 6 17 5 18 1 12 2 26 16 3 7 25 13 20 4 14 10 9 23 
28 6 17 5 18 1 12 2 26 16 3 7 28 25 13 20 4 14 10 9 23 
29 6 17 5 18 1 29 12 2 26 16 3 7 28 25 13 20 4 14 10 9 23 
30 6 17 5 18 1 29 12 2 26 16 3 7 28 25 13 20 4 14 10 30 9 23 
31 6 17 5 18 1 29 12 2 26 16 3 7 28 25 13 20 4 14 10 30 31 9 23 
32 6 17 5 18 1 29 12 2 26 32 16 3 7 28 25 13 20 4 14 10 30 31 9 23 
33 5 1 33 29 32 16 3 28 14 9 6 17 18 12 2 26 7 25 13 20 4 10 30 31 23 
34 5 1 33 29 32 16 3 28 14 9 6 17 18 12 2 26 7 34 25 13 20 4 10 30 31 23 
35 35 5 1 33 29 32 16 3 28 14 9 6 17 18 12 2 26 7 34 25 13 20 4 10 30 31 23 
36 35 5 1 36 33 29 32 16 3 28 14 9 6 17 18 12 2 26 7 34 25 13 20 4 10 30 31 23 
37 35 5 1 36 33 29 32 16 3 28 14 9 6 37 17 18 12 2 26 7 34 25 13 20 4 10 30 31 23 
38 35 5 1 36 33 29 32 16 3 28 14 9 6 37 38 17 18 12 2 26 7 34 25 13 20 4 10 30 31 23 
39 35 5 1 36 33 29 32 16 3 28 14 9 6 37 38 17 18 39 12 2 26 7 34 25 13 20 4 10 30 31 23 
40 35 5 1 36 33 29 32 16 3 28 14 9 6 37 38 17 18 39 12 2 26 7 34 25 13 20 4 10 30 31 40 23 
41 35 5 1 36 33 29 32 16 3 28 14 9 6 37 38 17 18 39 12 2 26 7 34 25 13 20 4 10 30 31 40 23 
42 35 5 42 1 36 33 29 32 16 3 28 14 9 6 37 38 17 18 39 12 2 26 7 34 25 13 20 4 10 31 40 23 
43 35 5 42 43 1 36 33 29 32 16 3 28 14 9 6 37 38 17 18 39 12 2 26 7 34 25 13 20 4 10 40 23 
44 35 5 42 43 1 36 33 29 32 16 3 28 14 9 6 37 38 17 18 39 44 12 2 26 7 34 25 13 20 4 10 40 23 
45 35 5 42 43 1 36 29 32 16 3 28 14 9 6 37 38 17 18 39 44 12 2 26 7 34 25 13 20 4 45 10 40 23 
46 35 5 42 43 46 1 36 29 32 16 3 28 14 9 6 37 38 17 18 39 44 12 2 26 7 34 25 13 20 4 45 10 40 23 
47 5 42 43 46 1 36 29 32 16 3 28 47 14 9 6 37 38 17 18 39 44 12 2 26 7 34 25 13 20 4 45 10 40 23 
48 5 42 43 46 1 29 32 16 48 3 28 47 14 9 6 37 38 17 18 39 44 12 2 26 7 34 25 13 20 4 45 10 40 23 
49 5 42 43 46 1 29 32 16 48 3 28 47 14 9 6 37 38 17 18 39 44 12 2 26 49 7 34 25 13 20 4 45 10 40 23 
50 5 42 43 46 1 50 29 32 16 48 3 28 47 14 9 6 37 17 18 39 44 12 2 26 49 7 34 25 13 20 4 45 10 40 23 
51 35 5 42 43 46 1 36 50 33 29 32 16 48 3 28 47 14 9 6 37 38 17 18 51 39 44 12 2 26 49 7 34 25 13 20 4 45 10 30 31 40 23 
52 35 5 42 43 46 1 36 50 33 29 32 16 48 3 28 47 14 9 6 37 38 17 18 51 39 44 12 2 26 49 7 34 25 13 20 4 45 10 30 31 40 23 
53 35 5 42 43 46 1 36 50 33 29 32 16 48 3 28 47 14 9 6 37 38 17 18 51 39 44 12 2 26 49 7 34 25 13 20 4 45 10 30 31 40 23 
54 35 5 42 43 46 54 1 36 50 33 29 32 16 48 3 28 47 14 9 6 37 38 17 18 51 39 44 12 2 26 49 7 34 25 13 20 4 45 10 30 31 40 23 
55 35 5 42 43 46 54 1 36 50 33 29 32 16 48 3 28 47 14 9 6 37 38 17 18 51 39 44 12 2 26 49 7 34 25 13 20 4 45 10 30 31 40 23 
56 35 5 42 43 46 54 1 36 50 33 29 32 16 48 3 28 56 47 14 9 6 37 38 17 18 51 39 44 12 2 26 49 7 34 25 13 20 4 45 10 30 31 40 23 
57 35 5 42 43 46 54 1 36 50 33 29 32 16 48 3 28 56 47 14 9 6 37 38 17 18 51 39 44 12 2 26 49 7 34 25 13 20 4 45 10 30 31 40 23 
58 35 5 42 43 46 54 1 36 50 58 33 29 32 16 48 3 28 56 47 14 9 6 37 38 17 18 51 39 44 12 2 26 49 7 34 25 13 20 4 45 10 30 31 40 23 
59 35 5 42 43 46 54 1 36 50 58 33 29 32 16 48 3 28 56 47 14 9 6 37 38 17 18 51 39 44 12 2 26 49 7 34 25 13 20 4 45 10 30 31 40 23 
60 35 5 42 43 46 54 1 36 50 58 33 29 32 16 48 3 28 56 47 14 9 6 37 38 17 18 51 39 44 12 2 26 49 7 34 25 13 20 4 45 10 30 31 40 23 
61 35 61 5 42 43 46 54 1 36 50 58 33 29 32 16 48 3 28 56 47 14 9 6 37 38 17 18 51 39 44 12 2 26 49 7 34 25 13 20 4 45 10 30 31 40 23 
62 35 61 5 42 43 46 54 1 36 50 58 33 29 32 16 48 3 28 56 47 14 9 6 37 38 17 18 51 39 44 12 2 26 49 7 34 25 13 20 4 45 10 30 31 40 23 
63 35 61 5 42 43 46 54 1 36 50 58 33 29 32 16 48 3 28 56 47 14 9 6 37 38 17 18 51 39 44 12 2 26 49 7 34 25 13 20 4 45 10 30 31 40 23 
64 35 61 5 42 43 46 54 1 36 50 58 33 29 32 16 48 3 28 56 47 14 9 6 37 38 17 18 51 39 44 12 2 26 49 7 34 25 13 20 4 45 10 30 31 40 23 
65 35 61 5 42 43 46 54 1 36 50 58 33 29 32 16 48 3 28 56 47 14 9 6 37 38 17 18 51 39 44 12 2 26 49 7 34 25 13 20 4 45 10 30 31 40 23 
66 35 61 5 42 43 46 54 1 36 50 58 33 29 32 16 48 3 28 56 47 14 9 6 37 38 17 18 51 39 44 12 2 26 49 7 34 25 13 20 4 45 10 30 31 40 23 
67 35 61 5 42 43 46 54 1 36 50 58 33 29 32 16 48 3 28 56 47 14 9 6 37 38 17 18 51 39 44 12 2 26 49 7 34 25 13 20 4 45 10 30 31 40 23 
