1 1 
2 2 1 
3 2 3 1 
4 4 2 3 1 
5 4 5 2 3 1 
6 4 5 2 6 3 1 
7 4 5 2 7 6 3 1 
8 8 4 5 2 7 6 3 1 
9 8 4 5 9 2 7 6 3 1 
10 8 4 5 9 2 7 6 3 10 1 
11 8 4 5 9 2 7 11 6 3 10 1 
12 8 12 4 5 9 2 7 11 6 3 10 1 
13 8 12 4 5 9 2 7 11 6 3 10 1 
14 8 12 4 5 9 2 7 11 6 3 10 1 
15 4 15 9 6 8 12 5 2 7 11 3 10 1 
16 4 15 9 6 8 12 5 2 7 11 3 10 1 
17 4 15 9 6 8 12 5 2 7 11 3 10 1 
18 4 15 9 6 8 12 18 5 2 7 11 3 10 1 
19 4 15 9 19 6 8 12 18 5 2 7 11 3 10 1 
20 4 15 9 19 6 20 8 12 18 5 2 7 11 3 10 1 
21 4 15 9 19 6 20 8 12 18 5 2 7 11 3 10 1 
22 4 15 9 19 6 22 20 8 12 18 5 2 7 11 3 10 1 
23 4 15 9 6 22 20 8 12 18 5 2 7 11 3 10 1 23 
24 4 15 9 6 22 20 24 8 12 5 2 7 11 3 10 1 23 
25 4 15 9 19 6 22 20 24 8 12 25 18 5 2 7 11 3 10 1 23 
26 4 15 9 19 6 22 20 24 8 12 25 18 5 2 7 11 26 3 10 1 23 
27 4 15 9 19 6 22 20 24 8 12 25 18 27 5 2 7 11 26 3 10 1 23 
28 4 15 9 19 6 22 20 28 24 8 12 25 18 27 5 2 7 11 26 3 10 1 23 
29 4 15 9 19 6 22 20 28 24 8 12 25 18 27 5 2 7 11 29 26 3 10 1 23 
30 4 30 15 9 20 24 8 12 25 2 7 11 29 3 1 23 19 6 22 28 18 27 5 26 10 
31 4 30 31 15 9 20 24 8 12 25 2 7 11 29 3 1 23 19 6 22 28 18 27 5 26 10 
32 4 30 31 15 9 20 24 8 12 25 2 7 11 29 3 1 23 19 6 22 28 18 27 5 32 26 10 
33 4 30 31 15 9 20 24 8 12 25 2 7 11 29 3 33 1 23 19 6 22 28 18 27 5 32 26 10 
34 4 30 31 15 9 34 20 24 8 12 25 2 7 11 29 3 33 1 23 19 6 22 28 18 27 5 32 26 10 
35 4 30 31 36 40 15 9 38 34 20 49 24 8 44 12 25 2 7 11 29 3 33 1 23 46 19 41 6 22 28 48 43 18 27 5 32 26 10 
36 4 30 31 40 36 15 9 38 34 20 49 24 8 44 12 25 2 7 11 29 3 33 1 23 46 19 41 6 22 28 48 43 18 27 5 32 26 10 
37 4 30 31 36 40 15 9 38 34 20 49 24 8 44 12 25 2 7 11 29 3 33 1 23 46 19 41 6 22 28 48 43 18 27 5 32 26 10 
38 4 30 31 36 40 15 9 38 34 20 49 24 8 44 12 25 2 7 11 29 3 33 1 23 46 19 41 6 22 28 48 43 18 27 5 32 26 10 
39 4 30 31 36 40 15 9 38 34 20 49 24 8 44 12 25 2 7 11 29 3 33 1 23 46 19 41 6 22 28 48 43 18 27 5 32 26 10 
40 4 30 31 36 40 15 9 38 34 20 49 24 8 44 12 25 2 7 11 29 3 33 1 23 46 19 41 6 22 28 48 18 27 5 32 26 10 
41 4 30 31 36 40 15 9 38 34 20 49 24 8 44 12 25 2 7 11 29 3 33 1 23 46 19 41 6 22 28 48 18 27 5 32 26 10 
42 4 30 31 36 40 15 9 38 34 20 49 24 8 44 12 25 2 7 11 29 3 33 1 23 46 19 41 6 22 28 48 18 27 5 32 26 10 
43 4 30 31 36 15 9 38 34 20 49 24 8 44 12 25 2 7 11 29 3 33 1 23 46 19 41 6 22 28 48 43 18 27 5 32 26 10 
44 4 30 31 36 40 15 9 38 34 20 49 24 8 44 12 25 2 7 11 29 3 33 1 23 46 19 41 6 22 28 48 43 18 27 5 32 26 10 
45 4 30 31 36 40 15 9 38 34 20 49 24 8 44 12 25 2 7 11 29 3 33 1 23 46 19 41 6 22 28 48 43 18 27 5 32 26 10 
46 4 30 31 36 40 15 9 38 34 20 49 24 8 44 12 25 2 7 11 29 3 33 1 23 46 19 41 6 22 28 48 43 18 27 5 26 10 
47 4 30 31 36 40 15 9 38 34 20 49 24 8 44 12 25 2 7 11 29 3 33 1 23 46 19 41 6 22 28 48 43 18 27 5 26 10 
48 4 30 31 36 40 15 9 38 34 20 49 24 8 44 12 25 2 7 11 29 3 1 23 46 19 41 6 22 28 48 43 18 27 5 32 26 10 
49 4 30 31 36 40 15 9 38 20 49 24 8 44 12 25 2 7 11 29 3 33 1 23 46 19 41 6 22 28 48 43 18 27 5 32 26 10 
50 4 30 31 36 40 15 9 38 20 49 24 8 44 12 25 2 7 11 29 3 33 1 23 46 19 41 6 22 28 48 43 18 27 5 32 26 10 
51 4 30 31 36 40 15 9 38 34 20 49 24 8 44 12 25 2 7 11 29 3 33 1 23 46 19 41 6 22 28 51 48 43 18 27 5 32 26 10 
52 4 30 31 36 40 15 9 38 34 20 49 24 8 44 12 25 2 7 11 29 3 33 1 23 46 19 41 6 22 28 51 48 43 18 27 5 32 26 10 
53 4 30 31 36 40 15 9 38 34 20 49 24 8 44 12 25 2 7 53 11 29 3 33 1 23 46 19 41 6 22 28 51 48 43 18 27 5 32 26 10 
54 4 30 31 36 40 15 9 38 34 20 49 24 8 44 12 25 2 7 53 11 29 3 33 1 23 46 19 41 6 22 28 51 48 43 18 27 5 32 26 10 
55 4 30 31 36 40 15 9 38 34 20 49 24 8 44 12 25 2 7 11 29 3 33 1 23 46 19 41 6 22 28 51 48 55 43 18 27 5 32 26 10 
56 4 30 31 36 40 15 9 38 34 20 49 24 8 44 12 25 2 7 53 11 29 3 33 1 23 46 19 41 6 22 28 51 48 56 55 43 18 27 5 32 26 10 
57 4 30 31 36 40 15 9 38 34 20 49 24 57 8 44 12 25 2 7 53 11 29 3 33 1 23 46 19 41 6 22 28 51 56 48 55 43 18 27 5 32 26 10 
58 58 4 30 31 36 40 15 9 38 34 20 49 24 57 8 44 12 25 2 7 53 11 29 3 33 1 23 46 19 41 6 22 28 51 56 48 55 43 18 27 5 32 26 10 
59 58 4 30 31 36 40 15 9 38 34 20 49 24 57 8 44 12 25 2 7 53 11 29 3 33 1 23 46 19 41 6 22 28 51 56 48 55 43 18 27 5 32 26 10 
60 58 4 30 31 36 40 15 9 38 34 20 49 24 57 8 44 12 25 2 7 53 11 29 3 33 1 23 46 19 41 6 22 28 51 56 48 55 43 18 27 5 32 26 10 
61 58 4 30 31 36 40 15 9 38 34 20 49 24 57 8 44 12 25 2 7 53 11 29 3 33 1 23 46 19 41 6 22 28 51 56 48 55 43 18 27 5 32 26 10 
62 58 4 30 31 36 40 15 9 38 34 20 49 24 57 8 44 12 25 2 7 53 11 29 3 33 1 23 46 19 41 6 22 28 51 56 48 55 43 18 27 5 32 26 10 
63 58 4 30 31 36 40 15 9 38 34 20 49 24 57 8 44 12 25 2 7 53 11 29 3 33 1 23 46 19 41 6 22 28 51 56 48 55 43 18 27 5 32 26 10 
64 58 4 30 31 36 40 15 9 38 34 20 49 24 57 8 44 64 12 25 2 7 53 11 29 3 33 1 23 46 19 41 6 22 28 51 56 48 55 43 18 27 5 32 26 10 
65 58 4 30 31 36 40 15 9 38 34 20 49 24 57 8 44 64 12 25 2 7 53 11 29 3 33 1 23 46 19 41 6 22 28 51 56 48 55 43 18 27 5 32 26 10 
66 58 4 30 31 36 40 15 9 38 34 20 49 24 57 8 44 12 25 2 7 53 11 29 3 33 1 23 46 66 19 41 6 22 28 51 56 48 55 43 18 27 5 32 26 10 
67 58 4 30 31 36 40 15 9 38 34 20 49 24 57 8 44 12 25 2 7 53 11 29 3 33 1 23 46 66 19 41 6 22 28 51 56 48 55 43 18 27 5 32 26 10 
68 58 4 30 31 36 40 15 9 38 34 20 49 24 57 8 44 12 25 2 7 53 11 29 3 33 1 23 46 19 41 6 22 28 51 56 48 55 43 18 27 5 32 26 10 
69 58 4 30 31 36 40 15 9 38 34 20 49 24 57 8 44 12 25 2 7 53 11 29 3 33 1 23 46 19 41 6 22 28 51 56 48 55 43 18 27 5 32 26 10 
70 58 4 30 31 36 40 15 9 38 34 20 49 24 57 8 44 12 25 2 7 53 11 29 3 33 1 23 46 19 41 6 22 28 51 56 48 55 43 18 27 5 32 26 10 
71 58 4 30 31 36 40 15 9 38 34 20 49 24 57 8 44 12 25 2 7 53 11 29 3 33 1 23 46 19 41 6 22 28 51 56 48 55 43 18 27 5 32 26 10 
72 58 4 30 31 36 40 15 9 38 34 20 49 24 57 72 8 44 12 25 2 7 53 11 29 3 33 1 23 46 19 41 6 22 28 51 56 48 55 43 18 27 5 32 26 10 
73 58 4 30 31 36 40 15 9 38 34 20 49 24 57 72 8 44 12 25 2 7 53 11 29 3 33 1 23 46 19 41 6 22 28 51 56 48 55 43 18 27 5 32 26 10 
74 58 4 30 31 36 40 15 9 38 34 20 49 24 57 8 44 12 25 2 7 53 11 29 3 33 1 23 46 74 19 41 6 22 28 51 56 48 55 43 18 27 5 32 26 10 
75 36 9 38 34 49 24 57 72 3 1 23 46 74 66 19 41 43 18 5 32 58 4 30 31 40 15 20 8 44 64 12 25 2 7 53 11 29 33 6 22 28 51 56 48 55 27 75 26 10 
76 36 9 38 34 49 24 57 72 3 1 23 46 74 66 19 41 43 18 5 32 58 4 30 31 40 15 20 8 44 64 12 25 2 7 53 11 29 33 6 22 28 51 56 48 55 27 75 26 10 
77 58 4 30 31 36 40 15 9 38 20 24 57 72 8 44 64 12 25 2 7 53 11 29 3 33 1 23 46 74 66 19 41 6 22 28 51 77 56 48 55 43 18 27 5 32 75 26 10 
78 36 9 38 78 24 57 72 3 1 23 46 74 66 19 41 43 18 5 32 58 4 30 31 40 15 20 8 44 64 12 25 2 7 53 11 29 33 6 22 28 51 77 56 48 55 27 75 26 10 
79 58 4 30 31 36 15 9 38 20 78 24 57 72 8 44 64 12 25 2 7 53 11 29 3 33 1 23 46 74 66 19 41 6 22 28 51 77 56 48 79 55 18 27 5 32 75 26 10 
80 58 4 30 31 36 15 9 38 20 78 24 57 72 8 44 64 12 25 2 7 53 11 29 3 33 1 23 46 74 66 19 41 6 22 28 51 77 56 48 79 55 18 27 5 32 75 26 10 
81 58 4 30 31 36 40 15 9 38 20 24 57 72 8 44 64 12 25 2 7 53 11 29 81 3 33 1 23 46 74 66 19 41 6 22 28 51 56 48 55 43 18 27 5 32 75 26 10 
82 36 9 38 24 57 72 81 3 1 23 46 74 66 82 19 41 43 18 5 32 58 4 30 31 40 15 20 8 44 64 12 25 2 7 53 11 29 33 6 22 28 51 56 48 55 27 75 26 10 
83 58 4 30 31 36 15 9 38 20 24 57 72 8 44 64 12 25 2 7 53 81 11 29 3 33 1 23 46 74 66 82 19 41 6 22 28 51 56 48 55 83 18 27 5 32 75 26 10 
84 36 9 38 78 24 57 72 81 3 1 23 46 74 84 66 82 19 41 83 18 5 32 58 4 30 31 15 20 8 44 64 12 25 2 7 53 11 29 33 6 22 28 51 77 56 48 79 55 27 75 26 10 
85 36 9 38 78 24 57 72 81 3 1 23 46 74 84 66 82 19 41 83 18 5 32 85 58 4 30 31 15 20 8 44 64 12 25 2 7 53 11 29 33 6 22 28 51 77 56 48 79 55 27 75 26 10 
86 36 9 38 78 24 57 72 81 3 1 23 46 74 84 66 82 19 41 83 18 5 32 85 58 4 30 31 15 20 8 44 64 12 25 2 7 53 11 29 86 33 6 22 28 51 77 56 48 79 55 27 75 26 10 
87 36 9 38 78 24 57 72 81 87 3 1 23 46 74 84 66 82 19 41 83 18 5 32 85 58 4 30 31 15 20 8 44 64 12 25 2 7 53 11 29 86 33 6 22 28 51 77 56 48 79 55 27 75 26 10 
88 36 9 38 78 24 57 72 81 87 3 1 23 46 74 84 66 82 19 41 83 18 5 32 85 58 4 30 31 15 20 8 44 64 12 25 2 7 53 11 29 86 33 6 22 28 51 77 88 56 48 79 55 27 75 26 10 
89 36 9 38 78 24 57 72 81 87 3 1 23 46 74 84 66 82 19 41 83 18 5 32 85 58 4 30 31 15 20 8 44 64 12 25 2 7 53 11 29 86 33 6 22 28 51 77 88 56 48 79 55 27 75 26 10 89 
90 36 9 38 78 24 57 72 81 87 3 1 23 46 74 84 66 82 19 41 83 18 5 32 85 58 4 30 31 15 20 8 44 64 12 25 2 7 53 11 29 86 33 6 22 28 51 77 88 56 48 79 55 27 75 26 10 89 
91 36 9 38 78 24 57 72 81 87 3 1 23 46 74 84 66 82 19 41 83 18 5 32 85 58 4 30 31 15 91 20 8 44 64 12 25 2 7 53 11 29 86 33 6 22 28 51 77 88 56 48 79 55 27 75 26 10 89 
92 36 9 38 78 24 57 72 81 87 3 1 23 46 74 84 66 82 19 41 83 18 5 32 85 58 4 30 31 15 91 20 8 44 64 12 25 2 7 53 11 29 86 33 6 22 28 51 77 88 56 48 79 55 27 92 75 26 10 89 
93 36 9 38 78 24 57 72 81 87 3 1 23 46 74 84 66 82 19 41 83 18 5 32 85 58 4 30 31 15 91 20 8 44 64 12 25 2 7 53 11 29 86 33 6 22 28 51 77 88 56 48 79 55 27 92 75 26 10 89 
94 36 9 38 78 24 57 72 81 87 3 1 23 46 74 84 66 82 19 41 83 94 18 5 32 85 58 4 30 31 15 91 20 8 44 64 12 25 2 7 53 11 29 86 33 6 22 28 51 77 88 56 48 79 55 27 92 75 26 10 89 
95 36 9 38 78 24 57 72 81 87 3 1 23 46 74 84 66 82 19 41 83 94 18 5 32 85 58 4 30 31 15 91 20 8 44 64 12 25 2 7 53 11 29 86 33 6 22 28 51 77 88 56 48 79 55 27 92 75 26 10 89 
96 36 9 38 96 78 24 57 72 81 87 3 1 23 46 74 84 66 82 19 41 83 18 5 32 85 58 4 30 31 15 20 8 44 64 12 25 2 7 53 11 29 86 33 6 22 28 51 77 88 56 48 79 55 27 75 26 10 89 
97 36 9 38 96 78 24 57 72 81 87 3 1 23 46 74 84 66 82 19 41 83 18 5 32 85 58 4 30 31 15 20 8 44 64 12 25 2 7 53 11 29 86 33 6 22 28 51 77 88 56 48 79 55 97 27 75 26 10 89 
98 36 9 38 96 78 24 57 72 81 87 3 1 23 46 74 84 66 82 19 41 83 18 5 32 85 58 4 30 31 15 20 8 44 64 12 25 2 7 53 11 29 86 33 6 22 28 51 77 88 56 48 79 55 97 27 75 26 10 89 
99 36 9 38 96 78 24 57 72 99 81 87 3 1 23 46 74 84 66 82 19 41 83 18 5 32 85 58 4 30 31 15 20 8 44 64 12 25 2 7 53 11 29 86 33 6 22 28 51 77 88 56 48 79 55 97 27 75 26 10 89 
100 36 9 38 96 78 24 57 72 99 81 87 3 1 23 46 74 84 66 82 19 41 83 94 18 5 32 85 58 4 30 31 15 91 20 8 44 64 12 25 2 7 53 11 29 86 33 6 22 28 51 77 88 56 48 79 55 97 27 92 75 26 10 89 
101 36 9 38 96 78 24 57 72 101 99 81 87 3 1 23 46 74 84 66 82 19 41 83 94 18 5 32 85 58 4 30 31 15 91 20 8 44 64 12 25 2 7 53 11 29 86 33 6 22 28 51 77 88 56 48 79 55 97 27 92 75 26 10 89 
102 36 9 38 96 78 24 57 72 101 99 81 87 3 1 23 46 74 84 66 82 19 41 83 94 18 5 32 85 58 4 30 31 15 91 20 8 44 64 12 25 2 7 53 11 29 86 33 6 22 28 51 77 88 56 48 79 55 97 27 92 75 26 10 89 
103 36 9 38 96 78 24 57 72 101 99 81 87 3 1 23 46 74 84 66 82 19 41 83 94 18 5 32 85 58 4 30 31 15 91 20 8 44 64 12 25 2 7 53 11 29 86 33 6 22 28 51 77 88 56 48 79 55 97 27 92 75 26 10 89 
104 36 9 38 96 78 24 57 72 101 99 81 87 3 1 23 46 74 84 66 82 19 41 83 94 18 5 32 85 58 4 30 31 15 91 20 104 8 44 64 12 25 2 7 53 11 29 86 33 6 22 28 51 77 88 56 48 79 55 97 27 92 75 26 10 89 
105 36 9 38 96 78 24 57 72 101 99 81 87 3 1 23 46 74 84 66 82 19 41 83 94 18 5 105 32 85 58 4 30 31 15 91 20 104 8 44 64 12 25 2 7 53 11 29 86 33 6 22 28 51 77 88 56 48 79 55 97 27 92 75 26 10 89 
106 36 9 38 96 78 24 57 72 101 99 81 87 3 1 23 46 74 84 66 82 19 41 83 94 18 5 105 32 85 58 4 30 31 15 91 20 104 8 44 64 12 25 2 7 53 11 29 86 33 6 22 28 51 77 88 56 48 79 55 97 27 92 75 26 10 89 
107 36 9 38 96 78 24 57 72 101 99 81 87 3 1 23 46 74 84 66 82 19 41 83 94 18 5 105 32 85 58 4 30 31 15 91 20 104 8 44 64 12 25 2 7 53 11 29 86 33 6 22 28 51 77 88 56 48 79 55 97 27 92 75 26 10 89 
108 36 9 38 96 78 24 57 72 101 99 81 87 108 3 1 23 46 74 84 66 82 19 41 83 94 18 5 105 32 85 58 4 30 31 15 91 20 104 8 44 64 12 25 2 7 53 11 29 86 33 6 22 28 51 77 88 56 48 79 55 97 27 92 75 26 10 89 
109 36 9 38 96 78 24 57 72 101 99 81 87 108 3 1 23 46 74 84 66 82 19 41 83 94 18 5 105 32 85 58 4 30 31 15 91 20 104 8 44 64 12 25 2 7 53 11 29 86 33 6 22 28 51 77 88 56 48 109 79 55 97 27 92 75 26 10 89 
110 36 9 38 96 78 24 57 72 101 99 81 87 108 3 1 23 46 74 84 66 82 19 41 83 94 18 5 105 32 85 58 4 30 31 15 91 20 104 8 44 64 12 25 2 7 53 11 29 86 33 6 22 28 51 77 88 56 109 48 79 55 97 27 92 75 26 10 89 
111 36 9 38 96 78 24 57 72 101 99 81 87 108 3 1 23 46 74 84 66 82 19 41 83 94 18 5 105 32 85 58 4 30 31 15 91 20 104 8 44 64 12 25 2 7 53 11 29 86 33 6 22 28 51 77 88 56 109 48 79 55 97 27 92 75 26 10 89 111 
112 36 9 38 96 78 24 57 72 101 99 81 87 108 3 1 23 46 74 84 66 82 19 41 83 94 18 5 105 32 85 58 4 30 31 15 91 20 104 8 44 64 12 25 2 7 53 11 29 86 33 6 22 28 51 77 88 56 109 48 79 55 97 27 92 75 26 10 89 111 
113 36 113 9 38 96 78 24 57 72 101 99 81 87 108 3 1 23 46 74 84 66 82 19 41 83 94 18 5 105 32 85 58 4 30 31 15 91 20 104 8 44 64 12 25 2 7 53 11 29 86 33 6 22 28 51 77 88 56 109 48 79 55 97 27 92 75 26 10 89 
114 36 113 9 38 96 78 24 57 72 101 99 81 87 108 3 1 23 46 74 84 66 82 19 41 83 94 18 5 105 32 85 58 4 30 31 15 91 20 104 8 44 64 12 25 2 7 53 11 29 86 33 114 6 22 28 51 77 88 56 109 48 79 55 97 27 92 75 26 10 89 111 
115 36 113 9 38 96 78 24 57 72 101 99 81 87 108 3 1 23 46 74 84 66 82 19 41 83 94 18 5 105 32 85 58 4 30 31 15 91 20 104 8 44 64 12 25 2 7 53 11 29 86 33 114 6 22 28 51 77 88 56 109 48 79 55 97 27 92 75 26 10 89 111 
116 36 113 9 38 96 78 24 57 72 101 99 81 87 108 3 1 23 46 74 84 66 82 19 41 83 94 18 5 105 32 85 58 4 30 31 15 91 20 104 8 44 64 12 25 2 7 53 11 29 86 33 114 6 22 28 51 77 88 56 109 48 79 55 97 27 92 75 26 10 89 111 
117 36 9 38 96 78 24 57 72 99 81 87 3 1 23 46 74 84 66 82 19 41 83 94 18 5 32 85 58 4 30 31 15 91 20 8 44 64 12 25 2 7 53 11 29 86 33 6 22 28 51 77 88 56 48 79 55 97 27 92 75 26 10 89 
118 118 36 9 38 96 78 24 57 72 99 81 87 3 1 23 46 74 84 66 82 19 41 83 94 18 5 32 85 58 4 30 31 15 91 20 8 44 64 12 25 2 7 53 11 29 86 33 6 22 28 51 77 88 56 48 79 55 97 27 92 75 26 10 89 
119 118 36 9 38 96 78 24 57 72 99 81 87 3 1 23 46 74 84 66 82 19 41 83 94 18 5 32 85 58 4 30 31 15 91 20 8 44 64 12 25 2 7 53 11 29 86 33 6 22 28 51 77 88 56 48 79 55 97 27 92 75 26 10 89 
120 118 36 9 38 96 78 24 57 72 120 99 81 87 3 1 23 46 74 84 66 82 19 41 83 94 18 5 32 85 58 4 30 31 15 91 20 8 44 64 12 25 2 7 53 11 29 86 33 6 22 28 51 77 88 56 48 79 55 97 27 92 75 26 10 89 
121 118 36 9 38 96 78 24 57 72 120 99 81 87 3 1 23 46 74 84 66 82 19 41 83 94 18 5 32 85 58 4 30 31 15 91 20 8 44 64 12 25 2 7 53 11 29 86 33 6 22 28 51 77 88 56 48 79 55 97 27 92 75 26 10 89 
122 118 36 9 38 96 78 24 57 72 120 99 81 87 3 1 23 46 74 84 66 82 19 41 83 94 18 5 32 85 58 4 30 31 15 91 20 8 44 64 12 25 2 7 53 11 29 86 33 6 22 28 51 77 88 56 48 79 55 97 27 92 75 26 10 89 
123 118 36 9 38 96 78 24 57 72 120 99 81 87 3 1 23 46 74 84 66 82 19 41 83 94 18 5 32 85 58 4 30 31 15 91 20 8 44 64 12 25 2 7 53 11 29 86 33 6 22 28 51 77 88 56 48 79 55 97 27 92 75 26 10 89 
124 36 9 38 96 78 24 57 72 99 81 87 3 1 23 46 74 84 66 82 19 41 83 94 18 5 32 85 58 4 30 31 15 91 20 8 44 64 12 25 2 7 53 11 29 86 33 6 22 28 51 77 88 56 48 79 55 97 27 92 75 26 10 89 
125 36 9 38 96 78 24 57 72 99 81 87 3 1 23 46 74 84 66 82 19 41 83 94 18 5 32 85 58 4 30 31 15 91 20 8 44 64 125 12 25 2 7 53 11 29 86 33 6 22 28 51 77 88 56 48 79 55 97 27 92 75 26 10 89 
126 36 9 38 96 78 24 57 72 99 81 87 3 1 23 46 74 84 66 82 19 41 83 94 18 5 32 85 58 4 30 31 15 91 20 8 44 64 125 12 25 2 7 53 11 29 86 33 6 22 28 51 77 88 56 48 79 55 97 27 92 75 26 10 89 
127 36 9 38 96 78 24 57 72 127 99 81 87 3 1 23 46 74 84 66 82 19 41 83 94 18 5 32 85 58 4 30 31 15 91 20 8 44 64 125 12 25 2 7 53 11 29 86 33 6 22 28 51 77 88 56 48 79 55 97 27 92 75 26 10 89 
128 36 9 38 96 78 24 57 72 127 99 81 87 3 1 23 46 74 84 66 82 19 41 83 94 18 5 32 85 58 4 30 31 15 91 20 8 44 64 125 12 25 2 7 53 11 29 86 33 6 22 28 51 77 88 56 48 79 55 97 27 92 75 26 10 89 
129 36 9 38 96 78 24 57 72 127 99 81 87 3 1 23 46 74 84 66 82 19 41 83 94 18 5 32 85 58 4 30 31 15 91 20 8 44 64 125 12 25 129 2 7 53 11 29 86 33 6 22 28 51 77 88 56 48 79 55 97 27 92 75 26 10 89 
130 36 9 38 96 78 24 57 72 127 99 81 87 3 1 23 46 74 84 66 82 19 41 83 94 18 5 32 85 58 4 30 31 15 91 20 8 44 64 125 12 25 129 2 7 53 11 29 86 33 130 6 22 28 51 77 88 56 48 79 55 97 27 92 75 26 10 89 
131 36 9 38 96 78 24 57 72 127 99 81 87 3 1 23 46 74 84 66 82 19 41 83 94 18 5 32 85 58 4 30 31 15 91 20 8 44 64 125 12 25 129 2 7 53 11 29 86 33 130 6 22 28 51 77 88 56 48 79 55 97 27 92 75 26 10 89 
132 36 9 38 96 78 24 57 72 127 99 81 87 3 1 23 46 74 84 66 82 19 41 83 94 18 5 32 85 58 4 30 31 15 91 20 8 44 64 125 12 25 129 2 7 53 11 29 86 33 130 132 6 22 28 51 77 88 56 48 79 55 97 27 92 75 26 10 89 
133 36 9 38 96 78 24 57 72 127 99 81 87 3 1 23 46 74 84 66 82 19 41 83 94 18 5 32 85 58 4 30 31 15 91 20 8 44 64 125 12 25 129 2 7 53 11 29 86 33 130 132 6 22 28 51 77 88 56 48 79 55 97 27 92 75 26 10 89 
134 36 9 38 96 78 24 57 72 127 134 99 81 87 3 1 23 46 74 84 66 82 19 41 83 94 18 5 32 85 58 4 30 31 15 91 20 8 44 64 125 12 25 129 2 7 53 11 29 86 33 130 6 22 28 51 77 88 56 48 79 55 97 27 92 75 26 10 89 
135 36 9 38 96 78 24 57 72 127 134 99 81 87 3 1 23 46 74 84 66 82 19 41 83 94 18 5 32 85 58 4 30 31 15 91 20 8 44 64 125 12 25 129 2 7 53 11 29 86 33 130 132 6 22 28 51 77 88 56 48 79 55 97 27 92 75 26 10 89 
136 118 36 113 9 38 96 78 24 57 72 101 127 134 120 99 81 87 108 3 1 23 46 74 84 66 82 19 41 83 94 18 5 105 32 85 58 4 30 31 15 91 20 104 8 44 64 125 12 25 129 2 7 53 11 29 86 33 114 130 132 6 22 28 51 77 88 56 109 48 79 55 97 27 92 75 26 10 89 111 
