1 1 
2 1 2 
3 1 2 3 
4 1 2 3 4 
5 1 2 5 3 4 
6 1 6 2 5 3 4 
7 1 6 2 5 3 4 
8 1 6 2 5 3 4 8 
9 1 6 2 5 3 4 8 
10 1 6 2 5 10 3 4 8 
11 1 6 2 5 10 3 11 4 8 
12 1 6 2 5 10 3 11 12 4 8 
13 1 6 2 5 10 3 11 13 12 4 8 
14 1 6 2 5 10 3 11 13 12 14 4 8 
15 1 6 2 5 10 3 11 13 12 14 4 8 
16 1 6 10 3 11 4 2 5 13 12 14 16 8 
17 1 6 10 17 3 11 4 2 5 13 12 14 16 8 
18 1 6 18 10 17 3 11 4 2 5 13 12 14 16 8 
19 1 6 18 10 17 3 11 4 19 2 5 13 12 14 16 8 
20 1 6 18 10 20 17 3 11 4 19 2 5 13 12 14 16 8 
21 1 6 18 10 20 17 3 11 4 21 19 2 5 13 12 14 16 8 
22 22 1 6 18 10 20 17 3 11 4 21 19 2 5 13 12 14 16 8 
23 22 1 6 18 10 20 17 3 11 4 21 19 2 23 5 13 12 14 16 8 
24 22 1 6 18 10 20 17 3 11 4 21 19 2 23 5 24 13 12 14 16 8 
25 22 1 6 18 10 20 17 3 11 4 21 19 2 23 5 24 13 12 14 16 8 25 
26 22 1 6 18 10 20 17 3 11 26 4 21 19 2 23 5 24 13 12 14 16 8 25 
27 22 1 6 18 10 20 17 3 11 26 4 21 19 2 23 5 24 13 12 14 16 8 25 
28 22 1 6 18 10 20 17 3 11 26 4 21 19 2 23 5 24 13 12 14 16 8 25 
29 1 6 2 5 3 29 4 8 
30 1 6 2 5 3 29 4 8 
31 1 6 2 5 3 29 4 8 31 
32 1 6 2 5 3 29 4 8 31 
33 1 6 2 5 3 29 4 8 33 31 
34 1 6 2 5 3 29 4 8 33 31 34 
35 1 6 2 5 3 29 4 8 35 33 31 34 
36 1 6 3 4 35 34 36 2 5 29 8 33 31 
37 1 6 37 3 4 35 34 36 2 5 29 8 33 31 
38 1 6 37 3 4 35 34 36 2 5 29 8 33 31 
39 1 6 37 3 4 35 34 36 39 2 5 29 8 33 31 
40 1 6 37 3 4 35 34 36 39 40 2 5 29 8 33 31 
41 1 6 37 3 4 35 41 34 36 39 40 2 5 29 8 33 31 
42 1 6 37 42 3 4 35 41 34 36 39 40 2 5 29 8 33 31 
43 1 6 37 42 43 3 4 35 41 34 36 39 40 2 5 29 8 33 31 
44 1 6 37 42 43 44 3 4 35 41 34 36 39 40 2 5 29 8 33 31 
45 1 6 37 42 43 44 45 3 4 35 41 34 36 39 40 2 5 29 8 33 31 
46 1 6 37 42 43 44 45 3 46 4 35 41 34 36 39 40 2 5 29 8 33 31 
47 1 6 37 42 43 44 45 3 46 4 35 41 34 36 39 40 2 5 29 8 33 47 31 
48 48 1 6 37 42 43 44 45 3 46 4 35 41 34 36 39 40 2 5 29 8 33 47 31 
49 48 37 42 44 45 4 35 36 39 29 33 47 1 6 43 3 46 49 41 34 40 2 5 8 31 
50 48 37 42 44 45 4 35 36 39 29 33 47 1 6 43 3 46 49 41 34 40 2 5 8 31 
51 48 37 42 44 45 4 35 36 39 29 33 47 1 6 43 3 46 49 41 34 40 2 5 8 31 
52 1 6 2 5 3 29 52 4 8 31 
53 1 6 2 5 3 29 52 4 8 31 
54 1 6 2 5 3 29 52 4 8 31 
