1 1 
2 1 2 
3 1 3 2 
4 1 4 3 2 
5 1 4 3 2 
6 1 4 3 2 
7 7 1 4 3 2 
8 7 1 4 3 2 
9 9 7 1 4 3 2 
10 9 7 1 4 3 2 
11 9 7 1 4 3 2 
12 9 7 1 4 12 3 2 
13 9 7 1 4 13 12 3 2 
14 9 7 1 4 13 12 3 14 2 
15 9 7 1 4 13 12 3 15 14 2 
16 9 7 1 4 13 12 16 3 15 14 2 
17 9 7 1 4 13 12 16 3 15 14 2 
18 9 18 7 1 4 13 12 16 3 15 14 2 
19 9 18 19 7 1 4 13 12 16 3 14 2 
20 9 18 7 4 12 16 3 20 14 19 1 13 15 2 
21 9 18 7 4 12 16 3 20 14 19 1 13 21 15 2 
22 9 18 7 4 12 16 3 20 14 19 1 13 21 15 2 
23 9 18 7 4 12 16 3 20 14 19 1 13 21 23 15 2 
24 9 18 7 4 12 16 3 14 19 24 1 13 21 23 15 2 
25 9 18 7 4 12 16 3 20 14 19 24 25 1 13 21 23 15 2 
26 9 18 7 4 12 16 3 20 14 19 24 26 25 1 13 21 23 15 2 
27 9 18 7 27 4 12 16 3 20 14 19 24 26 25 1 13 21 23 15 2 
28 9 18 7 27 4 12 16 3 20 14 19 24 26 25 1 13 21 23 15 28 2 
29 9 18 7 27 4 12 16 3 20 14 19 24 26 25 1 13 21 23 29 15 28 2 
30 9 18 7 27 4 12 16 3 20 14 19 24 26 25 1 13 21 23 29 15 28 2 
31 9 18 7 27 4 12 31 16 3 20 14 19 24 26 25 1 13 21 23 29 15 28 2 
32 9 18 7 27 4 12 31 16 3 20 14 19 24 26 25 1 13 21 23 29 15 28 2 
33 9 18 7 27 4 12 31 16 3 20 14 33 19 24 26 25 1 13 21 23 29 15 28 2 
34 9 18 7 27 4 12 31 16 3 20 14 33 19 24 26 25 1 13 21 23 29 15 28 2 
35 9 18 7 27 4 12 31 16 3 20 14 33 19 24 26 25 1 13 21 23 29 15 28 2 
36 9 18 27 4 3 20 33 19 25 1 13 29 36 2 7 12 31 16 14 24 26 21 23 15 28 
37 9 18 27 4 3 20 33 19 25 1 13 29 36 2 7 12 31 16 14 24 26 21 23 15 28 
38 9 18 27 4 3 20 33 19 25 1 13 29 36 2 7 12 31 16 14 24 26 21 23 15 28 
39 9 18 27 4 3 20 33 19 25 1 13 29 36 2 7 12 31 16 14 24 26 21 23 15 28 
40 9 18 27 4 3 20 33 19 25 1 13 29 36 2 7 12 31 16 14 24 26 21 23 15 28 
41 9 18 27 4 3 20 33 19 25 1 13 29 36 2 7 12 31 16 14 24 26 21 23 15 28 
