1 1 
2 1 2 
3 3 1 2 
4 3 1 2 4 
5 5 3 1 2 4 
6 5 3 1 2 4 
7 5 3 7 1 2 4 
8 5 8 3 7 1 2 4 
9 5 9 8 3 7 1 2 4 
10 5 9 8 3 7 1 2 4 
11 5 9 11 8 3 7 1 2 4 
12 15 5 9 13 11 8 3 7 1 2 4 
13 15 5 9 13 11 8 3 7 1 2 4 
14 15 5 9 13 11 8 3 7 1 2 4 
15 15 5 9 13 8 3 7 1 2 4 
16 15 5 9 13 8 3 7 1 2 4 
17 15 5 9 13 11 8 3 7 1 2 4 
18 15 9 13 11 8 3 7 1 2 4 18 
19 15 9 13 11 8 3 7 1 2 4 18 
20 5 3 1 2 4 20 
21 5 3 21 1 2 4 20 
22 5 3 21 1 2 4 20 
23 5 23 3 21 1 2 4 20 
24 5 23 3 21 1 2 4 20 
25 5 23 3 21 1 2 4 20 
26 5 23 26 3 21 1 2 4 20 
27 27 5 23 26 3 21 1 2 4 20 
28 27 5 23 26 3 28 21 1 2 4 20 
29 27 5 23 26 3 28 21 1 2 4 29 20 
30 27 26 21 4 29 5 23 3 30 28 1 2 20 
31 27 26 21 4 29 23 31 3 30 28 1 2 20 
32 27 26 21 4 29 23 31 3 30 28 1 2 20 
33 5 23 3 33 21 1 2 4 20 
34 5 23 3 33 34 21 1 2 4 20 
35 23 3 33 34 35 21 1 2 4 20 
36 23 3 33 34 35 21 1 2 4 20 
37 5 23 3 37 21 1 2 4 20 
38 5 38 23 3 37 21 1 2 4 20 
39 39 5 38 23 3 37 21 1 2 4 20 
40 39 5 38 23 40 3 37 21 1 2 4 20 
41 40 21 41 4 39 5 38 23 3 37 1 2 20 
42 40 21 41 42 4 39 5 38 23 3 37 1 2 20 
43 40 43 21 41 42 4 39 5 38 23 3 37 1 2 20 
44 40 43 44 21 41 42 4 39 5 38 23 3 37 1 2 20 
45 45 40 43 44 21 41 42 4 39 5 38 23 3 37 1 2 20 
46 45 40 46 43 44 21 41 42 4 39 5 38 23 3 37 1 2 20 
47 45 40 46 43 44 21 41 42 4 39 5 38 23 47 3 37 1 2 20 
48 45 40 46 43 48 44 21 41 42 4 39 5 38 23 47 3 37 1 2 20 
49 45 40 46 43 48 44 21 41 42 49 4 39 38 23 47 3 37 1 2 20 
50 9 46 48 33 34 41 49 4 39 23 13 11 3 30 37 35 20 45 27 15 40 43 8 26 44 21 42 29 18 5 38 47 31 7 28 1 2 
