1 1 
2 2 1 
3 2 1 
4 2 1 
5 2 5 1 
6 2 5 1 
7 2 5 1 
8 2 5 1 8 
9 2 9 5 1 8 
10 2 10 9 5 1 8 
11 2 10 9 5 1 8 11 
12 2 10 9 5 1 8 11 
13 2 10 9 5 1 8 11 
14 2 10 9 5 1 8 11 14 
15 2 15 10 9 5 1 8 11 14 
16 2 15 10 9 5 16 1 8 11 14 
17 2 15 10 9 5 16 1 8 11 14 
18 2 15 10 9 5 16 1 8 11 14 
19 2 15 10 9 5 16 1 8 19 11 14 
20 2 15 10 9 5 16 1 8 19 11 14 20 
21 15 10 16 21 1 11 2 9 5 8 19 14 20 
22 15 10 16 21 1 11 2 9 5 8 19 14 20 
23 15 10 16 21 1 11 2 9 5 8 19 14 20 
24 15 10 16 24 21 1 11 2 9 5 8 19 14 20 
25 15 10 16 24 21 1 11 25 2 9 5 8 19 14 20 
26 15 10 16 24 21 1 11 25 2 26 9 5 8 19 14 20 
27 15 10 16 24 21 1 11 25 2 26 9 5 8 19 14 20 
28 15 10 16 24 21 1 11 25 2 26 9 5 8 19 14 20 
29 15 10 29 16 24 21 1 11 25 2 26 9 5 8 19 14 20 
30 15 10 29 16 24 21 1 11 25 2 26 30 9 5 8 19 14 20 
31 15 10 29 16 24 21 1 11 31 25 2 26 30 9 5 8 19 14 20 
32 15 10 29 16 24 21 1 11 31 25 2 26 30 9 5 8 19 14 20 
33 15 10 29 16 24 21 1 11 31 25 2 26 30 9 5 8 19 14 20 
34 15 10 29 16 24 21 1 11 31 25 2 26 30 9 5 34 8 19 14 20 
35 15 10 29 16 24 21 1 11 31 25 2 26 30 9 5 35 34 8 19 14 20 
36 15 10 29 16 24 21 1 11 31 25 2 26 30 9 5 35 36 34 8 19 14 20 
37 15 10 29 16 24 21 1 11 31 25 2 26 30 9 5 35 36 34 8 19 14 20 
38 15 10 29 16 24 21 1 11 31 25 2 26 30 9 5 35 36 34 8 19 14 20 
39 15 10 29 16 24 21 1 11 31 25 2 26 30 9 5 35 36 34 39 8 19 14 20 
40 15 10 40 29 16 24 21 1 11 31 25 2 26 30 9 5 35 36 34 39 8 19 14 20 
41 15 29 24 21 1 11 31 25 2 9 5 35 34 39 19 10 40 16 26 30 41 36 8 14 20 
42 15 29 24 21 1 11 31 25 2 9 5 35 34 39 19 10 40 16 26 30 41 36 8 14 20 
43 15 29 24 21 1 11 31 25 2 9 5 35 34 39 19 10 40 16 26 30 41 36 8 14 20 
44 15 29 24 21 1 11 31 25 2 9 5 35 34 39 19 10 40 16 26 30 41 36 8 14 20 44 
45 15 29 24 21 1 11 31 25 2 9 45 5 35 34 39 19 10 40 16 26 30 41 36 8 14 20 44 
46 15 29 24 21 1 11 31 25 2 9 45 5 35 34 39 19 46 10 40 16 26 30 41 36 8 14 20 44 
47 15 29 24 21 1 11 31 25 2 9 45 5 35 34 39 19 46 10 40 16 26 30 41 36 8 14 20 44 
48 15 29 24 21 1 11 31 25 2 9 45 5 35 34 39 19 46 10 40 16 26 30 41 36 8 14 20 44 
49 15 29 24 21 1 11 31 49 25 2 9 45 5 35 34 39 19 46 10 40 16 26 30 41 36 8 14 20 44 
50 15 29 24 21 1 11 31 49 25 2 50 9 45 5 35 34 39 19 46 10 40 16 26 30 41 36 8 14 20 44 
51 15 29 24 21 1 11 31 49 25 2 50 9 45 5 35 34 39 19 51 46 10 40 16 26 30 41 36 8 14 20 44 
52 15 29 24 21 1 11 31 49 25 2 50 9 45 5 35 34 39 19 51 46 10 40 16 26 30 41 36 8 14 20 44 
53 15 29 24 21 1 11 31 49 25 2 50 9 45 5 35 34 39 19 51 46 10 40 16 26 30 41 36 8 14 20 44 
54 15 29 24 21 1 11 31 49 25 2 50 9 45 5 35 34 39 19 51 46 10 40 16 26 30 41 36 8 14 20 44 54 
55 55 15 29 24 21 1 11 31 49 25 2 50 9 45 5 35 34 39 19 51 46 10 40 16 26 30 41 36 8 14 20 44 54 
56 55 15 29 24 21 1 11 31 49 25 2 50 9 45 5 35 34 39 19 51 46 10 40 16 56 26 30 41 36 8 14 20 44 54 
57 55 15 29 24 21 1 11 31 49 25 2 50 9 45 5 35 34 39 19 51 46 10 40 16 56 26 30 41 36 8 14 20 44 54 
58 55 15 29 24 21 1 11 31 49 25 2 50 9 45 5 35 34 39 19 51 46 10 40 16 56 26 30 41 36 8 14 20 44 54 
59 55 15 29 24 21 1 11 31 49 25 2 50 9 45 5 35 34 39 19 51 46 10 40 16 56 26 30 41 36 8 14 20 44 59 54 
60 55 15 29 24 21 1 11 31 49 25 2 50 9 45 5 35 34 39 19 51 46 10 40 16 56 26 30 41 60 36 8 14 20 44 59 54 
61 55 15 29 61 24 21 1 11 31 49 25 2 50 9 45 5 35 34 39 19 51 46 10 40 16 56 26 30 41 60 36 8 14 20 44 59 54 
62 55 15 29 61 24 21 1 11 31 49 25 2 50 9 45 5 35 34 39 19 51 46 10 40 16 56 26 30 41 60 36 8 14 20 44 59 54 
63 55 15 29 61 24 21 1 11 31 49 25 2 50 9 45 5 35 34 39 19 51 46 10 40 16 56 26 30 41 60 36 8 14 20 44 59 54 
64 55 15 64 29 61 24 21 1 11 31 49 25 2 50 9 45 5 35 34 39 19 51 46 10 40 16 56 26 30 41 60 36 8 14 20 44 59 54 
65 55 15 64 29 61 24 21 1 11 31 49 25 2 50 9 45 5 35 34 39 19 51 46 10 40 16 65 56 26 30 41 60 36 8 14 20 44 59 54 
66 55 15 64 29 61 24 21 1 11 31 49 25 2 50 9 45 5 35 34 66 39 19 51 46 10 40 16 65 56 26 30 41 60 36 8 14 20 44 59 54 
67 55 15 64 29 61 24 21 1 11 31 49 25 2 50 9 45 5 35 34 66 39 19 51 46 10 40 16 65 56 26 30 41 60 36 8 14 20 44 59 54 
68 55 15 64 29 61 24 21 1 11 31 49 25 2 50 9 45 5 35 34 66 39 19 51 46 10 40 16 65 56 26 30 41 60 36 8 14 20 44 59 54 
69 55 15 64 69 29 61 24 21 1 11 31 49 25 2 50 9 45 5 35 34 66 39 19 51 46 10 40 16 65 56 26 30 41 60 36 8 14 20 44 59 54 
70 55 15 64 69 29 70 61 24 21 1 11 31 49 25 2 50 9 45 5 35 34 66 39 19 51 46 10 40 16 65 56 26 30 41 60 36 8 14 20 44 59 54 
71 55 15 64 69 29 70 61 24 21 1 11 31 49 25 2 50 9 45 5 35 34 66 39 19 51 46 10 40 16 71 65 56 26 30 41 60 36 8 14 20 44 59 54 
72 55 15 64 69 29 70 61 24 21 1 11 31 49 25 2 50 9 45 5 35 34 66 39 19 51 46 10 40 16 71 65 56 26 30 41 60 36 8 14 20 44 59 54 
73 55 15 64 69 29 70 61 24 21 1 11 31 49 25 2 50 9 45 5 35 34 66 39 19 51 46 10 40 16 71 65 56 26 30 41 60 36 8 14 20 44 59 54 
74 55 15 64 69 29 70 61 24 21 1 11 31 49 25 2 50 9 45 5 35 74 34 66 39 19 51 46 10 40 16 71 65 56 26 30 41 60 36 8 14 20 44 59 54 
75 55 15 64 69 29 70 61 24 21 1 11 31 49 25 2 50 9 45 5 35 74 34 66 39 19 51 46 75 10 40 16 71 65 56 26 30 41 60 36 8 14 20 44 59 54 
76 55 15 64 69 29 70 61 24 21 1 11 31 49 25 2 50 9 45 5 35 74 34 66 39 19 51 46 75 10 40 16 71 65 56 26 30 41 60 76 36 8 14 20 44 59 54 
77 55 15 64 69 29 70 61 24 21 1 11 31 49 25 2 50 9 45 5 35 74 34 66 39 19 51 46 75 10 40 16 71 65 56 26 30 41 60 76 36 8 14 20 44 59 54 
78 55 15 64 69 29 70 61 24 21 1 11 31 49 25 2 50 9 45 5 35 74 34 66 39 19 51 46 75 10 40 16 71 65 56 26 30 41 60 76 36 8 14 20 44 59 54 
79 55 15 64 69 29 70 61 24 21 1 11 31 49 25 2 50 9 45 5 35 74 34 66 39 19 51 46 75 10 40 16 71 65 56 26 30 41 60 79 76 36 8 14 20 44 59 54 
80 55 15 64 69 29 70 61 24 21 1 11 31 49 25 2 50 9 45 5 35 74 34 66 39 19 51 46 75 10 40 16 71 65 80 56 26 30 41 60 79 76 36 8 14 20 44 59 54 
81 55 64 29 61 11 31 49 2 9 45 34 51 46 75 40 16 71 65 56 26 76 8 44 15 69 70 24 21 1 25 81 50 5 35 74 66 39 19 10 80 30 41 60 79 36 14 20 59 54 
82 55 64 29 61 11 31 49 2 9 45 34 51 46 75 40 16 71 65 56 26 76 8 44 15 69 70 24 21 1 25 81 50 5 35 74 66 39 19 10 80 30 41 60 79 36 14 20 59 54 
83 55 64 29 61 11 31 49 2 9 45 34 51 46 75 40 16 71 65 56 26 76 8 44 15 69 70 24 21 1 25 81 50 5 35 74 66 39 19 10 80 30 41 60 79 36 14 20 59 54 
84 55 64 29 61 11 31 49 2 9 45 34 51 46 75 40 16 71 65 56 26 84 76 8 44 15 69 70 24 21 1 25 81 50 5 35 74 66 39 19 10 80 30 41 60 79 36 14 20 59 54 
85 55 64 29 61 11 31 49 2 9 45 34 51 46 75 40 16 71 65 56 26 84 76 85 8 44 15 69 70 24 21 1 25 81 50 5 35 74 66 39 19 10 80 30 41 60 79 36 14 20 59 54 
86 55 64 29 61 11 31 49 2 9 45 34 51 46 75 86 40 16 71 65 56 26 84 76 85 8 44 15 69 70 24 21 1 25 81 50 5 35 74 66 39 19 10 80 30 41 60 79 36 14 20 59 54 
87 55 64 29 61 11 31 49 2 9 45 34 51 46 75 86 40 16 71 65 56 26 84 76 85 8 44 15 69 70 24 21 1 25 81 50 5 35 74 66 39 19 10 80 30 41 60 79 36 14 20 59 54 
88 55 64 29 61 11 31 49 2 9 45 34 51 46 75 86 40 16 71 65 56 26 84 76 85 8 44 15 69 70 24 21 1 25 81 50 5 35 74 66 39 19 10 80 30 41 60 79 36 14 20 59 54 
89 55 64 29 61 11 31 49 2 9 45 34 51 46 75 86 40 16 71 65 56 26 84 76 85 8 44 89 15 69 70 24 21 1 25 81 50 5 35 74 66 39 19 10 80 30 41 60 79 36 14 20 59 54 
90 55 64 29 61 11 31 49 2 9 45 34 51 46 75 86 40 16 71 65 56 26 84 76 85 8 44 89 90 15 69 70 24 21 1 25 81 50 5 35 74 66 39 19 10 80 30 41 60 79 36 14 20 59 54 
91 55 91 64 29 61 11 31 49 2 9 45 34 51 46 75 86 40 16 71 65 56 26 84 76 85 8 44 89 90 15 69 70 24 21 1 25 81 50 5 35 74 66 39 19 10 80 30 41 60 79 36 14 20 59 54 
92 55 91 64 29 61 11 31 49 2 9 45 34 51 46 75 86 40 16 71 65 56 26 84 76 85 8 44 89 90 15 69 70 24 21 1 25 81 50 5 35 74 66 39 19 10 80 30 41 60 79 36 14 20 59 54 
93 55 91 64 29 61 11 31 49 2 9 45 34 51 46 75 86 40 16 71 65 56 26 84 76 85 8 44 89 90 15 69 70 24 21 1 25 81 50 5 35 74 66 39 19 10 80 30 41 60 79 36 14 20 59 54 
94 55 91 64 29 61 11 31 49 2 9 45 34 51 46 75 86 40 16 71 65 56 26 84 76 85 8 44 89 90 15 69 70 24 21 1 25 81 50 94 5 35 74 66 39 19 10 80 30 41 60 79 36 14 20 59 54 
95 55 91 64 95 29 61 11 31 49 2 9 45 34 51 46 75 86 40 16 71 65 56 26 84 76 85 8 44 89 90 15 69 70 24 21 1 25 81 50 94 5 35 74 66 39 19 10 80 30 41 60 79 36 14 20 59 54 
96 55 91 64 95 29 61 11 31 49 2 9 45 34 51 46 75 86 40 16 71 65 56 26 84 76 85 8 44 89 90 15 69 70 24 21 1 25 81 50 94 5 35 74 66 39 19 96 10 80 30 41 60 79 36 14 20 59 54 
97 55 91 64 95 29 61 11 31 49 2 9 45 34 51 46 75 86 40 16 71 65 56 26 84 76 85 8 44 89 90 15 69 70 24 21 1 25 81 50 94 5 35 74 66 39 19 96 10 80 30 41 60 79 36 14 20 59 54 
98 55 91 64 95 29 61 11 31 49 2 9 45 34 51 46 75 86 40 16 71 65 56 26 84 76 85 8 44 89 90 15 69 70 24 21 1 25 81 50 94 5 35 74 66 39 19 96 10 80 30 41 60 79 36 14 20 59 54 
99 55 91 64 95 29 61 99 11 31 49 2 9 45 34 51 46 75 86 40 16 71 65 56 26 84 76 85 8 44 89 90 15 69 70 24 21 1 25 81 50 94 5 35 74 66 39 19 96 10 80 30 41 60 79 36 14 20 59 54 
100 55 91 64 95 29 61 99 11 31 49 2 9 45 100 34 51 46 75 86 40 16 71 65 56 26 84 76 85 8 44 89 90 15 69 70 24 21 1 25 81 50 94 5 35 74 66 39 19 96 10 80 30 41 60 79 36 14 20 59 54 
101 55 91 64 95 29 61 99 11 31 49 2 9 45 100 34 51 46 75 86 40 16 71 65 56 26 84 76 85 8 44 89 90 15 69 101 70 24 21 1 25 81 50 94 5 35 74 66 39 19 96 10 80 30 41 60 79 36 14 20 59 54 
102 55 91 64 95 29 61 99 11 31 49 2 9 45 100 34 51 46 75 86 40 16 71 65 56 26 84 76 85 8 44 89 90 15 69 101 70 24 21 1 25 81 50 94 5 35 74 66 39 19 96 10 80 30 41 60 79 36 14 20 59 54 
103 55 91 64 95 29 61 99 11 31 49 2 9 45 100 34 51 46 75 86 40 16 71 65 56 26 84 76 85 8 44 89 90 15 69 101 70 24 21 1 25 81 50 94 5 35 74 66 39 19 96 10 80 30 41 60 79 36 14 20 59 54 
104 55 91 64 95 29 61 99 11 31 49 2 9 45 100 34 51 46 75 86 40 16 71 65 56 26 84 76 85 8 44 89 90 15 69 101 70 24 21 1 25 81 50 94 5 35 74 66 39 19 104 96 10 80 30 41 60 79 36 14 20 59 54 
105 55 91 64 95 29 61 99 11 31 49 2 9 45 100 34 51 46 75 86 40 16 71 65 56 26 84 76 85 8 44 89 90 15 69 101 70 24 21 1 25 81 50 105 94 5 35 74 66 39 19 104 96 10 80 30 41 60 79 36 14 20 59 54 
106 55 91 64 95 29 61 99 11 31 49 2 9 45 100 34 51 46 75 86 40 16 71 65 56 26 84 76 85 8 44 89 90 15 69 101 70 24 21 1 106 25 81 50 105 94 5 35 74 66 39 19 104 96 10 80 30 41 60 79 36 14 20 59 54 
107 55 91 64 95 29 61 99 11 31 49 2 9 45 100 34 51 46 75 86 40 16 71 65 56 26 84 76 85 8 44 89 90 15 69 101 70 24 21 1 106 25 81 50 105 94 5 35 74 66 39 19 104 96 10 80 30 41 60 79 36 14 20 59 54 
108 55 91 64 95 29 61 99 11 31 49 2 9 45 100 34 51 46 75 86 40 16 71 65 56 26 84 76 85 8 44 89 90 15 69 101 70 24 21 1 106 25 81 50 105 94 5 35 74 66 39 19 104 96 10 80 30 41 60 79 36 14 20 59 54 
109 55 91 64 95 29 61 99 11 31 49 2 9 45 100 34 51 46 75 86 40 16 71 65 56 26 84 76 85 8 44 89 90 15 69 101 70 24 21 1 106 25 81 50 105 94 5 35 74 66 39 19 104 109 96 10 80 30 41 60 79 36 14 20 59 54 
110 55 91 64 95 29 61 99 11 31 49 2 9 45 110 100 34 51 46 75 86 40 16 71 65 56 26 84 76 85 8 44 89 90 15 69 101 70 24 21 1 106 25 81 50 105 94 5 35 74 66 39 19 104 109 96 10 80 30 41 60 79 36 14 20 59 54 
111 55 91 64 95 29 61 99 11 31 49 2 9 45 110 100 34 51 46 75 86 40 16 71 65 56 26 84 76 85 111 8 44 89 90 15 69 101 70 24 21 1 106 25 81 50 105 94 5 35 74 66 39 19 104 109 96 10 80 30 41 60 79 36 14 20 59 54 
112 55 91 64 95 29 61 99 11 31 49 2 9 45 110 100 34 51 46 75 86 40 16 71 65 56 26 84 76 85 111 8 44 89 90 15 69 101 70 24 21 1 106 25 81 50 105 94 5 35 74 66 39 19 104 109 96 10 80 30 41 60 79 36 14 20 59 54 
113 55 91 64 95 29 61 99 11 31 49 2 9 45 110 100 34 51 46 75 86 40 16 71 65 56 26 84 76 85 111 8 44 89 90 15 69 101 70 24 21 1 106 25 81 50 105 94 5 35 74 66 39 19 104 109 96 10 80 30 41 60 79 36 14 20 59 54 
114 55 91 64 95 29 61 99 11 31 49 2 9 45 110 100 34 51 46 75 86 40 16 71 65 56 26 84 76 85 111 8 44 89 90 15 69 101 70 24 21 1 106 25 81 50 105 94 5 35 74 66 39 19 104 109 96 10 114 80 30 41 60 79 36 14 20 59 54 
115 55 91 64 95 29 61 99 11 31 49 2 9 45 110 100 34 51 46 75 86 40 16 71 65 56 26 84 76 85 111 8 44 89 90 15 115 69 101 70 24 21 1 106 25 81 50 105 94 5 35 74 66 39 19 104 109 96 10 114 80 30 41 60 79 36 14 20 59 54 
116 55 91 64 95 29 61 99 11 31 49 2 9 45 110 100 34 51 46 75 86 40 16 71 65 56 26 84 76 85 111 8 44 89 90 15 115 69 101 70 24 116 21 1 106 25 81 50 105 94 5 35 74 66 39 19 104 109 96 10 114 80 30 41 60 79 36 14 20 59 54 
117 55 91 64 95 29 61 99 11 31 49 2 9 45 110 100 34 51 46 75 86 40 16 71 65 56 26 84 76 85 111 8 44 89 90 15 115 69 101 70 24 116 21 1 106 25 81 50 105 94 5 35 74 66 39 19 104 109 96 10 114 80 30 41 60 79 36 14 20 59 54 
118 55 91 64 95 29 61 99 11 31 49 2 9 45 110 100 34 51 46 75 86 40 16 71 65 56 26 84 76 85 111 8 44 89 90 15 115 69 101 70 24 116 21 1 106 25 81 50 105 94 5 35 74 66 39 19 104 109 96 10 114 80 30 41 60 79 36 14 20 59 54 
119 55 91 64 95 29 61 99 11 31 119 49 2 9 45 110 100 34 51 46 75 86 40 16 71 65 56 26 84 76 85 111 8 44 89 90 15 115 69 101 70 24 116 21 1 106 25 81 50 105 94 5 35 74 66 39 19 104 109 96 10 114 80 30 41 60 79 36 14 20 59 54 
120 55 91 64 95 29 61 99 11 31 119 49 2 9 45 110 100 34 51 120 46 75 86 40 16 71 65 56 26 84 76 85 111 8 44 89 90 15 115 69 101 70 24 116 21 1 106 25 81 50 105 94 5 35 74 66 39 19 104 109 96 10 114 80 30 41 60 79 36 14 20 59 54 
121 55 91 64 95 29 61 99 11 31 119 49 2 9 45 110 100 34 51 120 46 75 86 40 16 71 65 56 26 84 76 85 111 8 44 89 90 15 115 69 101 70 24 116 21 1 106 25 81 50 105 94 5 35 74 66 39 19 104 109 96 10 114 80 30 41 60 79 36 14 20 59 54 
122 55 91 64 95 29 61 99 11 31 119 49 2 9 45 110 100 34 51 120 46 75 86 40 16 71 65 56 26 84 76 85 111 8 44 89 90 15 115 69 101 70 24 116 21 1 106 25 81 50 105 94 5 35 74 66 39 19 104 109 96 10 114 80 30 41 60 79 36 14 20 59 54 
123 55 91 64 95 29 61 99 11 31 119 49 2 9 45 110 100 34 51 120 46 75 86 40 16 71 65 56 26 84 76 85 111 8 44 89 90 15 115 69 101 70 24 116 21 1 106 25 81 50 105 94 5 35 74 66 39 19 104 109 96 10 114 80 30 41 60 79 36 123 14 20 59 54 
124 55 91 64 95 29 61 99 11 31 119 49 2 9 45 110 100 34 51 120 46 75 86 40 16 71 65 56 26 84 76 85 124 111 8 44 89 90 15 115 69 101 70 24 116 21 1 106 25 81 50 105 94 5 35 74 66 39 19 104 109 96 10 114 80 30 41 60 79 36 123 14 20 59 54 
125 55 91 64 95 29 61 99 11 31 119 49 2 9 45 110 100 34 51 120 46 75 86 40 16 71 65 56 26 84 76 125 85 124 111 8 44 89 90 15 115 69 101 70 24 116 21 1 106 25 81 50 105 94 5 35 74 66 39 19 104 109 96 10 114 80 30 41 60 79 36 123 14 20 59 54 
126 55 91 64 95 29 61 99 11 31 119 49 2 9 45 110 100 34 51 120 46 75 86 40 16 71 65 56 26 84 76 125 85 124 111 8 44 89 90 15 115 69 101 70 24 116 21 1 106 25 81 50 105 94 5 35 74 66 39 19 104 109 96 10 114 80 30 41 60 79 36 123 14 20 59 54 
127 55 91 64 95 29 61 99 11 31 119 49 2 9 45 110 100 34 51 120 46 75 86 40 16 71 65 56 26 84 76 125 85 124 111 8 44 89 90 15 115 69 101 70 24 116 21 1 106 25 81 50 105 94 5 35 74 66 39 19 104 109 96 10 114 80 30 41 60 79 36 123 14 20 59 54 
128 55 91 64 95 29 61 128 99 11 31 119 49 2 9 45 110 100 34 51 120 46 75 86 40 16 71 65 56 26 84 76 125 85 124 111 8 44 89 90 15 115 69 101 70 24 116 21 1 106 25 81 50 105 94 5 35 74 66 39 19 104 109 96 10 114 80 30 41 60 79 36 123 14 20 59 54 
129 55 91 64 95 29 61 128 99 11 31 119 49 2 9 45 110 100 34 51 120 46 75 86 40 16 71 65 56 26 84 76 125 85 124 111 8 44 89 90 15 115 69 101 70 24 116 21 1 106 25 81 50 105 94 5 35 74 66 39 19 104 109 129 96 10 114 80 30 41 60 79 36 123 14 20 59 54 
130 55 91 64 95 29 61 128 99 11 31 119 49 2 9 45 110 100 34 51 120 46 75 86 40 16 71 65 56 26 84 76 125 85 124 111 8 44 89 90 15 115 69 101 70 24 116 21 1 106 25 130 81 50 105 94 5 35 74 66 39 19 104 109 129 96 10 114 80 30 41 60 79 36 123 14 20 59 54 
131 55 91 64 95 29 61 128 99 11 31 119 49 2 9 45 110 100 34 51 120 46 75 86 40 16 71 65 56 26 84 76 125 85 124 111 8 44 89 90 15 115 69 101 70 24 116 21 1 106 25 130 81 50 105 94 5 35 74 66 39 19 104 109 129 96 10 114 80 30 41 60 79 36 123 14 20 59 54 
132 55 91 64 95 29 61 128 99 11 31 119 49 2 9 45 110 100 34 51 120 46 75 86 40 16 71 65 56 26 84 76 125 85 124 111 8 44 89 90 15 115 69 101 70 24 116 21 1 106 25 130 81 50 105 94 5 35 74 66 39 19 104 109 129 96 10 114 80 30 41 60 79 36 123 14 20 59 54 
133 55 91 64 95 29 61 128 99 11 31 119 49 2 9 45 110 100 34 51 120 46 75 86 40 16 71 65 56 26 84 76 125 85 124 111 8 44 89 90 15 115 69 101 70 24 116 21 1 133 106 25 130 81 50 105 94 5 35 74 66 39 19 104 109 129 96 10 114 80 30 41 60 79 36 123 14 20 59 54 
134 55 91 64 95 29 61 128 99 11 31 119 49 2 9 45 110 100 34 51 120 46 134 75 86 40 16 71 65 56 26 84 76 125 85 124 111 8 44 89 90 15 115 69 101 70 24 116 21 1 133 106 25 130 81 50 105 94 5 35 74 66 39 19 104 109 129 96 10 114 80 30 41 60 79 36 123 14 20 59 54 
135 55 91 64 95 29 61 128 99 135 11 31 119 49 2 9 45 110 100 34 51 120 46 134 75 86 40 16 71 65 56 26 84 76 125 85 124 111 8 44 89 90 15 115 69 101 70 24 116 21 1 133 106 25 130 81 50 105 94 5 35 74 66 39 19 104 109 129 96 10 114 80 30 41 60 79 36 123 14 20 59 54 
136 55 91 64 95 29 61 128 99 135 11 31 119 49 2 9 45 110 100 34 51 120 46 134 75 86 40 16 71 65 56 26 84 76 125 85 124 111 8 44 89 90 15 115 69 101 70 24 116 21 1 133 106 25 130 81 50 105 94 5 35 74 66 39 19 104 109 129 96 10 114 80 30 41 60 79 36 123 14 20 59 54 
137 55 91 64 95 29 61 128 99 135 11 31 119 49 2 9 45 110 100 34 51 120 46 134 75 86 40 16 71 65 56 26 84 76 125 85 124 111 8 44 89 90 15 115 69 101 70 24 116 21 1 133 106 25 130 81 50 105 94 5 35 74 66 39 19 104 109 129 96 10 114 80 30 41 60 79 36 123 14 20 59 54 
138 55 91 64 95 29 61 128 99 135 11 31 119 49 2 9 45 110 100 34 51 120 46 134 75 86 40 16 71 65 56 26 84 76 125 85 124 111 138 8 44 89 90 15 115 69 101 70 24 116 21 1 133 106 25 130 81 50 105 94 5 35 74 66 39 19 104 109 129 96 10 114 80 30 41 60 79 36 123 14 20 59 54 
139 55 91 64 95 29 61 128 99 135 11 31 119 49 2 9 45 110 100 34 51 120 46 134 75 86 40 16 71 65 56 26 84 76 125 85 124 111 138 8 44 89 90 15 115 69 101 70 24 116 21 1 133 106 25 130 81 50 105 94 5 35 74 66 39 19 104 109 129 96 10 114 139 80 30 41 60 79 36 123 14 20 59 54 
140 55 91 64 95 29 61 128 99 135 11 31 119 49 2 9 45 110 100 34 51 120 46 134 75 86 40 16 71 65 56 26 84 76 125 85 124 111 138 8 44 89 90 15 115 69 101 70 24 116 21 1 133 106 25 130 81 50 105 94 5 35 74 66 39 19 104 109 129 96 10 114 139 80 30 41 60 79 140 36 123 14 20 59 54 
141 55 91 64 95 29 61 128 99 135 11 31 119 49 2 9 45 110 100 34 51 120 46 134 75 86 40 16 71 65 56 26 84 76 125 85 124 111 138 8 44 89 90 15 115 69 101 70 24 116 21 1 133 106 25 130 81 50 105 94 5 35 74 66 39 19 104 109 129 96 10 114 139 80 30 41 60 79 140 36 123 14 20 59 54 
142 55 91 64 95 29 61 128 99 135 11 31 119 49 2 9 45 110 100 34 51 120 46 134 75 86 40 16 71 65 56 26 84 76 125 85 124 111 138 8 44 89 90 15 115 69 101 70 24 116 21 1 133 106 25 130 81 50 105 94 5 35 74 66 39 19 104 109 129 96 10 114 139 80 30 41 60 79 140 36 123 14 20 59 54 
143 55 91 64 95 29 61 128 99 135 11 31 119 49 2 9 45 110 100 34 51 120 46 134 75 86 40 16 71 65 56 26 84 76 125 85 124 111 138 8 143 44 89 90 15 115 69 101 70 24 116 21 1 133 106 25 130 81 50 105 94 5 35 74 66 39 19 104 109 129 96 10 114 139 80 30 41 60 79 140 36 123 14 20 59 54 
144 55 91 64 95 29 61 128 99 135 11 31 119 49 2 9 45 110 100 34 51 120 46 134 75 86 40 16 71 65 56 26 84 76 125 85 124 111 138 8 143 44 89 90 15 115 69 101 70 24 116 144 21 1 133 106 25 130 81 50 105 94 5 35 74 66 39 19 104 109 129 96 10 114 139 80 30 41 60 79 140 36 123 14 20 59 54 
145 55 91 64 95 29 61 128 99 135 11 31 119 49 2 9 45 110 100 34 51 120 46 134 75 86 40 16 71 65 56 26 84 76 125 85 124 111 138 8 143 44 89 90 145 15 115 69 101 70 24 116 144 21 1 133 106 25 130 81 50 105 94 5 35 74 66 39 19 104 109 129 96 10 114 139 80 30 41 60 79 140 36 123 14 20 59 54 
146 55 91 64 95 29 61 128 99 135 11 31 119 49 2 9 45 110 100 34 51 120 46 134 75 86 40 16 71 65 56 26 84 76 125 85 124 111 138 8 143 44 89 90 145 15 115 69 101 70 24 116 144 21 1 133 106 25 130 81 50 105 94 5 35 74 66 39 19 104 109 129 96 10 114 139 80 30 41 60 79 140 36 123 14 20 59 54 
147 55 91 64 95 29 61 128 99 135 11 31 119 49 2 9 45 110 100 34 51 120 46 134 75 86 40 16 71 65 56 26 84 76 125 85 124 111 138 8 143 44 89 90 145 15 115 69 101 70 24 116 144 21 1 133 106 25 130 81 50 105 94 5 35 74 66 39 19 104 109 129 96 10 114 139 80 30 41 60 79 140 36 123 14 20 59 54 
148 55 91 64 95 29 61 128 99 135 11 31 119 49 2 9 45 110 100 34 51 120 46 134 75 86 40 16 71 65 56 26 84 76 125 85 124 111 138 8 143 44 89 90 145 148 15 115 69 101 70 24 116 144 21 1 133 106 25 130 81 50 105 94 5 35 74 66 39 19 104 109 129 96 10 114 139 80 30 41 60 79 140 36 123 14 20 59 54 
149 55 91 64 95 29 61 128 99 135 11 31 119 49 2 9 45 110 100 34 51 120 46 134 75 86 40 16 71 65 56 26 84 76 125 85 124 111 138 8 143 44 89 90 145 148 15 115 69 101 70 24 116 144 21 1 133 106 25 130 81 50 105 94 5 35 74 66 39 19 104 109 129 96 10 114 139 80 30 41 60 79 140 36 123 14 20 149 59 54 
150 55 91 64 95 29 61 128 99 150 135 11 31 119 49 2 9 45 110 100 34 51 120 46 134 75 86 40 16 71 65 56 26 84 76 125 85 124 111 138 8 143 44 89 90 145 148 15 115 69 101 70 24 116 144 21 1 133 106 25 130 81 50 105 94 5 35 74 66 39 19 104 109 129 96 10 114 139 80 30 41 60 79 140 36 123 14 20 149 59 54 
151 55 91 64 95 29 61 128 99 150 135 11 31 119 49 2 9 45 110 100 34 51 120 46 134 75 86 40 16 71 65 56 26 84 76 125 85 124 111 138 8 143 44 89 90 145 148 15 115 69 101 70 24 116 144 21 1 133 106 25 130 81 50 105 94 5 35 74 66 39 19 104 109 129 96 10 114 139 80 30 41 60 79 140 36 123 14 20 149 59 54 
152 55 91 64 95 29 61 128 99 150 135 11 31 119 49 2 9 45 110 100 34 51 120 46 134 75 86 40 16 71 65 56 26 84 76 125 85 124 111 138 8 143 44 89 90 145 148 15 115 69 101 70 24 116 144 21 1 133 106 25 130 81 50 105 94 5 35 74 66 39 19 104 109 129 96 10 114 139 80 30 41 60 79 140 36 123 14 20 149 59 54 
153 55 91 64 95 29 61 128 99 150 135 11 31 119 49 2 9 45 110 100 34 51 120 46 134 75 153 86 40 16 71 65 56 26 84 76 125 85 124 111 138 8 143 44 89 90 145 148 15 115 69 101 70 24 116 144 21 1 133 106 25 130 81 50 105 94 5 35 74 66 39 19 104 109 129 96 10 114 139 80 30 41 60 79 140 36 123 14 20 149 59 54 
154 55 91 64 95 29 61 128 99 150 135 11 31 119 49 2 9 45 110 100 34 51 120 46 134 75 153 86 40 16 71 65 56 26 84 76 125 85 124 111 138 8 143 44 89 90 145 148 15 115 69 101 70 24 116 144 21 1 133 106 25 130 81 50 105 94 5 35 74 66 39 19 104 109 129 96 10 114 139 80 30 41 60 79 140 36 123 14 20 149 59 154 54 
155 55 91 64 95 29 61 128 99 150 135 11 31 119 49 2 9 45 110 100 34 51 120 46 134 75 153 86 40 16 71 65 56 26 84 76 125 85 124 111 138 8 143 44 89 90 145 148 15 115 69 101 70 24 116 144 21 1 133 106 25 130 81 50 105 94 5 35 74 66 39 19 104 109 129 96 10 114 139 80 155 30 41 60 79 140 36 123 14 20 149 59 154 54 
156 55 91 64 95 29 61 128 99 150 135 11 31 119 49 2 9 45 110 100 34 51 120 46 134 75 153 86 40 16 71 65 56 26 84 76 125 85 124 111 138 8 143 44 89 90 145 148 15 115 69 101 70 24 116 144 21 1 133 106 25 130 81 50 105 94 5 35 74 66 39 19 104 109 129 96 10 114 139 80 155 30 41 60 79 140 36 123 14 20 149 59 154 54 
157 55 91 64 95 29 61 128 99 150 135 11 31 119 49 2 9 45 110 100 34 51 120 46 134 75 153 86 40 16 71 65 56 26 84 76 125 85 124 111 138 8 143 44 89 90 145 148 15 115 69 101 70 24 116 144 21 1 133 106 25 130 81 50 105 94 5 35 74 66 39 19 104 109 129 96 10 114 139 80 155 30 41 60 79 140 36 123 14 20 149 59 154 54 
158 55 91 64 95 29 61 128 99 150 135 11 31 119 49 2 9 45 110 100 34 51 120 46 134 75 153 86 40 16 71 65 56 26 84 76 125 85 124 111 138 8 143 44 89 90 145 148 15 115 69 101 70 24 116 144 21 1 133 106 25 130 81 50 105 94 5 35 74 66 39 19 104 109 129 96 10 114 139 80 155 30 41 60 79 140 36 123 14 20 149 59 154 54 
