1 1 
2 1 2 
3 1 2 
4 1 2 
5 1 2 5 
6 1 2 5 
7 1 2 5 
8 1 2 5 8 
9 1 2 5 8 9 
10 1 10 2 5 8 9 
11 1 10 2 5 8 9 
12 1 10 2 5 8 9 
13 1 13 10 2 5 8 9 
14 1 14 13 10 2 5 8 9 
15 1 14 13 10 2 5 8 9 
16 1 14 13 10 2 5 8 9 
17 1 14 13 10 2 5 8 9 17 
18 18 1 14 13 10 2 5 8 9 17 
19 18 1 14 13 19 10 2 5 8 9 17 
20 18 1 14 13 19 10 2 5 8 9 17 
21 18 1 14 13 19 10 2 5 8 9 17 
22 18 1 14 22 13 19 10 2 5 8 9 17 
23 14 22 13 2 5 8 18 1 19 10 23 9 17 
24 14 22 13 2 5 24 8 18 1 19 10 23 9 17 
25 14 22 13 2 5 24 8 18 1 19 10 23 9 17 
26 14 22 13 2 5 24 8 18 1 19 10 23 9 17 
27 14 22 13 2 5 24 8 18 1 19 10 23 9 17 
