1 1 
2 1 2 
3 1 2 3 
4 1 4 2 3 
5 1 4 2 5 3 
6 6 1 4 2 5 3 
7 6 1 4 2 5 3 
8 8 6 1 4 2 5 3 
9 9 8 6 1 4 2 5 3 
10 9 8 6 1 4 10 2 5 3 
11 9 11 8 6 1 4 10 2 5 3 
12 9 11 12 8 6 1 4 10 2 5 3 
13 9 11 12 8 6 1 4 10 2 5 3 13 
14 9 8 4 10 5 14 11 12 6 1 2 3 13 
15 9 8 4 10 5 14 15 11 12 6 1 2 3 13 
16 9 8 4 10 5 14 15 11 12 6 1 16 2 3 13 
17 9 8 4 10 5 14 15 17 11 12 6 1 16 2 3 13 
18 9 8 18 4 10 5 14 15 17 11 12 6 1 16 2 3 13 
19 9 8 18 4 10 5 14 15 19 17 11 12 6 1 16 2 3 13 
20 9 8 18 4 10 5 14 15 19 20 17 11 12 6 1 16 2 3 13 
21 9 8 18 4 10 5 14 15 19 20 17 11 12 6 1 16 2 3 13 21 
22 9 8 18 4 10 5 14 15 19 20 17 11 12 6 1 16 2 3 13 22 21 
23 9 8 18 4 10 5 14 15 19 20 17 23 11 12 6 1 16 2 3 13 22 21 
24 9 8 18 4 10 24 5 14 15 19 20 17 23 11 12 6 1 16 2 3 13 22 21 
25 9 8 18 4 10 24 5 14 25 15 19 20 17 23 11 12 6 1 16 2 3 13 22 21 
26 9 4 5 25 15 19 1 3 13 22 21 8 26 18 10 24 14 20 17 23 11 12 6 16 2 
27 9 4 5 25 15 19 1 3 13 22 21 8 26 18 10 24 14 20 17 23 11 12 6 16 2 
28 9 4 5 25 15 19 1 3 13 22 21 8 26 18 10 24 14 20 17 23 11 12 28 6 16 2 
29 9 4 5 25 15 19 1 3 13 21 8 26 18 10 24 14 29 20 17 23 11 12 28 6 16 2 
30 9 4 5 25 15 19 1 3 13 22 21 8 26 18 10 24 14 29 20 17 23 11 12 28 6 16 2 30 
31 9 31 4 5 25 15 19 1 3 13 22 21 8 26 18 10 24 14 29 20 17 23 11 12 28 6 16 2 30 
32 9 31 4 5 25 15 19 1 3 13 22 21 8 26 18 10 24 14 29 20 17 23 11 12 28 6 16 2 30 
33 9 31 4 5 25 15 19 1 3 13 22 21 8 26 18 10 24 14 29 20 17 23 11 12 28 33 6 16 2 30 
34 9 31 4 34 5 25 15 19 1 3 13 22 21 8 26 18 10 24 14 29 20 17 23 11 12 28 33 6 16 2 30 
35 9 31 4 35 34 5 25 15 19 1 3 13 21 8 26 18 10 24 14 20 17 23 11 12 28 33 6 16 2 30 
36 9 31 4 35 34 5 25 15 19 36 1 3 13 22 21 8 26 18 10 24 14 29 20 17 23 11 12 28 33 6 16 2 30 
37 9 31 4 35 34 5 25 15 19 36 1 3 13 22 21 8 26 37 18 10 24 14 29 20 17 23 11 12 28 33 6 16 2 30 
38 9 31 4 35 34 5 25 15 19 36 1 3 13 22 21 8 26 37 18 10 24 14 29 20 17 23 11 12 28 33 6 16 2 30 
39 9 31 4 35 34 5 25 15 19 36 1 3 13 22 21 8 26 37 18 10 39 14 29 20 17 23 11 12 28 33 6 16 2 30 
40 9 31 40 4 35 34 5 25 15 19 36 1 3 13 22 21 8 26 37 18 10 24 39 14 29 20 17 23 11 12 28 33 6 16 2 30 
41 9 31 40 4 35 34 5 25 15 19 36 1 3 13 22 21 8 26 37 18 10 24 39 14 29 20 17 23 11 12 28 33 6 16 2 30 
42 9 31 40 4 35 34 5 25 15 19 36 1 3 13 22 21 8 26 37 18 10 24 39 14 29 20 17 23 11 12 28 33 6 16 2 30 
