1 1 
2 2 1 
3 2 1 
4 2 1 4 
5 2 1 5 4 
6 2 1 5 4 6 
7 2 1 5 4 6 7 
8 2 1 5 4 6 7 8 
9 9 2 1 5 4 6 7 8 
10 9 10 2 1 5 4 6 7 8 
11 9 11 10 2 1 5 4 6 7 8 
12 9 11 10 2 1 12 5 4 6 7 8 
13 13 9 11 10 2 1 12 5 4 6 7 8 
14 9 12 14 6 13 11 10 2 1 5 4 7 8 
15 9 12 14 15 6 13 11 10 2 1 5 4 7 8 
16 9 16 12 14 15 6 13 11 10 2 1 5 4 7 8 
17 9 16 12 14 15 6 13 11 10 2 1 17 5 4 7 8 
18 9 16 12 14 15 6 13 11 18 10 2 1 17 5 4 7 8 
19 9 16 12 14 15 6 13 11 18 10 2 1 17 5 4 19 7 8 
20 9 16 12 14 15 6 13 11 18 10 2 1 17 5 4 19 7 8 
