1 1 
2 1 2 
3 1 3 2 
4 1 3 4 2 
5 1 3 4 5 2 
6 35 37 24 18 5 13 26 2 39 7 33 40 19 25 12 3 29 21 27 20 4 16 17 1 22 28 31 10 32 36 14 34 
7 35 37 24 18 5 13 26 2 39 7 33 40 19 25 12 3 29 21 27 20 4 16 17 1 22 28 31 10 32 36 14 34 
8 35 37 24 18 5 13 26 2 39 7 33 40 19 25 12 3 29 21 27 20 4 16 17 1 22 28 31 10 32 36 14 34 
9 35 37 24 18 5 13 26 2 39 7 33 40 19 12 3 29 21 27 20 4 16 17 1 22 28 31 10 32 36 14 34 9 
10 35 37 24 18 5 13 26 2 39 7 33 40 19 12 3 29 21 27 20 4 16 17 1 22 28 31 10 32 36 14 34 9 
11 35 11 37 24 18 5 13 2 39 7 33 40 19 12 3 29 21 27 20 4 16 17 1 22 28 31 10 32 36 14 34 9 
12 35 11 37 24 18 5 13 2 39 7 33 40 19 12 3 29 21 27 20 4 16 17 1 22 28 31 10 32 36 14 34 9 
13 35 11 37 24 18 5 13 2 39 7 33 40 19 12 3 29 21 27 20 4 16 17 1 22 28 31 10 32 36 14 34 9 
14 35 11 37 24 18 5 13 2 39 7 33 40 19 12 3 29 21 27 20 4 16 17 1 22 28 31 10 32 36 34 14 9 
15 35 11 37 24 18 5 13 2 39 7 33 40 19 12 3 29 21 27 20 4 16 17 1 22 28 31 10 32 36 14 34 9 
16 35 11 37 24 18 5 13 2 39 7 33 40 19 12 3 29 21 27 20 4 16 17 1 22 28 31 10 32 36 14 34 9 
17 35 11 37 24 18 5 13 2 39 7 33 40 19 12 3 29 21 27 20 4 16 17 1 22 28 31 10 32 36 14 34 9 
18 35 11 37 24 18 5 13 2 39 7 33 40 19 12 3 29 21 27 20 4 16 17 1 22 28 31 10 32 36 14 34 9 
19 35 11 37 24 18 5 13 2 39 7 33 40 19 12 3 29 21 27 20 4 16 17 1 22 28 31 10 32 36 14 34 9 
20 11 37 24 18 5 13 2 39 7 33 40 19 12 3 29 21 27 20 4 16 17 1 22 28 31 10 32 36 14 34 9 
21 11 37 24 18 5 13 2 39 7 33 40 19 12 3 29 27 21 20 4 16 17 1 22 28 31 10 32 36 14 34 9 
22 11 37 24 18 5 13 2 39 7 33 40 19 12 3 29 21 27 20 4 16 17 1 22 28 31 10 32 36 14 34 9 
23 11 37 24 18 5 13 2 39 7 33 40 19 12 3 29 21 27 20 4 16 17 1 22 28 31 10 32 36 14 34 9 
24 35 11 37 24 18 5 13 26 2 39 7 33 40 19 25 12 3 29 21 27 20 4 16 17 1 22 28 31 10 32 36 14 34 9 
25 35 11 37 24 18 5 13 26 2 39 7 33 40 19 25 12 3 29 21 27 20 4 16 17 1 22 28 31 10 32 36 14 34 
26 35 37 24 18 5 13 26 2 39 7 33 40 19 25 12 3 29 21 27 20 4 16 17 1 22 28 31 10 32 36 14 34 
27 35 37 24 18 5 13 26 2 39 7 33 40 19 25 12 3 29 21 27 20 4 16 17 1 22 28 31 10 32 36 14 34 
28 35 37 24 18 5 13 26 2 39 7 33 40 19 25 12 3 29 21 27 20 4 16 17 1 22 28 31 10 32 36 14 34 
29 35 37 24 18 5 13 26 2 39 7 33 40 19 25 12 3 29 21 27 20 4 16 17 1 22 28 31 10 32 36 14 34 
30 35 37 24 18 5 13 26 2 39 7 33 40 19 25 12 3 29 21 27 20 4 16 17 1 22 28 31 10 32 36 14 34 
31 35 37 24 18 5 13 26 2 39 7 33 40 19 25 12 3 29 21 27 20 4 16 17 1 22 28 31 10 32 36 14 34 
32 35 37 24 18 5 13 26 2 39 7 33 40 19 25 12 3 29 21 27 20 4 16 17 1 22 28 31 10 32 36 14 34 
33 35 37 24 18 5 13 26 2 39 7 40 33 19 25 12 3 29 21 27 20 4 16 17 1 22 28 31 10 32 36 14 34 
34 35 37 24 18 5 13 26 2 39 7 33 40 19 25 12 3 29 21 27 20 4 16 17 1 22 28 31 10 32 36 14 34 
35 35 37 24 18 5 13 26 2 39 7 33 40 19 25 12 3 29 21 27 4 16 17 1 22 28 31 10 32 36 14 34 
36 35 37 24 18 5 13 26 2 39 7 33 40 19 25 12 3 29 21 27 4 16 17 1 22 28 31 10 32 36 14 34 
37 35 37 24 18 5 13 26 2 39 7 33 40 19 25 12 3 29 21 27 4 16 17 1 22 28 31 10 32 36 14 34 
38 35 37 24 18 5 13 26 2 39 7 33 40 19 25 12 3 29 21 27 4 16 17 1 22 28 31 10 32 36 14 34 
39 35 37 24 18 5 13 26 39 7 33 40 19 25 12 3 29 21 27 20 4 16 17 1 22 28 31 10 32 36 14 34 
40 35 37 24 18 13 26 39 7 33 40 19 25 12 3 29 21 27 20 4 16 17 1 22 28 31 10 32 36 14 34 
41 35 37 24 18 13 26 39 7 33 40 19 25 12 3 29 21 27 20 4 16 17 1 22 28 31 10 32 36 14 34 
42 35 37 24 18 5 13 26 2 39 7 33 40 19 25 12 3 29 21 27 20 4 16 17 1 22 28 31 10 32 36 14 34 
