1 1 
2 2 1 
3 2 1 3 
4 2 1 4 3 
5 2 1 4 3 5 
6 2 6 1 4 3 5 
7 2 6 1 4 7 3 5 
8 2 6 1 4 7 3 5 8 
9 2 6 1 4 7 3 5 8 
10 10 2 6 1 4 7 3 5 8 
11 10 2 6 1 4 7 3 5 8 
12 10 2 6 1 4 7 3 5 8 
13 10 2 6 1 4 7 13 3 5 8 
14 10 2 6 1 4 7 13 3 5 8 
15 10 15 2 6 1 4 7 13 3 5 8 
16 10 15 2 6 1 4 7 13 3 5 8 
17 10 15 2 6 1 4 7 13 3 5 17 8 
18 10 15 2 6 1 4 7 13 3 5 17 8 
19 10 15 2 6 1 4 7 13 3 5 17 8 
20 10 15 2 6 1 4 7 13 3 5 17 8 
21 6 4 13 8 10 15 2 21 1 7 3 5 17 
22 6 4 13 8 10 15 2 21 1 7 3 5 17 
23 6 4 13 8 10 15 2 21 1 7 3 5 17 
24 6 4 13 8 10 15 2 21 1 7 3 5 17 
25 6 4 13 8 25 10 15 2 21 1 7 3 5 17 
26 6 4 13 8 25 10 15 2 21 1 7 3 5 17 
27 6 4 13 8 25 10 15 2 21 1 7 3 5 17 
28 28 6 4 13 8 25 10 15 2 21 1 7 3 5 17 
29 28 29 6 4 13 8 25 10 15 2 21 1 7 3 5 17 
30 28 29 30 6 4 13 8 25 10 15 2 21 1 7 3 5 17 
31 28 29 30 6 4 13 8 25 10 15 2 21 1 7 3 5 17 
32 29 30 6 4 13 8 32 25 10 15 2 21 1 7 3 5 17 
33 29 30 6 33 4 13 8 32 25 10 15 2 21 1 7 3 5 17 
34 29 30 6 33 4 13 8 32 25 10 15 2 21 1 7 3 5 17 
35 29 30 6 33 4 13 8 32 25 10 15 2 21 1 7 3 5 17 
36 36 
37 36 
38 29 30 6 33 4 13 8 32 25 10 15 2 21 36 1 7 3 5 17 
