1 1 
2 1 2 
3 1 2 3 
4 1 2 3 4 
5 1 5 2 3 4 
6 1 5 6 2 3 4 
7 1 5 6 2 3 4 
8 1 5 6 2 3 4 
9 1 5 6 2 3 4 9 
10 1 5 6 2 3 4 9 
11 1 5 6 11 2 3 4 9 
12 1 12 5 6 11 2 3 4 9 
13 1 12 5 6 11 2 3 4 9 
14 1 12 5 6 14 11 2 3 4 9 
15 1 12 5 6 14 11 2 3 4 9 15 
16 1 12 5 6 14 16 11 2 3 4 9 15 
17 5 17 6 16 11 15 1 12 14 2 3 4 9 
18 5 17 6 16 11 15 1 12 14 2 3 4 9 
19 5 17 6 16 11 15 1 12 14 19 2 3 4 9 
20 5 17 6 16 11 15 1 12 14 19 2 3 4 9 
21 17 6 16 11 15 1 12 14 21 19 2 3 4 9 
22 5 17 6 16 11 15 1 12 14 21 22 19 2 3 4 9 
23 5 17 6 16 11 15 1 12 14 21 22 19 2 3 4 9 
24 5 17 6 16 11 15 1 12 14 21 22 24 19 2 3 4 9 
25 28 16 45 11 26 12 14 34 48 21 42 19 36 3 4 9 31 30 33 29 40 5 17 6 38 15 41 1 25 22 24 46 44 2 
26 28 16 45 11 26 12 14 34 48 21 42 19 36 3 4 9 31 30 33 29 40 5 17 6 38 15 41 1 25 22 24 46 44 2 
27 28 16 45 11 26 12 14 34 48 21 42 19 36 3 4 9 31 30 33 29 40 5 17 6 38 15 41 1 25 22 24 46 44 2 
28 28 16 45 11 26 12 14 34 48 21 42 19 36 3 4 9 31 30 33 29 40 5 17 6 38 15 41 1 25 22 24 46 44 2 
29 28 16 45 11 26 12 14 34 48 21 42 19 36 3 4 9 31 30 33 40 29 5 17 6 38 15 41 1 25 22 24 46 44 2 
30 28 16 45 11 26 12 14 34 48 21 42 19 36 3 4 9 31 30 33 29 40 5 17 6 38 15 41 1 25 22 24 46 44 2 
31 28 16 45 11 26 12 14 34 48 21 42 19 3 4 9 31 30 33 29 40 5 17 6 38 15 41 1 25 22 24 46 44 2 
32 28 16 45 11 26 12 14 34 48 21 42 19 3 4 9 31 30 33 29 40 5 17 6 38 15 41 1 25 22 24 46 44 2 
33 28 16 45 11 26 12 14 34 48 21 42 19 3 4 9 31 30 33 29 40 5 17 6 38 15 41 1 25 22 24 46 44 2 
34 28 16 45 11 26 12 14 48 34 21 42 19 3 4 9 31 30 33 29 40 5 17 6 38 15 41 1 25 22 24 46 44 2 
35 28 16 45 11 26 12 14 34 48 21 42 19 3 4 9 31 30 33 29 40 5 17 6 38 15 41 1 25 22 24 46 44 2 
36 28 16 45 11 26 12 14 34 48 21 42 19 36 3 4 9 30 33 29 40 5 17 6 38 15 41 1 25 22 24 46 44 2 
37 28 16 45 11 26 12 14 34 48 21 42 19 36 3 4 9 30 33 29 40 5 17 6 38 15 41 1 25 22 24 46 44 2 
38 28 16 45 11 26 12 14 34 48 21 42 19 36 3 4 9 31 30 33 29 40 5 17 6 38 15 41 1 25 22 24 46 2 
39 28 16 45 11 26 12 14 34 48 21 42 19 36 3 4 9 31 30 33 29 40 5 17 6 38 15 41 1 25 22 24 46 2 
40 28 16 45 11 26 12 14 34 48 21 42 19 36 3 4 9 31 30 33 29 40 5 17 6 38 15 41 1 25 22 24 46 2 
41 28 16 45 11 26 12 14 34 48 21 42 19 36 3 4 9 31 30 33 29 40 5 17 6 38 15 41 1 25 22 24 46 2 
42 28 16 45 11 26 12 14 34 48 21 42 19 36 3 4 9 31 30 33 29 40 5 17 6 38 15 41 1 25 22 24 46 2 
43 28 16 45 11 26 12 14 34 48 21 42 19 36 3 4 9 31 30 33 29 40 5 17 6 38 15 41 1 25 22 24 46 2 
44 28 16 45 11 26 12 14 34 48 21 42 19 36 3 4 9 31 30 33 29 40 5 17 6 15 41 1 25 22 24 46 44 2 
45 28 16 45 11 26 12 14 34 48 21 42 19 36 3 4 9 31 30 33 29 40 5 17 6 38 15 41 1 25 22 24 46 44 2 
46 28 16 45 11 26 12 14 34 48 21 42 19 36 3 4 9 31 30 33 29 40 5 17 6 38 15 41 1 25 22 24 46 44 2 
47 28 16 45 11 26 12 14 34 48 21 42 19 36 3 4 9 31 30 33 29 40 5 17 6 38 15 41 1 25 22 24 46 44 2 
48 28 16 45 11 26 12 14 34 48 21 42 19 36 3 4 9 31 30 33 29 40 5 17 6 38 15 41 1 25 22 46 44 2 
49 28 16 45 11 26 12 14 34 48 21 42 19 36 3 4 9 31 30 33 29 40 5 17 6 38 15 41 1 25 22 46 44 2 
50 28 16 45 11 26 12 14 34 48 21 42 19 36 3 4 9 31 30 33 29 40 5 17 6 38 15 41 1 25 22 24 46 44 2 
51 28 16 45 11 26 12 14 34 48 21 42 19 36 3 4 9 31 30 33 29 40 5 17 6 38 15 41 1 25 22 24 46 44 2 
52 28 16 45 11 26 12 14 34 48 21 42 19 36 3 4 9 31 30 33 29 40 5 17 6 38 15 41 1 25 22 24 46 44 2 
