1 1 
2 1 2 
3 3 1 2 
4 3 1 4 2 
5 3 1 4 2 5 
6 3 1 4 6 2 5 
7 7 15 14 6 5 9 10 3 12 1 4 13 2 11 
8 7 15 14 6 5 9 10 3 12 1 4 13 2 11 
9 7 15 14 6 5 9 10 3 12 1 4 13 2 11 
10 7 15 14 6 5 9 10 3 12 1 4 13 2 11 
11 7 15 14 6 5 9 10 3 12 1 4 13 2 11 
12 7 15 14 6 5 9 10 3 12 1 4 13 2 11 
13 7 15 14 6 5 9 10 12 1 4 13 2 11 
14 7 15 14 6 5 9 10 12 1 4 13 2 11 
15 7 10 12 1 15 14 6 13 2 5 9 11 
16 7 10 12 1 15 14 6 13 2 5 9 11 
17 7 15 14 6 5 9 10 3 12 1 4 17 13 2 11 
18 7 15 14 6 5 9 10 3 12 1 4 17 13 2 11 
19 7 15 14 6 5 9 10 3 12 1 4 17 13 2 11 
