1 1 
2 1 2 
3 1 2 3 
4 1 2 3 
5 1 2 3 5 
6 1 2 3 6 5 
7 1 2 7 3 6 5 
8 1 2 7 3 6 5 
9 1 2 7 3 6 5 
10 10 
11 1 2 7 11 10 3 6 5 
12 1 2 7 11 10 3 12 6 5 
13 1 2 7 11 10 13 3 12 6 5 
14 1 2 7 11 10 13 3 12 6 5 
15 1 2 7 11 10 13 3 12 6 5 
16 16 
17 1 17 2 7 11 10 13 16 3 12 6 5 
18 1 2 7 11 13 3 17 10 16 18 12 6 5 
19 1 2 7 11 19 13 3 17 10 16 18 12 6 5 
20 1 2 7 11 19 13 3 17 10 16 18 12 6 5 
21 1 2 7 11 19 13 3 17 10 16 18 12 6 5 
22 22 
23 1 2 7 11 19 13 3 17 10 16 18 22 12 23 6 5 
24 1 2 24 7 11 19 13 3 17 10 16 18 22 12 23 6 5 
25 1 2 24 7 11 19 13 3 25 17 10 16 18 22 12 23 6 5 
26 1 2 24 7 11 19 13 3 25 17 10 16 18 22 12 23 6 5 
27 1 2 24 7 11 19 13 3 25 17 10 16 18 22 12 23 6 5 
28 28 
29 1 2 24 7 11 28 19 13 3 25 17 10 16 18 22 12 23 6 5 
