1 1 
2 2 1 
3 3 2 1 
4 3 2 4 1 
5 5 3 2 4 1 
6 5 3 2 4 1 
7 5 3 2 4 7 1 
8 5 3 2 4 7 1 
9 5 3 2 9 4 7 1 
10 5 3 2 9 4 7 1 
11 5 3 2 9 4 7 1 
12 5 3 2 9 4 12 7 1 
13 5 13 3 2 9 4 12 7 1 
14 5 13 3 2 9 4 12 7 14 1 
15 5 13 15 3 2 9 4 12 7 14 1 
16 13 61 98 111 72 21 23 70 91 93 66 22 116 14 1 45 25 77 89 76 15 114 49 3 9 24 57 108 29 87 55 2 81 4 12 96 105 36 7 31 104 44 84 74 101 28 32 46 95 5 67 33 79 115 107 42 80 88 39 16 63 34 35 85 103 64 68 94 19 26 99 48 92 52 86 54 38 40 97 
17 13 61 98 111 72 21 23 70 91 93 66 22 116 14 1 45 25 77 89 76 15 114 49 3 9 24 57 108 29 87 55 2 81 4 12 96 105 36 7 31 104 44 84 74 101 28 32 46 95 5 67 33 79 115 107 42 80 16 88 39 63 34 35 85 103 64 68 94 19 26 99 48 92 52 86 54 38 40 97 
18 13 61 98 111 72 21 23 70 91 93 66 22 116 14 1 45 25 77 89 76 15 114 49 3 9 24 57 108 29 87 55 2 81 4 12 96 105 36 7 31 104 44 84 74 101 28 32 46 95 5 67 33 79 115 107 42 80 16 88 39 63 34 35 85 103 64 68 94 19 26 99 48 92 52 86 54 38 40 97 
19 13 61 98 111 72 21 23 70 91 93 66 22 116 14 1 45 25 77 89 76 15 114 49 3 9 24 57 108 29 87 55 2 81 4 12 96 105 36 7 31 104 44 84 74 101 28 32 46 95 5 67 33 79 115 107 42 80 16 88 39 63 34 35 85 103 64 68 94 19 26 99 48 92 52 86 54 38 40 97 
20 61 98 111 72 21 23 70 91 93 66 22 116 14 1 45 25 77 89 76 15 114 49 3 9 24 57 108 29 55 2 81 4 12 96 105 36 7 31 104 44 84 74 101 28 32 46 95 5 67 33 79 107 42 80 20 16 88 39 63 34 35 85 103 64 68 94 19 26 99 48 92 52 86 54 38 40 97 
21 13 61 98 111 72 21 23 70 91 93 66 22 116 14 1 45 25 77 89 76 15 114 49 3 9 24 57 108 29 87 55 2 81 4 12 96 105 36 7 31 104 44 84 74 101 28 32 46 95 5 67 33 79 115 107 42 80 20 16 88 39 63 34 35 85 103 64 68 94 19 26 99 48 92 52 86 54 38 40 97 
22 13 61 98 111 72 21 23 70 91 93 66 22 116 14 1 45 25 77 89 76 15 114 49 3 9 24 57 108 29 87 55 2 81 4 12 96 105 36 7 31 104 44 84 74 101 28 32 46 95 5 67 33 79 115 107 42 80 20 16 88 39 63 34 35 85 103 64 68 94 19 26 99 48 92 52 86 54 38 40 97 
23 13 61 98 111 72 21 70 91 93 23 66 22 116 14 1 45 25 77 89 76 15 114 49 3 9 24 57 108 29 87 55 2 81 4 12 96 105 36 7 31 104 44 84 74 101 28 32 46 95 5 67 33 79 115 107 42 80 20 16 88 39 63 34 35 85 103 64 68 94 19 26 99 48 92 52 86 54 38 40 97 
24 13 61 98 111 72 21 23 70 91 93 66 22 116 14 1 45 25 77 89 76 15 114 49 3 9 24 57 108 29 87 55 2 81 4 12 96 105 36 7 31 104 44 84 74 101 28 32 46 95 5 67 33 79 115 107 42 80 20 16 88 39 63 34 35 85 103 64 68 94 19 26 99 48 92 52 86 54 38 40 97 
25 13 61 98 111 72 21 23 70 91 93 66 22 116 14 1 45 77 89 25 76 15 114 49 3 9 24 57 108 29 87 55 2 81 4 12 96 105 36 7 31 104 44 84 74 101 28 32 46 95 5 67 33 79 115 107 42 80 20 16 88 39 63 34 35 85 103 64 68 94 19 26 99 48 92 52 86 54 38 40 97 
26 13 61 98 111 72 21 23 70 91 93 66 22 116 14 1 45 25 77 89 76 15 114 49 3 9 24 57 108 29 87 55 2 81 4 12 96 105 36 7 31 104 44 84 74 101 32 46 95 5 67 33 79 115 107 42 80 20 16 88 39 63 34 35 85 103 64 68 94 19 99 48 26 92 52 86 54 38 40 97 
27 13 61 98 111 72 21 23 70 91 93 66 22 116 14 1 45 25 77 89 76 15 114 49 3 9 24 57 108 29 87 55 2 81 4 12 96 105 36 7 31 104 44 84 74 101 32 46 95 5 67 33 79 115 107 42 80 20 16 88 39 63 34 35 85 103 64 68 94 19 26 99 48 92 52 86 54 38 40 97 
28 13 61 98 111 72 21 23 70 91 93 66 22 116 14 1 45 25 77 89 76 15 114 49 3 9 24 57 108 29 87 55 2 81 4 12 96 105 36 7 31 104 44 84 74 101 28 32 46 95 5 67 33 79 115 107 42 80 20 16 88 39 63 34 35 85 103 64 68 94 19 99 48 92 52 86 54 38 40 97 
29 13 61 98 72 21 23 70 91 93 66 22 116 14 1 45 25 77 76 15 114 49 3 9 24 57 108 29 87 55 2 81 4 12 96 105 36 7 31 104 44 84 74 101 28 32 46 95 5 67 33 79 115 107 42 80 20 16 88 39 63 34 35 85 103 64 68 94 19 26 99 48 92 86 54 38 40 97 
30 13 61 98 72 21 23 70 91 93 66 22 116 14 1 45 25 77 76 15 49 114 3 9 24 57 108 29 87 55 2 81 4 12 36 96 105 7 31 44 104 84 74 101 28 32 46 95 5 33 67 79 115 107 42 80 20 16 39 88 34 35 63 85 103 64 68 94 19 26 48 99 52 92 86 54 38 40 97 
31 13 61 98 72 21 23 70 91 93 66 22 116 14 1 45 25 77 76 15 49 114 3 9 24 57 108 29 87 55 2 81 4 12 36 96 105 7 31 44 104 84 74 101 28 32 46 95 5 33 67 79 115 107 42 80 20 16 39 88 34 35 63 85 103 64 68 94 19 26 48 99 52 92 86 54 38 40 97 
32 13 61 98 72 21 23 70 91 93 66 22 116 14 1 45 25 77 76 15 49 114 3 9 24 57 108 29 87 55 2 81 4 12 36 96 105 7 31 44 104 84 74 101 28 46 32 95 5 33 67 79 115 107 42 80 20 16 39 88 34 35 63 85 103 64 68 94 19 26 48 99 52 92 86 54 38 40 97 
33 13 61 98 72 21 23 70 91 93 66 22 116 14 1 45 25 77 76 15 49 114 3 9 24 57 108 29 87 55 2 81 4 12 36 96 105 7 31 44 104 84 74 101 28 32 46 95 5 67 33 79 115 107 42 80 20 16 39 88 34 35 63 85 103 64 68 94 19 26 48 99 52 92 86 54 38 40 97 
34 13 61 98 72 21 23 70 91 93 66 22 116 14 1 45 25 77 76 15 49 114 3 9 24 57 108 29 87 55 2 81 4 12 36 96 105 7 31 44 104 84 74 101 28 32 46 95 5 33 67 79 115 107 42 80 20 16 39 88 35 63 34 85 103 64 68 94 19 26 48 99 52 92 86 54 38 40 97 
35 13 61 98 72 21 23 70 91 93 66 22 116 14 1 45 25 77 76 15 49 114 3 9 24 108 29 87 55 2 81 4 12 36 105 7 31 44 104 84 74 101 28 32 46 95 5 33 67 79 115 107 42 80 20 16 39 88 34 63 35 85 103 64 68 94 19 26 48 99 52 92 86 54 38 40 97 
36 13 61 98 72 21 23 70 91 93 66 22 116 14 1 45 25 77 76 15 49 114 3 9 24 108 29 87 55 2 81 4 12 105 36 7 31 44 104 84 74 101 28 32 46 95 5 33 67 79 115 107 42 80 20 16 39 88 34 35 63 85 103 64 68 94 19 26 48 99 52 92 86 54 38 40 97 
37 13 61 98 72 21 23 70 91 93 66 22 116 14 1 45 25 77 76 15 49 114 3 9 24 108 29 87 55 2 81 4 12 36 105 7 31 44 104 84 74 101 28 32 46 95 5 33 67 79 115 107 42 80 20 16 39 88 34 35 63 85 103 64 68 94 19 26 48 99 52 92 86 54 38 40 97 
38 13 61 98 72 21 23 70 91 93 66 22 116 14 1 45 25 77 76 15 49 114 3 9 24 108 29 87 55 2 81 4 12 36 105 7 31 44 104 84 74 101 28 32 46 95 5 33 67 79 115 107 42 80 20 16 39 88 34 35 63 85 103 64 68 94 19 26 48 99 52 92 86 54 38 40 97 
39 13 61 98 72 21 23 70 91 93 66 22 116 14 1 45 25 77 76 15 49 114 3 9 24 108 29 87 55 2 81 4 12 36 105 7 31 44 104 84 74 101 28 32 46 95 5 33 67 79 115 107 42 80 20 16 88 39 34 35 63 85 103 64 68 94 19 26 48 99 52 92 86 54 38 40 97 
40 13 61 98 72 21 23 70 91 93 66 22 116 14 1 45 25 77 76 15 49 114 3 9 24 108 29 87 55 2 81 4 12 36 105 7 31 44 104 84 74 101 28 32 46 95 5 33 67 79 115 107 42 80 20 16 39 88 34 35 63 85 103 64 68 94 19 26 48 99 52 92 86 54 38 40 97 
41 13 61 98 72 21 23 70 91 93 66 22 116 14 1 45 25 77 76 15 49 114 3 9 24 108 29 87 55 2 81 4 12 36 105 7 31 44 104 84 74 101 28 32 46 95 5 33 67 79 115 107 42 80 20 16 39 88 34 35 63 85 103 64 68 94 19 26 48 99 52 92 86 54 38 40 97 
42 13 61 98 72 21 23 70 91 93 66 22 116 14 1 45 25 77 76 15 49 114 3 9 24 108 29 87 55 2 81 4 12 36 105 7 31 44 104 84 74 101 28 32 46 95 5 33 67 79 115 107 42 80 20 16 39 88 34 35 63 85 103 64 68 94 19 26 48 99 52 92 86 54 38 40 97 
43 13 61 98 72 21 23 70 91 93 66 22 116 14 1 45 25 77 76 15 49 114 3 9 24 108 29 87 55 2 81 4 12 36 105 7 31 44 104 84 74 101 28 32 46 95 5 33 67 79 115 107 42 80 20 16 39 88 34 35 63 85 103 64 68 94 19 26 48 99 52 92 86 54 38 40 97 
44 13 61 98 72 21 23 70 91 93 66 22 116 14 1 45 25 77 76 15 49 114 3 9 24 108 29 87 55 2 81 4 12 36 105 7 31 104 44 84 74 101 28 32 46 95 5 33 67 79 115 107 42 80 20 16 39 88 34 35 63 85 103 64 68 94 19 26 48 99 52 92 86 54 38 40 97 
45 13 61 98 72 21 23 70 91 93 66 22 116 14 1 45 25 77 76 15 49 114 3 9 24 108 29 87 55 2 81 4 12 36 105 7 31 44 104 84 74 101 28 32 46 95 5 33 67 79 115 107 42 80 20 16 39 88 34 35 63 85 103 64 68 94 19 26 48 99 52 92 86 54 38 40 97 
46 13 61 98 72 21 23 70 91 93 66 22 116 14 1 45 25 77 76 15 49 114 3 9 24 108 29 87 55 2 81 4 12 36 105 7 31 44 104 84 74 101 28 32 46 95 5 33 67 79 115 107 42 80 20 16 39 88 34 35 63 85 103 64 68 94 19 26 48 99 52 92 86 54 38 40 97 
47 13 61 98 72 21 23 70 91 93 66 22 116 14 1 45 25 77 76 15 49 114 3 9 24 108 29 87 55 2 81 4 12 36 105 7 31 44 104 84 74 101 28 32 46 95 5 33 67 79 115 107 42 80 20 16 39 88 34 35 63 85 103 64 68 94 19 26 48 99 52 92 86 54 38 40 97 
48 13 61 98 72 21 23 70 91 93 66 22 116 14 1 45 25 77 76 15 49 114 3 9 24 108 29 87 55 2 81 4 12 36 105 7 31 44 104 84 74 101 28 32 46 95 5 33 67 79 115 107 42 80 20 16 39 88 34 35 63 85 103 64 68 94 19 26 99 48 52 92 86 54 38 40 97 
49 13 61 98 72 21 23 70 91 93 66 22 116 14 1 45 25 77 76 15 114 49 3 9 24 108 29 87 55 2 81 4 12 36 105 7 31 44 104 84 74 101 28 32 46 95 5 33 67 79 115 107 42 80 20 16 39 88 34 35 63 85 103 64 68 94 19 26 48 99 52 92 86 54 38 40 97 
50 13 61 98 72 21 23 70 91 93 66 22 116 14 1 45 25 77 76 15 49 114 3 9 24 108 29 87 55 2 81 4 12 36 105 7 31 44 104 84 74 101 28 32 46 95 5 33 67 79 115 107 42 80 20 16 39 88 34 35 63 85 103 64 68 94 19 26 48 99 52 92 86 54 38 40 97 
51 13 61 98 72 21 23 70 91 93 66 22 116 14 1 45 25 77 76 15 49 114 3 9 24 108 29 87 55 2 81 4 12 36 105 7 31 44 104 84 74 101 28 32 46 95 5 33 67 79 115 107 42 80 20 16 39 88 34 35 63 85 103 64 68 94 19 26 48 99 52 92 86 54 38 40 97 
52 13 61 98 72 21 23 70 91 93 66 22 116 14 1 45 25 77 76 15 49 114 3 9 24 108 87 55 2 81 4 12 36 105 7 31 44 104 84 74 101 28 32 46 95 5 33 67 79 115 107 42 80 20 16 39 88 34 35 63 85 103 64 68 94 19 26 48 99 92 52 86 54 38 40 97 
53 13 61 98 72 21 23 70 91 93 66 22 116 14 1 45 25 77 76 15 49 114 3 9 24 108 87 55 2 81 4 12 36 105 7 31 44 104 84 74 101 28 32 46 95 5 33 67 79 115 107 42 80 20 16 39 88 34 35 63 85 103 64 68 94 19 26 48 99 52 92 86 54 38 40 97 
54 13 61 98 72 21 23 70 91 93 66 22 116 14 1 45 25 77 76 15 49 114 3 9 24 57 108 29 87 55 2 81 4 12 36 96 105 7 31 44 104 84 74 101 28 32 46 95 5 33 67 79 115 107 42 80 20 16 39 88 34 35 63 85 103 64 68 94 19 26 48 99 52 92 86 54 38 40 97 
55 13 61 98 72 21 23 70 91 93 66 22 116 14 1 45 25 77 76 15 49 114 3 9 24 57 108 29 87 55 2 81 4 12 36 96 105 7 31 44 104 84 74 101 28 32 46 95 5 33 67 79 115 107 42 80 20 16 39 88 34 35 63 85 103 64 68 94 19 26 48 99 52 92 86 54 38 40 97 
56 13 61 98 72 21 23 70 91 93 66 22 116 14 1 45 25 77 76 15 49 114 3 9 24 57 108 29 87 55 2 81 4 12 36 96 105 7 31 44 104 84 74 101 28 32 46 95 5 33 67 79 115 107 42 80 20 16 39 88 34 35 63 85 103 64 68 94 19 26 48 99 52 92 86 54 38 40 97 
57 13 61 98 72 21 23 70 91 93 66 22 116 14 1 45 25 77 76 15 49 114 3 9 24 57 108 29 87 55 2 81 4 12 36 105 7 31 44 104 84 74 101 28 32 46 95 5 33 67 79 115 107 42 80 20 16 39 88 34 63 85 103 64 68 94 19 26 48 99 52 92 86 54 38 40 97 
58 13 61 98 72 21 23 70 91 93 66 22 116 14 1 45 25 77 76 15 49 114 3 9 24 57 108 29 87 55 2 81 4 12 36 105 7 31 44 104 84 74 101 28 32 46 95 5 33 67 79 115 107 42 80 20 16 39 88 34 63 85 103 64 68 94 19 26 48 99 52 92 86 54 38 40 97 
59 13 61 98 72 21 23 70 91 93 66 22 116 14 1 45 25 77 76 15 49 114 3 9 24 57 108 87 55 2 81 4 12 36 105 7 31 44 104 84 74 101 28 32 46 95 59 5 33 67 79 115 107 42 80 20 16 39 88 34 63 85 103 64 68 94 19 26 48 99 92 86 54 38 40 97 
60 13 61 98 72 21 23 70 91 93 66 22 116 14 1 45 25 77 76 15 49 114 3 9 24 57 108 87 55 2 81 4 12 36 105 7 31 44 104 84 74 101 28 32 46 95 59 5 33 67 79 115 107 42 80 20 16 39 88 34 63 85 103 64 68 94 19 26 48 99 92 86 54 38 40 97 
61 13 61 98 72 21 23 70 91 93 66 22 116 14 1 45 25 77 76 15 49 114 3 9 24 57 108 29 87 55 2 81 4 12 36 105 7 31 44 104 84 74 101 28 32 46 95 5 33 67 79 115 107 42 80 20 16 39 88 34 63 85 103 64 68 94 19 26 48 99 52 92 86 54 38 40 97 
62 13 61 98 72 21 23 70 91 93 66 22 116 14 1 45 25 77 76 15 49 114 3 9 24 57 108 87 55 2 81 4 12 36 105 7 31 44 104 84 62 74 101 28 32 46 95 5 33 67 79 115 107 42 80 20 16 39 88 34 63 85 103 64 68 94 19 26 48 99 92 86 54 38 40 97 
63 13 61 98 21 23 91 93 66 22 116 14 1 45 25 77 76 15 49 114 3 9 24 57 108 87 55 2 81 4 12 36 105 7 31 44 104 84 62 74 101 28 32 46 95 59 5 33 67 79 115 107 42 80 20 16 39 88 34 63 85 103 64 68 94 19 26 48 99 92 86 54 38 40 97 
64 13 61 98 21 23 91 93 66 22 116 14 1 45 25 77 76 15 49 114 3 9 24 57 108 87 55 2 81 4 12 36 105 7 31 44 104 84 62 74 101 28 32 46 95 59 5 33 67 79 115 107 42 80 20 16 39 88 63 34 85 103 64 68 94 19 26 48 99 92 86 54 38 40 97 
65 13 61 98 21 23 91 93 66 22 116 14 1 45 25 77 76 15 49 114 3 9 24 57 108 87 55 2 81 4 12 36 105 7 31 44 104 84 62 74 101 28 32 46 95 59 5 33 67 79 115 107 42 80 20 16 39 88 63 34 85 103 64 68 94 19 26 48 99 92 86 54 38 40 97 
66 13 61 98 21 23 91 93 66 22 116 14 1 45 25 77 15 49 114 3 9 24 57 108 87 55 2 81 4 12 36 105 7 31 44 104 84 62 74 101 28 32 46 95 59 5 33 67 115 107 42 80 20 16 39 88 63 34 85 103 64 68 94 19 26 48 99 92 86 54 38 40 97 
67 13 61 98 21 23 91 93 66 22 116 14 1 45 25 15 49 114 3 9 24 57 108 87 55 2 81 4 12 36 105 7 31 44 104 84 62 74 101 28 32 46 95 59 5 33 67 115 107 42 20 16 39 88 63 34 85 103 64 68 94 19 26 48 99 92 86 54 38 40 97 
68 13 61 98 21 23 91 93 66 22 116 14 1 45 25 15 49 114 3 9 24 57 108 87 55 2 81 4 12 36 105 7 31 44 104 84 62 74 101 28 32 46 95 59 5 67 33 115 107 42 20 16 39 88 63 34 85 103 64 68 94 19 26 48 99 92 86 54 38 40 97 
69 13 61 98 21 23 91 93 66 22 116 14 1 45 25 15 49 114 3 9 24 57 108 87 55 2 81 4 12 36 105 7 31 44 104 84 62 74 101 28 32 46 95 59 5 67 33 115 107 42 20 16 39 88 63 34 85 103 64 68 94 19 26 48 99 92 86 54 38 40 97 
70 13 61 98 21 23 91 93 70 66 22 116 14 1 45 25 15 49 114 3 9 24 57 108 87 55 2 81 4 12 36 105 7 31 44 104 84 62 74 101 28 32 46 95 59 5 67 33 115 107 42 20 16 39 88 34 85 103 64 68 94 19 26 48 99 92 86 54 38 40 97 
71 13 61 98 21 23 70 91 93 66 22 116 14 1 45 25 15 49 114 3 9 24 57 108 87 55 2 81 4 12 36 105 7 31 44 104 84 62 74 101 28 32 46 95 59 5 67 33 115 107 42 20 16 39 88 34 85 103 64 68 94 19 26 48 99 92 86 54 38 40 97 
72 13 61 98 72 21 23 91 93 66 22 116 14 1 45 25 15 49 114 3 9 24 57 108 87 55 2 81 4 12 36 105 7 31 44 104 84 62 74 101 28 32 46 95 59 5 67 33 115 107 42 20 16 39 88 34 85 103 64 68 94 19 26 48 99 92 86 54 38 40 97 
73 13 61 98 72 21 23 91 93 66 22 116 14 1 45 25 15 49 114 3 9 24 57 108 87 55 2 81 4 12 36 105 7 31 44 104 84 62 74 101 28 32 46 95 59 5 67 33 115 107 42 20 16 39 88 34 85 103 64 68 94 19 26 48 99 92 86 54 38 40 97 
74 13 61 98 21 23 91 93 66 22 116 14 1 45 25 77 76 15 49 114 3 9 24 57 108 87 55 2 81 4 12 36 105 7 31 44 104 84 62 74 101 28 32 46 95 59 5 33 67 79 115 107 42 80 20 16 39 88 63 34 85 103 64 68 94 19 26 48 99 92 86 54 38 40 97 
75 13 61 98 21 23 91 93 66 22 116 14 1 45 25 77 76 15 49 114 3 9 24 57 108 87 55 2 81 4 12 36 105 7 31 44 104 84 62 74 101 28 32 46 95 59 5 33 67 79 115 107 42 80 20 16 39 88 63 34 85 103 64 68 94 19 26 48 99 92 86 54 38 40 97 
76 13 61 98 21 23 91 93 22 116 14 1 45 25 77 76 15 49 114 3 9 24 57 108 87 55 2 81 4 12 36 105 7 31 44 104 84 62 74 101 28 32 46 95 59 5 33 67 115 107 42 80 20 16 39 88 63 34 85 103 64 68 94 19 26 48 99 92 86 54 38 40 97 
77 13 61 98 21 23 91 93 22 116 14 1 45 25 77 76 15 49 114 3 9 24 57 108 87 55 2 81 4 12 36 105 7 31 44 104 84 62 74 101 28 32 46 95 59 5 33 115 107 42 20 16 39 88 63 34 85 103 64 68 94 19 26 48 99 92 86 54 38 40 97 
78 13 61 98 21 23 91 93 22 116 14 1 45 25 77 76 15 49 114 3 9 24 57 108 87 55 2 81 4 12 36 105 7 31 44 104 84 62 74 101 28 32 46 95 59 5 33 115 107 42 20 16 39 88 63 34 85 103 64 68 94 19 26 48 99 92 86 54 38 40 97 
79 13 61 98 21 23 91 93 22 116 14 1 45 25 77 15 49 114 3 9 24 57 108 87 55 2 81 4 12 36 105 7 31 44 104 84 62 74 101 28 32 46 95 59 5 33 67 79 115 107 42 80 20 16 39 88 63 34 85 103 64 68 94 19 26 48 99 92 86 54 38 40 97 
80 13 61 98 21 23 91 93 22 116 14 1 45 25 15 49 114 3 9 24 57 108 87 55 2 81 4 12 36 105 7 31 44 104 84 62 74 101 28 32 46 95 59 5 33 79 115 107 42 80 20 16 39 88 63 34 85 103 64 68 94 19 26 48 99 92 86 54 38 40 97 
81 13 61 98 72 21 23 70 91 93 66 22 116 14 1 45 25 77 76 15 49 114 3 9 24 57 108 87 55 2 81 4 12 36 105 7 31 44 104 84 62 74 101 28 32 46 95 59 5 67 33 79 115 107 42 80 20 16 39 88 63 34 85 103 64 68 94 19 26 48 99 92 86 54 38 40 97 
82 13 61 98 72 21 23 70 91 93 66 22 116 14 1 45 25 77 76 15 49 114 3 9 24 57 108 87 55 2 81 4 12 36 105 7 31 44 104 84 62 74 101 28 32 46 95 59 5 67 33 79 115 107 42 80 20 16 39 88 63 34 85 103 64 68 94 19 26 48 99 92 86 54 38 40 97 
83 13 61 98 72 21 23 70 91 93 66 22 116 14 1 45 25 77 76 15 49 114 3 9 24 57 108 87 55 2 81 4 12 36 105 7 31 44 104 84 62 74 101 28 32 46 95 59 5 67 33 79 115 107 42 80 20 16 39 88 63 34 85 103 64 68 94 19 26 48 99 92 86 54 38 40 97 
84 13 61 98 72 21 23 70 91 93 66 22 14 1 45 25 77 76 49 114 3 9 24 57 108 87 55 2 81 4 12 36 105 7 31 44 104 84 62 74 101 28 32 46 95 59 5 67 33 79 115 107 42 80 20 16 39 88 63 34 85 103 64 68 94 19 26 48 99 92 86 54 38 40 97 
85 13 61 98 72 21 23 70 91 93 66 22 14 1 45 25 77 76 49 114 3 9 24 57 108 87 55 2 81 4 12 36 105 7 31 44 104 84 62 74 101 28 32 46 95 59 5 67 33 79 115 107 42 80 20 16 39 88 63 34 85 103 64 68 94 19 26 48 99 92 86 54 38 40 97 
86 13 61 98 72 21 23 70 91 93 66 22 14 1 45 25 77 76 49 114 3 9 24 57 108 87 55 2 81 4 12 36 105 7 31 44 104 84 62 74 101 28 32 46 95 59 5 67 33 79 115 107 42 80 20 16 39 88 63 34 85 103 64 68 94 19 26 48 99 92 86 54 38 40 97 
87 61 98 72 21 23 70 91 93 66 22 14 1 45 25 77 76 49 114 3 9 24 57 108 87 55 2 81 4 12 36 105 7 31 44 104 84 62 74 101 28 32 46 95 59 5 67 33 79 107 42 80 16 39 88 63 34 85 103 64 68 94 19 26 48 99 92 86 54 38 40 97 
88 61 98 72 21 23 70 91 93 66 22 14 1 45 25 77 76 49 114 3 9 24 57 108 87 55 2 81 4 12 36 105 7 31 44 104 84 62 74 101 28 32 46 95 59 5 67 33 79 107 42 80 16 39 88 63 34 85 103 64 68 94 19 26 48 99 92 86 54 38 40 97 
89 61 98 72 21 23 70 91 93 66 22 14 1 45 25 77 89 76 49 114 3 9 24 57 108 87 55 2 81 4 12 36 105 7 31 44 104 84 74 101 28 32 46 95 5 67 33 79 107 42 80 16 88 39 63 34 85 103 64 68 94 19 26 48 99 92 86 54 38 40 97 
90 61 98 111 72 21 23 70 91 93 66 22 14 1 45 25 77 89 76 49 114 3 9 24 57 108 87 55 2 81 4 12 96 105 36 7 31 104 44 84 74 101 28 32 46 95 5 67 33 79 107 42 80 16 88 39 63 34 85 103 64 68 94 19 26 99 48 92 86 54 38 40 97 
91 61 98 111 72 21 23 70 93 91 66 22 14 1 45 25 77 89 76 49 114 3 9 24 57 108 87 55 2 81 4 12 96 105 36 7 31 104 44 84 74 101 28 32 46 95 5 67 33 79 107 42 80 16 88 39 63 34 85 103 64 68 94 19 26 99 48 92 86 54 38 40 97 
92 61 98 111 72 21 23 70 91 93 66 22 14 1 45 25 77 89 76 49 114 3 9 24 57 108 87 55 2 81 4 12 96 105 36 7 31 104 44 84 74 101 28 32 46 95 5 67 33 79 107 42 80 16 88 39 63 34 85 103 64 68 94 19 26 99 48 92 86 54 38 40 97 
93 61 98 111 72 21 23 70 91 93 66 22 14 1 45 25 77 89 76 49 114 3 9 24 57 108 87 55 2 81 4 12 96 105 36 7 31 104 44 84 74 101 28 32 46 95 5 67 33 79 107 42 80 16 88 39 63 34 85 103 64 68 94 19 26 99 48 92 86 54 38 40 97 
94 61 98 111 72 21 23 70 91 93 66 22 14 1 45 25 77 89 76 49 114 3 9 24 57 108 87 55 2 81 4 12 96 105 36 7 31 104 44 84 74 101 28 32 46 95 5 67 33 79 107 42 80 16 88 39 63 34 85 103 64 68 94 19 26 99 48 92 86 54 38 40 97 
95 61 98 111 72 21 23 70 91 93 66 22 14 1 45 25 77 89 76 49 114 3 9 24 57 108 87 55 2 81 4 12 96 105 36 7 31 104 44 84 74 101 28 32 46 95 5 67 33 79 107 42 80 16 88 39 63 34 85 103 64 68 94 19 26 99 48 92 86 54 38 40 97 
96 61 98 111 72 21 23 70 91 93 66 22 14 1 45 25 77 89 76 49 114 3 9 24 108 87 55 2 81 4 12 105 36 96 7 31 104 44 84 74 101 28 32 46 95 5 67 33 79 107 42 80 16 88 39 63 34 85 103 64 68 94 19 26 99 48 92 86 54 38 40 97 
97 61 98 111 72 21 23 70 91 93 66 22 14 1 45 25 77 89 76 49 114 3 9 24 108 87 55 2 81 4 12 96 105 36 7 31 104 44 84 74 101 28 32 46 95 5 67 33 79 107 42 80 16 88 39 63 34 85 103 64 68 94 19 26 99 48 92 86 54 38 40 97 
98 61 98 111 72 21 23 70 91 93 66 22 14 1 45 25 77 89 76 49 114 3 9 24 108 87 55 2 81 4 12 96 105 36 7 31 104 44 84 74 101 28 32 46 95 5 67 33 79 107 42 80 16 88 39 63 34 85 103 64 68 94 19 26 99 48 92 86 54 38 40 97 
99 61 98 111 72 21 23 70 91 93 66 22 14 1 45 25 77 89 76 49 114 3 9 24 108 87 55 2 81 4 12 96 105 36 7 31 104 44 84 74 101 28 32 46 95 5 67 33 79 107 42 80 16 88 39 63 34 85 103 64 68 94 19 26 48 99 92 86 54 38 40 97 
100 61 98 111 72 21 23 70 91 93 66 22 14 1 45 25 77 89 76 49 114 3 9 24 108 87 55 2 81 4 12 96 105 36 7 31 104 44 84 74 101 28 32 46 95 5 67 33 79 107 42 80 16 88 39 63 34 85 103 64 68 94 19 26 99 48 92 86 54 38 40 97 
101 61 98 111 72 21 23 70 91 93 66 22 14 1 45 25 77 89 76 49 114 3 9 24 108 87 55 2 81 4 12 96 105 36 7 31 104 44 84 74 101 28 32 46 95 5 67 33 79 107 42 80 16 88 39 63 34 85 103 64 68 94 19 26 99 48 92 86 54 38 40 97 
102 61 98 111 72 21 23 70 91 93 66 22 14 1 45 25 77 89 76 49 114 3 9 24 108 87 55 2 81 4 12 96 105 36 7 31 104 44 84 74 101 28 32 46 95 5 67 33 79 107 42 80 16 88 39 63 34 85 103 64 68 94 19 26 99 48 92 86 54 38 40 97 
103 61 98 111 72 21 23 70 91 93 66 22 14 1 45 25 77 89 76 49 114 3 9 24 108 87 55 2 81 4 12 96 105 36 7 31 104 44 84 74 101 28 32 46 95 5 67 33 79 107 42 80 16 88 39 63 34 85 103 64 68 94 19 26 99 48 92 86 54 38 40 97 
104 61 98 111 72 21 23 70 91 93 66 22 14 1 45 25 77 89 76 49 114 3 9 24 108 87 55 2 81 4 12 96 105 36 7 31 44 104 84 74 101 28 32 46 95 5 67 33 79 107 42 80 16 88 39 63 34 85 103 64 68 94 19 26 99 48 92 86 54 38 40 97 
105 61 98 111 72 21 23 70 91 93 66 22 14 1 45 25 77 89 76 49 114 3 9 24 108 87 55 2 81 4 12 96 36 105 7 31 104 44 84 74 101 28 32 46 95 5 67 33 79 107 42 80 16 88 39 63 34 85 103 64 68 94 19 26 99 48 92 86 54 38 40 97 
106 61 98 111 72 21 23 70 91 93 66 22 14 1 45 25 77 89 76 49 114 3 9 24 108 87 55 2 81 4 12 96 105 36 7 31 104 44 84 74 101 28 32 46 95 5 67 33 79 107 42 80 16 88 39 63 34 85 103 64 68 94 19 26 99 48 92 86 54 38 40 97 
107 61 98 111 72 21 23 70 91 93 66 22 14 1 45 25 77 89 76 49 114 3 9 24 108 87 55 2 81 4 12 96 105 36 7 31 104 44 84 74 101 28 32 46 95 5 67 33 79 107 42 80 16 88 39 63 34 85 103 64 68 94 19 26 99 48 92 86 54 38 40 97 
108 61 98 111 72 21 23 70 91 93 66 22 14 1 45 25 77 89 76 49 114 3 9 24 108 87 55 2 81 4 12 96 105 36 7 31 104 44 84 74 101 28 32 46 95 5 67 33 79 107 42 80 16 88 39 63 34 85 103 64 68 94 19 26 99 48 92 86 54 38 40 97 
109 61 98 111 72 21 23 70 91 93 66 22 14 1 45 25 77 89 76 49 114 3 9 24 108 87 55 2 81 4 12 96 105 36 7 31 104 44 84 74 101 28 32 46 95 5 67 33 79 107 42 80 16 88 39 63 34 85 103 64 68 94 19 26 99 48 92 86 54 38 40 97 
110 61 98 111 72 21 23 70 91 93 66 22 14 1 45 25 77 89 76 49 114 3 9 24 108 87 55 2 81 4 12 96 105 36 7 31 104 44 84 74 101 28 32 46 95 5 67 33 79 107 42 80 16 88 39 63 34 85 103 64 68 94 19 26 99 48 92 86 54 38 40 97 
111 61 98 111 72 21 23 70 91 93 66 22 14 1 45 25 77 76 49 114 3 9 24 108 87 55 2 81 4 12 96 105 36 7 31 104 44 84 74 101 28 32 46 95 5 67 33 79 107 42 80 16 88 39 63 34 85 103 64 68 94 19 26 99 48 92 86 54 38 40 97 
112 61 98 111 72 21 23 70 91 93 66 22 14 1 45 25 77 76 49 114 3 9 24 108 87 55 2 81 4 12 96 105 36 7 31 104 44 84 74 101 28 32 46 95 5 67 33 79 107 42 80 16 88 39 63 34 85 103 64 68 94 19 26 99 48 92 86 54 38 40 97 
113 61 98 111 72 21 23 70 91 93 66 22 14 1 45 25 77 89 76 49 114 3 9 24 57 108 87 55 2 81 4 12 96 105 36 7 31 104 44 84 74 101 28 32 46 95 5 67 33 79 107 42 80 16 88 39 63 34 85 103 64 68 94 19 26 99 48 92 86 54 38 40 97 
114 13 61 98 72 21 23 70 91 93 66 22 116 14 1 45 25 77 76 15 49 114 3 9 24 57 108 29 87 55 2 81 4 12 36 96 105 7 31 44 104 84 74 101 28 32 46 95 5 33 67 79 115 107 42 80 20 16 39 88 34 35 63 85 103 64 68 94 19 26 48 99 52 92 86 54 38 40 97 
115 61 98 72 21 23 70 91 93 66 22 116 14 1 45 25 77 76 15 114 49 3 9 24 57 108 29 55 2 81 4 12 36 96 105 7 31 44 104 84 74 101 28 32 46 95 5 33 67 79 107 115 42 80 16 39 88 34 35 63 85 103 64 68 94 19 26 48 99 52 92 86 54 38 40 97 
116 61 98 72 21 23 70 91 93 66 22 116 14 1 45 25 77 76 114 49 3 9 24 57 108 29 55 2 81 4 12 36 96 105 7 31 44 104 74 101 28 32 46 95 5 33 67 79 115 107 42 80 16 39 88 34 35 63 85 103 64 68 94 19 26 48 99 52 92 86 54 38 40 97 
117 61 98 111 72 21 23 70 91 93 66 22 116 14 1 45 25 77 89 76 114 49 3 9 24 57 108 29 87 55 2 81 4 12 96 105 36 7 31 104 44 84 74 101 28 32 46 95 5 67 33 79 115 107 42 80 16 88 39 63 34 35 85 103 64 68 94 19 26 99 48 92 52 86 54 38 40 97 
118 13 61 98 111 72 21 23 70 91 93 66 22 116 14 1 45 25 77 89 76 15 114 49 3 9 24 57 108 29 87 55 2 81 4 12 96 105 36 7 31 104 44 84 74 101 28 32 46 95 5 67 33 79 115 107 42 80 16 88 39 63 34 35 85 103 64 68 94 19 26 99 48 92 52 86 54 38 40 97 
