1 1 
2 2 1 
3 2 3 1 
4 2 3 4 1 
5 5 2 3 4 1 
6 5 2 3 4 1 6 
7 5 2 3 4 1 6 7 
8 5 2 3 4 1 6 7 
9 5 2 3 9 4 1 6 7 
10 5 10 2 3 9 4 1 6 7 
11 5 10 2 3 9 4 1 6 11 7 
12 5 10 2 3 9 4 1 6 11 7 
13 5 13 2 3 9 4 1 6 11 7 
14 5 13 2 3 9 4 1 6 11 7 
15 5 10 2 3 9 4 1 15 6 11 7 
16 5 10 2 3 9 4 1 15 6 11 7 
17 17 5 2 3 9 4 1 15 6 11 7 
18 17 13 10 15 6 11 7 5 2 3 9 18 4 1 
19 17 19 13 10 15 6 11 7 5 2 3 9 18 4 1 
20 17 19 13 10 15 6 11 7 5 2 3 9 18 20 4 1 
21 17 19 21 13 10 15 6 11 7 5 2 3 9 18 20 4 1 
22 17 19 21 22 13 10 15 6 11 7 5 2 3 9 18 20 4 1 
23 17 19 21 22 13 10 15 6 11 7 5 2 3 9 18 20 4 1 23 
24 17 19 21 22 13 10 15 6 11 7 5 2 3 24 9 18 20 4 1 23 
25 17 19 21 22 13 10 25 15 6 11 7 5 2 3 24 9 18 20 4 1 23 
26 17 19 21 22 13 10 25 15 6 11 7 5 2 3 24 9 18 20 4 1 23 
27 17 19 21 22 13 10 25 15 6 11 7 5 2 3 27 9 18 20 4 1 23 
28 17 19 21 22 13 10 25 15 6 11 7 5 2 3 24 27 9 18 20 4 1 23 
29 17 19 21 22 13 10 29 15 6 11 7 5 2 3 24 27 9 18 20 4 1 23 
30 17 19 21 22 13 10 25 30 29 15 6 11 7 5 2 3 24 27 9 18 20 4 1 23 
31 31 19 21 22 15 11 2 3 27 9 20 1 17 13 10 25 30 29 6 7 5 24 18 4 23 
32 31 19 21 22 15 11 32 2 3 27 9 20 1 17 13 10 25 30 29 6 7 5 24 18 4 23 
33 31 19 21 22 15 11 32 2 3 27 9 20 1 17 13 10 25 30 29 6 7 5 24 18 33 4 23 
34 31 19 21 22 15 11 32 2 3 27 9 20 1 17 13 10 25 30 29 6 7 34 5 24 18 33 4 23 
35 31 19 21 22 15 11 32 2 3 27 9 20 1 17 13 10 25 30 29 6 7 34 5 35 24 18 33 4 23 
36 31 19 21 22 15 11 32 2 3 27 9 20 1 17 13 10 25 30 29 6 7 34 5 35 24 36 18 33 4 23 
37 31 19 21 22 15 11 32 2 3 27 9 20 1 17 13 10 25 30 29 6 7 34 5 35 24 36 18 33 4 23 
38 31 19 21 22 15 11 32 2 3 27 9 20 1 38 17 13 10 25 30 29 6 7 34 5 35 24 36 18 33 4 23 
39 31 19 21 22 39 15 11 32 2 3 27 9 20 1 38 17 13 10 25 30 29 6 7 34 5 35 24 36 18 33 4 23 
40 31 19 21 22 39 15 11 32 40 2 3 27 9 20 1 38 17 13 10 25 30 29 6 7 34 5 35 24 36 18 33 4 23 
41 31 19 21 22 39 15 11 32 40 2 3 27 9 20 1 38 17 13 10 25 30 29 6 7 34 5 35 24 36 18 33 4 23 
42 31 19 21 22 39 15 11 32 40 2 3 27 9 20 1 38 17 13 10 25 30 29 6 7 34 5 35 24 36 18 33 4 23 
43 31 19 21 22 15 11 32 2 3 27 9 20 1 17 13 10 25 30 29 43 6 7 34 5 35 24 36 18 33 4 23 
44 31 19 21 22 15 11 32 2 3 27 9 20 1 17 13 10 25 30 29 43 6 7 34 5 35 24 36 18 33 4 23 
45 31 19 21 22 39 15 11 32 40 2 3 27 9 20 1 38 17 13 10 25 30 29 43 6 7 34 5 35 24 36 18 33 4 23 
