1 1 
2 1 2 
3 1 2 3 
4 1 2 3 
5 1 2 5 3 
6 1 5 3 6 
7 1 5 3 6 7 
8 1 5 3 6 7 
9 1 9 5 3 6 7 
10 1 9 5 3 6 7 10 
11 1 9 5 3 6 7 10 
12 1 9 5 12 3 6 7 10 
13 1 9 5 12 13 3 6 7 10 
14 1 14 9 5 12 13 3 6 7 10 
15 1 14 9 5 12 13 3 6 7 10 
16 1 14 9 5 12 13 3 6 7 10 
17 1 9 5 3 6 7 10 17 
18 1 9 5 3 6 7 10 17 
19 1 9 5 3 6 7 10 19 17 
20 1 9 20 5 3 6 7 10 19 17 
21 1 20 24 3 23 7 22 19 17 27 9 5 25 6 10 
22 1 20 24 3 23 7 22 19 17 27 9 5 25 6 10 
23 1 20 24 3 23 7 22 19 17 27 9 5 25 6 10 
24 1 20 24 3 23 7 22 19 17 27 9 5 25 6 10 
25 1 20 24 3 23 7 22 19 17 27 9 5 25 6 10 
26 1 20 24 3 23 7 22 19 17 27 9 5 25 6 10 
27 1 20 24 3 23 7 22 19 17 27 9 5 25 6 
28 1 20 24 3 23 7 22 19 17 27 9 5 25 6 
29 1 29 20 24 3 23 7 22 19 17 27 9 5 25 6 10 
30 1 29 20 24 3 23 7 22 19 17 27 30 9 5 25 6 10 
31 1 29 20 24 3 23 7 22 19 17 27 30 9 5 25 6 10 
32 1 29 20 24 3 23 7 22 19 17 27 30 32 9 5 25 6 10 
33 1 29 20 24 3 23 7 22 19 17 27 30 32 9 5 25 6 10 
34 1 29 20 24 3 23 7 22 19 17 27 30 32 9 5 25 6 10 
35 35 1 29 20 24 3 23 7 22 19 17 27 30 9 5 25 6 10 
36 35 1 29 20 24 3 23 7 22 19 17 27 30 9 5 25 6 10 
37 35 1 29 20 24 3 23 7 22 19 17 27 30 32 9 5 25 6 10 
38 1 9 5 38 3 6 7 10 17 
39 1 9 5 38 3 6 7 10 17 
40 1 9 5 38 3 6 7 10 17 
41 35 1 29 20 12 13 24 3 23 7 22 19 17 27 30 32 14 9 5 25 6 10 
42 1 5 42 3 6 7 
43 1 5 42 3 6 7 
44 1 5 42 3 6 7 44 
45 1 5 42 45 3 6 7 44 
46 1 5 42 45 3 6 7 44 
47 47 1 5 42 45 3 6 7 44 
48 47 1 5 42 45 3 6 7 44 
49 47 1 5 42 45 3 6 7 44 
50 1 5 42 45 3 6 7 50 44 
51 1 5 42 45 3 6 7 50 44 
52 29 24 45 23 19 17 27 30 14 9 6 50 10 44 35 1 20 12 13 3 7 22 32 5 25 42 
53 29 24 45 23 19 17 27 30 14 9 6 50 10 44 35 1 20 12 13 3 7 22 53 32 5 25 42 
54 29 24 45 23 19 17 27 30 54 14 9 6 50 10 44 35 1 20 12 13 3 7 22 53 32 5 25 42 
55 29 24 45 23 19 17 27 30 54 14 9 6 50 10 44 35 1 20 12 13 3 7 22 53 32 5 25 42 
56 29 24 45 23 19 17 27 56 30 54 14 9 6 50 10 44 35 1 20 12 13 3 7 22 53 32 5 25 42 
57 29 24 45 23 19 17 56 27 30 54 14 9 6 50 10 44 35 1 20 12 13 3 7 22 53 57 32 5 25 42 
58 29 24 23 19 17 56 30 54 14 9 6 50 44 35 58 1 20 12 13 3 7 22 53 57 32 5 25 42 
59 29 24 23 19 17 56 30 54 14 9 6 50 44 35 58 1 20 12 13 3 7 22 53 57 32 5 25 42 
60 29 24 45 23 19 17 56 27 30 54 14 9 6 50 10 44 35 58 1 20 12 13 3 7 22 53 57 32 5 25 42 
61 29 24 45 23 19 17 56 27 30 54 14 9 6 50 10 44 35 58 1 20 12 13 3 7 22 53 57 32 5 25 42 
62 29 24 45 23 19 17 56 27 30 54 14 9 6 50 10 44 35 58 1 20 12 13 3 7 22 53 57 32 5 25 42 
