1 1 
2 2 1 
3 2 1 
4 2 1 4 
5 2 1 4 
6 6 2 1 4 
7 6 2 1 4 
8 6 2 8 1 4 
9 6 2 8 1 4 
10 6 10 2 8 1 4 
11 6 10 2 8 1 4 
12 6 10 12 2 8 1 4 
13 6 10 12 2 8 1 4 
14 6 10 12 2 8 1 14 4 
15 6 10 12 2 8 1 14 4 
16 6 16 10 12 2 8 1 14 4 
17 6 16 10 12 2 8 1 14 4 
18 6 16 10 12 2 8 1 14 4 
19 6 10 12 2 8 1 14 19 4 
20 6 10 12 2 8 1 14 19 4 
21 6 10 12 21 2 8 1 14 19 4 
22 6 10 12 21 2 8 1 14 19 4 
23 6 10 12 21 2 8 1 14 19 4 
24 6 10 12 2 8 1 24 14 19 4 
25 6 10 12 2 8 1 24 14 19 4 
26 6 10 12 2 8 1 24 14 19 26 4 
27 6 10 12 2 8 1 24 14 19 26 4 
28 6 10 12 2 8 1 24 14 19 26 4 
29 6 10 12 2 8 1 24 14 29 19 4 
30 6 10 12 2 8 1 24 14 29 19 4 
31 6 10 12 2 8 31 1 24 14 29 19 4 
32 6 10 12 2 8 31 1 24 14 29 19 4 
33 6 10 12 2 8 31 1 24 14 29 19 4 
34 6 10 12 34 2 8 1 24 14 29 19 4 
35 6 10 12 34 2 8 1 24 14 29 19 4 
36 6 34 2 8 24 14 36 19 10 12 1 29 4 
37 6 34 2 8 24 14 36 19 10 12 1 29 4 
38 6 34 2 8 24 14 36 19 10 12 1 29 4 
39 6 34 2 8 24 14 19 10 12 39 1 29 4 
40 6 34 2 8 24 14 19 10 12 39 1 29 4 
41 6 34 2 8 24 14 19 10 12 39 1 29 4 41 
42 6 34 2 8 24 14 19 10 12 39 1 29 4 41 
43 6 34 2 8 24 14 19 10 12 39 1 29 4 41 
44 6 34 2 8 44 24 14 19 10 12 39 1 29 4 
45 6 34 2 8 44 24 14 19 10 12 39 1 29 4 
46 6 34 2 8 44 24 14 19 10 12 39 1 46 29 4 
47 6 34 2 8 44 24 14 19 10 12 39 1 46 29 4 
48 6 34 2 8 44 24 14 19 10 12 39 1 46 29 4 
49 6 34 49 2 8 44 24 14 19 10 12 39 1 29 4 
50 6 34 49 2 8 44 24 14 19 10 12 39 1 29 4 
51 6 34 49 2 8 44 24 14 19 10 12 51 39 1 29 4 
52 6 34 49 2 8 44 24 14 19 10 12 51 39 1 29 4 
53 6 34 49 2 8 44 24 14 19 10 12 51 39 1 29 4 
54 6 34 49 2 8 44 24 54 14 19 10 12 39 1 29 4 
55 6 34 49 2 8 44 24 54 14 19 10 12 39 1 29 4 
56 6 34 49 2 8 44 24 54 14 19 10 12 56 39 1 29 4 
57 6 34 49 2 8 44 24 54 14 19 10 12 56 39 1 29 4 
58 21 49 44 24 14 36 19 26 10 39 1 46 29 4 41 6 34 2 8 54 16 12 51 56 31 
