1 1 
2 1 2 
3 1 2 3 
4 1 2 4 3 
5 5 1 2 4 3 
6 6 5 1 2 4 3 
7 6 83 34 46 53 56 70 68 51 26 11 73 61 18 60 41 29 40 39 66 36 81 45 21 49 19 78 10 65 58 69 9 4 54 42 67 80 5 1 15 38 33 14 79 44 71 76 27 37 55 52 25 47 84 28 50 2 16 77 22 63 48 7 23 13 75 24 43 64 3 31 
8 6 83 34 46 53 56 70 68 51 26 11 73 61 18 60 41 29 40 39 66 36 81 45 21 49 19 78 10 65 58 69 9 4 54 42 67 80 5 1 15 38 33 14 79 44 71 76 27 37 55 52 25 47 84 28 50 2 16 77 22 63 7 48 23 13 75 24 43 64 3 31 
9 6 83 34 46 53 56 70 68 51 26 11 73 61 18 60 41 29 40 39 66 36 81 45 21 49 19 78 10 65 58 69 9 4 54 42 67 80 5 1 15 38 33 14 79 44 71 76 27 37 55 52 25 47 84 28 50 2 16 77 22 63 7 48 23 13 75 24 43 64 3 31 
10 6 83 34 46 53 56 70 68 51 26 11 73 61 18 60 41 29 40 39 66 36 81 45 21 49 19 78 10 65 58 69 9 4 54 42 67 80 5 1 15 38 33 14 79 44 71 76 27 37 55 52 25 47 84 28 50 2 16 77 22 63 7 48 23 13 75 24 43 64 3 31 
11 6 83 34 46 53 56 70 68 51 26 73 11 61 18 60 41 29 40 39 66 36 81 45 21 49 19 78 10 65 58 69 9 4 54 42 67 80 5 1 15 38 33 14 79 44 71 76 27 37 55 52 25 47 84 28 50 2 16 77 22 63 7 48 23 13 75 24 43 64 3 31 
12 6 83 34 46 53 56 70 68 51 26 11 73 61 18 60 41 29 40 39 66 36 81 45 21 49 19 78 10 65 58 69 9 4 54 42 67 80 5 1 15 38 33 14 79 44 71 76 27 37 55 52 25 47 84 28 50 2 16 77 22 63 7 48 23 13 75 24 43 64 3 31 
13 6 83 34 46 53 56 70 68 51 26 11 73 61 18 60 41 29 40 39 66 36 81 45 21 49 19 78 10 65 58 69 9 4 54 42 67 80 5 1 15 38 33 14 79 44 71 76 27 37 55 52 25 47 84 28 50 2 16 77 22 63 7 48 23 75 13 24 43 64 3 31 
14 6 83 34 46 53 56 70 68 51 26 11 73 61 18 60 41 29 40 39 66 36 81 45 21 49 19 78 10 65 58 69 9 4 54 42 67 80 5 1 15 38 33 14 79 44 71 76 27 37 55 52 25 47 84 28 50 2 16 77 22 63 7 48 23 13 75 24 43 64 3 31 
15 6 83 34 46 53 56 70 68 51 26 11 73 61 18 60 41 29 40 39 66 36 81 45 21 49 19 78 10 65 58 69 9 4 54 42 67 80 5 1 38 15 33 14 79 44 71 76 27 37 55 52 25 47 84 28 50 2 16 77 22 63 7 48 23 13 75 24 43 64 3 31 
16 6 83 34 46 53 56 70 68 51 26 11 73 61 18 60 41 29 40 39 66 36 81 45 21 49 19 78 10 65 58 69 9 4 54 42 67 80 5 1 15 38 33 14 79 44 71 76 27 37 55 52 25 47 84 28 50 2 77 16 22 63 7 48 23 13 75 24 43 64 3 31 
17 6 83 34 46 53 56 70 68 51 26 11 73 61 18 60 41 29 40 39 66 36 81 45 21 49 19 78 10 65 58 69 9 4 54 42 67 80 5 1 15 38 33 14 79 44 71 76 27 37 55 52 25 47 84 28 50 2 16 77 22 63 7 48 23 13 75 24 43 64 3 31 
18 6 83 34 46 53 56 70 68 51 26 11 73 61 18 60 41 29 40 39 66 36 81 45 21 49 19 78 10 65 58 69 9 4 54 42 67 80 5 1 15 38 33 14 79 44 71 76 27 37 55 52 25 47 84 28 50 2 16 77 22 63 7 48 23 13 75 24 43 64 3 31 
19 6 83 34 46 53 56 70 68 51 26 11 73 61 18 60 41 29 40 39 66 36 81 45 21 49 19 78 10 65 58 69 9 4 54 42 67 80 5 1 15 38 33 14 79 44 71 76 27 37 55 52 25 47 84 28 50 2 16 77 22 63 7 48 23 13 75 24 43 64 3 31 
20 6 83 34 46 53 56 70 68 51 26 11 73 61 18 60 41 29 40 39 66 36 81 45 21 49 19 78 10 65 58 69 9 4 54 42 67 80 5 1 15 38 33 14 79 44 71 76 27 37 55 52 25 47 84 28 50 2 16 77 22 63 7 48 23 13 75 24 43 64 3 31 
21 6 83 34 46 53 56 70 68 51 26 11 73 61 18 60 41 29 40 39 66 36 81 45 49 21 19 78 10 65 58 69 9 4 54 42 67 80 5 1 15 38 33 14 79 44 71 76 27 37 55 52 25 47 84 28 50 2 16 77 22 63 7 48 23 13 75 24 43 64 3 31 
22 6 83 34 46 53 56 70 68 51 26 11 73 61 18 60 41 29 40 39 66 36 81 45 21 49 19 78 10 65 58 69 9 4 54 42 67 80 5 1 15 38 33 14 79 44 71 76 27 55 52 25 47 84 28 50 2 16 77 63 22 7 48 23 13 75 24 43 3 31 
23 6 83 34 46 53 56 70 68 51 26 11 73 61 18 60 41 29 40 39 66 36 81 45 21 49 19 78 10 65 58 69 9 4 54 42 67 80 5 1 15 38 33 14 79 44 71 76 27 55 52 25 47 84 28 50 2 16 77 22 63 7 48 23 13 75 24 43 3 31 
24 6 83 34 46 53 56 70 68 51 26 11 73 61 18 60 41 29 40 39 66 36 81 45 21 49 19 78 10 65 58 69 9 4 54 42 67 80 5 1 15 38 33 14 79 44 71 76 27 55 52 25 47 84 28 50 2 16 77 22 63 7 48 23 13 75 24 43 3 31 
25 6 83 34 46 53 56 70 68 51 26 11 73 61 18 60 41 29 40 39 66 36 81 45 21 49 19 78 10 65 58 69 9 4 54 42 67 80 5 1 15 38 33 14 79 44 71 76 27 55 52 47 84 25 28 50 2 16 77 22 63 7 48 23 13 75 24 43 3 31 
26 6 83 34 46 53 56 70 68 51 26 11 73 61 18 60 41 29 40 39 66 36 81 45 21 49 19 78 10 65 58 69 9 4 54 42 67 80 5 1 15 38 33 14 79 44 71 76 27 55 52 25 47 84 28 50 2 16 77 22 63 7 48 23 13 75 24 43 3 31 
27 6 83 34 46 53 56 70 68 51 26 11 73 61 18 60 41 29 40 39 66 36 81 45 21 49 19 78 10 65 58 69 9 4 54 42 67 80 5 1 15 38 33 14 79 44 71 76 27 55 52 25 47 84 28 50 2 16 77 22 63 7 48 23 13 75 24 43 3 31 
28 6 83 34 46 53 56 70 68 51 26 11 73 61 18 60 41 29 40 39 66 36 81 45 21 49 19 78 10 65 58 69 9 4 54 42 67 80 5 1 15 38 33 14 79 44 71 76 27 55 52 25 47 84 50 28 2 16 77 22 63 7 48 23 13 75 24 43 3 31 
29 6 83 34 46 53 56 70 68 51 26 11 73 61 18 60 41 29 40 39 66 36 81 45 21 49 19 78 10 65 58 69 9 4 54 42 67 80 5 1 15 38 33 14 79 44 71 76 27 55 52 25 47 84 28 50 2 16 77 22 63 7 48 23 13 75 24 43 3 31 
30 6 83 34 46 53 56 70 68 51 26 11 73 61 18 60 41 29 40 39 66 36 81 45 21 49 19 78 10 65 58 69 9 4 54 42 67 80 5 1 15 38 33 14 79 44 71 76 27 55 52 25 47 84 28 50 2 16 77 22 63 7 48 23 13 75 24 43 3 31 
31 6 34 46 53 56 70 68 51 26 11 61 18 60 41 29 40 39 66 36 81 45 21 49 19 78 10 65 69 9 54 42 67 80 5 1 15 38 33 14 79 44 71 76 27 55 52 25 47 84 28 50 2 16 77 22 63 7 48 23 13 75 24 43 3 31 
32 6 34 46 53 56 70 68 51 26 11 61 18 60 41 29 40 39 66 36 81 45 21 49 19 78 10 65 69 9 54 42 67 80 5 1 15 38 33 14 79 44 71 76 27 55 52 25 47 84 28 50 2 16 77 22 63 7 48 23 13 75 24 43 3 31 
33 6 83 34 46 53 56 70 68 51 26 11 73 61 18 60 41 29 40 39 66 36 81 45 21 49 19 78 10 65 58 69 9 4 54 42 67 80 5 1 15 38 33 14 79 44 71 76 27 37 55 52 25 47 84 28 50 2 16 77 22 63 7 48 23 13 75 24 43 64 3 31 
34 6 83 34 46 53 56 70 68 51 26 11 73 61 18 60 41 29 40 39 66 36 81 45 21 49 19 78 10 65 58 69 9 4 54 42 67 80 5 1 15 38 33 14 79 44 71 76 27 37 55 52 25 47 84 28 50 2 16 77 22 63 7 48 23 13 75 24 43 64 3 31 
35 6 83 34 46 53 56 70 68 51 26 11 73 61 18 60 41 29 40 39 66 36 81 45 21 49 19 78 10 65 58 69 9 4 54 42 67 80 5 1 15 38 33 14 79 44 71 76 27 37 55 52 25 47 84 28 50 2 16 77 22 63 7 48 23 13 75 24 43 64 3 31 
36 6 83 34 46 53 56 70 68 51 26 11 73 61 18 60 41 29 40 39 66 36 81 45 21 49 19 78 10 65 58 69 9 4 54 42 67 80 5 1 15 38 33 14 79 44 71 76 27 37 55 52 25 47 84 28 50 2 16 77 22 63 7 48 23 13 75 24 43 64 3 31 
37 6 83 34 46 53 56 70 68 51 26 11 73 61 18 60 41 29 40 39 66 36 81 45 21 49 19 78 10 65 58 69 9 4 54 42 67 80 5 1 15 38 33 14 79 44 71 76 27 37 55 52 25 47 84 28 50 2 16 77 63 7 48 23 13 75 24 43 3 31 
38 6 83 34 46 53 56 70 68 51 26 11 73 61 18 60 41 29 40 39 66 36 81 45 21 49 19 78 10 65 58 69 9 4 54 42 67 80 5 1 15 38 33 14 79 44 71 76 27 37 55 52 25 47 84 28 50 2 16 77 63 7 48 23 13 75 24 43 3 31 
39 6 83 34 46 53 56 70 68 51 26 11 73 61 18 60 41 29 40 39 66 36 81 45 21 49 19 78 10 65 58 69 9 4 54 42 67 80 5 1 15 38 33 14 79 44 71 76 27 37 55 52 25 47 84 28 50 2 16 77 63 7 48 23 13 75 24 43 3 31 
40 6 83 34 46 53 56 70 68 51 26 11 73 61 18 60 41 29 40 39 66 36 81 45 21 49 19 78 10 65 58 69 9 4 54 42 67 80 5 1 15 38 33 14 79 44 71 76 27 37 55 52 25 47 84 28 50 2 16 77 63 7 48 23 13 75 24 43 3 31 
41 6 83 34 46 53 56 70 68 51 26 11 73 61 18 60 41 29 40 39 66 36 81 45 21 49 19 78 10 65 58 69 9 4 54 42 67 80 5 1 15 38 33 14 79 44 71 76 27 37 55 52 25 47 84 28 50 2 16 77 63 7 48 23 13 75 24 43 3 31 
42 6 83 34 46 53 56 70 68 51 26 11 73 61 18 60 41 29 40 39 66 36 81 45 21 49 19 78 10 65 58 69 9 4 54 67 42 80 5 1 15 38 33 14 79 44 71 76 27 37 55 52 25 47 84 28 50 2 16 77 63 7 48 23 13 75 24 43 3 31 
43 6 83 34 46 53 56 70 68 51 26 11 73 61 18 60 41 29 40 39 66 36 81 45 21 49 19 78 10 65 58 69 9 4 54 42 67 80 5 1 15 38 33 14 79 44 71 76 27 37 55 52 25 47 84 28 50 2 16 77 63 7 48 23 13 75 24 43 3 31 
44 6 83 34 46 53 56 70 68 51 26 11 73 61 18 60 41 29 40 39 66 36 81 45 21 49 19 78 10 65 58 69 9 4 54 42 67 80 5 1 15 38 33 14 79 71 76 44 27 37 55 52 25 47 84 28 50 2 16 77 63 7 48 23 13 75 24 43 3 31 
45 6 83 34 46 53 56 70 68 51 26 11 73 61 18 60 41 29 40 39 66 36 81 45 21 49 19 78 10 65 58 69 9 4 54 42 67 80 5 1 15 38 33 14 79 44 71 76 27 37 55 52 25 47 84 28 50 2 16 77 63 7 48 23 13 75 24 43 3 31 
46 6 83 34 46 53 56 70 68 51 26 11 73 61 18 60 41 29 40 39 66 36 81 45 21 49 19 78 10 65 58 69 9 4 54 42 67 80 5 1 15 38 33 14 79 44 71 76 27 37 55 52 25 47 84 28 50 2 16 77 63 7 48 23 13 75 24 43 3 31 
47 6 83 34 46 53 56 70 68 51 26 11 73 61 18 60 41 29 40 39 66 36 81 45 21 49 19 78 10 65 58 69 9 4 54 42 67 80 5 1 15 38 33 14 79 44 71 76 27 37 55 52 25 84 47 28 50 2 16 77 63 7 48 23 13 75 24 43 3 31 
48 6 83 34 46 53 56 70 68 51 26 11 73 61 18 60 41 29 40 39 66 36 81 45 21 49 19 78 10 65 58 69 9 4 54 42 67 80 5 1 15 38 33 14 79 44 71 76 27 37 55 52 47 25 84 28 50 2 16 77 63 7 48 23 13 75 24 43 3 31 
49 6 83 34 46 53 56 70 68 51 26 11 73 61 18 60 41 29 40 39 66 36 81 45 21 49 19 78 10 65 58 69 9 4 54 42 67 80 5 1 15 38 33 14 79 44 71 76 27 37 55 52 47 25 84 28 50 2 16 77 63 7 48 23 13 75 24 43 3 31 
50 6 83 34 46 53 56 70 68 51 26 11 73 61 18 60 41 29 40 39 66 36 81 45 49 21 19 78 10 65 58 69 9 4 54 42 67 80 5 1 15 38 33 14 79 44 71 76 27 37 55 52 47 25 84 28 50 2 16 77 63 7 48 23 13 75 24 43 3 31 
51 6 83 34 46 53 56 70 68 51 26 11 73 61 18 60 41 29 40 39 66 36 81 45 49 21 19 78 10 65 58 69 9 4 54 42 67 80 5 1 15 38 33 14 79 44 71 76 27 37 55 52 47 25 84 50 28 2 16 77 63 7 48 23 13 75 24 43 3 31 
52 6 83 34 46 53 56 70 68 51 26 11 73 61 18 60 41 29 40 39 66 36 81 45 49 21 19 78 10 65 58 69 9 4 54 42 67 80 5 1 15 38 33 14 79 44 71 76 27 37 55 52 47 25 84 50 28 2 16 77 63 7 48 23 13 75 24 43 3 31 
53 6 83 34 46 53 56 70 68 51 26 11 73 61 18 60 41 29 40 39 66 36 81 45 49 21 19 78 10 65 58 69 9 4 54 42 67 80 5 1 15 38 33 14 79 44 71 76 27 37 55 52 47 25 84 50 28 2 16 77 63 7 48 23 13 75 24 43 3 31 
54 6 83 34 46 53 56 70 68 51 26 11 73 61 18 60 41 29 40 39 66 36 81 45 49 21 19 78 10 65 58 69 9 4 54 42 67 80 5 1 15 38 33 14 79 44 71 76 27 37 55 52 47 25 84 50 28 2 16 77 63 7 48 23 13 75 24 43 3 31 
55 6 83 34 46 53 56 70 68 51 26 11 73 61 18 60 41 29 40 39 66 36 81 45 49 21 19 78 10 65 58 69 9 4 54 42 67 80 5 1 15 38 33 14 79 44 71 76 27 37 55 52 47 25 84 50 28 2 16 77 63 7 48 23 13 75 24 43 3 31 
56 6 83 34 46 53 70 56 68 51 26 11 73 61 18 60 41 29 40 39 66 36 81 45 49 21 19 78 10 65 58 69 9 4 54 42 67 80 5 1 15 38 33 14 79 44 71 76 27 37 55 52 47 25 84 50 28 2 16 77 63 7 48 23 13 75 24 43 3 31 
57 6 83 34 46 53 56 70 68 51 26 11 73 61 18 60 41 29 40 39 66 36 81 45 49 21 19 78 10 65 58 69 9 4 54 42 67 80 5 1 15 38 33 14 79 44 71 76 27 37 55 52 47 25 84 50 28 2 16 77 63 7 48 23 13 75 24 43 3 31 
58 6 34 46 53 56 70 68 51 26 11 61 18 60 41 29 40 39 66 36 81 45 49 21 19 78 10 65 58 69 9 54 42 67 80 5 1 15 38 33 14 79 44 71 76 27 37 55 52 47 25 84 50 28 2 16 77 63 7 48 23 13 75 24 43 3 
59 6 34 46 53 56 70 68 51 26 11 61 18 60 41 29 40 39 66 36 81 45 49 21 19 78 10 65 58 69 9 54 42 67 80 5 1 15 38 33 14 79 44 71 76 27 37 55 52 47 25 84 50 28 2 16 77 63 7 48 23 13 75 24 43 3 
60 6 83 34 46 53 56 70 68 51 26 11 73 61 18 60 41 29 40 39 66 36 81 45 21 49 19 78 10 65 58 69 9 4 54 42 67 80 5 1 15 38 33 14 79 44 71 76 27 37 55 52 25 47 84 28 50 2 16 77 22 63 7 48 23 13 75 24 43 64 3 31 
61 6 83 34 46 53 56 70 68 51 26 11 73 61 18 60 41 29 40 39 66 36 81 45 21 49 19 78 10 65 58 69 9 4 54 42 67 80 5 1 15 38 33 14 79 44 71 76 27 37 55 52 25 47 84 28 50 2 16 77 22 63 7 48 23 13 75 24 43 64 3 31 
62 6 83 34 46 53 56 70 68 51 26 11 73 61 18 60 41 29 40 39 66 36 81 45 21 49 19 78 10 65 58 69 9 4 54 42 67 80 5 1 15 38 33 14 79 44 71 76 27 37 55 52 25 47 84 28 50 2 16 77 22 63 7 48 23 13 75 24 43 64 3 31 
63 6 83 34 46 53 56 70 68 51 26 11 73 61 18 60 41 29 40 39 66 36 81 45 21 49 19 78 10 65 58 69 9 4 54 42 67 80 5 1 15 38 33 14 79 44 71 76 27 37 55 52 25 47 84 28 50 2 16 77 22 63 7 48 23 13 75 24 43 64 3 31 
64 6 83 34 46 53 56 70 68 51 26 11 73 61 18 60 41 29 40 39 66 36 81 45 21 49 19 78 10 65 58 69 9 4 54 42 67 80 5 1 15 38 33 14 79 44 71 76 27 55 52 25 47 84 28 50 2 16 77 63 7 48 23 13 75 24 43 64 3 31 
65 6 83 34 46 53 56 70 68 51 26 11 73 61 18 60 41 29 40 39 66 36 81 45 21 49 19 78 10 65 58 69 9 4 54 42 67 80 5 1 15 38 33 14 79 44 71 76 27 55 52 25 47 84 28 50 2 16 77 63 7 48 23 13 75 24 43 64 3 31 
66 6 83 34 46 53 56 70 68 51 26 11 73 61 18 60 41 29 40 39 66 36 81 45 21 49 19 78 10 65 58 69 9 4 54 42 67 80 5 1 15 38 33 14 79 44 71 76 27 55 52 25 47 84 28 50 2 16 77 63 7 48 23 13 75 24 43 64 3 31 
67 6 83 34 46 53 56 70 68 51 26 11 73 61 18 60 41 29 40 39 66 36 81 45 21 49 19 78 10 65 58 69 9 4 54 42 67 80 5 1 15 38 33 14 79 44 71 76 27 55 52 25 47 84 28 50 2 16 77 63 7 48 23 13 75 24 43 64 3 31 
68 6 83 34 46 53 56 70 68 51 26 11 73 61 18 60 41 29 40 39 66 36 81 45 21 49 19 78 10 65 58 69 9 4 54 67 42 80 5 1 15 38 33 14 79 44 71 76 27 55 52 25 47 84 28 50 2 16 77 63 7 48 23 13 75 24 43 64 3 31 
69 6 83 34 46 53 56 70 68 51 26 11 73 61 18 60 41 29 40 39 66 36 81 45 21 49 19 78 10 65 58 69 9 4 54 67 42 80 5 1 15 38 33 14 79 44 71 76 27 55 52 25 47 84 28 50 2 16 77 63 7 48 23 13 75 24 43 64 3 31 
70 6 83 34 46 53 56 70 68 51 26 11 73 61 18 60 41 29 40 39 66 36 81 45 21 49 19 78 10 65 58 69 9 4 54 67 42 80 5 1 15 38 33 14 79 44 71 76 27 55 52 25 47 84 28 50 2 16 77 63 7 48 23 13 75 24 43 64 3 31 
71 6 83 34 46 53 70 56 68 51 26 11 73 61 18 60 41 29 40 39 66 36 81 45 21 49 19 78 10 65 58 69 9 4 54 67 42 80 5 1 15 38 33 14 79 44 76 71 27 55 52 25 47 84 28 50 2 16 77 63 7 48 23 13 75 24 43 64 3 31 
72 6 83 34 46 53 70 56 68 51 26 11 73 61 18 60 41 29 40 39 66 36 81 45 21 49 19 78 10 65 58 69 9 4 54 67 42 80 5 1 15 38 33 14 79 71 44 76 27 55 52 25 47 84 28 50 2 16 77 63 7 48 23 13 75 24 43 64 3 31 
73 6 34 46 53 70 56 68 51 26 11 73 61 18 60 41 29 40 39 66 36 81 45 21 49 19 78 10 65 69 9 54 67 42 80 5 1 15 38 33 14 79 71 44 76 27 55 52 25 47 84 28 50 2 16 77 63 7 48 23 13 75 24 43 64 3 
74 6 34 46 53 70 56 68 51 26 11 73 61 18 60 41 29 40 39 66 36 81 45 21 49 19 78 10 65 69 9 54 67 42 80 5 1 15 38 33 14 79 71 44 76 27 55 52 25 47 84 28 50 2 16 77 63 7 48 23 13 75 24 43 64 3 
75 6 83 34 46 53 56 70 68 51 26 11 73 61 18 60 41 29 40 39 66 36 81 45 21 49 19 78 10 65 58 69 9 4 54 42 67 80 5 1 15 38 33 14 79 44 71 76 27 37 55 52 25 47 84 28 50 2 16 77 22 63 7 48 23 13 75 24 43 64 3 31 
76 6 83 34 46 53 56 70 68 51 26 11 73 61 18 60 41 29 40 39 66 36 81 45 21 49 19 78 10 65 58 69 9 4 54 42 67 80 5 1 15 38 33 14 79 44 71 76 27 37 55 52 25 47 84 28 50 2 16 77 22 63 7 48 23 13 75 24 43 64 3 31 
77 6 83 34 46 53 56 70 68 51 26 11 73 61 18 60 41 29 40 39 66 36 81 45 21 49 19 78 10 65 58 69 9 4 54 42 67 80 5 1 15 38 33 14 79 76 44 71 27 37 55 52 25 47 84 28 50 2 16 77 22 63 7 48 23 13 75 24 43 64 3 31 
78 6 83 34 46 53 56 70 68 51 26 11 73 61 18 60 41 29 40 39 66 36 81 45 21 49 19 78 10 65 58 69 9 4 54 42 67 80 5 1 15 38 33 14 79 76 44 71 27 37 55 52 25 47 84 28 50 2 16 77 22 63 7 48 23 13 75 24 43 64 3 31 
79 6 83 34 46 53 56 70 68 51 26 11 73 61 18 60 41 29 40 39 66 36 81 45 21 49 19 78 10 65 58 69 9 4 54 42 67 80 5 1 15 38 33 14 79 76 44 71 27 37 55 52 25 47 84 28 50 2 16 77 22 63 7 48 23 13 75 24 43 64 3 31 
80 6 83 34 46 53 56 70 68 51 26 11 73 61 18 60 41 29 40 39 66 36 81 45 21 49 19 78 10 65 58 69 9 4 54 42 67 80 5 1 15 38 33 14 79 76 44 71 27 37 55 52 25 47 84 28 50 2 16 77 22 63 7 48 23 13 75 24 43 64 3 31 
81 6 83 34 46 53 56 70 68 51 26 11 73 61 18 60 41 29 40 39 66 36 81 45 21 49 19 78 10 65 58 69 9 4 54 42 67 80 5 1 15 38 33 14 79 76 44 71 27 37 55 52 25 47 84 28 50 2 16 77 22 63 7 48 23 13 75 24 43 64 3 31 
82 6 83 34 46 53 56 70 68 51 26 11 73 61 18 60 41 29 40 39 66 36 81 45 21 49 19 78 10 65 58 69 9 4 54 42 67 80 5 1 15 38 33 14 79 76 44 71 27 37 55 52 25 47 84 28 50 2 16 77 22 63 7 48 23 13 75 24 43 64 3 31 
83 6 83 34 46 53 56 70 68 51 26 11 61 18 60 41 29 40 39 66 36 81 45 21 49 19 78 10 65 69 9 54 42 67 80 5 1 15 38 33 14 79 76 44 71 27 37 55 52 25 47 84 28 50 2 16 77 22 63 7 48 23 13 75 24 43 64 3 
84 6 83 34 46 53 56 70 68 51 26 11 73 61 18 60 41 29 40 39 66 36 81 45 21 49 19 78 10 65 58 69 9 4 54 42 67 80 5 1 15 38 33 14 79 44 71 76 27 37 55 52 25 47 84 28 50 2 16 77 22 63 7 48 23 13 75 24 43 64 31 
85 6 83 34 46 53 56 70 68 51 26 11 73 61 18 60 41 29 40 39 66 36 81 45 21 49 19 78 10 65 58 69 9 4 54 42 67 80 5 1 15 38 33 14 79 44 71 76 27 37 55 52 25 47 84 28 50 2 16 77 22 63 7 48 23 13 75 24 43 64 3 31 
86 6 83 34 46 53 56 70 68 51 26 11 73 61 18 60 41 29 40 39 66 36 81 45 21 49 19 78 10 65 58 69 9 4 54 42 67 80 5 1 15 38 33 14 79 44 71 76 27 37 55 52 25 47 84 28 50 2 16 77 22 63 7 48 23 13 75 24 43 64 3 31 
