1 1 
2 1 2 
3 1 2 
4 1 2 
5 5 1 2 
6 5 1 2 
7 5 1 2 
8 8 5 1 2 
9 8 5 1 9 2 
10 8 5 10 1 9 2 
11 8 5 10 1 9 2 
12 8 5 10 1 9 2 
13 8 13 5 10 1 9 2 
14 8 13 5 10 1 9 14 2 
15 8 13 5 15 10 1 9 14 2 
16 8 13 5 15 10 1 9 14 2 
17 8 13 5 15 10 1 9 14 2 
18 8 13 5 15 10 1 9 14 2 18 
19 8 13 5 15 10 1 9 14 19 2 18 
20 8 13 5 15 10 1 9 14 19 2 18 20 
21 8 13 5 15 10 1 9 14 19 2 18 20 
22 8 13 5 15 10 1 9 14 19 2 18 20 
23 10 1 19 2 20 8 13 5 15 9 14 18 23 
24 10 1 19 2 20 8 13 24 5 15 9 14 18 23 
25 10 1 19 2 20 8 13 24 5 15 9 14 18 23 
26 10 1 19 2 20 8 13 24 5 15 9 14 18 23 
27 10 1 19 2 27 20 8 13 24 5 15 9 14 18 23 
28 10 1 19 2 27 20 8 13 24 28 5 15 9 14 18 23 
29 10 1 19 2 27 20 8 13 24 28 5 15 9 14 18 23 
30 10 1 19 2 27 20 8 13 24 28 5 15 9 14 18 23 
31 10 1 19 2 31 27 20 8 13 24 28 5 15 9 14 18 23 
32 10 1 19 2 31 27 20 8 13 24 28 5 15 32 9 14 18 23 
33 10 1 19 2 31 27 20 8 13 24 28 5 15 32 9 14 18 23 
34 10 1 19 2 31 27 20 8 13 24 28 5 15 32 9 14 18 23 
35 10 1 19 2 31 27 20 8 13 24 28 35 5 15 32 9 14 18 23 
36 10 1 19 2 31 36 27 20 8 13 24 28 35 5 15 32 9 14 18 23 
37 37 10 1 19 2 31 36 27 20 8 13 24 28 35 5 15 32 9 14 18 23 
38 37 10 1 19 2 31 36 27 20 8 13 24 28 35 5 15 32 9 14 18 23 
39 37 10 1 19 2 31 36 27 20 8 13 24 28 35 5 15 32 9 14 18 23 
40 37 10 1 19 2 31 36 27 20 8 13 24 28 35 5 15 32 40 9 14 18 23 
41 37 10 1 19 2 31 36 27 20 8 13 24 28 35 41 5 15 32 40 9 14 18 23 
42 37 10 1 19 2 31 36 27 42 20 8 13 24 28 35 41 5 15 32 40 9 14 18 23 
43 37 10 1 19 2 31 36 27 42 20 8 13 24 28 35 41 5 15 32 40 9 14 18 23 
44 37 10 1 19 2 31 36 27 42 20 8 13 24 28 35 41 5 15 32 40 9 14 18 23 
45 2 31 36 27 35 5 32 14 37 10 1 19 42 20 8 13 24 28 41 45 15 40 9 18 23 
46 2 31 36 27 35 5 32 14 37 10 1 19 42 20 8 13 24 28 41 45 15 40 9 18 23 
