1 2 
2 3 
3 4 
4 5 
5 6 
6 7 
7 8 
8 9 
9 10 
10 11 
11 12 
12 13 
13 14 
14 15 
15 16 21 
16 17 
17 18 20 
18 19 
19 20 21 
20 21 23 
21 22 
22 
23 24 
24 25 
25 26 
26 27 
27 28 
28 29 31 
29 30 
30 
31 32 
32 33 
33 34 
34 35 
35 36 
36 37 
37 38 
38 39 40 
39 
40 41 
41 42 
42 43 
43 44 
44 45 
45 46 
46 47 
47 48 
48 49 
49 50 95 
50 51 
51 52 
52 53 
53 54 
54 55 
55 56 
56 57 95 
57 58 
58 59 
59 60 63 
60 61 
61 62 
62 63 69 
63 64 
64 65 
65 66 95 
66 67 
67 68 
68 69 95 
69 70 
70 71 
71 72 
72 73 
73 74 
74 75 
75 76 
76 77 
77 78 
78 79 
79 80 
80 81 
81 82 
82 83 
83 84 
84 85 
85 86 
86 87 
87 88 
88 89 
89 90 
90 91 
91 92 
92 93 
93 94 
94 95 
95 96 
96 97 201 
97 98 
98 99 
99 100 
100 101 
101 102 
102 103 
103 104 153 
104 105 
105 106 
106 107 110 
107 108 
108 109 
109 110 116 
110 111 
111 112 
112 113 153 
113 114 
114 115 
115 116 153 
116 117 
117 118 
118 119 
119 120 
120 121 
121 122 
122 123 
123 124 
124 125 
125 126 
126 127 
127 128 
128 129 
129 130 
130 131 
131 132 
132 133 
133 134 
134 135 
135 136 
136 137 
137 138 
138 139 
139 140 
140 141 
141 142 
142 143 
143 144 
144 145 
145 146 150 
146 147 
147 148 
148 149 
149 150 
150 151 
151 152 
152 201 
153 154 
154 155 201 
155 156 
156 157 
157 158 
158 159 201 
159 160 
160 161 
161 162 165 
162 163 
163 164 
164 165 171 
165 166 
166 167 
167 168 201 
168 169 
169 170 
170 171 201 
171 172 
172 173 
173 174 
174 175 
175 176 
176 177 
177 178 
178 179 
179 180 
180 181 
181 182 
182 183 
183 184 
184 185 
185 186 
186 187 
187 188 
188 189 
189 190 
190 191 
191 192 
192 193 
193 194 
194 195 
195 196 
196 197 
197 198 
198 199 
199 200 
200 201 
201 202 
202 203 205 
203 204 
204 
205 206 
206 207 
207 208 230 
208 209 
209 210 
210 211 219 
211 212 
212 213 
213 214 
214 215 217 
215 216 
216 218 
217 218 
218 219 
219 220 
220 221 
221 222 230 
222 223 
223 224 
224 225 
225 226 228 
226 227 
227 229 
228 229 
229 230 
230 231 253 
231 232 
232 233 
233 234 242 
234 235 
235 236 
236 237 
237 238 240 
238 239 
239 241 
240 241 
241 242 
242 243 
243 244 
244 245 253 
245 246 
246 247 
247 248 
248 249 251 
249 250 
250 252 
251 252 
252 253 
253 254 
254 255 277 
255 256 
256 257 
257 258 266 
258 259 
259 260 
260 261 
261 262 264 
262 263 
263 265 
264 265 
265 266 
266 267 
267 268 
268 269 277 
269 270 
270 271 
271 272 
272 273 275 
273 274 
274 276 
275 276 
276 277 
277 278 300 
278 279 
279 280 
280 281 289 
281 282 
282 283 
283 284 
284 285 287 
285 286 
286 288 
287 288 
288 289 
289 290 
290 291 
291 292 300 
292 293 
293 294 
294 295 
295 296 298 
296 297 
297 299 
298 299 
299 300 
300 301 
301 302 
302 303 350 
303 304 326 
304 305 
305 306 
306 307 315 
307 308 
308 309 
309 310 
310 311 313 
311 312 
312 314 
313 314 
314 315 
315 316 
316 317 
317 318 326 
318 319 
319 320 
320 321 
321 322 324 
322 323 
323 325 
324 325 
325 326 
326 327 349 
327 328 
328 329 
329 330 338 
330 331 
331 332 
332 333 
333 334 336 
334 335 
335 337 
336 337 
337 338 
338 339 
339 340 
340 341 349 
341 342 
342 343 
343 344 
344 345 347 
345 346 
346 348 
347 348 
348 349 
349 350 
350 351 352 
351 352 
352 353 354 
353 354 
354 
