1 1 
2 1 2 
3 1 2 
4 1 2 
5 1 5 2 
6 1 5 2 
7 1 5 2 
8 1 5 8 2 
9 1 5 9 8 2 
10 1 5 10 9 8 2 
11 1 5 10 11 9 8 2 
12 1 5 10 11 9 8 2 
13 1 5 10 11 9 8 2 
14 14 1 5 10 11 9 8 2 
15 14 1 5 15 10 11 9 8 2 
16 14 1 5 16 15 10 11 9 8 2 
17 14 1 5 16 15 10 11 9 8 2 
18 14 1 5 16 15 10 11 9 8 2 
19 14 1 5 16 15 19 10 11 9 8 2 
20 14 20 1 5 16 15 19 10 11 9 8 2 
21 20 1 19 10 11 9 8 2 21 14 5 16 15 
22 20 1 19 10 11 9 8 2 21 14 5 16 15 
23 20 1 19 10 11 9 8 2 21 14 5 16 15 
24 20 1 19 10 11 9 24 8 2 21 14 5 16 15 
25 20 1 19 10 11 9 24 8 2 21 14 25 5 16 15 
26 20 1 19 10 11 9 24 8 2 21 14 25 5 16 15 
27 20 1 19 10 11 9 24 8 2 21 14 25 5 16 15 
28 28 20 1 19 10 11 9 24 8 2 21 14 25 5 16 15 
29 28 20 1 19 10 11 9 24 8 2 21 14 25 5 16 29 15 
30 28 20 1 19 10 11 9 24 8 2 21 30 14 25 5 16 29 15 
31 28 20 1 19 10 11 9 24 8 2 21 30 14 25 5 16 29 15 
32 28 20 1 19 10 11 9 24 8 2 21 30 14 25 5 16 29 15 
33 28 20 1 19 10 11 9 24 8 2 21 30 33 14 25 5 16 29 15 
34 28 20 1 19 10 11 9 24 8 2 21 30 33 14 25 34 5 16 29 15 
35 28 20 1 19 10 11 9 24 8 2 21 30 33 14 25 34 5 16 29 15 
36 28 20 1 19 10 11 9 24 8 2 21 30 33 14 25 34 5 16 29 15 
37 28 20 1 19 10 11 37 9 24 8 2 21 30 33 14 25 34 5 16 29 15 
38 28 20 1 19 10 11 37 9 24 8 2 21 30 33 14 25 34 5 16 29 15 38 
39 28 20 1 19 10 11 37 9 24 8 2 21 30 33 14 25 34 39 5 16 29 15 38 
40 28 20 1 19 10 11 37 9 24 8 2 21 30 33 14 25 34 39 5 16 29 15 38 
41 28 20 1 19 10 11 37 9 24 8 2 21 30 33 14 25 34 39 5 16 29 15 38 
42 28 20 1 19 10 11 37 9 24 8 2 21 30 33 14 25 34 39 5 16 29 15 42 38 
43 20 37 2 21 30 33 34 5 29 42 38 28 1 19 10 11 9 24 8 14 25 39 16 15 43 
44 20 37 2 21 30 33 34 5 29 42 44 38 28 1 19 10 11 9 24 8 14 25 39 16 15 43 
45 20 37 2 21 30 33 34 5 29 42 44 38 28 1 19 10 11 9 24 8 14 25 39 16 15 43 
46 20 37 2 21 30 33 34 5 29 42 44 38 28 1 19 10 11 9 24 8 14 25 39 16 15 43 
47 20 47 37 2 21 30 33 34 5 29 42 44 38 28 1 19 10 11 9 24 8 14 25 39 16 15 43 
48 20 47 37 2 21 30 33 34 5 29 42 44 38 28 1 19 10 48 11 9 24 8 14 25 39 16 15 43 
49 20 47 37 2 21 30 33 34 5 29 42 44 38 28 1 19 10 48 11 9 24 8 14 25 39 16 15 43 
50 20 47 37 2 21 30 33 34 5 29 42 44 38 28 1 19 10 48 11 9 24 8 14 25 39 16 15 43 
51 20 47 51 37 2 21 30 33 34 5 29 42 44 38 28 1 19 10 48 11 9 24 8 14 25 39 16 15 43 
52 20 47 51 37 2 21 30 33 34 5 29 42 44 38 28 1 19 10 48 11 9 24 8 52 14 25 39 16 15 43 
53 20 47 51 37 2 21 30 33 34 5 29 42 44 38 28 53 1 19 10 48 11 9 24 8 52 14 25 39 16 15 43 
54 20 47 51 37 2 21 30 33 34 5 29 42 44 38 28 53 1 19 10 48 11 9 24 8 52 14 25 39 16 15 43 
55 20 47 51 37 2 21 30 33 34 5 29 42 44 38 28 53 1 19 10 48 11 9 24 8 52 14 25 39 16 15 43 
56 20 47 51 37 2 21 30 33 34 5 29 42 44 38 28 53 1 19 10 48 11 9 24 8 52 14 25 39 16 15 43 56 
57 20 47 51 37 2 21 30 33 34 5 29 42 44 38 28 53 1 19 10 48 11 9 24 8 52 14 25 39 16 15 43 56 
