1 1 
2 1 2 
3 1 2 3 
4 1 2 3 
5 1 2 3 5 
6 1 6 2 3 5 
7 1 6 2 3 5 7 
8 1 6 3 5 8 7 
9 1 6 2 3 5 8 7 
10 1 6 2 3 5 8 7 10 
11 1 6 2 11 3 8 7 10 
12 1 6 2 11 3 12 8 7 10 
13 1 6 13 2 11 3 12 8 7 10 
14 1 6 13 11 14 3 12 7 10 
15 1 6 13 2 11 14 3 5 12 8 7 10 
16 1 13 11 14 3 5 12 8 7 16 6 2 10 
17 1 13 6 2 14 3 12 17 8 7 16 10 
18 1 13 14 3 12 8 7 16 18 6 2 17 10 
19 19 1 13 14 3 12 8 7 16 18 6 2 17 10 
20 18 19 1 13 6 20 3 12 17 7 16 10 
21 19 1 13 11 20 14 3 5 12 8 7 16 21 18 6 2 17 10 
22 19 1 13 11 20 14 3 5 12 8 7 16 21 18 6 22 2 17 10 
23 19 1 13 11 3 5 12 23 7 16 21 18 6 22 17 10 
24 19 1 13 11 3 5 12 23 7 16 21 18 6 22 24 17 10 
25 19 1 13 11 3 25 5 12 23 7 16 21 18 6 22 24 17 10 
26 19 1 13 11 3 25 5 12 23 7 16 21 18 6 22 24 17 10 
27 19 1 13 11 3 25 5 12 23 7 16 21 18 6 22 24 17 10 27 
28 19 1 13 11 3 25 5 12 23 7 16 21 18 6 22 24 17 10 27 
29 19 1 13 11 3 25 5 12 23 7 16 21 18 6 22 24 29 17 10 
30 19 1 13 11 3 25 5 12 7 16 21 18 30 6 22 24 29 17 10 27 
31 19 1 13 11 3 25 5 12 7 16 31 21 18 30 6 22 24 29 17 10 27 
32 19 1 13 11 3 25 5 12 32 7 16 31 21 18 30 6 22 24 29 17 10 27 
33 19 1 13 11 3 25 5 12 32 7 16 31 21 18 30 6 22 24 29 17 10 27 
34 34 19 1 13 11 3 25 5 12 32 7 16 31 21 18 30 6 22 24 29 17 10 27 
35 34 19 1 13 11 3 25 5 12 32 7 16 31 21 18 30 6 22 24 29 17 10 27 
36 19 1 13 11 3 25 5 12 32 7 16 31 36 21 18 30 6 22 24 29 17 10 27 
37 34 19 1 13 11 37 3 25 5 12 32 7 16 31 36 21 18 6 22 24 29 17 10 27 
38 34 19 1 13 11 37 3 25 5 12 32 7 16 31 36 21 18 6 22 24 29 17 10 27 
