1 1 
2 2 1 
3 2 3 1 
4 2 4 3 1 
5 2 4 3 5 1 
6 2 4 3 5 1 6 
7 2 4 3 5 1 6 7 
8 2 4 3 5 8 1 6 7 
9 2 4 3 9 5 8 1 6 7 
10 2 4 9 5 8 10 1 6 7 
11 2 4 9 5 8 10 1 11 6 7 
12 2 4 9 12 5 8 10 1 11 6 7 
13 2 4 13 9 12 5 8 10 1 11 6 7 
14 2 4 13 12 8 10 14 1 11 6 9 5 7 
15 2 4 13 12 10 14 1 11 6 9 15 5 7 
16 2 4 13 16 12 10 14 1 11 6 9 15 5 7 
17 2 4 13 16 12 10 14 1 11 6 9 15 5 7 
18 2 4 13 16 12 10 14 1 11 6 18 9 15 5 7 
19 2 4 13 16 12 10 14 1 11 6 18 9 19 15 5 7 
20 2 4 13 16 12 10 14 1 11 6 18 9 19 20 15 5 7 
21 2 4 13 16 21 12 10 14 1 11 6 18 9 19 20 5 7 
22 2 4 13 16 21 12 10 14 1 11 6 18 9 19 20 15 5 7 22 
23 2 4 13 16 21 12 10 14 1 11 6 18 9 19 20 15 5 7 22 23 
24 2 4 13 16 24 21 12 10 14 1 11 6 18 9 19 20 15 5 7 22 23 
25 2 4 13 16 24 25 12 10 14 1 11 6 18 9 19 20 5 7 22 23 
26 2 4 13 16 24 25 12 10 14 1 11 6 18 9 19 20 5 7 22 23 
