1 1 
2 1 2 
3 1 3 2 
4 1 3 4 2 
5 5 1 3 4 2 
6 5 6 1 3 4 2 
7 5 6 7 1 3 4 2 
8 5 6 7 1 3 4 2 
9 5 6 7 9 1 3 4 2 
10 5 6 7 9 1 3 4 2 
11 5 6 7 9 1 3 4 2 
12 5 6 7 9 12 1 3 4 2 
13 5 6 7 9 12 1 13 3 4 2 
14 5 6 7 9 12 1 13 3 4 2 14 
15 5 6 7 9 12 1 13 3 15 4 2 14 
16 16 12 3 15 14 5 6 7 9 1 13 4 2 
17 16 12 3 15 14 5 6 7 9 17 1 13 4 2 
18 16 12 18 3 15 14 5 6 7 9 17 1 13 4 2 
19 16 12 18 3 15 14 5 6 7 9 17 1 13 19 4 2 
20 20 16 12 18 3 15 14 5 6 7 9 17 1 13 19 4 2 
21 20 16 12 18 3 15 14 5 6 7 9 21 17 1 13 19 4 2 
22 20 16 12 18 3 15 14 5 6 7 9 21 17 1 13 19 22 4 2 
23 20 16 12 18 23 3 15 14 5 6 7 9 21 17 1 13 19 22 4 2 
24 20 16 12 18 23 3 15 14 5 6 7 24 9 21 17 1 13 19 22 4 2 
25 20 16 12 18 23 3 15 14 5 6 7 25 24 9 21 17 1 13 19 22 4 2 
26 20 16 26 12 18 23 3 15 14 5 6 7 25 24 9 21 17 1 13 19 22 4 2 
27 20 16 26 12 18 23 3 15 14 5 6 7 25 24 9 21 17 1 13 19 22 4 2 
