1 1 
2 1 
3 1 
4 1 4 
5 1 4 
6 1 4 
7 1 4 7 
8 1 4 7 
9 1 4 7 
10 1 10 4 7 
11 1 10 4 7 
12 1 10 4 7 
13 1 10 4 13 7 
14 1 10 4 13 7 
15 1 10 4 13 7 
16 1 16 10 4 13 7 
17 1 16 10 4 13 7 
18 1 16 10 4 13 7 
19 1 16 10 4 13 19 7 
20 1 16 10 4 13 19 7 
21 1 16 10 4 13 19 7 
22 1 16 10 4 22 13 19 7 
23 1 16 10 4 22 13 19 7 
24 1 16 10 4 22 13 19 7 
25 1 16 10 4 22 13 19 25 7 
26 1 16 10 4 22 13 19 25 7 
27 1 16 10 4 22 13 19 25 7 
28 1 16 28 10 4 22 13 19 25 7 
29 1 16 28 10 4 22 13 19 25 7 
30 1 16 28 10 4 22 13 19 25 7 
31 1 16 28 10 4 22 13 19 25 31 7 
32 1 16 28 10 4 22 13 19 25 31 7 
33 1 16 28 10 4 22 13 19 25 31 7 
34 1 16 28 34 10 4 22 13 19 25 31 7 
35 1 16 28 34 10 4 22 13 19 25 31 7 
36 1 16 28 34 10 4 22 13 19 25 31 7 
37 1 37 34 4 13 19 25 7 16 28 10 22 31 
38 1 37 34 4 13 19 25 7 16 28 10 22 31 
39 1 37 34 4 13 19 25 7 16 28 10 22 31 
40 1 37 40 34 4 13 19 25 7 16 28 10 22 31 
41 1 37 40 34 4 13 19 25 7 16 28 10 22 31 
42 1 37 40 34 4 13 19 25 7 16 28 10 22 31 
43 1 37 40 43 34 4 13 19 25 7 16 28 10 22 31 
44 1 37 40 43 34 4 13 19 25 7 16 28 10 22 31 
45 1 37 40 43 34 4 13 19 25 7 16 28 10 22 31 
46 1 37 40 43 34 4 13 19 25 7 16 28 10 46 22 31 
47 1 37 40 43 34 4 13 19 25 7 16 28 10 46 22 47 31 
48 1 37 40 43 34 4 13 19 25 7 16 28 10 46 22 47 31 
49 1 37 40 43 34 4 49 13 19 25 7 16 28 10 46 22 47 31 
50 1 37 40 43 34 4 49 13 19 25 7 16 28 10 46 22 47 31 
51 1 37 40 43 34 4 49 13 19 25 7 16 28 10 46 51 22 47 31 
52 1 37 40 43 34 4 49 13 19 25 7 16 28 10 46 51 22 47 31 
53 1 37 40 43 34 4 49 13 19 25 7 16 28 10 46 51 22 47 31 53 
54 1 37 40 43 34 4 49 13 19 25 7 16 28 10 46 51 22 47 31 53 
55 1 37 40 43 34 55 4 49 13 19 25 7 16 28 10 46 51 22 47 31 53 
56 1 37 40 43 34 55 4 49 13 19 25 7 16 28 10 46 51 22 47 31 53 
57 1 37 40 43 34 55 4 57 49 13 19 25 7 16 28 10 46 51 22 47 31 53 
58 1 37 40 43 34 55 4 57 49 13 19 25 7 16 28 10 46 51 22 47 31 53 
59 1 37 40 43 34 55 59 4 57 49 13 19 25 7 16 28 10 46 51 22 47 31 53 
60 1 37 40 43 34 55 59 4 57 49 13 19 25 7 16 28 10 46 51 22 47 31 53 
61 1 37 40 43 34 55 59 4 57 49 13 19 25 7 16 28 10 46 51 22 47 31 61 53 
62 1 37 40 43 34 55 59 4 57 49 13 19 25 7 16 28 10 46 51 22 47 31 61 53 
63 40 43 34 55 59 4 13 25 7 16 10 46 61 53 1 37 57 49 19 28 51 22 47 31 63 
64 40 43 34 55 59 4 13 25 7 16 10 46 61 53 1 37 57 49 19 28 51 22 47 31 63 
65 40 43 34 55 59 4 13 25 7 65 16 10 46 61 53 1 37 57 49 19 28 51 22 47 31 63 
66 40 43 34 55 59 4 13 25 7 65 16 10 46 61 53 1 37 57 49 19 28 51 22 47 31 63 
67 40 43 34 55 59 4 13 25 7 65 16 10 46 61 53 1 37 67 57 49 19 28 51 22 47 31 63 
68 40 43 34 55 59 4 13 25 7 65 16 10 46 61 53 1 37 67 57 49 19 28 51 22 47 31 63 
69 40 43 34 55 59 4 13 25 7 65 16 10 46 61 53 1 69 37 67 57 49 19 28 51 22 47 31 63 
70 40 43 34 55 59 4 13 25 7 65 16 10 46 61 53 1 69 37 67 57 49 19 28 51 22 47 31 63 
71 40 43 34 55 59 4 71 13 25 7 65 16 10 46 61 53 1 69 37 67 57 49 19 28 51 22 47 31 63 
72 40 43 34 55 59 4 71 13 25 7 65 16 10 46 61 53 1 69 37 67 57 49 19 28 51 22 47 31 63 
73 40 73 43 34 55 59 4 71 13 25 7 65 16 10 46 61 53 1 69 37 67 57 49 19 28 51 22 47 31 63 
74 40 73 43 34 55 59 4 71 13 25 7 65 16 10 46 61 53 1 69 37 67 57 49 19 28 51 22 47 31 63 
75 40 73 43 34 55 59 4 71 13 25 7 65 16 10 46 61 53 1 69 37 67 57 49 19 28 51 22 47 31 63 75 
76 40 73 43 34 55 59 4 71 13 25 7 65 16 10 46 61 53 1 69 37 67 57 49 19 28 51 22 47 31 63 75 
77 40 73 43 34 55 59 4 71 13 25 7 65 16 10 46 61 53 1 69 37 67 57 49 19 28 51 22 47 31 63 75 
78 40 73 43 34 55 59 4 71 13 25 7 65 16 10 46 61 53 1 69 37 67 57 49 19 28 51 22 47 31 63 75 
