1 1 
2 1 2 
3 1 2 3 
4 1 2 3 4 
5 1 2 3 4 5 
6 1 6 2 3 4 5 
7 1 6 7 2 3 4 5 
8 1 8 6 7 2 3 4 5 
9 1 8 6 7 2 3 4 5 
10 1 8 6 7 2 3 10 4 5 
11 1 8 6 7 2 3 10 4 5 
12 1 8 6 7 12 2 3 10 4 5 
13 1 8 6 7 12 2 3 10 4 5 
14 1 8 6 7 12 2 3 10 4 5 14 
15 1 8 6 7 12 2 3 10 4 5 14 
16 1 8 6 7 12 2 3 10 4 5 14 16 
17 1 8 6 7 12 2 3 10 4 5 14 16 
18 1 8 6 7 12 10 14 16 2 3 4 18 5 
19 1 8 6 7 12 10 14 16 2 3 4 18 5 
20 1 8 6 7 12 10 14 20 2 3 4 18 5 
21 1 8 6 7 12 21 10 14 16 20 2 3 4 18 5 
22 1 8 6 7 12 21 10 14 16 20 2 3 4 18 5 
23 1 8 6 7 12 21 10 14 16 20 2 3 4 18 5 23 
24 1 8 6 7 12 21 10 14 16 20 2 3 4 18 5 23 
25 1 8 6 7 12 10 25 14 16 20 2 3 4 18 5 23 
26 1 8 6 7 12 21 10 25 14 16 20 26 2 3 4 18 5 23 
27 1 8 6 7 12 21 10 25 14 16 20 26 2 3 4 18 5 23 
28 1 8 6 7 12 21 10 25 14 16 28 20 26 2 3 4 18 5 23 
29 1 8 6 7 12 21 10 25 14 16 28 20 26 2 3 4 18 5 23 
30 1 8 6 7 12 21 10 25 14 16 28 20 26 2 3 4 18 5 23 
31 1 8 6 7 12 21 10 25 14 16 28 20 26 2 3 4 18 5 23 
32 1 8 6 7 12 21 10 25 14 16 28 20 26 2 3 4 18 5 23 
33 1 8 6 7 12 21 10 25 14 16 28 20 26 2 3 4 18 5 23 
34 1 8 6 7 12 21 10 25 34 14 16 28 20 26 2 3 4 18 5 23 
35 1 8 6 7 12 21 10 25 34 14 16 28 20 26 2 3 4 18 5 23 35 
36 1 8 6 7 12 21 10 25 34 14 16 28 20 26 2 3 4 18 5 23 35 
37 1 8 6 7 12 21 10 25 37 34 14 16 28 20 26 2 3 4 18 5 23 35 
38 1 8 6 7 12 21 10 25 37 34 14 16 28 20 26 2 3 4 18 5 23 35 
39 1 8 6 7 12 21 10 25 37 34 14 16 28 20 26 2 3 4 18 5 23 35 
