1 1 
2 2 1 
3 2 1 
4 2 1 
5 5 2 1 
6 5 2 1 
7 5 2 1 
8 5 2 8 1 
9 5 2 8 1 
10 5 2 8 1 
11 5 2 8 1 11 
12 5 2 8 1 12 11 
13 5 2 8 1 13 12 11 
14 5 2 8 1 13 12 11 14 
15 5 2 8 1 13 12 11 14 
16 5 2 8 1 13 12 11 14 
17 5 2 8 1 13 12 17 11 14 
18 5 2 8 1 13 12 17 18 11 14 
19 5 2 8 1 13 12 17 18 11 14 
20 5 2 8 1 13 12 17 18 11 14 
21 5 2 21 8 1 13 12 17 18 11 14 
22 5 2 21 22 8 1 13 12 17 18 11 14 
23 5 2 21 22 8 1 13 12 17 18 11 14 
24 5 2 21 22 8 1 13 12 17 18 11 14 
25 2 21 22 8 1 25 12 17 11 14 5 13 18 
26 2 21 22 8 1 25 12 17 26 11 14 5 13 18 
27 2 21 22 8 1 25 12 17 26 11 14 5 13 18 
28 2 21 22 8 1 25 12 17 26 11 14 5 13 18 
29 2 21 22 8 1 25 12 17 26 11 14 29 5 13 18 
30 2 21 22 8 1 25 12 17 26 11 14 29 5 30 13 18 
31 2 21 22 8 1 25 12 17 31 26 11 14 29 5 30 13 18 
32 2 21 22 8 1 25 12 17 31 26 11 14 29 5 30 13 18 
33 2 21 22 8 1 25 12 17 31 26 11 14 29 5 30 13 18 
34 34 2 21 22 8 1 25 12 17 31 26 11 14 29 5 30 13 18 
35 34 2 21 22 8 1 25 12 17 31 26 11 14 29 5 30 13 18 35 
36 34 2 21 22 8 1 25 12 17 31 26 11 14 29 5 30 13 18 35 36 
37 34 2 21 22 8 1 25 12 17 31 26 11 14 29 5 30 13 18 35 36 
38 34 2 21 22 8 1 25 12 17 31 26 11 14 29 5 30 13 18 35 36 
39 34 2 21 22 8 1 25 12 17 31 26 11 14 29 5 30 39 13 18 35 36 
40 34 2 21 22 8 1 25 12 17 31 26 11 14 29 5 30 40 39 13 18 35 36 
41 34 2 41 21 22 8 1 25 12 17 31 26 11 14 29 5 30 40 39 13 18 35 36 
42 34 2 41 21 22 8 1 25 12 17 31 26 11 14 29 5 30 40 39 13 18 35 36 
43 34 2 41 21 22 8 1 25 12 17 31 26 11 14 29 5 30 40 39 13 18 35 36 
44 34 2 41 21 22 8 1 25 12 17 31 26 11 14 29 5 30 40 39 44 13 18 35 36 
45 34 41 21 25 12 17 31 14 5 39 44 13 36 2 22 8 1 45 26 11 29 30 40 18 35 
46 34 41 21 25 12 17 31 46 14 5 39 44 13 36 2 22 8 1 45 26 11 29 30 40 18 35 
47 34 41 21 25 12 17 31 46 14 5 39 44 13 36 2 22 8 1 45 26 11 29 30 40 18 35 
48 34 41 21 25 12 17 31 46 14 5 39 44 13 36 2 22 8 1 45 26 11 29 30 40 18 35 
49 34 41 21 25 12 17 31 46 14 5 39 44 49 13 36 2 22 8 1 45 26 11 29 30 40 18 35 
50 34 41 21 25 12 17 31 46 50 14 5 39 44 49 13 36 2 22 8 1 45 26 11 29 30 40 18 35 
51 34 41 21 25 12 17 31 46 50 14 5 39 44 49 13 36 2 22 51 8 1 45 26 11 29 30 40 18 35 
52 34 41 21 25 12 17 31 46 50 14 5 39 44 49 13 36 2 22 51 8 1 45 26 11 29 30 40 18 35 
53 34 41 21 25 12 17 31 46 50 14 5 39 44 49 13 36 2 22 51 8 1 45 26 11 29 30 40 18 35 
54 34 41 21 25 12 17 31 46 50 14 5 39 44 49 13 36 2 22 51 8 1 45 26 11 29 30 40 18 35 
