1 1 
2 1 2 
3 3 1 2 
4 3 1 2 
5 3 1 2 5 
6 3 6 1 2 5 
7 3 6 1 7 2 5 
8 3 6 1 7 2 5 
9 3 6 9 1 7 2 5 
10 3 6 9 1 7 2 5 
11 3 11 6 9 1 7 2 5 
12 3 11 6 9 1 7 2 5 
13 3 11 6 9 13 1 7 2 5 
14 3 11 6 9 13 1 7 2 5 
15 3 11 6 9 13 1 7 2 5 
16 3 11 6 9 13 1 7 2 5 16 
17 3 11 6 9 13 1 7 2 5 16 
18 3 11 6 9 13 1 7 2 5 16 
19 3 11 6 19 9 13 1 7 2 5 
20 3 11 6 19 9 13 1 7 20 2 5 
21 3 11 6 19 9 13 1 7 20 2 5 
22 3 11 6 19 9 13 1 7 20 2 5 22 
23 6 19 7 20 2 23 3 11 9 13 1 5 22 
24 6 19 7 20 2 23 3 11 9 13 1 5 22 
25 6 19 25 7 20 2 23 3 11 9 13 1 5 22 
26 6 19 25 7 20 2 23 3 11 9 13 1 5 22 
27 6 19 25 7 20 2 23 3 11 9 13 27 1 5 22 
28 6 19 25 7 20 2 23 3 11 9 13 27 1 5 22 
29 6 19 25 7 20 2 23 3 11 9 13 27 1 5 22 16 
