1 1 
2 2 1 
3 2 1 3 
4 2 4 1 3 
5 2 4 5 1 3 
6 2 4 5 1 3 6 
7 2 4 5 1 7 3 6 
8 2 4 5 1 7 3 6 
9 9 2 4 5 1 7 3 6 
10 9 2 4 5 1 7 3 6 10 
11 9 2 4 5 1 7 11 3 6 10 
12 9 2 4 5 12 1 7 11 3 6 10 
13 9 2 4 5 12 13 1 7 11 3 6 10 
14 2 4 13 1 11 3 6 10 14 9 5 12 7 
15 2 4 13 1 11 3 6 10 14 9 5 12 7 
16 2 4 13 1 11 3 6 10 14 9 16 5 12 7 
17 2 4 13 1 11 3 6 10 14 9 16 5 12 7 
18 2 4 13 1 11 3 6 10 14 9 16 5 12 7 
19 19 2 4 13 1 11 3 6 10 14 9 5 12 7 
20 19 2 4 13 1 11 3 6 10 14 9 5 12 7 
21 19 2 4 13 1 11 3 6 10 14 9 5 12 7 
22 19 2 4 13 1 11 3 6 10 14 9 5 12 7 
