1 1 
2 1 2 
3 1 3 2 
4 1 3 2 4 
5 1 3 2 4 5 
6 1 3 2 4 5 
7 1 3 2 4 5 7 
8 8 1 3 2 4 5 7 
9 8 1 3 2 9 4 5 7 
10 8 1 3 10 2 9 4 5 7 
11 8 11 1 3 10 2 9 4 5 7 
12 8 11 1 3 10 12 2 9 4 5 7 
13 8 11 1 3 10 12 2 9 4 5 7 
14 8 11 1 3 10 12 2 9 14 4 5 7 
15 8 3 2 5 15 11 1 10 12 9 14 4 7 
16 8 3 2 5 15 11 1 16 10 12 9 14 4 7 
17 8 3 2 5 15 11 1 16 10 12 9 14 4 7 17 
18 8 3 2 5 15 18 11 1 16 10 12 14 4 7 17 
19 8 3 2 5 15 18 11 1 16 19 10 12 9 14 4 7 17 
20 8 3 2 5 15 18 11 1 16 19 10 12 20 9 14 4 7 17 
21 8 3 2 21 5 15 18 11 1 16 19 10 12 20 9 14 4 7 17 
22 8 3 2 21 5 15 22 18 11 1 16 19 10 12 20 9 14 4 7 17 
23 8 3 2 21 5 15 22 18 23 11 1 16 19 10 12 20 9 14 4 7 17 
24 8 3 2 21 24 5 15 22 18 23 11 1 16 19 10 12 20 9 14 4 7 17 
25 8 3 2 21 24 5 15 25 22 18 23 11 1 16 19 10 12 20 9 14 4 7 17 
26 8 3 2 21 24 26 5 15 25 22 18 23 11 1 16 19 10 12 20 9 14 4 7 17 
27 3 5 15 23 11 12 14 4 17 8 2 21 24 26 25 27 22 18 1 16 19 10 20 9 7 
28 3 5 15 23 11 28 12 14 4 17 8 2 21 24 26 25 27 22 18 1 16 19 10 20 9 7 
29 3 5 15 23 11 28 12 14 4 17 8 2 21 24 26 25 27 22 18 1 16 19 10 20 9 7 
30 3 5 15 23 11 28 12 14 4 17 8 2 21 24 26 25 27 22 18 1 16 19 10 20 9 7 
