1 1 
2 1 2 
3 3 1 2 
4 3 4 1 2 
5 3 4 1 2 
6 3 4 6 1 2 
7 3 4 6 1 2 
8 3 4 6 1 8 2 
9 3 14 15 1 8 17 11 13 16 4 19 6 2 9 
10 3 14 15 1 8 17 11 13 16 4 19 6 2 9 
11 3 14 15 1 8 17 13 11 16 4 19 6 2 9 
12 3 14 15 1 8 17 11 13 16 4 19 6 2 9 
13 3 14 15 1 8 17 11 13 16 4 19 6 2 9 
14 3 14 15 1 8 17 11 13 16 4 19 6 2 9 
15 3 14 15 1 8 17 11 13 16 4 19 6 2 9 
16 3 14 15 1 8 17 11 13 16 4 19 6 2 9 
17 3 14 15 1 8 17 11 13 16 4 19 6 2 9 
18 3 14 15 1 8 17 11 13 16 4 19 6 2 9 
19 3 14 15 1 17 11 13 16 4 19 6 2 9 
20 3 14 15 1 17 11 13 16 4 19 6 2 9 
21 3 14 15 1 8 17 11 13 16 4 19 6 2 9 
