1 1 
2 2 1 
3 2 1 
4 2 1 4 
5 5 2 1 4 
6 6 5 2 1 4 
7 6 7 5 2 1 4 
8 6 19 7 5 2 17 4 16 9 14 18 1 15 20 10 22 
9 6 19 7 5 2 17 4 16 14 9 18 1 15 20 10 22 
10 6 19 7 5 2 17 4 16 9 14 18 1 15 22 10 
11 6 19 7 5 2 17 4 16 9 14 18 1 15 20 10 22 
12 6 19 12 7 5 2 17 4 9 14 18 1 15 20 10 22 
13 6 12 19 7 5 2 4 9 14 18 13 1 15 20 10 22 
14 6 12 19 7 5 2 4 9 14 18 13 1 15 20 10 22 
15 6 12 19 7 5 2 4 9 14 18 13 1 20 15 10 22 
16 6 19 7 5 2 4 16 9 14 18 13 1 15 20 10 22 
17 6 19 7 5 2 17 4 16 9 14 18 1 15 20 10 22 
18 6 19 7 5 2 17 16 9 14 18 1 15 20 10 22 
19 6 19 7 2 17 16 9 14 18 1 15 20 10 22 
20 6 19 7 2 17 16 9 14 18 1 15 20 22 
21 6 19 7 2 17 16 9 14 18 1 15 20 22 
22 6 19 5 2 17 4 16 9 14 18 1 15 20 10 22 
23 6 19 5 2 17 4 16 9 14 18 1 15 20 10 22 
24 6 19 7 5 2 17 4 16 9 14 18 1 24 15 20 10 22 
25 6 19 7 5 2 17 4 16 9 14 18 1 24 15 20 10 22 
26 6 19 7 5 2 17 4 16 9 14 18 1 24 15 20 10 22 
27 6 19 7 5 2 17 4 16 9 14 27 18 1 24 15 20 10 22 
28 6 19 7 5 2 17 4 16 27 9 14 18 1 24 15 20 10 22 
29 6 19 7 5 2 17 4 16 27 9 14 18 1 24 15 20 10 22 
