1 1 
2 2 1 
3 2 1 
4 2 1 4 
5 2 1 4 
6 2 1 4 
7 2 1 4 
8 2 1 4 
9 2 1 4 
10 2 1 4 
11 11 2 1 4 
12 11 2 1 4 
13 11 2 1 4 
14 11 2 14 1 4 
15 11 2 14 1 4 
16 11 2 14 1 4 16 
17 11 2 14 1 4 16 
18 11 2 14 1 4 16 
19 11 2 14 1 4 16 
20 11 2 14 1 4 16 
21 11 2 14 1 4 16 
22 11 2 14 1 4 16 
23 11 2 14 1 4 16 
24 11 2 14 1 4 16 
25 11 2 14 1 4 16 
26 11 2 14 26 1 4 16 
27 11 2 14 26 1 4 16 
28 11 2 14 26 1 4 16 
29 11 2 14 26 29 1 4 16 
30 11 2 14 26 29 1 4 16 
31 11 2 14 26 29 1 4 16 
32 11 2 14 26 29 1 4 32 16 
33 11 2 14 26 29 1 4 32 16 
34 11 2 14 26 29 1 4 32 16 
35 11 2 14 26 29 1 4 32 16 
36 11 2 14 36 26 29 1 4 32 16 
37 11 2 14 36 26 29 1 4 32 16 
38 11 2 14 36 26 29 1 4 32 16 
39 11 2 14 36 26 29 1 4 32 16 39 
40 11 2 14 36 26 29 1 4 32 16 39 
41 11 2 14 36 26 29 1 4 32 16 39 
42 11 2 14 36 26 29 1 4 32 16 42 39 
43 11 2 14 36 26 29 1 4 32 16 42 39 
44 11 2 14 36 26 29 1 4 32 16 42 39 
45 11 2 26 29 32 16 45 14 36 1 4 42 39 
46 11 2 26 29 32 16 45 14 36 1 4 42 39 
47 11 2 26 29 32 16 45 14 36 1 4 42 39 
48 11 48 2 26 29 32 16 45 14 36 1 4 42 39 
49 11 48 2 26 29 32 16 45 14 36 1 4 42 39 
50 11 48 2 26 29 32 16 45 14 36 1 4 42 39 
51 11 48 2 26 29 32 16 51 45 14 36 1 4 42 39 
52 11 48 2 26 29 32 16 51 45 14 36 1 4 42 39 
53 11 48 2 26 29 32 16 51 45 14 36 1 4 42 39 
54 11 48 2 26 29 32 16 51 45 14 54 36 1 4 42 39 
55 11 48 2 26 29 32 16 51 45 14 54 36 1 4 42 39 
56 11 56 48 2 26 29 32 16 51 45 14 54 36 1 4 42 39 
57 11 56 48 2 26 29 32 16 51 45 14 54 36 1 4 42 39 
58 11 56 48 2 26 29 32 16 51 45 14 54 36 1 4 58 42 39 
59 11 56 48 2 26 29 32 16 51 45 14 54 36 1 4 58 42 39 
60 11 56 48 2 60 26 29 32 16 51 45 14 54 36 1 4 58 42 39 
61 11 56 48 2 60 26 29 32 16 51 45 14 54 36 1 4 58 42 39 
62 11 56 48 2 60 26 29 32 16 51 62 45 14 54 36 1 4 58 42 39 
63 11 56 48 2 60 26 29 32 16 51 62 45 14 54 36 1 4 58 42 39 
64 11 56 48 2 60 26 29 32 16 51 62 45 14 64 54 36 1 4 58 42 39 
65 11 56 48 2 60 26 29 32 16 51 62 45 14 64 54 36 1 4 58 42 39 
66 11 56 48 2 60 26 29 32 16 51 62 45 14 64 54 36 1 4 58 42 39 
67 11 56 48 2 60 26 29 32 16 51 62 45 14 64 54 36 1 4 58 42 39 67 
68 11 56 48 2 60 26 29 32 16 51 62 45 14 64 54 36 1 4 58 42 39 67 
69 11 56 48 2 60 26 29 32 16 51 62 45 14 64 54 36 1 4 58 42 39 67 
70 11 56 48 2 60 26 29 32 16 51 62 45 14 64 54 36 1 4 58 42 39 67 
71 11 56 48 2 60 26 29 71 32 16 51 62 45 14 64 54 36 1 4 58 42 39 67 
72 11 56 48 2 60 26 29 71 32 16 51 62 45 14 64 54 36 1 4 58 72 42 39 67 
73 11 56 48 2 60 26 29 71 32 16 51 62 45 14 64 54 36 1 4 58 72 42 39 67 
74 11 56 48 2 60 26 29 71 32 16 51 62 45 14 64 54 36 1 4 58 72 42 39 67 
75 48 26 29 32 45 14 36 75 4 11 56 2 60 71 16 51 62 64 54 1 58 72 42 39 67 
76 48 26 29 32 45 14 36 75 4 11 56 2 60 71 16 51 62 64 54 1 58 72 42 39 67 
77 48 26 29 32 45 14 36 75 4 11 56 2 60 71 16 51 62 64 54 1 58 72 42 39 67 
78 48 26 29 32 45 14 36 75 4 11 56 2 60 71 16 51 62 64 54 1 58 72 42 39 67 
79 48 26 29 32 45 14 36 75 4 11 56 2 60 71 16 51 62 64 54 1 58 72 42 39 67 
80 48 80 26 29 32 45 14 36 75 4 11 56 2 60 71 16 51 62 64 54 1 58 72 42 39 67 
81 48 80 26 29 32 45 14 36 75 4 11 56 2 60 71 16 51 62 64 54 1 58 72 42 39 67 
82 48 80 26 29 32 45 14 36 75 4 11 56 2 60 71 16 51 62 64 54 1 58 72 42 39 67 
83 48 80 26 29 32 45 14 36 75 4 11 56 2 60 71 16 51 62 64 54 1 58 72 42 39 67 
84 48 80 26 29 32 45 14 36 75 4 11 56 2 60 71 16 51 62 64 54 1 58 72 42 39 67 
85 48 80 26 29 32 45 14 36 75 4 85 11 56 2 60 71 16 51 62 64 54 1 58 72 42 39 67 
86 48 80 26 29 32 45 14 36 75 4 85 11 56 2 60 71 16 51 62 64 54 1 58 72 42 39 67 
87 48 80 26 29 32 45 14 36 75 4 85 11 56 2 60 71 16 51 62 64 54 1 58 72 42 39 67 
88 48 80 26 29 32 45 14 36 75 4 85 11 56 2 60 71 16 51 62 64 54 1 58 72 42 39 67 
89 48 80 26 29 32 45 14 36 75 4 85 11 56 2 60 71 16 51 62 64 54 1 58 72 42 39 67 
90 48 80 26 29 32 45 14 36 75 4 85 11 56 2 60 71 16 51 62 64 54 1 58 72 42 39 67 
