1 1 
2 2 
3 3 
4 4 
5 5 
6 6 
7 7 
8 8 
10 9 
12 9 
13 10 
14 11 
15 12 
17 13 
19 13 
25 14 
27 15 
28 16 
29 17 
31 16 
32 18 
35 19 
36 20 
41 21 
42 22 
44 23 
46 4 
47 24 
54 25 
56 26 
58 27 
59 28 
60 29 
62 30 
63 31 
64 29 
66 29 
68 32 
70 33 
71 34 
72 35 
74 36 
75 37 
76 35 
78 38 
80 39 
82 25 
83 29 
85 40 
86 41 
88 42 
89 43 
90 35 
93 44 
94 45 
95 46 
96 35 
97 47 
98 48 
99 49 
102 50 
103 51 
104 52 
105 49 
107 53 
110 54 
113 55 
117 56 
120 57 
121 58 
122 59 
123 60 
124 61 
125 62 
126 63 
129 64 
130 65 
131 66 
132 67 
133 68 
135 58 
136 2 
137 69 
138 70 
139 71 
140 72 
142 73 
144 74 
145 75 
146 76 
147 77 
149 78 
150 79 
151 80 
152 81 
155 82 
156 83 
157 76 
158 84 
160 85 
161 79 
162 80 
163 86 
166 76 
167 79 
168 80 
169 87 
170 80 
171 88 
173 89 
174 90 
175 91 
176 92 
178 25 
179 93 
180 94 
183 80 
184 95 
186 96 
187 97 
188 91 
189 98 
192 99 
194 99 
195 76 
197 80 
198 100 
200 101 
201 102 
202 91 
203 92 
205 25 
206 93 
207 103 
210 80 
211 91 
212 104 
213 92 
214 105 
217 106 
219 107 
220 25 
222 108 
223 25 
225 109 
227 110 
229 25 
230 111 
231 112 
233 25 
234 113 
235 93 
236 114 
239 115 
241 116 
242 111 
244 117 
245 111 
247 118 
249 119 
251 111 
252 111 
253 112 
257 111 
258 120 
260 121 
261 122 
262 112 
263 123 
266 111 
267 124 
269 125 
270 126 
271 112 
272 127 
276 128 
279 129 
280 111 
281 2 
282 130 
283 131 
284 132 
285 133 
286 134 
287 135 
288 136 
289 137 
290 138 
291 139 
293 140 
294 141 
295 142 
296 143 
