1 1 
2 1 2 
3 1 2 3 
4 4 1 2 3 
5 4 5 1 2 3 
6 4 5 1 2 6 3 
7 4 5 7 1 2 6 3 
8 4 5 7 8 1 2 6 3 
9 4 5 9 7 8 1 2 6 3 
10 4 5 9 7 8 1 2 10 6 3 
11 4 5 9 7 8 1 2 11 10 6 3 
12 4 5 9 7 12 8 1 2 11 10 6 3 
13 4 1 2 5 9 7 12 8 11 13 10 6 3 
14 4 1 2 14 5 9 7 12 8 11 13 10 6 3 
15 15 1 20 5 17 9 7 12 29 18 24 6 4 2 23 14 28 26 8 11 13 22 10 3 19 
16 15 1 20 5 17 9 7 12 29 18 24 6 4 2 23 14 28 26 8 11 13 22 10 3 19 
17 15 1 20 5 17 9 7 12 29 18 24 6 4 2 23 14 28 26 8 11 13 22 10 3 19 
18 15 1 20 5 17 9 7 12 29 18 24 6 4 2 23 14 28 26 8 11 13 22 10 3 19 
19 15 1 20 5 17 9 7 12 29 18 24 6 4 2 23 14 28 26 8 11 13 22 10 3 19 
20 15 1 20 5 17 9 7 12 29 18 24 6 4 2 23 14 28 26 8 11 13 22 10 3 19 
21 15 1 20 5 17 9 7 12 29 18 24 6 4 2 23 14 28 26 8 11 13 22 10 3 19 
22 4 15 1 2 23 14 20 28 5 17 9 26 7 12 29 18 8 11 22 24 10 6 3 19 
23 4 15 1 2 23 14 20 28 5 17 9 7 12 29 8 18 22 10 24 6 3 19 
24 4 15 1 2 23 14 20 28 5 17 9 7 12 29 8 18 22 10 24 6 3 19 
25 4 15 1 2 23 14 20 28 5 17 9 7 12 29 8 18 22 10 24 6 3 19 
26 4 15 1 2 14 20 28 5 17 9 26 7 12 29 8 18 22 10 24 6 3 19 
27 4 15 1 2 14 20 28 5 17 9 26 7 12 29 8 18 22 10 24 6 3 19 
28 15 1 20 5 17 9 7 12 29 18 24 6 4 2 23 14 28 26 8 11 13 22 10 3 19 
29 15 1 20 5 17 9 7 12 29 18 24 6 4 2 23 14 28 26 8 11 13 22 10 3 19 
30 15 1 20 5 17 9 7 12 29 18 24 6 4 2 23 14 28 26 8 11 13 22 10 3 19 
31 15 1 20 5 17 9 7 12 29 18 24 6 4 2 23 14 28 26 8 11 13 22 10 3 19 
32 15 1 20 5 17 9 7 12 29 18 24 6 4 2 23 14 28 26 8 11 13 22 10 3 19 
33 15 1 20 5 17 9 7 12 29 18 24 6 4 2 23 14 28 26 8 11 13 22 10 3 19 
