1 1 
2 1 2 
3 1 2 3 
4 1 4 2 3 
5 5 1 4 2 3 
6 5 6 1 4 2 3 
7 5 6 1 4 2 3 
8 5 6 1 4 2 8 3 
9 5 6 1 4 2 8 3 
10 5 6 1 10 4 2 8 3 
11 5 6 1 10 4 2 8 3 11 
12 12 5 6 1 10 4 2 8 3 11 
13 13 12 5 6 1 10 4 2 8 3 11 
14 13 14 12 5 6 1 10 4 2 8 3 11 
15 13 12 4 2 11 14 5 15 6 1 10 8 3 
16 13 12 16 4 2 11 14 5 15 6 1 10 8 3 
17 13 12 16 4 2 11 14 5 15 6 1 10 17 8 3 
18 13 12 16 4 2 11 14 5 15 6 1 10 17 8 3 18 
19 13 12 16 4 19 2 11 14 5 15 6 1 10 17 8 3 18 
20 13 12 16 4 19 2 20 11 14 5 15 6 1 10 17 8 3 18 
21 13 12 16 4 19 2 20 11 14 21 5 15 6 1 10 17 8 3 18 
22 13 12 16 4 19 2 20 11 14 21 5 15 22 6 1 10 17 8 3 18 
23 13 12 16 4 19 2 20 11 14 21 5 23 15 22 6 1 10 17 8 3 18 
24 13 12 16 4 19 2 20 11 14 21 5 23 15 22 6 1 10 17 24 8 3 18 
25 13 12 16 4 19 2 20 11 25 14 21 5 23 15 22 6 1 10 17 24 8 3 18 
26 13 12 16 4 26 19 2 20 11 25 14 21 5 23 15 22 6 1 10 17 24 8 3 18 
27 16 26 19 2 11 27 5 22 1 24 8 13 12 4 20 25 14 21 23 15 6 10 17 3 18 
28 16 26 19 2 11 27 5 22 1 24 8 13 12 4 20 25 14 21 23 15 6 10 17 3 18 
29 16 26 19 2 11 27 5 22 1 24 8 13 12 4 20 25 14 21 23 15 6 10 17 3 18 
30 16 26 19 2 11 27 5 22 1 24 8 13 12 4 20 25 14 21 23 15 6 10 17 3 18 
31 16 26 19 2 11 27 5 22 1 24 8 13 12 4 20 25 14 21 23 15 6 10 17 3 18 
32 16 26 19 2 11 27 5 22 1 24 8 13 12 4 20 25 14 21 23 15 6 10 17 3 18 
33 16 26 19 2 11 27 5 22 1 24 8 13 12 4 20 25 14 21 23 15 6 10 17 3 18 
34 16 26 19 2 11 27 5 22 1 24 8 13 12 4 20 25 14 21 23 15 6 10 17 3 18 
35 16 26 19 2 11 27 5 22 1 24 8 13 12 4 20 25 14 21 23 15 6 10 17 3 18 
36 16 26 19 2 11 27 5 22 1 24 8 13 12 4 20 25 14 21 23 15 6 10 17 3 18 
37 16 26 19 2 11 27 5 22 1 24 8 37 13 12 4 20 25 14 21 23 15 6 10 17 3 18 
38 16 26 19 2 11 27 5 22 1 24 8 37 13 12 4 20 25 14 21 23 15 6 10 17 3 18 
39 16 26 19 2 11 27 39 5 22 1 24 8 37 13 12 4 20 25 14 21 23 15 6 10 17 3 18 
40 16 26 19 2 40 11 27 39 5 22 1 24 8 37 13 12 4 20 25 14 21 23 15 6 10 17 3 18 
41 16 26 19 2 40 11 27 39 5 22 1 24 8 37 13 41 12 4 20 25 14 21 23 15 6 10 17 3 18 
42 16 26 19 2 40 11 27 39 5 22 1 24 8 37 13 41 12 4 20 25 14 21 23 15 6 10 17 3 18 
43 16 26 19 2 40 11 27 39 5 22 1 24 8 37 13 41 12 4 20 25 14 21 23 15 6 10 17 43 3 18 
44 16 26 19 2 40 11 27 39 5 22 1 24 8 37 13 41 12 4 20 25 14 21 23 15 6 10 17 43 3 18 
45 16 26 19 2 40 11 27 39 5 45 22 1 24 8 37 13 41 12 4 20 25 14 21 23 15 6 10 17 43 3 18 
46 16 26 19 2 40 11 27 39 5 45 22 1 24 8 37 13 41 12 4 20 25 14 21 23 15 6 10 17 43 3 18 
47 16 26 19 2 40 11 27 39 5 45 22 1 24 8 37 13 41 12 4 47 20 25 14 21 23 15 6 10 17 43 3 18 
48 16 26 19 2 40 11 27 39 5 45 22 1 24 8 37 13 41 12 4 47 20 25 14 21 23 15 6 10 17 43 3 18 
49 16 26 19 2 40 49 11 27 39 5 45 22 1 24 8 37 13 41 12 4 47 20 25 14 21 23 15 6 10 17 43 3 18 
50 16 26 19 2 40 49 11 27 39 5 45 22 1 24 8 37 13 41 12 4 47 20 25 14 21 23 15 6 10 17 43 3 18 
51 16 26 19 2 40 49 11 27 39 5 45 22 1 24 8 37 13 41 12 4 47 20 25 14 21 23 15 6 10 17 43 3 18 
52 16 26 19 52 2 40 49 11 27 39 5 45 22 1 24 8 37 13 41 12 4 47 20 25 14 21 23 15 6 10 17 43 3 18 
53 16 26 19 52 2 40 49 11 27 39 5 45 22 1 24 8 37 13 41 12 4 47 20 25 14 21 23 15 6 10 17 43 3 18 
54 16 26 19 52 2 40 49 11 27 39 5 45 22 1 24 8 37 13 41 12 4 47 54 20 25 14 21 23 15 6 10 17 43 3 18 
55 16 26 19 52 2 40 49 11 27 39 5 45 22 1 24 8 37 13 41 12 4 47 54 20 25 14 21 23 15 6 10 17 43 3 18 
56 16 26 19 52 2 40 49 11 27 39 5 45 22 1 24 8 37 13 41 12 4 47 54 20 25 14 21 23 15 6 10 17 43 3 18 
57 16 26 19 52 2 40 49 11 27 39 5 45 22 1 24 8 37 13 41 12 4 47 54 20 57 25 14 21 23 15 6 10 17 43 3 18 
58 16 26 19 52 2 40 49 11 27 39 5 45 22 1 24 8 37 13 41 12 4 47 54 20 57 25 14 21 23 15 6 10 17 43 3 18 
59 16 26 59 19 52 2 40 49 11 27 39 5 45 22 1 24 8 37 13 41 12 4 47 54 20 57 25 14 21 23 15 6 10 17 43 3 18 
60 16 26 59 19 52 2 40 49 11 27 39 5 45 22 1 24 8 37 13 41 12 4 47 54 20 57 25 14 21 23 15 6 10 17 43 3 18 
61 16 26 59 19 61 52 2 40 49 11 27 39 5 45 22 1 24 8 37 13 41 12 4 47 54 20 57 25 14 21 23 15 6 10 17 43 3 18 
62 16 26 59 19 61 52 2 40 49 11 27 39 5 45 22 1 24 8 37 13 41 12 4 47 54 20 57 25 14 21 23 15 6 10 17 43 3 18 
63 16 26 59 19 61 52 2 40 49 11 27 39 5 45 22 1 24 8 37 13 41 12 4 47 54 20 57 25 14 21 23 15 6 10 17 43 3 18 
64 16 26 59 19 61 52 2 40 49 11 27 39 5 45 22 1 24 8 37 13 41 12 4 47 54 20 57 25 14 21 23 15 6 10 17 43 3 18 
65 16 26 59 19 61 52 2 40 49 11 27 39 5 45 22 1 24 8 37 13 41 12 4 47 54 20 57 25 14 21 23 15 6 10 17 43 3 18 
