1 1 
2 1 2 
3 1 3 2 
4 1 3 4 2 
5 1 3 4 5 2 
6 1 3 4 5 2 6 
7 1 3 4 5 2 6 7 
8 1 8 3 4 5 2 6 7 
9 1 8 3 4 5 2 6 7 
10 1 8 3 10 4 5 2 6 7 
11 1 8 3 10 11 4 5 2 6 7 
12 22 20 28 31 41 19 38 32 4 5 2 7 1 17 3 30 10 37 25 39 23 15 8 11 33 14 34 27 6 40 16 35 12 
13 22 20 28 31 41 19 38 32 4 5 2 7 1 17 3 30 10 37 25 39 23 15 8 11 33 14 34 27 6 40 12 16 35 
14 22 20 28 31 41 19 38 32 4 5 2 7 1 17 3 30 10 37 25 39 23 15 8 11 33 14 34 27 6 40 12 16 35 
15 22 20 28 31 41 19 38 32 4 5 2 7 1 17 3 30 10 37 25 39 23 15 8 11 33 14 34 27 6 40 12 16 35 
16 22 20 31 41 19 38 32 4 5 2 7 1 17 3 30 10 37 25 39 15 8 11 33 14 34 27 6 40 12 35 16 
17 22 20 31 41 19 38 32 4 5 2 7 1 17 3 30 10 37 25 39 15 8 11 33 14 34 27 6 40 12 16 35 
18 22 20 31 41 19 38 32 4 5 2 7 1 17 3 30 10 37 25 39 15 8 11 33 14 34 27 6 40 12 16 35 
19 22 20 31 41 19 38 32 4 5 2 7 1 17 3 30 10 37 25 39 15 8 11 33 14 34 27 6 40 12 16 35 
20 22 20 31 41 19 38 32 4 5 2 7 1 17 3 30 10 37 25 39 15 8 11 33 14 34 27 6 40 12 16 35 
21 22 20 31 41 19 38 32 4 5 2 7 1 17 3 30 10 37 25 39 15 8 11 33 14 34 27 6 40 12 16 35 
22 22 20 31 41 19 38 32 4 5 2 7 1 17 3 30 10 37 25 39 15 8 11 33 14 34 27 6 40 12 16 35 
23 22 20 31 41 19 38 32 4 5 2 7 1 17 3 30 10 37 25 39 23 15 8 11 33 14 34 27 6 40 12 35 
24 22 20 31 41 19 38 32 4 5 2 7 1 17 3 30 10 37 25 39 23 15 8 11 33 14 34 27 6 40 12 16 35 
25 22 20 31 41 19 38 32 4 5 2 7 1 17 3 30 10 37 25 39 15 8 11 33 14 34 27 6 40 12 16 35 
26 22 20 31 41 19 38 32 4 5 2 7 1 17 3 30 10 37 25 39 15 8 11 33 14 34 27 6 40 12 16 35 
27 22 20 31 41 19 38 32 4 5 2 7 1 17 3 30 10 37 25 39 15 8 11 33 14 34 27 6 40 12 16 35 
28 22 20 28 31 41 19 38 32 4 5 2 7 1 17 3 30 10 37 25 39 15 8 11 33 14 34 27 6 40 12 35 
29 22 20 28 31 41 19 38 32 4 5 2 7 1 17 3 30 10 37 25 39 23 15 8 11 33 14 34 27 6 40 12 16 35 
30 22 20 28 31 41 19 38 32 4 5 2 7 1 17 3 30 10 37 25 39 23 15 8 11 33 14 34 27 6 40 12 16 35 
31 22 20 28 31 41 19 38 32 4 5 2 7 1 17 3 30 10 37 25 39 23 15 8 11 33 14 34 27 6 40 12 16 35 
32 22 20 28 31 41 19 38 32 4 5 2 7 1 17 3 30 10 37 25 39 23 15 8 11 33 14 34 27 6 40 12 16 35 
33 22 20 28 31 41 19 38 32 4 5 2 7 1 17 3 30 10 37 25 39 23 15 8 11 33 14 34 27 6 40 12 16 35 
34 22 20 28 31 41 19 38 32 4 5 2 7 1 17 3 30 10 37 25 39 23 15 8 11 33 14 34 27 6 40 12 16 35 
35 22 20 28 31 41 19 38 32 4 5 2 7 1 17 3 30 10 37 25 39 23 15 8 11 33 14 34 27 6 40 12 16 35 
36 22 20 28 31 41 19 38 32 4 5 2 7 1 17 3 30 10 37 25 39 23 15 8 11 33 14 34 27 6 40 12 16 35 
37 22 20 28 31 41 19 38 32 4 5 2 7 1 17 3 30 10 37 25 39 23 15 8 11 33 14 34 27 6 40 12 16 35 
38 22 20 28 31 41 19 38 32 4 5 2 7 1 17 3 30 10 37 25 39 23 15 8 11 33 14 34 27 6 40 12 16 35 
39 22 20 28 31 41 19 38 32 4 5 2 7 1 17 3 30 10 37 25 39 23 15 8 11 33 14 34 27 6 40 12 16 35 
40 22 20 28 31 41 19 38 32 4 5 2 7 1 17 3 30 10 37 25 39 23 15 8 11 33 14 34 27 6 40 12 16 35 
41 22 20 28 31 41 19 38 32 4 5 2 7 1 17 3 30 10 37 25 39 23 15 11 33 14 34 27 6 40 12 16 35 
42 22 20 28 31 41 19 38 32 4 5 2 7 1 17 3 30 10 37 25 39 23 15 8 11 33 14 34 27 6 40 12 16 35 
43 22 20 28 31 41 19 38 32 4 5 2 7 1 17 3 30 10 37 25 39 23 15 8 11 33 14 34 27 6 40 12 16 35 
44 1 8 3 4 5 44 2 6 7 
45 1 8 45 3 4 5 44 2 6 7 
46 1 8 45 3 4 5 44 2 6 46 7 
47 1 8 45 3 4 5 44 2 6 46 47 7 
48 1 3 44 46 8 45 48 4 5 2 6 47 7 
49 1 3 44 49 46 8 45 48 4 5 2 6 47 7 
50 1 3 44 49 46 8 45 48 4 5 50 2 6 47 7 
51 1 3 44 49 51 46 45 48 4 5 50 2 6 47 7 
52 22 44 20 28 31 41 19 38 32 4 5 2 7 1 17 3 30 10 37 25 39 49 51 23 46 15 8 45 11 48 33 14 50 34 27 6 47 40 12 16 35 
