1 1 
2 2 1 
3 3 2 1 
4 3 2 1 4 
5 3 2 1 5 4 
6 3 6 2 1 5 4 
7 3 6 2 1 7 5 4 
8 8 3 6 2 1 7 5 4 
9 8 3 6 2 1 7 5 4 
10 8 3 6 2 1 7 5 4 10 
11 8 3 6 2 1 7 5 4 10 
12 8 3 6 2 1 7 5 4 10 12 
13 8 3 6 2 1 7 5 4 10 12 
14 8 3 6 14 2 1 7 5 4 10 12 
15 8 3 6 14 2 1 7 5 4 10 12 
16 8 3 6 16 14 2 1 7 5 4 10 12 
17 8 3 6 16 14 2 1 7 5 4 10 12 
18 8 3 16 1 5 10 6 14 2 7 4 12 18 
19 8 3 16 1 5 10 6 14 2 7 19 4 12 18 
20 8 3 16 1 5 10 6 20 14 2 7 19 4 12 18 
21 8 3 16 1 5 10 6 20 14 2 7 19 4 12 18 
22 8 3 16 1 5 10 6 20 14 2 7 19 4 12 18 
23 8 3 16 1 5 10 23 6 20 14 2 7 19 4 12 18 
24 8 24 3 16 1 5 10 23 6 20 14 2 7 19 4 12 18 
25 8 24 3 16 1 25 5 10 23 6 20 14 2 7 19 4 12 18 
26 8 24 3 16 1 25 5 10 23 6 20 14 2 7 19 4 12 18 
27 8 24 3 16 1 25 5 10 23 6 20 14 2 7 19 4 12 18 
28 8 24 3 16 1 25 5 10 23 6 20 14 2 7 19 4 12 18 
29 8 3 16 1 5 10 6 29 14 2 7 4 12 
30 8 3 16 1 5 10 6 29 14 2 7 4 12 
31 8 3 16 1 5 10 31 6 29 14 2 7 4 12 
32 8 3 16 32 1 5 10 31 6 29 14 2 7 4 12 
33 8 33 3 16 32 1 5 10 31 6 29 14 2 7 4 12 
34 8 33 3 16 32 1 5 10 31 6 29 14 2 7 4 12 
35 8 33 3 16 32 1 5 10 31 6 29 14 2 7 4 12 
36 8 33 3 36 16 32 1 5 10 31 6 29 14 2 7 4 12 
37 8 33 3 36 16 32 1 5 10 31 6 37 29 14 2 7 4 12 
38 8 33 3 36 16 32 1 5 10 31 6 37 29 14 2 7 4 38 12 
39 8 33 3 36 16 32 1 5 10 31 6 37 29 14 2 7 4 38 12 
40 8 33 3 36 16 32 1 5 10 31 6 37 29 14 2 7 4 38 12 
41 36 16 32 25 10 23 6 29 2 7 4 12 8 24 33 3 1 5 31 37 20 14 19 38 18 
42 36 16 32 25 10 23 6 29 2 7 4 12 8 24 33 3 1 5 31 37 20 14 19 42 38 18 
43 36 16 32 25 10 23 6 29 2 7 4 12 8 24 33 3 1 5 31 37 20 14 19 42 38 18 
44 36 16 32 25 10 23 6 29 2 7 4 12 8 24 33 3 1 5 31 37 20 14 19 42 38 18 
45 36 16 32 25 10 23 6 29 2 7 4 12 8 24 33 3 1 5 31 37 20 14 19 42 38 18 
46 36 16 32 25 10 23 6 29 2 7 4 12 8 24 33 3 1 5 31 46 37 20 14 19 42 38 18 
47 36 16 32 25 10 23 6 29 2 7 4 12 8 24 33 3 1 5 31 46 37 20 14 19 42 38 18 
48 36 16 32 25 10 23 6 29 2 7 4 12 8 24 33 3 1 5 31 46 37 20 14 19 42 38 18 
49 36 16 32 25 10 49 23 6 29 2 7 4 12 8 24 33 3 1 5 31 46 37 20 14 19 42 38 18 
50 36 16 32 25 10 49 23 6 29 2 7 4 12 8 24 33 3 1 5 31 46 37 20 14 19 42 38 18 
51 36 16 32 25 10 49 23 6 29 2 7 4 12 8 24 33 3 1 5 31 46 37 20 14 19 42 38 18 
52 36 16 32 25 10 49 23 6 29 52 2 7 4 12 8 24 33 3 1 5 31 46 37 20 14 19 42 38 18 
53 36 16 32 53 25 10 49 23 6 29 52 2 7 4 12 8 24 33 3 1 5 31 46 37 20 14 19 42 38 18 
54 36 16 32 53 25 10 49 23 6 29 52 2 7 4 12 8 24 33 3 1 5 31 46 37 20 14 19 42 38 18 
55 36 16 32 53 25 10 49 23 6 29 52 2 7 4 12 8 24 33 3 1 5 31 46 37 20 14 55 19 42 38 18 
56 36 16 32 53 25 10 49 23 6 29 52 2 7 4 12 8 24 33 3 1 5 31 46 37 20 14 55 19 42 38 18 
57 36 16 32 53 25 10 49 23 6 29 52 2 7 4 12 8 24 33 3 1 5 31 46 37 20 14 55 19 42 38 18 
