1 1 
2 1 2 
3 1 3 2 
4 1 4 3 2 
5 1 5 4 3 2 
6 1 5 4 3 2 6 
7 1 7 5 4 3 2 
8 1 7 5 4 3 2 8 
9 1 7 5 4 3 2 8 
10 10 1 7 5 4 3 2 8 
11 10 1 7 5 4 3 2 8 
12 10 1 7 5 4 3 2 8 
13 10 1 7 5 4 3 13 2 8 
14 10 1 7 5 4 3 13 2 8 
15 10 1 7 5 4 15 3 13 2 8 
16 10 1 7 5 4 15 3 13 16 2 8 
17 10 1 7 5 4 15 3 13 16 2 8 
18 18 10 1 5 4 15 3 13 16 2 8 
19 18 10 1 5 4 15 3 13 16 19 2 8 
20 5 4 3 16 20 8 18 10 1 15 13 19 2 
21 5 4 21 3 16 20 8 18 10 1 15 13 19 2 
22 5 22 4 21 3 16 20 8 18 10 1 15 13 19 2 
23 5 22 4 21 3 16 20 23 8 18 10 1 15 13 19 2 
24 5 22 4 21 3 16 20 23 8 18 24 10 1 15 13 19 2 
25 5 22 4 21 3 16 20 23 8 18 24 10 1 25 15 13 19 2 
26 5 22 4 21 3 16 20 23 8 18 24 10 1 25 15 13 19 26 2 
27 5 22 4 21 3 16 20 23 8 18 24 10 1 25 15 13 19 26 2 27 
28 5 22 4 21 3 16 20 23 8 18 24 10 1 25 15 13 19 26 2 27 
29 5 22 4 21 3 16 20 23 8 18 24 10 1 25 15 29 13 19 26 2 27 
30 5 22 4 21 30 3 16 20 23 8 18 24 10 1 25 15 29 13 19 26 2 27 
31 5 22 4 21 30 3 16 20 23 8 18 24 10 1 25 15 29 13 19 26 2 27 
32 5 22 4 21 30 3 16 20 23 8 18 32 24 10 1 25 15 29 13 19 26 2 27 
33 5 22 4 21 30 3 16 20 23 8 18 32 24 10 1 33 25 15 29 13 19 26 2 27 
34 21 20 23 18 32 10 1 25 15 29 13 19 26 27 34 5 22 4 30 3 16 8 24 33 2 
35 21 20 23 18 32 10 1 25 15 29 13 19 26 27 34 5 22 35 4 30 3 16 8 24 33 2 
36 21 20 23 18 32 10 1 25 15 29 13 19 26 27 34 5 22 35 4 30 3 16 8 24 33 2 
37 21 20 23 18 32 37 10 1 25 15 29 13 19 26 27 34 5 22 35 4 30 3 16 8 24 33 2 
38 49 42 23 43 45 18 46 52 1 25 57 29 41 5 22 59 51 55 53 8 56 2 50 47 58 44 21 20 32 37 10 48 54 15 13 19 26 27 34 40 35 4 30 3 16 63 24 33 38 
39 49 42 23 43 45 18 46 52 1 25 57 29 41 5 22 59 51 55 53 8 56 2 50 47 58 44 21 20 32 37 10 48 54 15 13 19 26 27 34 40 35 4 30 3 16 63 24 33 38 
40 49 42 23 43 45 18 46 52 1 25 57 29 41 5 22 59 51 55 53 8 56 2 50 47 58 44 21 20 32 37 10 48 54 15 13 19 26 27 34 40 35 4 30 3 16 63 24 33 38 
41 49 42 23 43 45 18 46 52 1 25 57 29 41 5 22 59 51 55 53 8 56 2 50 47 58 44 21 20 32 37 10 48 54 15 13 19 26 27 34 40 35 4 30 3 16 63 24 33 38 
42 49 42 23 43 45 18 46 52 1 25 57 29 41 5 22 59 51 55 53 8 56 2 50 47 58 44 21 20 32 37 10 48 54 15 13 19 26 27 34 40 35 4 30 3 16 63 24 33 38 
43 49 42 23 45 43 18 46 52 1 25 57 29 41 5 22 59 51 55 53 8 56 2 50 47 58 44 21 20 32 37 10 48 54 15 13 19 26 27 34 40 35 4 30 3 16 63 24 33 38 
44 49 42 23 43 45 18 46 52 1 25 57 29 41 5 22 59 51 55 53 8 56 2 50 47 58 44 21 20 32 37 10 48 54 15 13 19 26 27 34 40 35 4 30 3 16 63 24 33 38 
45 49 42 23 43 45 18 46 52 1 25 57 29 41 5 22 59 51 55 53 8 56 2 50 47 58 44 21 20 32 37 10 48 54 15 13 19 26 27 34 40 35 4 30 3 16 63 24 33 38 
46 49 42 23 43 45 18 46 52 1 25 57 29 41 5 22 59 51 55 53 8 56 2 50 47 58 44 21 20 32 37 10 48 54 15 13 19 26 27 34 40 35 4 30 3 16 63 24 33 38 
47 49 42 23 43 45 18 46 52 1 25 57 29 41 5 22 59 51 55 53 8 56 2 50 47 58 44 21 20 32 37 10 48 54 15 13 19 26 27 34 40 35 4 30 3 16 63 24 33 38 
48 49 42 23 43 45 18 46 52 1 25 57 29 41 5 22 59 51 55 53 8 56 2 50 47 58 44 21 20 32 37 10 48 54 15 13 19 26 27 34 40 35 4 30 3 16 63 24 33 38 
49 49 42 23 43 45 18 46 52 1 25 57 29 41 5 22 59 51 55 53 8 56 2 50 47 58 44 21 20 32 37 10 48 54 15 13 19 26 27 34 40 35 4 30 3 16 63 24 33 38 
50 49 42 23 43 45 18 46 52 1 25 57 29 41 5 22 59 51 55 53 8 56 2 50 47 58 44 21 20 32 37 10 48 54 15 13 19 26 27 34 40 35 4 30 3 16 63 24 33 38 
51 49 42 23 43 45 18 46 52 1 25 57 29 41 5 22 59 55 51 53 8 56 2 50 47 58 44 21 20 32 37 10 48 54 15 13 19 26 27 34 40 35 4 30 3 16 63 24 33 38 
52 49 42 23 43 45 18 46 52 1 25 57 29 41 5 22 59 51 55 53 8 56 2 50 47 58 44 21 20 32 37 10 48 54 15 13 19 26 27 34 40 35 4 30 3 16 63 24 33 38 
53 49 42 23 43 45 18 46 52 1 25 57 29 41 5 22 59 51 55 53 8 56 2 50 47 58 44 21 20 32 37 10 48 54 15 13 19 26 27 34 40 35 4 30 3 16 63 24 33 38 
54 49 42 23 43 45 18 46 52 1 25 57 29 41 5 22 59 51 55 53 8 56 2 50 47 58 44 21 20 32 37 10 48 54 15 13 19 26 27 34 40 35 4 30 3 16 63 24 33 38 
55 49 42 23 43 45 18 46 52 1 25 57 29 41 5 22 59 51 55 53 8 56 2 50 47 58 44 21 20 32 37 10 48 54 15 13 19 26 27 34 40 35 4 30 3 16 63 24 33 38 
56 49 42 23 43 45 18 46 52 1 25 57 29 41 5 22 59 51 55 53 8 56 2 50 47 58 44 21 20 32 37 10 48 54 15 13 19 26 27 34 40 35 4 30 3 16 63 24 33 38 
57 49 42 23 43 45 18 46 52 1 25 57 29 41 5 22 59 51 55 53 8 56 2 50 47 58 44 21 20 32 37 10 48 54 15 13 19 26 27 34 40 35 4 30 3 16 63 24 33 38 
58 49 42 23 43 45 18 46 52 1 25 57 29 41 5 22 59 51 55 53 8 56 2 50 47 58 44 21 20 32 37 10 48 54 15 13 19 26 27 34 40 35 4 30 3 16 63 24 33 38 
59 49 42 23 43 45 18 46 52 1 25 57 29 41 5 22 59 51 55 53 8 56 2 50 47 58 44 21 20 32 37 10 48 54 15 13 19 26 27 34 40 35 4 30 3 16 63 24 33 38 
60 49 42 23 43 45 18 46 52 1 25 57 29 41 5 22 59 51 55 53 8 56 2 50 47 58 44 21 20 32 37 10 48 54 15 13 19 26 27 34 40 35 4 30 3 16 63 24 33 38 
61 49 42 23 43 45 18 46 52 1 25 57 29 41 5 22 59 51 55 53 8 56 2 50 47 58 44 21 20 32 37 10 48 54 15 13 19 26 27 34 40 35 4 30 3 16 63 24 33 38 
62 49 42 23 43 45 18 46 52 1 25 57 29 41 5 22 59 51 55 53 8 56 2 50 47 58 44 21 20 32 37 10 48 54 15 13 19 26 27 34 40 35 4 30 3 16 63 24 33 38 
63 47 49 58 44 21 42 20 23 43 45 18 32 10 46 52 1 48 54 25 57 15 29 13 19 26 27 34 40 41 5 22 35 59 4 30 3 16 51 55 53 8 63 24 33 56 2 38 50 
64 47 49 58 44 21 42 20 23 43 45 18 32 10 46 52 1 48 54 25 57 15 29 13 19 26 27 34 40 41 5 22 35 59 4 30 3 16 51 55 53 8 63 24 33 56 2 38 50 
65 49 65 42 23 43 45 18 46 52 1 25 57 29 41 5 22 59 51 55 53 8 56 2 50 47 58 44 21 20 32 37 10 48 54 15 13 19 26 27 34 40 35 4 30 3 16 63 24 33 38 
66 49 65 42 23 43 45 18 46 52 1 25 57 29 41 5 22 59 51 55 53 8 56 2 50 47 58 44 21 20 32 37 10 48 54 15 13 19 26 27 34 40 35 4 30 3 16 63 24 33 38 
67 49 67 65 42 23 43 45 18 46 52 1 25 57 29 41 5 22 59 51 55 53 8 56 2 50 47 58 44 21 20 32 37 10 48 54 15 13 19 26 27 34 40 35 4 30 3 16 63 24 33 38 
68 49 67 65 42 23 43 45 18 46 52 1 25 57 29 41 5 22 59 51 55 53 8 56 2 50 47 58 44 21 20 32 37 10 48 54 15 13 19 26 27 34 40 35 4 30 3 16 63 24 33 38 
69 49 67 65 42 23 43 45 18 46 52 1 25 57 29 41 5 22 59 51 55 53 8 56 2 50 47 58 44 21 20 69 32 37 10 48 54 15 13 19 26 27 34 40 35 4 30 3 16 63 24 33 38 
70 49 67 65 42 23 43 45 18 46 52 1 25 57 29 41 5 22 59 51 55 53 8 56 2 50 47 58 44 21 20 69 32 37 10 48 54 15 13 19 26 27 34 40 35 4 30 3 16 63 24 33 38 
71 49 67 65 42 23 43 45 18 46 52 1 25 57 29 71 41 5 22 59 51 55 53 8 56 2 50 47 58 44 21 20 69 32 37 10 48 54 15 13 19 26 27 34 40 35 4 30 3 16 63 24 33 38 
72 49 67 65 42 23 43 45 18 46 52 1 25 57 29 71 41 5 22 59 72 51 55 53 8 56 2 50 47 58 44 21 20 69 32 37 10 48 54 15 13 19 26 27 34 40 35 4 30 3 16 63 24 33 38 
73 49 67 65 42 23 43 45 18 46 52 1 25 57 29 71 41 5 22 72 59 51 55 53 8 56 2 50 47 58 44 21 20 69 32 37 10 48 54 15 13 19 26 27 34 40 35 4 30 3 16 63 73 24 33 38 
74 49 67 65 42 23 43 45 18 46 52 1 25 57 29 71 41 5 22 72 59 51 55 53 8 56 2 50 47 58 44 21 20 69 32 37 10 48 54 15 13 19 26 27 34 74 40 35 4 30 3 16 63 73 24 33 38 
75 49 67 65 42 23 43 45 18 46 52 1 25 57 29 75 71 41 5 22 72 59 51 55 53 8 56 2 50 47 58 44 21 20 69 32 37 10 48 54 15 13 19 26 27 34 74 40 35 4 30 3 16 63 73 24 33 38 
76 49 67 65 42 23 43 45 18 46 52 1 25 57 29 75 71 41 5 22 72 59 51 55 53 8 56 2 50 47 58 44 21 20 69 32 37 10 48 54 15 13 19 26 27 34 74 40 76 35 4 30 3 16 63 73 24 33 38 
77 49 67 65 42 23 43 45 18 46 52 1 25 57 29 75 71 41 5 22 72 59 51 55 53 8 56 2 50 47 58 44 21 20 69 77 32 37 10 48 54 15 13 19 26 27 34 74 76 40 35 4 30 3 16 63 73 24 33 38 
78 49 67 65 42 23 43 45 18 46 52 1 25 57 29 75 71 41 5 22 72 59 51 55 53 8 56 2 50 47 58 44 21 20 69 77 32 37 10 48 54 15 13 19 26 27 34 74 76 40 35 4 30 3 16 63 73 24 33 38 
79 49 67 65 42 23 43 45 18 46 52 1 25 57 29 75 71 41 5 22 72 59 51 55 53 8 56 2 50 47 58 44 21 20 69 77 32 37 10 48 54 15 13 19 26 27 34 74 76 40 35 4 30 3 16 63 73 24 33 38 
80 49 80 67 65 42 23 43 45 18 46 52 1 25 57 29 75 71 41 5 22 72 59 51 55 53 8 56 2 50 47 58 44 21 20 69 77 32 37 10 48 54 15 13 19 26 27 34 74 76 40 35 4 30 3 16 63 73 24 33 38 
81 80 49 67 65 42 23 43 45 18 46 52 1 25 57 29 75 71 41 5 22 72 59 51 55 53 8 56 2 50 47 58 44 21 20 69 77 32 37 10 48 54 15 13 19 26 27 34 74 76 40 81 35 4 30 3 16 63 73 24 33 38 
82 80 49 67 65 42 23 43 45 18 46 52 1 25 57 29 75 71 41 5 22 82 72 59 51 55 53 8 56 2 50 47 58 44 21 20 69 77 32 37 10 48 54 15 13 19 26 27 34 74 76 40 81 35 4 30 3 16 63 73 24 33 38 
83 80 49 67 65 42 23 43 45 18 46 52 1 25 57 29 75 83 71 41 5 22 82 72 59 51 55 53 8 56 2 50 47 58 44 21 20 69 77 32 37 10 48 54 15 13 19 26 27 34 74 76 40 81 35 4 30 3 16 63 73 24 33 38 
84 80 49 67 65 42 23 43 45 18 46 52 1 25 57 29 75 83 71 41 5 22 82 72 59 51 55 53 8 56 2 50 47 58 44 21 20 69 77 32 37 10 48 54 15 13 19 26 27 34 74 76 40 81 35 84 4 30 3 16 63 73 24 33 38 
85 80 49 67 65 42 23 43 45 18 46 52 1 25 57 29 75 83 71 41 5 22 82 72 59 51 55 53 8 56 2 50 47 58 44 21 20 69 77 32 37 10 48 54 15 13 19 26 27 34 74 76 40 81 35 84 4 30 3 16 63 73 85 24 33 38 
86 86 80 49 67 65 42 23 43 45 18 46 52 1 25 57 29 75 83 71 41 5 22 82 72 59 51 55 53 8 56 2 50 47 58 44 21 20 69 77 32 37 10 48 54 15 13 19 26 27 34 74 76 40 81 35 84 4 30 3 16 63 73 85 24 33 38 
87 86 80 49 67 65 42 23 43 45 18 46 52 1 25 57 29 75 83 71 41 5 22 82 72 59 51 55 53 8 56 2 50 47 58 44 21 20 69 77 32 37 10 48 54 15 13 19 26 27 34 74 76 40 81 35 84 4 30 3 16 63 73 85 24 33 38 
88 86 80 49 67 65 42 23 43 45 18 46 52 1 25 57 29 75 83 71 41 5 22 82 72 59 51 55 53 8 56 2 50 47 58 44 21 20 69 77 32 37 10 48 54 15 13 19 26 27 34 74 76 40 81 35 84 4 30 3 16 63 73 85 24 33 38 
89 21 20 23 18 32 10 1 25 15 29 13 19 26 27 34 5 22 35 4 30 3 16 8 24 33 2 89 
90 21 20 23 18 32 10 1 25 15 29 13 19 26 27 34 5 22 35 4 30 3 16 8 24 33 2 89 
91 21 20 23 18 32 10 1 25 15 29 13 19 26 27 34 5 22 35 4 30 3 16 91 8 24 33 2 89 
92 108 95 115 21 20 23 98 99 111 105 18 32 100 10 1 101 107 103 25 92 15 29 13 19 26 97 104 27 102 34 106 110 5 96 22 35 4 30 3 16 91 8 24 94 109 33 2 89 
93 108 95 115 21 20 23 98 99 111 105 18 32 100 10 1 101 107 103 25 92 15 29 13 19 26 97 104 27 102 34 106 110 5 96 22 35 4 30 3 16 91 8 24 94 109 33 2 89 
94 108 95 115 21 20 23 98 99 111 105 18 32 100 10 1 101 107 103 25 92 15 29 13 19 26 97 104 27 102 34 106 110 5 96 22 35 4 30 3 16 91 8 24 94 109 33 2 89 
95 108 95 115 21 20 23 98 99 111 105 18 32 100 10 1 101 107 103 25 92 15 29 13 19 26 97 104 27 102 34 106 110 5 96 22 35 4 30 3 16 91 8 24 94 109 33 2 89 
96 108 95 115 21 20 23 98 99 111 105 18 32 100 10 1 101 107 103 25 92 15 29 13 19 26 97 104 27 102 34 106 110 5 96 22 35 4 30 3 16 91 8 24 94 109 33 2 89 
97 108 95 115 21 20 23 98 99 111 105 18 32 100 10 1 101 107 103 25 92 15 29 13 19 26 104 97 27 102 34 106 110 5 96 22 35 4 30 3 16 91 8 24 94 109 33 2 89 
98 108 95 115 21 20 23 99 111 98 105 18 32 100 10 1 101 107 103 25 92 15 29 13 19 26 97 104 27 102 34 106 110 5 96 22 35 4 30 3 16 91 8 24 94 109 33 2 89 
99 108 95 115 21 20 23 98 111 99 105 18 32 100 10 1 101 107 103 25 92 15 29 13 19 26 97 104 27 102 34 106 110 5 96 22 35 4 30 3 16 91 8 24 94 109 33 2 89 
100 108 95 115 21 20 23 98 99 111 105 18 32 100 10 1 101 107 103 25 92 15 29 13 19 26 97 104 27 102 34 106 110 5 96 22 35 4 30 3 16 91 8 24 94 109 33 2 89 
101 108 95 115 21 20 23 98 99 111 105 18 32 100 10 1 107 101 103 25 92 15 29 13 19 26 97 104 27 102 34 106 110 5 96 22 35 4 30 3 16 91 8 24 94 109 33 2 89 
102 108 95 115 21 20 23 98 99 111 105 18 32 100 10 1 101 107 103 25 92 15 29 13 19 26 97 104 27 102 34 106 110 5 96 22 35 4 30 3 16 91 8 24 94 109 33 2 89 
103 108 95 115 21 20 23 98 99 111 105 18 32 100 10 1 101 107 103 25 92 15 29 13 19 26 97 104 27 102 34 106 110 5 96 22 35 4 30 3 16 91 8 24 94 109 33 2 89 
104 108 95 115 21 20 23 98 99 111 105 18 32 100 10 1 101 107 103 25 92 15 29 13 19 26 97 104 27 102 34 106 110 5 96 22 35 4 30 3 16 91 8 24 94 109 33 2 89 
105 108 95 115 21 20 23 98 99 111 105 18 32 100 10 1 101 107 103 25 92 15 29 13 19 26 97 104 27 102 34 106 110 5 96 22 35 4 30 3 16 91 8 24 94 109 33 2 89 
106 108 95 115 21 20 23 98 99 111 105 18 32 100 10 1 101 107 103 25 92 15 29 13 19 26 97 104 27 102 34 106 110 5 96 22 35 4 30 3 16 91 8 24 94 109 33 2 89 
107 108 95 115 21 20 23 98 99 111 105 18 32 100 10 1 101 107 103 25 92 15 29 13 19 26 97 104 27 102 34 106 110 5 96 22 35 4 30 3 16 91 8 24 94 109 33 2 89 
108 108 95 115 21 20 23 98 99 111 105 18 32 100 10 1 101 107 103 25 92 15 29 13 19 26 97 104 27 102 34 106 110 5 96 22 35 4 30 3 16 91 8 24 94 109 33 2 89 
109 108 95 115 21 20 23 98 99 111 105 18 32 100 10 1 101 107 103 25 92 15 29 13 19 26 97 104 27 102 34 106 110 5 96 22 35 4 30 3 16 91 8 24 94 109 33 2 89 
110 108 95 115 21 20 23 98 99 111 105 18 32 100 10 1 101 107 103 25 92 15 29 13 19 26 97 104 27 102 34 106 110 5 96 22 35 4 30 3 16 91 8 24 94 109 33 2 89 
111 108 95 115 21 20 23 98 99 111 105 18 32 100 10 1 101 107 103 25 92 15 29 13 19 26 97 104 27 102 34 106 110 5 96 22 35 4 30 3 16 91 8 24 94 109 33 2 89 
112 108 95 115 21 20 23 98 99 111 105 18 32 100 10 1 101 107 103 25 92 15 29 13 19 26 97 104 27 102 34 106 110 5 96 22 35 4 30 3 16 91 8 24 94 109 33 2 89 
113 108 95 115 21 20 23 98 99 111 105 18 32 100 10 1 101 107 103 25 92 15 29 13 19 26 97 104 27 102 34 106 110 5 96 22 35 4 30 3 16 91 8 24 94 109 33 2 89 
114 108 95 115 21 20 23 98 99 111 105 18 32 100 10 1 101 107 103 25 92 15 29 13 19 26 97 104 27 102 34 106 110 5 96 22 35 4 30 3 16 91 8 24 94 109 33 2 89 
115 108 95 115 21 20 23 98 99 111 105 18 32 100 10 1 101 107 103 25 92 15 29 13 19 26 97 104 27 102 34 106 110 5 96 22 35 4 30 3 16 8 24 94 109 33 2 89 
116 108 95 115 21 20 23 98 99 111 105 18 32 100 10 1 101 107 103 25 92 15 29 13 19 26 97 104 27 102 34 106 110 5 96 22 35 4 30 3 16 8 24 94 109 33 2 89 
117 95 23 99 111 105 18 100 1 107 103 25 29 102 5 22 8 2 108 115 21 20 98 32 10 101 117 92 15 13 19 26 97 104 27 34 106 110 96 35 4 30 3 16 91 24 94 109 33 89 
118 95 23 99 111 105 18 100 1 107 103 25 29 102 5 22 8 2 108 115 21 20 98 32 10 101 117 92 15 13 19 26 97 104 27 34 106 110 96 35 4 30 3 16 91 24 94 109 33 89 
119 95 23 99 111 105 18 100 1 107 103 25 29 102 119 5 22 8 2 108 115 21 20 98 32 10 101 117 92 15 13 19 26 97 104 27 34 106 110 96 35 4 30 3 16 91 24 94 109 33 89 
120 95 23 99 111 105 18 100 1 107 103 25 29 102 119 5 22 8 2 108 115 21 20 98 32 10 101 117 92 15 13 19 26 97 104 27 34 106 110 96 35 4 30 3 16 91 24 94 109 33 89 
121 95 23 99 111 105 18 100 1 107 103 25 29 102 119 5 22 8 2 108 115 21 20 98 32 10 101 117 92 15 13 19 26 97 104 27 34 106 110 96 35 4 30 3 16 91 24 94 109 121 33 89 
122 95 23 99 111 105 18 100 1 107 103 25 29 102 119 5 22 8 2 108 115 21 20 98 32 10 101 117 92 15 13 19 26 97 104 27 34 106 110 96 35 4 30 3 16 91 24 94 121 109 33 89 
123 95 123 23 99 111 105 18 100 1 107 103 25 29 102 119 5 22 8 2 108 115 21 20 98 32 10 101 117 92 15 13 19 26 97 104 27 34 106 110 96 35 4 30 3 16 91 24 94 121 109 33 89 
124 95 123 23 99 111 105 18 100 1 107 103 25 124 29 102 119 5 22 8 2 108 115 21 20 98 32 10 101 117 92 15 13 19 26 97 104 27 34 106 110 96 35 4 30 3 16 91 24 94 121 109 33 89 
125 95 123 23 99 111 105 18 100 1 107 103 25 124 29 102 119 5 22 8 2 108 115 21 20 98 32 10 101 117 92 15 13 19 26 97 104 27 34 106 110 96 35 4 30 3 16 91 24 94 121 109 33 89 125 
126 95 123 23 99 111 105 18 100 1 107 103 25 124 29 102 119 5 22 8 2 108 115 21 20 98 32 10 101 117 92 15 13 19 26 97 104 27 34 106 110 96 35 4 30 126 3 16 91 24 94 121 109 33 89 125 
127 95 123 23 99 111 105 18 100 1 107 103 25 124 29 102 119 5 22 8 2 108 115 21 20 98 32 10 101 117 92 15 13 19 26 97 104 27 34 106 127 110 96 35 4 30 126 3 16 91 24 94 121 109 33 89 125 
128 95 123 23 99 111 105 18 100 1 107 103 25 124 29 102 119 5 22 8 2 108 115 21 20 98 32 10 101 117 92 15 13 19 26 97 104 27 34 106 127 110 96 35 4 30 126 3 16 91 24 94 121 109 33 89 125 
129 95 123 23 99 111 105 18 100 1 107 103 25 124 29 102 119 5 22 8 2 108 115 21 20 98 32 10 101 117 92 15 13 19 26 97 104 27 34 106 127 110 96 35 4 30 126 3 16 91 24 94 121 109 33 89 125 
130 95 123 23 99 111 105 18 130 100 1 107 103 25 124 29 102 119 5 22 8 2 108 115 21 20 98 32 10 101 117 92 15 13 19 26 97 104 27 34 106 127 110 96 35 4 30 126 3 16 91 24 94 121 109 33 89 125 
131 95 123 23 99 111 105 18 130 100 1 107 103 25 124 29 102 119 5 22 8 2 108 115 21 20 98 32 10 101 117 92 15 13 19 26 97 104 27 131 34 106 127 110 96 35 4 30 126 3 16 91 24 94 121 109 33 89 125 
132 95 123 23 99 111 105 18 130 100 1 107 103 25 124 29 102 119 5 22 8 2 108 115 21 20 98 32 10 101 117 92 15 13 19 26 97 104 27 131 34 106 127 110 96 35 4 30 126 3 16 91 24 94 121 109 33 89 132 125 
133 95 123 23 99 111 105 18 130 100 1 107 103 25 124 29 102 119 5 22 8 2 108 115 21 20 98 32 10 101 117 92 15 13 19 26 97 104 27 131 34 106 127 133 110 96 35 4 30 126 3 16 91 24 94 121 109 33 89 132 125 
134 95 123 23 99 111 105 18 130 100 134 1 107 103 25 124 29 102 119 5 22 8 2 108 115 21 20 98 32 10 101 117 92 15 13 19 26 97 104 27 131 34 106 127 133 110 96 35 4 30 126 3 16 91 24 94 121 109 33 89 132 125 
135 95 123 23 99 111 105 18 130 100 134 1 107 103 25 124 29 102 119 5 22 135 8 2 108 115 21 20 98 32 10 101 117 92 15 13 19 26 97 104 27 131 34 106 127 133 110 96 35 4 30 126 3 16 91 24 94 121 109 33 89 132 125 
136 95 123 23 99 111 105 18 130 100 134 1 107 103 25 124 29 102 119 5 22 135 8 136 2 108 115 21 20 98 32 10 101 117 92 15 13 19 26 97 104 27 131 34 106 127 133 110 96 35 4 30 126 3 16 91 24 94 121 109 33 89 132 125 
137 95 123 23 99 111 105 18 130 100 134 1 107 103 25 124 29 102 119 5 22 135 8 136 2 108 115 21 20 98 32 10 101 117 92 15 13 19 26 97 104 27 131 34 106 127 133 110 96 35 4 30 126 3 16 91 24 94 121 109 33 89 132 125 
138 86 49 95 123 42 23 99 111 43 45 105 100 134 52 57 29 83 119 41 82 53 136 2 47 58 21 20 69 98 37 10 117 54 15 19 127 133 81 84 30 3 16 91 73 121 109 38 132 80 67 65 18 130 46 1 107 103 25 124 75 71 102 5 22 72 59 135 51 55 8 56 50 108 44 115 77 32 101 48 92 13 26 97 104 27 131 34 74 106 76 40 110 96 35 4 126 63 85 24 94 33 89 125 
139 5 22 4 21 30 3 16 20 23 139 8 18 24 10 1 25 15 29 13 19 26 2 27 
140 5 22 4 21 30 3 16 20 23 139 8 18 24 10 1 25 15 29 13 19 26 2 27 140 
141 21 20 23 139 18 10 1 25 15 29 13 19 26 27 141 5 22 4 30 3 16 8 24 2 140 
142 21 20 23 139 18 142 10 1 25 15 29 13 19 26 27 141 5 22 4 30 3 16 8 24 2 140 
143 21 20 23 139 18 142 10 1 25 15 29 13 19 26 27 141 5 22 4 30 3 16 8 24 2 140 
144 21 20 23 139 18 142 10 1 25 15 29 13 19 26 27 144 141 5 22 4 30 3 16 8 24 2 140 
145 153 166 165 23 170 18 142 155 150 1 25 29 148 141 159 5 22 8 158 162 163 145 2 140 160 152 21 20 154 139 147 10 157 164 15 13 19 26 27 144 4 30 3 16 151 149 156 24 161 
146 153 166 165 23 170 18 142 155 150 1 25 29 148 141 159 5 22 8 158 162 163 145 2 140 160 152 21 20 154 139 147 10 157 164 15 13 19 26 27 144 4 30 3 16 151 149 156 24 161 
147 153 166 165 23 170 18 142 155 150 1 25 29 148 141 159 5 22 8 158 162 163 145 2 140 160 152 21 20 154 139 147 10 157 164 15 13 19 26 27 144 4 30 3 16 151 149 156 24 161 
148 153 166 165 23 170 18 142 155 150 1 25 29 148 141 159 5 22 8 158 162 163 145 2 140 160 152 21 20 154 139 147 10 157 164 15 13 19 26 27 144 4 30 3 16 151 149 156 24 161 
149 153 166 165 23 170 18 142 155 150 1 25 29 148 141 159 5 22 8 158 162 163 145 2 140 160 152 21 20 154 139 147 10 157 164 15 13 19 26 27 144 4 30 3 16 151 149 156 24 161 
150 153 166 165 23 170 18 142 155 150 1 25 29 148 141 159 5 22 8 158 162 163 145 2 140 160 152 21 20 154 139 147 10 157 164 15 13 19 26 27 144 4 30 3 16 151 149 156 24 161 
151 153 166 165 23 170 18 142 155 150 1 25 29 148 141 159 5 22 8 158 162 163 145 2 140 160 152 21 20 154 139 147 10 157 164 15 13 19 26 27 144 4 30 3 16 151 149 156 24 161 
152 153 166 165 23 170 18 142 155 150 1 25 29 148 141 159 5 22 8 158 162 163 145 2 140 160 152 21 20 154 139 147 10 157 164 15 13 19 26 27 144 4 30 3 16 151 149 156 24 161 
153 153 166 165 23 170 18 142 155 150 1 25 29 148 141 159 5 22 8 158 162 163 145 2 140 160 152 21 20 154 139 147 10 157 164 15 13 19 26 27 144 4 30 3 16 151 149 156 24 161 
154 153 166 165 23 170 18 142 155 150 1 25 29 148 141 159 5 22 8 158 162 163 145 2 140 160 152 21 20 154 139 147 10 157 164 15 13 19 26 27 144 4 30 3 16 151 149 156 24 161 
155 153 166 165 23 170 18 142 155 150 1 25 29 148 141 159 5 22 8 158 162 163 145 2 140 160 152 21 20 154 139 147 10 157 164 15 13 19 26 27 144 4 30 3 16 151 149 156 24 161 
156 153 166 165 23 170 18 142 155 150 1 25 29 148 141 159 5 22 8 158 162 163 145 2 140 160 152 21 20 154 139 147 10 157 164 15 13 19 26 27 144 4 30 3 16 151 149 156 24 161 
157 153 166 165 23 170 18 142 155 150 1 25 29 148 141 159 5 22 8 158 162 163 145 2 140 160 152 21 20 154 139 147 10 157 164 15 13 19 26 27 144 4 30 3 16 151 149 156 24 161 
158 153 166 165 23 170 18 142 155 150 1 25 29 148 141 159 5 22 8 158 162 163 145 2 140 160 152 21 20 154 139 147 10 157 164 15 13 19 26 27 144 4 30 3 16 151 149 156 24 161 
159 153 166 165 23 170 18 142 155 150 1 25 29 148 141 159 5 22 8 158 162 163 145 2 140 160 152 21 20 154 139 147 10 157 164 15 13 19 26 27 144 4 30 3 16 151 149 156 24 161 
160 153 166 165 23 170 18 142 155 150 1 25 29 148 141 159 5 22 8 158 162 163 145 2 140 160 152 21 20 154 139 147 10 157 164 15 13 19 26 27 144 4 30 3 16 151 149 156 24 161 
161 153 166 165 23 170 18 142 155 150 1 25 29 148 141 159 5 22 8 158 162 163 145 2 140 160 152 21 20 154 139 147 10 157 164 15 13 19 26 27 144 4 30 3 16 151 149 156 24 161 
162 153 166 165 23 170 18 142 155 150 1 25 29 148 141 159 5 22 8 158 162 163 145 2 140 160 152 21 20 154 139 147 10 157 164 15 13 19 26 27 144 4 30 3 16 151 149 156 24 161 
163 153 166 165 23 170 18 142 155 150 1 25 29 148 141 159 5 22 8 158 162 163 145 2 140 160 152 21 20 154 139 147 10 157 164 15 13 19 26 27 144 4 30 3 16 151 149 156 24 161 
164 153 166 165 23 170 18 142 155 150 1 25 29 148 141 159 5 22 8 158 162 163 145 2 140 160 152 21 20 154 139 147 10 157 164 15 13 19 26 27 144 4 30 3 16 151 149 156 24 161 
165 153 166 165 23 170 18 142 155 150 1 25 29 148 141 159 5 22 8 158 162 163 145 2 140 160 152 21 20 154 139 147 10 157 164 15 13 19 26 27 144 4 30 3 16 151 149 156 24 161 
166 153 166 165 23 170 18 142 155 150 1 25 29 148 141 159 5 22 8 158 162 163 145 2 140 160 152 21 20 154 139 147 10 157 164 15 13 19 26 27 144 4 30 3 16 151 149 156 24 161 
167 153 166 165 23 170 18 142 155 150 1 25 29 148 141 159 5 22 8 158 162 163 145 2 140 160 152 21 20 154 139 147 10 157 164 15 13 19 26 27 144 4 30 3 16 151 149 156 24 161 
168 153 166 165 23 170 18 142 155 150 1 25 29 148 141 159 5 22 8 158 162 163 145 2 140 160 152 21 20 154 139 147 10 157 164 15 13 19 26 27 144 4 30 3 16 151 149 156 24 161 
169 153 166 165 23 170 18 142 155 150 1 25 29 148 141 159 5 22 8 158 162 163 145 2 140 160 152 21 20 154 139 147 10 157 164 15 13 19 26 27 144 4 30 3 16 151 149 156 24 161 
170 153 160 166 152 165 21 20 23 154 139 147 170 18 142 155 10 150 1 157 164 25 15 29 13 19 26 27 148 141 159 5 22 4 30 3 16 151 149 156 8 158 162 24 161 163 145 2 140 
171 153 160 166 152 165 21 20 23 154 139 147 170 18 142 155 10 150 1 157 164 25 15 29 13 19 26 27 148 141 159 5 22 4 30 3 16 151 149 156 8 158 162 24 161 163 145 2 140 
172 153 166 165 23 170 18 142 155 150 1 25 29 148 141 159 5 22 8 158 162 163 145 2 140 160 152 21 20 154 139 147 10 172 157 164 15 13 19 26 27 144 4 30 3 16 151 149 156 24 161 
173 153 166 165 23 170 18 142 155 150 1 25 29 148 141 159 5 22 8 158 162 163 145 2 140 160 152 21 20 154 139 147 10 172 157 164 15 13 19 26 27 144 4 30 3 16 151 149 156 24 161 
174 153 166 165 23 170 18 142 155 150 1 25 29 148 141 159 5 22 8 158 162 163 145 2 140 160 152 21 20 154 139 147 174 10 172 157 164 15 13 19 26 27 144 4 30 3 16 151 149 156 24 161 
175 153 166 165 23 170 18 142 155 150 1 25 29 148 141 159 5 22 8 158 162 163 145 2 140 160 152 21 20 154 139 174 147 10 172 157 164 15 13 19 26 27 144 4 30 3 16 151 149 156 24 161 
176 153 166 165 23 170 18 142 155 150 1 25 29 148 141 159 5 22 8 158 162 163 145 2 140 160 152 21 20 154 139 174 147 10 172 157 164 15 13 19 26 27 144 4 30 3 16 151 149 156 24 161 176 
177 153 166 165 23 170 18 142 155 150 1 25 29 148 141 159 5 22 8 158 162 163 145 2 140 160 152 21 20 154 139 174 147 10 172 157 164 15 13 19 26 27 144 4 30 3 16 151 149 156 24 161 176 
178 153 166 165 23 170 18 142 155 150 1 25 29 148 141 159 5 22 8 158 162 163 145 2 140 160 152 21 20 154 139 174 147 10 172 157 164 15 13 19 26 27 144 4 30 3 16 151 149 156 24 161 176 178 
179 153 166 165 23 170 18 142 155 150 1 25 29 148 141 159 5 22 8 158 179 162 163 145 2 140 160 152 21 20 154 139 174 147 10 172 157 164 15 13 19 26 27 144 4 30 3 16 151 149 156 24 161 176 178 
180 153 166 165 23 170 18 142 155 150 1 25 29 148 141 159 5 22 8 179 158 162 163 145 2 140 160 152 21 20 154 139 174 147 10 172 157 164 15 180 13 19 26 27 144 4 30 3 16 151 149 156 24 161 176 178 
181 153 166 165 23 170 18 142 155 150 1 25 29 148 141 159 5 22 8 179 158 162 163 145 2 140 160 152 21 20 154 139 174 147 10 172 181 157 164 15 180 13 19 26 27 144 4 30 3 16 151 149 156 24 161 176 178 
182 153 166 165 23 170 18 142 155 150 1 25 29 148 141 159 5 22 8 179 158 162 163 145 2 140 160 152 21 20 154 139 174 147 10 172 181 157 164 182 15 180 13 19 26 27 144 4 30 3 16 151 149 156 24 161 176 178 
183 153 166 165 23 170 18 142 155 150 1 25 29 148 141 159 5 22 8 179 158 162 163 145 2 140 160 152 21 183 20 154 139 174 147 10 172 181 157 182 164 15 180 13 19 26 27 144 4 30 3 16 151 149 156 24 161 176 178 
184 153 166 165 23 170 18 142 155 150 1 25 29 148 141 159 5 22 8 179 158 162 163 145 2 140 160 152 21 183 20 154 139 174 147 10 172 181 157 182 164 15 180 13 19 26 27 144 4 30 3 16 151 149 184 156 24 161 176 178 
185 153 166 165 23 170 18 142 155 150 1 25 29 148 141 159 5 22 8 179 158 162 163 145 2 140 160 152 21 183 20 154 139 174 147 10 172 181 157 182 164 15 180 13 19 26 27 144 4 30 3 16 151 184 149 156 24 161 176 178 
186 153 166 165 23 170 18 142 155 150 1 25 29 148 141 159 5 22 8 179 158 162 163 145 2 140 160 152 21 183 20 154 139 174 147 10 172 181 157 182 164 15 180 13 19 26 27 144 4 30 3 16 151 184 149 156 24 161 176 178 
187 153 166 165 23 170 18 142 155 150 1 25 29 148 141 159 5 22 8 179 158 162 163 145 2 140 160 152 21 183 20 154 139 174 147 10 172 181 157 182 164 15 180 13 19 26 27 144 4 30 3 16 151 184 149 156 24 161 187 176 178 
188 153 166 165 23 170 18 142 155 150 1 25 29 148 141 159 5 22 8 179 158 162 163 145 2 140 160 152 21 183 20 154 139 174 147 188 10 172 181 157 182 164 15 180 13 19 26 27 144 4 30 3 16 151 184 149 156 24 161 187 176 178 
189 153 166 165 23 170 18 142 155 150 1 25 29 189 148 141 159 5 22 8 179 158 162 163 145 2 140 160 152 21 183 20 154 139 174 147 188 10 172 181 157 182 164 15 180 13 19 26 27 144 4 30 3 16 151 184 149 156 24 161 187 176 178 
190 153 166 165 23 170 18 142 155 150 1 25 29 189 148 141 159 5 22 8 179 158 162 163 145 2 140 160 152 21 183 20 154 139 174 147 188 10 172 181 157 182 164 190 15 180 13 19 26 27 144 4 30 3 16 151 184 149 156 24 161 187 176 178 
191 153 166 165 23 170 18 142 155 150 1 25 29 189 148 141 159 5 22 8 179 158 162 163 145 2 140 160 152 21 183 20 154 139 174 147 188 10 172 181 157 182 164 190 15 180 13 19 26 27 144 4 30 3 16 151 184 149 156 24 161 191 187 176 178 
192 153 166 165 23 170 18 142 155 150 1 25 29 189 148 141 159 5 22 8 179 158 162 163 145 2 140 160 152 21 183 20 154 139 174 147 188 10 172 181 157 182 164 190 15 180 13 19 26 27 144 192 4 30 3 16 151 184 149 156 24 161 191 187 176 178 
193 153 166 165 23 170 18 142 155 150 1 25 29 189 148 141 159 5 22 8 179 158 162 193 163 145 2 140 160 152 21 183 20 154 139 174 147 188 10 172 181 157 182 164 190 15 180 13 19 26 27 144 192 4 30 3 16 151 184 149 156 24 161 191 187 176 178 
194 153 166 165 23 170 18 142 155 150 1 25 29 189 148 141 159 5 22 8 179 158 162 193 163 145 2 140 160 152 21 183 20 154 139 174 147 188 10 172 181 157 182 164 190 15 180 13 19 26 27 144 192 4 30 3 16 151 184 149 156 24 161 191 187 176 178 
195 153 166 165 23 170 18 142 155 150 1 25 29 189 148 141 159 5 22 8 179 158 162 193 163 145 2 140 160 152 21 183 20 154 139 174 147 188 10 172 181 157 182 164 190 15 180 13 19 26 27 144 192 4 30 3 16 151 184 149 156 24 161 191 187 176 178 
196 21 20 23 139 18 142 10 1 25 15 29 13 19 26 27 196 141 5 22 4 30 3 16 8 24 2 140 
197 21 20 23 139 18 142 10 1 25 15 29 13 19 26 27 196 141 5 22 4 30 3 16 8 24 2 140 
198 21 20 23 139 18 142 10 1 25 15 29 13 19 26 27 196 141 5 22 4 30 3 16 8 24 198 2 140 
199 205 202 203 210 199 21 206 20 23 209 213 214 139 207 217 18 142 204 10 208 201 1 25 15 29 13 19 26 27 196 141 222 212 5 22 4 30 3 16 211 8 24 216 215 218 198 2 140 
200 205 202 203 210 199 21 206 20 23 209 213 214 139 207 217 18 142 204 10 208 201 1 25 15 29 13 19 26 27 196 141 222 212 5 22 4 30 3 16 211 8 24 216 215 218 198 2 140 
201 205 202 203 210 199 21 206 20 23 209 213 214 139 207 217 18 142 204 10 208 201 1 25 15 29 13 19 26 27 196 141 222 212 5 22 4 30 3 16 211 8 24 216 215 218 198 2 140 
202 205 203 210 202 199 21 206 20 23 209 213 214 139 207 217 18 142 204 10 208 201 1 25 15 29 13 19 26 27 196 141 222 212 5 22 4 30 3 16 211 8 24 216 215 218 198 2 140 
203 205 202 210 203 199 21 206 20 23 209 213 214 139 207 217 18 142 204 10 208 201 1 25 15 29 13 19 26 27 196 141 222 212 5 22 4 30 3 16 211 8 24 216 215 218 198 2 140 
204 205 202 203 210 199 21 206 20 23 209 213 214 139 207 217 18 142 204 10 208 201 1 25 15 29 13 19 26 27 196 141 222 212 5 22 4 30 3 16 211 8 24 216 215 218 198 2 140 
205 205 202 203 210 199 21 206 20 23 209 213 214 139 207 217 18 142 204 10 208 201 1 25 15 29 13 19 26 27 196 141 222 212 5 22 4 30 3 16 211 8 24 216 215 218 198 2 140 
206 205 202 203 210 199 21 206 20 23 209 213 214 139 207 217 18 142 204 10 208 201 1 25 15 29 13 19 26 27 196 141 222 212 5 22 4 30 3 16 211 8 24 216 215 218 198 2 140 
207 205 202 203 210 199 21 206 20 23 209 213 214 139 217 207 18 142 204 10 208 201 1 25 15 29 13 19 26 27 196 141 222 212 5 22 4 30 3 16 211 8 24 216 215 218 198 2 140 
208 205 202 203 210 199 21 206 20 23 209 213 214 139 207 217 18 142 204 10 208 201 1 25 15 29 13 19 26 27 196 141 222 212 5 22 4 30 3 16 211 8 24 216 215 218 198 2 140 
209 205 202 203 210 199 21 206 20 23 209 213 214 139 207 217 18 142 204 10 208 201 1 25 15 29 13 19 26 27 196 141 222 212 5 22 4 30 3 16 211 8 24 216 215 218 198 2 140 
210 205 202 203 210 199 21 206 20 23 209 213 214 139 207 217 18 142 204 10 208 201 1 25 15 29 13 19 26 27 196 141 222 212 5 22 4 30 3 16 211 8 24 216 215 218 198 2 140 
211 205 202 203 210 199 21 206 20 23 209 213 214 139 207 217 18 142 204 10 208 201 1 25 15 29 13 19 26 27 196 141 222 212 5 22 4 30 3 16 211 8 24 216 215 218 198 2 140 
212 205 202 203 210 199 21 206 20 23 209 213 214 139 207 217 18 142 204 10 208 201 1 25 15 29 13 19 26 27 196 141 222 212 5 22 4 30 3 16 211 8 24 216 215 218 198 2 140 
213 205 202 203 210 199 21 206 20 23 209 214 213 139 207 217 18 142 204 10 208 201 1 25 15 29 13 19 26 27 196 141 222 212 5 22 4 30 3 16 211 8 24 216 215 218 198 2 140 
214 205 202 203 210 199 21 206 20 23 209 213 214 139 207 217 18 142 204 10 208 201 1 25 15 29 13 19 26 27 196 141 222 212 5 22 4 30 3 16 211 8 24 216 215 218 198 2 140 
215 205 202 203 210 199 21 206 20 23 209 213 214 139 207 217 18 142 204 10 208 201 1 25 15 29 13 19 26 27 196 141 222 212 5 22 4 30 3 16 211 8 24 216 215 218 198 2 140 
216 205 202 203 210 199 21 206 20 23 209 213 214 139 207 217 18 142 204 10 208 201 1 25 15 29 13 19 26 27 196 141 222 212 5 22 4 30 3 16 211 8 24 216 215 218 198 2 140 
217 205 202 203 210 199 21 206 20 23 209 213 214 139 207 217 18 142 204 10 208 201 1 25 15 29 13 19 26 27 196 141 222 212 5 22 4 30 3 16 211 8 24 216 215 218 198 2 140 
218 205 202 203 210 199 21 206 20 23 209 213 214 139 207 217 18 142 204 10 208 201 1 25 15 29 13 19 26 27 196 141 222 212 5 22 4 30 3 16 211 8 24 216 215 218 198 2 140 
219 205 202 203 210 199 21 206 20 23 209 213 214 139 207 217 18 142 204 10 208 201 1 25 15 29 13 19 26 27 196 141 222 212 5 22 4 30 3 16 211 8 24 216 215 218 198 2 140 
220 205 202 203 210 199 21 206 20 23 209 213 214 139 207 217 18 142 204 10 208 201 1 25 15 29 13 19 26 27 196 141 222 212 5 22 4 30 3 16 211 8 24 216 215 218 198 2 140 
221 205 202 203 210 199 21 206 20 23 209 213 214 139 207 217 18 142 204 10 208 201 1 25 15 29 13 19 26 27 196 141 222 212 5 22 4 30 3 16 211 8 24 216 215 218 198 2 140 
222 205 202 203 210 199 21 206 20 23 209 213 214 139 207 217 18 142 204 10 208 201 1 25 15 29 13 19 26 27 196 141 222 212 5 22 4 30 3 16 211 8 24 216 215 218 2 140 
223 205 202 203 210 199 21 206 20 23 209 213 214 139 207 217 18 142 204 10 208 201 1 25 15 29 13 19 26 27 196 141 222 212 5 22 4 30 3 16 211 8 24 216 215 218 2 140 
224 205 199 23 209 207 18 142 204 208 201 1 25 29 141 212 5 22 211 8 216 218 2 140 224 202 203 210 21 206 20 213 214 139 217 10 15 13 19 26 27 196 222 4 30 3 16 24 215 198 
225 205 199 23 209 207 18 142 204 208 201 1 25 29 141 212 5 22 211 8 216 218 2 140 224 202 203 210 21 206 20 213 214 139 217 10 15 13 19 26 27 196 222 4 30 3 16 24 215 198 
226 205 199 23 209 207 18 142 204 208 201 1 25 29 141 212 5 22 211 8 216 218 2 140 224 202 203 210 21 206 20 213 214 139 217 10 15 13 19 26 27 196 222 226 4 30 3 16 24 215 198 
227 205 199 23 209 207 18 142 204 208 201 1 25 29 141 212 5 22 211 8 216 218 2 140 224 202 203 210 21 206 20 213 214 139 217 10 15 13 19 26 27 196 222 226 4 30 3 16 24 215 198 
228 205 199 23 209 207 18 142 204 208 201 1 25 29 141 212 5 22 228 211 8 216 218 2 140 224 202 203 210 21 206 20 213 214 139 217 10 15 13 19 26 27 196 222 226 4 30 3 16 24 215 198 
229 205 199 23 209 207 18 142 204 208 201 1 25 29 141 212 5 22 228 211 8 216 218 2 140 224 202 203 210 21 206 20 213 214 139 217 10 15 13 19 26 27 196 222 226 4 30 3 16 24 215 198 
230 205 199 23 209 207 18 142 204 208 201 1 25 29 230 141 212 5 22 228 211 8 216 218 2 140 224 202 203 210 21 206 20 213 214 139 217 10 15 13 19 26 27 196 222 226 4 30 3 16 24 215 198 
231 205 231 199 23 209 207 18 142 204 208 201 1 25 29 230 141 212 5 22 228 211 8 216 218 2 140 224 202 203 210 21 206 20 213 214 139 217 10 15 13 19 26 27 196 222 226 4 30 3 16 24 215 198 
232 205 231 199 232 23 209 207 18 142 204 208 201 1 25 29 230 141 212 5 22 228 211 8 216 218 2 140 224 202 203 210 21 206 20 213 214 139 217 10 15 13 19 26 27 196 222 226 4 30 3 16 24 215 198 
233 205 231 199 232 23 209 207 18 142 204 208 201 1 25 29 230 141 212 5 22 228 233 211 8 216 218 2 140 224 202 203 210 21 206 20 213 214 139 217 10 15 13 19 26 27 196 222 226 4 30 3 16 24 215 198 
234 205 231 199 232 23 209 207 18 142 204 208 201 1 25 29 230 141 234 212 5 22 228 233 211 8 216 218 2 140 224 202 203 210 21 206 20 213 214 139 217 10 15 13 19 26 27 196 222 226 4 30 3 16 24 215 198 
235 205 231 199 232 23 209 207 18 142 204 208 201 1 25 29 230 141 234 212 5 22 228 233 211 8 216 218 2 140 224 202 203 210 21 206 20 213 214 139 217 10 15 13 19 26 27 196 222 226 4 30 3 16 24 215 198 
236 205 231 199 232 23 209 207 18 142 204 208 201 1 25 29 230 141 234 212 5 22 228 233 211 8 216 218 2 140 224 202 203 210 21 206 20 213 214 139 217 10 15 13 19 26 27 196 222 226 4 30 3 16 24 215 198 
237 205 231 199 232 23 209 207 18 142 204 208 201 1 25 29 230 141 234 212 5 22 228 233 211 8 216 218 2 140 224 202 203 210 21 206 20 213 214 139 217 10 15 13 19 26 27 196 222 226 4 30 3 16 24 237 215 198 
238 205 231 199 232 23 209 207 18 142 204 208 201 1 25 29 230 141 234 212 5 22 228 233 211 8 216 218 238 2 140 224 202 203 210 21 206 20 213 214 139 217 10 15 13 19 26 27 196 222 226 4 30 3 16 24 237 215 198 
239 205 231 199 232 23 209 239 207 18 142 204 208 201 1 25 29 230 141 234 212 5 22 228 233 211 8 216 218 238 2 140 224 202 203 210 21 206 20 213 214 139 217 10 15 13 19 26 27 196 222 226 4 30 3 16 24 237 215 198 
240 205 231 199 232 23 209 239 207 18 142 204 208 201 1 240 25 29 230 141 234 212 5 22 228 233 211 8 216 218 238 2 140 224 202 203 210 21 206 20 213 214 139 217 10 15 13 19 26 27 196 222 226 4 30 3 16 24 237 215 198 
241 205 231 199 232 23 209 239 207 18 142 204 208 201 1 240 25 29 230 141 234 212 5 22 228 233 211 8 241 216 218 238 2 140 224 202 203 210 21 206 20 213 214 139 217 10 15 13 19 26 27 196 222 226 4 30 3 16 24 237 215 198 
242 205 231 199 232 23 209 239 207 18 142 204 208 201 1 240 25 29 230 141 234 212 5 22 228 233 211 8 241 216 218 238 2 140 224 202 203 210 21 206 20 213 214 139 217 10 15 13 19 26 27 242 196 222 226 4 30 3 16 24 237 215 198 
243 205 231 199 232 23 209 239 207 18 142 204 208 201 1 240 25 29 230 141 234 212 5 22 228 233 211 8 241 216 218 238 243 2 140 224 202 203 210 21 206 20 213 214 139 217 10 15 13 19 26 27 242 196 222 226 4 30 3 16 24 237 215 198 
244 205 231 199 232 23 209 239 207 18 142 204 208 201 1 240 25 29 230 141 234 212 5 22 228 233 211 8 241 216 218 238 243 2 140 224 202 203 210 21 206 20 213 214 139 217 10 15 13 19 26 27 242 196 222 226 4 30 3 16 24 237 215 198 
245 205 86 231 49 199 95 123 232 42 23 99 111 209 43 45 105 170 142 100 204 134 52 57 29 83 119 141 234 41 212 82 233 53 158 216 193 218 136 243 2 224 47 160 58 202 203 21 206 20 69 98 213 214 139 37 10 172 117 182 54 190 15 180 19 127 133 192 222 81 84 30 3 16 184 91 73 237 161 121 109 215 198 176 178 38 132 153 80 166 67 65 165 239 207 18 130 155 46 208 150 201 1 240 107 103 25 124 75 230 71 102 189 148 159 5 22 72 59 228 135 51 55 211 8 179 162 241 56 163 145 238 140 50 108 210 44 115 152 183 77 154 174 147 217 32 188 181 101 157 164 48 92 13 26 97 104 27 131 242 34 74 144 196 106 76 40 110 96 35 226 4 126 151 149 156 63 85 24 94 191 33 187 89 125 
