1 1 
2 1 2 
3 1 2 
4 1 2 4 
5 1 2 4 
6 6 1 2 4 
7 6 1 2 4 7 
8 6 1 2 8 4 7 
9 24 9 1 27 28 13 17 14 23 19 7 6 18 2 8 15 4 
10 9 24 1 27 28 13 17 14 23 19 7 6 18 2 8 15 4 
11 9 24 1 27 28 13 17 14 23 19 7 6 18 2 8 15 4 
12 9 24 1 27 28 13 17 14 23 19 7 6 18 2 8 15 4 
13 9 24 1 27 28 17 13 14 23 19 7 18 2 8 15 4 
14 9 24 1 27 28 13 17 14 23 19 7 18 2 8 15 4 
15 9 24 1 27 28 13 17 14 23 19 7 18 2 8 15 4 
16 9 24 1 27 28 13 17 14 23 19 7 18 2 8 15 4 
17 9 24 1 27 28 13 17 14 23 19 7 18 2 8 15 4 
18 9 24 1 27 28 13 17 14 23 19 7 18 2 8 15 4 
19 9 24 1 27 28 13 17 14 23 19 7 18 2 8 15 4 
20 9 24 1 27 28 13 17 14 23 19 7 18 2 8 15 4 
21 9 24 1 27 28 13 17 14 23 19 7 18 2 8 15 4 
22 9 24 1 27 28 13 17 14 23 19 7 6 18 2 8 15 4 
23 9 24 1 27 28 13 17 14 23 19 7 6 18 2 8 15 4 
24 9 24 1 27 28 13 17 14 23 19 7 6 18 2 8 15 4 
25 9 24 1 27 28 13 17 14 23 19 7 6 18 2 8 15 4 
26 9 24 1 27 28 13 17 14 23 19 7 6 18 2 8 15 4 
27 9 24 1 28 27 13 17 14 23 19 7 6 18 2 8 15 4 
28 9 24 1 27 28 13 17 14 23 19 7 6 18 2 8 15 4 
29 9 24 1 27 28 13 17 14 23 19 7 6 18 2 8 15 4 
30 9 24 1 27 28 13 17 14 23 19 7 6 18 2 8 15 4 
31 9 24 1 27 28 13 17 14 23 19 7 6 18 2 8 15 4 
32 9 24 1 32 27 28 13 17 14 23 19 7 6 18 2 8 15 4 
33 9 24 1 32 27 28 13 17 14 23 19 7 6 18 2 8 15 4 
