1 1 
2 2 1 
3 2 3 1 
4 2 3 4 1 
5 2 3 4 5 1 
6 6 2 3 4 5 1 
7 6 2 3 4 5 1 
8 6 2 3 4 5 8 1 
9 6 2 3 4 5 8 9 1 
10 6 2 3 4 5 8 9 1 10 
11 6 2 3 4 5 8 11 9 1 10 
12 6 2 3 4 5 8 11 9 1 10 
13 6 2 3 4 5 13 1 
14 6 2 3 14 4 5 13 1 
15 6 2 3 14 4 5 15 13 1 
16 6 2 3 14 4 5 15 16 13 1 
17 14 4 8 11 15 9 10 6 2 3 5 16 13 1 
18 14 4 8 11 15 9 10 6 2 3 5 16 13 1 
19 14 4 8 11 15 9 10 6 2 3 5 16 19 13 1 
20 14 4 8 11 15 9 10 6 2 3 5 16 19 13 1 
21 14 4 8 11 15 9 10 6 2 3 5 16 19 13 1 
22 14 4 8 11 15 9 10 6 2 3 5 16 19 13 1 
23 14 4 8 11 15 9 10 6 2 3 5 16 19 13 1 
