1 1 
2 1 2 
3 1 2 3 
4 1 2 3 4 
5 1 2 5 3 4 
6 1 2 5 3 4 6 
7 1 2 5 3 4 7 6 
8 1 2 5 3 4 8 7 6 
9 1 2 9 3 4 8 7 6 
10 1 2 9 3 10 4 8 7 6 
11 1 11 2 9 3 10 4 8 7 6 
12 1 11 2 9 3 10 4 8 12 7 6 
13 1 11 2 13 3 10 4 8 12 7 6 
14 1 11 2 14 13 3 10 4 8 12 7 6 
15 2 14 3 10 4 8 15 7 1 11 13 12 6 
16 2 14 16 3 10 4 8 15 7 1 11 13 12 6 
17 2 14 16 3 10 4 8 15 7 1 11 17 12 6 
18 2 14 16 3 10 4 8 15 7 1 11 18 17 12 6 
19 2 14 16 3 10 4 19 8 15 7 1 11 18 17 12 6 
20 20 2 14 16 3 10 4 19 8 15 7 1 11 18 17 12 6 
21 20 2 14 16 3 10 4 21 19 8 15 7 1 11 18 12 6 
22 20 2 14 16 3 10 4 21 22 19 8 15 7 1 11 18 12 6 
23 20 23 2 14 16 3 10 4 21 22 19 8 15 7 1 11 18 12 6 
24 20 23 2 14 16 24 3 10 4 21 22 19 8 15 7 1 11 18 12 6 
25 20 23 2 14 16 24 3 10 4 22 19 8 15 7 1 11 18 25 12 6 
26 20 23 2 14 16 24 3 10 4 22 19 8 15 7 1 11 18 25 26 12 6 
27 20 23 2 14 16 24 3 10 4 22 19 8 15 7 1 11 18 25 26 12 6 27 
28 20 23 2 14 16 24 3 10 4 22 19 8 15 7 1 11 28 18 25 26 12 6 27 
29 20 23 2 14 16 24 3 10 4 22 19 8 15 29 7 1 11 28 18 26 12 6 27 
30 20 23 2 14 16 24 3 10 4 22 19 8 15 29 7 1 11 28 18 26 12 6 27 30 
31 23 14 3 10 8 28 18 26 31 12 27 20 2 16 24 4 22 19 15 29 7 1 11 6 30 
32 23 14 3 10 8 32 28 18 26 31 12 27 20 2 16 24 4 22 19 15 29 7 1 11 6 30 
33 23 14 3 10 8 32 28 18 26 31 12 27 20 2 16 24 4 22 19 15 7 1 11 33 6 30 
34 23 14 3 10 8 32 28 18 26 31 12 27 20 2 16 24 34 4 22 19 15 7 1 11 33 6 30 
35 23 14 3 10 8 32 28 18 26 31 12 27 35 20 2 16 24 34 4 22 19 15 7 1 11 33 6 30 
36 23 14 3 10 8 32 28 18 26 31 12 27 35 20 2 36 16 24 34 4 22 19 15 7 1 11 33 6 30 
37 23 14 3 10 8 32 28 18 26 31 12 27 35 20 2 36 16 24 34 4 22 19 15 7 1 11 37 6 30 
38 23 14 3 10 8 32 28 18 26 31 12 27 35 20 2 36 16 24 34 4 22 19 15 7 1 11 37 6 30 
