1 1 
2 2 1 
3 3 2 1 
4 3 2 4 1 
5 3 2 4 5 1 
6 6 3 2 4 5 1 
7 6 3 2 4 5 1 7 
8 8 6 3 2 4 5 1 7 
9 8 6 3 2 4 5 9 1 7 
10 8 6 10 3 2 4 5 9 1 7 
11 8 6 10 3 11 2 4 5 9 1 7 
12 12 8 6 10 3 11 2 4 5 9 1 7 
13 6 10 3 4 13 5 9 7 12 8 11 2 1 
14 6 10 3 14 4 13 5 9 7 12 8 11 2 1 
15 6 10 3 14 4 13 5 9 7 12 8 11 2 15 1 
16 6 10 3 14 4 13 5 9 7 12 8 11 2 15 1 
17 6 10 3 14 17 4 13 5 9 7 12 8 11 2 15 1 
18 6 10 3 14 17 4 13 5 9 7 12 8 11 18 2 15 1 
19 6 10 3 14 17 4 13 5 9 7 19 12 8 11 18 2 15 1 
20 6 10 3 14 17 4 13 5 9 7 19 12 8 11 18 2 15 1 
21 6 10 3 14 17 4 13 5 9 7 19 12 8 11 18 2 15 1 
22 6 10 3 14 17 4 13 5 9 7 19 12 8 11 18 2 15 1 
23 23 6 10 3 14 17 4 13 5 9 7 19 12 8 11 18 2 15 1 
24 23 6 10 3 14 17 4 13 5 9 7 19 12 24 8 11 18 2 15 1 
25 25 23 6 10 3 14 17 4 13 5 9 7 19 12 24 8 11 18 2 15 1 
26 25 23 6 10 3 14 17 4 13 5 9 7 19 12 24 8 11 18 2 15 1 
27 25 23 6 10 3 14 17 4 13 5 9 7 19 12 24 8 11 18 2 15 1 
28 25 23 6 10 3 14 17 4 13 5 9 7 19 12 24 8 11 18 2 15 1 
29 25 23 6 10 3 14 17 4 13 5 29 9 7 19 12 24 8 11 18 2 15 1 
30 25 23 6 10 3 14 17 4 13 5 29 9 7 19 12 24 8 30 11 18 2 15 1 
31 25 23 6 31 10 3 14 17 4 13 5 29 9 7 19 12 24 8 30 11 18 2 15 1 
32 25 23 6 31 10 3 14 17 4 13 5 29 9 7 19 12 24 8 30 11 18 2 15 1 
33 25 23 6 31 10 3 14 17 4 13 5 29 9 7 19 12 24 8 30 11 18 2 15 1 
34 25 23 6 31 10 3 14 17 4 13 5 29 9 7 19 12 24 8 30 11 18 2 15 1 
35 25 23 6 31 10 3 14 17 4 13 5 29 9 7 19 12 24 8 30 11 18 2 15 1 
36 25 23 6 31 10 3 14 17 4 13 5 29 9 7 19 12 24 8 30 11 18 2 15 1 
37 25 23 6 31 10 3 14 17 4 13 5 29 9 7 19 12 24 8 30 11 18 2 15 1 
38 23 6 31 10 17 4 13 18 38 25 3 14 5 29 9 7 19 12 24 8 30 11 2 15 1 
39 23 39 6 31 10 17 4 13 18 38 25 3 14 5 29 7 19 12 24 8 30 11 2 15 1 
40 23 39 6 31 10 17 4 13 18 38 25 3 14 5 29 9 7 19 12 24 8 30 11 2 15 1 
41 23 39 6 31 10 17 4 13 18 38 25 3 14 5 29 9 7 19 12 24 8 30 11 2 15 1 
42 23 39 6 31 10 17 4 13 18 38 25 3 14 5 29 9 7 19 12 24 8 30 11 2 15 1 
43 23 39 6 31 10 17 4 13 18 38 25 3 14 5 29 9 7 19 12 24 8 30 11 2 15 1 
44 23 39 44 6 31 10 17 4 13 18 38 25 3 14 5 29 9 7 19 24 8 30 11 2 15 1 
45 23 39 44 6 31 10 17 4 13 18 38 25 3 14 5 29 9 7 19 12 24 8 30 11 2 15 1 
46 23 39 44 6 31 10 17 4 13 18 38 25 3 14 5 29 9 7 19 12 24 8 30 11 2 15 1 
47 23 39 44 6 31 10 17 4 13 18 38 25 3 14 5 29 9 7 19 12 24 8 30 11 2 15 1 
48 23 39 44 6 31 10 17 4 13 18 38 25 3 14 5 29 9 7 19 12 24 8 30 11 2 15 1 
49 23 39 44 6 31 10 17 4 13 18 38 25 3 14 49 5 29 9 7 19 12 24 8 30 11 2 1 
50 23 39 44 6 31 10 17 4 13 18 38 25 3 14 49 5 29 9 7 19 12 24 8 30 11 2 15 1 
51 23 39 44 6 31 10 17 4 13 18 38 25 3 14 49 5 29 9 7 19 12 24 8 30 11 2 15 1 
