1 1 
2 1 2 
3 1 2 3 
4 1 4 2 3 
5 1 4 2 5 3 
6 1 4 2 5 3 6 
7 1 4 2 5 3 6 
8 8 1 4 2 5 3 6 
9 8 1 4 2 5 9 3 6 
10 8 1 4 2 10 5 9 3 6 
11 8 14 16 11 17 6 1 4 2 10 5 13 9 3 
12 8 14 16 11 17 6 1 4 2 10 5 13 9 3 
13 8 14 16 11 17 6 1 4 2 10 5 13 9 3 
14 8 16 14 11 17 6 1 4 2 10 5 13 9 3 
15 8 14 16 11 17 6 1 4 2 10 5 13 9 3 
16 8 14 16 11 17 6 1 4 2 10 5 13 9 3 
17 8 14 16 11 17 6 1 4 2 10 5 13 9 3 
18 8 14 16 11 17 6 1 4 2 10 5 13 9 3 
19 8 14 16 11 17 6 1 4 2 10 5 13 9 3 
20 8 14 16 11 17 6 1 20 4 2 10 5 13 9 3 
21 8 14 16 11 17 21 6 1 20 4 2 10 5 13 9 3 
22 8 14 16 11 21 17 6 1 20 4 2 5 13 9 3 22 
23 29 8 23 26 14 16 11 25 21 17 6 1 20 4 2 5 28 13 9 3 22 
24 29 8 23 26 14 16 11 25 21 17 6 1 20 4 2 5 28 13 9 3 22 
25 29 8 23 26 14 16 11 25 21 17 6 1 20 4 2 5 28 13 9 3 22 
26 29 8 23 16 26 11 25 21 17 6 1 20 4 2 5 28 13 9 3 22 
27 29 8 23 26 16 11 25 21 17 6 1 20 4 2 5 28 13 9 3 22 
28 29 8 23 26 11 25 21 17 6 1 20 4 2 5 28 13 9 3 22 
29 29 8 23 26 11 25 21 17 6 1 20 4 2 5 28 13 9 3 22 
30 29 8 23 26 11 25 21 17 6 1 20 4 2 5 28 13 9 3 22 
31 29 8 23 26 16 11 25 21 17 6 1 20 4 2 5 28 13 9 3 22 
32 29 8 23 26 14 16 11 25 21 17 6 32 1 20 4 2 5 28 13 9 3 22 
33 29 8 23 26 14 16 11 25 21 17 6 32 1 20 4 2 5 28 13 9 3 22 
34 29 8 23 26 14 16 11 34 25 21 17 6 32 1 20 4 2 5 28 13 9 3 22 
35 29 8 35 23 26 14 16 11 34 25 21 17 6 32 1 20 4 2 5 28 13 9 3 22 
36 8 35 23 11 34 32 4 28 13 3 22 29 26 14 16 25 21 17 6 36 1 20 2 5 9 
37 8 35 23 11 34 37 32 4 28 13 3 22 29 26 14 16 25 21 17 6 36 1 20 2 5 9 
38 8 35 23 11 34 37 32 4 28 13 3 22 29 38 16 25 21 17 6 36 1 20 2 5 9 
39 8 35 23 11 34 39 37 32 4 28 13 3 22 29 38 16 25 21 17 6 36 1 20 2 5 9 
40 8 35 23 11 34 39 37 40 32 4 28 13 3 22 29 38 16 25 21 17 6 36 1 20 2 5 9 
41 8 35 23 11 43 34 39 37 40 32 47 48 4 41 44 28 13 3 22 29 38 16 25 21 17 6 36 46 1 20 2 5 9 
42 8 35 23 11 43 34 39 37 40 32 47 48 4 41 44 28 13 3 22 29 38 16 25 21 17 6 36 46 1 20 2 5 9 
43 8 35 23 11 43 34 39 37 40 32 47 48 4 41 44 28 13 3 22 29 38 16 25 21 17 6 36 46 1 20 2 5 9 
44 8 35 23 11 43 34 39 37 40 32 47 48 4 41 44 28 13 3 22 29 38 16 25 21 17 6 36 46 1 20 2 5 9 
45 8 35 23 11 43 34 39 37 40 32 47 48 4 41 44 28 13 3 22 29 38 16 25 21 17 6 36 46 1 20 2 5 9 
46 8 35 23 11 43 34 39 37 40 32 47 48 4 41 44 28 13 3 22 29 38 16 25 21 17 6 36 46 1 20 2 5 9 
47 8 35 23 11 43 34 39 37 40 32 47 48 4 41 44 28 13 3 22 29 38 16 25 21 17 6 36 46 1 20 2 5 9 
48 8 35 23 11 43 34 39 37 40 32 47 48 4 41 44 28 13 3 22 29 16 25 21 17 6 36 46 1 20 2 5 9 
49 8 35 23 11 43 34 39 37 40 32 47 48 4 41 44 28 13 3 22 29 16 25 21 17 6 36 46 1 20 2 5 9 
50 8 35 23 11 43 34 39 37 40 32 47 48 4 41 44 28 13 3 22 29 38 16 25 21 17 6 36 46 1 20 2 5 9 
51 8 35 23 11 43 34 39 37 40 32 47 48 4 41 44 28 13 3 22 51 29 38 16 25 21 17 6 36 46 1 20 2 5 9 
52 8 35 23 11 43 34 39 37 40 32 47 48 4 41 44 28 13 3 22 51 29 38 16 25 21 17 6 52 36 46 1 20 2 5 9 
53 8 35 23 11 43 34 39 37 40 32 47 48 4 41 44 28 13 3 22 51 29 38 16 25 21 17 6 52 36 53 46 1 20 2 5 9 
54 8 35 23 11 43 34 39 37 40 32 47 48 4 41 44 28 13 3 22 51 29 38 16 25 21 17 6 52 36 53 46 1 20 2 54 5 9 
55 8 35 23 11 43 34 39 37 40 32 47 4 41 44 28 13 3 22 51 29 16 55 25 21 17 6 52 36 53 46 1 20 2 54 5 9 
56 8 35 23 11 43 34 39 37 40 32 47 4 41 44 28 13 3 22 51 29 56 16 55 25 21 17 6 52 36 53 46 1 20 2 54 5 9 
57 8 35 23 11 43 34 39 37 32 47 4 41 44 28 13 3 22 51 29 56 16 55 25 21 17 6 52 36 53 46 1 20 2 54 5 57 9 
58 60 8 35 23 11 43 34 39 37 63 32 47 4 58 41 44 28 13 3 22 51 29 56 65 16 55 25 21 17 6 52 36 64 53 46 1 20 61 2 54 5 57 9 
59 60 8 35 23 11 43 34 39 37 63 32 47 4 58 41 44 28 13 3 22 51 29 56 65 16 55 25 21 17 6 52 36 64 53 46 1 20 61 2 54 5 57 9 
60 60 8 35 23 11 43 34 39 37 63 32 47 4 58 41 44 28 13 3 22 51 29 56 65 16 55 25 21 17 6 52 36 64 53 46 1 20 61 2 54 5 57 9 
61 60 8 35 23 11 43 34 39 37 63 32 47 4 58 41 28 13 3 22 51 29 56 65 16 55 25 21 17 6 52 36 64 53 46 1 20 61 2 54 5 57 9 
62 60 8 35 23 11 43 34 39 37 63 32 47 4 58 41 28 13 3 22 51 29 56 65 16 55 25 21 17 6 52 36 64 53 46 1 20 61 2 54 5 57 9 
63 60 8 35 23 11 43 34 39 37 63 32 47 4 58 41 28 13 3 22 51 29 56 65 16 55 25 21 17 6 52 36 64 53 46 1 20 61 2 54 5 57 9 
64 60 8 35 23 11 43 34 39 37 63 32 4 58 41 28 13 3 22 51 29 56 65 16 55 25 21 17 6 52 36 64 53 46 1 20 61 2 54 5 57 9 
65 60 8 35 23 11 43 34 39 37 63 32 4 58 41 28 13 3 22 51 29 56 65 16 25 21 17 6 52 36 64 53 46 1 20 61 2 54 5 57 9 
66 60 8 35 23 11 43 34 39 37 63 32 4 58 41 28 13 3 22 51 29 56 65 16 25 21 17 6 52 36 64 53 46 1 20 61 2 54 5 57 9 
67 60 8 35 23 11 43 34 39 37 63 32 47 4 58 41 28 13 3 22 51 29 56 65 16 55 25 21 17 6 52 36 64 53 46 1 20 61 2 54 5 57 9 
68 60 8 35 23 11 43 34 39 37 63 32 47 4 58 41 44 28 13 3 22 51 29 56 65 16 55 25 21 17 6 52 36 64 53 46 1 20 61 2 54 68 5 57 9 
69 60 8 35 23 11 43 34 39 37 63 32 47 69 4 58 41 44 28 13 3 22 51 29 56 65 16 55 25 21 17 6 52 36 64 53 46 1 20 61 2 54 68 5 57 9 
70 60 8 35 23 11 43 34 39 37 63 70 32 69 47 4 58 41 44 28 13 3 22 51 29 56 65 16 55 25 21 17 6 52 36 64 53 46 1 20 61 2 54 68 5 57 9 
71 60 8 35 23 11 43 34 39 71 37 63 70 32 69 47 4 58 41 44 28 13 3 22 51 29 56 65 16 55 25 21 17 6 52 36 64 53 46 1 20 61 2 54 68 5 57 9 
72 60 8 35 23 11 43 34 39 71 37 63 70 32 69 47 4 58 41 44 28 13 3 22 51 29 56 16 25 21 17 6 52 36 64 53 46 1 20 61 2 54 68 5 57 9 72 
73 60 8 35 23 11 43 34 39 71 37 63 70 32 69 47 4 58 41 44 28 13 3 22 51 29 56 73 16 25 21 17 6 52 36 64 53 46 1 20 61 2 54 68 5 57 9 72 
74 60 8 35 23 11 43 34 39 71 37 63 70 32 69 47 4 58 41 44 28 13 3 22 51 29 56 73 16 25 21 17 6 52 36 64 53 46 1 20 61 2 54 68 5 74 9 72 
75 60 8 35 80 11 39 71 37 41 28 22 81 75 21 17 36 77 1 20 61 2 54 5 74 72 82 23 43 34 63 70 32 69 47 4 58 44 13 3 51 29 56 73 16 25 6 52 64 53 46 68 78 9 
76 60 8 35 80 11 39 71 37 41 28 22 81 75 21 17 36 77 1 20 61 2 54 5 74 72 82 23 43 34 63 70 32 69 47 4 58 44 13 3 51 29 56 73 16 25 6 52 64 53 46 68 78 9 
77 60 8 35 80 11 39 71 37 41 28 22 81 75 21 17 36 77 1 20 61 2 54 5 74 72 82 23 43 34 63 70 32 69 47 4 58 44 13 3 51 29 56 73 16 25 6 52 64 53 46 68 78 9 
78 60 8 35 80 11 39 71 37 41 28 22 81 75 21 17 36 77 1 20 2 54 5 74 72 82 23 43 34 63 70 32 69 47 4 58 13 3 51 29 56 73 16 25 6 52 64 53 46 68 78 9 
79 60 8 35 80 11 39 71 37 41 28 22 81 75 21 17 36 77 1 20 2 54 5 74 72 82 23 43 34 63 70 32 69 47 4 58 13 3 51 29 56 73 16 25 6 52 64 53 46 68 78 9 
80 60 8 35 80 11 39 71 37 41 28 22 81 75 21 17 36 77 1 20 2 54 5 74 72 82 23 43 34 63 70 32 69 47 4 58 13 3 51 29 56 73 16 25 6 52 64 53 46 68 78 9 
81 60 8 35 80 11 39 71 37 41 28 22 81 75 21 17 36 77 1 20 2 54 5 74 72 82 23 43 34 63 70 32 69 4 58 13 3 51 29 56 73 16 25 6 52 53 46 68 78 9 
82 82 60 8 35 23 80 11 43 39 34 71 37 63 70 32 69 4 58 41 28 13 22 3 81 51 29 75 56 73 16 25 21 17 6 52 36 53 77 46 1 20 2 54 68 5 74 78 9 
83 82 60 8 35 23 80 11 43 34 39 71 37 63 70 32 69 4 58 41 28 13 3 22 81 51 29 75 56 73 16 25 21 17 6 52 36 53 77 46 1 20 2 54 68 5 74 78 9 
84 60 8 35 80 11 39 71 37 41 28 22 81 75 21 17 36 77 1 20 2 54 5 74 72 82 23 43 34 63 70 32 69 47 4 58 13 3 51 29 56 73 16 25 6 52 64 53 46 68 78 9 
85 60 8 35 80 11 39 71 37 41 28 22 81 75 21 17 36 85 77 1 20 61 2 54 5 74 72 82 23 43 34 63 70 32 69 47 4 58 44 13 3 51 29 56 73 16 25 6 52 64 53 46 68 78 9 
86 60 8 35 80 11 39 71 37 41 28 22 81 75 21 17 36 85 77 1 20 61 2 54 5 74 72 82 23 43 34 63 70 32 69 47 4 58 44 13 3 51 29 56 73 16 25 6 52 64 53 46 86 68 78 9 
87 60 8 35 80 11 39 71 37 41 28 22 81 75 21 17 36 85 77 1 20 61 2 54 5 74 72 82 23 43 34 63 87 70 32 69 47 4 58 44 13 3 51 29 56 73 16 25 6 52 64 53 46 86 68 78 9 
88 60 8 35 80 11 39 71 37 41 28 22 81 75 88 21 17 36 85 77 1 20 61 2 54 5 74 72 82 23 43 34 63 87 70 32 69 47 4 58 44 13 3 51 29 56 73 16 25 6 52 64 53 46 86 68 78 9 
89 60 8 35 89 80 11 39 71 37 41 28 22 81 75 88 21 17 36 85 77 1 20 61 2 54 5 74 23 43 34 63 87 70 32 69 47 4 58 44 13 3 51 29 56 73 16 25 6 52 64 53 46 86 68 78 9 
90 60 8 35 89 80 11 39 71 37 41 28 22 81 75 88 21 17 36 85 77 1 20 61 2 54 5 74 23 43 34 63 87 70 32 69 47 4 58 44 13 3 51 29 56 73 16 25 6 52 64 53 46 86 68 90 78 9 
91 60 8 35 89 80 11 39 71 37 41 28 22 81 75 88 21 17 36 85 77 1 20 61 2 54 5 23 43 34 63 87 70 32 69 47 4 58 44 91 13 3 51 29 56 73 16 25 6 52 64 53 46 86 68 90 78 9 
92 60 8 35 89 80 11 39 71 37 41 28 22 81 75 88 21 17 36 85 94 77 1 20 61 2 54 5 92 95 23 43 34 63 87 70 32 69 47 4 58 44 91 97 13 3 51 29 56 73 16 98 25 6 52 64 53 46 86 99 68 90 78 9 
93 60 8 35 89 80 11 39 71 37 41 28 22 81 75 88 21 17 36 85 94 77 1 20 61 2 54 5 92 95 23 43 34 63 87 70 32 69 47 4 58 44 91 97 13 3 51 29 56 73 16 98 25 6 52 64 53 46 86 99 68 90 78 9 
94 60 8 35 89 80 11 39 71 37 41 28 22 81 75 88 21 17 36 85 94 77 1 20 61 2 54 5 92 95 23 43 34 63 87 70 32 69 47 4 58 44 91 97 13 3 51 29 56 73 16 98 25 6 52 64 53 46 86 99 68 90 78 9 
95 60 8 35 89 80 11 39 71 37 41 28 22 81 75 88 21 17 36 85 94 77 1 20 2 54 5 92 95 23 43 34 63 87 70 32 69 47 4 58 91 97 13 3 51 29 56 73 16 98 25 6 52 64 53 46 86 99 68 90 9 
96 60 8 35 89 80 11 39 71 37 41 28 22 81 75 88 21 17 36 85 94 77 1 20 2 54 5 92 95 23 43 34 63 87 70 32 69 47 4 58 91 97 13 3 51 29 56 73 16 98 25 6 52 64 53 46 86 99 68 90 9 
97 60 8 35 89 80 11 39 71 37 41 28 22 81 75 88 21 17 36 85 94 77 1 20 2 54 5 92 95 23 43 34 63 87 70 32 69 47 4 58 91 13 97 3 51 29 56 73 16 98 25 6 52 64 53 46 86 99 68 90 9 
98 60 8 35 89 80 11 39 71 37 41 28 22 75 88 21 17 36 85 94 77 1 20 2 54 5 92 95 23 43 34 63 87 70 32 69 4 58 91 97 13 3 51 29 56 73 16 98 25 6 52 53 46 86 99 68 90 9 
99 60 8 35 80 11 39 71 37 41 28 22 75 88 21 17 36 85 94 77 1 20 2 54 5 92 95 23 43 34 63 87 70 32 69 4 58 91 97 13 3 51 29 56 73 16 98 25 6 52 53 46 86 99 68 90 9 
100 60 8 35 80 11 39 71 37 41 28 22 75 88 21 17 36 85 94 77 1 20 2 54 5 92 95 23 43 34 63 87 70 32 69 4 58 91 97 13 3 51 29 56 73 16 98 25 6 52 53 46 86 99 68 90 9 
101 60 8 35 89 80 11 39 71 37 41 28 22 81 75 88 21 17 36 85 94 77 1 20 2 54 5 92 95 23 43 34 63 87 70 32 69 47 4 58 91 97 13 3 51 29 56 73 16 98 25 6 52 64 53 46 86 99 68 90 9 
102 60 8 35 89 80 11 39 71 37 41 28 22 81 75 88 21 17 36 85 94 77 1 20 61 2 54 5 92 95 23 43 34 63 87 70 32 69 47 4 58 44 91 97 13 3 51 29 56 73 16 98 25 6 52 64 53 46 86 99 68 90 78 9 
