1 1 
2 1 2 
3 3 1 2 
4 3 1 2 
5 3 1 2 5 
6 3 1 2 5 
7 3 7 1 2 5 
8 3 7 1 2 5 
9 3 7 1 2 5 
10 3 7 1 2 5 
11 3 7 1 2 5 11 
12 3 7 1 2 5 11 
13 3 7 1 2 5 13 11 
14 3 7 1 2 5 13 11 
15 3 7 1 15 2 5 13 11 
16 3 7 1 15 2 5 13 11 
17 3 7 1 15 2 5 13 11 
18 3 7 1 15 2 5 13 18 11 
19 3 7 1 15 2 5 13 18 11 
20 3 7 1 15 2 5 13 18 11 20 
21 3 7 1 15 2 5 13 18 11 20 21 
22 3 7 1 15 2 5 13 18 11 20 21 
23 3 7 1 15 2 23 5 13 18 11 20 21 
24 3 7 1 15 2 23 5 13 18 11 20 21 
25 1 15 2 25 13 18 11 20 21 3 7 23 5 
26 1 15 2 25 13 18 11 20 21 3 7 23 5 
27 1 15 2 25 13 18 11 20 21 3 7 23 5 
28 3 7 1 2 5 
29 3 7 1 2 5 
30 1 15 2 25 13 18 11 20 21 3 7 23 5 30 
31 1 15 2 25 13 18 11 20 21 3 7 23 5 30 
32 1 15 2 25 13 18 11 20 21 3 7 23 5 30 
33 1 15 2 25 13 18 11 20 21 3 7 23 5 30 
34 1 15 2 25 13 18 11 20 21 3 7 23 5 30 
