1 1 
2 2 1 
3 2 1 
4 2 1 
5 5 2 1 
6 5 2 1 
7 5 2 1 
8 8 5 2 1 
9 8 5 9 2 1 
10 8 5 9 2 10 1 
11 8 5 9 2 10 11 1 
12 8 5 9 2 10 11 1 
13 8 5 9 2 10 11 1 
14 8 14 5 9 2 10 11 1 
15 31 8 18 47 43 48 56 16 38 46 51 9 23 32 25 41 27 15 36 26 22 21 42 52 2 24 10 1 20 33 19 14 5 53 11 37 28 
16 31 8 18 47 43 48 56 38 46 16 51 9 23 32 25 41 15 27 36 26 22 21 42 52 2 24 10 1 20 33 19 14 5 53 11 37 28 
17 31 8 18 47 43 48 56 16 38 46 51 9 23 32 25 41 15 27 36 26 22 21 42 52 2 24 10 1 20 33 19 14 5 53 11 37 28 
18 31 8 47 18 43 48 56 16 38 46 51 9 23 32 25 41 15 27 36 26 22 21 42 52 2 24 10 1 20 33 19 14 5 53 11 37 28 
19 31 8 18 47 43 48 56 16 38 46 51 9 23 32 25 41 15 27 36 26 22 21 42 52 2 24 10 1 20 33 19 14 5 53 11 37 28 
20 31 8 18 47 43 48 56 16 38 46 51 9 23 32 25 41 15 27 36 26 22 21 42 52 2 24 10 1 20 33 19 14 5 53 11 37 28 
21 31 8 18 47 43 48 56 16 38 46 51 9 23 32 25 41 15 27 36 26 22 42 52 21 2 24 10 1 20 33 19 14 5 53 11 37 28 
22 31 8 18 47 43 48 56 16 38 46 51 9 23 32 25 41 15 27 36 26 22 21 42 52 2 24 10 1 20 33 19 14 5 53 11 37 28 
23 31 8 18 47 43 48 56 16 38 46 51 9 32 23 25 41 15 27 36 26 22 21 42 52 2 24 10 1 20 33 19 14 5 53 11 37 28 
24 31 8 18 47 43 48 56 16 38 46 51 9 23 32 25 41 15 27 36 26 22 21 42 52 2 24 10 1 20 33 19 14 5 53 11 37 28 
25 31 8 18 47 43 48 56 16 38 46 51 9 23 32 25 41 15 27 36 26 22 21 42 52 2 24 10 1 20 33 19 14 5 53 11 37 28 
26 31 8 18 47 43 48 56 16 38 46 51 9 23 32 25 41 15 27 36 26 22 21 42 52 2 24 10 1 20 33 19 14 5 53 11 37 28 
27 31 8 18 47 43 48 56 16 38 46 51 9 23 32 25 41 15 27 36 26 22 21 42 52 2 24 10 1 20 33 19 14 5 53 11 37 28 
28 31 8 18 47 43 48 56 16 38 46 51 9 23 32 25 41 15 27 36 26 22 21 42 52 2 24 10 1 20 33 19 14 5 53 11 37 28 
29 31 8 18 47 43 48 56 16 38 46 51 9 23 32 25 41 15 27 36 26 22 21 42 52 2 24 10 1 20 33 19 14 5 53 11 37 28 
30 31 8 18 47 43 48 56 16 38 46 51 9 23 32 25 41 15 27 36 26 22 21 42 52 2 24 10 1 20 33 19 14 5 53 11 37 28 
31 31 8 18 47 43 48 56 16 38 46 51 9 23 32 25 41 15 27 36 26 22 21 42 52 2 24 10 1 20 33 19 14 5 53 11 37 28 
32 31 8 18 47 43 48 56 16 38 46 51 9 23 32 25 41 15 27 36 26 22 21 42 52 2 24 10 1 20 33 19 14 5 53 11 37 28 
33 31 8 18 47 43 48 56 16 38 46 51 9 23 32 25 41 15 27 36 26 22 21 42 52 2 24 10 1 20 33 19 14 5 53 11 37 28 
34 31 8 18 47 43 48 56 16 38 46 51 9 23 32 25 41 15 27 36 26 22 21 42 52 2 24 10 1 20 33 19 14 5 53 11 37 28 
35 31 8 18 47 43 48 56 16 38 46 51 9 23 32 25 41 15 27 36 26 22 21 42 52 2 24 10 1 20 33 19 14 5 53 11 37 28 
36 31 8 18 47 43 48 56 16 38 46 51 9 23 32 25 41 15 27 36 26 22 21 42 52 2 24 10 1 20 33 19 14 5 53 11 37 28 
37 31 8 18 47 43 48 56 16 38 46 51 9 23 32 25 41 15 27 36 26 22 21 42 52 2 24 10 1 20 33 19 14 5 53 11 37 28 
38 31 8 18 47 43 48 56 16 46 38 51 9 23 32 25 41 15 27 36 26 22 21 42 52 2 24 10 1 20 33 19 14 5 53 11 37 28 
39 31 8 18 47 43 48 56 16 38 46 51 9 23 32 25 41 15 27 36 26 22 21 42 52 2 24 10 1 20 33 19 14 5 53 11 37 28 
40 31 8 18 47 43 48 56 16 38 46 51 9 23 32 25 41 15 27 36 26 22 21 42 52 2 24 10 1 20 33 19 14 5 53 11 37 28 
41 31 8 18 47 43 48 56 16 38 46 51 9 23 32 25 41 15 27 36 26 22 21 42 52 2 24 10 1 20 33 19 14 5 53 11 37 28 
42 31 8 18 47 43 48 56 16 38 46 51 9 23 32 25 41 15 27 36 26 22 21 52 42 2 24 10 1 20 33 19 14 5 53 11 37 28 
43 31 8 18 47 43 48 56 16 38 46 51 9 23 32 25 41 15 27 36 26 22 21 42 52 2 24 10 1 20 33 19 14 5 53 11 37 28 
44 31 8 18 47 43 48 56 16 38 46 51 9 23 32 25 41 15 27 36 26 22 21 42 52 2 24 10 1 20 33 19 14 5 53 11 37 28 
45 31 8 18 47 43 48 56 16 38 46 51 9 23 32 25 41 15 27 36 26 22 21 42 52 2 24 10 1 20 33 19 14 5 53 11 37 28 
46 31 8 18 47 43 48 56 16 38 46 51 9 23 32 25 41 15 27 36 26 22 21 42 52 2 24 10 1 20 33 19 14 5 53 11 37 28 
47 31 8 18 47 43 48 56 16 38 46 51 9 23 32 25 41 15 27 36 26 22 21 42 52 2 24 10 1 20 33 19 14 5 53 11 37 28 
48 31 8 18 47 43 48 56 16 38 46 51 9 23 32 25 41 15 27 36 26 22 21 42 52 2 24 10 1 20 33 19 14 5 53 11 37 28 
49 31 8 18 47 43 48 56 16 38 46 51 9 23 32 25 41 15 27 36 26 22 21 42 52 2 24 10 1 20 33 19 14 5 53 11 37 28 
50 31 8 18 47 43 48 56 16 38 46 51 9 23 32 25 41 15 27 36 26 22 21 42 52 2 24 10 1 20 33 19 14 5 53 11 37 28 
51 31 8 18 47 43 48 56 16 38 46 51 9 23 32 25 41 15 27 36 26 22 21 42 52 2 24 10 1 20 33 19 14 5 53 11 37 28 
52 31 8 18 47 43 48 56 16 38 46 51 9 23 32 25 41 15 27 36 26 22 21 42 52 2 24 10 1 20 33 19 14 5 53 11 37 28 
53 31 8 18 47 43 48 56 16 38 46 51 9 23 32 25 41 15 27 36 26 22 21 42 52 2 24 10 1 20 33 19 14 5 53 11 37 28 
54 31 8 18 47 43 48 56 16 38 46 51 9 23 32 25 41 15 27 36 26 22 21 42 52 2 24 10 1 20 33 19 14 5 53 11 37 28 
55 31 8 18 47 43 48 56 16 38 46 51 9 23 32 25 41 15 27 36 26 22 21 42 52 2 24 10 1 20 33 19 14 5 53 11 37 28 
56 31 8 18 47 43 48 56 16 38 46 51 9 23 32 25 41 15 27 36 26 22 21 42 52 2 24 10 1 20 33 19 5 53 11 37 28 
57 31 8 18 47 43 48 56 16 38 46 51 9 23 32 25 41 15 27 36 26 22 21 42 52 2 24 10 1 20 33 19 5 53 11 37 28 
58 31 8 18 47 43 48 56 16 38 46 51 9 23 32 25 41 15 27 36 26 22 21 42 52 2 24 10 1 20 33 19 14 5 53 11 37 28 
