1 1 
2 1 2 
3 1 2 
4 1 2 
5 1 2 
6 1 2 
7 1 7 2 
8 1 7 2 
9 1 7 9 2 
10 10 1 7 9 2 
11 10 1 11 7 9 2 
12 10 1 11 7 9 12 2 
13 10 1 11 7 9 12 2 
14 10 1 11 7 9 12 2 
15 10 15 1 11 7 9 12 2 
16 10 15 1 11 7 9 12 2 16 
17 10 15 17 1 11 7 9 12 2 16 
18 10 15 17 1 11 7 9 12 2 16 
19 10 15 17 1 11 7 9 12 2 16 
20 10 15 17 1 11 7 20 9 12 2 16 
21 10 15 17 1 11 7 20 21 9 12 2 16 
22 22 10 15 17 1 7 21 9 11 20 12 2 16 
23 22 10 15 17 1 7 21 9 11 20 12 2 16 
24 22 10 15 17 1 7 21 9 11 20 12 2 16 
25 22 10 15 17 1 7 21 9 11 20 12 2 16 
26 1 7 2 
