1 1 
2 2 1 
3 2 1 
4 2 4 1 
5 2 4 1 
6 2 4 1 
7 2 7 1 
8 2 7 8 1 
9 2 7 8 1 
10 10 2 7 8 1 
11 10 2 7 8 1 
12 10 2 7 8 1 
13 13 2 7 8 1 
14 14 13 2 7 8 1 
15 14 13 2 7 8 1 15 
16 14 13 2 7 8 1 15 16 
17 14 13 2 17 7 8 1 15 16 
18 14 13 2 17 7 8 1 15 16 
19 14 13 2 19 17 7 8 1 15 16 
20 14 13 2 19 17 7 8 20 1 15 16 
21 14 21 13 2 19 17 7 8 20 1 15 16 
22 21 13 22 20 1 16 14 2 19 17 7 8 15 
23 21 13 22 20 1 16 23 14 2 19 17 7 8 15 
24 21 13 22 20 1 16 23 14 2 19 17 7 8 15 24 
25 21 13 22 20 1 16 23 14 2 19 17 7 8 25 15 24 
26 21 13 26 22 20 1 16 23 14 2 19 17 7 8 15 24 
27 21 13 22 20 1 16 23 14 2 19 17 7 8 27 15 24 
28 21 28 13 22 20 1 16 23 14 2 19 17 7 8 15 24 
29 21 28 13 22 20 29 1 16 23 14 2 19 17 7 8 15 24 
30 21 28 13 22 20 29 1 16 23 14 2 19 17 7 8 15 30 24 
31 21 28 13 22 20 29 1 16 23 14 2 19 17 31 7 8 15 30 24 
32 21 28 13 22 20 29 1 16 23 14 2 19 17 31 7 8 15 30 24 
33 21 28 13 22 20 29 1 16 23 14 2 19 17 31 7 8 15 30 24 
