1 1 
2 1 2 
3 1 2 3 
4 1 2 4 3 
5 5 1 2 4 3 
6 6 5 1 2 4 3 
7 6 5 1 2 4 3 7 
8 6 5 1 2 4 8 3 7 
9 6 5 1 2 4 8 3 9 7 
10 6 5 1 2 4 8 3 9 7 
11 6 5 1 11 2 4 8 3 9 7 
12 6 5 1 11 2 4 8 3 9 7 
13 6 13 5 1 11 2 4 8 3 9 7 
14 6 13 5 1 11 2 4 8 3 9 7 
15 6 13 15 5 1 11 2 4 8 3 9 7 
16 6 13 15 5 1 11 2 4 8 3 9 7 
17 6 13 15 5 1 11 2 4 8 3 9 7 
18 6 13 15 5 1 11 2 4 8 3 9 7 
19 6 13 5 11 2 8 7 15 1 4 19 3 9 
20 6 13 5 11 2 8 7 15 1 4 19 3 9 
21 6 13 5 11 2 8 7 15 1 4 19 3 9 
22 6 13 5 11 2 8 7 15 1 4 19 3 9 
