1 1 
2 1 
3 1 
4 1 
5 1 
6 1 
7 1 
8 8 1 
9 8 1 9 
10 8 1 9 10 
11 14 39 44 46 24 9 10 22 8 33 21 1 16 38 12 32 30 35 25 19 36 
12 14 39 46 24 9 10 22 8 33 21 1 16 38 12 32 30 35 25 19 36 
13 14 39 44 46 24 9 10 22 8 33 21 1 16 38 12 32 30 35 25 19 36 
14 39 44 14 46 24 9 10 22 8 33 21 1 16 38 12 32 30 35 25 19 36 
15 14 39 44 46 24 9 10 22 8 33 21 1 16 38 12 32 30 35 25 19 36 
16 14 39 44 46 24 9 10 22 8 33 21 1 38 16 12 32 30 35 25 19 36 
17 14 39 44 46 24 9 10 22 8 33 21 1 16 38 12 32 30 35 25 19 36 
18 14 39 44 46 24 9 18 10 22 8 33 21 1 16 38 12 32 35 25 19 36 
19 14 39 44 46 24 9 18 10 22 8 33 21 1 16 38 12 32 35 25 19 36 
20 14 39 44 46 24 9 18 10 22 8 33 21 1 16 38 12 32 35 25 19 36 
21 14 39 44 46 24 9 18 10 22 8 33 21 1 16 38 12 32 35 25 19 36 
22 14 39 44 46 24 9 18 10 22 8 33 21 1 16 38 12 32 35 25 19 36 
23 14 39 44 46 24 9 18 10 22 8 33 21 1 16 38 12 32 35 25 19 36 
24 14 39 44 46 24 9 18 10 22 8 33 21 1 16 38 12 32 35 25 19 36 
25 14 39 44 46 24 9 18 10 22 8 33 21 1 16 38 12 32 35 25 19 36 
26 14 39 44 46 24 9 18 10 22 8 33 21 1 16 38 12 32 35 25 19 36 
27 14 39 44 46 24 9 18 10 22 8 33 21 1 16 38 12 32 35 25 19 36 
28 14 39 44 46 24 9 18 10 22 8 33 21 1 16 38 12 32 35 25 19 36 
29 14 39 44 46 24 9 18 10 22 8 33 21 1 16 38 12 32 35 25 19 36 
30 14 39 44 46 24 9 10 22 8 33 21 1 16 38 12 32 30 35 25 19 36 
31 14 39 44 46 24 9 10 22 8 33 21 1 16 38 12 32 30 35 25 19 36 
32 14 39 44 46 24 9 10 22 8 33 21 1 16 38 12 32 30 35 25 19 36 
33 14 39 44 46 24 9 10 22 8 33 21 1 16 38 12 32 30 35 25 19 36 
34 14 39 44 46 24 9 10 22 8 33 21 1 16 38 12 32 30 35 25 19 36 
35 14 39 44 46 24 9 10 22 8 33 21 1 16 38 12 32 30 35 25 19 36 
36 14 39 44 46 24 9 10 22 8 33 21 1 16 38 12 32 30 35 25 19 36 
37 14 39 44 46 24 9 10 22 8 33 21 1 16 38 12 32 30 35 25 19 36 
38 14 39 44 46 24 9 10 22 8 33 21 1 16 38 12 32 30 35 25 19 36 
39 14 44 39 46 24 9 10 22 8 33 21 1 16 38 12 32 30 35 25 19 36 
40 14 39 44 46 24 9 10 22 8 33 21 1 16 38 12 32 30 35 25 19 36 
41 14 39 44 46 24 9 10 22 8 33 21 1 16 38 12 32 30 35 25 19 36 
42 14 39 44 46 24 9 10 22 8 33 21 1 16 38 12 32 30 35 25 19 36 
43 14 39 44 46 24 9 10 22 8 33 21 1 16 38 12 32 30 35 25 19 36 
44 14 39 44 46 24 9 10 22 8 33 21 1 16 38 32 30 35 25 19 36 
45 14 39 44 46 24 9 10 22 8 33 21 1 16 38 32 30 35 25 19 36 
46 14 39 44 46 24 9 22 8 33 21 1 16 38 12 32 30 35 25 19 36 
47 14 39 44 46 24 9 22 8 33 21 1 16 38 12 32 30 35 25 19 36 
48 14 39 44 46 24 9 10 22 8 33 21 1 16 38 12 32 30 35 25 19 36 
