1 1 
2 2 1 
3 2 1 
4 2 1 
5 2 1 5 
6 2 1 5 
7 2 7 1 5 
8 2 7 1 5 8 
9 2 7 1 5 8 
10 2 7 1 5 8 10 
11 2 7 1 5 8 10 
12 12 2 7 1 5 10 
13 12 13 2 7 1 5 8 10 
14 12 13 2 7 1 5 14 8 10 
15 12 13 2 15 7 1 5 14 8 10 
16 12 13 2 16 15 7 1 5 14 8 10 
17 12 13 17 2 16 15 7 1 5 14 8 10 
18 12 13 2 16 15 7 14 8 10 18 17 1 5 
19 12 13 2 16 15 7 14 8 10 18 19 17 1 5 
20 12 13 2 16 15 7 14 8 10 20 18 19 17 1 5 
21 12 13 2 16 15 7 14 8 10 20 18 19 17 1 5 
22 12 13 2 16 15 7 14 8 10 20 18 19 22 17 1 5 
23 12 13 2 16 15 7 14 8 10 20 18 19 22 17 1 5 
24 12 13 2 24 16 15 7 14 8 10 20 18 19 17 1 5 
25 12 13 2 24 16 15 7 14 8 10 20 18 19 17 1 5 25 
26 12 13 26 2 24 16 15 7 14 8 10 20 18 19 17 1 5 25 
27 12 13 26 2 24 16 15 7 14 8 10 20 27 18 19 17 1 5 25 
28 12 13 26 2 24 16 15 7 14 8 10 20 27 18 19 17 1 5 25 28 
29 12 13 26 2 24 16 15 7 14 8 10 20 27 18 19 17 29 1 5 25 28 
30 12 13 26 30 2 24 16 15 7 14 8 10 20 27 18 19 17 29 1 5 25 28 
31 12 13 26 30 2 24 16 15 7 14 8 10 20 27 18 19 17 29 1 5 25 28 31 
32 12 13 26 30 2 24 16 15 7 14 8 10 20 27 18 19 17 29 32 1 5 25 28 31 
33 12 33 13 26 10 20 27 18 17 32 1 28 31 30 2 24 16 15 7 14 8 19 29 5 25 
34 12 33 13 26 10 20 27 18 17 32 1 28 31 30 2 24 16 15 7 14 8 19 29 5 25 
35 12 33 13 26 10 20 27 35 18 17 32 1 28 31 30 2 24 16 15 7 14 8 19 29 5 25 
36 12 33 13 26 10 20 27 35 18 17 36 32 1 28 31 30 2 24 16 15 7 14 8 19 29 5 25 
37 12 33 13 26 10 20 27 35 18 17 36 32 1 28 31 30 2 24 16 15 7 37 14 8 19 29 5 25 
38 12 33 13 26 10 20 27 35 18 17 36 32 1 28 31 30 2 24 16 15 7 37 14 8 19 38 29 5 25 
39 12 33 13 26 10 20 27 35 18 17 39 36 32 1 28 31 30 2 24 15 7 37 14 8 19 38 29 5 25 
40 12 33 13 26 10 20 35 18 17 39 36 32 1 28 31 30 2 24 15 7 37 14 8 19 38 29 5 40 25 
41 12 33 13 26 10 20 27 35 18 17 39 36 32 1 41 28 31 30 2 24 16 15 7 37 14 8 19 38 29 5 40 25 
42 12 33 13 26 10 20 27 35 18 17 39 36 32 1 41 28 31 42 30 2 24 16 15 7 37 14 8 19 38 29 5 40 25 
43 12 33 13 26 10 20 27 35 18 17 39 36 32 1 41 28 43 31 42 30 2 24 16 15 7 37 14 8 19 38 29 5 40 25 
44 12 33 13 26 10 20 27 35 18 17 36 32 1 44 41 28 43 31 42 30 2 24 15 7 37 14 8 19 38 29 5 40 25 
45 12 33 13 26 10 20 27 35 18 17 36 32 1 44 41 28 43 31 42 30 2 24 15 7 37 14 8 19 38 29 5 40 25 45 
46 12 33 46 13 26 10 20 27 35 18 17 36 32 1 44 41 28 43 31 42 30 2 24 15 7 37 14 8 19 38 29 5 40 25 45 
47 12 33 46 13 26 10 20 27 35 18 17 36 32 1 44 41 28 43 31 42 30 2 24 15 7 37 14 8 47 19 38 29 5 40 25 45 
48 12 33 46 13 26 10 20 35 18 17 36 32 1 44 41 28 43 31 42 30 2 24 15 7 37 14 8 48 47 19 38 29 5 25 45 
49 12 33 46 13 26 10 20 35 18 17 36 32 1 49 44 41 28 43 31 42 30 2 24 16 15 7 37 14 8 48 47 19 22 38 29 5 25 45 
50 12 33 46 13 26 10 20 35 18 17 36 32 1 49 41 28 43 31 42 30 2 24 15 7 37 14 8 48 50 47 19 22 38 29 5 25 45 
51 12 33 46 13 26 10 20 35 18 17 36 32 1 49 41 28 43 31 42 30 2 24 15 7 37 14 8 48 50 51 47 19 22 38 29 5 25 45 
52 12 33 46 13 26 10 20 35 18 17 36 32 1 49 41 28 43 31 42 30 2 24 52 15 7 37 14 8 50 51 47 19 38 29 5 25 45 
53 12 33 46 13 26 53 10 20 35 18 17 36 32 1 49 41 28 43 31 42 30 2 24 52 15 7 37 14 8 50 51 47 19 38 29 5 25 45 
54 12 33 46 13 26 53 10 20 35 18 17 36 32 1 49 41 28 43 31 42 30 2 24 52 15 7 37 14 8 50 51 47 54 19 38 29 5 25 45 
55 12 33 46 13 26 53 10 20 35 18 17 36 32 1 49 41 28 43 31 42 30 2 24 52 15 7 37 14 8 50 51 47 54 19 38 29 5 25 45 
56 12 33 46 13 26 53 10 20 35 18 17 36 32 1 49 41 28 43 31 42 30 2 24 52 15 7 37 14 8 50 51 56 47 54 19 38 29 5 25 45 
57 12 33 46 13 26 53 10 20 35 18 17 36 32 1 49 41 28 43 31 42 30 2 24 52 15 7 37 14 8 50 51 56 47 54 19 38 29 5 25 45 
58 12 33 46 13 26 53 10 20 35 18 17 36 32 1 49 41 28 43 31 42 30 2 24 52 15 7 37 14 8 50 51 56 47 54 19 38 29 5 25 45 
59 12 33 46 13 26 53 10 20 35 18 17 36 32 1 49 41 28 43 31 42 30 2 24 52 15 7 37 14 8 50 51 56 47 54 19 38 29 5 25 45 
60 12 33 46 13 26 53 10 20 35 18 17 36 32 1 49 41 28 43 31 42 30 2 24 52 15 7 37 14 8 50 51 56 47 54 19 38 29 5 25 45 
