1 1 
2 1 2 
3 1 3 2 
4 1 3 2 4 
5 1 3 5 2 4 
6 1 3 5 2 6 4 
7 1 3 5 2 6 4 7 
8 1 3 5 2 6 4 7 8 
9 1 3 5 2 6 4 7 8 
10 1 10 3 5 2 6 4 8 
11 1 10 3 5 2 6 4 11 8 
12 1 10 3 5 2 6 4 11 8 
13 1 3 5 2 6 4 7 13 8 
14 1 10 3 5 2 6 4 7 13 11 8 14 
15 15 3 5 13 1 10 2 6 4 7 11 8 14 
16 1 15 3 5 2 6 4 13 16 11 8 14 
17 15 3 5 13 16 17 1 2 6 4 11 8 14 
18 15 3 5 18 13 16 17 1 2 6 4 11 8 14 
19 15 3 5 18 13 17 1 2 6 19 4 11 8 14 
20 15 3 5 18 13 17 1 20 2 6 19 4 11 8 14 
21 15 3 5 18 13 17 1 20 2 6 19 4 11 8 14 21 
22 22 15 3 5 18 13 17 1 20 2 6 4 11 8 14 21 
23 22 15 3 5 18 13 17 1 20 2 6 4 11 23 8 14 21 
24 22 15 3 5 18 13 17 1 20 24 2 6 4 11 23 8 14 21 
25 22 15 3 5 18 13 17 1 20 24 2 6 4 11 23 8 14 21 
26 22 15 3 26 5 18 13 17 1 20 24 2 6 4 11 23 8 14 21 
27 22 15 3 26 5 18 13 17 1 20 24 2 6 4 11 23 8 14 21 
28 22 15 3 26 5 18 13 17 1 28 20 24 2 6 4 11 23 8 14 21 
29 22 15 3 26 5 18 13 17 1 28 20 24 2 6 4 11 23 8 14 21 
30 30 22 15 3 26 5 18 13 17 1 28 20 24 2 6 4 11 23 8 14 21 
31 30 22 15 3 26 5 18 13 17 1 28 31 20 24 2 6 4 11 23 8 14 21 
32 30 22 15 3 26 5 18 13 17 1 28 31 20 24 2 6 4 32 11 23 8 14 21 
33 30 22 15 3 26 5 18 13 17 33 1 28 31 20 24 2 6 4 32 11 23 8 14 21 
34 30 22 15 3 26 5 18 13 17 33 1 28 31 20 24 2 6 4 32 11 23 8 14 21 
35 22 5 18 13 1 28 31 20 2 32 11 23 8 14 30 15 3 26 17 33 35 24 6 4 21 
36 22 5 18 13 1 28 31 20 2 32 11 23 8 14 30 15 3 26 17 33 35 24 6 4 21 
37 22 5 18 13 1 28 31 20 2 37 32 11 23 8 14 30 15 3 26 17 33 35 24 6 4 21 
38 22 5 18 13 1 28 31 20 2 37 32 11 23 8 14 30 15 3 26 17 33 35 24 6 4 21 
39 22 5 39 18 13 1 28 31 20 2 37 32 11 23 8 14 30 15 3 26 17 33 35 24 6 4 21 
40 22 5 39 18 13 1 28 31 20 2 37 32 11 23 8 14 30 15 3 26 17 40 33 35 24 6 4 21 
41 22 5 39 18 13 1 28 31 20 2 37 32 11 23 8 14 30 15 3 26 17 40 33 35 24 6 4 21 41 
42 22 5 39 18 13 1 28 31 20 2 37 32 11 23 8 14 30 15 3 26 17 40 33 35 42 24 6 4 21 41 
43 22 5 39 18 13 1 28 31 20 2 37 32 11 23 8 14 30 15 3 26 17 40 33 35 42 24 6 4 21 41 
44 22 5 39 18 13 1 28 31 20 2 37 32 11 23 8 14 30 15 3 26 44 17 40 33 35 42 24 6 4 21 41 
45 22 5 39 18 13 1 28 31 20 2 37 32 11 23 8 14 30 15 3 26 44 17 40 33 35 42 24 45 6 4 21 41 
46 46 22 5 39 18 13 1 28 31 20 2 37 32 11 23 8 14 30 15 3 26 44 17 40 33 35 42 24 45 6 4 21 41 
47 46 22 47 5 39 18 13 1 28 31 20 2 37 32 11 23 8 14 30 15 3 26 44 17 40 33 35 42 24 45 6 4 21 41 
48 46 22 47 5 39 18 13 1 28 31 20 2 37 32 11 23 8 14 30 15 3 26 44 17 40 33 35 42 24 45 6 4 21 41 
49 46 22 47 5 39 18 13 1 28 31 20 2 37 32 11 23 8 14 30 49 15 3 26 44 17 40 33 35 42 24 45 6 4 21 41 
50 46 22 47 5 39 18 13 1 28 31 20 2 37 32 11 23 8 14 30 50 49 15 3 26 44 17 40 33 35 42 24 45 6 4 21 41 
51 46 22 47 5 39 18 13 1 28 31 20 2 37 32 11 23 8 14 30 50 49 15 3 26 44 17 40 33 35 42 24 45 6 4 51 21 41 
52 46 22 47 5 39 18 13 1 28 31 20 52 2 37 32 11 23 8 14 30 50 49 15 3 26 44 17 40 33 35 42 24 45 6 4 51 21 41 
53 46 22 47 5 39 18 13 1 28 31 20 52 2 37 32 11 23 8 14 30 50 49 15 3 26 44 17 40 33 35 42 24 45 6 4 51 21 41 
54 46 22 47 5 39 18 13 1 28 31 20 52 2 37 32 11 23 8 14 30 50 49 15 3 26 44 17 40 33 35 42 24 45 6 4 51 21 41 
