1 1 
2 1 
3 3 1 
4 4 3 1 
5 4 5 3 1 
6 4 14 10 12 13 8 15 18 5 6 3 11 1 
7 4 14 10 12 13 8 15 18 5 6 3 11 1 
8 4 14 10 12 13 8 15 18 5 6 3 11 1 
9 4 14 10 12 13 8 15 18 5 6 3 11 1 
10 4 14 12 10 13 8 15 18 5 6 3 11 1 
11 4 14 10 12 13 8 15 18 5 6 3 11 1 
12 4 14 10 12 13 8 15 18 5 6 3 11 1 
13 4 14 10 12 13 8 15 18 5 6 3 11 1 
14 4 14 10 12 13 8 15 18 5 6 3 11 1 
15 4 14 10 12 13 8 15 18 5 6 3 11 1 
16 4 14 10 12 13 8 15 18 5 6 3 11 1 
17 4 14 10 12 13 8 15 18 5 6 3 11 1 
18 8 15 18 4 14 10 12 6 13 3 11 1 
19 8 15 18 4 14 10 12 6 13 3 11 1 
20 4 14 10 12 13 8 15 18 5 6 3 11 1 
