1 1 
2 1 2 
3 1 2 
4 2 4 
5 2 4 5 
6 2 4 5 
7 2 7 4 5 
8 2 7 4 5 8 
9 2 9 7 4 5 8 
10 2 9 10 7 4 5 8 
11 2 9 10 7 4 5 8 11 
12 2 9 10 12 7 4 5 8 11 
13 2 9 10 13 12 7 4 5 8 11 
14 2 9 10 13 12 7 4 5 8 11 
15 2 9 10 15 13 12 7 4 5 8 11 
16 2 9 10 15 13 12 7 4 5 8 11 
17 2 9 10 15 13 12 17 7 4 5 8 11 
18 2 9 10 15 13 12 17 7 4 5 8 11 
19 2 9 10 15 13 12 17 7 4 5 8 11 
20 2 9 10 20 15 13 12 7 4 5 8 11 
21 2 9 10 20 15 13 12 7 4 5 8 11 
22 22 9 10 20 15 13 12 7 4 5 8 11 
23 22 9 10 20 15 13 12 7 4 5 8 11 
24 2 9 10 12 24 7 4 5 8 11 
25 2 9 10 12 24 7 4 5 8 11 
26 2 9 10 12 24 7 4 5 8 11 26 
27 2 9 10 12 24 7 4 5 8 11 26 
28 2 9 10 12 28 24 7 4 5 8 11 26 
29 2 9 10 12 28 24 7 4 5 8 11 26 
30 2 9 10 12 28 24 7 4 5 8 11 26 
31 2 9 10 12 31 24 7 4 5 8 11 26 
32 2 9 10 12 31 24 7 4 5 8 11 26 
33 9 10 12 31 24 33 7 4 5 8 11 26 
34 9 10 12 31 24 33 7 4 5 8 11 26 
35 2 9 10 35 12 24 7 4 5 8 11 
36 2 9 10 35 12 24 7 4 5 8 11 
37 2 9 10 35 12 24 7 4 5 8 11 
38 9 10 20 15 13 12 24 5 8 26 22 31 33 7 4 11 
39 2 39 4 5 
40 2 39 4 5 
41 2 39 4 5 
42 1 9 10 20 15 13 12 24 5 8 26 2 22 31 33 7 4 11 
