1 1 
2 1 2 
3 1 2 
4 4 1 2 
5 4 1 2 
6 6 4 1 2 
7 6 7 4 1 2 
8 6 7 4 1 2 
9 6 7 4 1 2 
10 6 7 10 4 1 2 
11 6 7 10 4 1 2 
12 6 12 7 10 4 1 2 
13 6 12 7 10 4 1 2 13 
14 6 12 7 10 4 1 2 13 
15 6 12 7 10 4 1 2 13 
16 6 12 7 10 4 16 1 2 13 
17 6 12 7 10 4 16 1 2 13 
18 6 18 12 7 10 4 16 1 2 13 
19 6 18 12 7 10 4 16 1 2 13 
20 6 18 12 20 7 10 4 16 1 2 13 
21 6 18 12 20 7 10 4 16 1 2 13 
22 6 18 12 20 7 10 4 16 1 2 13 
23 6 23 18 12 20 7 10 4 16 1 2 13 
24 6 24 23 7 4 1 2 18 12 20 10 16 13 
25 6 24 23 7 4 1 2 18 12 20 10 16 13 
26 6 24 23 7 4 1 2 18 12 20 10 16 13 
27 6 24 23 7 4 1 2 18 12 20 10 16 27 13 
28 6 24 23 28 7 4 1 2 18 12 20 10 16 27 13 
29 6 24 23 28 7 4 1 2 29 18 12 20 10 16 27 13 
30 6 24 23 28 7 4 1 2 30 29 18 12 20 10 16 27 13 
31 6 24 23 28 7 4 1 2 30 29 18 12 20 10 16 27 13 
32 6 24 23 28 7 4 1 2 30 29 18 32 12 20 10 16 27 13 
33 6 24 23 28 7 4 1 2 30 29 18 32 12 20 10 16 27 33 13 
34 6 24 23 28 7 4 1 2 30 29 18 32 12 20 10 16 27 33 13 
35 6 24 23 28 7 4 1 2 30 29 18 32 12 20 10 16 27 33 13 
36 6 24 23 36 28 7 4 1 2 30 29 18 32 12 20 10 16 27 33 13 
37 6 24 23 36 28 7 4 1 2 30 29 18 32 12 20 10 16 27 33 13 
38 6 24 23 36 28 7 4 1 2 30 29 18 32 12 20 10 16 27 38 33 13 
39 6 24 23 36 28 7 4 1 2 30 39 29 18 32 12 20 10 16 27 38 33 13 
40 6 24 23 36 28 7 4 1 2 30 39 29 40 18 32 12 20 10 16 27 38 33 13 
41 6 24 23 36 28 7 4 1 2 30 39 29 40 18 32 12 20 10 16 27 38 33 13 
42 6 24 23 36 28 7 4 1 2 30 39 29 40 18 32 12 20 10 16 27 38 33 13 
43 6 24 23 36 28 7 4 1 2 30 39 29 43 40 18 32 12 20 10 16 27 38 33 13 
44 6 36 1 30 39 40 18 32 10 44 16 27 33 13 24 23 28 7 4 2 29 43 12 20 38 
45 6 36 1 30 39 40 18 32 10 44 16 27 33 13 24 23 28 7 4 2 29 43 12 20 38 
46 6 36 1 30 39 40 18 32 10 44 16 27 33 13 24 23 28 7 4 2 29 43 12 20 38 
47 6 36 1 30 39 40 18 32 10 44 16 27 33 13 24 23 28 7 4 2 29 43 12 20 47 38 
48 6 36 1 30 39 40 18 32 10 44 16 27 33 13 24 23 28 7 4 2 29 43 12 20 47 38 
49 6 36 49 1 30 39 40 18 32 10 44 16 27 33 13 24 23 28 7 4 2 29 43 12 20 47 38 
50 6 36 49 1 30 39 40 18 32 10 44 16 27 33 13 24 23 28 7 4 2 29 43 12 20 47 38 
51 6 36 49 1 30 39 40 18 32 10 44 16 27 33 13 24 23 28 7 4 2 29 43 12 20 47 38 
52 6 52 36 49 1 30 39 40 18 32 10 44 16 27 33 13 24 23 28 7 4 2 29 43 12 20 47 38 
53 6 52 36 49 1 30 39 40 18 32 10 44 16 27 53 33 13 24 23 28 7 4 2 29 43 12 20 47 38 
54 6 52 36 49 1 30 39 40 18 32 10 44 16 27 53 33 13 24 23 28 7 54 4 2 29 43 12 20 47 38 
55 6 52 36 49 1 30 39 40 18 32 10 44 16 27 53 33 13 24 23 28 7 54 4 2 29 43 12 20 47 38 
56 6 52 36 49 1 30 39 40 18 32 10 44 16 27 53 33 13 24 23 28 7 54 4 2 29 43 12 20 47 38 
57 6 52 36 49 1 30 39 40 18 32 10 44 16 27 53 33 13 24 23 28 7 54 4 2 29 43 12 20 47 38 57 
58 6 52 36 49 58 1 30 39 40 18 32 10 44 16 27 53 33 13 24 23 28 7 54 4 2 29 43 12 20 47 38 57 
59 6 52 36 49 58 1 30 39 40 18 32 10 44 16 27 53 33 13 24 23 28 7 54 4 2 29 43 12 20 47 38 57 
60 6 52 36 49 58 1 30 39 40 18 32 10 44 16 27 53 33 13 24 23 28 7 54 4 2 29 43 12 20 47 38 57 
61 6 52 36 49 58 1 30 39 40 18 32 10 44 16 27 53 33 13 24 23 28 7 61 54 4 2 29 43 12 20 47 38 57 
62 6 52 36 49 58 1 30 39 40 18 32 10 44 16 27 53 33 13 24 23 28 7 61 54 4 2 29 43 12 20 47 38 57 
63 6 52 36 49 63 58 1 30 39 40 18 32 10 44 16 27 53 33 13 24 23 28 7 61 54 4 2 29 43 12 20 47 38 57 
64 6 52 36 49 63 58 1 30 39 40 18 32 10 44 16 27 53 33 13 24 23 28 7 61 54 4 64 2 29 43 12 20 47 38 57 
65 6 52 65 36 49 63 58 1 30 39 40 18 32 10 44 16 27 53 33 13 24 23 28 7 61 54 4 64 2 29 43 12 20 47 38 57 
66 6 52 65 36 49 63 58 1 30 39 40 18 32 10 44 16 27 53 33 13 24 23 28 7 61 54 4 64 2 29 43 12 20 47 38 57 
67 6 52 65 36 49 63 58 1 30 39 40 18 32 10 44 16 27 53 33 13 24 23 28 7 61 54 4 64 2 29 43 12 20 47 38 57 
68 6 52 65 36 49 63 58 1 30 39 40 18 32 10 44 16 27 53 33 13 24 23 28 7 61 54 4 64 2 29 43 12 20 47 38 57 
69 6 52 65 36 49 63 58 1 30 39 40 18 32 10 44 16 27 53 33 13 24 23 28 7 61 54 4 64 2 29 43 12 20 47 38 57 
70 6 52 65 36 49 63 58 1 30 39 40 18 70 32 10 44 16 27 53 33 13 24 23 28 7 61 54 4 64 2 29 43 12 20 47 38 57 
71 6 52 65 36 49 63 58 1 30 39 40 18 70 32 10 44 16 27 53 33 13 24 23 28 71 7 61 54 4 64 2 29 43 12 20 47 38 57 
72 6 52 65 36 49 63 58 1 30 39 40 18 70 32 10 72 44 16 27 53 33 13 24 23 28 71 7 61 54 4 64 2 29 43 12 20 47 38 57 
73 6 52 65 36 49 63 58 1 30 39 40 18 70 32 10 72 44 16 27 53 33 13 24 23 28 71 7 61 54 4 64 2 29 43 12 20 47 38 57 
74 6 52 65 36 49 63 58 1 30 39 40 18 70 32 10 72 44 16 27 53 33 13 24 23 28 71 7 61 54 4 64 2 29 43 12 20 47 38 57 
75 6 52 65 36 49 63 58 1 30 39 40 18 70 32 10 72 44 16 27 53 33 13 24 23 28 71 7 61 54 4 64 2 29 43 12 20 75 47 38 57 
76 6 52 65 36 49 63 58 1 30 39 40 18 70 32 10 72 44 16 27 53 33 13 24 23 28 71 7 61 54 4 64 2 29 43 12 20 75 47 38 57 
77 6 52 65 36 49 63 77 58 1 30 39 40 18 70 32 10 72 44 16 27 53 33 13 24 23 28 71 7 61 54 4 64 2 29 43 12 20 75 47 38 57 
78 6 52 65 36 49 63 77 58 1 30 39 40 78 18 70 32 10 72 44 16 27 53 33 13 24 23 28 71 7 61 54 4 64 2 29 43 12 20 75 47 38 57 
79 6 52 65 36 49 63 77 58 79 1 30 39 40 78 18 70 32 10 72 44 16 27 53 33 13 24 23 28 71 7 61 54 4 64 2 29 43 12 20 75 47 38 57 
80 6 52 65 36 49 63 77 58 79 1 30 39 40 78 18 70 32 10 72 44 16 27 53 33 13 24 23 28 71 7 61 54 4 64 2 29 43 12 20 75 47 38 57 
81 6 52 65 36 49 63 77 58 79 1 30 39 40 78 18 70 32 10 72 44 16 27 53 33 13 24 23 28 71 7 61 54 4 64 2 29 43 12 20 75 47 38 57 
82 6 52 65 36 49 63 77 58 79 1 30 39 40 78 18 70 32 10 72 44 16 27 53 33 13 24 23 28 71 7 61 54 4 64 2 29 43 12 20 75 47 38 57 
83 6 52 65 36 49 63 77 58 79 1 30 39 40 78 18 70 32 10 72 44 16 27 53 33 13 24 23 28 71 7 61 54 4 64 2 29 43 12 20 75 47 38 57 
84 6 52 65 36 49 63 77 58 79 1 30 39 40 78 18 70 32 10 72 44 16 27 53 33 13 24 23 28 71 7 61 54 4 64 2 29 43 12 20 75 47 38 57 
85 6 52 65 36 49 63 77 58 79 1 30 39 40 78 18 70 32 10 72 44 16 27 53 33 13 24 23 28 71 7 61 54 4 64 2 29 43 12 20 75 47 38 57 
86 6 52 65 36 49 63 77 58 79 1 30 39 40 78 18 70 32 10 72 44 16 27 53 33 13 86 24 23 28 71 7 61 54 4 64 2 29 43 12 20 75 47 38 57 
87 6 52 65 36 49 63 77 58 79 87 1 30 39 40 78 18 70 32 10 72 44 16 27 53 33 13 86 24 23 28 71 7 61 54 4 64 2 29 43 12 20 75 47 38 57 
88 6 52 65 36 49 63 77 58 79 87 1 30 39 40 78 18 70 32 10 72 44 16 27 53 33 13 86 24 23 28 71 7 61 54 4 64 2 29 43 12 20 75 47 38 57 
89 6 52 65 36 49 63 77 58 79 87 1 30 39 40 78 18 70 32 10 72 44 16 27 53 33 13 86 24 23 28 71 7 61 54 4 64 2 29 43 12 20 75 47 38 57 
90 6 52 65 36 49 63 77 58 79 87 1 30 39 40 78 18 70 32 10 72 44 16 27 53 33 13 86 24 23 28 71 7 61 54 4 64 2 29 43 12 20 75 47 38 57 
91 6 52 65 36 49 63 77 58 79 87 1 30 39 40 78 18 70 32 10 72 44 16 27 53 33 13 86 24 23 28 71 7 61 54 4 64 2 29 43 12 20 75 47 38 91 57 
92 6 52 65 36 49 63 77 58 79 87 1 30 39 40 78 18 70 32 10 72 44 16 27 53 33 13 86 24 23 28 71 7 61 54 4 64 2 29 43 12 20 75 92 47 38 91 57 
93 6 52 65 36 49 63 77 58 79 87 1 30 39 40 78 18 70 32 10 72 44 16 27 53 33 13 86 24 23 28 71 7 61 54 4 64 2 29 43 12 20 75 92 47 38 91 57 
94 6 52 65 36 49 63 77 58 79 87 1 30 39 40 78 18 70 32 10 72 44 16 27 53 33 13 86 24 23 28 71 7 61 54 4 64 2 29 43 12 20 75 92 47 38 91 57 
95 6 52 65 36 49 63 77 58 79 87 1 30 39 40 78 18 70 32 10 72 44 16 27 53 33 13 86 95 24 23 28 71 7 61 54 4 64 2 29 43 12 20 75 92 47 38 91 57 
96 52 65 36 63 77 58 87 30 39 18 70 10 27 53 24 96 28 7 4 2 29 43 12 20 92 6 49 79 1 40 78 32 72 44 16 33 13 86 95 23 71 61 54 64 75 47 38 91 57 
97 52 65 36 63 77 58 87 30 39 18 70 97 10 27 53 24 96 28 7 4 2 29 43 12 20 92 6 49 79 1 40 78 32 72 44 16 33 13 86 95 23 71 61 54 64 75 47 38 91 57 
98 52 65 36 63 77 58 87 30 39 18 70 97 10 27 53 24 96 28 7 4 2 29 43 12 20 92 6 49 79 1 40 78 98 32 72 44 16 33 13 86 95 23 71 61 54 64 75 47 38 91 57 
99 52 65 36 63 77 58 87 30 39 18 70 97 10 27 53 24 96 28 7 4 2 29 43 12 20 92 6 49 79 1 40 78 98 32 72 44 16 33 13 86 95 23 71 61 54 64 75 47 38 91 57 
100 52 65 36 63 77 58 87 30 39 18 70 97 10 27 53 24 96 28 7 4 2 29 43 12 20 92 6 49 79 1 100 40 78 98 32 72 44 16 33 13 86 95 23 71 61 54 64 75 47 38 91 57 
101 52 65 36 63 77 58 87 30 39 18 70 97 10 27 53 24 96 28 7 4 2 29 43 12 20 92 6 49 79 1 100 40 78 98 32 72 44 16 33 13 86 95 23 71 61 54 64 75 47 38 91 57 
102 52 65 36 63 77 58 87 30 39 18 70 97 10 27 53 24 96 28 7 4 2 29 43 12 20 92 6 49 79 1 100 40 78 98 32 72 44 16 33 13 86 95 23 71 61 54 64 75 47 38 91 57 
103 52 65 36 63 77 58 87 30 39 103 18 70 97 10 27 53 24 96 28 7 4 2 29 43 12 20 92 6 49 79 1 100 40 78 98 32 72 44 16 33 13 86 95 23 71 61 54 64 75 47 38 91 57 
104 52 65 36 63 77 58 87 30 39 103 18 70 97 10 27 53 24 96 28 7 104 4 2 29 43 12 20 92 6 49 79 1 100 40 78 98 32 72 44 16 33 13 86 95 23 71 61 54 64 75 47 38 91 57 
105 52 65 36 63 77 58 87 30 39 103 18 70 97 10 27 53 24 96 28 7 104 4 2 29 43 12 20 92 6 49 79 1 100 40 78 98 32 72 44 16 33 13 86 95 23 71 61 54 64 75 47 38 91 57 
106 52 65 36 63 77 58 87 30 39 103 18 70 97 10 27 53 24 96 28 7 104 4 2 29 43 12 20 92 6 106 49 79 1 100 40 78 98 32 72 44 16 33 13 86 95 23 71 61 54 64 75 47 38 91 57 
107 52 65 36 63 77 58 87 30 39 103 18 70 97 10 27 53 24 96 28 7 104 4 2 29 43 12 20 92 107 6 106 49 79 1 100 40 78 98 32 72 44 16 33 13 86 95 23 71 61 54 64 75 47 38 91 57 
108 52 65 36 63 77 58 87 30 39 103 18 70 97 10 27 53 24 96 28 7 104 4 2 29 43 12 20 92 107 6 106 49 79 1 100 40 78 98 32 72 44 16 33 13 86 95 23 71 61 54 64 75 47 38 91 57 
109 52 65 36 63 77 58 87 30 39 103 18 70 97 10 27 53 24 96 28 7 104 4 2 29 43 12 20 92 107 6 106 49 79 1 100 40 78 98 32 72 44 16 33 13 86 95 23 71 61 54 64 75 47 38 91 57 
110 52 65 36 63 77 58 87 30 39 103 18 70 97 10 27 53 24 96 28 7 104 4 2 29 43 12 20 92 107 6 110 106 49 79 1 100 40 78 98 32 72 44 16 33 13 86 95 23 71 61 54 64 75 47 38 91 57 
111 52 65 36 63 77 58 87 30 39 103 18 70 97 10 27 53 24 96 28 7 104 4 2 29 43 12 20 92 107 6 110 106 49 79 1 100 40 78 98 32 72 44 16 33 13 86 95 23 71 61 54 64 75 47 38 91 57 
112 52 65 36 63 77 58 87 30 39 103 18 70 97 10 27 53 112 24 96 28 7 104 4 2 29 43 12 20 92 107 6 110 106 49 79 1 100 40 78 98 32 72 44 16 33 13 86 95 23 71 61 54 64 75 47 38 91 57 
113 52 65 36 63 77 58 87 30 39 103 18 70 97 10 27 53 112 113 24 96 28 7 104 4 2 29 43 12 20 92 107 6 110 106 49 79 1 100 40 78 98 32 72 44 16 33 13 86 95 23 71 61 54 64 75 47 38 91 57 
114 52 65 36 63 77 58 87 30 39 103 18 70 97 114 10 27 53 112 113 24 96 28 7 104 4 2 29 43 12 20 92 107 6 110 106 49 79 1 100 40 78 98 32 72 44 16 33 13 86 95 23 71 61 54 64 75 47 38 91 57 
115 52 65 36 63 77 58 87 30 39 103 18 70 97 114 10 27 53 112 113 24 96 28 7 104 4 2 29 43 12 20 92 107 6 110 106 49 79 1 100 40 78 98 32 72 44 16 33 13 86 95 23 71 61 54 64 75 47 115 38 91 57 
116 52 65 36 63 77 58 87 30 39 103 18 70 97 114 10 27 53 112 113 24 96 28 7 104 4 2 29 43 12 20 92 107 6 110 106 49 79 1 100 40 78 98 32 72 44 16 33 13 86 95 23 71 61 54 64 75 47 115 38 91 57 
117 52 65 36 63 77 58 87 30 39 103 18 70 97 114 10 27 53 112 113 24 96 28 7 104 4 2 29 43 12 20 92 107 6 110 106 49 79 1 100 40 78 98 32 72 44 16 33 13 86 95 23 71 61 54 64 75 47 115 38 91 57 
118 52 65 36 63 77 58 87 30 39 103 18 70 97 114 10 27 53 112 113 24 96 28 7 104 4 2 29 43 12 20 92 107 6 110 106 49 79 1 100 118 40 78 98 32 72 44 16 33 13 86 95 23 71 61 54 64 75 47 115 38 91 57 
119 52 65 36 63 77 58 87 30 39 103 18 70 97 114 10 27 53 112 113 24 96 28 7 104 4 2 29 43 12 20 92 107 6 110 106 49 79 1 100 118 40 78 98 32 72 44 16 33 13 86 95 23 71 61 54 64 75 47 115 38 91 57 
120 52 65 36 63 77 58 87 30 39 103 18 70 97 114 10 27 120 53 112 113 24 96 28 7 104 4 2 29 43 12 20 92 107 6 110 106 49 79 1 100 118 40 78 98 32 72 44 16 33 13 86 95 23 71 61 54 64 75 47 115 38 91 57 
121 52 65 36 63 77 58 87 30 39 103 18 70 97 114 10 27 120 53 112 113 24 96 28 7 104 4 2 29 43 12 20 92 107 6 110 106 49 79 1 100 118 40 78 98 32 72 44 16 33 13 86 95 23 71 61 54 64 75 47 115 38 91 57 
122 52 65 36 63 77 58 87 30 39 103 18 70 97 114 10 27 120 53 112 113 24 96 28 7 104 4 2 29 43 12 20 92 107 6 110 106 49 79 1 100 118 40 78 98 32 72 44 16 33 13 86 95 23 71 61 54 64 75 47 115 38 91 57 
123 52 65 36 63 77 58 87 30 39 103 18 70 97 114 10 27 120 53 112 113 24 96 28 7 104 4 2 29 43 12 20 92 107 6 110 106 49 79 1 100 118 40 78 98 32 72 44 16 33 13 86 95 23 71 61 54 64 123 75 47 115 38 91 57 
124 52 65 36 63 77 58 87 30 39 103 18 70 97 114 10 27 120 53 112 113 24 96 28 7 104 4 2 29 43 12 20 92 107 6 110 106 49 79 1 100 118 40 78 98 32 72 44 16 33 13 86 95 23 71 61 54 64 123 75 47 115 38 91 57 
125 52 65 36 63 77 58 87 30 39 103 18 70 97 114 10 27 120 53 112 113 24 96 28 7 104 4 2 29 43 12 20 92 107 6 110 106 49 79 1 100 118 40 78 98 32 72 44 16 33 13 86 95 23 71 61 54 64 123 75 47 115 38 91 57 
126 52 65 36 63 77 58 87 30 39 103 18 70 97 114 10 126 27 120 53 112 113 24 96 28 7 104 4 2 29 43 12 20 92 107 6 110 106 49 79 1 100 118 40 78 98 32 72 44 16 33 13 86 95 23 71 61 54 64 123 75 47 115 38 91 57 
127 52 65 36 63 77 58 87 30 39 103 18 70 97 114 10 126 27 120 53 112 113 24 96 28 7 104 4 2 29 43 12 20 92 107 6 110 106 49 79 1 100 118 40 78 98 32 72 44 16 33 13 86 95 23 71 61 54 64 127 123 75 47 115 38 91 57 
128 52 65 36 63 77 58 87 30 39 103 18 70 97 114 10 126 27 120 53 112 113 24 96 28 7 104 4 2 29 43 12 20 92 107 128 6 110 106 49 79 1 100 118 40 78 98 32 72 44 16 33 13 86 95 23 71 61 54 64 127 123 75 47 115 38 91 57 
129 52 65 36 63 77 58 87 30 39 103 18 70 97 114 10 126 27 120 53 112 113 24 96 28 7 104 4 2 29 43 12 20 92 107 128 6 110 106 49 79 1 100 118 40 78 98 32 72 44 16 33 13 86 95 23 71 61 54 64 127 123 75 47 115 38 91 57 
130 52 65 36 63 77 58 87 30 39 103 18 70 97 114 10 126 27 120 53 112 113 24 96 28 7 104 4 2 29 43 12 20 92 107 128 6 110 106 49 79 1 100 118 40 78 98 32 72 44 16 33 13 86 95 23 71 61 54 64 127 123 75 47 115 38 91 57 
131 52 65 36 63 77 58 87 30 39 103 18 70 97 114 10 126 27 120 53 112 113 24 96 131 28 7 104 4 2 29 43 12 20 92 107 128 6 110 106 49 79 1 100 118 40 78 98 32 72 44 16 33 13 86 95 23 71 61 54 64 127 123 75 47 115 38 91 57 
132 52 65 36 63 77 58 87 30 39 103 18 70 97 114 10 126 27 120 53 112 113 24 96 131 28 7 104 4 2 29 43 132 12 20 92 107 128 6 110 106 49 79 1 100 118 40 78 98 32 72 44 16 33 13 86 95 23 71 61 54 64 127 123 75 47 115 38 91 57 
133 52 65 36 63 77 58 87 30 39 103 18 70 97 114 10 126 27 120 53 112 113 24 96 131 28 7 104 4 2 29 43 132 12 20 92 107 128 6 110 106 49 79 1 100 118 40 78 98 32 72 44 16 33 13 86 95 23 71 61 54 64 127 123 75 47 115 38 91 57 
134 52 65 36 63 77 58 87 30 39 103 18 70 97 114 10 126 27 120 53 112 113 24 96 131 28 7 104 4 2 29 43 132 12 20 92 107 128 6 110 106 49 79 1 100 118 40 78 98 32 72 44 16 33 13 86 95 23 71 61 54 64 127 123 75 47 115 38 91 57 
135 52 65 36 135 63 77 58 87 30 39 103 18 70 97 114 10 126 27 120 53 112 113 24 96 131 28 7 104 4 2 29 43 132 12 20 92 107 128 6 110 106 49 79 1 100 118 40 78 98 32 72 44 16 33 13 86 95 23 71 61 54 64 127 123 75 47 115 38 91 57 
136 52 65 36 135 63 77 58 87 30 39 103 18 70 97 114 10 126 27 120 53 112 113 24 96 131 28 7 104 4 2 29 43 132 12 20 92 107 128 6 110 106 49 79 1 100 118 40 78 98 32 72 44 16 33 13 86 95 23 71 61 54 64 127 123 75 47 115 38 91 57 
137 52 65 36 135 63 77 58 87 30 39 103 18 70 97 114 10 126 27 120 53 112 113 24 96 131 28 7 104 4 2 29 43 132 12 20 92 107 128 137 6 110 106 49 79 1 100 118 40 78 98 32 72 44 16 33 13 86 95 23 71 61 54 64 127 123 75 47 115 38 91 57 
138 52 65 36 135 63 77 58 87 30 39 103 18 70 97 114 10 126 27 120 53 112 113 24 96 131 28 7 104 4 2 29 43 132 12 20 92 107 128 137 6 110 106 49 79 1 100 118 40 78 98 32 72 44 16 138 33 13 86 95 23 71 61 54 64 127 123 75 47 115 38 91 57 
139 52 65 36 135 63 77 58 87 30 39 103 18 70 97 114 10 126 27 120 53 112 113 24 96 131 28 7 104 4 2 29 43 132 12 20 92 107 128 137 6 110 106 49 79 1 100 118 40 78 98 32 72 44 16 138 33 13 86 95 139 23 71 61 54 64 127 123 75 47 115 38 91 57 
140 52 65 36 135 63 77 58 87 30 39 103 18 70 97 114 10 126 27 120 53 112 113 24 96 131 28 7 104 4 2 29 43 132 12 20 92 107 128 137 6 110 106 49 79 1 100 118 40 78 98 32 72 44 16 138 33 13 86 95 139 23 71 61 54 64 127 123 75 47 115 38 91 57 
141 52 65 36 135 63 77 58 87 30 39 103 18 70 97 114 10 126 27 120 53 112 113 24 96 131 28 7 104 4 2 29 43 132 12 20 92 107 128 137 6 110 106 49 79 1 100 118 40 78 98 32 72 44 16 138 33 13 86 95 139 23 71 61 54 64 127 123 75 47 115 38 91 57 
142 52 65 36 135 63 77 58 87 30 39 103 18 70 97 114 10 126 27 120 53 112 113 24 96 131 28 7 104 4 2 29 43 132 12 20 92 107 128 137 6 110 106 49 79 1 100 118 40 78 98 32 72 44 16 138 33 13 86 95 139 23 71 61 54 64 127 123 75 47 115 38 91 57 
143 52 65 36 135 63 77 58 87 30 39 103 18 70 97 114 10 126 27 120 53 112 113 24 96 131 28 7 104 4 2 29 43 132 12 20 92 107 128 137 6 110 106 49 79 1 100 118 40 78 98 32 72 44 16 138 33 13 86 95 139 23 71 61 54 64 127 123 75 47 115 38 91 57 
144 52 65 36 135 63 77 58 87 30 39 103 18 70 97 114 10 126 27 120 53 112 113 24 96 131 28 7 104 4 2 29 43 132 12 20 92 107 128 137 6 110 106 49 79 1 100 118 40 78 98 32 72 44 16 138 33 13 86 95 139 23 71 61 54 64 127 144 123 75 47 115 38 91 57 
145 52 65 36 135 63 77 58 87 30 39 103 18 70 97 114 10 126 27 120 53 112 113 24 96 131 28 145 7 104 4 2 29 43 132 12 20 92 107 128 137 6 110 106 49 79 1 100 118 40 78 98 32 72 44 16 138 33 13 86 95 139 23 71 61 54 64 127 144 123 75 47 115 38 91 57 
146 52 65 36 135 63 77 58 87 30 39 103 18 70 97 114 10 126 27 120 53 112 113 24 96 131 28 145 7 104 4 2 29 43 132 12 20 92 107 128 137 6 110 106 49 79 1 100 118 40 78 98 32 72 44 16 146 138 33 13 86 95 139 23 71 61 54 64 127 144 123 75 47 115 38 91 57 
147 52 65 36 135 63 77 58 87 30 39 103 18 70 97 114 10 126 27 120 53 112 113 24 96 131 28 145 7 104 4 147 2 29 43 132 12 20 92 107 128 137 6 110 106 49 79 1 100 118 40 78 98 32 72 44 16 146 138 33 13 86 95 139 23 71 61 54 64 127 144 123 75 47 115 38 91 57 
148 52 65 36 135 63 77 58 87 30 39 103 18 70 97 114 10 126 27 120 53 112 113 24 96 131 28 145 7 104 4 147 2 29 43 132 12 20 92 107 128 137 6 110 106 49 79 1 100 118 40 78 98 32 72 44 16 146 138 33 13 86 95 139 23 71 61 54 64 127 144 123 75 47 115 38 91 57 
149 52 65 36 135 63 77 58 87 30 39 103 18 70 97 114 10 126 27 120 53 112 113 24 96 131 28 145 7 104 4 147 2 29 43 132 12 20 92 107 128 137 6 110 106 49 79 1 100 118 40 78 98 32 72 44 16 146 138 33 13 86 95 139 23 71 61 54 64 127 144 123 75 47 115 38 91 57 
150 52 65 36 135 63 77 58 87 30 39 103 18 70 97 114 10 126 27 120 53 112 113 24 96 131 28 145 150 7 104 4 147 2 29 43 132 12 20 92 107 128 137 6 110 106 49 79 1 100 118 40 78 98 32 72 44 16 146 138 33 13 86 95 139 23 71 61 54 64 127 144 123 75 47 115 38 91 57 
151 52 65 36 135 63 77 58 87 30 39 103 18 70 97 114 10 126 27 120 53 112 113 24 96 131 28 145 150 7 104 4 147 2 29 43 132 12 20 92 107 128 137 6 110 106 49 79 1 100 118 40 78 98 32 72 44 16 146 138 33 13 86 95 139 23 71 61 54 64 127 144 123 75 47 115 38 91 57 
152 52 65 36 135 63 77 58 87 30 39 103 18 70 97 114 10 126 27 120 53 112 113 24 96 131 28 145 150 152 7 104 4 147 2 29 43 132 12 20 92 107 128 137 6 110 106 49 79 1 100 118 40 78 98 32 72 44 16 146 138 33 13 86 95 139 23 71 61 54 64 127 144 123 75 47 115 38 91 57 
153 52 65 36 135 63 77 58 87 30 39 103 18 70 97 114 10 126 27 120 53 112 113 24 96 131 28 145 150 152 7 104 4 147 2 29 43 132 12 20 92 107 128 137 6 110 106 49 79 1 100 118 40 78 98 32 72 44 16 146 138 33 13 86 95 139 23 71 61 54 64 127 144 123 75 47 115 38 91 57 
154 52 65 36 135 63 77 58 87 30 39 103 18 70 97 114 10 126 27 120 53 112 113 24 96 131 28 145 150 152 7 104 4 147 2 29 43 132 12 20 92 107 128 137 6 110 106 49 79 1 100 118 40 78 98 32 72 44 16 146 138 33 13 86 95 139 23 71 61 54 64 127 144 123 75 47 115 38 91 57 
155 52 65 36 135 63 77 58 87 30 39 103 18 70 97 114 10 126 27 120 53 112 113 24 96 131 28 145 150 152 7 104 4 147 2 29 43 132 12 20 92 107 128 137 6 110 106 49 79 1 100 118 40 78 98 32 72 44 16 146 138 33 13 86 95 139 23 71 61 54 64 155 127 144 123 75 47 115 38 91 57 
156 52 65 36 135 63 77 58 87 30 39 103 18 70 97 114 10 126 27 120 53 112 113 24 96 131 28 145 150 152 7 104 4 147 2 29 43 132 12 20 92 107 128 137 6 110 106 49 79 1 100 118 40 78 98 32 72 44 16 146 138 33 13 86 95 139 23 71 61 54 64 155 127 144 123 75 47 115 38 91 57 
157 52 65 36 135 63 77 58 87 30 39 103 18 70 97 114 10 126 27 120 53 112 113 24 96 131 28 145 150 152 7 104 4 147 2 29 43 132 12 20 92 107 128 137 6 110 106 49 79 1 100 118 40 78 98 32 72 44 16 146 138 33 13 86 95 139 23 71 61 54 64 155 127 144 123 75 47 115 38 91 57 
158 52 65 36 135 63 77 58 87 30 39 103 18 70 97 158 114 10 126 27 120 53 112 113 24 96 131 28 145 150 152 7 104 4 147 2 29 43 132 12 20 92 107 128 137 6 110 106 49 79 1 100 118 40 78 98 32 72 44 16 146 138 33 13 86 95 139 23 71 61 54 64 155 127 144 123 75 47 115 38 91 57 
159 52 65 36 135 63 77 58 87 30 39 159 103 18 70 97 158 114 10 126 27 120 53 112 113 24 96 131 28 145 150 152 7 104 4 147 2 29 43 132 12 20 92 107 128 137 6 110 106 49 79 1 100 118 40 78 98 32 72 44 16 146 138 33 13 86 95 139 23 71 61 54 64 155 127 144 123 75 47 115 38 91 57 
160 52 65 36 135 63 77 58 87 30 39 159 103 18 70 97 158 114 10 126 27 120 53 112 113 24 96 131 28 145 150 152 7 104 4 147 2 29 43 132 12 20 92 107 128 137 6 110 106 49 79 1 100 160 118 40 78 98 32 72 44 16 146 138 33 13 86 95 139 23 71 61 54 64 155 127 144 123 75 47 115 38 91 57 
161 52 65 36 135 63 77 58 87 30 39 159 103 18 70 97 158 114 10 126 27 120 53 112 113 24 96 131 28 145 150 152 7 104 4 147 2 29 43 132 12 20 92 107 128 137 6 110 106 49 79 1 100 160 118 40 78 98 32 72 44 16 146 138 33 13 86 95 139 23 71 61 54 64 155 127 144 123 75 47 115 38 91 57 
162 52 65 36 135 63 77 58 87 30 39 159 103 162 18 70 97 158 114 10 126 27 120 53 112 113 24 96 131 28 145 150 152 7 104 4 147 2 29 43 132 12 20 92 107 128 137 6 110 106 49 79 1 100 160 118 40 78 98 32 72 44 16 146 138 33 13 86 95 139 23 71 61 54 64 155 127 144 123 75 47 115 38 91 57 
163 52 65 36 135 63 77 58 87 30 39 159 103 162 18 70 97 158 114 10 126 27 120 53 112 113 24 96 131 28 145 150 152 7 104 4 147 2 29 43 132 12 20 92 107 128 137 6 110 106 49 79 1 100 160 118 40 78 98 32 72 44 16 146 138 33 13 86 95 139 23 71 61 54 64 155 127 144 123 75 47 115 38 91 57 
164 52 65 36 135 63 77 58 87 30 39 159 103 162 18 70 97 158 114 10 126 27 120 53 112 113 24 96 131 28 145 150 152 7 104 4 147 2 29 43 132 12 20 92 107 128 137 164 6 110 106 49 79 1 100 160 118 40 78 98 32 72 44 16 146 138 33 13 86 95 139 23 71 61 54 64 155 127 144 123 75 47 115 38 91 57 
165 52 65 36 135 63 77 58 87 30 39 159 103 162 18 70 97 158 114 10 126 27 120 53 112 113 24 96 131 28 145 150 152 7 104 4 147 2 29 43 132 12 20 92 107 128 137 164 6 110 106 49 79 1 100 160 118 40 78 98 32 72 44 16 146 138 33 13 86 95 139 23 71 61 54 64 155 127 144 123 75 47 115 38 91 57 
166 52 65 36 135 63 77 58 87 30 39 159 103 162 18 70 97 158 114 10 126 27 120 53 112 113 24 96 131 28 145 150 152 7 104 4 147 2 29 43 132 12 20 92 107 128 137 164 6 110 106 49 79 1 100 160 118 40 78 98 166 32 72 44 16 146 138 33 13 86 95 139 23 71 61 54 64 155 127 144 123 75 47 115 38 91 57 
167 52 65 36 135 63 77 58 87 30 39 159 103 162 18 70 97 158 114 10 126 27 120 53 112 113 24 96 131 28 145 150 152 7 104 4 147 2 29 43 132 12 20 92 107 128 137 164 6 110 106 49 79 1 100 160 118 40 78 98 166 32 72 44 16 146 138 33 13 86 95 139 23 71 61 167 54 64 155 127 144 123 75 47 115 38 91 57 
168 52 65 36 135 63 77 58 87 30 39 159 103 162 18 70 97 158 114 10 126 27 120 53 112 113 24 96 131 28 145 150 152 7 104 4 147 2 29 43 132 12 20 92 107 128 137 164 6 110 106 49 79 1 100 160 118 40 78 98 166 32 72 44 16 146 138 33 13 86 95 139 23 71 61 167 54 64 155 127 144 123 75 47 115 38 91 57 
169 52 65 36 135 63 77 58 87 30 39 159 103 162 18 70 97 158 114 10 126 27 120 53 112 113 24 96 131 28 145 150 152 7 104 4 147 2 29 43 132 12 20 92 107 128 137 164 6 110 106 49 79 1 100 160 118 40 78 98 166 32 72 44 16 146 138 33 13 86 95 139 23 71 61 167 54 64 155 127 144 123 75 47 115 38 91 57 
170 52 65 36 135 63 77 58 87 30 39 159 103 162 18 70 97 158 114 10 126 27 120 53 112 113 24 96 131 28 145 150 152 7 104 4 147 2 29 43 132 12 20 92 107 128 137 164 6 110 106 49 79 1 100 160 118 40 78 98 166 32 72 44 16 146 138 33 13 86 95 139 23 71 61 167 54 64 155 127 144 123 75 47 115 38 91 57 
171 52 65 36 135 63 77 58 87 30 39 159 171 103 162 18 70 97 158 114 10 126 27 120 53 112 113 24 96 131 28 145 150 152 7 104 4 147 2 29 43 132 12 20 92 107 128 137 164 6 110 106 49 79 1 100 160 118 40 78 98 166 32 72 44 16 146 138 33 13 86 95 139 23 71 61 167 54 64 155 127 144 123 75 47 115 38 91 57 
172 52 65 36 135 63 77 58 87 30 39 159 171 103 162 18 70 97 158 114 10 126 27 120 53 112 113 24 96 131 28 145 150 152 7 104 4 147 2 29 43 132 12 20 92 107 128 137 164 6 110 106 49 79 1 100 160 118 40 78 98 166 32 72 44 16 146 138 33 13 86 95 139 23 71 61 167 54 64 155 127 144 123 75 47 115 38 172 91 57 
173 52 65 36 135 63 77 58 87 30 39 159 171 103 162 18 70 97 158 114 10 126 27 120 53 112 113 24 96 131 28 145 150 152 7 104 4 147 2 29 43 132 12 20 92 107 128 137 164 6 110 106 49 79 1 100 160 118 40 78 98 166 32 72 44 16 146 138 33 13 86 95 139 23 71 61 167 54 64 155 127 144 123 75 47 115 38 172 91 57 
174 52 65 36 135 63 77 58 87 30 39 159 171 103 162 18 70 97 158 114 10 126 27 120 53 112 113 24 96 131 28 145 150 152 7 104 4 147 2 29 43 132 12 20 92 107 128 137 164 6 110 106 49 174 79 1 100 160 118 40 78 98 166 32 72 44 16 146 138 33 13 86 95 139 23 71 61 167 54 64 155 127 144 123 75 47 115 38 172 91 57 
175 52 65 36 135 63 77 58 87 30 39 159 171 103 162 18 70 97 158 114 10 126 27 120 53 112 113 24 96 131 28 145 150 152 7 104 4 147 2 29 43 132 12 20 92 107 128 137 164 6 110 106 49 174 79 1 100 160 118 40 78 98 166 32 72 44 16 146 138 33 13 86 95 139 23 71 61 167 54 64 155 127 144 123 75 47 115 38 172 91 57 
176 52 65 36 135 63 77 58 87 30 39 159 171 103 162 18 70 97 158 114 10 126 27 120 53 112 113 24 96 131 28 145 150 152 7 104 4 147 2 29 43 132 12 20 92 107 128 137 164 6 110 106 49 174 79 1 100 160 118 40 78 98 166 32 72 44 16 146 138 33 13 86 95 139 23 71 61 167 54 64 155 127 144 123 75 47 115 38 172 91 57 
