1 1 
2 1 2 
3 1 3 2 
4 4 1 3 2 
5 4 1 5 3 2 
6 4 1 5 6 3 2 
7 4 1 7 5 6 3 2 
8 4 1 7 5 6 3 2 
9 4 1 7 5 6 3 2 9 
10 4 1 7 5 6 3 2 9 
11 4 1 7 5 6 3 2 9 
12 4 1 12 7 5 6 3 2 9 
13 4 1 12 7 5 6 3 2 9 
14 4 1 12 7 5 6 3 2 14 9 
15 4 1 12 7 15 5 6 3 2 14 9 
16 4 55 7 38 45 111 95 64 75 83 120 23 78 67 123 30 101 107 43 87 42 32 71 37 5 20 91 14 40 82 98 84 1 105 34 115 31 79 92 90 6 48 56 39 66 97 53 103 18 19 77 69 74 81 63 2 16 106 80 26 108 62 29 27 96 113 49 126 118 76 89 110 41 119 116 102 51 94 104 52 121 15 58 88 28 36 3 93 47 99 12 21 109 65 68 35 61 9 24 50 54 60 85 122 73 
17 4 55 7 38 45 111 95 64 75 83 120 23 78 67 123 30 101 107 43 87 42 32 71 37 5 20 91 14 40 82 98 84 1 105 34 115 31 79 92 90 6 48 56 39 66 97 53 103 18 19 77 69 74 81 63 2 16 106 80 26 108 62 29 27 96 113 49 126 118 76 89 110 41 119 116 102 51 94 104 52 121 15 58 88 28 36 3 93 47 99 12 21 109 65 68 35 61 9 24 50 54 60 85 122 73 
18 4 55 7 38 45 111 95 64 75 83 120 23 78 67 123 30 101 107 43 87 42 32 71 37 5 20 91 14 40 82 98 84 1 105 34 115 31 79 92 90 6 48 56 39 66 97 53 103 18 19 77 69 74 81 63 2 16 106 80 26 108 62 29 27 96 113 49 126 118 76 89 110 41 119 116 102 51 94 104 52 121 15 58 88 28 36 3 93 47 99 12 21 109 65 68 35 61 9 24 50 54 60 85 122 73 
19 4 55 7 38 45 111 95 64 75 83 120 23 78 67 123 30 101 107 43 87 42 32 71 37 5 20 91 14 40 82 98 84 1 105 34 115 31 79 92 90 6 48 56 39 66 97 53 103 18 19 77 69 74 81 63 2 16 106 80 26 108 62 29 27 96 113 49 126 118 76 89 110 41 119 116 102 51 94 104 52 121 15 58 88 28 36 3 93 47 99 12 21 109 65 68 35 61 9 24 50 54 60 85 122 73 
20 4 55 7 38 45 111 95 64 75 83 120 23 78 67 123 30 101 107 43 87 42 32 71 37 5 20 91 14 40 82 98 84 1 105 34 115 31 79 92 90 6 48 56 39 66 97 53 103 18 19 77 69 74 81 63 2 16 106 80 26 108 62 29 27 96 113 49 126 118 76 89 110 41 119 116 102 51 94 104 52 121 15 58 88 28 36 3 93 47 99 12 21 109 65 68 35 61 9 24 50 54 60 85 122 73 
21 4 55 7 38 45 111 95 64 75 83 120 23 78 67 123 30 101 107 43 87 42 32 71 37 5 20 91 14 40 82 98 84 1 105 34 115 31 79 92 90 6 48 56 39 66 97 53 103 18 19 77 69 74 81 63 2 16 106 80 26 108 62 29 27 96 113 49 126 118 76 89 110 41 119 116 102 51 94 104 52 121 15 58 88 28 36 3 93 47 99 12 109 21 65 68 35 61 9 24 50 54 60 85 122 73 
22 4 55 7 38 45 111 95 64 75 83 120 23 78 67 123 30 101 107 43 87 42 32 71 37 5 20 91 14 40 82 98 84 1 105 34 115 31 79 92 90 6 48 56 39 66 97 53 103 18 19 77 69 74 81 63 2 16 106 80 26 108 62 29 27 96 113 49 126 118 76 89 110 41 119 116 102 51 94 104 52 121 15 58 88 28 36 3 93 47 99 12 21 109 65 68 35 61 9 24 50 54 60 85 122 73 
23 4 55 7 38 45 111 95 64 75 83 120 78 23 67 123 30 101 107 43 87 42 32 71 37 5 20 91 14 40 82 98 84 1 105 34 115 31 79 92 90 6 48 56 39 66 97 53 103 18 19 77 69 74 81 63 2 16 106 80 26 108 62 29 27 96 113 49 126 118 76 89 110 41 119 116 102 51 94 104 52 121 15 58 88 28 36 3 93 47 99 12 21 109 65 68 35 61 9 24 50 54 60 85 122 73 
24 4 55 7 38 45 111 95 64 75 83 120 23 78 67 123 30 101 107 43 87 42 32 71 37 5 20 91 14 40 82 98 84 1 105 34 115 31 79 92 90 6 48 56 39 66 97 53 103 18 19 77 69 74 81 63 2 16 106 80 26 108 62 29 27 96 113 49 126 118 76 89 110 41 119 116 102 51 94 104 52 121 15 58 88 28 36 3 93 47 99 12 21 109 65 68 35 61 9 24 50 54 60 85 122 73 
25 4 55 7 38 45 111 95 64 75 83 120 23 78 67 123 30 101 107 43 87 42 32 71 37 5 20 91 14 40 82 98 84 1 105 34 115 31 79 92 90 6 48 56 39 66 97 53 103 18 19 77 69 74 81 63 2 16 106 80 26 108 62 29 27 96 113 49 126 118 76 89 110 41 119 116 102 51 94 104 52 121 15 58 88 28 36 3 93 47 99 12 21 109 65 68 35 61 9 24 50 54 60 85 122 73 
26 4 55 7 38 45 111 95 64 75 83 120 23 78 67 123 30 101 107 43 87 42 32 71 37 5 20 91 14 40 82 98 84 1 105 34 115 31 79 92 90 6 48 56 39 66 97 53 103 18 19 77 69 74 81 63 2 16 106 80 26 108 62 29 27 96 113 49 126 118 76 89 110 41 119 116 102 51 94 104 52 121 15 58 88 28 36 3 93 47 99 12 21 109 65 68 35 61 9 24 50 54 60 85 122 73 
27 4 55 7 38 45 111 95 64 75 83 120 23 78 67 123 30 101 107 43 87 42 32 71 37 5 20 91 14 40 82 98 84 1 105 34 115 31 79 92 90 6 48 56 39 66 97 53 103 18 19 77 69 74 81 63 2 16 106 80 26 108 62 29 96 27 113 49 126 118 76 89 110 41 119 116 102 51 94 104 52 121 15 58 88 28 36 3 93 47 99 12 21 109 65 68 35 61 9 24 50 54 60 85 122 73 
28 4 55 7 38 45 111 95 64 75 83 120 23 78 67 123 30 101 107 43 87 42 32 71 37 5 20 91 14 40 82 98 84 1 105 34 115 31 79 92 90 6 56 39 66 97 53 103 18 19 77 74 81 63 2 16 106 26 108 62 29 27 96 113 49 126 118 76 89 110 41 119 116 102 51 94 104 52 121 15 58 88 28 36 3 93 47 99 12 21 109 65 68 61 9 24 50 54 60 85 122 73 
29 4 55 7 38 45 111 95 64 75 83 120 23 78 123 30 101 107 43 87 42 32 71 5 20 91 14 40 98 84 1 105 34 115 31 79 92 90 6 56 39 66 97 53 103 18 19 77 74 81 63 2 16 106 26 108 62 29 27 96 113 49 126 118 76 89 110 41 119 116 102 51 94 104 52 121 15 58 88 28 36 3 93 47 99 12 21 109 65 68 61 9 24 54 60 85 122 73 
30 4 16 55 7 38 106 45 111 26 95 64 75 83 108 120 23 78 62 123 101 107 30 87 29 27 96 113 49 126 118 42 32 71 76 89 110 41 5 20 119 91 116 102 14 51 94 40 98 104 84 1 52 121 15 58 105 34 115 88 31 28 79 92 36 90 6 56 3 93 47 39 66 99 97 12 53 21 109 103 65 68 18 19 9 24 77 81 63 2 60 85 122 73 
31 4 16 55 7 38 106 26 45 111 95 64 75 83 108 120 23 78 62 123 30 101 107 87 29 27 96 113 49 126 118 42 32 71 89 110 5 20 119 91 116 102 14 51 94 40 98 104 84 1 52 121 15 58 105 34 115 88 31 28 79 92 36 90 6 3 93 47 39 66 99 97 12 53 21 109 103 65 68 18 19 9 24 77 81 2 60 85 122 73 
32 4 16 55 7 38 106 26 45 111 95 64 75 83 108 120 23 78 62 123 30 101 107 87 29 27 96 113 49 126 118 42 32 71 89 110 5 20 119 91 116 102 14 51 94 40 98 104 84 1 52 121 15 58 105 34 115 88 31 28 79 92 36 90 6 3 93 47 39 66 99 97 12 53 21 109 103 65 68 18 19 9 24 77 81 2 60 85 122 73 
33 4 16 55 7 38 106 26 45 111 95 64 75 83 108 120 23 78 62 123 30 101 107 87 29 27 96 113 49 126 118 42 32 71 89 110 5 20 119 91 116 102 14 51 94 40 98 104 84 1 52 121 15 58 105 34 115 88 31 28 79 92 36 90 6 3 93 47 39 66 99 97 12 53 21 109 103 65 68 18 19 9 24 77 81 2 60 85 122 73 
34 4 16 55 7 38 106 26 45 111 95 64 75 83 108 120 23 78 62 123 30 101 107 87 29 27 96 113 49 126 118 42 32 71 89 110 5 20 119 91 116 102 14 51 94 40 98 104 84 1 52 121 15 58 105 115 34 88 31 28 79 92 36 90 6 3 93 47 39 66 99 97 12 53 21 109 103 65 68 18 19 9 24 77 81 2 60 85 122 73 
35 4 16 55 7 38 106 26 45 111 95 64 75 83 108 120 23 78 62 123 30 101 107 87 29 27 96 113 49 126 118 42 32 71 89 110 5 20 119 91 116 102 14 51 94 40 98 104 84 1 52 121 15 58 105 34 115 88 31 79 92 36 90 6 3 93 47 39 66 99 97 12 53 21 109 103 65 68 18 35 19 9 24 77 81 2 60 85 122 73 
36 4 16 55 7 38 106 26 45 111 95 64 75 83 108 120 23 78 62 123 30 101 107 87 29 27 96 113 49 126 118 42 32 71 89 110 5 20 119 91 116 102 14 51 94 40 98 104 84 1 52 121 15 58 105 34 115 88 31 79 92 36 90 6 3 93 47 39 66 99 97 12 53 21 109 103 65 68 18 35 19 9 24 77 81 2 60 85 122 73 
37 4 16 55 7 38 106 26 45 111 95 64 75 83 108 120 23 78 62 123 30 101 107 87 27 96 113 49 126 118 42 32 71 89 37 110 5 20 119 91 116 102 14 51 94 40 98 104 84 1 52 121 15 58 105 34 115 88 31 36 79 92 90 6 3 93 47 39 66 99 97 12 53 21 109 103 65 68 18 35 19 9 24 77 81 2 60 85 122 73 
38 4 16 55 7 106 38 26 45 111 95 64 75 83 108 120 23 78 62 123 30 101 107 87 27 96 113 49 126 118 42 32 71 37 89 110 5 20 119 91 116 102 14 51 94 40 98 104 84 1 52 121 15 58 105 34 115 88 31 36 79 92 90 6 3 93 47 39 66 99 97 12 53 21 109 103 65 68 18 35 19 9 24 77 81 2 60 85 122 73 
39 4 16 55 7 38 106 26 45 111 95 64 75 83 108 120 23 78 62 123 30 101 107 87 27 96 113 49 126 118 42 32 71 37 89 110 5 20 119 91 116 102 14 51 94 40 98 104 84 1 52 121 15 58 105 34 115 88 31 36 79 92 90 6 3 93 47 66 99 39 97 12 53 21 109 103 65 68 18 35 19 9 24 77 81 2 60 85 122 73 
40 4 16 55 7 38 106 26 45 111 95 64 75 83 108 120 23 78 62 123 30 101 107 87 27 96 113 49 126 118 42 32 71 37 89 110 5 20 119 91 116 102 14 51 94 98 104 40 84 1 52 121 15 58 105 34 115 88 31 36 79 92 90 6 3 93 47 39 66 99 97 12 53 21 109 103 65 68 18 35 19 9 24 77 81 2 60 85 122 73 
41 4 16 55 7 38 106 26 45 111 95 64 75 83 108 120 23 78 62 123 30 101 107 87 27 96 113 49 126 118 42 32 71 37 89 110 41 5 20 119 91 116 102 14 51 94 40 98 104 84 1 52 121 15 58 105 34 115 88 36 79 92 90 6 3 93 47 39 66 99 97 12 53 21 109 103 65 68 18 35 19 9 24 77 81 2 60 85 122 73 
42 4 16 55 7 38 106 26 45 111 95 64 75 83 108 120 23 78 62 123 30 101 107 87 27 96 113 49 126 118 42 32 71 37 89 110 41 5 20 119 91 116 102 14 51 94 40 98 104 84 1 52 121 15 58 105 34 115 88 36 79 92 90 6 3 93 47 39 66 99 97 12 53 21 109 103 65 68 18 35 19 9 24 77 81 2 60 85 122 73 
43 4 16 55 7 38 106 26 45 111 95 64 75 83 108 120 23 78 62 123 101 107 43 87 27 96 113 49 126 118 42 32 71 37 89 110 41 5 20 119 91 116 102 14 51 94 40 98 104 84 1 52 121 15 58 105 34 115 88 36 79 92 90 6 3 93 47 39 66 99 97 12 53 21 109 103 65 68 18 35 19 9 24 77 81 2 60 85 122 73 
44 4 16 55 7 38 106 26 45 111 95 64 75 83 108 120 23 78 62 123 101 107 43 87 27 96 113 49 126 118 42 32 71 37 89 110 41 5 20 119 91 116 102 14 51 94 40 98 104 84 1 52 121 15 58 105 34 115 88 36 79 92 90 6 3 93 47 39 66 99 97 12 53 21 109 103 65 68 18 35 19 9 24 77 81 2 60 85 122 73 
45 4 16 55 7 38 106 26 111 45 95 64 75 83 108 120 23 78 62 123 30 101 107 87 29 27 96 113 49 126 118 42 32 71 89 110 5 20 119 91 116 102 14 51 94 40 98 104 84 1 52 121 15 58 105 34 115 88 31 28 79 92 36 90 6 3 93 47 39 66 99 97 12 53 21 109 103 65 68 18 19 9 24 77 81 2 60 85 122 73 
46 4 16 55 7 38 106 26 45 111 95 64 75 83 108 120 23 78 62 123 30 101 107 87 29 27 96 113 49 126 118 42 32 71 89 110 5 20 119 91 116 102 14 51 94 40 98 104 84 1 52 121 15 58 105 34 115 88 31 28 79 92 36 90 6 3 93 47 39 66 99 97 12 53 21 109 103 65 68 18 19 9 24 77 81 2 60 85 122 73 
47 4 16 55 7 38 106 26 45 111 95 64 75 83 108 120 23 78 62 123 30 101 107 87 29 27 96 113 49 126 118 42 32 71 89 110 5 20 119 91 116 102 14 51 94 40 98 104 84 1 52 121 15 58 105 34 115 88 31 28 79 92 36 90 6 3 93 47 39 66 99 97 12 53 21 109 103 65 68 18 19 9 24 77 81 2 60 85 122 73 
48 4 16 55 7 38 106 26 45 111 95 64 75 83 108 120 23 78 62 123 30 101 107 87 29 27 96 113 49 126 118 42 32 71 89 110 5 20 119 91 116 102 14 51 94 40 98 104 84 1 52 121 15 58 105 34 115 88 31 79 92 36 90 6 48 3 93 47 39 66 99 97 12 53 21 109 103 65 68 18 19 9 24 77 81 2 60 85 122 73 
49 4 16 55 7 38 106 26 45 111 95 64 75 83 108 120 23 78 62 123 30 101 107 87 29 27 96 113 126 49 118 42 32 71 89 110 5 20 119 91 116 102 14 51 94 40 98 104 84 1 52 121 15 58 105 34 115 88 31 79 92 36 90 6 48 3 93 47 39 66 99 97 12 53 21 109 103 65 68 18 19 9 24 77 81 2 60 85 122 73 
50 4 16 55 7 38 106 26 45 111 95 64 75 83 108 120 23 78 62 123 30 101 107 87 27 96 113 49 126 118 42 32 71 89 110 5 20 119 91 116 102 14 51 94 40 98 104 84 1 52 121 15 58 105 34 115 88 31 79 92 36 90 6 48 3 93 47 39 66 99 97 12 53 21 109 103 65 68 18 19 9 24 77 81 50 2 60 85 122 73 
51 4 16 55 7 38 106 26 45 111 95 64 75 83 108 120 23 78 62 123 30 101 107 87 27 96 113 49 126 118 42 32 71 89 110 5 20 119 91 116 102 14 51 94 40 98 104 84 1 52 121 15 58 105 34 115 88 31 79 92 36 90 6 48 3 93 47 39 66 99 97 12 53 21 109 103 65 68 18 19 9 24 77 81 50 2 60 85 122 73 
52 4 16 55 7 38 106 26 45 111 95 64 75 83 108 120 23 78 62 123 30 101 107 87 27 96 113 49 126 118 42 32 71 89 110 5 20 119 91 116 102 14 51 94 40 98 104 84 1 52 121 15 58 105 34 115 88 31 79 92 36 90 6 48 3 93 47 39 66 99 97 12 53 21 109 103 65 68 18 19 9 24 77 81 50 2 60 85 122 73 
53 4 16 55 7 38 106 26 45 111 95 64 75 83 108 120 23 78 62 123 30 101 107 87 27 96 113 49 126 118 42 32 71 89 110 5 20 119 91 116 102 14 51 94 40 98 104 84 1 52 121 15 58 105 34 115 88 31 79 92 36 90 6 48 3 93 47 39 66 99 97 12 53 21 109 103 65 68 18 19 9 24 77 81 50 2 60 85 122 73 
54 4 16 55 7 38 106 26 45 111 95 64 75 83 108 120 23 78 62 123 101 107 87 27 96 113 49 126 118 42 32 71 89 110 5 20 119 91 116 102 14 51 94 40 98 104 84 1 52 121 15 58 105 34 115 88 31 79 92 36 90 6 48 3 93 47 39 66 99 97 12 53 21 109 103 65 68 18 19 9 24 77 81 50 2 54 60 85 122 73 
55 4 16 55 7 38 106 26 45 111 95 64 75 83 108 120 23 78 62 123 101 107 87 27 96 113 49 126 118 42 32 71 89 110 5 20 119 91 116 102 14 51 94 40 98 104 84 1 52 121 15 58 105 34 115 88 31 79 92 36 90 6 48 3 93 47 39 66 99 97 12 53 21 109 103 65 68 18 19 9 24 77 81 50 2 54 60 85 122 73 
56 4 16 55 7 38 106 26 45 111 95 64 75 83 108 120 23 78 62 123 101 107 87 27 96 113 49 126 118 42 32 71 89 110 5 20 119 91 116 102 14 51 94 40 98 104 84 1 52 121 15 58 105 34 115 88 79 92 36 90 6 48 56 3 93 47 39 66 99 97 12 53 21 109 103 65 68 18 19 9 24 77 81 50 2 54 60 85 122 73 
57 4 16 55 7 38 106 26 45 111 95 64 75 83 108 120 23 78 62 123 101 107 87 27 96 113 49 126 118 42 32 71 89 110 5 20 119 91 116 102 14 51 94 40 98 104 84 1 52 121 15 58 105 34 115 88 79 92 36 90 6 48 56 3 93 47 39 66 99 97 12 53 21 109 103 65 68 18 19 9 24 77 81 50 2 54 60 85 122 73 
58 4 16 55 7 38 106 26 45 111 95 64 75 83 108 120 23 78 62 123 30 101 107 87 29 27 96 113 49 126 118 42 32 71 89 110 5 20 119 91 116 102 14 51 94 40 98 104 84 1 52 121 15 58 105 34 115 88 31 28 79 92 36 90 6 3 93 47 39 66 99 97 12 53 21 109 103 65 68 18 19 9 24 77 81 2 60 85 122 73 
59 4 16 55 7 38 106 26 45 111 95 64 75 83 108 120 23 78 62 123 30 101 107 87 29 27 96 113 49 126 118 42 32 71 89 110 5 20 119 91 116 102 14 51 94 40 98 104 84 1 52 121 15 58 105 34 115 88 31 28 79 92 36 90 6 3 93 47 39 66 99 97 12 53 21 109 103 65 68 18 19 9 24 77 81 2 60 85 122 73 
60 4 16 55 7 38 106 26 45 111 95 64 75 83 108 120 23 78 62 123 30 101 107 87 29 27 96 113 49 126 118 42 32 71 89 110 5 20 119 91 116 102 14 51 94 40 98 104 84 1 52 121 15 58 105 34 115 88 31 28 79 92 36 90 6 3 93 47 39 66 99 97 12 53 21 109 103 65 68 18 19 9 24 77 81 2 85 122 60 73 
61 4 16 55 7 38 106 26 45 111 95 64 75 83 108 120 23 78 62 123 101 107 87 29 27 96 113 49 126 118 42 32 71 89 110 5 20 119 91 116 102 14 51 94 40 98 104 84 1 52 121 15 58 105 34 115 88 31 28 79 92 36 90 6 3 93 47 39 66 99 97 12 53 21 109 103 65 68 18 19 61 9 24 77 81 2 60 85 122 73 
62 4 16 55 7 38 106 26 45 111 95 64 75 83 108 120 23 78 62 123 101 107 87 29 27 96 113 49 126 118 42 32 71 89 110 5 20 119 91 116 102 14 51 94 40 98 104 84 1 52 121 15 58 105 34 115 88 31 28 79 92 36 90 6 3 93 47 39 66 99 97 12 53 21 109 103 65 68 18 19 61 9 24 77 81 2 60 85 122 73 
63 4 16 55 7 38 106 26 45 111 95 64 75 83 108 120 23 62 78 123 101 107 87 29 27 96 113 49 126 118 42 32 71 89 110 5 20 119 91 116 102 14 51 94 40 98 104 84 1 52 121 15 58 105 34 115 88 28 79 92 36 90 6 3 93 47 39 66 99 97 12 53 21 109 103 65 68 18 19 61 9 24 77 81 63 2 60 85 122 73 
64 4 16 55 7 38 106 26 45 111 95 75 83 64 108 120 23 62 78 123 101 107 87 29 27 96 113 49 126 118 42 32 71 89 110 5 20 119 91 116 102 14 51 94 40 98 104 84 1 52 121 15 58 105 34 115 88 28 79 92 36 90 6 3 93 47 39 66 99 97 12 53 21 109 103 65 68 18 19 61 9 24 77 81 63 2 60 85 122 73 
65 4 16 55 7 38 106 26 45 111 95 64 75 83 108 120 23 62 78 123 101 107 87 29 27 96 113 49 126 118 42 32 71 89 110 5 20 119 91 116 102 14 51 94 40 98 104 84 1 52 121 15 58 105 34 115 88 28 79 92 36 90 6 3 93 47 39 66 99 97 12 53 21 109 103 65 68 18 19 61 9 24 77 81 63 2 60 85 122 73 
66 4 16 55 7 38 106 26 45 111 95 64 75 83 108 120 23 62 78 123 101 107 87 29 27 96 113 49 126 118 42 32 71 89 110 5 20 119 91 116 102 14 51 94 40 98 104 84 1 52 121 15 58 105 34 115 88 28 79 92 36 90 6 3 93 47 39 99 66 97 12 53 21 109 103 65 68 18 19 61 9 24 77 81 63 2 60 85 122 73 
67 4 16 55 7 38 106 26 45 111 95 64 75 83 108 120 23 62 78 67 123 101 107 87 27 96 113 49 126 118 42 32 71 89 110 5 20 119 91 116 102 14 51 94 40 98 104 84 1 52 121 15 58 105 34 115 88 28 79 92 36 90 6 3 93 47 66 39 99 97 12 53 21 109 103 65 68 18 19 61 9 24 77 81 63 2 60 85 122 73 
68 4 16 55 7 38 106 26 45 111 95 64 75 83 108 120 23 62 78 67 123 101 107 87 27 96 113 49 126 118 42 32 71 89 110 5 20 119 91 116 102 14 51 94 40 98 104 84 1 52 121 15 58 105 34 115 88 28 79 92 36 90 6 3 93 47 66 39 99 97 12 53 21 109 103 65 68 18 19 61 9 24 77 81 63 2 60 85 122 73 
69 4 16 55 7 38 106 26 45 111 95 64 75 83 108 120 23 62 78 67 123 101 107 87 27 96 113 49 126 118 42 32 71 89 110 5 20 119 91 116 102 14 51 94 40 98 104 84 1 52 121 15 58 105 34 115 88 79 92 36 90 6 3 93 47 66 39 99 97 12 53 21 109 103 65 68 18 19 61 9 24 77 69 81 63 2 60 85 122 73 
70 4 16 55 7 38 106 26 45 111 95 64 75 83 108 120 23 62 78 67 123 101 107 87 27 96 113 49 126 118 42 32 71 89 110 5 20 119 91 116 102 14 51 94 40 98 104 84 1 52 121 15 58 105 34 115 88 79 92 36 90 6 3 93 47 66 39 99 97 12 53 21 109 103 65 68 18 19 61 9 24 77 69 81 63 2 60 85 122 73 
71 4 16 55 7 38 106 26 45 111 95 64 75 83 108 120 23 78 62 123 30 101 107 87 29 27 96 113 49 126 118 42 32 71 89 110 5 20 119 91 116 102 14 51 94 40 98 104 84 1 52 121 15 58 105 34 115 88 31 28 79 92 36 90 6 3 93 47 39 66 99 97 12 53 21 109 103 65 68 18 19 9 24 77 81 2 60 85 122 73 
72 4 16 55 7 38 106 26 45 111 95 64 75 83 108 120 23 78 62 123 30 101 107 87 29 27 96 113 49 126 118 42 32 71 89 110 5 20 119 91 116 102 14 51 94 40 98 104 84 1 52 121 15 58 105 34 115 88 31 28 79 92 36 90 6 3 93 47 39 66 99 97 12 53 21 109 103 65 68 18 19 9 24 77 81 2 60 85 122 73 
73 4 16 55 7 38 106 26 45 111 95 64 75 83 108 120 23 78 62 123 30 101 107 87 29 27 96 113 49 126 118 42 32 71 89 110 5 20 119 91 116 102 14 51 94 40 98 104 84 1 52 121 15 58 105 34 115 88 31 28 79 92 36 90 6 3 93 47 39 66 99 97 12 53 21 109 103 65 68 18 19 9 24 77 81 2 60 85 122 73 
74 4 16 55 7 38 106 26 45 111 95 64 75 83 108 120 23 78 62 123 101 107 87 29 27 96 113 49 126 118 42 32 71 89 110 5 20 119 91 116 102 14 51 94 40 98 104 84 1 52 121 15 58 105 34 115 88 31 28 79 92 36 90 6 3 93 47 39 66 99 97 12 53 21 109 103 65 68 18 19 9 24 77 81 74 2 60 85 122 73 
75 4 16 55 7 38 106 26 45 111 95 64 83 75 108 120 23 78 62 123 101 107 87 29 27 96 113 49 126 118 42 32 71 89 110 5 20 119 91 116 102 14 51 94 40 98 104 84 1 52 121 15 58 105 34 115 88 31 28 79 92 36 90 6 3 93 47 39 66 99 97 12 53 21 109 103 65 68 18 19 9 24 77 74 81 2 60 85 122 73 
76 4 16 55 7 38 106 26 45 111 95 75 64 83 108 120 23 78 62 123 101 107 87 29 27 96 113 49 126 118 42 32 71 76 89 110 5 20 119 91 116 102 14 51 94 40 98 104 84 1 52 121 15 58 105 34 115 88 28 79 92 36 90 6 3 93 47 39 66 99 97 12 53 21 109 103 65 68 18 19 9 24 77 74 81 2 60 85 122 73 
77 4 16 55 7 38 106 26 45 111 95 75 64 83 108 120 23 78 62 123 101 107 87 29 27 96 113 49 126 118 42 32 71 76 89 110 5 20 119 91 116 102 14 51 94 40 98 104 84 1 52 121 15 58 105 34 115 88 28 79 92 36 90 6 3 93 47 39 66 99 97 12 53 21 109 103 65 68 18 19 9 24 77 74 81 2 60 85 122 73 
78 4 16 55 7 38 106 26 45 111 95 75 64 83 108 120 23 62 78 123 101 107 87 29 27 96 113 49 126 118 42 32 71 76 89 110 5 20 119 91 116 102 14 51 94 40 98 104 84 1 52 121 15 58 105 34 115 88 28 79 92 36 90 6 3 93 47 39 66 99 97 12 53 21 109 103 65 68 18 19 9 24 77 74 81 2 60 85 122 73 
79 4 16 55 7 38 106 26 45 111 95 75 64 83 108 120 23 78 62 123 101 107 87 29 27 96 113 49 126 118 42 32 71 76 89 110 5 20 119 91 116 102 14 51 94 40 98 104 84 1 52 121 15 58 105 34 115 88 28 92 36 79 90 6 3 93 47 39 66 99 97 12 53 21 109 103 65 68 18 19 9 24 77 74 81 2 60 85 122 73 
80 4 16 55 7 38 106 80 26 45 111 95 75 64 83 108 120 23 78 62 123 101 107 87 29 27 96 113 49 126 118 42 32 71 76 89 110 5 20 119 91 116 102 14 51 94 40 98 104 84 1 52 121 15 58 105 34 115 88 79 92 36 90 6 3 93 47 39 66 99 97 12 53 21 109 103 65 68 18 19 9 24 77 74 81 2 60 85 122 73 
81 4 16 55 7 38 106 80 26 45 111 95 75 64 83 108 120 23 78 62 123 101 107 87 29 27 96 113 49 126 118 42 32 71 76 89 110 5 20 119 91 116 102 14 51 94 40 98 104 84 1 52 121 15 58 105 34 115 88 79 92 36 90 6 3 93 47 39 66 99 97 12 53 21 109 103 65 68 18 19 9 24 77 74 81 2 60 85 122 73 
82 4 16 55 7 38 106 80 26 45 111 95 75 64 83 108 120 23 78 62 123 101 107 87 27 96 113 49 126 118 42 32 71 76 89 110 5 20 119 91 116 102 14 51 94 40 98 104 82 84 1 52 121 15 58 105 34 115 88 79 92 36 90 6 3 93 47 39 66 99 97 12 53 21 109 103 65 68 18 19 9 24 77 74 81 2 60 85 122 73 
83 4 55 7 38 45 111 95 64 75 83 120 23 78 67 123 30 101 107 43 87 42 32 71 37 5 20 91 14 40 82 98 84 1 105 34 115 31 79 92 90 6 48 56 39 66 97 53 103 18 19 77 69 74 81 63 2 16 106 80 26 108 62 29 27 96 113 49 126 118 76 89 110 41 119 116 102 51 94 104 52 121 15 58 88 28 36 3 93 47 99 12 21 109 65 68 35 61 9 24 50 54 60 85 122 73 
84 4 55 7 38 45 111 95 64 75 83 120 23 78 67 123 30 101 107 43 87 42 32 71 37 5 20 91 14 40 82 98 84 1 105 34 115 31 79 92 90 6 48 56 39 66 97 53 103 18 19 77 69 74 81 63 2 16 106 80 26 108 62 29 27 96 113 49 126 118 76 89 110 41 119 116 102 51 94 104 52 121 15 58 88 28 36 3 93 47 99 12 21 109 65 68 35 61 9 24 50 54 60 85 122 73 
85 4 55 7 38 45 111 95 64 75 83 120 23 78 67 123 30 101 107 43 87 42 32 71 37 5 20 91 14 40 82 98 84 1 105 34 115 31 79 92 90 6 48 56 39 66 97 53 103 18 19 77 69 74 81 63 2 16 106 80 26 108 62 29 27 96 113 49 126 118 76 89 110 41 119 116 102 51 94 104 52 121 15 58 88 28 36 3 93 47 99 12 21 109 65 68 35 61 9 24 50 54 60 122 85 73 
86 4 55 7 38 45 111 95 64 75 83 120 23 78 67 123 30 101 107 43 87 42 32 71 37 5 20 91 14 40 82 98 84 1 105 34 115 31 79 92 90 6 48 56 39 66 97 53 103 18 19 77 69 74 81 63 2 16 106 80 26 108 62 29 27 96 113 49 126 118 76 89 110 41 119 116 102 51 94 104 52 121 15 58 88 28 36 3 93 47 99 12 21 109 65 68 35 61 9 24 50 54 60 85 122 73 
87 4 55 7 38 45 111 95 64 75 83 120 23 78 67 123 30 101 107 43 87 42 32 71 37 5 20 91 14 40 82 98 84 1 105 34 115 31 79 92 90 6 48 56 39 66 97 53 103 18 19 77 69 74 81 63 2 16 106 80 26 108 62 29 27 96 113 49 126 118 76 89 110 41 119 116 102 51 94 104 52 121 15 58 88 28 36 3 93 47 99 12 21 109 65 68 35 61 9 24 50 54 60 85 122 73 
88 4 55 7 38 45 111 95 64 75 83 120 23 78 67 123 30 101 107 43 87 42 32 71 37 5 20 91 14 40 82 98 84 1 105 34 115 31 79 92 90 6 48 56 39 66 97 53 103 18 19 77 69 74 81 63 2 16 106 80 26 108 62 29 27 96 113 49 126 118 76 89 110 41 119 116 102 51 94 104 52 121 15 58 88 28 36 3 93 47 99 12 21 109 65 68 35 61 9 24 50 54 60 85 122 73 
89 4 55 7 38 45 111 95 64 75 83 120 23 78 67 123 30 101 107 43 87 42 32 71 37 5 20 91 14 40 82 98 84 1 105 34 115 31 79 92 90 6 48 56 39 66 97 53 103 18 19 77 69 74 81 63 2 16 106 80 26 108 62 29 27 96 113 49 126 118 76 89 110 41 119 116 102 51 94 104 52 121 15 58 88 28 36 3 93 47 99 12 21 109 65 68 35 61 9 24 50 54 60 85 122 73 
90 4 55 7 38 45 111 95 64 75 83 120 23 78 67 123 30 101 107 43 87 42 32 71 37 5 20 91 14 40 82 98 84 1 105 34 115 31 79 92 90 6 48 56 39 66 97 53 103 18 19 77 69 74 81 63 2 16 106 80 26 108 62 29 27 96 113 49 126 118 76 89 110 41 119 116 102 51 94 104 52 121 15 58 88 28 36 3 93 47 99 12 21 109 65 68 35 61 9 24 50 54 60 85 122 73 
91 4 55 7 38 45 111 95 64 75 83 120 23 78 67 123 30 101 107 43 87 42 32 71 37 5 20 91 14 40 82 98 84 1 105 34 115 31 79 92 90 6 48 56 39 66 97 53 103 18 19 77 69 74 81 63 2 16 106 80 26 108 62 29 27 96 113 49 126 118 76 89 110 41 119 116 102 51 94 104 52 121 15 58 88 28 36 3 93 47 99 12 21 109 65 68 35 61 9 24 50 54 60 85 122 73 
92 4 55 7 38 45 111 95 64 75 83 120 23 78 67 123 30 101 107 43 87 42 32 71 37 5 20 91 14 40 82 98 84 1 105 34 115 31 79 92 90 6 48 56 39 66 97 53 103 18 19 77 69 74 81 63 2 16 106 80 26 108 62 29 27 96 113 49 126 118 76 89 110 41 119 116 102 51 94 104 52 121 15 58 88 28 36 3 93 47 99 12 21 109 65 68 35 61 9 24 50 54 60 85 122 73 
93 4 55 7 38 45 111 95 64 75 83 120 23 78 67 123 30 101 107 43 87 42 32 71 37 5 20 91 14 40 82 98 84 1 105 34 115 31 79 92 90 6 48 56 39 66 97 53 103 18 19 77 69 74 81 63 2 16 106 80 26 108 62 29 27 96 113 49 126 118 76 89 110 41 119 116 102 51 94 104 52 121 15 58 88 28 36 3 93 47 99 12 21 109 65 68 35 61 9 24 50 54 60 85 122 73 
94 4 55 7 38 45 111 95 64 75 83 120 23 78 67 123 30 101 107 43 87 42 32 71 37 5 20 91 14 40 82 98 84 1 105 34 115 31 79 92 90 6 48 56 39 66 97 53 103 18 19 77 69 74 81 63 2 16 106 80 26 108 62 29 27 96 113 49 126 118 76 89 110 41 119 116 102 51 94 104 52 121 15 58 88 28 36 3 93 47 99 12 21 109 65 68 35 61 9 24 50 54 60 85 122 73 
95 4 55 7 38 45 111 95 64 75 83 120 23 78 67 123 30 101 107 43 87 42 32 71 37 5 20 91 14 40 82 98 84 1 105 34 115 31 79 92 90 6 48 56 39 66 97 53 103 18 19 77 69 74 81 63 2 16 106 80 26 108 62 29 27 96 113 49 126 118 76 89 110 41 119 116 102 51 94 104 52 121 15 58 88 28 36 3 93 47 99 12 21 109 65 68 35 61 9 24 50 54 60 85 122 73 
96 4 55 7 38 45 111 95 64 75 83 120 23 78 67 123 30 101 107 43 87 42 32 71 37 5 20 91 14 40 82 98 84 1 105 34 115 31 79 92 90 6 48 56 39 66 97 53 103 18 19 77 69 74 81 63 2 16 106 80 26 108 62 29 27 96 113 49 126 118 76 89 110 41 119 116 102 51 94 104 52 121 15 58 88 28 36 3 93 47 99 12 21 109 65 68 35 61 9 24 50 54 60 85 122 73 
97 4 55 7 38 45 111 95 64 75 83 120 23 78 67 123 30 101 107 43 87 42 32 71 37 5 20 91 14 40 82 98 84 1 105 34 115 31 79 92 90 6 48 56 39 66 97 53 103 18 19 77 69 74 81 63 2 16 106 80 26 108 62 29 27 96 113 49 126 118 76 89 110 41 119 116 102 51 94 104 52 121 15 58 88 28 36 3 93 47 99 12 21 109 65 68 35 61 9 24 50 54 60 85 122 73 
98 4 55 7 38 45 111 95 64 75 83 120 23 78 67 123 30 101 107 43 87 42 32 71 37 5 20 91 14 40 82 98 84 1 105 34 115 31 79 92 90 6 48 56 39 66 97 53 103 18 19 77 69 74 81 63 2 16 106 80 26 108 62 29 27 96 113 49 126 118 76 89 110 41 119 116 102 51 94 104 52 121 15 58 88 28 36 3 93 47 99 12 21 109 65 68 35 61 9 24 50 54 60 85 122 73 
99 4 55 7 38 45 111 95 64 75 83 120 23 78 67 123 30 101 107 43 87 42 32 71 37 5 20 91 14 40 82 98 84 1 105 34 115 31 79 92 90 6 48 56 39 66 97 53 103 18 19 77 69 74 81 63 2 16 106 80 26 108 62 29 27 96 113 49 126 118 76 89 110 41 119 116 102 51 94 104 52 121 15 58 88 28 36 3 93 47 99 12 21 109 65 68 35 61 9 24 50 54 60 85 122 73 
100 4 55 7 38 45 111 95 64 75 83 120 23 78 67 123 30 101 107 43 87 42 32 71 37 5 20 91 14 40 82 98 84 1 105 34 115 31 79 92 90 6 48 56 39 66 97 53 103 18 19 77 69 74 81 63 2 16 106 80 26 108 62 29 27 96 113 49 126 118 76 89 110 41 119 116 102 51 94 104 52 121 15 58 88 28 36 3 93 47 99 12 21 109 65 68 35 61 9 24 50 54 60 85 122 73 
101 4 55 7 38 45 111 95 64 75 83 120 23 78 67 123 30 107 101 43 87 42 32 71 37 5 20 91 14 40 82 98 84 1 105 34 115 31 79 92 90 6 48 56 39 66 97 53 103 18 19 77 69 74 81 63 2 16 106 80 26 108 62 29 27 96 113 49 126 118 76 89 110 41 119 116 102 51 94 104 52 121 15 58 88 28 36 3 93 47 99 12 21 109 65 68 35 61 9 24 50 54 60 85 122 73 
102 4 55 7 38 45 111 95 64 75 83 120 23 78 67 123 30 101 107 43 87 42 32 71 37 5 20 91 14 40 82 98 84 1 105 34 115 31 79 92 90 6 48 56 39 66 97 53 103 18 19 77 69 74 81 63 2 16 106 80 26 108 62 29 27 96 113 49 126 118 76 89 110 41 119 116 102 51 94 104 52 121 15 58 88 28 36 3 93 47 99 12 21 109 65 68 35 61 9 24 50 54 60 85 122 73 
103 4 55 7 38 45 111 95 64 75 83 120 23 78 67 123 30 101 107 43 87 42 32 71 37 5 20 91 14 40 82 98 84 1 105 34 115 31 79 92 90 6 48 56 39 66 97 53 103 18 19 77 69 74 81 63 2 16 106 80 26 108 62 29 27 96 113 49 126 118 76 89 110 41 119 116 102 51 94 104 52 121 15 58 88 28 36 3 93 47 99 12 21 109 65 68 35 61 9 24 50 54 60 85 122 73 
104 4 55 7 38 45 111 95 64 75 83 120 23 78 67 123 30 101 107 43 87 42 32 71 37 5 20 91 14 40 82 98 84 1 105 34 115 31 79 92 90 6 48 56 39 66 97 53 103 18 19 77 69 74 81 63 2 16 106 80 26 108 62 29 27 96 113 49 126 118 76 89 110 41 119 116 102 51 94 104 52 121 15 58 88 28 36 3 93 47 99 12 21 109 65 68 35 61 9 24 50 54 60 85 122 73 
105 4 55 7 38 45 111 95 64 75 83 120 23 78 67 123 30 101 107 43 87 42 32 71 37 5 20 91 14 40 82 98 84 1 105 34 115 31 79 92 90 6 48 56 39 66 97 53 103 18 19 77 69 74 81 63 2 16 106 80 26 108 62 29 27 96 113 49 126 118 76 89 110 41 119 116 102 51 94 104 52 121 15 58 88 28 36 3 93 47 99 12 21 109 65 68 35 61 9 24 50 54 60 85 122 73 
106 4 55 7 38 45 111 95 64 75 83 120 23 78 67 123 30 101 107 43 87 42 32 71 37 5 20 91 14 40 82 98 84 1 105 34 115 31 79 92 90 6 48 56 39 66 97 53 103 18 19 77 69 74 81 63 2 16 106 80 26 108 62 29 27 96 113 49 126 118 76 89 110 41 119 116 102 51 94 104 52 121 15 58 88 28 36 3 93 47 99 12 21 109 65 68 35 61 9 24 50 54 60 85 122 73 
107 4 55 7 38 45 111 95 64 75 83 120 23 78 67 123 30 101 107 43 87 42 32 71 37 5 20 91 14 40 82 98 84 1 105 34 115 31 79 92 90 6 48 56 39 66 97 53 103 18 19 77 69 74 81 63 2 16 106 80 26 108 62 29 27 96 113 49 126 118 76 89 110 41 119 116 102 51 94 104 52 121 15 58 88 28 36 3 93 47 99 12 21 109 65 68 35 61 9 24 50 54 60 85 122 73 
108 4 55 7 38 45 111 95 64 75 83 120 23 78 67 123 30 101 107 43 87 42 32 71 37 5 20 91 14 40 82 98 84 1 105 34 115 31 79 92 90 6 48 56 39 66 97 53 103 18 19 77 69 74 81 63 2 16 106 80 26 108 62 29 27 96 113 49 126 118 76 89 110 41 119 116 102 51 94 104 52 121 15 58 88 28 36 3 93 47 99 12 21 109 65 68 35 61 9 24 50 54 60 85 122 73 
109 4 55 7 38 45 111 95 64 75 83 120 23 78 67 123 30 101 107 43 87 42 32 71 37 5 20 91 14 40 82 98 84 1 105 34 115 31 79 92 90 6 48 56 39 66 97 53 103 18 19 77 69 74 81 63 2 16 106 80 26 108 62 29 27 96 113 49 126 118 76 89 110 41 119 116 102 51 94 104 52 121 15 58 88 28 36 3 93 47 99 12 21 109 65 68 35 61 9 24 50 54 60 85 122 73 
110 4 55 7 38 45 111 95 64 75 83 120 23 78 67 123 30 101 107 43 87 42 32 71 37 5 20 91 14 40 82 98 84 1 105 34 115 31 79 92 90 6 48 56 39 66 97 53 103 18 19 77 69 74 81 63 2 16 106 80 26 108 62 29 27 96 113 49 126 118 76 89 110 41 119 116 102 51 94 104 52 121 15 58 88 28 36 3 93 47 99 12 21 109 65 68 35 61 9 24 50 54 60 85 122 73 
111 4 55 7 38 45 111 95 64 75 83 120 23 78 67 123 30 101 107 43 87 42 32 71 37 5 20 91 14 40 82 98 84 1 105 34 115 31 79 92 90 6 48 56 39 66 97 53 103 18 19 77 69 74 81 63 2 16 106 80 26 108 62 29 27 96 113 49 126 118 76 89 110 41 119 116 102 51 94 104 52 121 15 58 88 28 36 3 93 47 99 12 21 109 65 68 35 61 9 24 50 54 60 85 122 73 
112 4 55 7 38 45 111 95 64 75 83 120 23 78 67 123 30 101 107 43 87 42 32 71 37 5 20 91 14 40 82 98 84 1 105 34 115 31 79 92 90 6 48 56 39 66 97 53 103 18 19 77 69 74 81 63 2 16 106 80 26 108 62 29 27 96 113 49 126 118 76 89 110 41 119 116 102 51 94 104 52 121 15 58 88 28 36 3 93 47 99 12 21 109 65 68 35 61 9 24 50 54 60 85 122 73 
113 4 55 7 38 45 111 95 64 75 83 120 23 78 67 123 30 101 107 43 87 42 32 71 37 5 20 91 14 40 82 98 84 1 105 34 115 31 79 92 90 6 48 56 39 66 97 53 103 18 19 77 69 74 81 63 2 16 106 80 26 108 62 29 27 96 113 49 126 118 76 89 110 41 119 116 102 51 94 104 52 121 15 58 88 28 36 3 93 47 99 12 21 109 65 68 35 61 9 24 50 54 60 85 122 73 
114 4 55 7 38 45 111 95 64 75 83 120 23 78 67 123 30 101 107 43 87 42 32 71 37 5 20 91 14 40 82 98 84 1 105 34 115 31 79 92 90 6 48 56 39 66 97 53 103 18 19 77 69 74 81 63 2 16 106 80 26 108 62 29 27 96 113 49 126 118 76 89 110 41 119 116 102 51 94 104 52 121 15 58 88 28 36 3 93 47 99 12 21 109 65 68 35 61 9 24 50 54 60 85 122 73 
115 4 55 7 38 45 111 95 64 75 83 120 23 78 67 123 30 101 107 43 87 42 32 71 37 5 20 91 14 40 82 98 84 1 105 34 115 31 79 92 90 6 48 56 39 66 97 53 103 18 19 77 69 74 81 63 2 16 106 80 26 108 62 29 27 96 113 49 126 118 76 89 110 41 119 116 102 51 94 104 52 121 15 58 88 28 36 3 93 47 99 12 21 109 65 68 35 61 9 24 50 54 60 85 122 73 
116 4 55 7 38 45 111 95 64 75 83 120 23 78 67 123 30 101 107 43 87 42 32 71 37 5 20 91 14 40 82 98 84 1 105 34 115 31 79 92 90 6 48 56 39 66 97 53 103 18 19 77 69 74 81 63 2 16 106 80 26 108 62 29 27 96 113 49 126 118 76 89 110 41 119 116 102 51 94 104 52 121 15 58 88 28 36 3 93 47 99 12 21 109 65 68 35 61 9 24 50 54 60 85 122 73 
117 4 55 7 38 45 111 95 64 75 83 120 23 78 67 123 30 101 107 43 87 42 32 71 37 5 20 91 14 40 82 98 84 1 105 34 115 31 79 92 90 6 48 56 39 66 97 53 103 18 19 77 69 74 81 63 2 16 106 80 26 108 62 29 27 96 113 49 126 118 76 89 110 41 119 116 102 51 94 104 52 121 15 58 88 28 36 3 93 47 99 12 21 109 65 68 35 61 9 24 50 54 60 85 122 73 
118 4 55 7 38 45 111 95 64 75 83 120 23 78 67 123 30 101 107 43 87 42 32 71 37 5 20 91 14 40 82 98 84 1 105 34 115 31 79 92 90 6 48 56 39 66 97 53 103 18 19 77 69 74 81 63 2 16 106 80 26 108 62 29 27 96 113 49 126 118 76 89 110 41 119 116 102 51 94 104 52 121 15 58 88 28 36 3 93 47 99 12 21 109 65 68 35 61 9 24 50 54 60 85 122 73 
119 4 55 7 38 45 111 95 64 75 83 120 23 78 67 123 30 101 107 43 87 42 32 71 37 5 20 91 14 40 82 98 84 1 105 34 115 31 79 92 90 6 48 56 39 66 97 53 103 18 19 77 69 74 81 63 2 16 106 80 26 108 62 29 27 96 113 49 126 118 76 89 110 41 119 116 102 51 94 104 52 121 15 58 88 28 36 3 93 47 99 12 21 109 65 68 35 61 9 24 50 54 60 85 122 73 
120 4 55 7 38 45 111 95 64 75 83 120 23 78 67 123 30 101 107 43 87 42 32 71 37 5 20 91 14 40 82 98 84 1 105 34 115 31 79 92 90 6 48 56 39 66 97 53 103 18 19 77 69 74 81 63 2 16 106 80 26 108 62 29 27 96 113 49 126 118 76 89 110 41 119 116 102 51 94 104 52 121 15 58 88 28 36 3 93 47 99 12 21 109 65 68 35 61 9 24 50 54 60 85 122 73 
121 4 55 7 38 45 111 95 64 75 83 120 23 78 67 123 30 101 107 43 87 42 32 71 37 5 20 91 14 40 82 98 84 1 105 34 115 31 79 92 90 6 48 56 39 66 97 53 103 18 19 77 69 74 81 63 2 16 106 80 26 108 62 29 27 96 113 49 126 118 76 89 110 41 119 116 102 51 94 104 52 121 15 58 88 28 36 3 93 47 99 12 21 109 65 68 35 61 9 24 50 54 60 85 122 73 
122 4 55 7 38 45 111 95 64 75 83 120 23 78 67 123 30 101 107 43 87 42 32 71 37 5 20 91 14 40 82 98 84 1 105 34 115 31 79 92 90 6 48 56 39 66 97 53 103 18 19 77 69 74 81 63 2 16 106 80 26 108 62 29 27 96 113 49 126 118 76 89 110 41 119 116 102 51 94 104 52 121 15 58 88 28 36 3 93 47 99 12 21 109 65 68 35 61 9 24 50 54 60 85 122 73 
123 4 55 7 38 45 111 95 64 75 83 120 23 78 67 123 30 101 107 43 87 42 32 71 37 5 20 91 14 40 82 98 84 1 105 34 115 31 79 92 90 6 48 56 39 66 97 53 103 18 19 77 69 74 81 63 2 16 106 80 26 108 62 29 27 96 113 49 126 118 76 89 110 41 119 116 102 51 94 104 52 121 15 58 88 28 36 3 93 47 99 12 21 109 65 68 35 61 9 24 50 54 60 85 122 73 
124 4 55 7 38 45 111 95 64 75 83 120 23 78 67 123 30 101 107 43 87 42 32 71 37 5 20 91 14 40 82 98 84 1 105 34 115 31 79 92 90 6 48 56 39 66 97 53 103 18 19 77 69 74 81 63 2 16 106 80 26 108 62 29 27 96 113 49 126 118 76 89 110 41 119 116 102 51 94 104 52 121 15 58 88 28 36 3 93 47 99 12 21 109 65 68 35 61 9 24 50 54 60 85 122 73 
125 4 55 7 38 45 111 95 64 75 83 120 23 78 67 123 30 101 107 43 87 42 32 71 37 5 20 91 14 40 82 98 84 1 105 34 115 31 79 92 90 6 48 56 39 66 97 53 103 18 19 77 69 74 81 63 2 16 106 80 26 108 62 29 27 96 113 49 126 118 76 89 110 41 119 116 102 51 94 104 52 121 15 58 88 28 36 3 93 47 99 12 21 109 65 68 35 61 9 24 50 54 60 85 122 73 
126 4 55 7 38 45 111 95 64 75 83 120 23 78 67 123 30 101 107 43 87 42 32 71 37 5 20 91 40 82 98 84 1 105 34 115 31 79 92 90 6 48 56 39 66 97 53 103 18 19 77 69 74 81 63 2 16 106 80 26 108 62 29 27 96 113 49 126 118 76 89 110 41 119 116 102 51 94 104 52 121 15 58 88 28 36 3 93 47 99 12 21 109 65 68 35 61 9 24 50 54 60 85 122 73 
127 4 55 7 38 45 111 95 64 75 83 120 23 78 67 123 30 101 107 43 87 42 32 71 37 5 20 91 40 82 98 84 1 105 34 115 31 79 92 90 6 48 56 39 66 97 53 103 18 19 77 69 74 81 63 2 16 106 80 26 108 62 29 27 96 113 49 126 118 76 89 110 41 119 116 102 51 94 104 52 121 15 58 88 28 36 3 93 47 99 12 21 109 65 68 35 61 9 24 50 54 60 85 122 73 
128 4 55 7 38 45 111 95 64 75 83 120 23 78 67 123 30 101 107 43 87 42 32 71 37 5 20 91 14 40 82 98 84 1 105 34 115 31 79 92 90 6 48 56 39 66 97 53 103 18 19 77 69 74 81 128 63 2 16 106 80 26 108 62 29 27 96 113 49 126 118 76 89 110 41 119 116 102 51 94 104 52 121 15 58 88 28 36 3 93 47 99 12 21 109 65 68 35 61 9 24 50 54 60 85 122 73 
129 4 55 7 38 45 111 95 64 75 83 120 23 78 67 123 30 101 107 43 87 42 32 71 37 5 20 91 14 40 82 98 84 1 105 34 115 31 79 92 90 6 48 56 39 66 97 53 103 18 19 77 69 128 74 81 63 2 16 106 80 26 108 129 62 29 27 96 113 49 126 118 76 89 110 41 119 116 102 51 94 104 52 121 15 58 88 28 36 3 93 47 99 12 21 109 65 68 35 61 9 24 50 54 60 85 122 73 
130 4 55 7 38 45 111 95 64 75 83 120 23 78 67 123 30 101 107 43 87 42 32 71 37 5 20 91 14 40 82 98 84 1 105 34 115 31 79 92 90 6 48 56 39 66 97 53 103 18 19 77 69 128 74 81 63 2 16 106 80 26 108 129 62 29 27 96 113 49 126 118 76 89 110 41 119 116 102 51 94 104 52 121 15 58 88 28 36 3 93 47 99 12 21 109 65 68 35 61 9 24 50 54 60 85 122 73 
131 4 55 7 38 45 111 95 64 75 83 120 23 78 67 123 30 101 107 43 87 42 32 71 37 5 20 91 14 40 82 98 84 1 105 34 115 31 79 92 90 6 48 56 39 66 97 53 103 18 19 77 69 128 74 81 63 2 16 106 80 26 108 129 62 29 27 96 113 49 126 118 76 89 110 41 119 116 102 51 94 104 52 121 15 58 88 28 36 3 93 131 47 99 12 21 109 65 68 35 61 9 24 50 54 60 85 122 73 
132 4 55 7 38 45 111 95 64 75 83 120 23 78 67 123 30 101 107 43 87 42 32 71 37 5 20 91 14 40 82 98 84 1 105 34 115 31 79 92 90 6 48 56 39 66 97 53 103 18 19 77 69 128 74 81 63 2 16 106 80 26 108 129 62 29 27 96 113 49 126 118 76 89 110 41 119 116 102 51 94 104 52 121 15 58 132 88 28 36 3 93 131 47 99 12 21 109 65 68 35 61 9 24 50 54 60 85 122 73 
133 4 55 7 38 45 111 95 64 75 83 120 23 78 67 123 30 101 107 43 87 42 32 133 71 37 5 20 91 14 40 82 98 84 1 105 34 115 31 79 92 90 6 48 56 39 66 97 53 103 18 19 77 69 128 74 81 63 2 16 106 80 26 108 129 62 29 27 96 113 49 126 118 76 89 110 41 119 116 102 51 94 104 52 121 15 58 132 88 28 36 3 93 131 47 99 12 21 109 65 68 35 61 9 24 50 54 60 85 122 73 
134 4 55 7 38 45 111 95 64 75 83 120 23 78 67 123 30 101 107 43 87 42 133 32 71 37 5 20 91 14 40 82 98 84 1 105 34 115 31 79 92 90 6 48 56 39 66 97 134 53 103 18 77 69 128 74 81 63 2 16 106 80 26 108 129 62 29 27 96 113 49 126 118 76 89 110 41 119 116 102 51 94 104 52 121 15 58 132 88 28 36 3 93 131 47 99 12 21 109 65 68 35 61 9 24 50 54 60 85 122 73 
135 4 55 7 38 45 111 95 64 75 83 120 23 78 67 123 30 101 107 43 87 42 133 32 71 37 5 20 91 14 40 82 98 84 1 105 34 115 31 79 92 90 6 48 56 39 66 134 97 53 103 18 77 69 128 74 81 63 2 16 106 80 26 108 129 62 29 27 96 113 49 126 118 76 89 110 41 119 116 102 51 94 104 52 121 15 58 132 88 28 36 3 93 131 47 99 12 21 109 65 68 35 61 9 24 50 54 60 85 122 73 
136 4 55 7 38 45 111 95 64 75 83 120 23 78 67 123 30 101 107 43 87 42 133 32 71 37 5 20 91 14 40 82 98 84 1 105 34 115 31 79 92 90 6 48 56 39 66 134 97 53 103 18 77 69 128 74 81 63 2 16 106 80 26 108 129 62 29 27 96 113 49 126 118 76 89 110 41 119 116 102 51 94 104 52 121 15 58 132 88 28 36 3 93 131 47 99 12 21 109 65 68 35 61 9 24 50 54 60 85 122 73 
137 4 55 7 38 45 111 95 64 75 83 120 23 78 67 123 30 101 107 43 87 42 32 71 137 37 5 20 91 14 40 82 98 84 1 105 34 115 31 79 92 90 6 48 56 39 66 97 53 103 18 19 77 69 128 74 81 63 2 16 106 80 26 108 129 62 29 27 96 113 49 126 118 76 89 110 41 119 116 102 51 94 104 52 121 15 58 88 28 36 3 93 47 99 12 21 109 65 68 35 61 9 24 50 54 60 85 122 73 
138 4 55 7 38 45 111 95 64 75 83 120 23 78 67 123 30 101 107 138 43 87 42 32 71 137 37 5 20 91 14 40 82 98 84 1 105 34 115 31 79 92 90 6 48 56 39 66 97 53 103 18 19 77 69 128 74 81 63 2 16 106 80 26 108 129 62 29 27 96 113 49 126 118 76 89 110 41 119 116 102 51 94 104 52 121 15 58 88 28 36 3 93 47 99 12 21 109 65 68 35 61 9 24 50 54 60 85 122 73 
139 4 55 7 38 45 111 95 64 75 83 120 23 78 67 123 138 30 101 107 43 87 42 32 71 137 37 5 20 91 14 40 82 98 84 1 105 34 115 31 79 92 90 6 48 56 39 66 97 53 103 18 19 77 69 128 74 81 63 2 16 106 80 26 108 129 62 29 27 96 113 49 126 118 76 89 110 41 119 116 102 51 94 104 52 121 15 58 88 28 36 3 93 47 99 12 21 109 65 68 35 61 9 24 50 54 60 85 122 73 
140 4 55 7 38 45 111 95 64 75 83 120 23 78 67 123 138 30 101 107 43 87 42 32 71 137 37 5 20 91 14 40 82 98 84 1 105 34 115 31 79 92 90 6 48 56 39 66 97 53 103 18 19 77 69 128 74 81 63 2 16 106 80 26 108 129 62 29 27 96 113 49 126 140 118 76 89 110 41 119 116 102 51 94 104 52 121 15 58 88 28 36 3 93 47 99 12 21 109 65 68 35 61 9 24 50 54 60 85 122 73 
141 4 55 7 38 45 111 95 64 75 83 120 23 78 67 123 138 30 101 107 43 87 42 32 71 137 37 5 20 91 14 40 82 98 84 1 105 34 115 31 79 92 90 6 48 56 39 66 97 53 103 18 19 77 69 128 74 81 63 2 141 16 106 80 26 108 129 62 29 27 96 113 140 49 126 118 76 89 110 41 119 116 102 51 94 104 52 121 15 58 88 28 36 3 93 47 99 12 21 109 65 68 35 61 9 24 50 54 60 85 122 73 
142 4 55 7 38 45 111 95 64 75 83 120 23 78 67 123 138 30 101 107 43 87 42 32 71 137 37 5 20 91 14 40 82 98 84 1 105 34 115 31 79 92 90 6 48 56 39 66 97 53 103 18 19 77 69 128 74 81 63 2 141 16 106 80 26 142 108 129 62 29 27 96 113 140 49 126 118 76 89 110 41 119 116 102 51 94 104 52 121 15 58 88 28 36 3 93 47 99 12 21 109 65 68 35 61 9 24 50 54 60 85 122 73 
143 4 55 7 38 45 111 95 64 75 83 120 23 78 67 123 138 30 101 107 43 87 42 32 71 137 37 5 20 91 14 40 82 98 84 1 105 34 115 31 79 92 90 6 48 56 39 66 97 53 103 18 77 69 128 74 81 63 2 141 16 106 80 26 142 108 129 62 29 27 96 113 140 49 126 118 76 89 110 41 119 116 102 51 94 104 52 121 143 15 58 88 28 36 3 93 47 99 12 21 109 65 68 35 61 9 24 50 54 60 85 122 73 
144 4 55 7 38 45 111 95 64 75 83 120 23 78 67 123 138 30 101 107 43 87 42 32 71 137 37 5 20 91 14 40 82 98 84 1 105 34 115 31 79 92 90 6 48 56 39 66 97 53 103 18 77 69 128 74 81 63 2 141 16 106 80 26 142 108 129 62 29 27 96 113 140 49 126 118 76 89 110 41 119 116 102 51 94 104 52 121 143 15 58 88 28 36 3 93 47 99 12 21 109 65 68 35 61 9 24 50 54 60 85 122 73 
145 4 55 7 38 45 111 95 64 75 83 120 23 78 67 123 138 30 101 107 43 87 42 32 71 137 37 5 20 91 14 40 82 98 84 1 105 34 115 31 79 92 90 6 48 56 39 66 97 53 103 18 77 69 128 74 81 63 2 141 16 106 80 26 142 108 129 62 29 27 96 113 140 49 126 118 76 89 110 41 119 116 102 51 94 104 52 121 143 15 58 88 28 36 3 93 47 99 12 21 109 65 68 35 61 9 24 50 54 60 85 122 73 
146 4 55 7 38 45 111 95 64 75 83 120 23 78 67 123 138 30 101 107 43 87 42 32 71 137 37 5 20 91 14 40 82 98 84 1 105 146 34 115 31 79 92 90 6 48 56 39 66 97 53 103 18 19 77 69 128 74 81 63 2 16 106 80 26 108 129 62 29 27 96 113 49 126 118 76 89 110 41 119 116 102 51 94 104 52 121 15 58 88 28 36 3 93 47 99 12 21 109 65 68 35 61 9 24 50 54 60 85 122 73 
147 4 55 7 38 45 111 95 64 75 83 120 23 78 67 123 138 30 101 107 43 87 42 32 71 137 37 5 20 91 14 40 82 98 84 1 146 105 34 115 31 79 92 90 6 48 56 39 66 97 53 103 18 19 77 69 128 74 81 63 2 16 106 80 26 108 129 62 29 27 96 113 49 126 118 76 89 110 41 119 116 102 51 94 104 52 121 15 58 88 28 36 3 93 47 99 12 21 109 65 68 35 61 9 24 50 54 60 85 122 73 
148 4 55 7 38 45 111 95 64 75 83 120 23 78 67 123 138 30 101 107 43 87 42 32 71 137 37 5 20 91 14 40 82 98 84 1 146 105 34 115 31 79 92 90 6 48 56 39 66 97 53 103 18 19 77 69 128 74 81 63 2 16 106 80 26 108 129 62 29 27 96 113 49 126 118 76 89 110 41 119 116 102 51 94 104 52 121 15 58 88 28 36 3 93 47 99 148 12 21 109 65 68 35 61 9 24 50 54 60 85 122 73 
149 4 55 7 38 45 111 95 64 75 83 120 23 78 67 123 138 30 101 107 43 87 42 32 71 137 37 5 20 91 14 40 82 98 84 1 146 105 34 115 31 79 92 90 6 48 56 39 66 97 53 103 18 19 77 69 128 74 81 63 2 16 106 80 26 108 129 62 29 27 96 113 49 126 118 76 89 110 41 119 116 102 51 94 104 52 121 15 58 88 28 36 3 93 149 47 99 148 12 21 109 65 68 35 61 9 24 50 54 60 85 122 73 
150 4 55 7 38 45 111 95 64 75 83 120 23 78 67 123 138 30 101 107 43 87 42 32 71 137 37 5 20 91 14 40 82 98 84 1 146 105 34 115 31 79 92 90 6 150 48 56 39 66 97 53 103 18 19 77 69 128 74 81 63 2 16 106 80 26 108 129 62 29 27 96 113 49 126 118 76 89 110 41 119 116 102 51 94 104 52 121 15 58 88 28 36 3 93 149 47 99 148 12 21 109 65 68 35 61 9 24 50 54 60 85 122 73 
151 4 55 7 38 45 111 95 64 75 83 120 23 78 67 123 138 30 101 107 43 87 42 32 71 137 37 5 20 91 14 40 82 98 84 1 146 105 34 115 31 79 92 90 6 150 48 56 39 66 97 53 103 18 77 69 128 74 81 63 2 16 106 80 26 108 129 62 29 27 96 113 49 126 118 76 89 110 41 119 116 102 51 94 104 52 121 15 58 88 28 36 3 93 149 47 99 148 12 21 109 151 65 68 35 61 9 24 50 54 60 85 122 73 
152 4 55 7 38 45 111 95 64 75 83 120 23 78 67 123 138 30 101 107 43 87 42 32 71 137 37 5 20 91 14 40 82 98 84 1 146 105 34 115 31 79 92 90 6 150 48 56 39 66 97 53 103 18 77 69 128 74 81 63 2 16 106 80 26 108 129 62 29 27 96 113 49 126 118 76 89 110 41 119 116 102 51 94 104 52 121 15 58 88 28 36 3 93 149 47 99 148 12 21 109 151 65 68 35 61 9 24 50 54 60 85 122 73 
153 4 55 7 38 45 111 95 64 75 83 120 23 78 67 123 138 30 101 107 43 87 42 32 71 137 37 5 20 91 14 40 82 98 84 1 146 105 34 115 31 79 92 90 6 150 48 56 39 66 97 53 103 18 77 69 128 74 81 63 2 16 106 80 26 108 129 62 29 27 96 113 49 126 118 76 89 110 41 119 116 102 51 94 104 52 121 15 58 88 28 36 3 93 149 47 99 148 12 21 109 151 65 68 35 61 9 24 50 54 60 85 122 73 
154 4 55 7 38 45 111 95 64 75 83 120 23 78 67 123 138 30 101 107 43 87 42 32 71 137 37 5 20 91 14 40 82 98 84 1 146 105 34 115 31 79 92 90 6 48 56 39 66 97 53 103 18 19 77 69 128 74 81 63 2 16 106 80 26 108 129 62 29 27 96 113 49 126 118 154 76 89 110 41 119 116 102 51 94 104 52 121 15 58 88 28 36 3 93 47 99 12 21 109 65 68 35 61 9 24 50 54 60 85 122 73 
155 4 55 7 38 45 111 95 64 75 83 120 23 78 67 123 138 30 101 107 43 87 42 32 71 137 37 5 20 91 14 40 82 98 84 1 146 105 34 115 31 79 92 90 6 48 56 39 66 97 53 103 18 19 77 69 128 74 81 63 2 16 106 80 26 108 129 62 29 27 96 113 49 126 118 154 76 89 110 41 119 116 102 51 94 104 52 121 15 58 88 28 36 3 93 47 99 12 21 109 65 68 35 61 9 24 50 54 60 85 122 73 
156 4 55 7 38 45 111 95 64 75 83 120 23 78 67 123 138 30 101 107 43 87 42 32 71 137 37 5 20 91 14 40 82 98 84 1 146 105 34 115 31 79 92 90 6 48 56 156 39 66 97 53 103 18 19 77 69 128 74 81 63 2 16 106 80 26 108 129 62 29 27 96 113 49 126 118 154 76 89 110 41 119 116 102 51 94 104 52 121 15 58 88 28 36 3 93 47 99 12 21 109 65 68 35 61 9 24 50 54 60 85 122 73 
157 4 55 7 38 45 111 95 64 75 83 120 23 78 67 123 138 30 101 107 43 87 42 32 71 137 37 5 20 91 14 40 82 98 84 1 146 105 34 115 31 79 92 90 6 48 56 157 156 39 66 97 53 103 18 19 77 69 128 74 81 63 2 16 106 80 26 108 129 62 29 27 96 113 49 126 118 154 76 89 110 41 119 116 102 51 94 104 52 121 15 58 88 28 36 3 93 47 99 12 21 109 65 68 35 61 9 24 50 54 60 85 122 73 
158 4 55 7 38 45 111 95 64 75 83 120 23 78 67 123 138 30 101 107 43 87 42 32 158 71 137 37 5 20 91 14 40 82 98 84 1 146 105 34 115 31 79 92 90 6 48 56 157 156 39 66 97 53 103 18 19 77 69 128 74 81 63 2 16 106 80 26 108 129 62 29 27 96 113 49 126 118 154 76 89 110 41 119 116 102 51 94 104 52 121 15 58 88 28 36 3 93 47 99 12 21 109 65 68 35 61 9 24 50 54 60 85 122 73 
159 4 55 7 38 45 111 95 64 75 83 120 23 78 67 123 138 30 101 107 43 87 42 158 32 71 137 37 5 20 91 14 40 82 98 84 1 146 105 34 115 31 79 92 90 6 48 56 157 159 156 39 66 97 53 103 18 77 69 128 74 81 63 2 16 106 80 26 108 129 62 29 27 96 113 49 126 118 154 76 89 110 41 119 116 102 51 94 104 52 121 15 58 88 28 36 3 93 47 99 12 21 109 65 68 35 61 9 24 50 54 60 85 122 73 
160 4 55 7 38 45 111 95 64 75 83 120 23 78 67 123 138 30 101 107 43 87 42 158 32 71 137 37 5 20 91 14 40 82 98 84 1 146 105 34 115 31 79 92 90 6 48 56 157 159 156 39 66 97 53 103 18 77 69 128 74 81 63 2 16 106 80 26 108 129 62 29 27 96 113 49 126 118 154 76 89 110 41 119 116 102 51 94 104 52 121 15 58 88 28 36 3 93 47 99 12 21 109 65 68 35 61 9 24 50 54 60 85 122 73 
161 4 55 7 38 45 111 95 64 75 83 120 23 78 67 123 138 30 101 107 43 87 42 133 158 32 71 137 37 5 20 91 14 40 82 98 84 1 146 105 34 115 31 79 92 90 6 150 48 56 157 159 156 39 66 134 97 53 103 18 19 77 69 128 74 81 63 2 141 16 106 80 26 142 108 129 62 29 27 96 113 140 49 126 118 154 76 89 110 41 119 116 102 51 94 104 52 121 143 15 58 132 88 28 36 3 93 149 131 47 99 148 12 21 109 151 65 68 35 61 9 24 50 54 60 85 122 73 
