1 1 
2 2 1 
3 2 3 1 
4 2 3 4 1 
5 2 3 4 1 
6 6 2 3 4 1 
7 6 2 3 4 7 1 
8 6 2 3 4 7 1 
9 6 2 9 3 4 7 1 
10 6 2 9 3 4 7 1 
11 6 2 9 11 3 4 7 1 
12 6 2 9 12 11 3 4 7 1 
13 6 2 9 12 11 3 13 4 7 1 
14 6 2 9 12 11 3 13 4 7 1 
15 6 2 9 12 11 3 15 13 4 7 1 
16 6 2 9 12 11 3 15 13 4 7 1 
17 6 2 9 12 17 11 3 15 13 4 7 1 
18 6 2 9 12 17 11 3 15 13 4 7 1 
19 12 7 6 2 9 17 11 3 15 13 4 1 19 
20 12 7 6 2 9 17 11 3 15 13 4 1 19 
21 12 7 21 6 2 9 17 11 3 15 13 4 1 19 
22 12 22 7 21 6 2 9 17 11 3 15 13 4 1 19 
23 12 22 7 21 6 2 9 17 11 3 15 13 4 23 1 19 
24 12 22 7 21 6 2 9 17 11 3 15 13 4 23 1 19 
25 12 22 7 21 6 2 9 17 11 3 15 13 4 25 23 1 19 
26 12 22 7 21 6 2 9 17 11 3 15 13 4 25 23 1 19 
27 12 22 7 27 21 6 2 9 17 11 3 15 13 4 25 23 1 19 
28 12 22 7 27 21 6 2 9 17 11 3 15 13 4 25 23 1 19 
29 12 22 7 27 21 6 2 9 17 11 3 15 13 4 25 23 1 19 
