1 1 
2 1 2 
3 1 2 3 
4 1 4 2 3 
5 1 4 2 3 
6 1 6 4 2 3 
7 1 6 4 2 3 
8 1 6 4 2 3 
9 9 1 4 2 3 
10 9 1 10 4 2 3 
11 9 1 10 4 2 3 
12 9 12 1 10 4 2 3 
13 12 13 1 10 4 2 3 
14 12 14 13 1 10 4 2 3 
15 12 15 14 13 1 4 2 3 
16 9 12 15 14 13 1 10 16 4 2 3 
17 9 12 15 14 13 1 10 16 17 4 2 3 
18 9 12 15 14 13 1 10 16 17 4 2 3 
19 19 15 14 1 10 16 4 9 12 13 17 2 3 
20 19 15 14 1 10 20 4 9 12 13 17 2 3 
21 19 15 14 1 10 20 4 9 12 13 17 21 2 3 
22 19 15 14 1 10 20 4 9 12 13 21 22 2 3 
23 19 15 14 1 10 16 20 4 23 9 12 13 17 21 22 2 3 
24 19 15 14 1 10 16 20 4 23 9 12 24 13 17 21 22 2 3 
25 19 15 14 1 10 16 20 4 23 25 9 12 24 13 17 21 22 2 3 
26 19 15 14 1 10 16 20 4 23 25 9 12 24 13 26 17 21 22 2 3 
27 19 15 14 1 10 16 20 4 23 25 9 12 24 13 27 26 17 21 22 2 3 
28 19 15 14 1 10 16 28 20 4 23 25 9 12 24 13 27 26 17 21 22 2 3 
29 19 15 14 1 10 16 28 20 4 23 25 9 12 24 13 27 26 29 17 21 22 2 3 
30 19 15 14 1 10 16 28 20 4 23 25 9 30 12 24 13 27 26 29 17 21 22 2 3 
31 31 15 14 16 4 9 12 13 26 2 3 19 1 10 28 20 23 25 30 24 27 29 17 21 22 
32 31 15 14 16 4 9 12 13 26 2 3 19 32 1 10 28 20 23 25 30 24 27 29 17 21 22 
33 31 33 15 14 16 4 9 12 13 26 2 3 19 32 1 10 28 20 23 25 30 24 27 29 17 21 22 
34 31 33 15 14 16 4 9 12 13 26 2 3 19 32 1 10 28 20 23 25 30 24 27 29 17 21 22 
35 31 33 15 14 16 4 9 12 13 26 2 3 19 32 1 10 28 20 23 25 30 24 27 29 17 21 22 
