1 1 
2 1 2 
3 3 1 2 
4 3 1 2 
5 3 1 5 2 
6 3 1 5 2 
7 7 3 1 5 2 
8 7 3 1 5 2 
9 7 3 1 5 2 
10 7 3 1 5 2 
11 7 3 1 5 11 2 
12 7 3 1 5 11 2 
13 7 3 1 5 11 2 
14 14 7 3 1 5 11 2 
15 14 7 3 1 5 11 2 
16 14 7 3 1 5 11 2 
17 14 7 3 1 5 11 17 2 
18 14 7 3 1 5 11 17 2 
19 14 7 3 1 5 11 17 2 
20 14 7 20 3 1 5 11 17 2 
21 14 7 20 3 1 5 11 17 2 
22 14 7 20 3 1 5 11 17 2 
23 23 14 7 20 3 1 5 11 17 2 
24 23 14 7 20 3 1 5 11 17 2 
25 23 14 7 20 3 1 25 5 11 17 2 
26 23 14 7 20 3 1 25 5 11 17 2 
27 23 14 7 20 3 27 1 25 5 11 17 2 
28 23 14 7 20 3 27 1 25 5 11 17 2 
29 23 14 7 27 1 25 5 2 20 29 3 11 17 
30 23 14 7 27 1 25 5 2 20 29 3 11 17 
31 23 14 7 27 1 25 31 5 2 20 29 3 11 17 
32 23 14 7 27 1 25 31 5 2 20 29 3 11 17 
33 23 14 33 7 27 1 25 31 5 2 20 29 3 11 17 
34 23 14 33 7 27 1 25 31 5 2 20 29 3 11 17 
35 23 14 33 7 27 1 25 31 5 2 20 29 3 11 17 
36 23 14 33 7 27 1 25 31 36 5 2 20 29 3 11 17 
37 23 14 33 7 27 1 25 31 36 5 2 20 29 3 11 17 
38 23 14 33 7 27 1 25 31 36 5 38 2 20 29 3 11 17 
39 23 14 33 7 27 1 25 31 36 5 38 2 20 29 3 11 17 
40 23 14 33 7 27 1 25 31 36 5 38 2 20 29 40 3 11 17 
41 23 14 33 7 27 1 25 31 36 5 38 2 20 29 40 3 11 17 
42 23 14 33 42 7 27 1 25 31 36 5 38 2 20 29 40 3 11 17 
43 23 14 33 42 7 27 1 25 31 36 5 38 2 20 29 40 3 11 17 
44 23 14 33 42 7 27 1 25 31 36 5 44 38 2 20 29 40 3 11 17 
45 23 14 33 42 7 27 1 25 31 36 5 44 38 2 20 29 40 3 11 17 
46 23 14 33 42 7 27 1 25 31 36 5 44 38 2 20 29 40 3 11 17 
47 23 14 33 42 7 47 27 1 25 31 36 5 44 38 2 20 29 40 3 11 17 
48 23 14 33 42 7 47 27 1 25 31 36 5 44 38 2 20 29 40 3 11 17 
49 23 14 33 42 7 47 27 1 25 31 36 5 44 38 2 20 29 40 3 11 49 17 
50 23 14 33 42 7 47 27 1 25 31 36 5 44 38 2 20 29 40 3 11 49 17 
51 23 14 33 42 7 47 27 1 25 31 36 5 44 38 2 20 29 40 3 51 11 49 17 
52 23 14 33 42 7 47 27 1 25 31 36 5 44 38 2 20 29 40 3 51 11 49 17 
53 23 14 33 42 7 47 27 1 25 31 53 36 5 44 38 2 20 29 40 3 51 11 49 17 
54 23 14 33 42 7 47 27 1 25 31 53 36 5 44 38 2 20 29 40 3 51 11 49 17 
55 14 33 47 27 53 38 2 29 40 51 49 55 23 42 7 1 25 31 36 5 44 20 3 11 17 
56 14 33 47 27 53 38 2 29 40 51 49 55 23 42 7 1 25 31 36 5 44 20 3 11 17 
57 14 33 47 27 53 38 2 57 29 40 51 49 55 23 42 7 1 25 31 36 5 44 20 3 11 17 
58 14 33 47 27 53 38 2 57 29 40 51 49 55 23 42 7 1 25 31 36 5 44 20 3 11 17 
59 14 33 47 27 59 53 38 2 57 29 40 51 49 55 23 42 7 1 25 31 36 5 44 20 3 11 17 
60 14 33 47 27 59 53 38 2 57 29 40 51 49 55 23 42 7 1 25 31 36 5 44 20 3 11 17 
61 14 33 47 27 59 53 38 2 57 29 40 51 49 55 23 42 7 1 25 31 36 5 44 20 3 11 17 
62 14 33 47 27 59 53 38 2 57 29 40 51 49 55 23 42 7 1 25 31 36 5 44 20 3 62 11 17 
63 14 33 47 27 59 53 38 2 57 29 40 51 49 55 23 42 7 1 25 31 36 5 44 20 3 62 11 17 
64 14 33 47 27 59 53 38 2 57 29 40 51 49 55 23 42 7 1 25 31 36 5 44 20 3 62 11 17 
65 14 33 47 27 59 53 38 2 57 29 40 51 49 55 23 42 7 1 25 31 36 5 44 20 3 62 11 17 
66 14 33 47 27 59 53 66 38 2 57 29 40 51 49 55 23 42 7 1 25 31 36 5 44 20 3 62 11 17 
67 14 33 47 27 59 53 66 38 2 57 29 40 51 49 55 23 42 7 1 25 31 36 5 44 20 3 62 11 17 
68 14 33 47 27 59 53 66 38 2 57 29 40 51 49 55 23 42 7 1 25 31 36 5 44 20 3 62 68 11 17 
69 14 33 47 27 59 53 66 38 2 57 29 40 51 49 55 23 42 7 1 25 31 36 5 44 20 3 62 68 11 17 
70 14 33 47 27 59 70 53 66 38 2 57 29 40 51 49 55 23 42 7 1 25 31 36 5 44 20 3 62 68 11 17 
71 14 33 47 27 59 70 53 66 38 2 57 29 40 51 49 55 23 42 7 1 25 31 36 5 44 20 3 62 68 11 17 
72 14 33 47 27 59 70 53 66 38 2 57 29 40 51 49 55 23 42 7 1 25 31 36 5 44 20 3 62 68 72 11 17 
73 14 33 47 27 59 70 53 66 38 2 57 29 40 51 49 55 23 42 7 1 25 31 36 5 44 20 3 62 68 72 11 17 
74 14 33 47 27 59 70 53 66 38 2 57 29 40 51 49 55 23 42 7 1 25 31 36 5 44 20 3 62 68 72 11 17 
75 14 33 47 27 59 70 53 66 38 2 57 29 40 51 49 55 23 42 7 1 25 31 36 5 44 75 20 3 62 68 72 11 17 
76 14 33 47 27 59 70 53 66 38 2 57 29 40 51 49 55 23 42 7 1 25 31 36 5 44 75 20 3 62 68 72 11 17 
77 14 33 47 27 59 70 53 66 38 2 57 29 40 51 49 55 23 42 7 1 25 31 36 5 44 75 20 3 62 68 72 11 17 
78 14 33 47 27 59 70 53 66 38 2 57 78 29 40 51 49 55 23 42 7 1 25 31 36 5 44 20 3 62 68 72 11 17 
79 14 33 47 27 59 70 53 66 38 2 57 78 29 40 51 49 55 23 42 7 1 25 31 36 5 44 75 20 3 62 68 72 11 17 
80 14 33 47 27 59 70 53 66 38 2 57 78 29 40 51 49 55 23 42 7 1 25 31 36 5 44 75 20 3 62 68 72 11 17 
