1 1 
2 2 1 
3 2 3 1 
4 2 4 3 1 
5 2 4 5 3 1 
6 2 4 5 3 1 
7 2 4 5 3 1 
8 8 2 4 5 3 1 
9 8 2 4 5 3 1 
10 8 10 2 4 5 3 1 
11 8 10 2 4 5 3 1 
12 8 10 2 12 4 5 3 1 
13 8 10 2 12 4 5 3 1 13 
14 8 10 2 12 4 14 5 3 1 13 
15 8 15 10 2 12 4 14 5 3 1 13 
16 8 15 10 2 12 4 14 5 3 1 13 
17 8 15 10 2 12 4 14 5 17 3 1 13 
18 8 15 10 2 12 4 5 17 18 3 1 13 
19 8 12 19 17 18 3 15 10 2 4 14 5 1 13 
20 8 12 19 17 18 3 20 15 10 2 4 14 5 1 13 
21 8 12 19 17 18 3 20 15 10 2 4 14 5 1 13 
22 8 12 19 17 22 18 3 20 15 10 2 4 14 5 1 13 
23 8 12 17 22 23 18 3 20 15 10 2 4 14 5 1 13 
24 8 24 12 19 17 22 23 18 3 20 15 10 2 4 14 5 1 13 
25 8 24 12 19 17 22 23 18 3 20 15 10 2 4 14 5 25 1 13 
26 8 24 12 19 17 22 23 18 3 20 15 10 2 4 26 14 5 25 1 13 
27 8 24 12 19 17 22 23 18 3 20 15 10 2 4 26 14 5 25 1 13 27 
28 8 24 28 12 19 17 22 23 18 3 20 15 10 2 4 26 14 5 25 1 13 27 
29 8 24 28 12 19 17 22 23 18 3 20 15 10 2 4 26 14 5 25 1 13 27 
30 8 24 28 30 12 19 17 22 23 18 3 20 15 10 2 26 14 5 25 1 13 27 
31 8 24 28 30 12 31 19 17 22 23 18 3 20 15 10 2 26 14 5 25 1 13 27 
32 8 24 28 30 12 31 19 17 22 23 18 3 20 15 10 2 26 14 5 25 1 13 27 
33 8 24 28 30 12 31 19 17 22 23 18 3 20 15 10 2 33 26 14 5 25 1 13 27 
34 8 24 28 30 12 31 19 17 22 23 18 3 20 15 10 2 33 26 14 5 25 1 13 27 
35 8 24 28 30 12 31 19 17 22 23 18 3 20 15 10 2 33 26 14 5 25 1 13 27 
36 8 24 28 30 12 31 19 17 22 23 18 3 20 15 10 2 33 26 14 5 25 1 13 27 
37 8 24 28 30 12 31 19 17 22 23 18 3 20 15 10 2 33 26 14 5 25 1 13 27 
38 8 24 28 30 31 17 22 18 20 38 2 33 26 14 25 27 12 19 23 3 15 10 5 1 13 
39 8 24 28 30 31 17 22 18 20 38 2 33 26 14 25 27 12 19 23 3 15 10 5 1 13 
40 8 24 28 30 31 17 22 18 20 38 2 33 26 14 25 27 12 19 23 3 15 10 5 1 13 
41 8 24 28 30 31 17 22 18 20 38 2 33 4 26 14 25 27 12 19 23 3 15 10 5 1 13 
