1 1 
2 2 1 
3 2 1 
4 4 2 1 
5 5 4 2 1 
6 5 4 2 1 6 
7 5 11 4 2 10 1 9 6 7 
8 5 11 4 2 10 1 9 6 7 
9 5 11 4 2 10 1 9 6 7 
10 5 11 4 2 10 1 9 6 7 
11 5 11 4 2 10 1 9 6 7 
12 5 11 4 2 10 1 9 6 7 
13 5 11 4 2 10 1 9 6 7 
14 5 11 4 2 10 14 1 9 6 7 
15 5 11 4 2 14 10 1 9 6 7 
16 5 11 4 2 14 10 16 1 9 6 7 
17 5 11 4 2 14 10 16 1 9 6 7 
18 5 11 18 4 2 14 10 16 1 9 6 7 
19 18 11 4 2 14 10 16 1 9 6 7 19 
20 18 11 4 2 14 10 16 1 9 20 7 19 
21 18 2 16 24 1 21 20 25 23 11 4 14 10 9 7 19 
22 18 2 16 24 1 21 20 25 23 11 4 14 10 9 7 19 
23 18 2 16 24 1 21 20 25 23 11 4 14 10 9 7 19 
24 18 2 16 24 1 21 20 25 23 11 4 14 9 7 19 
25 18 2 16 24 1 21 20 25 23 11 4 14 9 7 19 
26 18 2 16 24 1 21 20 25 23 11 4 14 9 7 19 
27 18 2 16 24 1 21 20 25 23 11 4 14 9 7 19 
28 18 28 2 16 24 1 21 20 25 23 11 4 14 10 9 7 19 
29 18 28 2 16 24 1 21 20 25 23 11 4 14 10 9 7 19 
30 18 28 2 16 24 1 21 20 25 23 5 11 4 14 10 9 6 7 19 
31 18 28 2 16 24 1 21 20 25 23 5 11 4 14 10 9 6 7 19 
