1 1 
2 1 2 
3 3 1 2 
4 3 1 2 4 
5 3 5 1 2 4 
6 3 5 1 2 4 6 
7 3 5 1 2 4 6 
8 3 5 1 2 4 8 6 
9 3 5 1 2 4 8 6 
10 3 5 1 2 4 8 6 10 
11 3 5 1 2 11 4 8 6 10 
12 12 3 5 1 2 11 4 8 6 10 
13 13 12 3 5 1 2 11 4 8 6 10 
14 13 12 3 5 1 2 11 4 8 6 10 14 
15 15 13 12 3 5 1 4 8 10 2 11 6 14 
16 15 13 12 3 5 1 4 8 10 16 2 11 6 14 
17 15 13 12 3 5 1 4 8 10 16 2 11 6 14 
18 15 13 12 3 5 1 4 8 10 18 16 2 11 6 14 
19 15 13 12 3 5 19 1 4 8 10 18 16 2 11 6 14 
20 15 13 12 3 5 19 1 4 8 10 18 16 2 11 6 14 
21 15 13 12 3 5 19 1 4 8 10 18 16 2 11 6 14 
22 15 13 12 3 5 19 1 4 8 10 18 16 2 11 6 14 
