1 1 
2 1 2 
3 1 2 
4 1 2 
5 5 1 2 
6 5 6 1 2 
7 5 6 1 2 
8 5 6 1 8 2 
9 5 6 9 1 8 2 
10 5 6 13 9 16 1 10 12 15 17 8 2 
11 5 6 13 9 16 1 10 12 15 17 8 2 
12 5 6 13 9 16 1 10 12 15 17 8 2 
13 5 6 13 9 16 1 10 12 15 17 8 2 
14 5 6 13 9 16 1 10 12 15 17 8 2 
15 5 6 13 9 16 1 10 12 15 17 8 2 
16 5 6 13 9 16 1 10 12 15 17 8 2 
17 5 6 13 9 16 1 10 12 15 17 8 2 
18 5 6 13 9 16 1 10 12 15 17 8 2 
19 5 6 13 9 16 1 10 12 15 17 8 2 
20 5 6 13 9 16 1 10 12 15 17 8 2 
21 5 6 13 9 16 1 10 12 15 17 8 2 
22 22 1 2 
23 8 5 6 13 9 16 22 1 10 12 15 17 2 
24 8 5 6 13 16 22 1 10 12 24 15 17 2 
25 8 5 6 13 16 22 1 10 24 12 17 25 2 
26 26 8 5 6 13 16 22 1 10 24 12 17 25 2 
27 26 8 5 6 13 16 27 22 1 10 24 12 17 25 2 
28 26 8 5 6 13 16 27 28 22 1 10 24 12 17 25 2 
29 26 8 5 6 13 16 27 28 22 1 10 24 12 17 29 25 2 
30 26 30 8 5 6 13 16 27 28 22 1 10 24 12 29 17 25 2 
31 26 30 31 8 5 6 13 16 27 28 22 1 10 24 12 29 17 25 2 
32 26 30 31 8 5 6 13 32 16 27 28 22 1 10 24 12 29 17 25 2 
33 33 26 30 31 8 5 6 32 13 16 27 28 22 1 10 24 12 29 17 25 2 
34 33 26 30 31 8 34 5 6 32 13 16 27 28 22 1 10 24 12 29 17 25 2 
35 35 33 26 30 31 8 34 5 6 32 13 16 27 28 22 1 10 24 12 29 17 25 2 
36 35 33 26 30 31 8 34 5 6 32 13 16 36 27 28 22 1 10 24 12 29 17 25 2 
37 26 30 37 32 36 22 10 12 29 17 35 33 31 8 34 5 6 13 16 27 28 1 24 25 2 
38 26 30 37 32 36 22 10 12 29 17 35 33 38 31 8 34 5 6 13 16 27 28 1 24 25 2 
39 26 30 37 32 36 22 10 12 29 17 35 33 38 31 8 34 5 6 13 39 16 27 28 1 24 25 2 
40 26 30 37 32 36 22 10 12 29 17 35 33 38 31 8 34 5 6 13 39 16 27 28 40 1 24 25 2 
41 26 30 37 41 32 36 22 10 12 29 17 35 33 38 31 8 34 5 6 13 39 16 27 28 40 1 24 25 2 
42 26 30 37 41 32 36 22 10 12 29 17 35 33 38 31 8 34 5 6 13 39 16 27 28 40 1 24 25 2 
43 26 30 37 41 32 36 22 10 12 29 17 35 33 38 31 8 34 43 5 6 13 39 16 27 28 40 1 25 2 
44 48 46 26 30 58 37 41 32 67 47 69 36 52 68 22 10 12 63 29 17 49 35 33 38 61 31 8 34 43 5 6 13 39 16 27 54 28 40 1 70 25 44 2 
45 48 46 26 30 58 37 41 32 67 47 69 36 52 68 22 10 12 63 29 17 49 35 33 38 61 31 8 34 43 5 6 13 39 16 27 54 28 40 1 70 25 44 2 
46 48 46 26 30 58 37 41 32 67 47 69 36 52 68 22 10 12 63 29 17 49 35 33 38 61 31 8 34 43 5 6 13 39 16 27 54 28 40 1 70 25 44 2 
47 48 46 26 30 58 37 41 32 67 69 47 36 52 68 22 10 12 63 29 17 49 35 33 38 61 31 8 34 43 5 6 13 39 16 27 54 28 40 1 70 25 44 2 
48 48 46 26 30 58 37 41 32 67 47 69 36 52 68 22 10 12 63 29 17 49 35 33 38 61 31 8 34 43 5 6 13 39 16 27 54 28 40 1 70 25 44 2 
49 48 46 26 30 58 37 41 32 67 47 69 36 52 68 22 10 12 63 29 17 49 35 33 38 61 31 8 34 43 5 6 13 39 16 27 54 28 40 1 70 25 44 2 
50 48 46 26 30 58 37 41 32 67 47 69 36 52 68 22 10 12 63 29 17 49 35 33 38 61 31 8 34 43 5 6 13 39 16 27 54 28 40 1 70 25 44 2 
51 48 46 26 30 58 37 41 32 67 47 69 36 52 68 22 10 12 63 29 17 49 35 33 38 61 31 8 34 43 5 6 13 39 16 27 54 28 40 1 70 25 44 2 
52 48 46 26 30 58 37 41 32 67 47 69 36 68 52 22 10 12 63 29 17 49 35 33 38 61 31 8 34 43 5 6 13 39 16 27 54 28 40 1 70 25 44 2 
53 48 46 26 30 58 37 41 32 67 47 69 36 52 68 22 10 12 63 29 17 49 35 33 38 61 31 8 34 43 5 6 13 39 16 27 54 28 40 1 70 25 44 2 
54 48 46 26 30 58 37 41 32 67 47 69 36 52 68 22 10 12 63 29 17 49 35 33 38 61 31 8 34 43 5 6 13 39 16 27 54 28 40 1 70 25 44 2 
55 48 46 26 30 58 37 41 32 67 47 69 36 52 68 22 10 12 63 29 17 49 35 33 38 61 31 8 34 43 5 6 13 39 16 27 54 28 40 1 70 25 44 2 
56 48 46 26 30 58 37 41 32 67 47 69 36 52 68 22 10 12 63 29 17 49 35 33 38 56 61 31 8 34 43 5 6 13 39 16 27 54 28 1 25 44 2 
57 48 46 26 30 58 37 41 32 67 47 69 36 52 68 22 10 12 63 29 17 49 35 33 38 56 61 31 8 34 43 5 6 13 39 16 27 54 28 1 25 44 2 
58 48 46 26 30 58 37 41 32 67 47 69 36 52 68 22 10 12 63 29 17 49 35 33 38 61 31 8 34 43 5 6 13 39 16 27 54 28 40 1 70 25 44 2 
59 48 46 26 30 58 37 41 32 67 47 69 36 52 68 22 10 12 63 29 17 49 35 33 38 61 31 8 34 43 5 6 13 39 16 27 54 28 40 1 70 25 44 2 
60 48 46 26 30 58 37 41 32 67 47 69 36 52 68 22 10 12 63 29 17 49 35 33 38 61 31 8 34 43 5 6 13 39 16 27 54 28 40 1 70 25 44 2 
61 48 46 26 30 58 37 41 32 67 47 69 36 52 68 22 10 12 63 29 17 49 35 33 38 61 31 8 34 43 5 6 13 39 16 27 54 28 40 1 70 25 44 2 
62 48 46 26 30 58 37 41 32 67 47 69 36 52 68 22 10 12 63 29 17 49 35 33 38 61 31 8 34 43 5 6 13 39 16 27 54 28 40 1 70 25 44 2 
63 48 46 26 30 58 37 41 32 67 47 69 36 52 68 22 10 12 63 29 17 49 35 33 38 61 31 8 34 43 5 6 13 39 16 27 54 28 40 1 70 25 44 2 
64 48 46 26 30 58 37 41 32 67 47 69 36 52 68 22 10 12 63 29 17 49 35 33 38 61 31 8 34 43 5 6 13 39 16 27 54 28 40 1 70 25 44 2 
65 48 46 26 30 58 37 41 32 67 47 36 52 68 22 10 12 63 29 17 49 35 33 65 38 61 31 8 34 43 5 6 13 16 27 54 28 40 1 70 25 44 2 
66 48 46 26 30 58 37 41 32 67 47 36 52 68 22 10 12 63 29 17 49 35 33 65 38 61 31 8 34 43 5 6 13 16 27 54 28 40 1 70 25 44 2 
67 48 46 26 30 58 41 32 67 47 69 36 52 68 22 10 12 63 29 17 49 35 33 38 61 31 8 34 43 5 6 13 39 16 27 54 28 40 1 70 25 44 2 
68 48 46 26 30 58 41 32 67 47 69 36 52 68 22 10 12 63 29 17 49 35 33 61 31 8 34 43 5 6 13 39 16 27 54 28 40 1 70 25 44 2 
69 48 46 26 30 58 37 41 32 67 47 69 36 52 68 22 10 12 63 29 17 49 35 33 38 56 61 31 8 34 43 5 6 13 16 27 54 28 40 1 70 25 44 2 
70 48 46 26 30 58 37 41 32 67 47 69 36 52 68 22 10 12 63 29 17 49 35 33 38 61 31 8 34 43 5 6 13 16 27 54 28 1 70 25 44 2 
71 48 46 26 30 58 37 41 32 67 47 69 36 52 68 22 10 12 63 29 17 49 35 33 38 61 31 8 34 43 5 6 13 16 27 54 28 1 70 25 44 2 
72 48 46 26 30 72 58 37 41 32 67 47 69 36 52 68 22 10 12 63 29 17 49 35 33 38 61 31 8 34 43 5 6 13 39 16 27 54 28 40 1 70 25 44 2 
73 48 46 26 30 72 58 37 41 32 67 47 69 36 52 68 22 10 12 63 29 17 49 35 33 38 61 31 8 34 43 5 6 13 39 16 27 54 28 40 1 70 25 44 2 
74 48 46 26 30 72 58 37 41 32 67 47 69 36 52 68 22 10 12 63 29 17 49 35 33 38 61 31 8 34 43 5 6 13 39 16 27 54 28 40 1 70 25 44 2 
