1 1 
2 1 2 
3 1 2 
4 1 2 
5 1 5 2 
6 1 5 2 
7 1 5 2 
8 1 5 8 2 
9 9 1 5 8 2 
10 9 1 5 8 10 2 
11 9 1 5 8 10 2 
12 9 1 5 8 10 2 
13 9 1 5 13 8 10 2 
14 9 17 16 1 5 8 20 10 13 15 21 25 28 2 
15 9 17 16 1 5 8 20 10 13 15 21 25 28 2 
16 9 17 16 1 5 8 20 10 13 15 21 25 28 2 
17 9 17 16 1 5 8 20 10 13 15 21 25 28 2 
18 9 17 16 1 5 8 20 10 13 15 21 25 28 2 
19 9 17 16 1 5 8 20 10 13 15 21 25 28 2 
20 9 17 16 1 5 8 20 10 13 15 21 25 28 2 
21 9 17 16 1 5 8 20 10 13 15 21 25 28 2 
22 9 17 16 1 5 8 20 10 13 15 21 25 28 2 
23 9 17 16 1 5 8 20 10 13 15 21 25 28 2 
24 9 17 16 1 5 8 20 10 13 15 21 25 28 2 
25 9 17 16 1 5 8 20 10 13 15 21 28 25 2 
26 9 17 16 1 5 8 20 10 13 15 21 25 28 2 
27 9 17 16 1 5 8 20 10 13 15 21 25 28 2 
28 9 17 16 1 5 8 20 10 15 21 25 28 2 
29 9 17 16 1 5 8 20 10 15 21 25 28 2 
30 9 17 16 1 5 8 20 10 13 15 21 25 28 2 
