1 1 
2 2 
3 3 
4 4 
5 5 
6 6 
7 7 
8 8 
9 9 
10 10 
11 11 
12 12 
13 13 
14 14 
15 15 
16 16 
17 17 
18 18 
19 19 
20 20 
21 21 
23 22 
24 23 
25 24 
26 25 
27 26 
28 27 
29 28 
30 29 
31 30 
32 31 
33 32 
34 33 
35 34 
36 35 
37 36 
38 37 
39 38 
40 39 
41 40 
42 41 
43 42 
44 43 
46 44 
47 45 
48 28 
49 43 
50 46 
52 28 
54 47 
55 35 
56 48 
57 37 
58 49 
59 50 
64 51 
65 52 
66 53 
67 54 
68 55 
69 56 
70 57 
71 58 
72 59 
73 60 
74 61 
75 62 
76 63 
77 64 
78 65 
79 66 
80 67 
81 68 
82 69 
83 70 
85 50 
86 71 
89 72 
90 73 
93 74 
96 75 
97 76 
98 77 
101 78 
104 79 
105 80 
106 81 
109 82 
113 83 
115 84 
117 54 
119 85 
120 86 
121 87 
122 52 
123 88 
124 89 
125 90 
127 91 
128 92 
129 93 
131 94 
132 95 
133 96 
134 97 
135 98 
139 99 
141 54 
143 100 
144 86 
145 101 
146 102 
147 103 
150 104 
153 54 
