1 1 
2 1 2 
3 1 3 2 
4 1 4 3 2 
5 1 4 3 5 2 
6 1 4 3 5 2 6 
7 1 4 3 7 5 2 6 
8 1 4 3 7 8 5 2 6 
9 1 4 3 7 9 8 5 2 6 
10 1 4 10 3 7 9 8 5 2 6 
11 1 4 10 3 7 9 8 5 2 6 11 
12 1 4 10 3 7 9 8 5 12 2 6 11 
13 3 7 9 8 5 2 11 1 4 13 10 12 6 
14 14 3 7 9 8 5 2 11 1 4 13 10 12 6 
15 14 3 7 9 8 5 2 11 1 4 13 10 12 6 
16 14 3 7 9 8 5 2 11 1 4 13 10 12 6 
17 14 3 7 9 8 5 2 11 1 4 13 10 17 12 6 
18 14 3 7 9 8 5 2 11 1 4 18 13 10 17 12 6 
19 14 3 7 9 8 5 2 11 1 4 18 13 10 17 19 12 6 
20 14 3 7 9 8 5 2 11 20 1 4 18 13 10 17 19 12 6 
21 21 14 3 7 9 8 5 2 11 20 1 4 18 13 10 17 19 12 6 
22 21 14 3 7 9 8 5 2 11 20 1 4 18 13 10 17 19 12 6 
23 21 14 3 7 9 23 8 5 2 11 20 1 4 18 13 10 17 19 12 6 
24 21 14 3 7 9 23 8 5 2 11 20 1 4 18 13 10 17 19 12 6 
25 21 14 3 7 9 23 8 5 2 11 20 1 4 18 13 10 17 19 12 6 
26 21 14 3 7 9 23 8 5 26 2 11 20 1 4 13 10 17 19 12 6 
27 21 14 3 7 9 23 8 5 26 2 11 20 1 4 13 10 17 19 27 12 6 
28 21 14 3 7 9 23 8 5 26 2 11 20 1 4 13 10 17 19 27 12 6 
29 21 14 3 7 9 23 8 5 26 2 11 20 1 4 13 10 19 27 12 6 29 
30 21 14 3 7 9 23 8 5 26 2 11 20 1 4 13 10 19 27 12 6 29 
31 21 14 3 7 9 8 31 5 2 11 20 1 4 18 13 10 17 19 12 6 
32 21 14 3 7 9 8 31 5 2 11 20 1 4 18 13 10 17 19 12 6 
33 21 14 3 7 9 8 31 5 2 11 20 1 4 18 13 10 17 19 12 6 33 
34 21 14 3 7 9 8 31 5 2 11 20 1 4 18 13 10 17 19 12 6 33 
35 21 14 3 7 9 8 31 5 2 11 20 35 1 4 18 13 10 19 12 6 33 
36 21 14 3 7 9 8 31 5 2 11 20 35 1 4 18 13 10 19 12 6 33 
37 21 14 3 7 9 8 31 5 2 11 20 1 4 18 13 10 17 19 12 37 6 33 
38 21 14 3 7 9 8 31 5 2 11 20 1 4 18 13 10 17 19 12 37 6 33 
39 21 14 3 7 9 8 31 5 2 11 20 1 4 18 13 10 39 19 12 37 6 33 
40 21 14 3 7 9 8 31 5 2 11 20 1 4 18 13 10 39 19 12 37 6 33 
41 21 14 3 7 9 8 31 5 2 11 20 41 1 4 18 13 10 17 19 12 6 
42 21 14 3 7 9 8 31 5 2 11 20 41 1 4 18 13 10 17 19 12 6 
43 21 14 3 7 9 8 31 5 2 11 20 41 1 4 18 13 10 17 19 12 6 
44 21 14 3 7 9 44 8 31 5 2 11 20 41 1 4 13 10 17 19 12 6 
45 45 21 14 3 7 9 44 8 31 5 2 11 20 41 1 4 13 10 17 19 12 6 
46 45 21 14 3 7 9 44 8 31 5 2 11 20 41 1 4 13 10 17 19 12 6 
47 45 21 14 47 3 7 9 44 8 31 5 2 11 20 41 1 4 13 10 19 12 6 
48 45 21 14 47 3 8 26 2 35 41 4 10 17 39 19 12 29 33 7 9 23 44 31 5 11 20 1 18 13 48 27 37 6 
49 45 21 14 47 3 8 26 2 35 41 4 10 17 39 49 19 12 29 33 7 9 23 44 31 5 11 20 1 18 13 48 27 37 6 
50 45 21 14 47 3 8 26 2 35 41 4 10 17 39 49 19 12 29 50 33 7 9 23 44 31 5 11 20 1 18 13 48 27 37 6 
51 45 21 14 47 3 8 26 2 35 41 4 10 17 39 49 19 12 29 50 33 51 7 9 23 44 31 5 11 20 1 18 13 48 27 37 6 
52 45 21 14 47 3 8 26 2 35 41 4 10 17 39 49 19 12 29 50 33 51 7 9 23 44 31 5 11 20 1 18 13 52 48 27 37 6 
53 45 21 14 47 3 8 26 2 35 41 4 10 17 39 49 19 12 29 50 33 51 7 9 23 44 31 5 11 20 1 18 13 52 48 53 27 37 6 
54 45 21 14 47 3 8 26 2 35 41 4 10 17 39 49 19 12 29 50 33 51 7 9 23 44 31 5 11 20 1 18 13 52 54 48 53 27 37 6 
55 45 21 14 47 3 8 26 2 35 41 4 10 17 39 49 19 12 29 50 33 51 7 9 23 44 31 5 11 20 1 18 13 52 54 48 53 27 37 6 55 
56 45 21 14 47 3 8 26 2 35 41 4 10 17 39 49 19 12 29 50 33 51 7 9 23 44 31 5 11 20 1 18 13 52 54 48 53 27 37 6 55 
57 45 21 14 47 3 8 26 2 35 57 41 4 10 17 39 49 19 12 29 50 33 51 7 9 23 44 31 5 11 20 1 18 13 52 54 48 53 27 37 6 55 
58 45 21 14 47 3 8 26 2 35 57 41 4 10 17 39 49 19 12 29 50 33 58 51 7 9 23 44 31 5 11 20 1 18 13 52 54 48 53 27 37 6 55 
59 45 21 14 47 3 8 26 2 35 57 41 4 10 17 39 49 19 12 29 50 33 58 51 7 9 23 44 31 5 11 20 1 18 13 52 54 48 53 27 37 6 55 
60 45 21 60 14 47 3 8 26 2 35 57 41 4 10 17 39 49 19 12 29 50 33 58 51 7 9 23 44 31 5 11 20 1 18 13 52 54 48 53 27 37 6 55 
61 45 21 60 14 47 3 8 26 2 35 57 41 4 10 17 39 49 19 12 29 50 33 58 51 7 9 23 44 31 5 11 20 1 18 13 52 54 48 53 27 37 6 55 
62 45 21 60 14 47 3 8 26 2 35 57 41 4 10 17 39 49 19 12 29 50 33 58 51 7 9 23 44 31 5 11 20 1 18 62 13 52 54 48 53 27 37 6 55 
63 45 21 60 14 47 3 8 63 26 2 35 41 4 10 17 39 49 19 12 29 50 33 58 51 7 9 23 44 31 5 11 20 1 18 62 13 52 54 48 53 27 37 6 55 
64 45 21 60 14 47 3 8 63 26 2 35 57 41 4 10 17 39 49 19 12 29 50 33 58 51 7 9 23 44 31 5 11 20 1 18 62 13 52 54 48 53 27 37 6 55 
65 45 21 60 14 47 3 8 63 26 2 35 57 41 4 10 17 39 49 19 12 29 50 33 58 51 7 9 23 44 31 5 11 20 1 18 62 13 52 54 48 53 27 37 6 55 
66 45 21 60 14 47 3 8 63 26 2 35 57 41 4 10 17 39 49 19 12 66 29 50 33 58 51 7 9 23 44 31 5 11 20 1 18 62 13 52 54 48 53 27 37 6 55 
67 45 21 60 14 47 3 8 63 26 2 35 57 41 4 10 17 39 49 19 12 66 29 50 33 58 51 7 9 23 44 31 5 11 20 1 18 62 13 52 54 48 53 27 37 6 55 
68 45 21 60 14 47 3 8 68 63 26 2 35 57 41 4 10 17 39 49 19 12 66 29 50 33 58 51 7 9 23 44 31 5 11 20 1 18 62 13 52 54 48 53 27 37 6 55 
69 45 21 60 14 47 3 8 68 63 26 2 35 57 41 4 10 17 39 49 19 12 66 29 50 33 58 51 7 9 23 44 31 5 69 11 20 1 18 62 13 52 54 48 53 27 37 6 55 
70 45 21 60 14 47 3 8 68 63 26 2 35 57 41 4 10 17 39 49 19 12 66 29 50 33 58 51 7 9 23 44 31 5 69 11 20 1 18 62 13 52 54 48 53 27 37 6 55 
71 21 60 14 3 68 63 2 57 10 12 66 50 33 7 23 5 69 11 20 62 13 52 54 48 53 27 37 45 47 8 26 35 41 71 4 17 39 49 19 29 58 51 9 44 31 1 18 6 55 
72 21 60 14 3 68 63 2 57 10 12 66 50 33 7 23 5 69 11 20 62 13 52 54 48 53 27 37 45 47 8 26 35 41 71 4 17 39 49 19 29 58 51 9 44 31 1 18 6 55 72 
73 21 60 14 3 68 63 2 57 10 12 66 50 33 7 23 5 69 11 20 62 13 52 54 48 53 27 37 45 47 8 26 35 41 71 4 17 39 49 19 29 58 51 9 44 31 1 18 6 55 72 
74 21 60 14 3 68 63 2 57 10 12 66 50 33 7 23 5 69 11 20 62 13 52 54 48 53 27 37 45 47 8 26 35 41 71 4 17 39 49 19 29 58 51 9 44 31 1 18 6 55 72 
75 21 60 14 3 68 63 2 57 10 12 66 50 33 7 23 5 69 11 20 62 13 52 54 48 53 27 37 45 47 8 26 35 41 71 4 17 39 49 19 29 58 51 9 44 31 1 18 6 55 72 
76 21 60 14 3 68 63 2 57 10 12 66 50 33 7 23 5 69 11 20 62 13 52 54 48 53 27 37 45 47 8 26 35 41 71 4 17 39 49 19 29 58 51 9 44 31 1 18 6 55 72 
77 21 60 14 3 68 63 2 57 10 12 66 50 33 7 23 5 69 11 20 62 13 52 54 48 53 27 37 45 47 8 26 35 41 71 4 17 39 49 19 29 58 51 9 44 31 1 18 6 55 72 
78 21 60 14 3 68 63 2 57 78 10 12 66 50 33 7 23 5 69 11 20 62 13 52 54 48 53 27 37 45 47 8 26 35 41 4 17 39 49 19 29 58 51 9 44 31 1 18 6 55 72 
79 21 60 14 3 68 63 2 57 78 10 12 66 50 33 7 23 5 69 11 20 62 13 52 54 48 53 27 37 45 47 8 26 35 41 4 17 39 49 19 29 58 51 9 44 31 1 18 6 55 72 
80 21 60 14 3 68 63 2 57 78 10 12 66 50 33 7 23 5 69 11 20 62 13 52 54 48 53 27 37 45 47 8 26 35 41 4 17 39 49 19 29 58 80 51 9 44 31 1 18 6 55 
81 21 60 14 3 68 63 81 2 57 78 10 12 66 50 33 7 23 5 69 11 20 62 13 52 54 48 53 27 37 45 47 8 26 35 41 4 17 39 49 19 29 58 80 51 9 44 31 1 18 6 55 
82 21 60 14 3 68 63 81 2 57 78 10 12 66 50 33 7 23 5 69 11 20 82 62 13 52 54 48 53 27 37 45 47 8 26 35 41 4 17 39 49 19 29 58 80 51 9 44 31 1 18 6 55 
83 21 60 14 3 68 63 81 2 57 78 10 12 66 50 33 83 7 23 5 69 11 20 82 62 13 52 54 48 53 27 37 45 47 8 26 35 41 4 17 39 49 19 29 58 80 51 9 44 31 1 18 6 55 
84 21 60 14 3 68 63 81 2 57 78 10 12 66 50 33 83 7 23 5 69 11 20 82 62 13 52 54 48 53 27 37 45 47 8 26 35 41 4 17 39 49 19 84 29 58 80 51 9 44 31 1 18 6 55 
85 85 21 60 14 3 68 63 81 2 57 78 10 12 66 50 33 83 7 23 5 69 11 20 82 62 13 52 54 48 53 27 37 45 47 8 26 35 41 4 17 39 49 19 84 29 58 80 51 9 44 31 1 18 6 55 
86 85 21 60 14 3 68 63 81 2 57 78 10 12 66 50 33 83 7 23 86 5 69 11 20 82 62 13 52 54 48 53 27 37 45 47 8 26 35 41 4 17 39 49 19 84 29 58 80 51 9 44 31 1 18 6 55 
87 85 21 60 14 3 68 63 81 2 57 78 10 12 66 50 33 83 7 23 86 5 69 11 20 82 62 13 52 54 48 53 27 37 45 47 8 26 35 41 4 17 39 49 19 84 29 58 80 51 9 44 31 1 18 87 6 55 
88 85 21 60 14 3 68 63 81 2 57 78 10 12 66 50 33 83 7 23 86 5 69 11 20 82 62 13 52 54 48 53 27 37 45 47 8 26 35 41 4 17 39 49 19 84 29 58 80 51 9 44 31 1 18 87 6 55 
89 85 21 60 14 3 68 63 81 2 57 78 10 12 66 50 33 83 7 23 86 5 69 11 20 82 62 13 52 54 48 53 89 27 37 45 47 8 26 35 41 4 17 39 49 19 84 29 58 80 51 9 44 31 1 18 87 6 55 
90 85 21 60 14 3 68 63 81 2 57 78 10 12 66 50 33 83 7 23 86 5 69 11 20 82 62 13 52 54 48 53 89 27 37 45 47 8 26 35 41 4 17 39 49 19 84 29 58 80 51 9 44 31 1 18 87 6 55 
91 85 21 60 14 3 68 63 81 2 57 78 10 12 66 50 33 83 7 23 86 5 69 11 20 82 62 13 52 54 48 53 89 27 37 45 47 8 26 35 41 4 17 39 49 19 84 29 58 80 51 9 44 31 1 18 87 6 55 
92 85 21 60 14 3 68 63 81 2 57 78 10 12 66 50 33 83 7 23 86 5 69 11 20 82 62 13 52 54 48 53 27 37 45 47 8 26 35 41 4 17 39 49 19 84 29 58 80 92 51 9 44 31 1 18 87 6 55 
93 85 21 60 14 3 68 63 81 2 57 78 10 12 66 50 33 83 7 23 86 5 69 11 20 82 62 13 52 54 48 53 27 37 45 47 8 26 35 41 4 17 39 49 19 84 29 58 80 92 51 9 44 31 1 18 87 6 55 
94 85 21 60 14 3 68 63 81 2 57 78 10 12 66 50 33 83 7 23 86 5 69 11 20 82 62 13 52 54 48 53 89 94 27 37 45 47 8 26 35 41 4 17 39 49 19 84 29 58 80 92 51 9 44 31 1 18 87 6 55 
95 85 21 60 14 3 68 63 81 2 57 78 10 12 66 50 33 83 7 23 86 5 69 11 20 82 62 13 52 54 48 53 89 94 27 37 45 47 8 26 35 41 4 17 39 49 19 84 29 58 80 92 51 9 44 31 1 18 87 6 55 
96 85 21 60 14 3 68 63 81 2 57 78 10 96 12 66 50 33 83 7 23 86 5 69 11 20 82 62 13 52 54 48 53 89 94 27 37 45 47 8 26 35 41 4 17 39 49 19 84 29 58 80 92 51 9 44 31 1 18 87 6 55 
97 85 21 60 14 3 68 63 81 2 57 78 10 96 12 66 50 33 83 7 23 86 5 69 11 20 82 62 13 52 54 48 53 89 94 27 37 45 47 8 26 35 41 4 17 39 49 19 84 29 58 80 92 51 9 44 31 1 18 87 6 55 
98 85 21 60 14 3 68 63 81 2 57 78 10 96 12 66 50 33 83 7 23 86 5 69 11 20 82 62 13 52 54 48 53 89 94 27 37 45 47 8 26 35 41 4 17 39 49 19 84 29 58 80 92 51 9 44 31 1 18 87 6 55 
99 85 21 60 14 3 68 63 81 2 57 78 10 99 12 66 50 33 83 7 23 86 5 69 11 20 82 62 13 52 54 48 53 89 94 27 37 45 47 8 26 35 41 4 17 39 49 19 84 29 58 80 92 51 9 44 31 1 18 87 6 55 
100 85 21 60 14 3 68 63 81 2 57 78 10 99 12 66 50 33 83 7 23 86 5 69 11 20 82 62 13 52 54 48 53 89 94 27 37 45 47 8 26 35 41 4 17 39 49 19 84 29 58 80 92 51 9 44 31 1 18 87 6 55 
101 85 21 60 14 3 101 68 63 81 2 57 78 10 96 99 12 66 50 33 83 7 23 86 5 69 11 20 82 62 13 52 54 48 53 89 94 27 37 45 47 8 26 35 41 4 17 39 49 19 84 29 58 80 92 51 9 44 31 1 18 87 6 55 
102 85 21 60 14 3 101 68 63 81 2 57 78 10 96 99 12 66 50 33 83 7 23 86 5 69 11 20 82 62 13 52 54 48 53 89 94 27 37 45 47 8 26 35 41 4 17 39 49 19 84 29 58 80 92 51 9 44 31 1 18 87 6 55 102 
103 85 21 60 14 3 101 68 63 81 2 57 78 10 96 99 12 66 50 33 83 7 23 86 5 69 11 20 82 62 13 52 54 48 53 89 94 27 37 45 47 8 26 35 41 4 17 103 39 49 19 84 29 58 80 92 51 9 44 31 1 18 87 6 55 102 
104 85 21 60 14 3 101 68 63 81 2 57 78 10 96 99 12 66 50 33 83 7 23 86 5 69 11 20 82 62 13 52 54 48 53 89 94 27 37 104 45 47 8 26 35 41 4 17 103 39 49 19 84 29 58 80 92 51 9 44 31 1 18 87 6 55 102 
105 85 21 60 14 3 101 68 63 81 2 57 78 10 96 99 12 66 50 33 83 7 23 86 5 69 11 20 82 62 13 52 54 48 53 89 94 27 37 104 45 47 8 26 35 41 4 17 103 39 49 19 84 29 58 80 92 51 9 44 31 1 18 105 87 6 55 102 
106 85 21 60 14 3 101 68 63 81 2 57 78 10 96 99 12 66 50 33 83 7 23 86 5 69 11 20 82 62 13 52 54 48 53 89 94 27 37 104 45 47 8 26 35 41 4 17 103 39 49 19 84 29 58 80 92 51 9 44 31 1 18 105 87 6 55 102 
107 85 21 60 14 3 101 68 63 81 2 57 78 10 96 99 12 66 50 33 83 7 23 86 5 69 11 20 82 62 13 52 54 48 53 89 94 27 37 104 45 47 8 26 35 41 4 17 103 39 49 19 84 29 58 80 92 51 9 44 31 1 18 105 87 6 55 102 
108 85 21 60 14 3 101 68 63 81 2 57 78 10 96 99 12 66 50 33 83 7 23 86 108 5 69 11 20 82 62 13 52 54 48 53 89 94 27 37 104 45 47 8 26 35 41 4 17 103 39 49 19 84 29 58 80 92 51 9 44 31 1 18 105 87 6 55 102 
109 85 21 60 14 3 101 68 63 81 2 57 78 10 96 99 12 66 50 33 83 7 23 86 108 5 69 11 20 82 62 13 52 54 48 53 89 94 27 37 104 45 47 8 26 35 41 4 17 103 39 49 19 84 29 58 80 92 51 9 44 31 1 109 18 105 87 6 55 102 
110 85 21 60 14 3 101 68 63 81 2 57 78 10 96 99 12 66 50 33 83 7 23 86 108 110 5 69 11 20 82 62 13 52 54 48 53 89 94 27 37 104 45 47 8 26 35 41 4 17 103 39 49 19 84 29 58 80 92 51 9 44 31 1 109 18 105 87 6 55 102 
111 85 21 60 14 3 101 68 63 81 2 57 78 10 96 99 12 66 50 33 83 7 23 86 108 110 5 69 11 20 82 62 13 52 54 48 53 89 94 27 37 104 45 47 8 26 35 41 4 17 103 111 39 49 19 84 29 58 80 92 51 9 44 31 1 109 18 105 87 6 55 102 
112 85 21 60 14 3 101 68 63 81 2 57 78 10 96 99 12 66 50 33 83 7 23 86 108 110 5 69 11 20 82 62 13 52 54 48 53 89 94 27 37 104 45 47 8 26 35 41 4 17 103 111 39 49 19 84 112 29 58 80 92 51 9 44 31 1 109 18 105 87 6 55 102 
113 85 21 60 14 3 101 68 63 81 2 57 78 10 96 99 12 66 50 33 83 7 23 86 108 110 5 69 11 20 82 62 13 52 54 48 53 89 94 27 37 104 45 47 8 26 35 41 4 17 103 111 39 49 19 84 112 29 58 80 92 51 9 44 31 1 109 18 105 87 6 55 102 
114 85 21 60 14 3 101 68 63 81 2 57 78 10 96 99 12 66 50 33 83 7 23 86 108 110 5 69 11 20 82 62 13 52 54 48 53 89 94 27 37 104 45 47 8 26 35 41 4 17 103 111 39 49 19 84 112 29 58 80 92 51 9 44 31 1 109 18 105 87 6 55 102 
115 85 21 60 14 3 101 68 63 81 2 57 78 10 96 99 12 66 50 33 83 7 23 86 108 110 5 69 11 20 82 62 13 52 54 48 53 89 94 27 37 104 45 47 8 26 35 41 4 17 103 111 39 49 19 84 112 29 58 80 92 51 9 44 31 1 109 18 105 87 6 55 102 115 
116 85 21 60 14 3 101 68 63 81 116 2 57 78 10 96 99 12 66 50 33 83 7 23 86 108 110 5 69 11 20 82 62 13 52 54 48 53 89 94 27 37 104 45 47 8 26 35 41 4 17 103 111 39 49 19 84 112 29 58 80 92 51 9 44 31 1 109 18 105 87 6 55 102 115 
117 85 21 60 14 3 101 68 63 81 116 2 57 78 10 96 99 12 66 50 33 83 7 23 86 108 110 5 69 11 20 82 62 13 52 54 48 53 89 94 27 37 104 45 47 8 26 35 41 4 17 103 111 39 49 19 84 112 29 58 80 92 51 9 44 31 117 1 109 18 105 87 6 55 102 115 
118 85 21 60 14 3 101 68 63 81 116 2 57 78 10 96 99 12 66 50 33 83 7 23 86 108 110 5 69 11 20 82 62 13 52 54 48 53 89 94 27 37 104 45 47 8 26 35 41 4 17 103 111 39 49 19 84 112 29 58 80 92 51 9 44 31 118 117 1 109 18 105 87 6 55 102 115 
119 85 21 60 14 3 101 68 63 81 116 2 57 78 10 96 99 12 66 50 33 83 7 23 86 108 110 5 69 11 20 82 62 13 52 54 48 53 89 94 27 37 104 45 47 8 119 26 35 41 4 17 103 111 39 49 19 84 112 29 58 80 92 51 9 44 31 118 117 1 109 18 105 87 6 55 102 115 
120 85 21 60 14 3 101 68 63 81 116 2 57 78 10 96 99 12 66 50 33 83 7 23 86 108 110 5 69 11 20 82 62 13 52 54 48 53 89 94 27 37 104 45 47 8 119 26 35 41 4 17 103 111 39 49 19 84 112 29 58 80 92 51 9 44 31 118 117 1 109 18 105 87 6 55 102 115 
121 85 21 60 14 3 101 68 63 81 116 2 57 78 10 96 99 12 66 50 33 83 7 23 86 108 110 5 69 11 20 82 62 13 52 54 48 53 89 94 27 37 104 45 47 8 119 26 35 41 4 17 103 111 39 49 19 84 112 29 58 80 92 51 9 44 31 118 117 1 109 18 105 87 6 55 102 115 
122 85 21 60 14 3 101 68 63 81 116 2 57 78 10 96 99 12 66 50 33 83 7 23 86 108 110 5 69 11 20 82 62 13 52 54 122 48 53 89 94 27 37 104 45 47 8 119 26 35 41 4 17 103 111 39 49 19 84 112 29 58 92 51 9 44 31 118 117 1 109 18 105 87 6 55 102 115 
123 85 21 60 14 3 101 68 63 81 116 2 57 78 10 96 99 12 66 50 33 83 7 23 86 108 110 5 69 11 20 82 62 13 52 54 122 48 53 89 94 27 37 104 45 47 8 119 26 35 41 4 17 103 111 39 49 19 84 112 29 58 92 51 9 44 31 118 117 1 109 18 105 87 6 55 102 115 
124 85 21 60 14 3 101 68 63 81 116 2 57 78 10 96 99 12 66 50 33 83 7 23 86 108 110 5 69 11 20 82 62 13 52 54 122 48 53 89 94 27 37 104 45 47 8 119 26 35 41 4 17 103 111 39 49 19 84 112 29 58 92 51 9 44 31 118 117 1 109 18 105 124 87 6 55 102 115 
125 85 21 60 14 3 101 68 63 81 116 2 57 78 10 96 99 12 66 50 33 83 7 23 86 108 110 5 69 11 20 82 62 13 52 54 122 48 53 89 94 27 37 104 45 47 8 119 26 35 41 4 17 103 111 39 49 19 84 112 29 58 92 51 9 44 31 118 117 1 109 18 105 124 87 6 55 102 115 
126 85 21 60 14 3 101 68 63 81 116 2 57 78 10 96 99 12 66 50 33 83 7 23 86 108 110 5 69 11 20 82 62 13 52 54 122 48 53 89 94 27 37 104 45 47 8 119 26 35 41 4 17 103 111 39 49 19 84 112 29 58 92 51 126 9 44 31 118 117 1 109 18 105 124 87 6 55 102 115 
127 85 21 60 14 3 101 68 63 81 116 2 57 78 10 96 99 12 66 50 33 83 7 23 86 108 110 5 69 11 20 82 62 13 52 54 122 48 53 89 94 27 37 104 45 47 8 119 26 35 41 4 17 103 111 39 49 19 84 112 29 58 92 51 126 9 44 31 118 117 1 109 18 105 124 87 6 55 102 115 
128 85 21 60 14 3 101 68 63 81 116 2 57 78 10 96 99 128 12 66 50 33 83 7 23 86 108 110 5 69 11 20 82 62 13 52 54 122 48 53 89 94 27 37 104 45 47 8 119 26 35 41 4 17 103 111 39 49 19 84 112 29 58 92 51 126 9 44 31 118 117 1 109 18 105 124 87 6 55 102 115 
129 85 21 60 14 3 101 68 63 81 116 2 57 78 10 96 99 128 12 66 50 33 83 7 23 86 108 110 5 69 11 20 82 62 13 52 54 122 48 53 89 94 27 37 104 45 47 8 119 26 35 41 4 17 103 111 39 49 19 84 112 29 58 92 51 126 9 44 31 118 117 1 109 18 105 124 87 6 55 102 115 
130 85 21 60 14 3 101 68 130 63 81 116 2 57 78 10 96 99 12 66 50 33 83 7 23 86 108 110 5 69 11 20 82 62 13 52 54 122 48 53 89 94 27 37 104 45 47 8 119 26 35 41 4 17 103 111 39 49 19 84 112 29 58 92 51 126 9 44 31 118 117 1 109 18 105 124 87 6 55 102 115 
131 85 21 60 14 3 101 68 130 63 81 116 2 57 78 10 96 99 128 12 66 50 33 83 7 23 86 108 110 5 69 11 20 82 62 13 52 54 122 48 53 89 94 27 37 104 45 47 8 119 26 35 41 4 17 103 111 39 49 19 84 112 29 58 92 51 126 9 44 31 118 117 1 109 18 105 124 87 6 55 102 115 
132 85 21 60 14 3 101 68 130 63 81 116 2 57 78 10 96 99 128 12 66 50 33 83 7 23 86 108 110 5 69 11 20 82 62 13 52 54 122 48 53 89 94 27 37 104 45 47 132 8 119 26 35 41 4 17 103 111 39 49 19 84 112 29 58 92 51 126 9 44 31 118 117 1 109 18 105 124 87 6 55 102 115 
133 85 21 60 14 3 101 68 130 63 81 116 2 57 78 10 96 99 128 12 66 50 33 83 7 23 86 108 110 5 69 11 20 82 62 13 52 54 122 48 53 89 94 27 37 104 45 47 132 8 119 26 35 41 4 17 103 111 39 49 19 84 112 29 58 92 51 126 9 44 31 118 117 1 109 18 105 124 87 6 55 102 115 
134 85 21 60 14 3 101 68 130 63 81 116 2 57 78 10 96 99 128 12 66 50 33 83 7 23 86 108 110 5 69 11 20 82 62 13 52 54 122 48 53 89 94 27 37 104 45 47 132 8 119 26 35 41 4 17 103 111 39 49 19 84 112 29 58 92 51 126 9 44 31 118 117 1 109 18 105 124 87 6 55 102 115 
135 85 21 60 14 3 101 68 130 63 81 116 2 57 78 10 96 99 128 12 66 50 33 83 7 23 86 108 110 5 69 11 20 82 62 13 52 54 122 48 53 89 94 27 37 104 45 47 132 8 119 26 35 41 4 17 103 111 39 49 19 84 112 29 58 92 51 126 9 44 31 118 117 1 109 18 105 124 87 6 55 102 115 
