1 1 
2 1 2 
3 1 2 
4 1 2 
5 5 1 2 
6 5 1 2 
7 1 7 2 
8 5 1 7 2 
9 1 2 
10 1 2 
11 1 2 11 
12 1 12 2 11 
13 1 13 12 2 11 
14 1 13 14 12 2 11 
15 1 13 14 15 12 2 11 
16 32 22 30 1 13 17 34 21 2 18 31 14 23 15 12 11 26 
17 32 22 30 1 13 17 34 21 2 18 31 14 23 15 12 11 26 
18 32 22 30 1 13 17 34 21 2 18 31 14 23 15 12 11 26 
19 32 22 30 1 13 17 34 21 2 18 31 14 23 15 12 11 26 
20 32 22 30 1 13 17 34 21 2 18 31 14 23 15 12 11 26 
21 32 22 30 1 13 17 34 21 2 18 31 14 23 15 12 11 26 
22 32 30 22 1 13 17 34 21 2 18 31 14 23 15 12 11 26 
23 32 22 30 1 13 17 34 21 2 18 31 14 23 15 12 11 26 
24 32 22 30 1 13 17 34 21 2 18 31 14 23 15 12 11 26 
25 32 22 30 1 13 17 34 21 2 18 31 14 23 15 12 11 26 
26 22 30 1 13 17 34 21 2 18 31 14 23 15 12 11 26 
27 32 22 30 1 13 17 34 21 2 18 31 14 23 15 12 11 26 
28 32 22 30 1 13 17 34 21 2 18 31 14 23 15 12 11 26 
29 32 22 30 1 13 17 34 21 2 18 31 14 23 15 12 11 26 
30 32 22 30 1 17 34 21 2 18 31 14 23 15 12 11 26 
31 32 22 30 1 17 34 21 2 18 31 23 15 12 11 26 
32 32 22 30 1 17 34 21 2 18 31 23 15 12 11 
33 32 22 30 1 17 34 21 2 18 31 23 15 12 11 
34 32 22 30 1 13 17 34 21 2 18 31 14 23 12 11 26 
35 32 22 30 1 13 17 34 21 2 18 31 14 23 12 11 26 
36 32 22 30 1 13 17 34 21 2 18 31 14 23 15 12 11 26 
37 32 22 30 1 13 37 17 34 21 2 18 31 14 23 15 12 11 26 
38 32 22 30 1 13 37 17 34 21 2 18 31 14 23 15 12 11 26 
39 32 22 30 1 13 17 39 34 21 2 18 31 14 23 15 12 11 26 
40 32 22 30 1 13 37 17 39 34 21 2 18 31 14 23 15 12 11 26 
