1 1 
2 2 1 
3 2 3 1 
4 2 3 1 4 
5 5 2 3 1 4 
6 5 2 3 1 4 
7 5 2 3 1 7 4 
8 5 2 3 1 7 8 4 
9 5 2 3 1 7 8 4 
10 5 2 3 1 7 10 8 4 
11 5 2 3 1 7 10 8 4 
12 5 2 3 1 7 12 10 8 4 
13 13 5 2 3 1 7 12 10 8 4 
14 13 5 2 3 1 7 12 14 10 8 4 
15 13 5 2 3 1 7 12 14 10 8 4 15 
16 13 5 2 3 1 7 12 14 10 8 4 15 
17 13 5 2 3 1 7 12 14 10 8 4 15 
18 13 5 2 3 1 7 12 14 10 8 4 15 
19 5 2 3 1 19 4 
20 5 2 3 1 20 19 4 
21 5 2 3 1 20 19 4 
22 5 22 2 3 1 20 19 4 
23 5 22 23 2 3 1 20 19 4 
24 5 22 23 2 3 1 20 24 19 4 
25 5 22 23 2 3 1 20 24 19 4 
26 5 22 23 2 3 1 20 24 19 4 
27 13 5 2 3 1 7 12 14 10 8 4 15 
