1 1 
2 1 2 
3 3 1 2 
4 3 1 4 2 
5 3 1 4 2 5 
6 3 1 4 6 2 5 
7 3 1 4 6 2 5 7 
8 3 1 4 6 2 5 7 
9 3 1 4 6 9 2 5 7 
10 3 1 4 6 9 2 10 5 7 
11 3 1 4 6 9 2 10 5 7 
12 12 3 1 4 6 9 2 10 5 7 
13 12 3 1 4 6 9 13 2 10 5 7 
14 12 3 1 4 6 9 13 2 10 5 7 
15 12 3 1 4 6 15 9 13 2 10 5 7 
16 12 15 16 5 3 1 4 6 9 13 2 10 7 
17 12 15 16 5 3 1 4 6 9 13 2 10 7 
18 12 15 16 5 3 1 4 6 9 13 2 10 7 
19 12 3 19 1 4 6 9 13 2 10 5 7 
20 12 3 19 1 4 6 9 13 2 10 5 7 
21 12 19 21 5 3 1 4 6 9 13 2 10 7 
22 12 19 22 21 5 3 1 4 6 9 13 2 10 7 
23 12 19 22 21 5 3 1 4 6 9 13 2 10 7 
24 12 19 22 15 16 21 5 24 3 1 4 6 9 13 2 10 7 
25 12 19 22 15 16 21 5 24 3 1 4 6 9 13 2 10 7 
26 12 19 22 15 16 21 5 24 3 26 1 4 6 9 13 2 10 7 
27 12 19 22 15 16 21 5 24 3 26 1 4 6 27 9 13 2 10 7 
28 12 19 22 15 16 21 5 24 3 26 28 1 4 6 27 9 13 2 10 7 
29 12 19 22 15 16 21 5 24 3 26 28 1 4 6 27 9 13 2 10 7 29 
30 12 19 22 15 16 21 5 24 3 26 28 1 4 6 27 9 13 2 10 7 29 
31 12 19 22 15 31 16 21 5 24 3 26 28 1 4 6 27 9 13 2 10 7 29 
32 12 19 22 15 31 16 21 5 24 3 26 28 1 4 6 27 9 13 2 32 10 7 29 
33 12 19 22 15 31 16 21 5 24 3 26 28 1 4 6 27 9 13 2 32 10 7 29 
34 12 19 22 15 31 16 21 5 24 3 26 28 1 4 6 27 9 13 2 32 10 34 7 29 
35 12 31 16 21 5 28 13 29 19 22 15 35 24 3 26 1 4 6 27 9 2 32 10 34 7 
36 12 31 16 21 5 28 13 29 19 22 15 35 24 3 26 1 4 6 27 9 2 32 10 34 7 
37 12 31 16 21 5 28 13 29 19 22 15 35 24 3 26 1 4 6 27 9 2 32 10 34 7 
38 12 19 22 15 16 21 5 24 3 26 28 1 38 4 6 27 9 13 2 10 7 29 
39 12 19 22 15 16 21 5 24 3 26 28 1 38 4 6 27 9 13 2 10 7 29 
40 12 19 22 15 16 21 5 24 3 26 28 1 38 4 6 27 9 13 2 10 7 29 40 
41 12 19 22 15 16 21 41 5 24 3 26 28 1 38 4 6 27 9 13 2 10 7 29 40 
42 12 19 22 15 16 21 41 5 24 3 26 28 1 38 4 6 27 9 13 2 10 7 29 40 
43 12 16 21 5 28 38 13 29 19 22 15 41 24 3 26 1 4 6 27 9 2 10 43 7 40 
44 12 16 21 5 28 38 13 44 29 19 22 15 41 24 3 26 1 4 6 27 9 2 10 43 7 40 
45 12 16 21 5 28 38 13 44 29 19 22 15 41 24 3 26 1 4 6 27 9 2 10 43 7 40 
46 12 31 16 21 5 28 38 13 44 29 19 22 15 35 41 24 3 26 1 4 6 27 9 2 32 10 34 43 7 40 
