1 1 
2 2 1 
3 2 1 3 
4 2 1 3 4 
5 2 5 1 3 4 
6 2 5 1 3 4 
7 2 5 7 1 3 4 
8 2 5 7 1 3 4 
9 9 2 5 7 1 3 4 
10 9 2 5 7 1 3 4 
11 9 2 5 7 11 1 3 4 
12 9 12 2 5 7 11 1 3 4 
13 9 12 2 5 7 11 13 1 3 4 
14 9 12 14 2 5 7 11 13 1 3 4 
15 9 12 14 2 5 7 11 13 1 3 4 
16 9 12 14 2 5 7 11 13 16 1 3 4 
17 9 12 14 2 5 7 17 11 16 1 3 4 
18 9 14 5 7 11 13 1 3 12 2 17 18 16 4 
19 9 14 5 7 11 13 1 3 12 2 19 17 18 16 4 
20 9 14 5 7 11 13 1 3 12 2 19 17 18 16 4 
21 9 14 5 7 11 13 1 3 12 2 19 17 18 16 21 4 
22 9 14 5 7 11 13 1 3 12 2 22 19 17 16 21 4 
23 9 14 23 5 7 11 13 1 3 12 2 22 19 17 18 16 21 4 
24 9 14 23 5 7 11 13 1 3 12 2 22 19 17 18 24 16 21 4 
25 9 14 23 5 7 11 13 25 1 3 12 2 22 19 17 18 24 16 21 4 
26 9 14 23 5 26 7 11 13 25 1 3 12 2 22 19 17 18 24 16 21 4 
27 9 14 23 5 26 7 11 13 25 1 3 12 2 22 19 17 18 24 16 21 4 
28 9 14 23 5 26 7 11 13 28 25 1 3 12 2 22 19 17 18 24 16 21 
29 9 14 23 5 26 7 11 13 28 25 1 3 12 2 22 19 17 18 24 29 16 21 
30 9 14 23 5 26 7 11 13 28 25 1 3 12 2 22 19 17 18 24 29 16 21 
31 9 14 23 31 5 26 7 11 13 28 25 1 3 12 2 22 19 17 18 24 29 16 21 
32 9 14 23 31 5 26 7 11 13 28 25 1 3 12 2 22 19 17 18 24 29 16 21 
33 9 14 23 31 5 26 7 11 13 28 25 1 3 12 2 22 19 17 18 24 29 16 21 
34 9 14 23 31 5 26 7 11 13 28 25 1 3 12 2 22 19 17 18 24 29 16 21 
35 9 14 23 31 5 26 7 11 13 28 25 1 3 12 2 22 19 17 18 24 29 16 21 
36 9 14 23 31 36 5 26 7 11 13 28 25 1 3 12 2 22 19 17 18 24 29 16 21 
37 9 14 23 31 36 5 26 7 11 13 28 25 1 3 12 2 22 19 17 18 24 29 16 21 
38 9 14 23 31 36 5 26 7 11 13 28 25 1 3 12 2 22 19 17 18 24 29 16 21 
39 9 14 36 5 26 11 13 28 3 12 2 17 24 29 4 23 31 7 25 1 22 19 18 16 21 
