1 1 
2 2 1 
3 2 1 
4 2 1 4 
5 2 1 4 
6 6 2 1 4 
7 6 2 1 4 
8 6 8 2 1 4 
9 6 8 2 1 4 
10 6 8 10 2 1 4 
11 6 8 10 2 1 4 
12 6 8 10 2 12 1 4 
13 6 13 8 10 2 12 1 4 
14 6 13 8 10 2 12 1 4 
15 6 13 8 10 2 12 1 4 
16 6 13 8 10 2 12 1 4 16 
17 6 13 8 10 2 12 1 4 17 16 
18 6 13 8 10 2 12 1 4 17 16 
19 6 13 8 10 2 12 1 4 17 16 
20 6 13 8 10 2 12 1 4 17 16 
21 6 21 13 8 10 2 12 1 4 17 16 
22 6 21 13 8 10 2 12 1 4 17 16 
23 6 21 13 8 10 2 12 1 4 17 23 16 
24 21 13 8 2 12 23 6 10 24 1 4 17 16 
25 21 13 8 2 12 23 6 25 10 24 1 4 17 16 
26 21 13 8 2 12 23 6 25 10 24 1 4 17 16 
27 21 13 8 2 12 23 6 25 10 24 1 4 17 16 
28 21 13 8 2 12 23 6 25 10 24 1 4 17 16 
29 21 13 8 2 12 23 6 25 10 24 1 4 17 29 16 
30 21 13 8 30 2 12 23 6 25 10 24 1 4 17 29 16 
31 21 13 8 30 2 12 23 6 25 31 10 24 1 4 17 29 16 
32 21 13 8 30 2 12 23 6 25 31 10 24 1 4 17 29 16 
33 21 13 8 30 2 12 23 6 25 31 10 24 1 4 17 29 16 
34 21 13 8 30 2 12 23 6 25 31 10 24 1 4 17 29 16 
35 21 13 8 30 2 12 23 6 25 31 10 24 1 4 17 29 35 16 
36 21 13 8 30 2 12 23 6 25 31 10 24 1 4 17 36 29 35 16 
37 21 13 8 30 2 12 23 6 37 25 31 10 24 1 4 17 36 29 35 16 
38 21 13 8 30 2 12 23 6 37 25 31 10 24 1 4 17 36 29 35 16 
39 21 13 8 30 2 12 23 6 37 25 31 10 24 1 4 17 36 29 35 16 
40 21 13 8 30 2 12 23 6 37 25 31 10 24 1 4 17 36 29 35 16 
41 21 13 8 30 2 12 23 6 37 25 31 10 24 1 4 17 36 41 29 35 16 
42 21 13 8 30 2 12 42 23 6 37 25 31 10 24 1 4 17 36 41 29 35 16 
43 21 13 8 30 43 2 12 42 23 6 37 25 31 10 24 1 4 17 36 41 29 35 16 
44 21 13 8 30 43 2 12 42 23 6 37 25 31 10 24 1 4 17 36 41 29 35 16 
45 21 13 8 30 43 2 12 42 23 6 37 25 31 10 24 1 4 17 36 41 29 35 16 
46 21 13 8 30 43 2 12 42 23 6 37 46 25 31 10 24 1 4 17 36 41 29 35 16 
47 21 13 8 30 43 2 12 42 23 6 37 46 25 31 10 24 1 4 17 36 41 29 35 16 
48 21 13 8 30 12 6 25 48 29 16 43 2 42 23 37 46 31 10 24 1 4 17 36 41 35 
49 21 13 8 30 12 6 25 48 29 16 43 2 42 23 37 46 31 10 24 1 4 17 36 41 35 
50 21 13 8 30 12 6 25 48 29 16 43 2 42 23 37 46 31 10 24 1 4 17 36 41 35 
51 21 13 8 30 12 6 25 48 29 16 51 43 2 42 23 37 46 31 10 24 1 4 17 36 41 35 
52 21 13 8 30 12 6 25 48 29 52 16 51 43 2 42 23 37 46 31 10 24 1 4 17 36 41 35 
53 21 13 8 30 12 6 25 48 29 52 16 51 43 2 42 23 37 46 31 10 24 1 4 17 36 41 35 53 
54 21 13 8 30 12 54 6 25 48 29 52 16 51 43 2 42 23 37 46 31 10 24 1 4 17 36 41 35 53 
55 21 13 8 30 12 54 6 25 48 29 52 16 51 43 2 42 23 37 46 31 10 24 1 4 17 36 41 35 53 
56 21 13 8 30 12 54 6 25 48 29 52 16 51 43 2 42 23 37 46 31 10 24 1 4 17 36 41 35 53 
57 21 13 8 30 12 54 6 25 48 29 52 16 51 43 2 42 23 37 46 31 10 24 1 4 17 36 41 35 57 53 
58 21 13 8 30 12 54 6 25 48 29 52 16 51 43 2 42 23 37 46 31 10 24 1 4 17 36 41 35 57 53 
59 21 13 8 30 12 54 6 25 48 29 52 16 51 43 2 42 23 37 46 31 10 24 1 4 17 36 41 35 57 53 59 
60 21 13 8 30 12 54 6 25 48 29 52 16 51 43 2 42 23 37 46 31 10 24 1 4 17 36 41 35 57 53 59 
61 21 13 8 30 12 54 6 25 61 48 29 52 16 51 43 2 42 23 37 46 31 10 24 1 4 17 36 41 35 57 53 59 
62 21 13 8 30 12 54 6 25 61 48 29 52 16 51 43 2 42 23 37 46 31 10 24 1 4 17 36 41 35 57 53 59 
63 21 13 8 30 12 54 63 6 25 61 48 29 52 16 51 43 2 42 23 37 46 31 10 24 1 4 17 36 41 35 57 53 59 
64 21 13 8 30 12 54 63 6 25 61 48 29 52 16 51 43 2 42 23 37 46 31 10 24 1 4 17 36 41 35 57 53 59 
65 21 13 8 30 12 54 63 6 25 61 48 29 52 16 51 43 2 42 23 37 46 31 10 24 1 4 17 36 41 35 57 53 59 
66 21 13 8 30 12 54 63 6 25 61 48 29 52 16 51 66 43 2 42 23 37 46 31 10 24 1 4 17 36 41 35 57 53 59 
67 21 13 8 30 12 54 63 6 25 61 48 29 52 16 51 66 43 67 2 42 23 37 46 31 10 24 1 4 17 36 41 35 57 53 59 
68 21 13 8 30 12 54 63 6 25 61 48 68 29 52 16 51 66 43 67 2 42 23 37 46 31 10 24 1 4 17 36 41 35 57 53 59 
69 21 13 8 30 12 54 63 6 25 61 48 68 29 52 16 51 66 43 67 2 42 23 37 46 31 10 24 1 4 17 36 41 35 57 53 59 
70 21 13 8 30 12 54 63 6 25 61 48 68 29 52 16 51 66 43 67 2 42 23 37 46 31 10 24 1 4 17 36 41 35 57 53 59 
71 21 13 8 30 12 54 63 6 25 61 48 68 29 52 16 51 66 43 67 2 71 42 23 37 46 31 10 24 1 4 17 36 41 35 57 53 59 
72 21 13 8 30 12 54 63 6 25 61 48 68 29 52 16 51 66 43 67 2 71 42 23 37 46 31 10 24 72 1 4 17 36 41 35 57 53 59 
73 21 13 8 30 73 12 54 63 6 25 61 48 68 29 52 16 51 66 43 67 2 71 42 23 37 46 31 10 24 72 1 4 17 36 41 35 57 53 59 
74 21 13 8 30 73 12 54 63 6 25 61 48 68 29 52 16 51 66 43 67 2 71 42 23 37 46 31 10 24 72 1 4 17 36 41 35 57 53 59 
75 21 13 8 30 73 12 54 63 6 25 61 48 68 29 52 16 51 66 43 67 2 71 42 23 37 46 31 10 24 72 1 4 17 36 41 35 57 53 59 
76 21 13 8 30 73 12 54 63 76 6 25 61 48 68 29 52 16 51 66 43 67 2 71 42 23 37 46 31 10 24 72 1 4 17 36 41 35 57 53 59 
77 21 13 8 30 73 12 54 63 76 6 25 61 48 68 29 52 16 51 66 43 67 2 71 42 23 37 46 31 77 10 24 72 1 4 17 36 41 35 57 53 59 
78 21 13 8 30 73 12 54 63 76 6 25 61 48 68 29 52 16 51 66 43 67 2 71 42 23 37 46 31 77 10 24 72 1 4 17 36 41 35 57 53 59 
79 21 13 8 30 73 12 54 63 76 6 25 61 48 68 29 52 16 51 66 43 67 2 71 42 23 79 37 46 31 77 10 24 72 1 4 17 36 41 35 57 53 59 
80 21 13 8 30 73 12 54 63 76 6 25 61 48 68 29 52 16 51 66 43 67 2 71 42 23 79 37 46 31 77 10 24 72 1 4 17 36 41 35 57 53 59 
81 21 13 8 30 73 12 54 63 76 6 25 61 48 68 29 52 16 51 66 43 67 2 71 81 42 23 37 46 31 77 10 24 72 1 4 17 36 41 35 57 53 59 
82 21 13 8 30 73 12 54 63 76 6 25 61 48 68 29 52 16 51 66 43 67 2 71 81 42 23 79 37 46 31 77 10 24 72 1 4 17 36 41 35 57 53 59 
83 21 13 8 30 73 12 54 63 76 6 25 61 48 68 29 52 16 51 66 43 67 2 71 81 83 42 23 79 37 46 31 77 10 24 72 1 4 17 36 41 35 57 53 59 
84 21 13 8 30 73 12 54 63 76 6 25 61 48 68 29 52 16 51 66 43 67 2 71 81 83 42 23 79 37 46 31 77 10 24 72 1 4 17 36 41 35 57 53 59 
85 85 21 13 8 30 73 12 54 63 76 6 25 61 48 68 29 52 16 51 66 43 67 2 71 81 83 42 23 79 37 46 31 77 10 24 72 1 4 17 36 41 35 57 53 59 
86 85 21 13 8 30 73 12 54 63 76 6 25 61 48 68 29 52 16 51 66 43 67 2 71 81 83 42 23 79 37 46 31 77 10 24 72 1 4 17 36 41 35 57 53 59 
87 85 21 13 8 30 73 12 54 63 76 6 25 61 48 68 29 52 16 51 66 43 67 2 71 81 83 42 23 79 37 46 31 77 10 24 72 1 4 17 36 41 35 57 53 59 87 
88 85 21 13 8 30 73 12 54 63 76 6 25 61 48 68 29 52 16 51 66 43 67 2 71 81 83 42 23 79 37 46 31 77 10 24 72 1 4 17 36 41 35 57 53 59 87 
89 85 21 13 8 30 73 12 54 63 76 6 25 61 48 68 29 52 16 51 66 43 67 2 71 81 83 42 23 79 37 46 31 77 10 24 72 1 4 17 89 36 41 35 57 53 59 87 
90 85 21 13 8 30 73 12 54 63 76 6 25 61 48 68 29 52 16 51 66 43 67 2 71 81 83 42 23 79 37 46 31 77 10 24 72 1 4 17 89 36 41 35 57 53 59 87 
91 85 21 13 8 30 73 12 54 63 76 6 91 25 61 48 68 29 52 16 51 66 43 67 2 71 81 83 42 23 79 37 46 31 77 10 24 72 1 4 17 89 36 41 35 57 53 59 87 
92 85 21 13 8 30 73 12 54 63 76 6 91 25 61 48 68 29 52 16 51 66 43 67 2 71 81 83 42 23 79 37 46 31 77 10 24 72 1 4 17 89 36 41 35 57 53 59 87 
93 85 21 13 8 30 73 12 54 63 76 6 91 25 61 48 68 29 52 16 51 66 43 67 2 71 81 83 42 23 79 37 46 31 77 10 24 72 1 4 17 89 36 41 35 57 53 59 87 
94 8 30 73 76 6 25 48 29 52 16 67 42 46 77 10 72 89 36 59 87 85 21 13 12 54 63 91 61 68 51 66 43 2 71 81 83 23 79 37 31 24 1 4 17 94 41 35 57 53 
95 8 30 73 76 6 25 48 29 52 16 67 42 46 77 10 72 89 36 59 87 85 21 95 13 12 54 63 91 61 68 51 66 43 2 71 81 83 23 79 37 31 24 1 4 17 94 41 35 57 53 
96 8 30 73 76 6 25 96 48 29 52 16 67 42 46 77 10 72 89 36 59 87 85 21 95 13 12 54 63 91 61 68 51 66 43 2 71 81 83 23 79 37 31 24 1 4 17 94 41 35 57 53 
97 8 30 73 76 6 25 96 48 29 52 16 67 42 46 77 10 72 89 36 59 87 85 21 95 13 12 54 63 91 61 68 51 66 43 2 71 81 83 23 79 37 31 24 1 4 17 94 41 35 57 53 
98 8 30 73 76 6 25 96 48 29 52 16 67 42 46 77 10 72 89 36 59 87 85 21 95 13 12 54 63 91 61 68 51 66 43 2 71 81 83 23 79 37 31 24 1 4 17 94 41 35 57 53 
99 8 30 73 76 6 25 96 48 29 52 16 67 42 46 77 10 72 89 36 59 87 85 99 21 95 13 12 54 63 91 61 68 51 66 43 2 71 81 83 23 79 37 31 24 1 4 17 94 41 35 57 53 
100 8 30 73 76 6 25 96 48 29 52 16 67 42 46 77 10 72 89 36 59 87 85 99 21 95 13 12 54 63 91 61 68 51 66 43 2 71 81 83 23 79 37 31 100 24 1 4 17 94 41 35 57 53 
101 8 30 73 76 6 25 96 48 29 52 16 67 42 46 77 10 101 72 89 36 59 87 85 99 21 95 13 12 54 63 91 61 68 51 66 43 2 71 81 83 23 79 37 31 100 24 1 4 17 94 41 35 57 53 
102 8 30 73 76 6 25 96 48 29 52 16 67 42 46 77 10 101 72 89 36 59 87 85 99 21 95 13 12 54 63 91 61 68 51 66 43 2 71 81 83 23 79 37 31 100 24 1 4 17 94 41 35 57 53 
103 8 30 73 76 6 25 96 48 29 52 16 67 42 46 77 10 101 72 89 36 59 87 85 99 21 95 13 12 54 63 91 61 68 51 66 43 2 71 81 83 23 79 37 31 100 24 1 4 17 94 41 35 57 53 
104 8 30 73 76 6 25 96 48 104 29 52 16 67 42 46 77 10 101 72 89 36 59 87 85 99 21 95 13 12 54 63 91 61 68 51 66 43 2 71 81 83 23 79 37 31 100 24 1 4 17 94 41 35 57 53 
105 8 30 73 76 6 25 96 48 104 29 52 16 67 42 46 77 10 101 72 89 36 59 87 85 99 21 95 13 12 54 63 105 91 61 68 51 66 43 2 71 81 83 23 79 37 31 100 24 1 4 17 94 41 35 57 53 
106 8 30 73 76 6 25 96 48 104 29 52 16 67 42 46 77 10 101 72 89 36 59 87 85 99 21 95 13 12 54 63 105 91 61 68 51 66 43 2 71 81 83 23 79 37 31 100 24 1 4 17 94 41 35 57 53 
107 8 30 73 76 6 25 96 48 104 29 52 16 107 67 42 46 77 10 101 72 89 36 59 87 85 99 21 95 13 12 54 63 105 91 61 68 51 66 43 2 71 81 83 23 79 37 31 100 24 1 4 17 94 41 35 57 53 
108 8 30 73 76 6 25 96 48 104 29 52 16 107 67 42 46 77 10 101 72 89 36 59 87 85 99 21 95 13 12 54 63 105 91 61 68 51 66 43 2 71 81 83 23 79 37 31 100 24 1 4 17 94 41 35 57 53 
109 8 30 73 76 6 25 96 48 104 29 52 16 67 42 46 77 10 101 72 89 36 59 87 85 99 21 95 13 12 54 63 105 91 61 68 51 66 43 2 71 81 83 23 79 37 31 100 109 24 1 4 17 94 41 35 57 53 
110 8 30 73 76 6 25 96 48 104 29 52 16 107 67 42 46 77 10 101 72 89 36 59 87 85 99 21 95 13 12 54 63 105 91 61 68 51 66 43 2 71 81 83 23 79 37 31 100 109 24 1 4 17 94 41 35 57 53 
111 8 30 73 76 6 25 96 48 104 29 52 16 107 67 42 46 77 10 101 111 72 89 36 59 87 85 99 21 95 13 12 54 63 105 91 61 68 51 66 43 2 71 81 83 23 79 37 31 100 109 24 1 4 17 94 41 35 57 53 
112 8 30 73 76 6 25 96 48 104 29 52 16 107 67 42 46 77 10 101 111 72 89 36 59 87 85 99 21 95 13 12 54 63 105 91 61 68 51 66 43 2 71 81 83 23 79 37 31 100 109 24 1 4 17 94 41 35 57 53 
113 8 30 73 76 6 25 96 48 104 29 52 16 107 67 42 46 77 10 101 111 72 89 36 59 87 85 99 21 95 13 12 54 63 105 91 113 61 68 51 66 43 2 71 81 83 23 79 37 31 100 109 24 1 4 17 94 41 35 57 53 
114 8 30 73 76 6 25 96 48 104 29 52 16 107 67 42 46 77 10 101 111 72 89 36 59 87 85 99 21 95 13 12 54 63 105 91 113 61 68 51 66 43 2 71 81 83 23 79 37 31 100 109 24 1 4 17 94 41 35 57 53 
115 8 30 73 76 6 25 96 48 104 29 52 16 107 67 42 46 77 10 101 111 72 89 36 59 87 85 99 21 95 13 12 54 63 105 91 115 113 61 68 51 66 43 2 71 81 83 23 79 37 31 100 109 24 1 4 17 94 41 35 57 53 
116 8 30 73 76 6 25 96 48 104 29 52 16 107 67 42 46 77 10 101 111 72 89 36 59 87 85 99 21 95 13 12 54 63 105 91 115 113 61 68 51 66 43 2 71 81 83 23 79 37 31 100 109 24 1 4 17 94 41 35 57 53 
117 8 30 73 76 6 117 25 96 48 104 29 52 16 107 67 42 46 77 10 101 111 72 89 36 59 87 85 99 21 95 13 12 54 63 105 91 115 113 61 68 51 66 43 2 71 81 83 23 79 37 31 100 109 24 1 4 17 94 41 35 57 53 
118 8 30 73 76 6 117 25 96 48 104 29 52 16 107 67 42 46 77 10 101 111 72 89 36 59 87 85 99 21 95 13 12 54 63 105 91 115 113 61 68 51 66 43 2 71 81 83 23 79 37 31 100 109 24 1 4 17 94 41 35 57 53 
119 8 30 73 76 6 117 25 96 48 104 29 52 16 107 67 42 46 77 10 101 111 72 89 36 59 87 85 99 21 95 13 12 119 54 63 105 91 115 113 61 68 51 66 43 2 71 81 83 23 79 37 31 100 109 24 1 4 17 94 41 35 57 53 
120 8 30 73 76 6 117 25 96 48 104 29 52 16 107 67 42 46 77 10 101 111 72 89 36 59 87 85 99 21 95 13 12 119 54 63 105 91 115 113 61 68 51 66 43 2 71 81 83 23 79 37 31 100 109 24 1 4 17 94 41 35 57 53 
121 8 30 73 76 6 117 25 96 48 104 29 52 16 107 67 42 46 77 10 101 111 72 89 36 59 87 85 99 21 95 13 12 119 54 63 105 91 115 113 61 68 51 66 43 2 71 81 83 23 79 37 31 100 109 24 1 4 17 94 41 35 57 53 
122 8 30 73 76 6 117 25 96 48 104 29 52 16 107 67 42 46 77 10 101 111 72 89 36 59 87 85 99 21 95 13 12 119 54 63 105 91 115 113 61 68 51 66 43 2 71 81 83 23 79 37 122 31 100 109 24 1 4 17 94 41 35 57 53 
123 8 30 123 73 76 6 117 25 96 48 104 29 52 16 107 67 42 46 77 10 101 111 72 89 36 59 87 85 99 21 95 13 12 119 54 63 105 91 115 113 61 68 51 66 43 2 71 81 83 23 79 37 122 31 100 109 24 1 4 17 94 41 35 57 53 
124 8 30 123 73 76 6 117 25 96 48 104 29 52 16 107 67 42 46 77 10 101 111 72 89 36 59 87 85 99 21 95 13 12 119 54 63 105 91 115 113 61 68 51 66 43 2 71 81 83 23 79 37 122 31 100 109 24 1 4 17 94 41 35 57 53 
125 8 30 123 73 76 6 117 25 96 48 104 29 52 16 107 67 42 46 77 10 101 111 72 89 36 59 87 85 99 21 95 13 12 119 54 63 105 91 115 113 61 68 51 66 43 2 71 81 83 23 79 37 122 31 100 109 125 24 1 4 17 94 41 35 57 53 
126 8 30 123 73 76 6 117 25 96 48 104 29 52 16 107 67 42 46 77 10 101 111 72 89 36 59 87 85 99 21 95 13 12 119 54 63 105 126 91 115 113 61 68 51 66 43 2 71 81 83 23 79 37 122 31 100 109 125 24 1 4 17 94 41 35 57 53 
127 8 30 123 73 76 6 117 25 96 48 104 29 52 16 107 67 42 46 77 10 101 111 72 89 36 59 87 85 99 21 95 13 12 119 54 63 105 126 91 115 113 61 68 127 51 66 43 2 71 81 83 23 79 37 122 31 100 109 125 24 1 4 17 94 41 35 57 53 
128 8 30 123 73 76 6 117 25 96 48 104 29 52 16 107 67 42 46 77 10 101 111 72 89 36 59 87 85 99 21 95 13 12 119 54 63 105 126 91 115 113 61 68 127 51 66 43 2 71 81 83 23 79 37 122 31 100 109 125 24 1 4 17 94 41 35 57 53 
129 8 30 123 73 76 6 117 25 96 48 104 29 52 16 107 67 42 46 77 10 101 111 72 89 36 59 87 85 99 21 95 13 12 119 54 63 105 126 91 115 113 61 68 127 51 66 43 2 71 81 83 23 79 37 122 31 100 109 125 24 1 4 17 94 41 35 57 53 
