1 1 
2 1 2 
3 3 1 2 
4 4 3 1 2 
5 4 3 1 2 5 
6 4 3 1 2 5 6 
7 4 3 7 1 2 5 6 
8 4 3 7 1 2 8 5 6 
9 9 4 3 7 1 2 8 5 6 
10 9 4 3 7 1 2 8 5 6 10 
11 9 4 11 3 7 1 2 8 5 6 10 
12 9 4 11 3 7 1 2 8 5 6 10 
13 9 4 11 3 7 1 13 2 8 5 6 10 
14 9 3 1 13 10 4 11 7 2 8 5 14 6 
15 9 3 1 13 10 4 11 7 2 8 5 14 6 
16 9 4 11 3 7 16 1 2 8 5 6 10 
17 9 3 16 1 10 4 11 7 2 8 5 6 17 
18 9 3 16 1 10 4 11 7 2 8 5 6 17 
19 9 3 16 1 19 10 4 11 7 2 8 5 6 17 
20 9 3 16 1 19 20 10 4 11 7 2 8 5 6 17 
21 9 3 16 1 19 20 10 21 4 11 7 2 8 5 6 17 
22 9 22 3 16 1 19 20 10 21 4 11 7 2 8 5 6 17 
23 9 22 3 16 1 19 20 10 21 4 11 7 2 8 5 6 17 
24 9 24 3 16 1 10 4 11 7 2 8 5 6 17 
25 9 24 3 16 1 10 25 4 11 7 2 8 5 6 17 
26 9 24 3 16 1 10 25 4 11 7 2 8 5 6 17 
27 9 24 3 16 1 10 25 4 11 7 2 8 5 27 6 17 
28 9 24 3 16 1 10 25 4 11 7 2 8 5 27 6 17 28 
29 29 9 24 3 16 1 10 25 4 11 7 2 8 5 27 6 17 28 
30 29 9 24 3 16 1 10 25 4 11 7 2 8 5 30 27 6 17 28 
31 29 9 24 31 3 16 1 10 25 4 11 7 2 8 5 30 27 6 17 28 
32 29 9 24 31 3 16 1 10 25 4 11 7 2 8 5 30 27 6 17 28 
33 9 24 3 16 1 33 10 25 4 11 7 2 8 5 6 17 
34 9 24 3 16 1 33 10 25 4 11 7 2 8 5 6 17 
35 9 24 3 16 1 33 10 25 4 11 7 2 8 5 6 17 
