1 1 
2 2 1 
3 2 1 
4 2 1 
5 2 1 5 
6 2 1 5 
7 2 1 5 
8 2 8 1 5 
9 2 9 8 1 5 
10 2 9 8 1 5 10 
11 2 9 8 1 11 5 10 
12 2 9 8 1 11 5 10 
13 2 9 8 1 11 5 10 
14 2 9 8 1 14 11 5 10 
15 2 9 8 1 14 11 15 5 10 
16 2 9 8 1 14 16 11 15 5 10 
17 2 9 8 1 14 16 11 15 5 10 
18 2 9 8 1 14 16 11 15 5 10 
19 2 9 8 1 14 16 11 15 5 19 10 
20 2 20 9 8 1 14 16 11 15 5 19 10 
21 9 5 19 2 20 8 1 14 16 11 15 10 21 
22 9 5 19 2 20 8 1 14 16 11 15 10 21 
23 9 5 19 2 20 8 1 14 16 11 15 10 21 
24 9 5 19 2 20 8 1 14 16 11 15 10 24 21 
25 9 5 19 25 2 20 8 1 14 16 11 15 10 24 21 
26 9 5 19 26 25 2 20 8 1 14 16 11 15 10 24 21 
27 9 5 19 26 25 2 20 8 1 14 16 11 15 10 24 21 
28 9 5 19 26 25 2 20 8 1 14 16 11 15 10 24 21 
29 9 5 19 26 25 2 20 8 1 14 16 11 15 10 24 21 
