1 1 
2 2 1 
3 2 3 1 
4 2 3 1 4 
5 2 5 3 1 4 
6 2 5 6 3 1 4 
7 7 2 5 6 3 1 4 
8 7 2 5 6 3 8 1 4 
9 7 2 9 5 6 3 8 1 4 
10 7 2 9 10 5 6 3 8 1 4 
11 7 2 9 10 5 6 3 11 8 1 4 
12 7 2 9 10 5 6 3 11 8 12 1 4 
13 2 9 11 8 12 1 4 7 13 10 5 6 3 
14 2 9 14 11 8 12 1 4 7 13 10 5 6 3 
15 2 9 14 11 8 12 1 4 7 13 10 5 6 3 15 
16 2 9 14 11 8 12 1 4 16 7 13 10 5 6 3 15 
17 2 9 14 11 8 12 1 4 16 7 13 10 5 6 3 17 15 
18 2 9 14 11 8 12 1 4 16 7 13 10 5 6 3 17 15 18 
19 2 9 14 11 19 8 12 1 4 16 7 13 5 6 3 17 15 18 
20 2 9 14 11 19 8 12 1 4 16 7 13 5 6 3 17 15 18 
