1 1 
2 1 2 
3 1 2 
4 1 2 
5 5 1 2 
6 5 1 2 
7 5 1 2 
8 5 1 2 8 
9 5 1 2 8 
10 5 1 2 8 
11 11 5 1 2 8 
12 11 5 1 12 2 8 
13 11 13 5 1 12 2 8 
14 11 13 5 1 12 2 14 8 
15 11 13 5 1 12 2 14 8 
16 11 13 5 1 12 2 14 8 
17 11 13 5 1 12 2 14 17 8 
18 11 13 5 1 18 12 2 14 17 8 
19 11 13 5 1 18 12 2 14 17 8 
20 11 13 5 1 18 12 2 14 17 8 
21 11 13 21 5 1 18 12 2 14 17 8 
22 11 13 21 5 1 18 12 2 22 14 17 8 
23 11 13 21 5 1 18 12 2 22 14 17 8 
24 11 13 21 5 1 18 12 2 22 14 17 8 
25 11 18 25 2 14 17 13 21 5 1 12 22 8 
26 11 18 25 2 14 26 17 13 21 5 1 12 22 8 
27 11 27 18 25 2 14 26 17 13 21 5 1 12 22 8 
28 11 27 18 25 2 14 26 17 13 21 5 1 12 22 8 
29 11 27 18 25 2 14 26 17 13 21 5 1 12 22 8 
30 11 27 18 25 2 14 26 17 13 21 5 30 1 12 22 8 
31 11 27 18 25 2 14 26 17 13 21 5 30 1 12 22 8 31 
32 11 27 18 25 2 14 26 17 13 21 32 5 30 1 12 22 8 31 
33 11 27 18 25 2 14 26 17 13 21 32 5 30 1 12 22 8 31 
34 11 27 18 25 2 14 26 17 13 21 32 5 30 1 12 22 8 31 
35 11 27 18 25 2 14 26 17 13 21 32 5 30 1 12 22 8 31 35 
36 11 27 18 25 2 36 14 26 17 13 21 32 5 30 1 12 22 8 31 35 
37 11 27 18 25 2 36 14 26 17 13 37 21 32 5 30 1 12 22 8 31 35 
38 11 27 18 25 2 36 14 26 17 13 37 21 32 5 30 1 12 22 8 31 35 
39 11 27 18 25 2 36 14 26 17 13 37 21 32 5 30 1 12 22 8 31 35 
40 11 27 18 40 25 2 36 14 26 17 13 37 21 32 5 30 1 12 22 8 31 35 
41 11 27 18 40 25 2 36 14 26 17 13 37 41 21 32 5 30 1 12 22 8 31 35 
42 11 27 42 18 40 25 2 36 14 26 17 13 37 41 21 32 5 30 1 12 22 8 31 35 
43 11 27 42 18 40 25 2 36 14 26 17 13 37 41 21 32 5 30 1 12 22 8 31 35 
44 11 27 42 18 40 25 2 36 14 26 17 13 37 41 21 32 5 30 1 12 22 8 31 35 
45 11 42 36 13 37 41 21 5 1 35 27 18 40 25 2 14 26 17 32 45 30 12 22 8 31 
46 11 42 36 13 37 41 21 5 1 35 27 18 40 25 2 14 26 46 17 32 45 30 12 22 8 31 
47 11 42 36 13 37 41 21 5 1 35 27 18 40 25 2 14 26 46 47 17 32 45 30 12 22 8 31 
48 11 42 36 13 37 41 21 5 1 35 27 18 40 25 2 14 26 46 47 17 32 45 30 12 22 8 31 
49 11 42 36 13 37 41 21 5 1 35 27 18 40 25 2 14 26 46 47 17 32 45 30 12 22 8 31 
50 11 42 36 13 37 41 21 5 50 1 35 27 18 40 25 2 14 26 46 47 17 32 45 30 12 22 8 31 
51 11 42 51 36 13 37 41 21 5 50 1 35 27 18 40 25 2 14 26 46 47 17 32 45 30 12 22 8 31 
52 11 42 51 36 13 37 41 21 52 5 50 1 35 27 18 40 25 2 14 26 46 47 17 32 45 30 12 22 8 31 
53 11 42 51 36 13 37 41 21 52 5 50 1 35 27 18 40 25 2 14 26 46 47 17 32 45 30 12 22 8 31 
54 11 42 51 36 13 37 41 21 52 5 50 1 35 27 18 40 25 2 14 26 46 47 17 32 45 30 12 22 8 31 
55 11 42 51 36 13 37 41 21 52 55 5 50 1 35 27 18 40 25 2 14 26 46 47 17 32 45 30 12 22 8 31 
56 11 42 51 36 13 37 41 21 52 55 5 50 1 35 27 56 18 40 25 2 14 26 46 47 17 32 45 30 12 22 8 31 
57 11 42 51 36 57 13 37 41 21 52 55 5 50 1 35 27 56 18 40 25 2 14 26 46 47 17 32 45 30 12 22 8 31 
58 11 42 51 36 57 13 37 41 21 52 55 5 50 1 35 27 56 18 40 25 2 14 26 46 47 17 32 45 30 12 22 8 31 
59 11 42 51 36 57 13 37 41 21 52 55 5 50 1 35 27 56 18 40 25 2 14 26 46 47 17 32 45 30 12 22 8 31 
60 11 42 51 60 36 57 13 37 41 21 52 55 5 50 1 35 27 56 18 40 25 2 14 26 46 47 17 32 45 30 12 22 8 31 
61 11 42 51 60 36 57 13 37 41 21 52 55 5 50 1 35 27 56 18 40 25 2 14 26 46 47 17 32 45 30 12 22 61 8 31 
62 11 42 51 60 36 57 13 37 41 21 52 55 5 50 1 35 27 56 18 40 25 2 62 14 26 46 47 17 32 45 30 12 22 61 8 31 
63 11 42 51 60 36 57 13 37 41 21 52 55 5 50 1 35 27 56 18 40 25 2 62 14 26 46 47 17 32 45 30 12 22 61 8 31 
64 11 42 51 60 36 57 13 37 41 21 52 55 5 50 1 35 27 56 18 40 25 2 62 14 26 46 47 17 32 45 30 12 22 61 8 31 
65 11 42 51 60 36 57 13 37 41 21 52 55 5 50 1 35 27 56 18 40 25 2 62 14 26 46 47 17 32 45 30 12 22 61 8 31 65 
66 11 42 51 60 36 57 13 37 41 21 52 55 5 50 1 35 27 56 18 40 25 2 62 14 26 46 47 17 32 45 30 12 22 61 66 8 31 65 
67 11 42 51 60 36 57 13 37 41 21 52 55 5 50 1 35 27 56 18 40 25 2 62 14 26 46 47 17 32 45 67 30 12 22 61 66 8 31 65 
68 11 42 51 60 36 57 13 37 41 21 52 55 5 50 1 35 27 56 18 40 25 2 62 14 26 46 47 17 32 45 67 30 12 22 61 66 8 31 65 
69 11 42 51 60 36 57 13 37 41 21 52 55 5 50 1 35 27 56 18 40 25 2 62 14 26 46 47 17 32 45 67 30 12 22 61 66 8 31 65 
70 11 42 51 60 36 57 13 37 41 21 52 55 5 50 1 35 27 56 18 40 25 2 62 14 26 46 47 17 32 45 67 30 12 22 61 66 8 31 65 
