1 1 
2 1 2 
3 3 1 2 
4 3 1 4 2 
5 3 1 5 4 2 
6 3 1 6 5 4 2 
7 3 1 6 5 4 2 
8 3 1 6 5 4 2 8 
9 3 1 9 6 5 4 2 8 
10 3 1 9 6 5 4 10 2 8 
11 3 1 9 6 5 4 10 2 8 11 
12 3 1 9 6 12 5 4 10 2 8 11 
13 3 1 9 6 12 5 13 4 10 2 8 11 
14 3 1 9 6 5 13 4 12 14 10 2 8 11 
15 3 1 9 6 5 13 4 15 12 14 10 2 8 11 
16 3 1 9 6 5 13 4 15 12 14 10 2 8 11 
17 3 1 9 6 5 13 4 15 17 12 14 10 2 8 11 
18 3 1 9 6 5 13 4 18 15 17 12 14 10 2 8 11 
19 3 1 9 6 5 13 4 18 15 19 17 12 14 10 2 8 11 
20 3 1 9 6 5 13 4 18 20 15 19 17 12 14 10 2 8 11 
21 3 1 9 21 6 5 13 4 18 20 15 19 17 12 14 10 2 8 11 
22 3 1 9 21 6 5 13 4 18 22 20 15 19 17 12 14 10 2 8 11 
23 3 1 9 21 6 5 13 4 18 22 20 15 19 17 12 14 10 2 8 11 
24 3 1 9 21 6 5 13 4 18 22 20 15 19 17 12 14 10 2 8 11 
25 3 1 25 9 21 6 5 13 4 18 22 20 15 19 17 12 14 10 2 8 11 
26 3 1 25 9 21 6 5 13 4 18 22 20 15 19 17 12 14 26 10 2 8 11 
27 3 27 1 25 9 21 6 5 13 4 18 22 20 15 19 17 12 14 26 10 2 8 11 
28 3 27 1 25 9 21 6 5 13 4 18 22 20 15 19 17 12 14 26 10 28 2 8 11 
29 3 27 1 25 9 21 6 5 13 4 18 22 20 15 19 17 12 14 26 10 28 2 8 11 
30 30 3 27 1 21 6 5 22 15 19 14 26 10 2 8 25 9 13 4 18 20 17 12 28 11 
31 30 3 27 1 21 6 5 22 15 19 14 26 10 2 8 25 9 13 4 18 20 17 12 28 11 
32 30 3 27 1 21 6 5 22 15 19 14 26 10 32 2 8 9 13 4 18 20 17 12 28 11 
33 30 3 27 1 21 6 5 22 15 19 14 26 10 32 2 8 25 9 13 4 18 20 17 12 28 11 
34 3 1 9 34 6 5 13 4 15 12 14 10 2 8 11 
35 3 1 9 34 6 5 13 4 15 35 12 14 10 2 8 11 
36 3 1 9 34 6 5 13 4 15 35 36 12 14 10 2 8 11 
37 3 1 9 34 6 5 13 4 15 35 36 12 14 10 2 8 11 
38 3 1 9 34 6 5 13 4 15 35 38 36 12 14 10 2 8 11 
39 3 1 9 34 6 5 13 4 15 35 38 36 39 12 14 10 2 8 11 
40 3 1 40 9 34 6 5 13 4 15 35 38 36 39 12 14 10 2 8 11 
41 3 1 40 9 34 6 5 13 4 15 35 38 36 39 12 14 10 41 2 8 11 
42 3 1 40 9 34 6 5 13 4 15 35 38 36 39 12 14 10 41 42 2 8 11 
43 3 43 1 40 9 34 6 5 13 4 15 35 38 36 39 12 14 10 41 42 2 8 11 
44 3 43 1 40 9 34 6 5 13 4 15 44 35 38 36 39 12 14 10 41 42 2 8 11 
45 3 43 1 40 9 34 6 5 13 4 15 44 35 38 36 39 12 14 10 41 42 2 8 11 
46 3 1 40 6 5 15 44 35 38 14 10 41 2 8 46 43 9 34 13 4 36 39 12 42 11 
47 3 1 40 6 5 15 44 35 38 14 10 41 2 8 46 43 9 34 13 4 36 39 12 42 11 
48 3 1 40 6 5 15 44 35 38 14 10 41 2 8 43 48 9 34 13 4 36 39 12 42 11 
49 3 1 40 6 5 15 44 35 38 14 10 41 49 2 8 43 48 9 34 13 4 36 39 12 42 11 
50 3 1 40 6 5 15 44 35 38 14 10 41 49 2 8 43 48 9 34 13 4 36 39 12 42 11 
51 3 1 40 6 5 15 44 35 38 14 10 41 49 2 8 43 48 9 34 13 4 36 39 12 42 11 51 
52 3 1 40 6 5 15 44 35 38 14 10 41 49 2 8 43 48 9 34 13 4 36 39 12 42 11 51 
53 3 1 40 6 5 15 44 35 38 14 10 41 49 2 8 43 53 48 9 34 13 4 36 39 12 42 11 
54 3 1 40 6 5 15 44 35 38 14 10 41 49 2 8 46 43 53 48 9 34 13 4 36 39 12 42 11 51 
55 3 1 40 6 5 15 44 35 38 14 10 41 49 2 8 46 43 53 48 9 34 13 4 36 39 12 42 11 51 
56 3 1 40 6 5 15 44 35 38 14 10 41 49 2 8 46 43 53 48 9 34 13 4 56 36 39 12 42 11 51 
57 3 1 40 6 5 15 44 35 38 14 10 41 49 2 8 57 46 43 53 48 9 34 13 4 56 36 39 12 42 11 51 
58 58 3 1 40 6 5 15 44 35 38 14 10 41 49 2 8 57 46 43 53 48 9 34 13 4 56 36 39 12 42 11 51 
59 58 3 1 40 59 6 5 15 44 35 38 14 10 41 49 2 8 57 46 43 53 48 9 34 13 4 56 36 39 12 42 11 51 
60 58 3 1 40 59 6 5 15 44 35 38 14 10 41 49 2 8 57 46 43 53 48 9 34 13 4 56 36 39 12 42 11 51 
61 58 3 1 40 59 6 5 15 44 35 38 14 10 41 49 2 8 57 46 43 53 48 9 34 13 4 56 61 36 39 12 42 11 51 
62 58 3 1 40 59 6 5 15 44 35 38 14 10 41 49 2 8 57 46 43 53 48 9 34 13 4 56 61 36 39 12 42 11 51 
63 58 3 1 40 59 6 5 15 44 35 38 14 10 41 49 2 8 57 63 46 43 53 48 9 34 13 4 61 36 39 12 42 11 51 
64 58 3 1 40 59 6 5 15 44 35 38 14 10 41 49 2 8 57 63 46 43 53 48 9 34 13 4 56 61 36 39 12 42 11 51 
65 3 1 9 34 6 5 13 4 15 35 65 36 12 14 10 2 8 11 
66 3 1 66 9 34 6 5 13 4 15 35 65 36 12 14 10 2 8 11 
67 3 1 66 9 34 6 5 13 4 15 35 65 36 12 14 10 67 2 8 11 
68 3 1 66 9 34 6 5 13 4 15 35 65 36 12 14 10 67 2 8 11 
69 3 1 66 9 34 6 5 13 4 15 35 65 36 12 14 10 67 2 8 11 69 
70 3 1 66 9 34 6 5 13 4 15 70 35 65 36 12 14 10 67 2 8 11 69 
71 3 1 66 9 34 6 5 13 4 15 70 35 65 36 12 14 10 67 71 2 8 11 69 
72 3 1 66 9 34 6 5 13 4 15 70 35 65 36 12 14 72 10 67 71 2 8 11 69 
73 3 1 6 5 15 35 65 14 72 10 67 71 2 8 69 66 9 34 13 4 73 70 36 12 11 
74 3 1 6 5 74 15 35 65 14 72 10 67 71 2 8 69 66 9 34 13 4 73 70 36 12 11 
75 3 1 6 5 74 15 35 65 14 72 10 67 71 2 8 69 66 9 34 13 4 73 70 36 12 11 
76 3 1 6 5 74 15 35 65 14 72 10 67 71 2 8 69 76 66 9 34 13 4 73 70 36 12 11 
77 3 1 6 5 74 15 35 65 14 72 10 67 71 2 8 69 76 66 9 34 13 4 73 70 36 12 11 
78 3 1 6 5 74 15 78 35 65 14 72 10 67 71 2 8 69 66 9 34 13 4 73 70 36 12 11 
79 3 1 6 5 74 15 78 35 65 14 72 10 67 71 2 8 69 79 66 9 34 13 4 73 70 36 12 11 
80 3 1 6 5 74 15 78 35 65 14 72 10 67 71 2 8 69 79 66 9 34 13 4 73 70 36 12 11 
81 3 1 6 81 5 74 15 78 35 65 14 72 10 67 71 2 8 69 79 66 9 34 13 4 73 70 36 12 11 
82 3 1 6 81 5 74 15 78 35 65 14 72 10 67 71 2 8 69 79 66 9 34 13 4 73 70 36 12 11 
83 3 1 6 5 83 74 15 78 35 65 14 72 10 67 71 2 8 69 79 66 9 34 13 4 73 70 36 12 11 
84 3 1 6 81 5 83 74 15 78 35 65 14 72 10 67 71 2 8 69 76 79 66 9 34 13 4 73 70 36 12 11 
85 3 1 6 81 5 83 74 15 78 35 65 14 72 10 67 71 2 8 69 76 79 66 9 34 13 4 73 70 36 12 11 
86 3 1 86 6 81 5 83 74 15 78 35 65 14 72 10 67 71 2 8 69 76 79 66 9 34 13 4 73 70 36 12 11 
87 3 1 86 6 81 5 83 74 15 78 35 65 14 72 10 67 71 2 8 69 76 79 87 66 9 34 13 4 73 70 36 12 11 
88 3 1 86 6 81 5 83 74 15 78 35 65 14 72 10 67 71 2 8 69 76 79 87 66 88 9 34 13 4 73 70 36 12 11 
89 3 1 86 6 81 5 83 74 15 78 35 65 14 72 10 67 71 2 8 69 76 79 87 66 88 9 34 13 4 73 70 89 36 12 11 
90 3 1 86 6 81 5 83 74 15 78 35 65 14 72 10 67 71 2 8 69 76 79 87 66 88 9 34 13 4 73 70 89 36 12 11 
91 3 1 86 6 81 5 83 74 15 78 35 65 14 72 10 67 71 2 8 69 76 79 87 66 88 9 34 13 4 91 73 70 89 36 12 11 
92 3 1 86 6 81 5 83 74 15 78 35 65 14 72 10 67 71 2 8 69 76 79 87 66 88 9 34 13 4 91 73 70 89 36 12 11 
93 3 1 6 81 5 83 74 15 78 35 65 14 72 10 67 71 2 8 69 76 79 87 66 88 9 34 13 4 91 73 70 89 93 36 12 11 
94 3 1 86 6 81 5 83 74 15 78 35 65 14 72 10 67 71 2 8 69 76 79 87 66 88 9 34 13 4 91 73 70 89 93 36 12 11 
95 3 1 66 9 34 6 5 13 4 15 35 65 36 12 14 10 67 2 8 11 95 
96 3 1 66 9 34 6 5 13 4 15 35 65 36 12 14 10 67 96 2 8 11 95 
97 97 3 1 66 9 34 6 5 13 4 15 35 65 36 12 14 10 67 96 2 8 11 95 
98 97 3 1 66 9 34 6 5 13 4 15 35 65 36 12 14 10 67 96 2 8 11 95 
99 97 3 1 66 9 34 6 5 13 4 15 35 65 99 36 12 14 10 67 96 2 8 11 95 
100 3 1 6 5 15 35 65 14 10 67 96 2 8 97 66 9 34 13 4 99 36 12 100 11 95 
101 101 3 1 6 5 15 35 65 14 10 67 96 2 8 97 66 9 34 13 4 99 36 12 100 11 95 
102 101 3 1 6 5 102 15 35 65 14 10 67 96 2 8 97 66 9 34 13 4 99 36 12 100 11 95 
103 101 3 1 6 5 102 15 35 65 14 10 67 103 96 2 8 97 66 9 34 13 4 99 36 12 100 11 95 
104 101 3 1 6 5 102 15 35 65 14 10 67 103 96 2 8 97 66 9 34 13 4 99 36 12 100 11 95 
105 101 3 1 6 5 102 15 35 65 14 10 67 103 96 2 8 97 66 9 34 13 4 105 99 36 12 100 11 95 
106 101 3 1 6 5 102 15 35 65 14 10 67 103 96 2 8 97 66 9 34 106 13 4 105 99 36 12 100 11 95 
107 101 3 1 6 5 102 15 35 65 14 10 67 103 96 2 8 97 66 9 34 106 13 4 105 99 36 12 100 11 95 
108 101 3 1 6 5 102 15 35 65 14 10 67 103 96 2 8 97 66 9 34 108 13 4 99 36 12 100 11 95 
109 101 3 1 6 5 109 102 15 35 65 14 10 67 103 96 2 8 97 66 9 34 108 13 4 99 36 12 100 11 95 
110 101 3 1 6 5 109 102 15 35 65 14 10 67 103 96 2 8 97 66 9 34 108 13 4 99 36 12 100 11 95 
111 101 3 1 6 5 109 102 15 35 65 14 10 67 103 96 2 8 97 66 9 34 108 13 4 111 99 36 12 100 11 95 
112 101 3 112 1 6 5 109 102 15 35 65 14 10 67 103 96 2 8 97 66 9 34 108 13 4 111 99 36 12 100 11 95 
113 101 3 112 1 6 5 109 102 15 35 65 14 10 67 103 96 2 8 97 66 9 34 108 13 4 111 99 36 12 100 11 95 
114 101 3 1 6 5 109 102 15 35 65 14 10 67 103 96 2 8 97 66 9 34 108 13 4 114 99 36 12 100 11 95 
115 101 3 1 6 5 109 102 15 35 65 14 10 67 103 96 2 8 97 66 9 34 108 13 4 114 99 36 12 100 115 11 95 
116 101 3 112 1 6 5 109 102 15 35 65 14 10 67 103 96 2 8 97 66 9 34 106 108 13 4 111 105 114 99 36 12 100 115 11 95 
117 101 3 112 1 6 5 109 102 15 35 65 14 10 67 103 96 2 8 97 66 9 34 106 108 13 4 111 105 114 99 36 12 100 115 11 95 
118 101 3 112 1 6 5 109 118 102 15 35 65 14 10 67 103 96 2 8 97 66 9 34 106 108 13 4 111 105 114 99 36 12 100 115 11 95 
119 101 3 112 1 6 5 109 119 118 102 15 35 65 14 10 67 103 96 2 8 97 66 9 34 106 108 13 4 111 105 114 99 36 12 100 115 11 95 
120 101 3 112 1 6 5 109 119 118 102 15 35 65 14 10 67 103 96 2 8 97 66 9 34 106 108 13 4 111 105 114 120 99 36 12 100 115 11 95 
121 101 3 112 1 6 5 109 119 118 102 15 121 35 65 14 10 67 103 96 2 8 97 66 9 34 106 108 13 4 111 105 114 120 99 36 12 100 115 11 95 
122 101 3 112 1 6 5 109 119 118 102 15 121 35 65 14 10 67 103 96 2 8 97 66 9 34 106 108 13 4 111 105 114 120 99 36 12 100 115 11 95 
123 101 3 112 1 6 5 109 119 118 102 15 121 123 35 65 14 10 67 103 96 2 8 97 66 9 34 106 108 13 4 111 105 114 120 99 36 12 100 115 11 95 
124 101 3 112 1 6 5 109 119 118 102 15 121 123 35 65 14 10 67 103 96 2 8 97 66 9 34 106 108 13 4 111 105 114 120 99 36 12 100 115 11 95 
125 101 3 112 1 6 5 109 119 102 15 121 123 35 65 14 10 67 103 96 2 8 97 66 9 34 106 108 13 4 111 105 114 120 99 36 12 100 115 125 11 95 
126 101 3 112 1 6 5 109 119 118 102 15 121 123 35 65 14 10 67 103 96 2 8 97 66 9 34 106 108 13 4 111 105 114 120 99 36 12 100 115 125 11 95 
127 97 3 1 66 9 34 6 5 13 4 15 35 65 127 36 12 14 10 67 96 2 8 11 95 
128 3 1 128 6 5 15 35 65 14 10 67 96 2 8 97 66 9 34 13 4 127 36 12 11 95 
129 3 1 128 6 5 15 35 65 14 10 67 96 2 8 97 66 9 34 13 4 129 127 36 12 11 95 
130 3 1 128 6 5 15 35 65 14 10 67 96 2 8 97 66 9 34 13 4 129 127 36 12 11 95 
131 3 1 128 6 5 15 35 65 14 10 67 96 2 8 97 66 9 34 13 4 129 127 36 131 12 11 95 
132 3 1 128 6 5 15 35 65 14 10 67 96 2 8 97 66 132 9 34 13 4 129 127 36 131 12 11 95 
133 3 1 128 6 5 15 35 65 14 10 67 96 2 8 133 97 66 132 9 34 13 4 129 127 36 131 12 11 95 
134 3 1 128 6 5 15 35 65 14 134 10 67 96 2 8 133 97 66 132 9 34 13 4 129 127 36 131 12 11 95 
135 3 1 128 6 5 15 35 65 14 134 10 67 96 2 8 133 97 66 132 9 34 13 4 129 127 36 131 12 11 95 
136 3 1 128 6 5 15 35 65 14 134 10 67 96 2 8 133 97 136 66 132 9 34 13 4 129 127 36 131 12 11 95 
137 3 1 128 6 5 15 35 65 14 134 10 67 96 2 8 133 97 136 66 132 9 34 13 4 129 127 36 131 12 11 95 
138 3 1 128 6 5 15 35 65 14 134 10 67 96 2 8 133 97 66 132 9 138 34 13 4 129 127 36 131 12 11 95 
139 3 1 128 6 5 15 35 65 14 134 10 67 96 2 8 133 97 66 132 9 138 34 13 4 129 127 139 36 131 12 11 95 
140 3 1 128 6 5 15 35 65 14 134 10 67 96 2 8 133 97 66 132 9 138 34 13 4 129 127 139 36 131 12 11 95 
141 3 1 128 6 5 15 35 65 14 134 10 67 96 2 8 133 97 66 132 141 9 138 34 13 4 129 127 139 36 131 12 11 95 
142 3 1 128 6 5 15 35 65 14 134 10 67 96 2 8 133 97 66 132 141 9 138 34 13 4 129 127 139 36 131 12 11 95 
143 3 1 128 143 6 5 15 35 65 14 134 10 67 96 2 8 133 97 66 132 9 138 34 13 4 129 127 139 36 131 12 11 95 
144 3 1 128 143 6 5 15 35 65 14 134 10 67 96 2 8 133 97 136 66 132 141 9 138 34 13 4 129 127 139 36 131 12 11 95 
145 3 1 128 143 6 5 15 35 65 14 134 10 67 96 2 8 133 97 136 66 132 141 9 138 34 13 4 129 127 139 36 131 12 11 95 
146 3 1 128 143 6 5 146 15 35 65 14 134 10 67 96 2 8 133 97 136 66 132 141 9 138 34 13 4 129 127 139 36 131 12 11 95 
147 3 1 128 147 143 6 5 146 15 35 65 14 134 10 67 96 2 8 133 97 136 66 132 141 9 138 34 13 4 129 127 139 36 131 12 11 95 
148 3 1 128 147 143 6 5 146 15 35 65 14 134 10 67 96 2 8 133 97 136 66 132 141 9 138 34 148 13 4 129 127 139 36 131 12 11 95 
149 3 1 128 147 143 6 5 146 15 35 65 14 134 149 10 67 96 2 8 133 97 136 66 132 141 9 138 34 148 13 4 129 127 139 36 131 12 11 95 
150 3 1 128 147 143 6 5 146 15 35 65 14 134 149 10 67 96 2 8 133 97 136 66 132 141 9 138 34 148 13 4 129 127 139 36 131 12 11 95 
151 3 1 128 147 143 6 5 146 151 15 35 65 14 134 149 10 67 96 2 8 133 97 136 66 132 141 9 138 34 148 13 4 129 127 139 36 131 12 11 95 
152 3 1 128 147 143 6 5 146 151 15 35 65 14 134 149 10 67 96 2 8 133 97 136 66 132 141 9 138 34 148 13 4 129 127 139 36 131 12 11 95 
153 3 1 128 147 143 6 5 151 15 35 65 14 134 149 10 67 96 2 8 133 97 136 66 132 141 9 138 34 148 13 4 129 127 139 36 131 12 153 11 95 
154 3 1 128 147 143 6 5 146 151 15 35 65 14 134 149 10 67 96 2 8 133 97 136 66 132 141 9 138 34 148 13 4 129 127 139 36 131 12 153 11 95 
155 3 1 128 6 5 15 35 65 14 10 67 96 2 8 97 66 9 34 13 4 129 127 36 12 155 11 95 
156 3 1 128 6 5 15 35 65 14 10 67 96 156 2 8 97 66 9 34 13 4 129 127 36 12 155 11 95 
157 3 1 128 6 5 15 35 65 14 10 67 96 156 157 2 8 97 66 9 34 13 4 129 127 36 12 155 11 95 
158 3 1 128 6 5 15 35 65 14 10 67 96 156 157 2 8 97 66 9 34 13 4 129 127 36 12 155 11 95 
159 159 3 1 128 6 5 15 35 65 14 10 67 96 156 157 2 8 97 66 9 34 13 4 129 127 36 12 155 11 95 
160 159 3 1 128 6 5 15 35 65 14 10 67 96 156 157 2 8 97 66 9 34 13 160 4 129 127 36 12 155 11 95 
161 159 3 1 128 6 5 15 35 65 14 10 67 96 156 157 2 8 97 66 161 9 34 13 160 4 129 127 36 12 155 11 95 
162 159 3 1 128 6 5 15 35 65 14 10 67 96 156 157 2 8 97 66 161 9 34 13 160 4 129 127 36 162 155 11 95 
163 159 3 1 128 6 5 15 35 65 14 10 67 96 156 157 2 8 97 66 161 9 34 13 160 4 129 127 36 162 155 11 95 163 
164 159 3 1 128 6 5 15 35 65 14 10 67 96 156 157 2 8 97 66 161 9 34 13 160 4 129 127 36 162 155 11 95 163 
165 159 3 1 128 6 5 15 35 65 14 10 67 96 156 157 2 8 97 66 161 9 34 13 160 4 129 127 36 162 155 11 95 163 
166 159 3 1 128 6 5 15 35 65 14 10 67 96 156 157 2 8 97 66 161 9 34 13 160 4 166 129 127 36 162 155 11 95 163 
167 159 3 1 128 6 5 15 35 65 14 10 67 96 156 157 2 8 97 66 161 9 34 13 160 4 166 129 127 36 162 155 167 11 95 163 
168 159 3 1 128 6 5 15 35 65 14 10 67 96 168 156 157 2 8 97 66 161 9 34 13 160 4 166 129 127 36 162 155 167 11 95 163 
169 159 3 1 128 6 5 15 35 169 65 14 10 67 96 168 156 157 2 8 97 66 161 9 34 13 160 4 166 129 127 36 162 155 167 11 95 163 
170 159 3 1 128 6 5 15 35 169 65 14 10 67 96 168 156 157 2 8 97 66 161 9 34 13 160 4 166 129 127 36 162 155 167 11 95 163 
171 159 3 1 128 6 5 15 35 169 65 14 10 67 96 168 156 157 2 8 97 66 161 9 34 13 160 4 166 129 127 36 162 171 155 167 11 95 163 
172 159 3 1 128 6 5 15 35 169 65 14 10 67 96 168 156 157 2 8 97 66 161 9 172 34 13 160 4 166 129 127 36 162 171 155 167 11 95 163 
173 173 159 3 1 128 6 5 15 35 169 65 14 10 67 96 168 156 157 2 8 97 66 161 9 172 34 13 160 4 166 129 127 36 162 171 155 167 11 95 163 
174 173 159 3 1 128 6 5 15 35 169 65 14 10 67 96 168 156 157 2 8 97 66 161 9 172 34 13 160 4 166 129 127 36 174 162 171 155 167 11 95 163 
175 173 159 3 1 128 6 5 15 35 169 65 14 175 10 67 96 168 156 157 2 8 97 66 161 9 172 34 13 160 4 166 129 127 36 174 162 171 155 167 11 95 163 
176 173 159 3 1 128 6 5 15 35 169 65 14 175 10 67 96 168 156 157 2 8 176 97 66 161 9 172 34 13 160 4 166 129 127 36 174 162 171 155 167 11 95 163 
177 173 159 3 1 128 6 5 15 35 169 65 14 175 10 67 96 168 156 157 2 8 176 97 66 161 9 172 34 13 160 4 166 129 127 36 174 162 171 155 167 11 95 163 
178 173 159 3 1 128 6 5 15 35 169 65 14 175 10 67 178 96 168 156 157 2 8 176 97 66 161 9 172 34 13 160 4 166 129 127 36 174 162 171 155 167 11 95 163 
179 173 159 182 3 1 128 6 181 5 15 35 169 65 14 175 10 67 178 96 168 156 157 180 2 8 176 97 66 161 9 172 34 13 160 4 166 129 127 36 174 162 171 155 167 11 95 163 
180 173 159 182 3 1 128 6 181 5 15 35 169 65 14 175 10 67 178 96 168 156 157 180 2 8 176 97 66 161 9 172 34 13 160 4 166 129 127 36 174 162 171 155 167 11 95 163 
181 173 159 182 3 1 128 6 181 5 15 35 169 65 14 175 10 67 178 96 168 156 157 180 2 8 176 97 66 161 9 172 34 13 160 4 166 129 127 36 174 162 155 167 11 95 163 
182 173 159 182 3 1 128 6 181 5 15 35 169 65 14 175 10 67 96 168 156 157 180 2 8 176 97 66 161 9 172 34 13 160 4 166 129 127 36 174 162 155 167 11 95 163 
183 173 159 182 3 1 128 6 181 5 15 35 169 65 14 175 10 67 96 168 156 157 180 2 8 176 97 66 161 9 172 34 13 160 4 166 129 127 36 174 162 155 167 11 95 163 
184 173 159 182 3 1 128 6 181 5 15 35 169 65 14 175 10 67 178 96 168 156 157 180 2 8 176 97 66 161 9 172 34 184 13 160 4 166 129 127 36 174 162 171 155 167 11 95 163 
185 173 1 128 6 181 15 169 10 67 168 156 157 97 66 9 184 160 36 174 171 167 11 95 159 182 3 5 35 65 14 175 178 96 180 2 8 176 185 161 172 34 13 4 166 129 127 162 155 163 
186 173 1 128 6 181 15 169 10 67 168 156 157 97 66 9 184 160 36 174 171 167 11 95 159 182 3 5 35 65 14 175 178 96 180 2 8 176 185 161 172 34 13 4 166 129 127 162 155 163 
187 173 1 128 6 181 15 169 10 67 168 156 157 97 66 9 187 184 160 36 174 171 167 11 95 159 182 3 5 35 65 14 175 178 96 180 2 8 176 185 161 172 34 13 4 166 129 127 162 155 163 
188 188 1 128 6 181 15 169 10 67 168 156 157 97 66 9 187 184 160 36 174 171 167 11 95 159 182 3 5 35 65 14 175 178 96 180 2 8 176 185 161 172 34 13 4 166 129 127 162 155 163 
189 173 188 1 128 6 181 15 169 10 67 168 156 157 97 66 9 187 184 160 36 174 171 167 11 95 159 182 3 5 35 65 14 175 178 96 180 2 8 176 185 161 172 34 13 4 166 129 127 162 155 163 
190 3 1 128 190 6 5 15 35 65 14 10 67 96 156 157 2 8 97 66 9 34 13 4 129 127 36 12 155 11 95 
191 3 1 128 190 6 5 15 191 35 65 14 10 67 96 156 157 2 8 97 66 9 34 13 4 129 127 36 12 155 11 95 
192 3 1 128 190 6 5 15 191 192 35 65 14 10 67 96 156 157 2 8 97 66 9 34 13 4 129 127 36 12 155 11 95 
193 3 1 128 190 6 5 15 191 192 35 65 14 10 67 96 156 157 2 8 97 66 9 34 13 4 129 127 36 12 155 11 95 
194 3 1 128 190 6 5 15 191 192 35 65 14 10 67 96 156 157 2 8 97 66 9 34 13 4 129 127 194 36 12 155 11 95 
195 3 1 128 190 6 5 15 191 192 35 65 14 10 67 96 156 157 2 8 97 66 9 34 13 4 129 127 194 195 36 12 155 11 95 
196 3 1 128 190 6 5 15 191 192 35 65 14 10 67 96 156 157 2 8 97 66 9 34 13 4 129 127 194 195 36 12 155 11 95 
197 3 1 128 190 6 5 15 191 192 35 65 14 10 67 96 156 157 197 2 8 97 66 9 34 13 4 129 127 194 195 36 12 155 11 95 
198 3 1 128 190 6 5 15 198 191 192 35 65 14 10 67 96 156 157 197 2 8 97 66 9 34 13 4 129 127 194 195 36 12 155 11 95 
199 3 1 128 190 6 5 15 198 191 192 35 65 14 10 67 96 156 157 197 2 8 97 66 9 34 13 4 129 127 194 195 36 12 155 11 95 
200 3 1 128 190 6 5 15 200 191 192 35 65 14 10 67 96 156 157 2 8 97 66 9 34 13 4 129 127 194 195 36 12 155 11 95 
201 3 1 128 201 190 6 5 15 200 191 192 35 65 14 10 67 96 156 157 2 8 97 66 9 34 13 4 129 127 194 195 36 12 155 11 95 
202 3 1 128 201 190 6 5 15 200 191 192 35 65 14 10 67 96 156 157 2 8 97 66 9 34 13 4 129 127 194 195 36 12 155 11 95 
203 3 1 128 201 190 6 5 15 200 191 192 35 65 14 10 67 96 156 157 203 2 8 97 66 9 34 13 4 129 127 194 195 36 12 155 11 95 
204 3 1 128 201 190 6 5 204 15 200 191 192 35 65 14 10 67 96 156 157 203 2 8 97 66 9 34 13 4 129 127 194 195 36 12 155 11 95 
205 3 1 128 201 190 6 5 204 15 200 191 192 35 65 14 10 67 96 156 157 203 2 8 97 66 9 34 13 4 129 127 194 195 36 12 155 11 95 
206 3 1 128 201 190 6 5 15 200 191 192 35 65 14 10 67 96 156 157 2 8 97 66 9 34 13 4 129 127 206 194 195 36 12 155 11 95 
207 3 1 128 201 190 6 5 15 200 191 192 35 65 14 10 67 96 156 157 2 8 97 66 9 34 13 4 129 207 127 206 194 195 36 12 155 11 95 
208 3 1 128 201 190 6 5 204 15 198 200 191 192 35 65 14 10 67 96 156 157 197 203 2 8 97 66 9 34 13 4 129 207 127 206 194 195 36 12 155 11 95 
209 3 1 128 201 190 6 5 204 15 198 200 191 192 35 65 14 10 67 96 156 157 197 203 2 8 97 66 9 34 13 4 129 207 127 206 194 195 36 12 155 11 95 
210 3 1 128 201 190 6 5 204 15 198 200 191 192 35 65 14 10 67 96 156 157 197 203 2 8 97 66 9 34 13 4 129 207 210 127 206 194 195 36 12 155 11 95 
211 3 1 128 201 190 6 5 204 15 198 200 191 192 35 65 14 211 10 67 96 156 157 197 203 2 8 97 66 9 34 13 4 129 207 210 127 206 194 195 36 12 155 11 95 
212 3 1 128 201 190 6 212 5 204 15 198 200 191 192 35 65 14 211 10 67 96 156 157 197 203 2 8 97 66 9 34 13 4 129 207 210 127 206 194 195 36 12 155 11 95 
213 3 1 128 201 190 6 212 5 204 15 198 200 213 191 192 35 65 14 211 10 67 96 156 157 197 203 2 8 97 66 9 34 13 4 129 207 210 127 206 194 195 36 12 155 11 95 
214 3 1 128 201 190 6 212 5 204 15 198 200 213 191 192 35 65 14 211 10 67 96 156 157 197 203 2 8 97 66 9 34 13 4 129 207 210 127 206 194 195 36 12 155 11 95 
215 3 1 128 201 190 6 212 5 204 15 198 200 213 191 192 35 65 14 211 10 67 96 156 157 197 203 2 8 97 66 9 34 13 4 129 207 210 127 206 194 195 36 12 215 155 11 95 
216 3 1 128 201 190 6 212 5 204 15 198 200 213 191 192 35 65 14 211 10 67 96 156 157 197 203 2 8 97 66 9 34 13 4 129 207 210 127 206 194 195 36 12 215 155 11 95 
217 3 1 128 201 190 6 212 5 204 15 198 200 213 191 192 35 65 14 211 10 67 96 156 157 197 203 2 8 97 66 9 34 13 4 217 129 207 127 206 194 195 36 12 215 155 11 95 
218 3 1 128 201 190 6 212 5 204 15 198 200 213 191 192 35 65 14 211 10 67 96 156 157 197 203 2 8 97 66 9 34 13 4 217 129 207 210 127 206 194 195 36 12 215 155 11 95 
219 3 1 128 190 6 5 15 191 192 35 65 14 10 67 96 156 157 2 8 97 66 9 34 13 4 129 127 36 12 155 11 95 
