1 1 
2 2 1 
3 2 1 
4 2 1 
5 2 5 1 
6 2 5 1 
7 2 5 1 
8 2 5 8 1 
9 2 5 8 1 
10 2 5 8 1 
11 2 5 8 1 11 
12 2 5 8 1 11 12 
13 2 5 8 1 13 11 12 
14 2 14 5 8 1 13 11 12 
15 2 14 5 8 1 13 11 12 
16 2 14 5 8 1 13 11 12 
17 2 14 17 5 8 1 13 11 12 
18 2 14 17 5 8 1 13 11 12 18 
19 2 14 17 5 8 1 13 19 11 12 18 
20 2 14 17 5 8 1 13 19 11 12 18 
21 2 14 17 5 8 1 13 19 11 12 18 
22 22 2 14 17 5 8 1 13 19 11 12 18 
23 14 17 1 13 23 19 12 22 2 5 8 11 18 
24 14 17 1 13 23 19 24 12 22 2 5 8 11 18 
25 14 17 1 13 23 19 24 12 22 2 5 8 11 18 
26 14 17 1 13 23 19 24 12 22 2 5 8 11 18 
27 14 17 1 13 23 19 24 12 22 2 5 8 27 11 18 
28 28 14 17 1 13 23 19 24 12 22 2 5 8 27 11 18 
29 28 14 17 1 13 23 19 24 12 22 29 2 5 8 27 11 18 
30 28 14 17 1 13 23 19 24 12 22 29 2 5 8 27 11 18 
31 28 14 17 1 13 23 19 24 12 22 29 2 5 8 27 11 18 
32 28 14 17 1 13 23 32 19 24 12 22 29 2 5 8 27 11 18 
33 28 14 17 1 13 23 32 19 24 12 22 29 2 5 8 27 11 33 18 
34 28 14 17 1 13 23 32 19 34 24 12 22 29 2 5 8 27 11 33 18 
35 28 14 17 1 13 23 32 19 34 24 12 22 29 2 5 8 27 11 33 18 
36 28 14 17 1 13 23 32 19 34 24 12 22 29 2 5 8 27 11 33 18 
37 28 14 17 1 13 23 32 19 34 24 12 22 29 2 37 5 8 27 11 33 18 
38 28 14 17 1 13 23 32 19 34 24 12 38 22 29 2 37 5 8 27 11 33 18 
39 28 14 17 1 13 23 32 19 34 24 12 38 39 22 29 2 37 5 8 27 11 33 18 
40 28 14 17 1 13 23 32 19 34 24 12 38 39 22 29 2 37 5 8 27 11 33 18 
41 28 14 17 1 13 23 32 19 34 24 12 38 39 22 29 2 37 5 8 27 11 33 18 
42 28 14 17 1 13 23 32 42 19 34 24 12 38 39 22 29 2 37 5 8 27 11 33 18 
43 28 17 13 32 42 24 12 38 43 39 22 29 5 8 27 11 18 14 1 23 19 34 2 37 33 
44 28 17 13 32 42 24 12 38 43 39 22 29 5 8 27 11 18 14 1 23 19 34 2 37 33 
45 28 17 13 32 42 24 12 38 43 39 22 29 5 8 27 11 18 14 1 23 19 34 2 37 33 
46 28 17 13 32 42 24 12 38 43 39 22 29 46 5 8 27 11 18 14 1 23 19 34 2 37 33 
47 28 17 13 32 42 24 12 38 43 39 22 29 46 5 8 27 11 18 14 1 23 19 34 2 37 47 33 
48 28 17 13 32 42 24 12 38 43 39 22 29 46 5 8 27 11 18 14 1 23 19 34 2 37 48 47 33 
49 28 17 13 32 42 24 12 38 43 39 22 29 46 5 8 27 11 18 14 1 23 19 34 2 37 48 47 33 
50 28 17 13 32 42 24 12 38 43 39 22 29 46 5 8 27 11 18 14 1 23 19 34 2 37 48 47 33 
51 28 17 13 32 42 24 12 38 43 39 22 29 46 5 8 27 11 18 14 1 23 19 34 51 2 37 48 47 33 
52 28 17 13 32 42 24 12 38 43 39 22 29 46 5 8 27 11 18 52 14 1 23 19 34 51 2 37 48 47 33 
53 28 17 13 32 42 24 12 38 43 39 22 29 46 5 8 27 11 18 52 14 1 23 19 34 53 51 2 37 48 47 33 
54 28 17 13 32 42 24 12 38 43 39 22 29 46 5 8 27 11 18 52 14 1 23 19 34 53 51 2 37 48 47 33 
55 28 17 13 32 42 24 12 38 43 39 22 29 46 5 8 27 11 18 52 14 1 23 19 34 53 51 2 37 48 47 33 
56 28 17 13 32 42 24 12 38 56 43 39 22 29 46 5 8 27 11 18 52 14 1 23 19 34 53 51 2 37 48 47 33 
57 28 17 13 32 42 24 12 38 56 43 39 22 29 46 57 5 8 27 11 18 52 14 1 23 19 34 53 51 2 37 48 47 33 
58 28 17 13 32 42 24 12 38 56 43 39 22 29 46 57 5 8 27 11 18 52 14 1 23 19 34 58 53 51 2 37 48 47 33 
59 28 17 13 32 42 24 12 38 56 43 39 22 29 46 57 5 8 27 11 18 52 14 1 23 19 34 58 53 51 2 37 48 47 33 
60 28 17 13 32 42 24 12 38 56 43 39 22 29 46 57 5 8 27 11 18 52 14 1 23 19 34 58 53 51 2 37 48 47 33 
61 28 17 13 32 42 24 12 38 56 43 39 22 29 46 57 5 8 27 11 18 52 14 1 23 19 34 58 53 61 51 2 37 48 47 33 
62 28 17 13 32 42 24 12 38 56 43 39 22 29 46 57 5 8 27 11 18 52 14 1 23 19 34 58 53 61 51 62 2 37 48 47 33 
63 28 17 13 32 42 24 12 38 56 43 39 22 29 46 57 5 8 27 11 18 52 14 1 23 19 34 58 53 61 51 62 2 37 48 47 33 63 
64 28 17 13 32 42 24 12 38 56 43 39 22 29 46 57 5 8 27 11 18 52 14 1 23 19 34 58 53 61 51 62 2 37 48 47 33 63 
65 28 17 13 32 42 24 12 38 56 43 39 22 29 46 57 5 8 27 11 18 52 14 1 23 19 34 58 53 61 51 62 2 37 48 47 33 63 
66 28 17 13 32 42 24 12 38 56 43 39 22 29 46 57 5 8 66 27 11 18 52 14 1 23 19 34 58 53 61 51 62 2 37 48 47 33 63 
67 28 17 13 32 42 67 24 12 38 56 43 39 22 29 46 57 5 8 66 27 11 18 52 14 1 23 19 34 58 53 61 51 62 2 37 48 47 33 63 
68 28 17 13 32 42 67 24 12 38 56 43 39 22 29 46 57 68 5 8 66 27 11 18 52 14 1 23 19 34 58 53 61 51 62 2 37 48 47 33 63 
69 28 17 13 32 42 67 24 12 38 56 43 39 22 29 46 57 68 5 8 66 27 11 18 52 14 1 23 19 34 58 53 61 51 62 2 37 48 47 33 63 
70 28 17 13 32 42 67 24 12 38 56 43 39 22 29 46 57 68 5 8 66 27 11 18 52 14 1 23 19 34 58 53 61 51 62 2 37 48 47 33 63 
71 28 17 13 32 42 67 24 12 38 56 43 39 22 29 46 57 68 5 8 66 27 11 18 52 14 1 23 19 34 58 53 61 51 62 71 2 37 48 47 33 63 
72 28 17 13 32 42 67 24 12 38 56 43 39 22 29 46 57 68 5 8 66 27 72 11 18 52 14 1 23 19 34 58 53 61 51 62 71 2 37 48 47 33 63 
73 28 17 13 32 42 67 24 12 38 56 43 39 22 29 46 57 68 5 8 66 27 72 11 18 52 14 73 1 23 19 34 58 53 61 51 62 71 2 37 48 47 33 63 
74 28 17 13 32 42 67 24 12 38 56 43 39 22 29 46 57 68 5 8 66 27 72 11 18 52 14 73 1 23 19 34 58 53 61 51 62 71 2 37 48 47 33 63 
75 28 17 13 32 42 67 24 12 38 56 43 39 22 29 46 57 68 5 8 66 27 72 11 18 52 14 73 1 23 19 34 58 53 61 51 62 71 2 37 48 47 33 63 
76 28 17 13 32 42 67 24 76 12 38 56 43 39 22 29 46 57 68 5 8 66 27 72 11 18 52 14 73 1 23 19 34 58 53 61 51 62 71 2 37 48 47 33 63 
77 28 17 13 32 42 67 24 76 12 38 56 43 39 22 29 46 57 68 5 8 66 27 72 77 11 18 52 14 73 1 23 19 34 58 53 61 51 62 71 2 37 48 47 33 63 
78 28 17 13 32 42 67 24 76 12 38 56 43 39 22 29 46 57 68 5 8 66 78 27 72 77 11 18 52 14 73 1 23 19 34 58 53 61 51 62 71 2 37 48 47 33 63 
79 28 17 13 32 42 67 24 76 12 38 56 43 39 22 29 46 57 68 5 8 66 78 27 72 77 11 18 52 14 73 1 23 19 34 58 53 61 51 62 71 2 37 48 47 33 63 
80 28 17 13 32 42 67 24 76 12 38 56 43 39 22 29 46 57 68 5 8 66 78 27 72 77 11 18 52 14 73 1 23 19 34 58 53 61 51 62 71 2 37 48 47 33 63 
81 28 17 13 32 42 67 24 76 12 38 56 43 39 22 29 46 57 68 5 8 81 66 78 27 72 77 11 18 52 14 73 1 23 19 34 58 53 61 51 62 71 2 37 48 47 33 63 
82 28 17 13 32 42 67 24 76 12 38 56 43 39 22 29 46 57 68 5 8 81 66 78 27 72 77 11 18 52 14 73 1 23 19 34 58 53 61 51 62 71 2 37 48 47 33 63 82 
83 17 32 42 76 12 43 22 29 46 57 66 72 52 14 73 1 19 83 53 61 51 71 2 63 28 13 67 24 38 56 39 68 5 8 81 78 27 77 11 18 23 34 58 62 37 48 47 33 82 
84 17 32 42 76 12 43 22 29 46 57 66 72 52 14 73 1 19 83 53 61 51 71 2 63 28 13 67 24 38 56 39 68 5 8 81 78 27 77 11 18 23 34 58 62 37 48 47 33 82 
85 17 32 42 76 12 43 22 29 46 57 66 72 52 14 73 1 19 83 53 61 51 71 2 63 28 13 67 24 38 56 39 68 5 8 81 78 27 77 11 18 23 34 58 62 37 48 47 33 82 
86 17 32 42 76 12 43 22 29 46 57 86 66 72 52 14 73 1 19 83 53 61 51 71 2 63 28 13 67 24 38 56 39 68 5 8 81 78 27 77 11 18 23 34 58 62 37 48 47 33 82 
87 17 32 42 76 12 43 22 29 46 57 86 66 72 52 14 73 1 19 83 53 61 51 71 2 63 28 13 67 24 38 56 39 68 5 8 81 87 78 27 77 11 18 23 34 58 62 37 48 47 33 82 
88 17 32 42 76 12 43 22 29 46 57 86 66 72 52 14 73 1 19 83 53 61 51 71 2 88 63 28 13 67 24 38 56 39 68 5 8 81 87 78 27 77 11 18 23 34 58 62 37 48 47 33 82 
89 17 32 42 76 12 43 22 29 46 57 86 66 72 52 14 73 1 19 83 53 61 51 71 2 88 63 28 13 67 24 38 56 39 68 5 8 81 87 78 27 77 11 18 23 34 58 62 37 48 47 33 82 
90 17 32 42 76 12 43 22 29 46 57 86 66 72 52 14 73 1 19 83 53 61 51 71 2 88 63 28 13 67 24 38 56 39 68 5 8 81 87 78 27 77 11 18 23 34 58 62 37 48 47 33 82 
91 17 32 42 76 12 43 22 29 46 57 86 66 72 52 14 73 1 19 83 53 61 51 71 2 88 63 28 13 67 24 38 56 39 68 5 8 81 87 78 27 77 11 18 23 34 58 62 37 48 47 91 33 82 
92 17 32 42 76 12 43 22 29 46 57 86 66 72 92 52 14 73 1 19 83 53 61 51 71 2 88 63 28 13 67 24 38 56 39 68 5 8 81 87 78 27 77 11 18 23 34 58 62 37 48 47 91 33 82 
93 17 32 42 76 12 43 22 29 46 57 86 66 72 92 52 14 73 1 19 83 53 61 51 71 2 88 63 28 13 67 24 38 56 39 68 5 8 81 87 78 27 77 11 18 23 34 58 62 37 48 93 47 91 33 82 
94 17 32 42 76 12 43 22 29 46 57 86 66 72 92 52 14 73 1 19 83 53 61 51 71 2 88 63 28 13 67 24 38 56 39 68 5 8 81 87 78 27 77 11 18 23 34 58 62 37 48 93 47 91 33 82 
95 17 32 42 76 12 43 22 29 46 57 86 66 72 92 52 14 73 1 19 83 53 61 51 71 2 88 63 28 13 67 24 38 56 39 68 5 8 81 87 78 27 77 11 18 23 34 58 62 37 48 93 47 91 33 82 
96 17 32 42 76 12 43 96 22 29 46 57 86 66 72 92 52 14 73 1 19 83 53 61 51 71 2 88 63 28 13 67 24 38 56 39 68 5 8 81 87 78 27 77 11 18 23 34 58 62 37 48 93 47 91 33 82 
97 17 32 42 76 12 43 96 22 29 46 57 86 66 72 92 52 14 73 1 19 83 53 61 51 71 2 88 63 28 13 67 24 38 56 39 97 68 5 8 81 87 78 27 77 11 18 23 34 58 62 37 48 93 47 91 33 82 
98 17 32 42 76 12 43 96 22 29 46 57 86 66 72 92 52 14 73 1 19 83 53 61 51 71 2 88 63 28 13 67 98 24 38 56 39 97 68 5 8 81 87 78 27 77 11 18 23 34 58 62 37 48 93 47 91 33 82 
99 17 32 42 76 12 43 96 22 29 46 57 86 66 72 92 52 14 73 1 19 83 53 61 51 71 2 88 63 28 13 67 98 24 38 56 39 97 68 5 8 81 87 78 27 77 11 18 23 34 58 62 37 48 93 47 91 33 82 
100 17 32 42 76 12 43 96 22 29 46 57 86 66 72 92 52 14 73 1 19 83 53 61 51 71 2 88 63 28 13 67 98 24 38 56 39 97 68 5 8 81 87 78 27 77 11 18 23 34 58 62 37 48 93 47 91 33 82 
101 17 101 32 42 76 12 43 96 22 29 46 57 86 66 72 92 52 14 73 1 19 83 53 61 51 71 2 88 63 28 13 67 98 24 38 56 39 97 68 5 8 81 87 78 27 77 11 18 23 34 58 62 37 48 93 47 91 33 82 
102 17 101 32 42 76 12 43 96 22 29 46 57 86 66 72 92 102 52 14 73 1 19 83 53 61 51 71 2 88 63 28 13 67 98 24 38 56 39 97 68 5 8 81 87 78 27 77 11 18 23 34 58 62 37 48 93 47 91 33 82 
103 17 101 32 42 76 12 43 96 22 29 46 57 86 66 72 92 102 52 14 73 1 19 83 53 61 51 71 2 88 63 28 13 103 67 98 24 38 56 39 97 68 5 8 81 87 78 27 77 11 18 23 34 58 62 37 48 93 47 91 33 82 
104 17 101 32 42 76 12 43 96 22 29 46 57 86 66 72 92 102 52 14 73 1 19 83 53 61 51 71 2 88 63 28 13 103 67 98 24 38 56 39 97 68 5 8 81 87 78 27 77 11 18 23 34 58 62 37 48 93 47 91 33 82 
105 17 101 32 42 76 12 43 96 22 29 46 57 86 66 72 92 102 52 14 73 1 19 83 53 61 51 71 2 88 63 28 13 103 67 98 24 38 56 39 97 68 5 8 81 87 78 27 77 11 18 23 34 58 62 37 48 93 47 91 33 82 
106 17 101 32 42 76 12 43 96 22 29 46 57 86 66 72 92 102 52 14 73 1 19 83 53 61 51 71 2 88 63 28 13 103 67 98 24 38 56 39 97 68 5 8 81 87 78 27 77 11 18 23 34 58 62 37 48 93 47 106 91 33 82 
107 17 101 32 42 76 12 43 96 22 29 46 57 86 66 72 92 102 107 52 14 73 1 19 83 53 61 51 71 2 88 63 28 13 103 67 98 24 38 56 39 97 68 5 8 81 87 78 27 77 11 18 23 34 58 62 37 48 93 47 106 91 33 82 
108 17 101 32 42 76 12 43 96 22 29 46 57 86 66 72 92 102 107 52 14 73 1 19 83 53 61 51 71 2 88 108 63 28 13 103 67 98 24 38 56 39 97 68 5 8 81 87 78 27 77 11 18 23 34 58 62 37 48 93 47 106 91 33 82 
109 17 101 32 42 76 12 43 96 22 29 46 57 86 66 72 92 102 107 52 14 73 1 19 83 53 61 51 71 2 88 108 63 28 13 103 67 98 24 38 56 39 97 68 5 8 81 87 78 27 77 11 18 23 34 58 62 37 48 93 47 106 91 33 82 
110 17 101 32 42 76 12 43 96 22 29 46 57 86 66 72 92 102 107 52 14 73 1 19 83 53 61 51 71 2 88 108 63 28 13 103 67 98 24 38 56 39 97 68 5 8 81 87 78 27 77 11 18 23 34 58 62 37 48 93 47 106 91 33 82 
111 17 101 32 42 76 12 43 96 22 29 46 57 86 66 72 92 102 107 52 14 73 1 19 83 53 61 51 71 2 88 108 63 28 13 103 67 98 24 38 56 39 97 68 5 8 81 87 78 27 77 11 18 23 34 58 111 62 37 48 93 47 106 91 33 82 
112 17 101 32 42 76 12 43 96 22 29 46 57 86 66 72 92 102 112 107 52 14 73 1 19 83 53 61 51 71 2 88 108 63 28 13 103 67 98 24 38 56 39 97 68 5 8 81 87 78 27 77 11 18 23 34 58 111 62 37 48 93 47 106 91 33 82 
113 17 101 32 42 76 12 43 96 22 29 46 57 86 66 72 92 102 112 107 52 14 73 1 19 83 53 61 51 71 2 88 108 63 28 13 103 67 98 24 113 38 56 39 97 68 5 8 81 87 78 27 77 11 18 23 34 58 111 62 37 48 93 47 106 91 33 82 
114 17 101 32 42 76 12 43 96 22 29 46 57 86 66 72 92 102 112 107 52 14 73 1 19 83 53 61 51 71 2 88 108 63 28 13 103 67 98 24 113 38 56 39 97 68 5 8 81 87 78 27 77 11 18 23 34 58 111 62 37 48 93 47 106 91 33 82 
115 17 101 32 42 76 12 43 96 22 29 46 57 86 66 72 92 102 112 107 52 14 73 1 19 83 53 61 51 71 2 88 108 63 28 13 103 67 98 24 113 38 56 39 97 68 5 8 81 87 78 27 77 11 18 23 34 58 111 62 37 48 93 47 106 91 33 82 
116 17 101 32 42 76 12 43 96 22 29 46 57 86 66 72 92 102 112 107 52 14 73 1 19 83 53 61 51 71 2 88 108 63 28 13 103 67 98 24 113 38 56 39 97 68 5 8 81 87 78 27 77 11 18 23 34 58 111 62 37 48 93 47 106 116 91 33 82 
117 17 101 32 42 76 12 43 96 22 29 46 57 86 66 72 92 102 112 107 52 14 73 1 19 83 53 61 51 71 2 88 108 63 28 13 103 67 98 24 113 38 56 39 97 68 5 8 81 87 78 27 77 11 18 23 34 58 111 62 37 48 93 47 106 116 117 91 33 82 
118 17 101 32 42 76 12 43 96 22 29 46 57 86 66 72 92 102 112 107 52 14 73 1 19 83 53 61 51 71 2 88 108 63 28 118 13 103 67 98 24 113 38 56 39 97 68 5 8 81 87 78 27 77 11 18 23 34 58 111 62 37 48 93 47 106 116 117 91 33 82 
119 17 101 32 42 76 12 43 96 22 29 46 57 86 66 72 92 102 112 107 52 14 73 1 19 83 53 61 51 71 2 88 108 63 28 118 13 103 67 98 24 113 38 56 39 97 68 5 8 81 87 78 27 77 11 18 23 34 58 111 62 37 48 93 47 106 116 117 91 33 82 
120 17 101 32 42 76 12 43 96 22 29 46 57 86 66 72 92 102 112 107 52 14 73 1 19 83 53 61 51 71 2 88 108 63 28 118 13 103 67 98 24 113 38 56 39 97 68 5 8 81 87 78 27 77 11 18 23 34 58 111 62 37 48 93 47 106 116 117 91 33 82 
121 17 101 32 42 76 12 43 96 22 29 46 57 86 66 72 92 102 112 107 52 14 73 1 19 83 53 61 51 71 2 88 108 63 28 118 13 103 67 98 24 113 38 56 39 97 68 5 8 81 87 78 27 77 11 18 23 34 58 111 62 37 48 93 47 106 121 116 117 91 33 82 
122 17 101 32 42 76 12 43 96 22 29 46 57 86 66 72 92 102 112 107 52 14 73 1 19 83 53 61 51 71 2 88 108 63 28 118 13 103 122 67 98 24 113 38 56 39 97 68 5 8 81 87 78 27 77 11 18 23 34 58 111 62 37 48 93 47 106 121 116 117 91 33 82 
123 17 101 32 42 76 12 43 96 22 29 46 57 86 66 72 92 102 112 107 52 14 73 1 19 83 53 61 51 71 2 88 123 108 63 28 118 13 103 122 67 98 24 113 38 56 39 97 68 5 8 81 87 78 27 77 11 18 23 34 58 111 62 37 48 93 47 106 121 116 117 91 33 82 
124 17 101 32 42 76 12 43 96 22 29 46 57 86 66 72 92 102 112 107 52 14 73 1 19 83 53 61 51 71 2 88 123 108 63 28 118 13 103 122 67 98 24 113 38 56 39 97 68 5 8 81 87 78 27 77 11 18 23 34 58 111 62 37 48 93 47 106 121 116 117 91 33 82 
125 17 101 32 42 76 12 43 96 22 29 46 57 86 66 72 92 102 112 107 52 14 73 1 19 83 53 61 51 71 2 88 123 108 63 28 118 13 103 122 67 98 24 113 38 56 39 97 68 5 8 81 87 78 27 77 11 18 23 34 58 111 62 37 48 93 47 106 121 116 117 91 33 82 
126 17 101 32 42 76 12 43 96 22 29 46 57 86 66 72 92 102 112 107 52 14 73 1 19 83 53 61 51 71 2 126 88 123 108 63 28 118 13 103 122 67 98 24 113 38 56 39 97 68 5 8 81 87 78 27 77 11 18 23 34 58 111 62 37 48 93 47 106 121 116 117 91 33 82 
127 17 101 32 42 76 12 43 96 22 29 46 57 86 66 72 92 102 112 107 52 14 73 1 19 83 53 61 51 71 2 126 88 123 108 63 28 118 127 13 103 122 67 98 24 113 38 56 39 97 68 5 8 81 87 78 27 77 11 18 23 34 58 111 62 37 48 93 47 106 121 116 117 91 33 82 
128 17 101 32 42 76 12 43 96 22 29 46 57 86 128 66 72 92 102 112 107 52 14 73 1 19 83 53 61 51 71 2 126 88 123 108 63 28 118 127 13 103 122 67 98 24 113 38 56 39 97 68 5 8 81 87 78 27 77 11 18 23 34 58 111 62 37 48 93 47 106 121 116 117 91 33 82 
129 17 101 32 42 76 12 43 96 22 29 46 57 86 128 66 72 92 102 112 107 52 14 73 1 19 83 53 61 51 71 2 126 88 123 108 63 28 118 127 13 103 122 67 98 24 113 38 56 39 97 68 5 8 81 87 78 27 77 11 18 23 34 58 111 62 37 48 93 47 106 121 116 117 91 33 82 
130 17 101 32 42 76 12 43 96 22 29 46 57 86 128 66 72 92 102 112 107 52 14 73 1 19 83 53 61 51 71 2 126 88 123 108 63 28 118 127 13 103 122 67 98 24 113 38 56 39 97 68 5 8 81 87 78 27 77 11 18 23 34 58 111 62 37 48 93 47 106 121 116 117 91 33 82 
131 17 101 32 42 76 12 43 96 22 29 46 57 86 128 66 72 92 102 112 107 52 14 73 1 19 83 53 61 51 71 2 126 88 123 108 63 28 118 127 13 103 122 67 98 24 113 38 56 39 97 68 5 8 81 87 78 27 77 11 18 23 34 58 111 62 131 37 48 93 47 106 121 116 117 91 33 82 
132 17 101 32 42 76 12 43 96 22 29 46 57 86 128 66 72 92 102 132 112 107 52 14 73 1 19 83 53 61 51 71 2 126 88 123 108 63 28 118 127 13 103 122 67 98 24 113 38 56 39 97 68 5 8 81 87 78 27 77 11 18 23 34 58 111 62 131 37 48 93 47 106 121 116 117 91 33 82 
133 17 101 32 42 76 12 43 96 22 29 46 57 86 128 66 72 92 102 132 112 107 52 14 73 1 19 83 53 61 51 71 2 126 88 123 108 63 28 118 127 13 103 122 67 98 24 113 38 56 39 97 68 5 8 81 87 78 27 77 11 18 23 34 58 111 62 131 37 48 93 47 106 121 116 117 133 91 33 82 
134 17 101 32 42 76 12 43 96 22 29 46 57 86 128 66 72 92 102 132 112 107 52 14 73 1 19 83 53 61 51 71 2 126 88 123 108 63 28 118 127 13 103 122 67 98 24 113 38 56 39 97 68 5 8 81 87 78 27 77 11 18 23 34 58 111 62 131 37 48 93 47 106 121 116 117 133 91 33 82 
135 17 101 32 42 76 12 43 96 22 29 46 57 86 128 66 72 92 102 132 112 107 52 14 73 1 19 83 53 61 51 71 2 126 88 123 108 63 28 118 127 13 103 122 67 98 24 113 38 56 39 97 68 5 8 81 87 78 27 77 11 18 23 34 58 111 62 131 37 48 93 47 106 121 116 117 133 91 33 82 
136 17 101 32 42 76 12 43 96 22 29 46 57 86 128 66 72 92 102 132 112 107 52 14 73 1 19 83 53 61 51 71 2 126 88 123 108 63 28 118 127 13 103 122 67 98 24 113 38 56 39 97 68 5 8 81 87 78 27 77 11 18 23 34 58 111 62 131 37 48 93 47 106 121 116 117 133 91 33 82 
