1 1 
2 1 2 
3 1 3 2 
4 1 3 2 4 
5 1 3 2 4 
6 1 3 6 2 4 
7 1 3 6 7 2 4 
8 1 3 6 7 8 2 4 
9 9 1 3 6 7 8 2 4 
10 9 1 3 6 7 8 2 10 4 
11 9 1 3 6 11 7 8 2 10 4 
12 9 1 3 6 11 7 8 2 10 12 4 
13 9 1 3 6 11 7 8 2 10 12 13 4 
14 6 7 8 12 4 9 1 3 11 14 2 10 13 
15 6 7 8 12 4 9 1 3 11 14 2 10 13 
16 6 7 8 12 4 9 1 3 11 14 2 10 13 
17 1 3 17 2 4 
18 1 3 17 2 18 4 
19 19 1 3 17 2 18 4 
20 19 1 3 17 20 2 18 4 
21 19 1 21 3 17 20 2 18 4 
22 19 1 21 3 17 20 22 2 18 4 
23 19 1 21 3 17 20 22 2 18 4 23 
24 19 1 21 3 17 20 22 2 24 18 4 23 
25 19 1 21 3 17 20 22 2 24 18 4 23 
26 17 20 22 4 23 19 1 21 26 3 2 24 18 
27 6 17 20 7 8 22 12 4 23 9 19 1 21 26 3 11 14 2 10 24 13 18 
