1 1 
2 2 1 
3 2 3 1 
4 2 4 3 1 
5 2 5 4 3 1 
6 2 5 4 3 1 6 
7 2 5 4 3 7 1 6 
8 2 5 4 3 7 1 6 8 
9 2 9 5 4 3 7 1 6 8 
10 2 9 5 4 3 7 10 1 6 8 
11 2 9 5 11 4 3 7 10 1 6 8 
12 2 9 5 12 11 4 3 7 10 1 6 8 
13 2 5 12 4 3 7 10 1 8 9 13 11 6 
14 2 5 12 4 3 7 14 10 1 8 9 13 11 6 
15 2 5 12 4 3 7 14 10 1 8 9 13 11 6 
16 2 5 12 4 3 7 14 10 1 8 9 13 11 6 
17 2 5 12 4 3 7 17 14 10 1 8 9 13 11 6 
18 2 5 12 4 3 7 17 14 10 1 8 9 13 18 11 6 
19 2 5 12 4 3 7 17 14 10 1 8 19 9 13 18 11 6 
20 2 5 12 4 3 7 17 14 10 1 8 19 20 9 13 18 11 6 
21 2 5 12 4 21 3 7 17 14 10 1 8 19 20 9 13 18 11 6 
22 2 5 12 4 21 3 7 17 14 10 1 8 19 20 9 13 18 11 6 
23 2 5 12 4 21 3 7 17 14 10 1 8 19 20 9 13 18 11 23 6 
24 2 5 12 4 21 3 7 17 14 10 1 8 19 20 9 13 18 11 23 6 
25 2 5 12 4 21 3 7 17 14 10 1 8 19 20 9 13 18 11 23 6 
26 2 26 5 12 4 21 3 7 17 14 10 1 8 19 20 9 13 11 23 6 
27 2 26 5 12 4 21 27 3 7 17 14 10 1 8 19 20 9 13 11 23 6 
28 2 26 5 12 4 21 27 3 7 17 14 10 1 8 19 20 9 13 11 23 6 
29 2 26 5 12 4 21 27 3 7 14 10 1 8 19 20 29 9 13 11 23 6 
30 2 26 5 12 4 21 27 3 7 14 10 1 8 19 20 29 9 13 11 23 6 
31 2 5 12 4 21 3 7 17 14 10 1 8 19 20 9 13 31 18 11 6 
32 2 5 12 4 21 3 7 17 14 10 1 8 19 20 9 13 31 18 11 6 
33 2 5 12 4 21 3 7 17 14 10 1 8 19 20 33 9 13 31 18 11 6 
34 2 5 12 4 21 3 7 17 14 10 1 8 19 20 33 9 13 31 18 11 6 
35 2 5 12 4 21 3 7 14 10 1 8 19 20 33 35 9 13 31 18 11 6 
36 2 5 12 4 21 3 7 14 10 1 8 19 20 33 35 9 13 31 18 11 6 
37 2 5 12 4 21 3 7 17 14 10 1 8 19 20 33 9 13 31 37 18 11 6 
38 2 5 12 4 21 3 7 17 14 10 1 8 19 20 33 9 13 31 37 18 11 6 
39 2 5 12 4 21 3 7 14 39 10 1 8 19 20 33 9 13 31 37 18 11 6 
40 2 5 12 4 21 3 7 14 39 10 1 8 19 20 33 9 13 31 37 18 11 6 
41 2 41 5 12 4 21 3 7 17 14 10 1 8 19 20 9 13 31 18 11 6 
42 2 41 5 12 4 21 3 7 17 14 10 1 8 19 20 9 13 31 18 11 6 
43 2 41 5 12 4 21 3 7 17 14 10 1 8 19 20 9 13 31 18 11 6 
44 2 41 5 12 4 21 3 7 17 14 10 1 8 19 20 44 9 13 31 11 6 
45 2 41 5 12 4 21 3 7 17 14 10 1 8 19 20 44 9 13 31 11 45 6 
46 2 41 5 12 4 21 3 7 17 14 10 1 8 19 20 44 9 13 31 11 45 6 
47 2 41 5 12 4 21 3 7 14 10 1 8 19 20 44 9 13 31 11 47 45 6 
48 41 26 5 4 3 39 10 19 48 33 29 13 31 37 11 2 12 21 27 7 17 14 1 8 20 44 35 9 18 23 47 45 6 
49 41 26 5 4 3 39 10 19 48 33 29 13 31 37 11 2 12 21 27 7 17 14 1 8 20 44 35 9 18 23 47 45 49 6 
50 41 26 5 4 3 39 10 19 48 33 29 13 31 37 11 2 12 21 27 7 17 14 1 8 20 44 35 9 18 23 47 45 49 50 6 
51 41 26 5 4 3 39 10 19 48 33 29 13 31 37 11 51 2 12 21 27 7 17 14 1 8 20 44 35 9 18 23 47 45 49 50 6 
52 41 26 5 4 3 39 10 19 48 33 29 13 31 37 11 51 2 12 21 27 7 17 14 1 8 20 44 35 9 18 23 47 52 45 49 50 6 
53 41 26 5 4 3 39 10 19 48 33 29 13 31 37 11 51 2 12 21 27 7 17 14 53 1 8 20 44 35 9 18 23 47 52 45 49 50 6 
54 41 26 5 4 3 39 10 19 48 33 29 13 31 37 11 51 2 12 54 21 27 7 17 14 53 1 8 20 44 35 9 18 23 47 52 45 49 50 6 
55 41 26 5 4 3 39 10 19 48 33 29 13 31 37 11 51 2 55 12 54 21 27 7 17 14 53 1 8 20 44 35 9 18 23 47 52 45 49 50 6 
56 41 26 5 4 3 39 10 19 48 33 29 13 31 37 11 51 2 55 12 54 21 27 7 17 14 53 1 8 20 44 35 9 18 23 47 52 45 49 50 6 
57 41 26 5 4 3 39 10 19 48 33 29 13 31 37 11 57 51 2 55 12 54 21 27 7 17 14 53 1 8 20 44 35 9 18 23 47 52 45 49 50 6 
58 41 26 5 4 3 39 10 19 48 33 29 13 31 37 11 57 51 2 55 12 54 21 27 7 17 14 53 1 8 20 44 35 9 18 23 47 52 45 49 58 50 6 
59 41 26 5 4 3 39 10 19 48 33 29 13 31 37 11 57 51 2 55 12 54 21 27 7 17 14 53 1 8 20 44 35 9 18 23 47 52 45 49 58 50 6 
60 41 26 5 4 3 39 10 19 48 33 29 13 31 37 11 57 51 2 55 60 12 54 21 27 7 17 14 53 1 8 20 44 35 9 18 23 47 52 45 49 58 50 6 
61 41 26 5 4 3 39 10 19 48 33 29 13 31 37 11 57 51 2 55 60 12 54 21 27 7 17 14 53 1 8 20 44 35 9 18 23 47 52 45 49 58 50 6 
62 41 26 5 4 3 39 10 19 48 33 29 13 31 37 11 57 51 2 55 60 12 54 21 27 7 17 14 62 53 1 8 20 44 35 9 18 23 47 52 45 49 58 50 6 
63 41 26 5 4 3 39 10 19 48 33 63 29 13 31 37 11 51 2 55 60 12 54 21 27 7 17 14 62 53 1 8 20 44 35 9 18 23 47 52 45 49 58 50 6 
64 41 26 5 4 3 39 10 19 48 33 63 29 13 31 37 11 57 51 2 55 60 12 54 21 27 7 17 14 62 53 1 8 20 44 35 9 18 23 47 52 45 49 58 50 6 
65 41 26 5 4 3 39 10 19 48 33 63 29 13 31 37 11 57 51 2 55 60 12 54 21 27 7 17 14 62 53 1 8 20 44 35 9 18 23 47 52 45 49 58 50 6 
66 41 26 5 4 3 39 10 19 48 33 63 29 13 31 37 11 57 51 66 2 55 60 12 54 21 27 7 17 14 62 53 1 8 20 44 35 9 18 23 47 52 45 49 58 50 6 
67 41 26 5 4 3 39 10 19 48 33 63 29 13 31 37 11 57 51 66 2 55 60 12 54 21 27 7 17 14 62 53 1 8 20 44 35 9 18 23 47 52 45 49 58 50 6 
68 41 26 5 4 3 39 68 10 19 48 33 63 29 13 31 37 11 57 51 66 2 55 60 12 54 21 27 7 17 14 62 53 1 8 20 44 35 9 18 23 47 52 45 49 58 50 6 
69 41 26 5 4 3 39 68 10 19 48 33 63 29 13 31 37 11 57 51 66 2 55 60 69 12 54 21 27 7 17 14 62 53 1 8 20 44 35 9 18 23 47 52 45 49 58 50 6 
70 41 26 5 4 3 39 68 10 19 48 33 63 29 13 31 37 11 57 51 66 2 55 60 69 12 54 21 27 7 17 14 62 53 1 8 20 44 35 9 18 23 47 52 45 49 58 50 6 
71 41 26 5 4 3 33 29 31 11 51 2 69 7 8 44 35 18 52 45 49 71 50 39 68 10 19 48 63 13 37 57 66 55 60 12 54 21 27 17 14 62 53 1 20 9 23 47 58 6 
72 41 26 5 4 3 33 29 31 11 51 2 69 7 8 44 35 18 52 45 49 71 50 39 68 10 19 48 72 63 13 37 57 66 55 60 12 54 21 27 17 14 62 53 1 20 9 23 47 58 6 
73 41 26 5 4 3 33 29 31 11 51 2 69 7 8 44 35 18 52 45 49 71 50 39 68 10 19 48 72 63 13 37 57 66 55 60 12 54 21 27 17 14 62 53 1 20 9 23 47 58 6 
74 41 26 5 4 3 33 29 31 11 51 2 69 7 8 44 35 18 52 45 49 71 50 39 68 10 19 48 72 63 13 37 57 66 55 60 12 54 21 27 17 14 62 53 1 20 9 23 47 58 6 
75 41 26 5 4 3 33 29 31 11 51 2 69 7 8 44 35 18 52 45 49 71 50 39 68 10 19 48 72 63 13 37 57 66 55 60 12 54 21 27 17 14 62 53 1 20 9 23 47 58 6 
76 41 26 5 4 3 33 29 31 11 51 2 69 7 8 44 35 18 52 45 49 71 50 39 68 10 19 48 72 63 13 37 57 66 55 60 12 54 21 27 17 14 62 53 1 20 9 23 47 58 6 
77 41 26 5 4 3 33 29 31 11 51 2 69 7 8 44 35 18 52 45 49 71 50 39 68 10 19 48 72 63 13 37 57 66 55 60 12 54 21 27 17 14 62 53 1 20 9 23 47 58 6 
78 41 26 5 4 3 33 29 31 11 51 2 69 7 8 44 35 18 52 45 49 50 39 68 10 19 48 72 63 78 13 37 57 66 55 60 12 54 21 27 17 14 62 53 1 20 9 23 47 58 6 
79 41 26 5 4 3 33 29 31 11 51 2 69 7 8 44 35 18 52 45 49 50 39 68 10 19 48 72 63 78 13 37 57 66 55 60 12 54 21 27 17 14 62 53 1 20 9 23 47 58 6 
80 41 26 5 4 3 33 29 31 11 51 2 69 7 8 44 35 18 52 45 49 50 39 68 10 19 48 63 78 80 13 37 57 66 55 60 12 54 21 27 17 14 62 53 1 20 9 23 47 58 6 
81 41 26 5 4 3 33 29 31 11 51 2 69 7 8 44 35 18 52 45 49 50 81 39 68 10 19 48 63 78 80 13 37 57 66 55 60 12 54 21 27 17 14 62 53 1 20 9 23 47 58 6 
82 41 26 5 4 3 33 29 31 11 51 2 69 7 8 44 35 18 52 45 49 50 81 39 68 10 19 48 63 78 80 13 37 57 66 55 60 12 54 21 27 17 14 62 53 1 20 9 23 47 82 58 6 
83 41 26 5 4 3 33 29 31 11 51 2 69 7 8 44 35 18 52 45 49 50 81 39 68 10 19 48 63 78 80 13 37 57 66 55 60 12 54 21 27 17 14 62 53 1 20 9 23 47 82 83 58 6 
84 41 26 84 5 4 3 33 29 31 11 51 2 69 7 8 44 35 18 52 45 49 50 81 39 68 10 19 48 63 78 80 13 37 57 66 55 60 12 54 21 27 17 14 62 53 1 20 9 23 47 82 83 58 6 
85 41 26 84 5 4 3 33 29 31 11 51 2 69 7 8 44 35 18 52 45 49 85 50 81 39 68 10 19 48 63 78 80 13 37 57 66 55 60 12 54 21 27 17 14 62 53 1 20 9 23 47 82 83 58 6 
86 41 26 84 5 4 3 33 29 31 11 51 2 69 7 8 44 35 18 52 45 49 85 50 81 39 68 10 19 48 63 78 80 13 37 57 66 55 60 12 54 21 27 17 14 62 53 1 20 9 23 47 82 83 58 86 6 
87 41 26 84 5 4 3 33 29 31 11 51 2 69 7 8 44 35 18 52 45 49 85 50 81 39 68 10 19 48 63 78 80 13 37 57 66 55 60 12 54 21 27 17 14 62 53 1 20 87 9 23 47 82 83 58 86 6 
88 41 26 84 5 4 3 33 29 31 11 51 2 69 7 8 44 35 18 52 45 49 85 50 81 39 68 10 19 48 63 78 80 13 37 57 66 55 60 12 54 21 27 17 14 62 53 1 20 87 9 23 47 82 83 58 86 6 
89 41 26 84 5 4 3 33 29 31 11 51 2 69 7 8 44 35 18 52 45 49 85 50 81 39 68 10 19 48 63 78 80 13 37 57 66 55 60 12 54 21 27 17 14 62 53 1 20 87 9 23 47 82 83 58 86 6 89 
90 41 26 84 5 4 3 33 29 31 11 51 2 69 7 8 44 35 18 52 45 49 85 50 81 39 68 10 19 48 63 78 80 13 37 57 66 55 60 12 54 21 27 17 14 62 53 1 20 87 9 23 47 82 83 58 86 6 89 
91 41 26 84 5 4 3 33 29 31 11 51 2 69 7 8 44 35 18 52 45 49 85 50 81 39 68 10 19 48 63 78 80 13 37 57 66 55 60 12 54 21 27 17 14 62 53 1 20 87 9 23 47 82 83 58 86 6 89 
92 41 26 84 5 4 3 33 29 31 11 51 2 69 7 8 44 35 18 52 45 49 85 50 81 92 39 68 10 19 48 63 78 80 13 37 57 66 55 60 12 54 21 27 17 14 62 53 1 20 87 9 23 47 82 83 58 86 6 
93 41 26 84 5 4 3 33 29 31 11 51 2 69 7 8 44 35 18 52 45 49 85 50 81 92 39 68 10 19 48 63 78 80 13 37 57 66 55 60 12 54 21 27 17 14 62 53 1 20 87 9 23 47 82 83 58 86 6 
94 41 26 84 5 4 3 33 29 31 11 51 2 69 7 8 44 35 18 52 45 49 85 50 81 92 39 68 10 19 48 63 78 80 13 37 57 66 55 60 12 54 21 27 17 14 62 53 1 20 87 94 9 23 47 82 83 58 86 6 89 
95 41 26 84 5 4 3 33 29 31 11 51 2 69 7 8 44 35 18 52 45 49 85 50 81 92 39 68 10 19 48 63 78 80 13 37 57 66 55 60 12 54 21 27 17 14 62 53 1 20 87 94 9 23 47 82 83 58 86 6 89 
96 41 26 84 5 4 3 33 29 31 11 51 2 69 7 8 44 35 18 52 45 49 85 96 50 81 92 39 68 10 19 48 63 78 80 13 37 57 66 55 60 12 54 21 27 17 14 62 53 1 20 87 94 9 23 47 82 83 58 86 6 89 
97 41 26 84 5 4 3 33 29 31 11 51 2 69 7 8 44 35 18 52 45 49 85 96 50 81 92 39 68 10 19 48 63 78 80 13 37 57 66 55 60 12 54 21 27 17 14 62 53 1 20 87 94 9 23 47 82 83 58 86 6 89 
98 41 26 84 5 4 3 33 29 31 11 51 2 69 7 8 44 35 18 52 45 49 85 96 50 81 92 39 68 10 19 48 63 78 80 13 37 57 66 55 60 12 54 21 27 17 14 62 53 1 20 87 94 9 23 47 82 83 58 86 6 89 
99 41 26 84 5 4 3 33 29 31 11 51 2 69 99 7 8 44 35 18 52 45 49 85 50 81 92 39 68 10 19 48 63 78 80 13 37 57 66 55 60 12 54 21 27 17 14 62 53 1 20 87 94 9 23 47 82 83 58 86 6 89 
100 41 26 84 5 4 3 33 29 31 11 51 2 69 99 7 8 44 35 18 52 45 49 85 50 81 92 39 68 10 19 48 63 78 80 13 37 57 66 55 60 12 54 21 27 17 14 62 53 1 20 87 94 9 23 47 82 83 58 86 6 89 
101 41 26 84 5 4 3 33 29 31 11 51 2 69 99 7 8 44 35 18 101 52 45 49 85 96 50 81 92 39 68 10 19 48 63 78 80 13 37 57 66 55 60 12 54 21 27 17 14 62 53 1 20 87 94 9 23 47 82 83 58 86 6 89 
102 41 26 84 5 4 3 33 29 31 11 51 2 69 99 7 8 44 35 18 101 52 45 49 85 96 50 81 92 39 68 10 19 48 63 78 80 13 37 57 66 102 55 60 12 54 21 27 17 14 62 53 1 20 87 94 9 23 47 82 83 58 86 6 89 
103 41 26 84 5 4 3 33 29 31 11 51 2 69 99 7 8 44 35 103 18 101 52 45 49 85 96 50 81 92 39 68 10 19 48 63 78 80 13 37 57 66 102 55 60 12 54 21 27 17 14 62 53 1 20 87 94 9 23 47 82 83 58 86 6 89 
104 41 26 84 5 4 3 33 29 31 11 51 2 69 99 7 8 44 35 103 18 101 52 45 49 85 96 50 81 92 104 39 68 10 19 48 63 78 80 13 37 57 66 102 55 60 12 54 21 27 17 14 62 53 1 20 87 94 9 23 47 82 83 58 86 6 89 
105 41 26 84 5 4 3 33 29 105 31 11 51 2 69 99 7 8 44 35 103 18 101 52 45 49 85 96 50 81 92 104 39 68 10 19 48 63 78 80 13 37 57 66 102 55 60 12 54 21 27 17 14 62 53 1 20 87 94 9 23 47 82 83 58 86 6 89 
106 41 26 84 5 4 3 33 29 105 31 11 51 2 69 99 7 8 44 35 103 18 101 52 45 49 85 96 50 81 92 104 39 68 10 19 48 63 78 80 13 37 57 66 102 55 60 12 54 21 27 17 14 62 53 1 20 87 94 9 23 47 82 83 58 86 6 89 
107 41 26 84 5 4 3 33 29 105 31 11 51 2 69 99 7 8 44 35 103 18 101 52 45 49 85 96 50 81 92 104 39 68 10 19 48 63 78 80 13 37 57 66 102 55 60 12 54 21 27 17 14 62 53 1 20 87 94 9 23 47 82 83 58 86 6 89 
108 41 26 84 5 4 3 33 29 105 31 11 51 2 69 99 7 8 44 35 103 18 101 52 45 49 85 96 50 81 92 104 39 68 10 19 48 63 78 80 108 13 37 57 66 102 55 60 12 54 21 27 17 14 62 53 1 20 87 94 9 23 47 82 83 58 86 6 89 
109 41 26 84 5 4 3 33 29 105 31 11 51 2 69 109 99 7 8 44 35 103 18 101 52 45 49 85 96 50 81 92 104 39 68 10 19 48 63 78 80 108 13 37 57 66 102 55 60 12 54 21 27 17 14 62 53 1 20 87 94 9 23 47 82 83 58 86 6 89 
110 41 26 84 5 4 3 110 33 29 105 31 11 51 2 69 109 99 7 8 44 35 103 18 101 52 45 49 85 96 50 81 92 104 39 68 10 19 48 63 78 80 108 13 37 57 66 102 55 60 12 54 21 27 17 14 62 53 1 20 87 94 9 23 47 82 83 58 86 6 89 
111 41 26 84 111 5 4 3 110 33 29 105 31 11 51 2 69 109 99 7 8 44 35 103 18 101 52 45 49 85 96 50 81 92 104 39 68 10 19 48 63 78 80 108 13 37 57 66 102 55 60 12 54 21 27 17 14 62 53 1 20 87 94 9 23 47 82 83 58 86 6 89 
112 41 26 84 111 5 4 3 110 33 29 105 31 11 51 2 69 109 99 7 8 44 35 103 18 101 52 45 49 85 96 50 81 92 104 39 68 10 19 48 63 78 80 112 108 13 37 57 66 102 55 60 12 54 21 27 17 14 62 53 1 20 87 94 9 23 47 82 83 58 86 6 89 
113 41 26 84 111 5 4 3 110 33 29 105 31 11 51 2 69 109 99 7 8 113 44 35 103 18 101 52 45 49 85 96 50 81 92 104 39 68 10 19 48 63 78 80 112 108 13 37 57 66 102 55 60 12 54 21 27 17 14 62 53 1 20 87 94 9 23 47 82 83 58 86 6 89 
114 41 26 84 111 5 4 3 110 33 29 105 31 11 51 2 114 69 109 99 7 8 113 44 35 103 18 101 52 45 49 85 96 50 81 92 104 39 68 10 19 48 63 78 80 112 108 13 37 57 66 102 55 60 12 54 21 27 17 14 62 53 1 20 87 94 9 23 47 82 83 58 86 6 89 
115 41 26 84 111 5 4 3 110 33 29 105 31 11 51 2 114 69 109 99 7 8 113 44 35 103 18 101 52 45 49 85 96 50 81 92 104 39 68 10 19 48 63 78 80 112 108 13 37 57 66 102 55 60 12 54 21 27 17 14 62 53 1 20 87 94 9 23 47 82 83 58 86 6 89 
116 41 26 84 111 5 4 3 110 33 29 105 31 11 51 2 114 69 109 99 7 8 113 44 35 103 18 101 52 45 49 85 96 50 81 92 104 39 68 10 19 48 63 78 80 112 108 13 37 57 66 102 55 60 12 54 21 27 17 14 62 53 1 20 87 94 9 23 47 82 83 58 86 6 89 
117 41 26 84 111 5 4 3 110 33 29 105 31 11 51 2 114 69 109 99 7 8 113 44 35 103 18 101 52 45 49 85 96 50 81 92 104 39 68 10 19 48 63 78 80 112 108 13 37 57 66 102 55 60 12 54 21 27 17 14 62 53 1 20 87 94 9 23 47 82 83 58 86 6 89 117 
118 41 26 84 111 5 4 3 110 33 29 105 31 11 51 2 114 69 109 99 7 8 113 44 35 103 18 101 52 45 49 85 96 50 81 92 104 118 39 68 10 19 48 63 78 80 112 108 13 37 57 66 102 55 60 12 54 21 27 17 14 62 53 1 20 87 94 9 23 47 82 83 58 86 6 89 117 
119 41 26 84 111 5 4 3 110 33 29 105 31 11 51 2 114 69 109 99 7 8 113 44 35 103 18 101 52 45 49 85 96 50 81 92 104 118 39 68 10 19 48 63 78 80 112 108 13 37 57 66 102 55 60 12 54 119 21 27 17 14 62 53 1 20 87 94 9 23 47 82 83 58 86 6 89 117 
120 41 26 84 111 5 4 3 110 33 29 105 31 11 51 2 114 69 109 99 7 8 113 44 35 103 18 101 52 45 49 85 96 50 81 92 104 118 39 68 10 19 48 63 78 80 112 108 13 37 57 66 102 55 60 12 54 119 21 27 120 17 14 62 53 1 20 87 94 9 23 47 82 83 58 86 6 89 117 
121 41 26 84 111 5 121 4 3 110 33 29 105 31 11 51 2 114 69 109 99 7 8 113 44 35 103 18 101 52 45 49 85 96 50 81 92 104 118 39 68 10 19 48 63 78 80 112 108 13 37 57 66 102 55 60 12 54 119 21 27 120 17 14 62 53 1 20 87 94 9 23 47 82 83 58 86 6 89 117 
122 41 26 84 111 5 121 4 3 110 33 29 105 31 11 51 2 114 69 109 122 99 7 8 113 44 35 103 18 101 52 45 49 85 96 50 81 92 104 118 39 68 10 19 48 63 78 80 112 108 13 37 57 66 102 55 60 12 54 119 21 27 120 17 14 62 53 1 20 87 94 9 23 47 82 83 58 86 6 89 117 
123 41 26 84 111 5 121 4 3 110 33 29 105 31 11 51 2 114 69 109 122 99 7 8 113 44 35 103 18 101 52 45 49 85 96 50 81 92 104 118 39 68 10 19 48 63 78 80 112 108 13 37 57 66 102 55 60 12 54 119 21 27 120 17 14 62 53 1 20 87 94 9 123 23 47 82 83 58 86 6 89 117 
124 41 26 84 111 5 121 4 3 110 33 29 105 31 11 51 2 114 69 109 122 99 7 8 113 44 35 103 18 101 52 45 49 85 96 50 81 92 104 118 39 68 10 19 48 63 78 80 112 108 13 37 57 66 102 55 60 12 54 119 21 27 120 17 14 62 53 1 20 87 94 9 123 23 47 82 83 58 86 6 89 117 
125 41 26 84 111 5 121 4 3 110 33 29 105 31 11 51 2 114 69 109 122 99 7 8 113 44 35 103 18 101 52 45 49 85 96 50 81 92 104 118 39 68 10 19 48 63 78 80 112 108 13 37 57 66 102 55 60 12 54 119 21 27 120 17 14 62 53 1 20 87 94 9 123 23 47 82 83 58 86 6 89 117 
126 41 26 84 111 5 121 4 3 110 33 29 105 31 11 51 2 114 69 109 122 99 7 8 113 44 35 103 18 101 52 45 49 85 96 50 81 92 104 126 118 39 68 10 19 48 63 78 112 108 13 37 57 66 102 55 60 12 54 119 21 27 120 17 14 62 53 1 20 87 94 9 123 23 47 82 83 58 86 6 89 117 
127 41 26 84 111 5 121 4 3 110 33 29 105 31 11 51 2 114 69 109 122 99 7 8 113 44 35 103 18 101 52 45 49 85 96 50 81 92 104 126 118 39 68 10 19 48 63 78 112 108 13 37 57 66 102 55 60 12 54 119 21 27 120 17 14 62 53 1 20 87 94 9 123 23 47 82 83 58 86 6 89 117 
128 41 26 84 111 5 121 4 3 110 33 29 105 31 11 51 2 114 69 109 122 99 7 8 113 44 35 103 18 101 52 128 45 49 85 96 50 81 92 104 126 118 39 68 10 19 48 63 78 112 108 13 37 57 66 102 55 60 12 54 119 21 27 120 17 14 62 53 1 20 87 94 9 123 23 47 82 83 58 86 6 89 117 
129 41 26 84 111 5 121 4 3 110 33 29 105 31 11 51 2 114 69 109 122 99 7 8 113 44 35 103 18 101 52 128 45 49 85 96 50 81 92 104 126 118 39 68 10 19 48 63 78 112 108 13 37 57 66 102 55 60 12 54 119 21 27 120 17 14 62 53 1 20 87 94 9 123 23 47 82 83 58 86 6 89 117 
130 41 26 84 111 5 121 4 3 110 33 29 105 31 11 51 2 114 69 109 122 99 7 8 113 44 35 103 18 101 52 128 45 49 85 96 50 81 92 104 126 118 39 68 10 19 48 63 78 112 130 108 13 37 57 66 102 55 60 12 54 119 21 27 120 17 14 62 53 1 20 87 94 9 123 23 47 82 83 58 86 6 89 117 
131 41 26 84 111 5 121 4 3 110 33 29 105 31 11 51 2 114 69 109 122 99 7 8 113 44 35 103 18 101 52 128 45 49 85 96 50 81 92 104 126 118 39 68 10 19 48 63 78 112 130 108 13 37 57 66 102 55 60 12 54 119 21 27 120 17 14 62 53 1 20 87 94 9 123 23 47 82 83 58 86 6 89 117 
132 41 26 84 111 5 121 4 3 110 33 29 105 31 132 11 51 2 114 69 109 122 99 7 8 113 44 35 103 18 101 52 128 45 49 85 96 50 81 92 104 126 118 39 68 10 19 48 63 78 112 130 108 13 37 57 66 102 55 60 12 54 119 21 27 120 17 14 62 53 1 20 87 94 9 123 23 47 82 83 58 86 6 89 117 
133 41 26 84 111 5 121 4 3 110 33 29 105 31 132 11 51 2 114 69 109 122 99 7 8 113 44 35 103 18 101 52 128 45 49 85 96 50 81 92 104 126 118 39 68 10 19 48 63 78 112 130 108 13 37 57 66 102 55 60 12 54 119 21 27 120 17 14 62 53 1 20 87 94 9 123 23 47 82 83 58 86 6 89 117 
134 41 26 84 111 5 121 4 3 110 33 29 105 31 11 51 2 114 69 109 122 99 7 8 113 44 35 103 18 101 52 128 45 49 85 96 134 50 81 92 104 126 118 39 68 10 19 48 63 78 112 130 108 13 37 57 66 102 55 60 12 54 119 21 27 120 17 14 62 53 1 20 87 94 9 123 23 47 82 83 58 86 6 89 117 
135 41 26 84 111 5 121 4 3 110 33 29 105 31 132 11 51 2 114 69 109 122 99 7 8 113 44 35 103 18 101 52 128 45 49 85 96 134 50 81 92 104 126 118 39 68 10 19 48 63 78 112 130 108 13 37 57 66 102 55 60 12 54 119 21 27 120 17 14 62 53 1 20 87 94 9 123 23 47 82 83 58 86 6 89 117 
136 41 26 84 111 5 121 4 3 110 136 33 29 105 31 132 11 51 2 114 69 109 122 99 7 8 113 44 35 103 18 101 52 128 45 49 85 96 134 50 81 92 104 126 118 39 68 10 19 48 63 78 112 130 108 13 37 57 66 102 55 60 12 54 119 21 27 120 17 14 62 53 1 20 87 94 9 123 23 47 82 83 58 86 6 89 117 
137 41 26 84 111 5 121 4 3 110 136 33 29 105 31 132 11 51 2 114 69 109 122 99 7 8 113 44 35 103 18 101 52 128 45 49 85 96 134 50 81 92 104 126 118 39 68 10 19 48 63 78 112 130 108 13 37 57 66 102 55 60 12 54 119 21 27 120 17 14 62 53 1 20 87 94 9 123 23 47 82 83 58 86 6 89 117 
138 41 26 84 111 5 121 4 3 110 136 33 29 105 31 132 11 51 2 114 69 109 122 99 7 8 113 44 35 103 18 101 52 128 45 49 85 96 134 50 81 92 104 126 118 39 68 10 19 48 63 78 112 130 108 13 37 57 66 102 55 60 12 54 119 21 27 120 17 14 62 53 1 20 87 94 9 123 23 47 82 83 58 86 6 89 117 
139 41 26 84 111 5 121 4 3 110 136 33 29 105 31 132 11 51 2 114 69 109 122 99 7 8 113 44 35 103 18 101 52 128 45 49 85 96 134 50 81 92 104 126 118 39 68 10 19 48 63 78 112 130 108 13 37 57 66 102 55 60 12 54 119 21 27 120 17 14 62 53 1 20 87 94 9 123 23 47 82 83 58 86 6 89 117 
