1 1 
2 1 2 
3 1 3 2 
4 1 3 4 2 
5 5 1 3 4 2 
6 5 1 3 4 2 6 
7 5 7 1 3 4 2 6 
8 5 7 1 3 4 8 2 6 
9 5 7 9 1 3 4 8 2 6 
10 5 7 10 9 1 3 4 8 2 6 
11 5 7 10 9 1 3 4 8 2 6 11 
12 5 7 10 9 1 3 4 8 2 6 11 
13 5 7 10 9 1 3 4 8 2 6 11 
14 5 7 10 9 14 1 3 4 8 2 6 11 
15 5 9 14 15 4 6 11 7 10 1 3 8 2 
16 73 117 56 59 51 106 97 130 54 67 10 53 84 122 132 36 145 69 2 96 101 134 5 46 133 6 26 136 23 28 91 76 37 74 32 120 137 48 35 71 98 4 18 21 89 75 93 125 45 88 66 68 61 127 15 99 148 22 65 123 1 105 64 34 108 100 113 9 41 87 86 78 31 140 3 55 72 79 141 82 17 94 38 39 7 27 77 92 43 33 139 143 80 103 14 40 57 62 11 102 49 135 8 138 110 90 58 
17 73 117 56 59 51 106 97 130 54 67 10 53 84 122 132 36 145 69 2 96 101 134 5 46 133 6 26 136 23 28 91 76 37 74 32 120 137 48 35 71 98 4 18 21 89 75 93 125 45 88 66 68 61 127 15 99 148 22 65 123 1 105 64 34 108 100 113 9 41 87 86 78 31 140 3 55 72 79 141 82 17 94 38 39 7 27 77 92 43 33 139 143 80 103 14 40 57 62 11 102 49 135 8 138 110 90 58 
18 73 117 56 59 51 106 97 130 54 67 10 53 84 122 132 36 145 69 2 96 101 134 5 46 133 6 26 136 23 28 91 76 37 74 32 120 137 48 35 71 98 4 18 21 89 75 93 125 45 88 66 68 61 127 15 99 148 22 65 123 1 105 64 34 108 100 113 9 41 87 86 78 31 140 3 55 72 79 141 82 17 94 38 39 7 27 77 92 43 33 139 143 80 103 14 40 57 62 11 102 49 135 8 138 110 90 58 
19 73 117 56 59 51 106 97 130 54 67 10 53 84 122 132 36 145 69 2 96 101 134 5 46 133 6 26 136 23 28 91 76 37 74 32 120 137 48 35 71 98 4 18 21 89 75 93 125 45 88 66 68 61 127 15 99 148 22 65 123 1 105 64 34 108 100 113 9 41 87 86 78 31 140 3 55 72 79 141 82 17 94 38 39 7 27 77 92 43 33 139 143 80 103 14 40 57 62 11 102 49 135 8 138 110 90 58 
20 73 117 56 59 51 106 97 130 54 67 10 53 84 122 132 36 145 69 2 96 101 134 5 46 133 6 26 136 23 28 91 76 37 74 32 120 137 48 35 71 98 4 18 21 89 75 93 125 45 88 66 68 61 127 15 99 148 22 65 123 1 105 64 34 108 100 113 9 41 87 86 78 31 140 3 55 72 79 141 82 17 94 38 39 7 27 77 92 43 33 139 143 80 103 14 40 57 62 11 102 49 135 8 138 110 90 58 
21 73 117 56 59 51 106 97 130 54 67 10 53 84 122 132 36 145 69 2 96 101 134 5 46 133 6 26 136 23 28 91 76 37 74 32 120 137 48 35 71 98 4 18 21 89 75 93 125 45 88 66 68 61 127 15 99 148 22 65 123 1 105 64 34 108 100 113 9 41 87 86 78 31 140 3 55 72 79 141 82 17 94 38 39 7 27 77 92 43 33 139 143 80 103 14 40 57 62 11 102 49 135 8 138 110 90 58 
22 73 117 56 59 51 106 97 130 54 67 10 53 84 122 132 36 145 69 2 96 101 134 5 46 133 6 26 136 23 28 91 76 37 74 120 137 48 35 71 98 4 18 21 89 75 93 125 45 88 66 68 61 127 15 99 148 22 65 123 1 105 64 34 108 100 113 9 41 87 86 78 31 140 3 55 72 79 141 82 17 94 38 39 7 27 77 92 43 33 139 143 80 103 14 40 57 62 11 102 49 135 8 138 110 90 58 
23 73 117 56 59 51 106 97 130 54 67 10 53 84 122 132 36 145 69 2 96 101 134 5 46 133 6 26 136 28 23 91 76 37 74 120 137 48 35 71 98 4 18 21 89 75 93 125 45 88 66 68 61 127 15 99 148 22 65 123 1 105 64 34 108 100 113 9 41 87 86 78 31 140 3 55 72 79 141 82 17 94 38 39 7 27 77 92 43 33 139 143 80 103 14 40 57 62 11 102 49 135 8 138 110 90 58 
24 73 117 56 59 51 106 97 130 54 67 10 53 84 122 132 36 145 69 2 96 101 134 5 46 133 6 26 136 23 28 91 76 37 74 120 137 48 35 71 98 4 18 21 89 75 93 125 45 88 66 68 61 127 15 99 148 22 65 123 1 105 64 34 108 100 113 9 41 87 86 78 31 140 3 55 72 79 141 82 17 94 38 39 7 27 77 92 43 33 139 143 80 103 14 40 57 62 11 102 49 135 8 138 110 90 58 
25 73 117 56 59 51 106 97 130 54 67 10 53 84 122 132 36 145 69 2 96 101 134 5 46 133 6 26 136 23 28 91 76 37 74 120 137 48 35 71 98 4 18 21 89 75 93 125 45 88 66 68 61 127 15 99 148 22 65 123 1 105 64 34 108 100 113 9 41 87 86 78 31 140 3 55 72 79 141 82 17 94 38 39 7 27 77 92 43 33 139 143 80 103 14 40 57 62 11 102 49 135 8 138 110 90 58 
26 73 117 56 59 51 106 97 130 54 67 10 53 84 122 132 36 145 69 2 96 101 134 5 46 133 6 136 26 23 28 91 76 37 74 120 137 48 35 71 98 4 18 21 89 75 93 125 45 88 66 68 61 127 15 99 148 22 65 123 1 105 64 34 108 100 113 9 41 87 86 78 31 140 3 55 72 79 141 82 17 94 38 39 7 27 77 92 43 33 139 143 80 103 14 40 57 62 11 102 49 135 8 138 110 90 58 
27 73 117 56 59 51 106 97 130 54 67 10 53 84 122 132 36 145 69 2 96 101 134 5 46 133 6 26 136 23 28 91 76 37 74 120 137 48 35 71 98 4 18 21 89 75 93 125 45 88 66 68 61 127 15 99 148 22 65 123 1 105 64 34 108 100 113 9 41 87 86 78 140 3 55 72 79 141 82 17 94 38 39 7 27 77 92 43 33 139 143 80 103 14 40 57 62 11 102 49 135 8 138 110 90 58 
28 73 117 56 59 51 106 97 130 54 67 10 53 84 122 132 36 145 69 2 96 101 134 5 46 133 6 26 136 23 28 91 76 37 74 120 137 48 35 71 98 4 18 21 89 75 93 125 45 88 66 68 61 127 15 99 148 22 65 123 1 105 64 34 108 100 113 9 41 87 86 78 140 3 55 72 79 141 82 17 94 38 39 7 27 77 92 43 33 139 143 80 103 14 40 57 62 11 102 49 135 8 138 110 90 58 
29 73 117 56 59 51 106 97 130 54 67 10 53 84 122 132 36 145 69 2 96 101 134 5 46 133 6 26 136 23 28 91 76 37 74 120 137 48 35 71 98 4 18 21 89 75 93 125 45 88 66 68 61 127 15 99 148 22 65 123 1 105 64 34 108 100 113 9 41 87 86 78 140 3 55 72 79 141 82 17 94 38 39 7 27 77 92 43 33 139 143 80 103 14 40 57 62 11 102 49 135 8 138 110 90 58 
30 73 117 56 59 51 106 97 130 54 67 10 53 84 122 132 36 145 69 2 96 101 134 5 46 133 6 26 136 23 28 91 76 37 74 120 137 48 35 71 98 4 18 21 89 75 93 125 45 88 66 68 61 127 15 99 148 22 65 123 1 105 64 108 100 113 9 41 87 86 78 140 30 3 55 72 79 141 82 17 94 38 39 7 27 77 92 43 33 139 143 80 103 14 40 57 62 11 102 49 135 8 138 110 90 58 
31 73 117 56 59 51 106 97 130 54 67 10 53 84 122 132 36 145 69 2 96 101 134 5 46 133 6 26 136 23 28 91 76 37 74 120 137 48 35 71 98 4 18 21 89 75 93 125 45 88 66 68 61 127 15 99 148 22 65 123 1 105 64 108 100 113 9 41 87 86 78 30 140 31 3 55 72 79 141 82 17 94 38 39 7 77 92 43 33 139 143 80 103 14 40 57 62 11 102 49 135 8 138 110 90 58 
32 73 117 56 59 51 106 97 130 54 67 10 53 84 122 132 36 145 69 2 96 101 134 5 46 133 6 26 136 23 28 91 76 37 74 120 137 32 48 35 71 98 4 18 21 89 75 93 125 45 88 66 68 61 127 15 99 148 65 123 1 105 64 108 100 113 9 41 87 86 78 30 31 140 3 55 72 79 141 82 17 94 38 39 7 77 92 43 33 139 143 80 103 14 40 57 62 11 102 49 135 8 138 110 90 58 
33 73 117 56 59 51 106 97 130 54 67 10 53 84 122 132 36 145 69 2 96 101 134 5 46 133 6 26 136 23 28 91 76 37 74 32 120 137 48 35 71 98 4 18 21 89 75 93 125 45 88 66 68 61 127 15 99 148 22 65 123 1 105 64 34 108 100 113 9 41 87 86 78 30 31 140 3 55 72 79 141 82 17 94 38 39 7 27 77 92 43 139 33 143 80 103 14 40 57 62 11 102 49 135 8 138 110 90 58 
34 73 117 56 59 51 106 97 130 54 67 10 53 84 122 132 36 145 69 2 96 101 134 5 46 133 6 26 136 23 28 91 76 37 74 32 120 137 48 35 71 98 4 18 21 89 75 93 125 45 88 66 68 61 127 15 99 148 22 65 123 1 105 64 108 34 100 113 9 41 87 86 78 31 140 3 55 72 79 141 82 17 94 38 39 7 27 77 92 43 33 139 143 80 103 14 40 57 62 11 102 49 135 8 138 110 90 58 
35 73 117 56 59 51 106 97 130 54 67 10 53 84 122 132 36 145 69 2 96 101 134 5 46 133 6 26 136 23 28 91 76 37 74 32 120 137 48 35 71 98 4 18 21 89 75 93 125 45 88 66 68 61 127 15 99 148 22 65 123 1 105 64 34 108 100 113 9 41 87 86 78 31 140 3 55 72 79 141 82 17 94 38 39 7 27 77 92 43 33 139 143 80 103 14 40 57 62 11 102 49 135 8 138 110 90 58 
36 73 117 56 59 51 106 97 130 54 67 10 53 84 122 132 145 36 69 2 96 101 134 5 46 133 6 26 136 23 28 91 76 37 74 32 120 137 48 35 71 98 4 18 21 89 75 93 125 45 88 66 68 61 127 15 99 148 22 65 123 1 105 64 34 108 100 113 9 41 87 86 78 31 140 3 55 72 79 141 82 17 94 38 39 7 27 77 92 43 33 139 143 80 103 14 40 57 62 11 102 49 135 8 138 110 90 58 
37 73 117 56 59 51 106 97 130 54 67 10 53 84 122 132 36 145 69 2 96 101 134 5 46 133 6 26 136 23 28 91 76 37 74 32 120 137 48 35 71 98 4 18 21 89 75 93 125 45 88 66 68 61 127 15 99 148 22 65 123 1 105 64 34 108 100 113 9 41 87 86 78 31 140 3 55 72 79 141 82 17 94 38 39 7 27 77 92 43 33 139 143 80 103 14 40 57 62 11 102 49 135 8 138 110 90 58 
38 73 117 56 59 51 106 97 130 54 67 10 84 122 132 36 145 69 2 96 101 134 5 46 133 6 26 136 23 28 91 76 37 74 32 120 137 48 35 71 98 4 18 21 89 75 93 125 88 66 68 61 127 15 99 148 22 65 123 1 105 64 34 108 100 113 9 41 87 86 78 31 140 3 55 72 79 141 82 17 94 38 39 7 27 77 92 43 33 139 143 80 103 14 40 57 62 11 102 49 135 8 138 110 90 58 
39 73 117 56 59 51 106 97 130 67 10 84 122 132 36 145 69 2 96 101 134 5 133 6 26 136 23 28 91 76 37 74 32 120 137 48 35 71 98 4 18 21 89 75 93 125 88 66 68 61 127 15 99 148 22 65 123 1 105 64 34 108 100 113 9 41 87 86 78 31 140 3 55 72 79 141 82 17 94 38 39 7 27 77 92 43 33 139 143 80 103 14 40 57 62 11 102 49 135 8 138 110 90 58 
40 73 117 56 59 51 106 97 130 67 10 84 122 132 36 145 69 2 96 101 134 5 133 6 26 136 23 28 91 76 37 74 32 120 137 48 35 71 98 4 18 21 89 75 93 125 88 66 68 61 127 15 99 148 22 65 123 1 105 64 34 108 100 113 9 41 87 86 78 31 140 3 55 72 79 141 82 17 94 38 39 7 27 77 92 43 33 139 143 80 103 14 40 57 62 11 102 49 135 8 138 110 90 58 
41 73 117 56 59 51 106 97 130 67 10 84 122 132 36 145 69 2 96 101 134 5 133 6 26 136 23 28 91 76 37 74 32 120 137 48 35 71 98 4 18 21 89 75 93 125 88 66 68 61 127 15 99 148 22 65 123 1 105 64 34 108 100 113 9 41 87 86 78 31 140 3 55 72 79 141 82 17 94 38 39 7 27 77 92 43 33 139 143 80 103 14 40 57 62 11 102 49 135 8 138 110 90 58 
42 73 117 56 59 51 106 97 130 67 10 84 122 132 36 145 69 2 96 101 134 5 133 6 26 136 23 28 91 76 37 74 32 120 137 48 35 71 98 4 18 21 89 75 93 125 88 66 68 61 127 15 99 148 22 65 123 1 105 64 34 108 100 113 9 41 87 86 78 31 140 3 55 72 79 141 82 17 94 38 39 7 27 77 92 43 33 139 143 80 103 14 40 57 62 11 102 49 135 8 138 110 90 58 
43 73 117 56 59 51 106 97 130 67 10 84 122 132 36 145 69 2 96 101 134 5 133 6 26 136 23 28 91 76 37 74 32 120 137 48 35 71 98 4 18 21 89 75 93 125 88 66 68 61 127 15 99 148 22 65 123 1 105 64 34 108 100 113 9 41 87 86 78 31 140 3 55 72 79 141 82 17 94 38 39 7 27 77 92 43 33 139 143 80 103 14 40 57 62 11 102 49 135 8 138 110 90 58 
44 73 117 56 59 51 106 97 130 67 10 84 122 132 36 145 69 2 96 101 134 5 133 6 26 136 23 28 91 76 37 74 32 120 137 48 35 71 98 4 18 21 89 75 93 125 88 66 68 61 127 15 99 148 22 65 123 1 105 64 34 108 100 113 9 41 87 86 78 31 140 3 55 72 79 141 82 17 94 38 39 7 27 77 92 43 33 139 143 80 103 14 40 57 62 11 102 49 135 8 138 110 90 58 
45 73 117 56 59 51 106 97 130 67 10 84 122 132 36 145 69 2 96 101 134 5 133 6 26 136 23 28 91 76 37 74 32 120 137 48 35 71 98 4 18 21 89 75 93 125 88 45 66 68 61 127 15 99 148 22 65 123 1 105 64 34 108 100 113 9 41 87 86 78 31 140 3 55 72 79 141 82 17 94 39 7 27 77 92 43 33 139 143 80 103 14 40 57 62 11 102 49 135 8 138 110 90 58 
46 73 117 56 59 51 106 97 130 67 10 84 122 132 36 145 69 2 96 101 134 5 46 133 6 26 136 23 28 91 76 37 74 32 120 137 48 35 71 98 4 18 21 89 75 93 125 45 88 66 68 61 127 15 99 148 22 65 123 1 105 64 34 108 100 113 9 41 87 86 78 31 140 3 55 72 79 141 82 17 94 7 27 77 92 43 33 139 143 80 103 14 40 57 62 11 102 49 135 8 138 110 90 58 
47 73 117 56 59 51 106 97 130 67 10 84 122 132 36 145 69 2 96 101 134 5 46 133 6 26 136 23 28 91 76 37 74 32 120 137 48 35 71 98 4 18 21 89 75 93 125 45 88 66 68 61 127 15 99 148 22 65 123 1 105 64 34 108 100 113 9 41 87 86 78 31 140 3 55 72 79 141 82 17 94 7 27 77 92 43 33 139 143 80 103 14 40 57 62 11 102 49 135 8 138 110 90 58 
48 73 117 56 59 51 106 97 130 67 10 84 122 132 36 145 69 2 96 101 134 5 133 6 26 136 23 28 91 76 37 74 32 120 137 48 35 71 98 4 18 21 89 75 93 125 88 66 68 61 127 15 99 148 22 65 123 1 105 64 34 108 100 113 9 41 87 86 78 31 140 3 55 72 79 141 82 17 94 38 39 7 27 77 92 43 33 139 143 80 103 14 40 57 62 11 102 49 135 8 138 110 90 58 
49 73 117 56 59 51 106 97 130 67 10 84 122 132 36 145 69 2 96 101 134 5 133 6 26 136 23 28 91 76 37 74 32 120 137 48 35 71 98 4 18 21 89 75 93 125 88 66 68 61 127 15 99 148 22 65 123 1 105 64 34 108 100 113 9 41 87 86 78 31 140 3 55 72 79 141 82 17 94 38 39 7 27 77 92 43 33 139 143 80 103 14 40 57 62 11 102 49 135 8 138 110 90 58 
50 73 117 56 59 51 106 97 130 67 10 84 122 132 36 145 69 2 96 101 134 5 133 6 26 136 23 28 91 76 37 74 32 120 137 48 35 71 98 4 18 21 89 75 93 125 88 66 68 61 127 15 99 148 22 65 123 1 105 64 34 108 100 113 9 41 87 86 78 31 140 3 55 72 79 141 82 17 94 38 39 7 27 77 92 43 33 139 143 80 103 14 40 57 62 11 102 49 135 8 138 110 90 58 
51 73 117 56 59 51 106 97 130 67 10 84 122 132 36 145 69 2 96 101 134 5 133 6 26 136 23 28 91 76 37 74 32 120 137 48 35 71 98 4 18 21 89 75 93 125 88 66 68 61 127 15 99 148 22 65 123 1 105 64 34 108 100 113 9 41 87 86 78 31 140 3 55 72 79 141 82 17 94 38 39 7 27 77 92 43 33 139 143 80 103 14 40 57 62 11 102 49 135 8 138 110 90 58 
52 73 117 56 59 51 106 97 130 67 10 84 122 132 36 145 69 2 96 101 134 5 133 6 26 136 23 28 91 76 37 74 32 120 137 48 35 71 98 4 18 21 89 75 93 125 88 66 68 61 127 15 99 148 22 65 123 1 105 64 34 108 100 113 9 41 87 86 78 31 140 3 55 72 79 141 82 17 94 38 39 7 27 77 92 43 33 139 143 80 103 14 40 57 62 11 102 49 135 8 138 110 90 58 
53 73 117 56 59 51 106 97 130 67 10 53 84 122 132 36 145 69 2 96 101 134 5 133 6 26 136 23 28 91 76 37 74 32 120 137 48 35 71 98 4 18 21 89 75 93 125 88 66 68 61 127 15 99 148 22 65 123 1 105 64 34 108 100 113 9 41 87 86 78 31 140 3 55 72 79 141 82 17 94 39 7 27 77 92 43 33 139 143 80 103 14 40 57 62 11 102 49 135 8 138 110 90 58 
54 73 117 56 59 51 106 97 130 54 67 10 53 84 122 132 36 145 69 2 96 101 134 5 133 6 26 136 23 28 91 76 37 74 32 120 137 48 35 71 98 4 18 21 89 75 93 125 88 66 68 61 127 15 99 148 22 65 123 1 105 64 34 108 100 113 9 41 87 86 78 31 140 3 55 72 79 141 82 17 94 7 27 77 92 43 33 139 143 80 103 14 40 57 62 11 102 49 135 8 138 110 90 58 
55 73 117 56 59 51 106 97 130 54 67 10 53 84 122 132 36 145 69 2 101 134 5 46 133 6 26 136 23 28 91 76 37 74 32 120 137 48 35 98 4 18 21 89 75 93 125 45 88 66 68 61 127 15 99 148 22 65 123 1 105 64 34 108 100 113 9 41 87 86 78 31 140 3 55 72 79 141 82 17 94 38 39 7 27 77 92 43 33 139 143 80 103 14 40 57 62 11 102 49 135 8 138 110 90 58 
56 73 117 59 56 51 106 97 130 54 67 10 53 84 122 132 36 145 69 2 101 134 5 46 133 6 26 136 23 28 91 76 37 74 32 120 137 48 35 98 4 18 21 89 75 93 125 45 88 66 68 61 127 15 99 148 22 65 123 1 64 34 108 100 113 9 41 87 86 78 31 140 3 55 72 79 141 17 94 38 39 7 27 77 92 43 33 139 143 80 103 14 40 57 62 11 102 49 135 8 138 110 90 58 
57 73 117 56 59 51 106 97 130 54 67 10 53 84 122 132 36 145 69 2 101 134 5 46 133 6 26 136 23 28 91 76 37 74 32 120 137 48 35 98 4 18 21 89 75 93 125 45 88 66 68 61 127 15 99 148 22 65 123 1 64 34 108 100 113 9 41 87 86 78 31 140 3 55 72 79 141 17 94 38 39 7 27 77 92 43 33 139 143 80 103 14 40 62 57 11 102 49 135 8 138 110 90 58 
58 73 117 56 59 51 106 97 130 54 67 10 53 84 122 132 36 145 69 2 101 134 5 46 133 6 26 136 23 28 91 76 37 74 32 120 137 48 35 98 4 18 21 89 75 93 125 45 88 66 68 61 127 15 99 148 22 65 123 1 64 34 108 100 113 9 41 87 86 78 31 140 3 55 72 79 141 17 94 38 39 7 27 77 92 43 33 139 143 80 103 14 40 57 62 11 102 49 135 8 138 110 90 58 
59 73 117 56 59 51 106 97 130 54 67 10 53 84 122 132 36 145 69 2 101 134 5 46 133 6 26 136 23 28 91 76 37 74 32 120 137 48 35 98 4 18 21 89 75 93 125 45 88 66 68 61 127 15 99 148 22 65 123 1 64 34 108 100 113 9 41 87 86 78 31 140 3 55 72 79 141 17 94 38 39 7 27 77 92 43 33 139 143 80 103 14 40 57 62 11 102 49 135 8 138 110 90 58 
60 73 117 56 59 51 106 97 130 54 67 10 53 84 122 132 36 145 69 2 101 134 5 46 133 6 26 136 23 28 91 76 37 74 32 120 137 48 35 98 4 18 21 89 75 93 125 45 88 66 68 61 127 15 99 148 22 65 123 1 64 34 108 100 113 9 41 87 86 78 31 140 3 55 72 79 141 17 94 38 39 7 27 77 92 43 33 139 143 80 103 14 40 57 62 11 102 49 135 8 138 110 90 58 
61 73 117 56 59 51 106 97 130 54 67 10 53 84 122 36 69 2 101 134 5 46 133 6 26 136 23 28 91 76 37 74 32 120 137 48 35 98 4 18 21 89 75 93 125 45 88 66 68 61 127 15 99 148 22 65 123 1 64 34 108 100 113 9 41 87 86 78 31 140 3 55 72 79 141 17 94 38 39 7 27 77 92 43 33 139 143 80 103 14 40 57 62 11 102 49 135 8 138 110 90 58 
62 73 117 56 59 51 106 97 130 54 67 10 53 84 122 36 69 2 101 134 5 46 133 6 26 136 23 28 91 76 37 74 32 120 137 48 35 98 4 18 21 89 75 93 125 45 88 66 68 61 127 15 99 148 22 65 123 1 64 34 108 100 113 9 41 87 86 78 31 140 3 55 72 79 141 17 94 38 39 7 27 77 92 43 33 139 143 80 103 14 40 57 62 11 102 49 135 8 138 110 90 58 
63 73 117 56 59 51 106 97 130 54 67 10 53 84 122 36 69 2 101 134 5 46 133 6 26 136 23 28 91 76 37 74 32 120 137 48 35 98 4 18 21 89 75 93 125 45 88 66 68 61 127 15 99 148 22 65 123 1 64 34 108 100 113 9 41 87 86 78 31 140 3 55 72 79 141 17 94 38 39 7 27 77 92 43 33 139 143 80 103 14 40 57 62 11 102 49 135 8 138 110 90 58 
64 73 117 56 59 51 106 97 130 54 67 10 53 84 122 36 69 2 101 134 5 46 133 6 26 136 23 28 91 76 37 74 32 120 137 48 35 98 4 18 21 89 75 93 125 45 88 66 68 61 127 15 99 148 22 65 123 1 64 34 108 100 113 9 41 87 86 78 31 140 3 55 72 79 141 17 94 38 39 7 27 77 92 43 33 139 143 80 103 14 40 57 62 11 102 49 135 8 138 110 90 58 
65 73 117 56 59 51 106 97 130 54 67 10 53 84 122 36 69 2 101 134 5 46 133 6 26 136 23 28 91 76 37 74 32 120 137 48 35 98 4 18 21 89 75 93 125 45 88 66 68 61 127 15 99 148 22 123 65 1 64 34 108 100 113 9 41 87 86 78 31 140 3 55 72 79 141 17 94 38 39 7 27 77 92 43 33 139 143 80 103 14 40 57 62 11 102 49 135 8 138 110 90 58 
66 73 117 56 59 51 106 97 130 54 67 10 53 84 122 36 69 2 101 134 5 46 133 6 26 136 23 28 91 76 37 74 32 120 137 48 35 98 4 18 21 89 75 93 125 45 88 68 66 61 127 15 99 148 22 65 123 1 64 34 108 100 113 9 41 87 86 78 31 140 3 55 72 79 141 17 94 38 39 7 27 77 92 43 33 139 143 80 103 14 40 57 62 11 102 49 135 8 138 110 90 58 
67 73 117 56 59 51 106 97 130 54 67 10 53 84 122 36 69 2 101 134 5 46 133 6 26 136 23 28 91 76 37 74 32 120 137 48 35 98 4 18 21 89 75 93 125 45 88 66 68 61 127 15 99 148 22 65 123 1 64 34 108 100 113 9 41 87 86 78 31 140 3 55 72 79 141 17 94 38 39 7 27 77 92 43 33 139 143 80 103 14 40 57 62 11 102 49 135 8 138 110 90 58 
68 73 117 56 59 51 106 97 130 54 67 10 53 84 122 36 69 2 101 134 5 46 133 6 26 136 23 28 91 76 37 74 32 120 137 48 35 98 4 18 21 89 75 93 125 45 88 66 68 61 127 15 99 148 22 65 123 1 64 34 108 100 113 9 41 87 86 78 31 140 3 55 72 79 141 17 94 38 39 7 27 77 92 43 33 139 143 80 103 14 40 57 62 11 102 49 135 8 138 110 90 58 
69 73 117 56 59 51 106 97 130 54 67 10 53 84 122 36 69 2 101 134 5 46 133 6 26 136 23 28 91 76 37 74 32 120 137 48 35 98 4 18 21 89 75 93 125 45 88 66 68 61 127 15 99 148 22 65 123 1 64 34 108 100 113 9 41 87 86 78 31 140 3 55 72 79 141 17 94 38 39 7 27 77 92 43 33 139 143 80 103 14 40 57 62 11 102 49 135 8 138 110 90 58 
70 73 117 56 59 51 106 97 130 54 67 10 53 84 122 36 69 2 101 134 5 46 133 6 26 136 23 28 91 76 37 74 32 120 137 48 35 98 4 18 21 89 75 93 125 45 88 66 68 61 127 15 99 148 22 65 123 1 64 34 108 100 113 9 41 87 86 78 31 140 3 55 72 79 141 17 94 38 39 7 27 77 92 43 33 139 143 80 103 14 40 57 62 11 102 49 135 8 138 110 90 58 
71 73 117 56 59 51 106 97 130 54 67 10 53 84 122 36 69 2 101 134 5 46 133 6 26 136 23 28 91 76 37 74 32 120 137 48 35 71 98 4 18 21 89 75 93 125 45 88 66 68 61 127 15 99 148 22 65 123 1 64 34 108 100 113 9 41 87 86 78 31 140 3 72 79 141 17 94 38 39 7 27 77 92 43 33 139 143 80 103 14 40 57 62 11 102 49 135 8 138 110 90 58 
72 73 117 56 59 51 106 97 130 54 67 10 53 84 122 36 69 2 101 134 5 46 133 6 26 136 23 28 91 76 37 74 32 120 137 48 35 71 98 4 18 21 89 75 93 125 45 88 66 68 61 127 15 99 148 22 65 123 1 64 34 108 100 113 9 41 87 86 78 31 140 3 72 79 141 17 94 38 39 7 27 77 92 43 33 139 143 80 103 14 40 57 62 11 102 49 135 8 138 110 90 58 
73 117 73 56 59 51 106 97 130 54 67 10 53 84 122 36 69 2 101 134 5 46 133 6 26 136 23 28 91 76 37 74 32 120 137 48 35 71 98 4 18 21 89 75 93 125 45 88 66 68 61 127 15 99 148 22 65 123 1 64 34 108 100 113 9 41 87 86 78 31 140 3 72 79 141 17 94 38 39 7 27 77 92 43 33 139 143 80 103 14 40 57 62 11 102 49 135 8 138 110 90 58 
74 73 117 56 59 51 106 97 130 54 67 10 53 84 122 36 69 2 101 134 5 46 133 6 26 136 23 28 91 76 37 74 32 120 137 48 35 71 98 4 18 21 89 75 93 125 45 88 66 68 61 127 15 99 148 22 65 123 1 64 34 108 100 113 9 41 87 86 78 31 140 3 72 79 141 17 94 38 39 7 27 77 92 43 33 139 143 80 103 14 40 57 62 11 102 49 135 8 138 110 90 58 
75 73 117 56 59 51 106 97 130 54 67 10 53 84 122 36 69 2 101 134 5 46 133 6 26 136 23 28 91 76 37 74 32 120 137 48 35 71 98 4 18 21 89 75 93 125 45 88 66 68 61 127 15 99 148 22 65 123 1 64 34 108 100 113 9 41 87 86 78 31 140 3 72 79 141 17 94 38 39 7 27 77 92 43 33 139 143 80 103 14 40 57 62 11 102 49 135 8 138 110 90 58 
76 73 117 56 59 51 106 97 130 54 67 10 53 84 122 36 69 2 101 134 5 46 133 6 26 136 23 28 91 76 37 74 32 120 137 48 35 71 98 4 18 21 89 75 93 125 45 88 66 68 61 127 15 99 148 22 65 123 1 64 34 108 100 113 9 41 87 86 78 31 140 3 72 79 141 17 94 38 39 7 27 77 92 43 33 139 143 80 103 14 40 57 62 11 102 49 135 8 138 110 90 58 
77 73 117 56 59 51 106 97 130 54 67 10 53 84 122 36 69 2 101 134 5 46 133 6 26 136 23 28 91 76 37 74 32 120 137 48 35 71 98 4 18 21 89 75 93 125 45 88 66 68 61 127 15 99 148 22 65 123 1 64 34 108 100 113 9 41 87 86 78 31 140 3 72 79 141 17 94 38 39 7 27 77 92 43 33 139 143 80 103 14 40 57 62 11 102 49 135 8 138 110 90 58 
78 73 117 56 59 51 106 97 130 54 67 10 53 84 122 36 69 2 101 134 5 46 133 6 26 136 23 28 91 76 37 74 32 120 137 48 35 71 98 4 18 21 89 75 93 125 45 88 66 68 61 127 15 99 148 22 65 123 1 64 34 108 100 113 9 41 87 86 78 31 140 3 72 79 141 17 94 38 39 7 27 77 92 43 33 139 143 80 103 14 40 57 62 11 102 49 135 8 138 110 90 58 
79 73 117 56 59 51 106 97 130 54 67 10 53 84 122 36 69 2 101 134 5 46 133 6 26 136 23 28 91 76 37 74 32 120 137 48 35 71 98 4 18 21 89 75 93 125 45 88 66 68 61 127 15 99 148 22 65 123 1 64 34 108 100 113 9 41 87 86 78 31 140 3 72 79 141 17 94 38 39 7 27 77 92 43 33 139 143 80 103 14 40 57 62 11 102 49 135 8 138 110 90 58 
80 73 117 56 59 51 106 97 130 54 67 10 53 84 122 36 69 2 101 134 5 46 133 6 26 136 23 28 91 76 37 74 32 120 137 48 35 71 98 4 18 21 89 75 93 125 45 88 66 68 61 127 15 99 148 22 65 123 1 64 34 108 100 113 9 41 87 86 78 31 140 3 72 79 141 17 94 38 39 7 27 77 92 43 33 139 143 80 103 14 40 57 62 11 102 49 135 8 138 110 90 58 
81 73 117 56 59 51 106 97 130 54 67 10 53 84 122 36 69 2 101 134 5 46 133 6 26 136 23 28 91 76 37 74 32 120 137 48 35 71 98 4 18 21 89 75 93 125 45 88 66 68 61 127 15 99 148 22 65 123 1 64 34 108 100 113 9 41 87 86 78 31 140 3 72 79 141 17 94 38 39 7 27 77 92 43 33 139 143 80 103 14 40 57 62 11 102 49 135 8 138 110 90 58 
82 73 117 59 51 106 97 130 54 67 10 53 84 122 36 69 2 101 134 5 46 133 6 26 136 23 28 91 76 37 74 32 120 137 48 35 71 98 4 18 21 89 75 93 125 45 88 66 68 61 127 15 99 148 22 65 123 1 64 34 108 100 113 9 41 87 86 78 31 140 3 72 79 141 82 17 94 38 39 7 27 77 92 43 33 139 143 80 103 14 40 57 62 11 102 49 135 8 138 110 90 58 
83 73 117 59 51 106 97 130 54 67 10 53 84 122 36 69 2 101 134 5 46 133 6 26 136 23 28 91 76 37 74 32 120 137 48 35 71 98 4 18 21 89 75 93 125 45 88 66 68 61 127 15 99 148 22 65 123 1 64 34 108 100 113 9 41 87 86 78 31 140 3 72 79 141 82 17 94 38 39 7 27 77 92 43 33 139 143 80 103 14 40 57 62 11 102 49 135 8 138 110 90 58 
84 73 117 56 59 51 106 97 130 54 67 10 53 84 122 36 69 2 101 134 5 46 133 6 26 136 23 28 91 76 37 74 32 120 137 48 35 98 4 18 21 89 75 93 125 45 88 66 68 61 127 15 99 148 22 65 123 1 64 34 108 100 113 9 41 87 86 78 31 140 3 55 72 79 141 17 94 38 39 7 27 77 92 43 33 139 143 80 103 14 40 57 62 11 102 49 135 8 138 110 90 58 
85 73 117 56 59 51 106 97 130 54 67 10 53 84 122 36 69 2 101 134 5 46 133 6 26 136 23 28 91 76 37 74 32 120 137 48 35 98 4 18 21 89 75 93 125 45 88 66 68 61 127 15 99 148 22 65 123 1 64 34 108 100 113 9 41 87 86 78 31 140 3 55 72 79 141 17 94 38 39 7 27 77 92 43 33 139 143 80 103 14 40 57 62 11 102 49 135 8 138 110 90 58 
86 73 117 56 59 51 106 97 130 54 67 10 53 84 122 36 69 2 101 134 5 46 133 6 26 136 23 28 91 76 37 74 32 120 137 48 35 98 4 18 21 89 75 93 125 45 88 66 68 61 127 15 99 148 22 65 123 1 64 34 108 100 113 9 41 87 86 78 31 140 3 55 72 79 141 17 94 38 39 7 27 77 92 43 33 139 143 80 103 14 40 57 62 11 102 49 135 8 138 110 90 58 
87 73 117 56 59 51 106 97 130 54 67 10 53 84 122 36 69 2 101 134 5 46 133 6 26 136 23 28 91 76 37 74 32 120 137 48 35 98 4 18 21 89 75 93 125 45 88 66 68 61 127 15 99 148 22 65 123 1 64 34 108 100 113 9 41 87 86 78 31 140 3 55 72 79 141 17 94 38 39 7 27 77 92 43 33 139 143 80 103 14 40 57 62 11 102 49 135 8 138 110 90 58 
88 73 117 56 59 51 106 97 130 54 67 10 53 84 122 36 69 2 101 134 5 46 133 6 26 136 23 28 91 76 37 74 32 120 137 48 35 98 4 18 21 89 75 93 125 45 88 66 68 61 127 15 99 148 22 65 123 1 64 34 108 100 113 9 41 87 86 78 31 140 3 55 72 79 141 17 94 38 39 7 27 77 92 43 33 139 143 80 103 14 40 57 62 11 102 49 135 8 138 110 90 58 
89 73 117 56 59 51 106 97 130 54 67 10 53 84 122 36 69 2 101 134 5 46 133 6 26 136 23 28 91 76 37 74 32 120 137 48 35 98 4 18 21 89 75 93 125 45 88 66 68 61 127 15 99 148 22 65 123 1 64 34 108 100 113 9 41 87 86 78 31 140 3 55 72 79 141 17 94 38 39 7 27 77 92 43 33 139 143 80 103 14 40 57 62 11 102 49 135 8 138 110 90 58 
90 73 117 56 59 51 106 97 130 54 67 10 53 84 122 36 69 2 101 134 5 46 133 6 26 136 23 28 91 76 37 74 32 120 137 48 35 98 4 18 21 89 75 93 125 45 88 66 68 61 127 15 99 148 22 65 123 1 64 34 108 100 113 9 41 87 86 78 31 140 3 55 72 79 141 17 94 38 39 7 27 77 92 43 33 139 143 80 103 14 40 57 62 11 102 49 135 8 138 110 90 58 
91 73 117 56 59 51 106 97 130 54 67 10 53 84 122 36 69 2 101 134 5 46 133 6 26 136 23 28 91 76 37 74 32 120 137 48 35 98 4 18 21 89 75 93 125 45 88 66 68 61 127 15 99 148 22 65 123 1 64 34 108 100 113 9 41 87 86 78 31 140 3 55 72 79 141 17 94 38 39 7 27 77 92 43 33 139 143 80 103 14 40 57 62 11 102 49 135 8 138 110 90 58 
92 73 117 56 59 51 106 97 130 54 67 10 53 84 122 36 69 2 101 134 5 46 133 6 26 136 23 28 91 76 37 74 32 120 137 48 35 98 4 18 21 89 75 93 125 45 88 66 68 61 127 15 99 148 22 65 123 1 64 34 108 100 113 9 41 87 86 78 31 140 3 55 72 79 141 17 94 38 39 7 27 77 92 43 33 139 143 80 103 14 40 57 62 11 102 49 135 8 138 110 90 58 
93 73 117 56 59 51 106 97 130 54 67 10 53 84 122 36 69 2 101 134 5 46 133 6 26 136 23 28 91 76 37 74 32 120 137 48 35 98 4 18 21 89 75 93 125 45 88 66 68 61 127 15 99 148 22 65 123 1 64 34 108 100 113 9 41 87 86 78 31 140 3 55 72 79 141 17 94 38 39 7 27 77 92 43 33 139 143 80 103 14 40 57 62 11 102 49 135 8 138 110 90 58 
94 73 117 56 59 51 106 97 130 54 67 10 53 84 122 36 69 2 101 134 5 46 133 6 26 136 23 28 91 76 37 74 32 120 137 48 35 98 4 18 21 89 75 93 125 45 88 66 68 61 127 15 99 148 22 65 123 1 64 34 108 100 113 9 41 87 86 78 31 140 3 55 72 79 141 17 94 38 39 7 27 77 92 43 33 139 143 80 103 14 40 57 62 11 102 49 135 8 138 110 90 58 
95 73 117 56 59 51 106 97 130 54 67 10 53 84 122 36 69 2 101 134 5 46 133 6 26 136 23 28 91 76 37 74 32 120 137 48 35 98 4 18 21 89 75 93 125 45 88 66 68 61 127 15 99 148 22 65 123 1 64 34 108 100 113 9 41 87 86 78 31 140 3 55 72 79 141 17 94 38 39 7 27 77 92 43 33 139 143 80 103 14 40 57 62 11 102 49 135 8 138 110 90 58 
96 73 117 56 59 51 106 97 130 54 67 10 53 84 122 36 69 2 101 134 96 5 46 133 6 26 136 23 28 91 76 37 74 32 120 137 48 35 98 4 18 21 89 75 93 125 45 88 66 68 61 127 15 99 148 22 65 123 1 64 34 108 100 113 9 41 87 86 78 31 140 3 72 79 141 17 94 38 39 7 27 77 92 43 33 139 143 80 103 14 40 57 62 11 102 49 135 8 138 110 90 58 
97 73 117 56 59 51 106 130 97 54 67 10 53 84 122 36 69 2 96 101 134 5 46 133 6 26 136 23 28 91 76 37 74 32 120 137 48 35 98 4 18 21 89 75 93 125 45 88 66 68 61 127 15 99 148 22 65 123 1 64 34 108 100 113 9 41 87 86 78 31 140 3 72 79 141 17 94 38 39 7 27 77 92 43 33 139 143 80 103 14 40 57 62 11 102 49 135 8 138 110 90 58 
98 73 117 56 59 51 106 97 130 54 67 10 53 84 122 36 69 2 96 101 134 5 46 133 6 26 136 23 28 91 76 37 74 32 120 137 48 35 98 4 18 21 89 75 93 125 45 88 66 68 61 127 15 99 148 22 65 123 1 64 34 108 100 113 9 41 87 86 78 31 140 3 72 79 141 17 94 38 39 7 27 77 92 43 33 139 143 80 103 14 40 57 62 11 102 49 135 8 138 110 90 58 
99 73 117 56 59 51 106 97 130 54 67 10 53 84 122 36 69 2 96 101 134 5 46 133 6 26 136 23 28 91 76 37 74 32 120 137 48 35 98 4 18 21 89 75 93 125 45 88 66 68 61 127 15 99 148 22 65 123 1 64 34 108 100 113 9 41 87 86 78 31 140 3 72 79 141 17 94 38 39 7 27 77 92 43 33 139 143 80 103 14 40 57 62 11 102 49 135 8 138 110 90 58 
100 73 117 56 59 51 106 97 130 54 67 10 53 84 122 36 69 2 96 101 134 5 46 133 6 26 136 23 28 91 76 37 74 32 120 137 48 35 98 4 18 21 89 75 93 125 45 88 66 68 61 127 15 99 148 22 65 123 1 64 34 108 113 100 9 41 87 86 78 31 140 3 72 79 141 17 94 38 39 7 27 77 92 43 33 139 143 80 103 14 40 57 62 11 102 49 135 8 138 110 90 58 
101 73 117 56 59 51 106 97 130 54 67 10 53 84 122 36 69 2 96 134 101 5 46 133 6 26 136 23 28 91 76 37 74 32 120 137 48 35 98 4 18 21 89 75 93 125 45 88 66 68 61 127 15 99 148 22 65 123 1 64 34 108 100 113 9 41 87 86 78 31 140 3 72 79 141 17 94 38 39 7 27 77 92 43 33 139 143 80 103 14 40 57 62 11 102 49 135 8 138 110 90 58 
102 73 117 56 59 51 106 97 130 54 67 10 53 84 122 36 69 2 96 101 134 5 46 133 6 26 136 23 28 91 76 37 74 32 120 137 48 35 98 4 18 21 89 75 93 125 45 88 66 68 61 127 15 99 148 22 65 123 1 64 34 108 100 113 9 41 87 86 78 31 140 3 72 79 141 17 94 38 39 7 27 77 92 43 33 139 143 80 103 14 40 57 62 11 102 49 135 8 138 110 90 58 
103 73 117 56 59 51 106 97 130 54 67 10 53 84 122 36 69 2 96 101 134 5 46 133 6 26 136 23 28 91 76 37 74 32 120 137 48 35 98 4 18 21 89 75 93 125 45 88 66 68 61 127 15 99 148 22 65 123 1 64 34 108 100 113 9 41 87 86 78 31 140 3 72 79 141 17 94 38 39 7 27 77 92 43 33 139 143 80 103 14 40 57 62 11 102 49 135 8 138 110 90 58 
104 73 117 56 59 51 106 97 130 54 67 10 53 84 122 36 69 2 96 101 134 5 46 133 6 26 136 23 28 91 76 37 74 32 120 137 48 35 98 4 18 21 89 75 93 125 45 88 66 68 61 127 15 99 148 22 65 123 1 64 34 108 100 113 9 41 87 86 78 31 140 3 72 79 141 17 94 38 39 7 27 77 92 43 33 139 143 80 103 14 40 57 62 11 102 49 135 8 138 110 90 58 
105 73 117 59 51 106 97 130 54 67 10 53 84 122 36 69 2 96 101 134 5 46 133 6 26 136 23 28 91 76 37 74 32 120 137 48 35 98 4 18 21 89 75 93 125 45 88 66 68 61 127 15 99 148 22 65 123 1 105 64 34 108 100 113 9 41 87 86 78 31 140 3 72 79 141 17 94 38 39 7 27 77 92 43 33 139 143 80 103 14 40 57 62 11 102 49 135 8 138 110 90 58 
106 73 117 56 59 51 106 97 130 54 67 10 53 84 122 132 36 145 69 2 96 101 134 5 46 133 6 26 136 23 28 91 76 37 74 32 120 137 48 35 71 98 4 18 21 89 75 93 125 45 88 66 68 61 127 15 99 148 22 65 123 1 105 64 34 108 100 113 9 41 87 86 78 31 140 3 55 72 79 141 82 17 94 38 39 7 27 77 92 43 33 139 143 80 103 14 40 57 62 11 102 49 135 8 138 110 90 58 
107 73 117 56 59 51 106 97 130 54 67 10 53 84 122 132 36 145 69 2 96 101 134 5 46 133 6 26 136 23 28 91 76 37 74 32 120 137 48 35 71 98 4 18 21 89 75 93 125 45 88 66 68 61 127 15 99 148 22 65 123 1 105 64 34 108 100 113 9 41 87 86 78 31 140 3 55 72 79 141 82 17 94 38 39 7 27 77 92 43 33 139 143 80 103 14 40 57 62 11 102 49 135 8 138 110 90 58 
108 73 117 56 59 51 106 97 130 54 67 10 53 84 122 132 36 145 69 2 96 101 134 5 46 133 6 26 136 23 28 91 76 37 74 32 120 137 48 35 71 98 4 18 21 89 75 93 125 45 88 66 68 61 127 15 99 148 22 65 123 1 105 64 34 108 100 113 9 41 87 86 78 31 140 3 55 72 79 141 82 17 94 38 39 7 27 77 92 43 33 139 143 80 103 14 40 57 62 11 102 49 135 8 138 110 90 58 
109 73 117 56 59 51 106 97 130 54 67 10 53 84 122 132 36 145 69 2 96 101 134 5 46 133 6 26 136 23 28 91 76 37 74 32 120 137 48 35 71 98 4 18 21 89 75 93 125 45 88 66 68 61 127 15 99 148 22 65 123 1 105 64 34 108 100 113 9 41 87 86 78 31 140 3 55 72 79 141 82 17 94 38 39 7 27 77 92 43 33 139 143 80 103 14 40 57 62 11 102 49 135 8 138 110 90 58 
110 73 117 56 59 51 106 97 130 54 67 10 53 84 122 132 36 145 69 2 96 101 134 5 46 133 6 26 136 23 28 91 76 37 74 32 120 137 48 35 71 98 4 18 21 89 75 93 125 45 88 66 68 61 127 15 99 148 22 65 123 1 105 64 34 108 100 113 9 41 87 86 78 31 140 3 55 72 79 141 82 17 94 38 39 7 27 77 92 43 33 139 143 80 103 14 40 57 62 11 102 49 135 8 138 110 90 58 
111 73 117 56 59 51 106 97 130 54 67 10 53 84 122 132 36 145 69 2 96 101 134 5 46 133 6 26 136 23 28 91 76 37 74 32 120 137 48 35 71 98 4 18 21 89 75 93 125 45 88 66 68 61 127 15 99 148 22 65 123 1 105 64 34 108 100 113 9 41 87 86 78 31 140 3 55 72 79 141 82 17 94 38 39 7 27 77 92 43 33 139 143 80 103 14 40 57 62 11 102 49 135 8 138 110 90 58 
112 73 117 56 59 51 106 97 130 54 67 10 53 84 122 132 36 145 69 2 96 101 134 5 46 133 6 26 136 23 28 91 76 37 74 32 120 137 48 35 71 98 4 18 21 89 75 93 125 45 88 66 68 61 127 15 99 148 22 65 123 1 105 64 34 108 100 113 9 41 87 86 78 31 140 3 55 72 79 141 82 17 94 38 39 7 27 77 92 43 33 139 143 80 103 14 40 57 62 11 102 49 135 8 138 110 90 58 
113 73 117 56 59 51 106 97 130 54 67 10 53 84 122 132 36 145 69 2 96 101 134 5 46 133 6 26 136 23 28 91 76 37 74 32 120 137 48 35 71 98 4 18 21 89 75 93 125 45 88 66 68 61 127 15 99 148 22 65 123 1 105 64 34 108 100 113 9 41 87 86 78 31 140 3 55 72 79 141 82 17 94 38 39 7 27 77 92 43 33 139 143 80 103 14 40 57 62 11 102 49 135 8 138 110 90 58 
114 73 117 56 59 51 106 97 130 54 67 10 53 84 122 132 36 145 69 2 96 101 134 5 46 133 6 26 136 23 28 91 76 37 74 32 120 137 48 35 71 98 4 18 21 89 75 93 125 45 88 66 68 61 127 15 99 148 22 65 123 1 105 64 34 108 100 113 9 41 87 86 78 31 140 3 55 72 79 141 82 17 94 38 39 7 27 77 92 43 33 139 143 80 103 14 40 57 62 11 102 49 135 8 138 110 90 58 
115 73 117 56 59 51 106 97 130 54 67 10 53 84 122 132 36 145 69 2 96 101 134 5 46 133 6 26 136 23 28 91 76 37 74 32 120 137 48 35 71 98 4 18 21 89 75 93 125 45 88 66 68 61 127 15 99 148 22 65 123 1 105 64 34 108 100 113 9 41 87 86 78 31 140 3 55 72 79 141 82 17 94 38 39 7 27 77 92 43 33 139 143 80 103 14 40 57 62 11 102 49 135 8 138 110 90 58 
116 73 117 56 59 51 106 97 130 54 67 10 53 84 122 132 36 145 69 2 96 101 134 5 46 133 6 26 136 23 28 91 76 37 74 32 120 137 48 35 71 98 4 18 21 89 75 93 125 45 88 66 68 61 127 15 99 148 22 65 123 1 105 64 34 108 100 113 9 41 87 86 78 31 140 3 55 72 79 141 82 17 94 38 39 7 27 77 92 43 33 139 143 80 103 14 40 57 62 11 102 49 135 8 138 110 90 58 
117 73 117 56 59 51 106 97 130 54 67 10 53 84 122 132 36 145 69 2 96 101 134 5 46 133 6 26 136 23 28 91 76 37 74 32 120 137 48 35 71 98 4 18 21 89 75 93 125 45 88 66 68 61 127 15 99 148 22 65 123 1 105 64 34 108 100 113 9 41 87 86 78 31 140 3 55 72 79 141 82 17 94 38 39 7 27 77 92 43 33 139 143 80 103 14 40 57 62 11 102 49 135 8 138 110 90 58 
118 73 117 56 59 51 106 97 130 54 67 10 53 84 122 132 36 145 69 2 96 101 134 5 46 133 6 26 136 23 28 91 76 37 74 32 120 137 48 35 71 98 4 18 21 89 75 93 125 45 88 66 68 61 127 15 99 148 22 65 123 1 105 64 34 108 100 113 9 41 87 86 78 31 140 3 55 72 79 141 82 17 94 38 39 7 27 77 92 43 33 139 143 80 103 14 40 57 62 11 102 49 135 8 138 110 90 58 
119 73 117 56 59 51 106 97 130 54 67 10 53 84 122 132 36 145 69 2 96 101 134 5 46 133 6 26 136 23 28 91 76 37 74 32 120 137 48 35 71 98 4 18 21 89 75 93 125 45 88 66 68 61 127 15 99 148 22 65 123 1 105 64 34 108 100 113 9 41 87 86 78 31 140 3 55 72 79 141 82 17 94 38 39 7 27 77 92 43 33 139 143 80 103 14 40 57 62 11 102 49 135 8 138 110 90 58 
120 73 117 56 59 51 106 97 130 54 67 10 53 84 122 132 36 145 69 2 96 101 134 5 46 133 6 26 136 23 28 91 76 37 74 32 137 120 48 35 71 98 4 18 21 89 75 93 125 45 88 66 68 61 127 15 99 148 22 65 123 1 105 64 34 108 100 113 9 41 87 86 78 31 140 3 55 72 79 141 82 17 94 38 39 7 27 77 92 43 33 139 143 80 103 14 40 57 62 11 102 49 135 8 138 110 90 58 
121 73 117 56 59 51 106 97 130 54 67 10 53 84 122 132 36 145 69 2 96 101 134 5 46 133 6 26 136 23 28 91 76 37 74 32 120 137 48 35 71 98 4 18 21 89 75 93 125 45 88 66 68 61 127 15 99 148 22 65 123 1 105 64 34 108 100 113 9 41 87 86 78 31 140 3 55 72 79 141 82 17 94 38 39 7 27 77 92 43 33 139 143 80 103 14 40 57 62 11 102 49 135 8 138 110 90 58 
122 73 117 56 59 51 106 97 130 54 67 10 53 84 132 122 36 145 69 2 96 101 134 5 46 133 6 26 136 23 28 91 76 37 74 32 120 137 48 35 71 98 4 18 21 89 75 93 125 45 88 66 68 61 127 15 99 148 22 65 123 1 105 64 34 108 100 113 9 41 87 86 78 31 140 3 55 72 79 141 82 17 94 38 39 7 27 77 92 43 33 139 143 80 103 14 40 57 62 11 102 49 135 8 138 110 90 58 
123 73 117 56 59 51 106 97 130 54 67 10 53 84 122 132 36 145 69 2 96 101 134 5 46 133 6 26 136 23 28 91 76 37 74 32 120 137 48 35 71 98 4 18 21 89 75 93 125 45 88 66 68 61 127 15 99 148 22 65 123 1 105 64 34 108 100 113 9 41 87 86 78 31 140 3 55 72 79 141 82 17 94 38 39 7 27 77 92 43 33 139 143 80 103 14 40 57 62 11 102 49 135 8 138 110 90 58 
124 73 117 56 59 51 106 97 130 54 67 10 53 84 122 132 36 145 69 2 96 101 134 5 46 133 6 26 136 23 28 91 76 37 74 32 120 137 48 35 71 98 4 18 21 89 75 93 125 45 88 66 68 61 127 15 99 148 22 65 123 1 105 64 34 108 100 113 9 41 87 86 78 31 140 3 55 72 79 141 82 17 94 38 39 7 27 77 92 43 33 139 143 80 103 14 40 57 62 11 102 49 135 8 138 110 90 58 
125 73 117 56 59 51 106 97 130 54 67 10 53 84 122 132 36 145 69 2 96 101 134 5 46 133 6 26 136 23 28 91 76 37 74 32 120 137 48 35 71 98 4 18 21 89 75 93 125 45 88 66 68 61 127 15 99 148 22 65 123 1 105 64 34 108 100 113 9 41 87 86 78 31 140 3 55 72 79 141 82 17 94 38 39 7 27 77 92 43 33 139 143 80 103 14 40 57 62 11 102 49 135 8 138 110 90 58 
126 73 117 56 59 51 106 97 130 54 67 10 53 84 122 132 36 145 69 2 96 101 134 5 46 133 6 26 136 23 28 91 76 37 74 32 120 137 48 35 71 98 4 18 21 89 75 93 125 45 88 66 68 61 127 15 99 148 22 65 123 1 105 64 34 108 100 113 9 41 87 86 78 31 140 3 55 72 79 141 82 17 94 38 39 7 27 77 92 43 33 139 143 80 103 14 40 57 62 11 102 49 135 8 138 110 90 58 
127 73 117 56 59 51 106 97 130 54 67 10 53 84 122 132 36 145 69 2 96 101 134 5 46 133 6 26 136 23 28 91 76 37 74 32 120 137 48 35 71 98 4 18 21 89 75 93 125 45 88 66 68 61 127 15 99 148 22 65 123 1 105 64 34 108 100 113 9 41 87 86 78 31 140 3 55 72 79 141 82 17 94 38 39 7 27 77 92 43 33 139 143 80 103 14 40 57 62 11 102 49 135 8 138 110 90 58 
128 73 117 56 59 51 106 97 130 54 67 10 53 84 122 132 36 145 69 2 96 101 134 5 46 133 6 26 136 23 28 91 76 37 74 32 120 137 48 35 71 98 4 18 21 89 75 93 125 45 88 66 68 61 127 15 99 148 22 65 123 1 105 64 34 108 100 113 9 41 87 86 78 31 140 3 55 72 79 141 82 17 94 38 39 7 27 77 92 43 33 139 143 80 103 14 40 57 62 11 102 49 135 8 138 110 90 58 
129 73 117 56 59 51 106 97 130 54 67 10 53 84 122 132 36 145 69 2 96 101 134 5 46 133 6 26 136 23 28 91 76 37 74 32 120 137 48 35 71 98 4 18 21 89 75 93 125 45 88 66 68 61 127 15 99 148 22 65 123 1 105 64 34 108 100 113 9 41 87 86 78 31 140 3 55 72 79 141 82 17 94 38 39 7 27 77 92 43 33 139 143 80 103 14 40 57 62 11 102 49 135 8 138 110 90 58 
130 73 117 56 59 51 106 97 130 54 67 10 53 84 122 132 36 145 69 2 96 101 134 5 46 133 6 26 136 23 28 91 76 37 74 32 120 137 48 35 71 98 4 18 21 89 75 93 125 45 88 66 68 61 127 15 99 148 22 65 123 1 105 64 34 108 100 113 9 41 87 86 78 31 140 3 55 72 79 141 82 17 94 38 39 7 27 77 92 43 33 139 143 80 103 14 40 57 62 11 102 49 135 8 138 110 90 58 
131 73 117 56 59 51 106 97 130 54 67 10 53 84 122 132 36 145 69 2 96 101 134 5 46 133 6 26 136 23 28 91 76 37 74 32 120 137 48 35 71 98 4 18 21 89 75 93 125 45 88 66 68 61 127 15 99 148 22 65 123 1 105 64 34 108 100 113 9 41 87 86 78 31 140 3 55 72 79 141 82 17 94 38 39 7 27 77 92 43 33 139 143 80 103 14 40 57 62 11 102 49 135 8 138 110 90 58 
132 73 117 56 59 51 106 97 130 54 67 10 53 84 122 132 36 69 2 96 101 134 5 46 133 6 26 136 23 28 91 76 37 74 32 120 137 48 35 71 98 4 18 21 89 75 93 125 45 88 66 68 127 15 99 148 22 65 123 1 105 64 34 108 100 113 9 41 87 86 78 31 140 3 55 72 79 141 82 17 94 38 39 7 27 77 92 43 33 139 143 80 103 14 40 57 62 11 102 49 135 8 138 110 90 58 
133 73 117 56 59 51 106 97 130 54 67 10 53 84 122 132 36 69 2 96 101 134 5 46 133 6 26 136 23 28 91 76 37 74 32 120 137 48 35 71 98 4 18 21 89 75 93 125 45 88 66 68 127 15 99 148 22 65 123 1 105 64 34 108 100 113 9 41 87 86 78 31 140 3 55 72 79 141 82 17 94 38 39 7 27 77 92 43 33 139 143 80 103 14 40 57 62 11 102 49 135 8 138 110 90 58 
134 73 117 56 59 51 106 97 130 54 67 10 53 84 122 132 36 69 2 96 101 134 5 46 133 6 26 136 23 28 91 76 37 74 32 120 137 48 35 71 98 4 18 21 89 75 93 125 45 88 66 68 127 15 99 148 22 65 123 1 105 64 34 108 100 113 9 41 87 86 78 31 140 3 55 72 79 141 82 17 94 38 39 7 27 77 92 43 33 139 143 80 103 14 40 57 62 11 102 49 135 8 138 110 90 58 
135 73 117 56 59 51 106 97 130 54 67 10 53 84 122 132 36 69 2 96 101 134 5 46 133 6 26 136 23 28 91 76 37 74 32 120 137 48 35 71 98 4 18 21 89 75 93 125 45 88 66 68 127 15 99 148 22 65 123 1 105 64 34 108 100 113 9 41 87 86 78 31 140 3 55 72 79 141 82 17 94 38 39 7 27 77 92 43 33 139 143 80 103 14 40 57 62 11 102 49 135 8 138 110 90 58 
136 73 117 56 59 51 106 97 130 54 67 10 53 84 122 132 36 69 2 96 101 134 5 46 133 6 26 136 23 28 91 76 37 74 32 120 137 48 35 71 98 4 18 21 89 75 93 125 45 88 66 68 127 15 99 148 22 65 123 1 105 64 34 108 100 113 9 41 87 86 78 31 140 3 55 72 79 141 82 17 94 38 39 7 27 77 92 43 33 139 143 80 103 14 40 57 62 11 102 49 135 8 138 110 90 58 
137 73 117 56 59 51 106 97 130 54 67 10 53 84 122 132 36 69 2 96 101 134 5 46 133 6 26 136 23 28 91 76 37 74 32 120 137 48 35 71 98 4 18 21 89 75 93 125 45 88 66 68 127 15 99 148 22 65 123 1 105 64 34 108 100 113 9 41 87 86 78 31 140 3 55 72 79 141 82 17 94 38 39 7 27 77 92 43 33 139 143 80 103 14 40 57 62 11 102 49 135 8 138 110 90 58 
138 73 117 56 59 51 106 97 130 54 67 10 53 84 122 132 36 69 2 96 101 134 5 46 133 6 26 136 23 28 91 76 37 74 32 120 137 48 35 71 98 4 18 21 89 75 93 125 45 88 66 68 127 15 99 148 22 65 123 1 105 64 34 108 100 113 9 41 87 86 78 31 140 3 55 72 79 141 82 17 94 38 39 7 27 77 92 43 33 139 143 80 103 14 40 57 62 11 102 49 135 8 138 110 90 58 
139 73 117 56 59 51 106 97 130 54 67 10 53 84 122 132 36 69 2 96 101 134 5 46 133 6 26 136 23 28 91 76 37 74 32 120 137 48 35 71 98 4 18 21 89 75 93 125 45 88 66 68 127 15 99 148 22 65 123 1 105 64 34 108 100 113 9 41 87 86 78 31 140 3 55 72 79 141 82 17 94 38 39 7 27 77 92 43 33 139 143 80 103 14 40 57 62 11 102 49 135 8 138 110 90 58 
140 73 117 56 59 51 106 97 130 54 67 10 53 84 122 132 36 69 2 96 101 134 5 46 133 6 26 136 23 28 91 76 37 74 32 120 137 48 35 71 98 4 18 21 89 75 93 125 45 88 66 68 127 15 99 148 22 65 123 1 105 64 34 108 100 113 9 41 87 86 78 31 140 3 55 72 79 141 82 17 94 38 39 7 27 77 92 43 33 139 143 80 103 14 40 57 62 11 102 49 135 8 138 110 90 58 
141 73 117 56 59 51 106 97 130 54 67 10 53 84 122 132 36 69 2 96 101 134 5 46 133 6 26 136 23 28 91 76 37 74 32 120 137 48 35 71 98 4 18 21 89 75 93 125 45 88 66 68 127 15 99 148 22 65 123 1 105 64 34 108 100 113 9 41 87 86 78 31 140 3 55 72 79 141 82 17 94 38 39 7 27 77 92 43 33 139 143 80 103 14 40 57 62 11 102 49 135 8 138 110 90 58 
142 73 117 56 59 51 106 97 130 54 67 10 53 84 122 132 36 69 2 96 101 134 5 46 133 6 26 136 23 28 91 76 37 74 32 120 137 48 35 71 98 4 18 21 89 75 93 125 45 88 66 68 127 15 99 148 22 65 123 1 105 64 34 108 100 113 9 41 87 86 78 31 140 3 55 72 79 141 82 17 94 38 39 7 27 77 92 43 33 139 143 80 103 14 40 57 62 11 102 49 135 8 138 110 90 58 
143 73 117 56 59 51 106 97 130 54 67 10 53 84 122 132 36 145 69 2 96 101 134 5 46 133 6 26 136 23 28 91 76 37 74 32 120 137 48 35 71 98 4 18 21 89 75 93 125 45 88 66 68 61 127 15 99 148 22 65 123 1 105 64 34 108 100 113 9 41 87 86 78 31 140 3 55 72 79 141 82 17 94 38 39 7 27 77 92 43 33 139 143 80 103 14 40 57 62 11 102 49 135 8 138 110 90 58 
144 73 117 56 59 51 106 97 130 54 67 10 53 84 122 132 36 145 69 2 96 101 134 5 46 133 6 26 136 23 28 91 76 37 74 32 120 137 48 35 71 98 4 18 21 89 75 93 125 45 88 66 68 61 127 15 99 148 22 65 123 1 105 64 34 108 100 113 9 41 87 86 78 31 140 3 55 72 79 141 82 17 94 38 39 7 27 77 92 43 33 139 143 80 103 14 40 57 62 11 102 49 135 8 138 110 90 58 
145 73 117 56 59 51 106 97 130 54 67 10 53 84 122 36 145 69 2 96 101 134 5 46 133 6 26 136 23 28 91 76 37 74 32 120 137 48 35 71 98 4 18 21 89 75 93 125 45 88 66 68 127 15 99 148 22 65 123 1 105 64 34 108 100 113 9 41 87 86 78 31 140 3 55 72 79 141 82 17 94 38 39 7 27 77 92 43 33 139 143 80 103 14 40 57 62 11 102 49 135 8 138 110 90 58 
146 73 117 56 59 51 106 97 130 54 67 10 53 84 122 36 145 69 2 96 101 134 5 46 133 6 26 136 23 28 91 76 37 74 32 120 137 48 35 71 98 4 18 21 89 75 93 125 45 88 66 68 127 15 99 148 22 65 123 1 105 64 34 108 100 113 9 41 87 86 78 31 140 3 55 72 79 141 82 17 94 38 39 7 27 77 92 43 33 139 143 80 103 14 40 57 62 11 102 49 135 8 138 110 90 58 
147 73 117 56 59 51 106 97 130 54 67 10 53 84 122 36 145 69 2 96 101 134 5 46 133 6 26 136 23 28 91 76 37 74 32 120 137 48 35 71 98 4 18 21 89 75 93 125 45 88 66 68 127 15 99 148 22 65 123 1 105 64 34 108 100 113 9 41 87 86 78 31 140 3 55 72 79 141 82 17 94 38 39 7 27 77 92 43 33 139 143 80 103 14 40 57 62 11 102 49 135 8 138 110 90 58 
148 73 117 56 59 51 106 97 130 54 67 10 53 84 122 132 36 145 69 2 96 101 134 5 46 133 6 26 136 23 28 91 76 37 74 32 120 137 48 35 71 98 4 18 21 89 75 93 125 45 88 66 68 61 127 99 148 22 65 123 1 105 64 34 108 100 113 9 41 87 86 78 31 140 3 55 72 79 141 82 17 94 38 39 7 27 77 92 43 33 139 143 80 103 14 40 57 62 11 102 49 135 8 138 110 90 58 
149 73 117 56 59 51 106 97 130 54 67 10 53 84 122 132 36 145 69 2 96 101 134 5 46 133 6 26 136 23 28 91 76 37 74 32 120 137 48 35 71 98 4 18 21 89 75 93 125 45 88 66 68 61 127 99 148 22 65 123 1 105 64 34 108 100 113 9 41 87 86 78 31 140 3 55 72 79 141 82 17 94 38 39 7 27 77 92 43 33 139 143 80 103 14 40 57 62 11 102 49 135 8 138 110 90 58 
150 73 117 56 59 51 106 97 130 54 67 10 53 84 122 132 36 145 69 2 96 101 134 5 46 133 6 26 136 23 28 91 76 37 74 32 120 137 48 35 71 98 4 18 21 89 75 93 125 45 88 66 68 61 127 15 99 148 22 65 123 1 105 64 34 108 100 113 9 41 87 86 78 31 140 3 55 72 79 141 82 17 94 38 39 7 27 77 92 43 33 139 143 80 103 14 40 57 62 11 102 49 135 8 138 110 90 58 
