1 1 
2 2 1 
3 3 2 1 
4 3 2 4 1 
5 3 2 4 5 1 
6 3 2 4 5 6 1 
7 3 2 4 7 5 6 1 
8 3 2 4 7 5 6 8 1 
9 3 2 4 7 5 9 6 8 1 
10 3 2 4 7 5 9 6 8 1 10 
11 3 11 2 4 7 5 9 6 8 1 10 
12 3 11 2 4 7 5 9 6 8 1 10 
13 3 11 2 4 7 5 9 6 8 1 10 
14 3 11 2 4 7 5 9 6 8 14 1 10 
15 3 11 4 7 9 2 5 15 6 8 14 1 10 
16 3 11 4 7 9 16 2 5 15 6 8 14 1 10 
17 3 11 4 7 9 16 2 5 15 6 8 14 1 10 
18 3 11 4 7 9 16 2 5 15 6 8 14 1 10 
19 3 11 4 7 9 19 16 2 5 15 6 8 14 1 10 
20 3 11 4 7 9 19 20 16 2 5 15 6 8 14 1 10 
21 3 11 4 7 9 19 20 16 2 21 5 15 6 8 14 1 10 
22 3 11 4 7 9 19 20 16 2 21 5 15 6 8 14 1 10 
23 3 11 4 7 9 19 20 16 2 21 5 15 6 8 14 1 10 
24 3 11 4 7 9 19 20 16 2 21 5 15 6 8 14 1 10 
