1 1 
2 1 2 
3 1 2 3 
4 4 1 2 3 
5 4 1 2 3 5 
6 6 4 1 2 3 5 
7 6 4 1 2 7 3 5 
8 6 4 1 2 7 3 5 
9 6 4 1 9 2 7 3 5 
10 6 4 1 9 2 7 3 5 
11 11 6 4 1 9 2 7 3 5 
12 11 6 4 1 9 2 12 7 3 5 
13 11 6 13 4 1 9 2 12 7 3 5 
14 11 6 13 4 1 9 14 2 12 7 3 5 
15 11 13 4 15 1 9 14 2 12 7 3 5 
16 11 13 4 15 1 9 14 2 12 7 3 5 
17 6 4 1 17 9 2 7 3 5 
18 6 4 1 17 9 2 7 3 5 
19 6 4 1 17 9 2 19 7 3 5 
20 6 4 1 17 9 2 19 7 3 5 
21 6 21 4 1 17 9 2 19 7 3 5 
22 6 21 4 22 1 17 9 2 19 7 3 5 
23 4 1 9 7 3 5 6 21 22 17 23 2 19 
24 4 1 9 24 7 3 5 6 21 22 17 23 2 19 
25 4 1 9 24 7 3 5 21 22 25 17 23 2 19 
26 11 4 15 1 9 26 14 24 7 3 5 6 21 13 22 25 17 23 2 12 19 
27 11 4 15 1 9 26 14 24 7 3 5 6 21 13 22 25 17 23 2 12 27 19 
28 11 4 15 1 9 26 14 24 7 3 5 6 21 13 22 25 28 17 23 2 12 27 19 
29 11 4 15 1 9 26 14 24 7 3 5 6 21 13 29 22 25 28 17 23 2 12 27 19 
30 15 1 9 26 14 3 21 22 25 28 17 23 12 27 11 30 4 24 7 5 6 13 29 2 19 
31 11 30 4 1 31 9 26 14 24 7 3 5 21 13 29 22 28 17 23 12 2 27 19 
32 11 30 4 1 31 9 26 14 24 7 3 5 21 13 29 22 28 17 23 12 2 27 19 
