1 1 
2 2 1 
3 3 2 1 
4 3 2 4 1 
5 3 2 4 5 1 
6 3 6 2 4 5 1 
7 3 6 2 4 5 7 1 
8 3 6 2 4 5 8 7 1 
9 3 9 6 2 4 5 8 7 1 
10 3 9 6 2 4 5 8 7 10 1 
11 3 9 6 2 4 5 11 8 7 10 1 
12 3 9 6 2 4 5 11 8 7 10 1 
13 3 9 6 2 4 5 11 8 7 10 1 
14 3 9 6 2 4 5 11 14 8 7 10 1 
15 9 6 2 4 11 14 7 1 3 5 8 10 15 
16 9 6 2 4 11 14 7 1 16 3 5 8 10 15 
17 9 6 2 4 11 14 17 7 1 16 3 5 8 10 15 
18 18 9 6 2 4 11 14 17 7 1 16 3 5 8 10 15 
19 18 9 6 2 4 11 14 17 7 1 16 3 5 8 10 15 
20 18 9 6 2 4 11 14 17 7 1 16 3 5 8 10 15 20 
21 18 9 6 2 4 11 14 17 7 1 16 3 5 8 10 15 20 
22 18 9 6 2 4 11 14 17 7 1 16 3 5 8 10 15 20 
23 18 9 6 2 4 11 14 17 23 7 1 16 3 5 8 10 20 
24 18 24 9 6 2 4 11 14 17 23 7 1 16 3 5 8 10 20 
25 18 24 9 6 2 4 11 14 17 23 7 1 16 3 5 8 10 20 
26 18 24 9 6 2 4 11 17 23 7 1 16 3 5 8 10 26 20 
27 18 24 9 6 2 4 11 17 23 7 1 16 3 5 8 10 26 20 
28 18 9 6 2 4 11 14 17 7 1 16 3 5 8 10 15 28 
29 18 9 6 2 4 11 14 17 7 1 16 3 5 8 10 15 28 
30 18 9 6 2 4 11 14 17 7 30 1 16 3 5 8 10 15 28 
31 18 9 6 2 4 11 14 17 7 30 1 16 3 5 8 10 15 28 
32 18 9 6 2 4 11 17 7 30 1 16 3 5 32 8 10 15 28 
33 18 9 6 2 4 11 17 7 30 1 16 3 5 32 8 10 15 28 
34 18 9 6 2 4 11 14 17 7 30 1 16 3 34 5 8 10 15 28 
35 18 9 6 2 4 11 14 17 7 30 1 16 3 34 5 8 10 15 28 
36 18 9 6 2 4 11 17 7 30 1 16 3 34 5 8 36 10 15 28 
37 18 9 6 2 4 11 17 7 30 1 16 3 34 5 8 36 10 15 28 
38 18 9 6 2 4 11 38 14 17 7 1 16 3 5 8 10 15 28 
39 18 9 6 2 4 11 38 14 17 7 1 16 3 5 8 10 15 28 
40 18 9 6 2 4 11 38 14 17 7 1 16 3 5 8 10 15 28 
41 18 9 41 6 2 4 11 38 14 17 7 1 16 3 5 8 10 28 
42 18 9 41 6 2 4 11 38 14 17 7 1 16 3 5 8 10 28 42 
43 18 9 41 6 2 4 11 38 14 17 7 1 16 3 5 8 10 28 42 
44 18 9 41 6 2 4 11 38 17 44 7 1 16 3 5 8 10 28 42 
45 24 9 6 38 44 7 30 3 32 36 15 18 41 45 2 4 11 14 17 23 1 16 34 5 8 10 26 28 42 20 
46 24 9 6 46 38 44 7 30 3 32 36 15 18 41 45 2 4 11 14 17 23 1 16 34 5 8 10 26 28 42 20 
47 24 9 6 46 38 44 7 30 3 32 36 15 18 41 45 2 4 47 11 14 17 23 1 16 34 5 8 10 26 28 42 20 
48 24 9 6 46 38 44 7 30 3 32 36 15 18 41 45 2 4 47 11 14 17 23 1 16 48 34 5 8 10 26 28 42 20 
49 24 9 6 46 38 44 7 30 3 32 36 15 49 18 41 45 2 4 47 11 14 17 23 1 16 48 34 5 8 10 26 28 42 20 
50 24 9 6 46 38 44 7 30 3 32 36 15 49 18 41 45 50 2 4 47 11 14 17 23 1 16 48 34 5 8 10 26 28 42 20 
51 24 9 6 46 38 44 7 30 3 32 36 15 49 18 41 45 50 2 4 47 11 14 17 23 1 16 48 34 5 8 51 10 26 28 42 20 
52 24 9 6 46 38 44 7 30 3 32 36 15 49 18 41 45 50 2 4 47 11 14 17 23 1 16 48 34 5 52 8 51 10 26 28 42 20 
53 24 9 6 46 38 44 7 30 3 53 32 36 15 49 18 41 45 50 2 4 47 11 14 17 23 1 16 48 34 5 52 8 51 10 26 28 42 20 
54 24 9 6 46 38 44 7 30 3 53 32 36 15 49 18 41 45 50 2 4 47 54 11 14 17 23 1 16 48 34 5 52 8 51 10 26 28 42 20 
55 24 9 6 46 38 44 7 30 3 53 32 36 55 15 49 18 41 45 50 2 4 47 54 11 14 17 23 1 16 48 34 5 52 8 51 10 26 28 42 20 
56 24 9 6 46 38 44 7 30 3 53 32 56 36 55 15 49 18 41 45 50 2 4 47 54 11 14 17 23 1 16 48 34 5 52 8 51 10 26 28 42 20 
57 24 9 6 46 38 44 7 30 3 53 32 56 36 55 15 49 18 41 45 50 2 4 47 54 11 14 17 23 1 16 48 34 5 52 8 51 10 26 28 42 57 20 
58 24 9 6 46 38 44 7 30 3 53 32 58 56 36 55 15 49 18 41 45 50 2 4 47 54 11 14 17 23 1 16 48 34 5 52 8 51 10 26 28 42 57 20 
59 24 9 6 46 38 44 7 30 3 53 32 58 56 36 55 15 49 18 41 45 50 2 4 47 54 59 11 14 17 23 1 16 48 34 5 52 8 51 10 26 28 42 57 20 
60 24 9 6 46 38 60 44 7 30 3 53 32 58 56 36 55 15 49 18 41 45 50 2 4 47 54 59 11 14 17 23 1 16 48 34 5 52 8 51 10 26 28 42 57 20 
61 24 9 6 46 61 38 60 44 7 30 3 53 32 58 56 36 55 15 49 18 41 45 50 2 4 47 54 59 11 14 17 23 1 16 48 34 5 52 8 51 10 26 28 42 57 20 
62 24 9 6 46 61 38 60 44 7 30 3 53 32 58 56 36 55 15 49 18 41 45 50 2 4 47 54 59 11 14 17 23 1 16 48 34 5 52 8 51 10 26 28 42 57 20 
63 24 9 6 46 61 38 60 44 7 30 63 3 53 32 58 56 36 55 15 49 18 41 45 50 2 4 47 54 11 14 17 23 1 16 48 34 5 52 8 51 10 26 28 42 57 20 
64 24 9 6 46 61 38 60 44 7 30 64 63 3 53 32 58 56 36 55 15 49 18 41 45 50 2 4 47 54 59 11 14 17 23 1 16 48 34 5 52 8 51 10 26 28 42 57 20 
65 9 46 61 60 44 64 3 36 55 15 49 18 45 50 2 4 47 59 1 48 34 52 65 8 10 26 28 20 24 6 38 7 30 63 53 32 58 56 41 54 11 14 17 23 16 5 51 42 57 
66 9 46 61 60 44 64 3 36 55 15 49 18 45 50 2 4 47 59 1 48 34 52 65 8 10 26 28 20 24 6 38 7 30 63 53 32 58 56 66 41 54 11 14 17 23 16 5 51 42 57 
67 9 46 61 60 44 64 3 36 55 15 49 18 45 50 2 4 47 59 1 48 34 52 67 65 8 10 26 28 20 24 6 38 7 30 63 53 32 58 56 66 41 54 11 14 17 23 16 5 51 42 57 
68 9 46 61 60 44 64 3 36 55 15 49 18 45 50 2 4 47 59 1 48 34 52 67 65 8 10 26 28 20 24 6 38 7 30 63 53 32 58 56 66 68 41 54 11 14 17 23 16 5 51 42 57 
69 9 46 61 69 60 44 64 3 36 55 15 49 18 45 50 2 4 47 59 1 48 34 52 67 65 8 10 26 28 20 24 6 38 7 30 63 53 32 58 56 66 68 41 54 11 14 17 23 16 5 51 42 57 
70 9 46 61 69 60 44 64 3 36 55 15 49 18 45 50 2 4 47 59 70 1 48 34 52 67 65 8 10 26 28 20 24 6 38 7 30 63 53 32 58 66 68 41 54 11 14 17 23 16 5 51 42 57 
71 9 46 61 69 60 44 64 3 36 55 15 49 18 45 50 2 4 47 59 70 1 48 34 52 67 65 8 10 26 28 20 24 6 38 7 30 63 53 32 58 66 68 41 54 11 14 17 23 16 5 51 42 57 
72 9 46 61 69 60 44 64 3 36 55 15 49 18 45 50 2 4 47 59 70 1 48 34 52 67 65 8 10 26 28 20 72 24 6 38 7 30 63 53 32 58 66 68 41 54 11 14 17 23 16 5 51 42 57 
73 9 46 61 69 60 44 64 3 36 55 15 49 18 45 50 2 4 47 59 70 1 48 34 52 67 65 8 10 26 28 20 72 24 6 38 7 30 63 53 32 58 66 68 41 73 54 11 14 17 23 16 5 51 42 57 
74 9 46 61 69 60 44 64 3 36 55 15 49 18 45 50 2 4 47 59 70 1 48 34 52 67 65 8 10 26 28 20 72 24 6 38 7 30 63 53 32 58 66 68 41 73 54 11 14 17 23 16 5 74 51 42 57 
75 9 46 61 69 60 44 64 3 75 36 55 15 49 18 45 50 2 4 47 59 70 1 48 34 52 67 65 8 10 26 28 20 72 24 6 38 7 30 63 53 32 66 68 41 73 54 11 14 17 23 16 5 74 51 42 57 
76 9 46 61 69 60 44 64 3 75 36 55 15 49 18 45 50 2 4 47 59 70 1 48 34 52 67 65 8 10 26 28 20 72 24 6 38 7 30 63 53 32 58 66 68 41 73 54 11 14 17 23 16 5 76 74 51 42 57 
77 9 46 61 69 77 60 44 64 3 75 36 55 15 49 18 45 50 2 4 47 59 70 1 48 34 52 67 65 8 10 26 28 20 72 24 6 38 7 30 63 53 32 58 66 68 41 73 54 11 14 17 23 16 5 76 74 51 42 57 
78 9 46 61 69 77 60 44 64 3 75 36 55 15 49 18 45 50 2 4 47 59 70 1 48 34 52 67 65 8 10 26 28 20 72 24 6 38 7 30 63 53 32 58 66 68 78 41 73 54 11 14 17 23 16 5 76 74 51 42 57 
79 9 46 61 69 77 60 44 64 3 75 36 55 15 49 18 45 50 2 4 47 59 70 79 1 48 34 52 67 65 8 10 26 28 20 72 24 6 38 7 30 63 53 32 58 66 68 78 41 73 54 11 14 17 23 16 5 76 74 51 42 57 
80 9 46 61 69 77 60 44 64 3 75 36 55 15 49 18 45 50 2 4 47 59 70 79 1 48 34 52 67 65 8 10 26 28 20 72 24 6 38 7 30 63 53 32 58 66 68 78 41 80 73 54 11 14 17 23 16 5 76 74 51 42 57 
81 9 46 61 69 77 60 44 64 3 75 36 55 15 49 18 45 50 2 4 47 59 70 79 1 48 34 52 67 65 8 10 26 28 20 72 24 6 38 7 30 63 81 53 32 58 66 68 78 41 80 73 54 11 14 17 23 16 5 76 74 51 42 57 
82 9 46 61 69 77 60 44 64 3 75 36 55 15 49 18 45 50 2 4 47 59 70 79 1 48 34 52 67 65 8 10 26 28 20 72 24 6 38 7 30 63 81 53 32 58 66 68 78 41 80 73 54 11 14 17 23 16 5 76 82 74 51 42 57 
83 9 46 61 69 77 60 44 64 3 75 36 55 15 49 18 45 50 2 4 47 59 70 79 1 48 34 52 67 65 8 10 26 28 20 72 24 6 38 7 30 63 81 83 53 32 58 66 68 78 41 80 73 54 11 14 17 23 16 5 76 82 74 51 42 57 
84 9 46 61 69 77 60 44 64 3 75 36 55 15 49 18 45 50 2 4 47 59 70 79 84 1 48 34 52 67 65 8 10 26 28 20 72 24 6 38 7 30 63 81 83 53 32 58 66 68 78 41 80 73 54 11 14 17 23 16 5 76 82 74 51 42 57 
85 9 46 61 69 77 60 44 64 3 75 36 55 15 49 18 45 50 2 4 47 59 70 79 84 1 48 34 52 67 65 8 85 10 26 28 20 72 24 6 38 7 30 63 81 83 53 32 58 66 68 78 41 80 73 54 11 14 17 23 16 5 76 82 74 51 42 57 
86 9 46 61 69 77 60 44 64 3 75 36 55 15 49 18 45 50 2 4 47 59 70 79 84 1 48 34 52 67 65 8 85 10 26 28 20 72 24 6 38 7 30 63 81 83 53 32 58 66 68 78 41 80 73 54 11 14 17 23 16 86 5 76 82 74 51 42 57 
87 9 46 61 69 77 60 44 64 3 75 36 55 15 49 18 45 50 2 4 47 59 70 79 84 1 48 34 52 67 65 8 85 10 26 28 20 72 24 6 38 7 30 63 81 83 87 53 32 58 66 68 78 41 80 73 54 11 14 17 23 16 86 5 76 82 74 51 42 57 
88 9 46 61 69 77 60 44 64 3 75 36 55 15 49 18 45 50 2 4 47 59 70 79 84 1 48 34 52 67 65 8 85 10 26 28 20 72 24 6 38 7 30 63 81 83 87 53 32 58 66 68 78 41 80 73 54 11 14 17 23 16 86 5 76 82 74 51 42 57 
89 9 46 61 69 77 60 44 64 3 75 36 55 15 49 18 45 50 2 4 47 59 70 79 84 1 48 34 52 67 65 8 85 10 26 28 20 72 24 89 6 38 7 30 63 81 83 87 53 32 58 66 68 78 41 80 73 54 11 14 17 23 16 86 5 76 82 74 51 42 57 
90 9 46 61 69 77 60 44 64 3 75 36 55 15 49 18 45 50 2 4 47 59 70 79 84 1 48 34 52 67 65 8 85 10 26 28 20 72 24 89 6 38 7 30 63 81 83 87 53 32 58 66 68 78 41 80 73 54 11 14 17 23 16 86 5 76 82 74 51 42 57 
91 9 46 61 69 77 60 44 64 3 75 36 55 15 49 18 45 50 2 4 47 59 70 79 84 1 48 34 52 67 65 8 85 91 10 26 28 20 72 24 89 6 38 7 30 63 81 83 87 53 32 58 66 68 78 41 80 73 54 11 14 17 23 16 86 5 76 82 74 51 42 57 
92 9 46 61 69 77 60 44 64 3 75 36 55 15 49 18 45 50 2 4 47 59 70 79 84 1 48 34 52 67 65 8 85 91 10 26 28 20 72 24 89 6 38 7 30 63 81 83 87 53 32 58 66 68 78 41 80 73 54 11 14 17 23 16 92 86 5 76 82 74 51 42 57 
93 9 46 61 69 77 60 44 64 3 75 36 55 15 49 18 45 50 2 4 47 59 70 79 84 1 48 34 52 67 65 8 85 91 10 26 28 20 72 24 89 6 38 7 30 63 81 83 87 53 32 58 66 68 78 41 80 73 54 11 14 17 23 16 92 86 5 76 82 74 51 42 57 
94 9 46 61 69 77 60 44 64 3 75 36 55 15 49 18 45 50 2 4 47 59 70 79 84 94 1 48 34 52 67 65 8 85 91 10 26 28 20 72 24 89 6 38 7 30 63 81 83 87 53 32 58 66 68 78 41 80 73 54 11 14 17 23 16 92 86 5 76 82 74 51 42 57 
95 9 46 61 69 77 60 44 64 3 75 36 55 15 49 18 45 50 2 4 47 59 70 79 84 94 1 48 34 52 67 65 8 85 91 10 26 28 20 72 24 89 6 38 7 30 63 81 83 87 95 53 32 58 66 68 78 41 80 73 54 11 14 17 23 16 92 86 5 76 82 74 51 42 57 
96 9 46 61 69 77 60 44 64 3 75 36 55 15 49 18 45 50 2 4 47 59 70 79 84 94 1 48 34 52 67 65 8 85 91 10 26 28 20 72 24 89 6 38 7 30 63 81 83 87 95 53 32 58 66 68 78 41 80 73 54 11 14 17 23 16 92 86 5 76 82 74 51 42 57 
97 9 46 61 69 77 60 44 64 3 75 36 55 15 49 18 45 50 2 4 47 59 70 79 84 94 1 48 34 52 67 65 8 85 91 10 26 28 20 72 24 89 6 38 7 30 63 81 83 87 95 53 32 58 66 68 78 41 80 73 54 11 14 17 23 16 92 86 97 5 76 82 74 51 42 57 
98 9 46 61 69 77 60 44 64 3 75 36 55 15 49 18 45 50 2 4 47 59 70 79 84 94 1 48 34 52 67 65 8 85 91 10 26 28 20 72 24 89 6 38 7 30 63 81 83 87 95 53 32 58 66 68 78 41 80 73 54 11 14 17 23 16 92 86 97 5 76 82 74 51 42 57 
99 9 46 61 69 77 60 44 64 3 75 36 55 15 49 18 45 50 2 4 47 59 70 79 84 94 1 48 34 52 67 65 8 85 91 10 26 28 20 72 24 89 6 38 7 30 63 81 83 87 95 53 32 58 66 68 78 41 80 73 54 11 14 17 23 16 92 86 97 5 76 82 74 51 42 57 99 
100 9 46 61 69 77 60 44 64 3 75 36 55 15 49 18 45 50 2 4 47 59 70 79 84 100 1 48 34 52 67 65 8 85 91 10 26 28 20 72 24 89 6 38 7 30 63 81 83 87 95 53 32 58 66 68 78 41 80 73 54 11 14 17 23 16 92 86 97 5 76 82 74 51 42 57 99 
101 9 46 61 69 77 60 44 64 3 75 36 55 15 49 18 45 50 2 4 47 59 70 79 84 94 100 1 48 34 52 67 65 8 85 91 10 26 28 20 72 24 89 6 38 7 30 63 81 83 87 95 53 32 58 66 68 78 41 80 73 54 11 14 17 23 16 92 86 97 5 76 82 74 51 42 57 99 
102 9 46 61 69 77 60 44 64 3 75 36 55 15 49 18 45 50 2 4 47 59 70 79 84 94 100 1 48 34 52 67 65 8 85 91 10 26 28 20 72 24 89 6 38 7 30 63 81 83 87 95 53 32 58 66 68 78 41 80 73 54 11 14 17 23 16 92 86 97 5 76 82 74 51 42 57 99 
103 9 46 61 69 77 60 44 64 3 75 36 55 15 49 18 45 50 2 4 47 59 70 79 84 94 100 1 48 34 52 67 65 8 85 91 10 26 28 20 72 24 89 6 38 7 30 103 63 81 83 87 95 53 32 58 66 68 78 41 80 73 54 11 14 17 23 16 92 86 97 5 76 82 74 51 42 57 99 
104 9 46 61 69 77 60 44 64 3 75 36 55 15 49 18 45 50 2 4 47 59 70 79 84 94 100 1 48 34 52 67 65 8 85 91 10 26 28 20 72 24 89 6 38 7 30 103 63 81 83 87 95 53 32 58 66 68 78 41 80 73 54 11 14 17 23 16 92 86 97 5 76 82 74 51 42 57 99 
105 9 105 46 61 69 77 60 44 64 3 75 36 55 15 49 18 45 50 2 4 47 59 70 79 84 94 100 1 48 34 52 67 65 8 85 91 10 26 28 20 72 24 89 6 38 7 30 103 63 81 83 87 95 53 32 58 66 68 78 41 80 73 54 11 14 17 23 16 92 86 97 5 76 82 74 51 42 57 99 
106 9 105 46 61 69 77 60 44 64 3 75 36 55 15 49 18 45 50 2 4 47 59 70 79 84 94 100 1 48 34 52 67 65 8 85 91 10 26 28 20 72 24 89 6 38 7 30 103 63 81 83 87 95 53 32 58 66 68 78 41 80 73 54 11 14 17 23 16 92 106 86 97 5 76 82 74 51 42 57 99 
107 9 105 46 61 69 77 60 44 64 3 75 36 55 15 49 18 45 50 2 4 47 59 70 79 84 94 100 1 48 34 52 67 65 8 85 91 10 26 28 20 72 24 89 6 38 7 30 103 63 81 83 87 95 53 32 58 66 68 78 41 80 73 54 11 14 17 23 16 92 106 86 97 5 76 82 74 51 42 57 99 
108 9 105 46 61 69 77 60 108 44 64 3 75 36 55 15 49 18 45 50 2 4 47 59 70 79 84 94 100 1 48 34 52 67 65 8 85 91 10 26 28 20 72 24 89 6 38 7 30 103 63 81 83 87 95 53 32 58 66 68 78 41 80 73 54 11 14 17 23 16 92 106 86 97 5 76 82 74 51 42 57 99 
109 9 105 46 61 69 77 60 108 44 64 3 75 36 55 15 49 18 45 50 2 4 47 59 70 79 84 94 100 1 48 34 52 67 65 8 85 91 10 26 28 20 72 24 89 6 38 109 7 30 103 63 81 83 87 95 53 32 58 66 68 78 41 80 73 54 11 14 17 23 16 92 106 86 97 5 76 82 74 51 42 57 99 
110 9 105 46 61 69 77 60 108 44 64 3 75 36 55 15 49 18 45 50 2 4 47 59 70 79 84 94 100 1 48 34 52 67 65 8 85 91 10 26 28 20 72 24 89 6 38 109 7 30 103 63 81 83 87 95 53 32 58 66 68 78 41 80 73 54 11 14 17 23 16 92 106 86 97 5 76 82 74 51 42 57 99 
111 9 105 46 61 69 77 60 108 44 64 3 75 36 55 15 49 18 45 50 2 4 47 59 70 79 84 94 100 1 48 34 52 67 65 8 85 91 10 26 28 20 72 24 89 6 38 109 7 30 103 63 81 83 87 95 53 32 58 66 68 78 41 80 73 54 11 14 17 23 16 92 106 86 97 5 76 82 74 51 42 57 99 
112 9 105 46 61 69 77 60 108 44 64 3 75 36 55 15 49 18 45 50 2 4 47 59 70 79 84 94 100 1 48 34 52 67 65 8 85 91 10 26 28 20 72 24 89 6 38 109 7 30 103 63 81 83 87 95 53 32 58 66 68 78 41 80 73 54 11 14 17 23 16 92 106 86 97 5 76 82 74 51 42 57 99 
113 9 105 46 61 69 77 60 108 44 64 3 75 36 55 15 49 18 45 50 2 4 47 59 70 79 84 94 100 1 48 34 52 67 65 8 85 91 10 26 28 20 72 24 89 6 38 109 7 30 103 63 81 83 87 95 53 32 58 66 68 78 41 80 73 54 11 14 17 23 16 92 106 86 97 5 76 82 74 51 42 57 99 
114 9 105 46 61 69 77 60 108 44 64 3 75 36 55 15 49 18 45 50 2 4 47 59 70 79 84 94 100 1 48 34 52 67 65 8 85 91 10 26 28 20 72 24 89 6 38 109 7 30 103 63 81 83 87 95 53 32 58 66 68 78 41 80 73 54 11 14 17 23 16 92 106 86 97 5 76 82 74 51 42 57 99 
115 9 105 46 61 69 77 60 44 64 3 75 36 55 15 49 18 45 50 2 4 47 59 70 79 84 94 100 1 48 34 52 67 65 8 85 91 10 26 28 20 72 24 89 6 38 109 7 30 103 63 81 83 87 95 115 53 32 58 66 68 78 41 80 73 54 11 14 17 23 16 92 106 86 97 5 76 82 74 51 42 57 99 
116 9 105 46 61 69 77 60 44 64 3 75 36 55 15 49 18 45 50 2 4 47 59 70 79 84 94 100 1 48 34 52 67 65 8 85 91 10 26 28 20 72 24 89 6 38 109 7 30 103 63 81 83 87 95 115 53 32 58 66 68 78 41 80 73 54 11 14 17 23 16 92 106 86 97 5 76 82 74 51 42 57 99 
117 9 105 46 61 69 77 60 44 64 3 75 36 55 15 49 18 45 50 2 4 47 59 70 79 84 94 100 1 48 34 52 67 65 8 85 91 10 26 28 20 72 24 89 6 38 109 7 30 103 63 81 83 87 95 115 53 32 58 66 68 78 41 80 73 54 11 14 17 23 16 92 117 106 86 97 5 76 82 74 51 42 57 99 
118 9 105 46 61 69 77 60 44 64 3 75 36 55 15 49 18 45 50 2 4 47 59 70 79 84 94 100 1 48 34 52 67 65 8 85 91 10 26 28 20 72 24 89 6 38 109 7 30 103 63 81 83 87 95 115 53 32 58 66 68 78 41 80 73 54 11 14 17 23 16 92 117 106 86 97 5 76 82 74 51 42 57 99 
119 9 105 46 61 69 77 60 44 64 3 75 36 55 15 49 18 45 50 2 4 47 59 70 79 84 94 100 1 48 34 52 67 65 8 85 91 10 26 28 20 72 24 89 6 119 38 109 7 30 103 63 81 83 87 95 115 53 32 58 66 68 78 41 80 73 54 11 14 17 23 16 92 117 106 86 97 5 76 82 74 51 42 57 99 
120 9 105 46 61 69 77 60 44 64 3 75 36 55 15 49 18 45 50 2 4 47 59 70 79 84 94 100 1 48 34 52 67 65 8 85 91 10 26 28 20 72 24 89 6 119 38 109 7 30 103 63 81 83 87 95 115 53 32 58 66 68 78 41 80 73 54 11 14 17 23 16 92 117 106 86 97 5 76 82 74 51 42 57 99 
121 9 105 46 61 69 77 60 44 64 3 75 36 55 15 49 18 45 50 2 4 47 59 70 79 84 94 100 1 48 34 52 67 121 65 8 85 91 10 26 28 20 72 24 89 6 119 38 109 7 30 103 63 81 83 87 95 115 53 32 58 66 68 78 41 80 73 54 11 14 17 23 16 92 117 106 86 97 5 76 82 74 51 42 57 99 
122 9 105 46 61 69 77 60 44 64 3 75 36 55 15 49 18 45 50 2 4 47 59 70 79 84 94 100 1 48 34 52 67 121 65 8 85 91 10 26 28 20 72 24 89 6 119 38 109 7 30 103 63 81 83 87 95 115 53 32 58 66 68 78 41 80 73 54 11 14 17 23 16 92 117 106 86 97 5 76 82 74 51 42 57 99 
123 9 105 46 61 69 77 60 44 123 64 3 75 36 55 15 49 18 45 50 2 4 47 59 70 79 84 94 100 1 48 34 52 67 65 8 85 91 10 26 28 20 72 24 89 6 119 38 109 7 30 103 63 81 83 87 95 115 53 32 58 66 68 78 41 80 73 54 11 14 17 23 16 92 117 106 86 97 5 76 82 74 51 42 57 99 
124 9 105 46 61 69 77 60 44 123 64 3 75 36 55 15 49 18 45 50 2 4 47 59 70 79 84 94 100 1 48 34 52 67 121 65 8 85 91 10 26 28 20 72 24 89 6 119 38 109 7 30 103 63 81 83 87 95 115 53 32 58 66 68 78 41 80 73 54 11 14 17 23 16 92 117 106 86 97 5 76 82 74 51 42 57 99 
125 9 105 46 61 69 77 60 44 123 64 3 75 36 55 15 49 18 45 50 2 4 47 59 70 79 84 94 100 125 1 48 34 52 67 121 65 8 85 91 10 26 28 20 72 24 89 6 119 38 7 30 103 63 81 83 87 95 115 53 32 58 66 68 78 41 80 73 54 11 14 17 23 16 92 117 106 86 97 5 76 82 74 51 42 57 99 
126 9 105 46 61 69 77 60 44 123 64 3 75 36 55 15 49 18 45 50 2 4 47 59 70 79 84 94 100 125 1 48 34 52 67 121 65 8 85 91 10 26 28 20 72 24 89 6 119 38 7 30 103 63 81 83 87 95 115 53 32 58 66 68 78 41 80 73 54 11 14 17 23 16 92 117 106 86 97 5 76 82 74 51 42 57 99 
127 9 105 46 61 69 77 60 44 123 64 3 75 36 55 15 49 18 45 50 2 4 47 59 70 79 84 94 100 125 1 48 34 52 67 121 65 8 85 91 10 26 28 20 72 24 89 6 119 38 7 30 103 63 81 83 87 95 115 53 32 58 66 68 78 41 80 73 54 11 14 17 23 16 92 117 106 86 97 5 76 82 74 51 42 57 99 
128 9 105 46 61 69 77 60 44 123 64 3 75 36 55 15 49 18 45 50 2 4 47 59 70 79 84 94 100 125 1 48 34 52 67 121 65 8 85 91 10 26 28 20 72 24 89 6 119 38 7 30 103 63 81 83 87 95 115 53 32 58 66 68 78 41 80 73 54 11 14 17 23 16 92 117 106 86 97 5 76 82 74 51 42 57 99 
