1 1 
2 2 
3 3 
4 4 
5 5 
7 6 
9 7 
12 8 
13 9 
14 10 
15 11 
16 12 
19 13 
20 9 
21 14 
22 15 
23 16 
24 17 
25 18 
26 19 
28 19 
29 20 
31 21 
32 22 
33 23 
34 24 
35 25 
36 26 
38 27 
39 28 
40 29 
42 30 
44 31 
45 32 
46 33 
48 34 
49 35 
52 20 
54 36 
55 37 
57 25 
59 20 
61 38 
62 20 
63 39 
64 40 
66 41 
67 42 
68 43 
70 39 
72 39 
74 44 
76 41 
77 42 
79 41 
80 42 
81 45 
84 11 
85 46 
86 47 
87 9 
88 48 
89 20 
91 49 
92 50 
93 51 
94 52 
95 53 
96 25 
97 54 
98 55 
99 56 
101 57 
103 58 
104 59 
105 60 
107 61 
108 62 
111 20 
114 63 
115 9 
116 11 
