1 1 
2 1 2 
3 3 1 2 
4 3 1 4 2 
5 5 3 1 4 2 
6 5 3 1 4 2 6 
7 5 3 1 7 4 2 6 
8 5 3 1 7 4 8 2 6 
9 5 3 1 7 4 8 2 6 
10 5 3 1 7 4 8 2 6 10 
11 5 3 1 7 4 8 2 6 10 
12 5 3 1 7 4 8 2 6 10 
13 5 3 13 1 7 4 8 2 6 10 
14 5 3 13 1 7 4 8 2 6 10 
15 5 3 13 1 7 4 8 2 6 10 
16 5 3 13 16 1 7 4 8 2 6 10 
17 5 3 13 16 1 7 4 8 2 6 10 
18 5 3 13 16 1 7 4 8 2 6 10 
19 5 3 13 16 1 7 4 8 2 6 10 
20 20 5 3 13 16 1 7 4 8 2 6 10 
21 20 5 3 13 16 1 7 4 8 2 6 10 
22 20 5 3 13 16 1 7 4 8 2 6 10 
23 5 3 16 7 4 6 10 20 13 1 8 23 2 
24 5 3 16 7 4 6 10 20 13 1 8 23 2 
25 5 3 16 7 4 6 10 20 13 1 8 23 2 25 
26 5 3 16 26 7 4 6 10 20 13 1 8 23 2 25 
27 5 3 16 26 7 4 6 10 20 13 1 8 23 2 25 
28 5 3 16 26 7 4 6 10 20 13 1 28 8 23 2 25 
29 5 3 16 26 7 4 6 10 20 13 1 28 8 23 2 25 
30 5 3 16 26 7 4 6 10 20 13 1 28 8 23 2 25 
