1 1 
129 63 
2 2 
130 64 
3 3 
4 4 
132 65 
5 5 
6 6 
134 65 
7 7 
8 8 
9 9 
10 10 
11 11 
12 12 
15 13 
18 14 
19 15 
20 16 
22 17 
23 15 
24 14 
25 18 
26 19 
27 20 
28 21 
29 22 
30 23 
31 24 
32 25 
33 26 
34 27 
36 28 
38 29 
40 30 
41 31 
43 30 
44 32 
46 25 
48 26 
49 27 
51 33 
53 34 
55 34 
56 35 
57 36 
58 37 
64 38 
66 38 
72 38 
74 38 
75 39 
77 27 
78 40 
79 30 
81 27 
82 41 
83 30 
84 42 
85 43 
86 44 
87 45 
88 46 
89 47 
91 48 
92 49 
94 50 
96 51 
97 52 
99 50 
101 53 
104 54 
105 55 
108 56 
109 57 
111 58 
113 58 
114 59 
118 60 
120 61 
125 61 
127 62 
