1 1 
2 1 2 
3 1 2 3 
4 1 2 4 3 
5 1 5 2 4 3 
6 1 5 2 6 4 3 
7 1 5 7 2 6 4 3 
8 1 5 7 2 6 4 3 
9 1 5 7 2 9 6 4 3 
10 1 5 7 2 9 6 4 3 
11 1 5 7 2 11 6 4 3 
12 1 7 12 2 9 11 6 4 3 
13 1 7 12 2 9 11 6 13 4 3 
14 14 1 7 12 2 9 11 6 13 4 3 
15 14 1 7 12 2 9 11 6 13 4 3 15 
16 14 1 7 2 9 11 6 13 4 16 3 15 
17 14 2 9 11 6 17 1 7 13 4 16 3 15 
18 14 2 9 11 6 17 18 1 7 13 4 16 3 15 
19 14 2 9 11 6 17 18 1 7 13 4 19 16 3 15 
20 14 2 9 11 6 17 18 1 7 13 4 19 20 3 15 
21 14 2 9 11 6 17 21 18 1 7 13 4 19 20 3 15 
22 14 2 9 11 6 17 21 18 1 22 7 13 4 19 20 3 15 
23 14 2 9 11 6 17 23 21 18 1 22 7 13 4 19 20 3 15 
24 14 2 9 11 6 17 23 21 18 1 22 7 24 13 4 19 3 15 
25 14 2 9 11 6 17 23 21 18 1 22 7 24 13 4 19 25 3 15 
26 14 2 9 11 6 17 23 21 18 1 22 7 24 26 13 4 19 25 3 15 
27 14 2 9 11 6 17 23 21 18 1 22 7 24 26 13 27 4 19 25 3 15 
28 14 2 9 11 6 17 23 21 18 1 22 28 7 26 13 27 4 19 25 3 15 
29 14 2 9 11 6 17 23 21 18 1 22 28 29 7 26 13 27 4 19 25 3 15 
30 14 2 9 11 6 17 23 21 18 1 22 28 30 29 7 26 13 27 4 19 25 3 15 
31 14 2 9 11 31 6 17 23 21 18 1 22 28 30 29 7 26 13 27 4 19 25 3 15 
32 14 2 9 11 32 31 6 17 23 21 18 1 22 30 29 7 26 13 27 4 19 25 3 15 
33 14 9 11 31 17 33 21 18 1 30 7 26 13 4 19 25 15 2 32 6 23 22 29 27 3 
34 14 9 11 31 17 33 21 18 1 30 7 26 13 4 19 25 15 2 32 6 23 22 29 34 27 3 
35 14 9 11 31 17 33 21 18 1 30 35 7 26 13 4 19 25 15 2 32 6 23 22 29 34 27 3 
36 14 9 11 31 17 33 21 18 1 30 35 7 26 13 4 19 25 15 36 2 6 23 22 29 34 27 3 
37 14 9 11 31 17 37 33 21 18 1 30 35 7 26 13 4 19 25 15 36 2 6 23 22 29 34 27 3 
38 14 9 11 31 17 37 33 21 18 1 30 35 7 26 13 4 19 25 15 36 2 6 23 22 29 34 38 27 3 
39 14 39 9 11 31 17 37 33 21 18 1 30 35 7 26 13 4 19 25 15 36 2 6 23 22 29 34 38 27 3 
40 14 39 9 11 31 17 37 33 21 18 1 30 35 7 26 13 4 19 25 15 40 2 6 23 22 29 34 38 27 3 
41 14 39 9 11 31 17 37 33 21 18 1 30 35 41 7 26 13 4 19 25 15 40 2 6 23 22 29 34 38 27 3 
42 14 39 9 11 31 17 37 33 21 18 1 30 35 41 7 26 13 4 19 25 15 40 2 6 42 23 22 29 34 38 27 3 
43 14 39 9 11 43 31 17 37 33 21 18 1 30 35 41 7 26 13 4 19 25 15 40 2 6 42 23 22 29 34 38 27 3 
44 14 39 9 11 43 31 17 37 33 21 18 1 30 35 41 7 26 13 4 19 25 15 44 2 6 42 23 22 29 34 38 27 3 
45 14 39 9 11 43 31 17 37 33 21 18 1 30 35 41 7 26 13 4 19 25 15 45 44 2 6 42 23 22 29 34 38 27 3 
46 14 39 9 11 43 31 17 37 33 21 18 1 30 35 41 7 26 13 4 19 25 15 45 46 44 2 6 42 23 22 29 34 38 27 3 
47 14 39 9 11 43 31 17 37 33 21 18 1 30 35 41 7 26 13 4 19 25 15 45 46 2 6 42 23 22 29 47 34 38 27 3 
48 14 48 39 9 11 43 31 17 37 33 21 18 1 30 35 41 7 26 13 4 19 25 15 45 46 2 6 42 23 22 29 47 34 38 27 3 
49 14 48 39 9 11 43 31 17 37 33 21 18 1 30 35 41 7 26 13 4 19 25 15 45 46 49 2 6 42 23 22 29 47 34 38 27 3 
50 14 48 39 9 11 43 31 17 37 33 21 18 1 30 35 41 7 26 13 4 19 25 15 45 46 49 2 50 6 42 23 22 29 47 34 38 27 3 
51 14 48 39 9 11 43 31 17 37 33 21 18 1 30 35 41 7 26 13 4 19 25 15 45 46 49 2 50 51 6 42 23 22 29 34 38 27 3 
52 14 48 39 9 11 43 31 17 37 33 21 18 1 30 35 41 7 26 13 4 19 25 15 45 46 49 2 50 51 6 42 23 22 29 34 38 27 52 3 
53 14 48 39 9 11 53 43 31 17 37 33 21 18 1 30 35 41 7 26 13 4 19 25 15 45 46 49 2 50 51 6 42 23 22 29 34 38 27 52 3 
54 14 48 39 9 11 53 43 31 17 37 33 21 18 1 30 35 41 7 26 13 4 19 25 15 45 46 49 2 50 51 6 42 23 22 29 34 38 27 52 3 
55 14 48 39 9 11 53 43 31 17 37 33 21 55 18 1 30 35 41 7 26 13 4 19 25 15 45 46 49 2 50 51 6 42 23 22 29 34 38 27 52 3 
56 14 48 39 9 11 53 43 31 17 37 33 21 55 18 1 30 35 41 7 26 13 4 19 25 15 45 46 49 2 50 51 6 42 23 22 29 34 38 27 52 3 
57 14 48 39 9 11 53 43 31 17 37 33 21 18 1 30 35 41 7 26 13 4 19 25 15 45 46 49 2 50 51 6 57 42 23 22 29 34 38 27 52 3 
58 14 48 39 9 11 53 43 58 31 17 37 33 21 55 18 1 30 35 41 7 26 13 4 19 25 15 45 46 49 2 50 6 57 42 23 22 29 34 38 27 52 3 
59 14 48 39 9 11 53 43 58 31 17 37 33 21 55 18 1 30 35 41 7 26 13 4 19 25 15 45 46 49 2 50 6 57 42 23 22 29 34 38 27 52 3 
