1 1 
2 2 1 
3 3 2 1 
4 3 2 4 1 
5 3 5 2 4 1 
6 3 6 5 2 4 1 
7 3 6 7 5 2 4 1 
8 3 6 7 5 2 4 1 
9 3 6 7 5 2 4 1 
10 3 6 7 5 2 4 1 
11 3 6 7 5 2 4 1 
12 3 6 7 5 2 4 1 
13 3 6 7 5 2 4 1 
14 3 6 7 5 2 4 14 1 
15 3 6 7 5 2 4 14 1 
16 3 6 7 5 2 4 16 14 1 
17 3 6 7 5 2 4 16 14 1 17 
18 3 6 7 5 2 4 16 18 14 1 17 
19 3 6 7 5 2 4 16 18 14 1 17 
20 3 6 7 5 2 4 16 18 14 20 1 17 
21 3 6 7 5 2 16 14 20 1 4 18 21 17 
22 3 6 7 5 2 16 14 20 1 4 18 21 17 
23 3 6 7 5 2 16 14 20 23 1 4 18 21 17 
24 3 6 7 5 2 16 14 20 23 1 4 18 24 21 17 
25 3 6 7 5 2 16 14 20 23 1 4 18 24 21 17 25 
26 3 6 7 5 2 26 16 14 20 23 1 4 18 24 21 17 25 
27 3 6 7 5 2 26 16 14 20 23 1 27 4 18 24 21 17 25 
28 3 6 7 5 2 26 16 14 20 23 1 27 28 4 18 24 21 17 25 
29 3 6 7 5 2 26 16 14 20 23 1 29 27 28 4 18 24 21 17 25 
30 3 6 7 5 2 26 16 14 20 23 1 29 27 28 4 18 24 21 17 25 
31 3 6 7 5 2 26 16 14 20 23 1 29 27 28 4 18 24 21 17 25 
32 3 6 7 5 2 26 16 14 20 23 1 32 29 27 28 4 18 24 21 17 25 
33 3 6 7 5 33 2 26 16 14 20 23 1 32 29 27 28 4 18 24 21 17 25 
34 3 6 7 5 33 2 26 16 14 20 23 1 32 34 29 27 28 4 18 24 21 17 25 
35 3 6 7 5 33 2 26 16 14 20 23 1 32 34 29 27 28 4 18 24 21 35 17 25 
36 6 7 5 26 16 14 34 29 27 28 4 18 21 35 17 3 33 2 20 23 1 32 36 24 25 
37 6 7 5 26 16 14 34 29 27 28 4 18 21 35 17 3 33 2 20 23 1 32 36 24 25 
38 6 7 5 26 16 14 38 34 29 27 4 18 21 35 17 3 33 2 20 23 1 32 36 24 25 
39 6 7 5 26 16 14 38 34 29 27 4 18 21 35 17 3 33 39 20 23 1 32 36 24 25 
40 6 7 5 26 16 14 38 34 29 27 4 18 21 35 17 3 33 39 20 23 1 40 32 36 24 25 
41 6 7 5 26 16 14 38 34 29 27 4 18 21 35 17 3 33 39 41 20 23 1 40 32 36 24 25 
42 6 7 5 26 16 14 38 34 29 27 42 4 18 21 35 17 3 33 39 41 20 23 1 40 32 36 24 25 
43 6 7 5 26 43 16 14 38 34 29 27 42 4 18 21 35 17 3 33 39 41 20 23 1 40 32 36 24 25 
44 6 7 5 26 43 16 14 38 34 29 27 42 4 18 21 35 17 3 33 39 41 20 23 1 40 32 36 24 25 
45 6 7 5 26 43 16 14 38 45 34 29 27 42 4 18 21 35 17 3 33 39 41 20 23 1 40 32 36 24 25 
46 6 7 5 26 43 16 14 38 45 34 29 27 42 4 18 21 35 17 3 33 39 41 20 23 1 40 32 36 24 25 
47 6 7 5 26 43 16 14 38 45 34 29 27 42 28 4 18 21 35 17 3 33 2 39 41 20 23 1 40 32 36 24 25 
48 6 7 5 26 43 16 14 38 45 34 29 27 42 28 4 18 21 48 35 17 3 33 2 39 41 20 23 1 40 32 36 24 25 
49 6 7 5 26 43 16 14 38 45 34 29 27 42 28 4 18 21 48 35 17 3 33 2 39 41 20 23 1 40 32 36 24 25 
50 6 7 5 26 43 16 14 38 45 34 29 27 42 28 4 18 21 48 35 17 3 33 2 39 41 20 23 1 40 32 36 24 25 
51 6 7 5 26 43 16 14 38 45 34 29 27 42 28 4 18 21 48 35 17 3 33 2 39 41 51 20 23 1 40 32 36 24 25 
52 6 7 5 26 43 16 14 38 45 34 29 27 42 28 4 18 21 48 35 17 3 33 52 2 39 41 51 20 23 1 40 32 36 24 25 
53 6 7 5 26 43 16 14 38 45 34 29 27 42 28 4 18 21 48 35 17 3 33 52 41 51 20 23 1 40 32 36 53 24 25 
54 54 6 7 5 26 43 16 14 38 45 34 29 27 42 28 4 18 21 48 35 17 3 33 52 41 51 20 23 1 40 32 36 53 24 25 
55 54 6 7 5 26 43 16 14 55 38 45 34 29 27 42 28 4 18 21 48 35 17 3 33 52 41 51 20 23 1 40 32 36 53 24 25 
56 54 6 7 56 5 26 43 16 14 55 38 45 34 29 27 42 28 4 18 21 48 35 17 3 33 52 41 51 20 23 1 40 32 36 53 24 25 
57 54 6 7 56 5 26 43 16 14 55 38 45 34 29 27 42 28 4 18 21 57 48 35 17 3 33 52 41 51 20 23 1 40 32 36 53 24 25 
58 54 6 7 56 5 26 43 16 14 55 38 45 34 29 27 42 28 4 18 21 57 48 35 17 3 33 52 41 51 20 23 58 1 40 32 36 53 24 25 
59 54 6 7 56 5 26 43 16 14 55 38 45 34 29 27 42 28 4 18 21 57 48 35 17 3 33 52 41 51 20 23 58 1 40 32 36 53 59 24 25 
60 54 6 7 56 5 26 43 16 14 55 38 45 34 29 27 42 28 4 18 21 57 48 35 17 3 33 52 60 41 51 20 23 58 1 40 32 36 53 59 24 25 
61 54 6 61 7 56 5 26 43 16 14 55 38 45 34 29 27 42 28 4 18 21 57 48 35 17 3 33 52 60 41 51 20 23 58 1 40 32 36 53 59 24 25 
62 54 6 61 7 56 5 26 43 16 62 14 55 38 45 34 29 27 42 28 4 18 21 57 48 35 17 3 33 52 60 41 51 20 23 58 1 40 32 36 53 59 24 25 
63 54 6 61 7 56 5 63 26 43 16 62 14 55 38 45 34 29 27 42 28 4 18 21 57 48 35 17 3 33 52 60 41 51 20 23 58 1 40 32 36 53 59 24 25 
64 54 6 61 7 56 5 63 26 43 16 62 14 55 38 45 34 29 27 42 28 4 18 21 57 48 35 17 3 33 52 60 41 51 20 23 58 1 40 32 36 53 59 24 25 
65 54 6 61 7 56 5 63 26 43 16 62 14 55 38 45 34 29 27 42 28 4 18 21 57 48 35 17 3 33 52 60 41 51 65 20 23 58 1 40 32 36 53 59 24 25 
66 54 6 61 7 56 5 63 26 43 16 62 14 55 38 45 34 29 27 42 28 4 18 21 57 48 35 17 3 33 52 60 41 66 51 65 20 23 58 1 40 32 36 53 59 24 25 
67 54 6 61 7 56 5 63 26 43 67 16 62 14 55 38 45 34 29 27 42 28 4 18 21 57 48 35 17 3 33 52 60 41 66 51 65 20 23 58 1 40 32 36 53 59 24 25 
68 54 68 6 61 7 56 5 63 26 43 67 16 62 14 55 38 45 34 29 27 42 28 4 18 21 57 48 35 17 3 33 52 60 41 66 51 65 20 23 58 1 40 32 36 53 59 24 25 
69 54 68 6 61 7 56 5 63 26 43 67 16 62 14 55 38 45 34 29 27 42 28 4 18 21 57 48 35 17 3 33 52 60 41 66 51 65 20 23 58 1 40 32 36 53 59 24 25 
70 54 68 56 63 26 43 55 45 27 28 21 57 48 17 3 51 58 40 32 36 53 24 6 61 7 5 67 16 62 14 38 34 29 42 4 18 35 33 52 60 2 39 41 66 65 20 23 1 59 25 
71 3 6 7 5 2 16 14 20 1 4 18 21 17 
72 54 68 56 63 26 43 55 45 27 28 21 57 48 17 3 51 58 40 32 36 53 24 6 61 7 5 67 16 62 14 38 34 29 42 4 18 35 33 52 60 2 39 41 66 65 20 23 1 59 25 
73 54 68 56 63 26 43 55 45 27 28 21 57 48 17 3 51 58 40 32 36 53 24 6 61 7 5 67 16 62 14 38 34 29 42 4 18 35 33 52 60 2 39 41 66 65 20 23 1 59 25 
74 54 68 56 63 26 43 55 45 27 28 21 57 48 17 3 51 58 40 32 36 53 24 6 61 7 5 67 16 62 14 38 34 29 42 4 18 35 33 52 60 2 39 41 66 65 20 23 1 59 25 
75 54 68 56 63 26 43 55 45 27 28 21 57 48 17 3 51 58 40 32 36 53 24 6 61 7 5 67 16 62 14 38 34 29 42 4 18 35 33 52 60 2 39 41 66 65 20 23 1 59 25 
