1 1 
2 1 2 
3 1 2 3 
4 1 2 3 4 
5 1 2 5 3 4 
6 1 2 6 5 3 4 
7 1 2 7 6 5 3 4 
8 8 1 2 7 6 5 3 4 
9 8 1 2 7 6 5 3 4 
10 10 8 1 2 7 6 5 3 4 
11 10 8 1 2 7 6 5 3 4 
12 12 10 8 1 2 7 6 5 3 4 
13 13 12 19 10 8 7 18 6 20 5 3 17 1 2 15 4 16 
14 13 12 19 10 8 7 18 6 20 5 3 17 1 2 15 4 16 
15 13 12 19 10 8 7 18 6 20 5 3 17 1 2 15 4 16 
16 13 12 19 10 8 7 18 6 20 5 3 17 1 2 15 4 16 
17 13 12 19 10 8 7 18 6 20 5 3 17 1 2 15 4 16 
18 13 12 19 10 8 18 6 20 5 3 17 1 2 15 4 16 
19 13 12 19 10 18 6 20 5 3 17 1 2 15 4 16 
20 13 19 10 18 6 20 5 3 17 1 2 15 4 16 
21 13 19 10 18 6 20 5 3 17 1 2 15 4 16 
22 13 12 19 10 8 7 18 6 20 5 3 17 1 2 15 4 16 
23 13 12 19 10 8 7 18 6 20 5 3 17 1 2 15 23 4 16 
24 13 12 19 10 8 6 20 5 3 24 17 1 2 15 23 4 16 
25 13 12 19 10 8 7 18 6 20 5 3 24 17 1 2 15 23 4 16 
26 13 12 19 10 8 7 18 6 20 5 3 24 17 1 2 15 23 4 16 
27 13 12 19 10 8 7 18 6 20 5 3 24 27 17 1 2 15 23 4 16 
28 13 12 19 10 8 7 18 6 20 5 3 24 27 17 1 2 15 23 4 16 
