1 1 
2 1 
3 1 3 
4 1 4 3 
5 1 4 5 3 
6 1 4 5 6 3 
7 1 23 9 25 14 17 18 20 7 5 10 16 21 4 12 11 6 22 3 
8 1 23 9 25 14 17 18 20 7 5 10 16 21 4 12 11 6 22 3 
9 1 23 25 14 9 17 18 7 5 10 16 21 4 12 11 6 22 3 
10 1 9 25 14 17 18 7 5 16 10 21 4 12 11 6 22 3 
11 1 23 9 14 25 17 18 20 7 5 10 16 21 4 12 11 6 22 3 
12 1 23 9 14 25 17 18 20 7 5 10 16 21 4 12 11 6 22 3 
13 1 23 9 14 25 17 18 20 7 5 10 16 21 4 12 11 6 22 3 
14 1 23 9 25 14 17 18 20 7 5 10 16 21 4 12 11 6 22 3 
15 1 23 9 14 25 17 18 20 7 5 10 16 21 4 12 11 6 22 3 
16 1 23 9 14 25 17 18 20 7 5 10 16 21 4 12 11 6 22 
17 1 23 9 14 25 18 17 20 7 5 10 16 21 4 12 11 6 22 
18 1 23 9 14 25 17 18 20 7 5 10 16 21 4 12 11 6 22 
19 1 23 9 14 25 17 18 20 7 5 10 16 21 4 12 11 6 22 
20 1 23 14 25 17 18 20 7 5 10 16 21 4 12 11 6 22 
21 1 23 14 25 17 18 20 7 5 10 16 21 12 11 6 22 
22 1 23 14 25 17 18 20 7 10 16 21 12 11 6 22 
23 1 23 9 14 25 17 18 20 7 5 16 21 4 12 11 6 22 3 
24 1 23 9 14 25 17 18 20 7 5 16 21 4 12 11 6 22 3 
25 1 23 9 14 25 17 18 20 7 5 10 16 21 4 12 11 22 3 
26 1 23 9 25 14 17 18 20 7 5 10 16 21 4 12 11 22 3 
27 1 23 9 25 14 17 18 20 7 5 10 16 21 4 12 11 6 22 3 
28 1 23 9 25 14 17 18 20 7 5 10 16 21 4 28 12 11 6 22 3 
29 1 23 9 25 14 17 18 20 7 5 10 16 21 4 28 12 11 6 22 3 
30 1 23 9 25 14 17 18 20 7 5 10 16 21 4 28 12 11 6 22 3 
31 1 23 9 25 14 17 18 20 7 5 10 16 21 4 12 11 6 22 3 
