1 1 
2 2 1 
3 2 1 3 
4 4 2 1 3 
5 4 5 2 1 3 
6 4 5 2 1 3 6 
7 4 5 2 1 3 7 6 
8 8 4 5 2 1 3 7 6 
9 8 4 9 5 2 1 3 7 6 
10 8 4 9 5 2 1 3 7 10 6 
11 8 4 9 5 2 1 3 7 10 11 6 
12 8 4 9 5 2 1 3 12 7 10 11 6 
13 8 4 9 3 7 13 10 6 5 2 1 12 11 
14 8 4 9 3 7 13 10 6 5 2 1 12 11 14 
15 8 4 9 3 7 13 10 6 5 2 1 12 15 11 14 
16 8 4 9 3 7 13 16 10 6 5 2 1 12 15 11 14 
17 8 4 9 3 7 13 16 10 6 5 2 17 1 12 15 11 14 
18 8 4 9 18 3 7 13 16 10 6 5 2 17 1 12 15 11 14 
19 8 4 9 18 3 7 13 16 10 6 5 2 17 19 1 12 15 11 14 
20 8 4 9 18 3 7 13 16 10 6 5 20 2 17 19 1 12 15 11 14 
21 8 4 9 21 18 3 7 13 16 10 6 5 20 2 17 19 1 12 15 11 14 
22 8 4 9 21 18 3 7 13 16 22 10 6 5 20 2 17 19 1 12 15 11 14 
23 8 4 9 21 18 3 23 7 13 16 22 10 6 5 20 2 17 19 1 12 15 11 14 
24 8 4 9 24 21 18 3 23 7 13 16 22 10 6 5 20 2 17 19 1 12 15 11 14 
25 24 18 23 13 16 22 6 2 1 12 15 14 8 4 9 21 3 7 10 25 5 20 17 19 11 
26 24 18 23 13 16 22 6 2 1 12 15 14 8 26 4 9 21 3 7 10 25 5 20 17 19 11 
27 24 18 23 13 16 22 6 2 1 12 15 14 8 26 4 9 21 27 3 7 10 25 5 20 17 19 11 
28 24 18 23 13 16 22 6 28 2 1 12 15 14 8 26 4 9 21 27 3 7 10 25 5 20 17 19 11 
29 24 18 23 13 16 22 6 28 2 1 12 15 14 8 26 4 9 21 27 3 29 7 10 25 5 20 17 19 11 
30 24 18 23 13 16 22 6 28 2 1 12 15 14 8 26 4 9 21 27 3 29 7 10 25 5 20 17 19 11 30 
31 24 18 23 31 13 16 22 6 28 2 1 12 15 14 8 26 4 9 21 27 3 29 7 10 25 5 20 17 19 11 30 
32 24 18 32 23 31 13 16 22 6 28 2 1 12 15 14 8 26 4 9 21 27 3 29 7 10 25 5 20 17 19 11 30 
33 24 18 32 33 23 31 13 16 22 6 28 2 1 12 15 14 8 26 4 9 21 27 3 29 7 10 25 5 20 17 19 11 30 
34 24 18 32 33 23 31 13 16 22 6 28 2 1 12 15 14 8 26 4 9 21 34 27 3 29 7 10 25 5 20 17 19 11 30 
35 24 18 32 33 23 31 13 16 22 6 28 2 1 12 15 14 8 26 4 9 21 34 27 3 29 7 10 25 5 20 17 19 11 30 
36 24 18 32 33 23 31 13 16 22 6 28 36 2 1 12 15 14 8 26 4 9 21 34 27 3 29 7 10 25 5 20 17 19 11 
37 24 18 33 23 31 13 16 22 6 28 36 2 1 12 15 14 8 26 4 9 21 34 27 3 29 37 7 10 25 5 20 17 19 11 
38 24 18 33 23 13 16 22 6 28 36 38 2 1 12 15 14 8 26 4 9 21 34 27 3 29 37 7 10 25 5 20 17 19 11 
39 24 18 23 13 16 22 6 28 36 38 2 1 12 15 14 8 26 4 9 21 34 27 3 29 37 7 10 39 25 5 20 17 19 11 
40 24 18 23 13 16 22 6 28 36 38 2 1 12 15 14 8 26 4 9 21 34 27 3 29 37 7 10 39 25 5 20 17 19 11 
41 24 18 32 33 23 31 13 16 22 6 28 2 1 12 15 14 8 26 4 9 21 34 41 27 3 29 7 10 25 5 20 17 19 11 30 
42 24 18 32 33 23 31 13 16 22 6 28 2 1 12 15 14 8 26 4 9 21 34 41 27 3 29 7 10 25 5 20 17 19 11 30 
43 24 18 43 32 33 23 31 13 16 22 6 28 2 1 12 15 14 8 26 4 9 21 34 41 27 3 29 7 10 25 5 20 17 19 11 
44 24 18 43 33 23 31 13 16 22 6 28 2 1 12 15 14 8 26 4 9 21 34 41 27 3 29 7 10 25 44 5 20 17 19 11 
45 24 18 43 33 23 13 16 22 6 28 2 1 12 15 14 8 26 4 9 21 34 41 27 3 29 7 10 25 45 44 5 20 17 19 11 
46 24 18 43 23 13 16 22 46 6 28 2 1 12 15 14 8 26 4 9 21 34 41 27 3 29 7 10 25 45 44 5 20 17 19 11 
47 24 18 43 32 33 23 31 13 16 22 46 6 28 36 38 2 1 12 15 14 8 26 4 9 21 34 47 41 27 3 29 37 7 10 39 25 45 44 5 20 17 19 11 30 
48 24 18 43 32 33 23 31 13 16 22 46 6 28 36 38 2 1 12 15 14 8 26 4 9 21 34 47 41 27 3 29 37 7 10 48 39 25 45 44 5 20 17 19 11 30 
49 24 18 43 32 33 23 31 13 49 16 22 46 6 28 36 38 2 1 12 15 14 8 26 4 9 21 34 47 41 27 3 29 37 7 10 48 39 25 45 44 5 20 17 19 11 30 
50 24 18 43 32 33 23 31 50 13 49 16 22 46 6 28 36 38 2 1 12 15 14 8 26 4 9 21 34 47 41 27 3 29 37 7 10 48 39 25 45 44 5 20 17 19 11 30 
51 24 18 43 32 33 23 31 50 13 49 16 22 51 46 6 28 36 38 2 1 12 15 14 8 26 4 9 21 34 47 41 27 3 29 37 7 10 48 39 25 45 44 5 20 17 19 11 30 
52 43 32 23 31 16 51 46 6 28 38 2 14 41 3 29 37 7 25 20 24 18 33 52 50 13 49 22 36 1 12 15 8 26 4 9 21 34 47 27 10 48 39 45 44 5 17 19 11 30 
53 43 32 23 31 16 51 46 6 28 38 2 53 14 41 3 29 37 7 25 20 24 18 33 52 50 13 49 22 36 1 12 15 8 26 4 9 21 34 47 27 10 48 39 45 44 5 17 19 11 30 
54 43 32 23 31 16 51 46 6 28 38 2 54 53 14 41 3 29 37 7 25 20 24 18 33 52 50 13 49 22 36 1 12 15 8 26 4 9 21 34 47 27 10 48 39 45 44 5 17 19 11 30 
55 43 32 23 31 16 51 46 6 28 38 2 54 53 14 41 3 29 37 7 25 20 24 18 33 52 50 13 49 22 36 1 12 15 8 26 4 9 21 34 47 27 10 48 39 45 44 55 5 17 19 11 30 
56 43 32 23 31 16 51 46 6 28 38 2 54 53 14 41 3 29 37 7 25 20 24 18 33 52 50 13 49 22 36 1 12 15 8 26 4 9 21 34 47 27 10 48 39 45 44 55 5 17 19 11 30 
57 43 32 23 31 16 51 46 6 28 38 2 54 53 14 41 3 29 37 7 25 20 24 18 33 52 50 13 49 22 36 1 12 15 57 8 26 4 9 21 34 47 27 10 48 39 45 44 55 5 17 19 11 30 
58 43 32 23 31 16 51 46 6 28 38 2 54 53 14 41 3 29 37 7 25 20 58 24 18 33 52 50 13 49 22 36 1 12 15 57 8 26 4 9 21 34 47 27 10 48 39 45 44 55 5 17 19 11 30 
59 43 32 23 31 16 51 46 6 28 38 2 54 53 14 41 3 29 37 7 25 20 58 24 18 33 52 50 13 49 22 36 1 12 15 57 8 26 4 9 21 34 47 27 10 48 39 45 44 55 5 17 19 11 30 
60 43 32 23 31 16 51 46 6 28 38 2 54 53 14 41 3 29 37 7 25 20 58 24 18 33 52 50 13 49 22 36 1 12 15 57 8 26 4 9 21 34 47 27 10 48 39 45 44 55 5 17 19 11 30 
61 43 32 23 31 16 51 46 6 28 38 2 54 53 14 41 3 29 37 7 25 20 58 24 18 33 52 50 13 49 22 36 1 12 15 57 8 26 4 9 21 34 47 27 10 48 39 45 44 55 61 5 17 19 11 30 
62 43 32 23 31 16 51 46 6 28 38 2 54 53 14 41 3 29 37 7 25 20 58 24 18 33 52 50 13 49 22 36 62 1 12 15 57 8 26 4 9 21 34 47 27 10 48 39 45 44 55 61 5 17 19 11 30 
63 43 32 23 31 16 51 46 6 28 38 2 54 53 14 41 3 29 37 7 25 20 58 24 18 33 52 50 13 49 22 36 62 1 12 15 57 8 26 4 9 21 34 63 47 27 10 48 39 45 44 55 61 5 17 19 11 30 
64 43 32 23 31 16 51 46 6 28 38 2 54 53 14 41 3 29 37 7 25 20 58 24 18 33 52 50 13 49 22 36 62 1 12 15 57 8 26 4 9 21 34 63 47 27 10 48 39 45 44 55 61 5 17 19 11 30 
65 43 32 23 31 16 51 46 6 28 38 2 54 53 14 41 3 29 37 7 25 20 58 24 18 33 52 50 13 49 22 36 62 1 12 15 57 8 26 4 9 21 34 63 47 27 10 48 39 45 44 55 61 5 17 19 11 30 
66 43 32 23 31 16 51 46 6 28 38 2 54 53 14 41 3 29 37 7 25 20 58 24 18 33 52 50 13 49 22 36 62 1 12 15 57 8 26 4 9 21 34 63 47 27 10 48 39 45 44 55 61 5 17 19 11 30 
