1 1 
2 2 1 
3 2 1 
4 2 1 
5 2 5 1 
6 2 5 1 
7 2 5 1 
8 8 2 5 1 
9 8 2 5 1 
10 8 2 5 1 
11 11 8 2 5 1 
12 11 8 12 2 5 1 
13 13 11 8 12 2 5 1 
14 13 11 8 12 2 5 14 1 
15 13 11 8 12 2 5 14 1 
16 13 11 8 12 2 5 14 1 
17 13 11 8 12 2 17 5 14 1 
18 13 18 11 8 12 2 17 5 14 1 
19 13 18 11 8 12 2 17 5 14 1 
20 13 18 11 8 12 2 17 5 14 1 
21 13 18 11 8 12 2 17 5 14 1 21 
22 13 18 11 8 12 22 2 17 5 14 1 21 
23 18 11 2 5 21 13 8 12 22 17 14 1 23 
24 18 11 2 5 21 13 8 12 22 17 14 1 23 
25 18 11 2 5 21 13 8 12 22 17 14 1 23 
26 18 11 2 5 21 13 8 12 22 17 14 26 1 23 
27 18 11 27 2 5 21 13 8 12 22 17 14 26 1 23 
28 18 11 27 2 5 21 13 28 8 12 22 17 14 26 1 23 
29 18 11 27 2 5 21 13 28 8 12 22 17 14 26 1 23 
30 18 11 27 2 5 21 13 28 8 12 22 17 14 26 1 23 
31 18 11 31 27 2 5 21 13 28 8 12 22 17 14 26 1 23 
32 18 11 31 32 27 2 5 21 13 28 8 12 22 17 14 26 1 23 
33 18 11 31 32 27 2 5 21 13 28 8 12 22 17 14 26 1 23 
34 18 11 31 32 27 2 5 21 13 28 8 12 22 17 14 26 1 23 
35 18 11 31 32 27 2 5 21 13 28 8 12 22 17 14 26 1 23 35 
36 18 11 31 32 27 2 5 21 36 13 28 8 12 22 17 14 26 1 23 35 
37 18 11 31 32 27 2 5 21 36 13 28 37 8 12 22 17 14 26 1 23 35 
38 18 11 31 32 27 2 5 21 36 13 28 37 8 12 22 17 14 26 1 23 35 
39 18 11 31 32 27 2 5 21 36 13 28 37 8 12 22 17 14 26 1 23 35 
40 18 11 31 32 27 2 5 21 36 13 28 37 8 12 22 17 14 26 40 1 23 35 
41 18 11 31 32 27 41 2 5 21 36 13 28 37 8 12 22 17 14 26 40 1 23 35 
42 18 11 31 32 27 41 2 5 21 36 13 28 37 8 12 22 17 14 26 40 1 23 35 
43 18 11 31 32 27 41 2 5 21 36 13 28 37 8 12 22 17 14 26 40 1 23 35 
44 18 11 31 32 27 41 2 5 21 36 13 28 37 8 44 12 22 17 14 26 40 1 23 35 
45 32 27 5 36 28 45 44 12 22 14 23 18 11 31 41 2 21 13 37 8 17 26 40 1 35 
46 32 27 5 36 28 45 44 12 22 14 23 18 11 31 41 2 21 13 37 8 17 26 40 1 35 
47 32 27 5 36 28 45 44 12 22 14 23 18 11 31 41 2 21 13 37 8 17 26 40 1 35 
48 32 27 5 36 28 45 44 12 22 14 23 18 11 31 41 2 21 48 13 37 8 17 26 40 1 35 
49 32 27 5 36 28 45 44 12 22 14 23 18 11 31 49 41 2 21 48 13 37 8 17 26 40 1 35 
50 32 27 5 36 28 45 44 12 22 14 23 18 11 31 49 41 2 21 48 13 37 8 17 26 40 1 35 
51 32 27 5 36 28 45 44 12 22 14 23 18 11 31 49 41 2 21 48 13 37 8 17 26 40 1 35 
52 32 27 5 36 28 45 44 12 22 14 23 18 11 31 49 41 2 21 48 13 37 8 52 17 26 40 1 35 
53 32 27 5 36 28 45 44 12 22 14 23 18 11 31 49 53 41 2 21 48 13 37 8 52 17 26 40 1 35 
54 32 27 5 36 28 45 44 12 22 14 23 18 11 31 49 53 41 2 21 48 13 37 8 52 17 26 40 1 35 
55 32 27 5 36 28 45 44 12 22 14 23 18 11 31 49 53 41 2 21 48 13 37 8 52 17 26 40 1 35 
56 32 27 5 36 28 45 44 12 56 22 14 23 18 11 31 49 53 41 2 21 48 13 37 8 52 17 26 40 1 35 
57 32 27 5 36 28 45 44 12 56 22 14 23 18 11 31 49 53 57 41 2 21 48 13 37 8 52 17 26 40 1 35 
58 32 27 5 36 28 45 44 12 56 22 14 23 18 11 31 49 53 57 41 2 21 48 13 37 8 52 17 26 40 1 35 
59 32 27 5 36 28 45 44 12 56 22 14 23 18 11 31 49 53 57 41 2 21 48 13 37 8 52 17 26 40 1 35 
60 32 27 5 36 28 45 44 12 56 22 14 23 18 11 31 49 53 57 41 2 21 48 13 37 8 52 17 26 40 1 35 
