1 1 
2 1 2 
3 1 2 
4 1 2 4 
5 1 2 5 4 
6 1 2 5 6 4 
7 1 7 9 6 13 15 2 5 16 17 23 21 4 22 
8 1 7 9 6 13 15 2 5 16 17 23 21 4 22 
9 1 7 9 6 13 15 2 5 16 17 23 21 4 22 
10 1 7 9 6 13 15 2 5 16 17 23 21 4 22 
11 1 7 9 6 13 15 2 5 16 17 23 21 4 22 
12 1 7 9 6 13 15 2 5 16 17 23 21 4 22 
13 1 7 9 6 13 15 2 5 16 17 23 21 4 22 
14 1 7 9 6 13 15 2 5 16 17 23 21 4 22 
15 1 7 9 6 13 15 2 5 16 17 23 21 4 22 
16 1 7 9 6 13 15 2 5 16 17 23 21 4 22 
17 1 7 9 6 13 15 2 5 16 23 17 21 4 22 
18 1 7 9 6 13 15 2 5 16 17 23 21 4 22 
19 1 7 9 6 13 15 2 5 16 17 23 21 4 22 
20 1 7 9 6 13 15 2 5 16 17 23 21 4 22 
21 1 7 9 6 13 15 2 5 16 17 23 21 4 22 
22 1 7 9 6 13 15 2 16 17 23 21 4 22 
23 1 13 15 7 2 9 6 16 17 23 21 22 
24 1 7 9 6 13 15 2 5 16 17 23 21 4 22 
25 1 7 9 6 13 15 2 5 16 17 23 21 4 22 25 
26 1 7 9 6 13 15 26 2 5 16 17 23 21 4 25 22 
27 1 7 9 6 13 15 26 2 5 16 17 23 21 4 25 22 
