1 1 
2 2 1 
3 2 1 3 
4 2 1 3 
5 2 1 3 5 
6 2 1 3 5 
7 2 1 3 5 
8 2 1 3 8 
9 2 1 3 8 9 
10 2 1 3 8 10 9 
11 2 1 3 8 10 9 
12 2 1 3 8 12 10 9 
13 2 1 3 8 12 10 9 
14 2 1 3 8 12 10 9 14 
15 2 1 3 8 12 15 10 9 14 
16 2 1 3 8 12 15 10 9 14 
17 2 1 3 8 12 15 10 9 14 
18 2 1 3 18 8 12 15 10 9 14 
19 1 24 26 8 12 10 25 2 20 22 3 18 15 9 14 27 30 
20 1 24 26 8 12 10 25 2 22 20 3 18 15 9 14 27 30 
21 1 24 26 8 12 10 25 2 20 22 3 18 15 9 14 27 30 
22 1 26 8 12 10 25 2 20 22 3 18 15 9 14 27 30 
23 1 26 8 12 10 25 2 20 22 3 18 15 9 14 27 30 
24 1 24 26 8 12 10 25 2 20 3 18 15 9 14 27 30 
25 1 24 26 8 12 10 25 2 20 22 3 15 9 14 27 
26 1 24 26 8 12 10 25 2 20 22 3 15 9 14 27 
27 1 24 26 8 12 10 25 2 20 22 3 15 9 14 27 
28 1 24 26 8 12 10 25 2 20 22 3 15 9 14 27 
29 1 24 26 8 12 10 25 2 20 22 3 15 9 14 27 
30 1 24 26 8 12 10 2 20 22 3 15 9 14 27 30 
31 1 24 26 8 12 10 2 20 22 3 15 9 14 27 30 
32 1 24 26 8 12 10 25 32 2 20 22 3 18 15 9 14 27 30 
33 1 24 26 8 12 10 25 32 2 20 22 33 3 18 15 9 14 27 30 
34 1 24 26 8 12 10 25 32 2 33 20 22 3 18 34 15 9 14 27 30 
35 35 1 24 26 8 12 10 25 32 2 33 20 22 3 18 34 15 9 14 27 30 
36 35 1 24 26 8 12 10 25 32 2 33 20 22 3 18 34 15 9 14 27 30 
37 35 1 24 26 8 12 10 25 32 2 33 20 22 3 18 34 15 9 14 27 30 
