1 1 
2 1 2 
3 1 2 
4 1 2 
5 1 2 5 
6 1 2 5 
7 1 2 5 
8 1 2 5 8 
9 1 9 2 5 8 
10 1 9 2 5 8 
11 1 9 2 5 8 
12 1 9 12 2 5 8 
13 1 9 12 2 13 5 8 
14 1 9 12 14 2 13 5 8 
15 1 9 12 14 2 13 5 8 
16 1 9 12 14 2 13 5 8 
17 1 9 12 14 2 13 17 5 8 
18 1 9 12 14 18 2 13 17 5 8 
19 1 9 12 14 18 2 13 19 17 5 8 
20 1 9 12 14 18 2 13 19 17 5 8 
21 1 9 12 14 18 2 13 19 17 5 8 
22 1 9 12 14 18 2 13 19 17 5 8 22 
23 1 2 19 5 8 22 9 12 14 18 13 17 23 
24 1 24 2 19 5 8 22 9 12 14 18 13 17 23 
25 1 24 2 19 5 8 22 9 12 14 18 13 17 23 
26 1 24 2 19 5 8 22 9 12 14 18 13 17 23 
27 1 24 2 19 5 8 22 9 12 14 18 13 17 23 
