1 1 
2 1 2 
3 1 3 2 
4 1 3 2 4 
5 1 5 3 2 4 
6 1 5 6 3 2 4 
7 1 5 6 3 2 7 4 
8 1 5 8 6 3 2 7 4 
9 9 1 5 8 6 3 2 7 4 
10 9 1 5 8 6 3 2 7 10 4 
11 9 1 5 8 6 3 2 7 10 4 
12 9 1 5 8 6 3 2 7 10 4 
13 9 1 5 8 13 6 3 2 7 10 4 
14 9 1 5 8 13 6 3 14 2 7 10 4 
15 1 5 8 3 7 10 4 9 13 15 6 14 2 
16 1 5 8 16 3 7 10 4 9 13 15 6 14 2 
17 1 5 8 16 3 7 10 4 9 13 15 17 6 14 2 
18 1 5 8 16 3 7 10 4 9 13 15 17 6 14 2 
19 1 5 8 16 3 7 10 4 9 13 15 17 6 14 19 2 
20 1 5 8 16 3 7 10 4 20 9 13 15 17 6 14 19 2 
21 1 5 8 16 21 3 7 10 4 20 9 13 15 17 6 14 19 2 
22 1 5 8 16 21 3 7 10 4 20 9 13 15 17 6 14 19 2 
23 1 5 8 16 21 3 7 10 4 20 9 13 15 17 23 6 19 2 
24 1 5 8 16 21 3 7 10 4 20 9 13 15 17 23 6 19 2 
25 1 5 8 16 3 7 10 4 9 13 15 17 6 14 2 25 
26 1 5 8 16 3 7 10 4 9 13 15 17 6 14 2 25 
27 1 27 5 8 16 3 7 10 4 9 13 15 17 6 14 2 25 
28 1 27 5 8 16 3 28 7 10 4 9 13 15 17 6 14 2 25 
29 1 27 5 8 16 3 28 7 10 4 9 13 15 17 6 14 2 25 29 
30 1 27 5 8 16 3 28 7 10 4 9 13 15 17 6 14 2 25 29 
31 1 27 5 8 16 3 28 7 10 4 9 13 15 17 31 6 2 25 29 
32 1 27 5 8 16 21 3 28 7 10 4 20 9 13 15 17 23 31 6 14 19 2 25 29 
33 1 27 5 8 16 21 3 28 7 10 4 20 9 13 15 17 23 31 6 14 19 2 25 29 
34 1 16 28 10 4 20 9 6 2 25 29 27 5 8 34 21 3 7 13 15 17 23 31 14 19 
35 1 16 28 10 4 35 20 9 6 2 25 29 27 5 8 34 21 3 7 13 15 17 23 31 14 19 
36 1 16 28 10 4 35 20 9 6 2 25 29 27 5 8 34 21 3 7 13 15 17 23 31 14 36 19 
37 1 16 28 10 4 35 20 9 6 2 25 29 27 5 8 34 21 3 7 13 15 17 23 31 14 36 19 37 
38 1 16 28 10 4 35 20 9 6 2 25 29 27 5 8 34 21 3 7 13 15 17 23 31 14 36 19 37 
39 1 16 28 10 4 35 20 9 6 2 25 29 27 5 8 34 21 3 7 13 15 17 23 31 14 36 19 37 
40 1 16 28 10 4 35 20 9 6 2 25 29 27 5 8 34 21 3 7 13 15 17 23 31 40 14 36 19 37 
41 1 16 28 10 4 35 20 9 6 2 25 29 27 5 8 34 21 3 7 13 15 17 23 31 40 14 36 19 37 
42 1 16 28 10 4 35 20 9 6 2 25 29 27 5 8 34 21 3 7 13 15 17 23 31 40 14 36 19 37 
