1 1 
2 2 
3 3 
4 4 
5 5 
7 6 
9 7 
10 8 
11 9 
12 10 
14 11 
15 12 
16 7 
17 13 
18 14 
19 8 
20 15 
21 9 
22 16 
23 17 
24 18 
25 19 
26 20 
27 21 
28 22 
30 23 
31 24 
32 25 
34 26 
35 27 
37 26 
38 27 
39 28 
40 29 
42 30 
43 31 
44 17 
45 32 
46 33 
47 34 
48 35 
49 36 
50 37 
51 18 
52 38 
53 39 
54 40 
55 41 
56 42 
57 43 
58 19 
60 44 
61 45 
62 16 
63 46 
64 47 
65 48 
66 49 
67 50 
68 51 
69 18 
70 52 
71 53 
72 54 
73 55 
74 56 
75 57 
76 19 
77 26 
79 58 
80 59 
81 60 
82 61 
83 62 
84 63 
85 64 
86 65 
87 66 
89 67 
90 68 
91 69 
92 70 
93 71 
94 72 
95 73 
96 74 
98 75 
100 76 
101 77 
102 78 
103 79 
104 80 
106 81 
107 82 
108 83 
109 84 
110 85 
111 86 
112 87 
115 88 
118 66 
120 26 
