1 1 
2 2 1 
3 3 2 1 
4 3 2 1 4 
5 3 2 1 5 4 
6 3 2 1 5 6 4 
7 3 2 1 5 6 4 
8 8 3 2 1 5 6 4 
9 8 3 2 1 5 6 9 4 
10 8 3 2 1 5 6 9 4 
11 8 3 2 1 5 6 9 11 4 
12 8 3 12 2 1 5 6 9 11 4 
13 8 3 12 2 1 5 6 9 11 4 
14 8 3 12 2 1 5 6 9 11 4 
15 8 15 3 12 2 1 5 6 9 11 4 
16 8 15 3 12 16 2 1 5 6 9 11 4 
17 8 2 1 4 15 3 12 16 5 6 9 17 11 
18 8 18 2 1 4 15 3 12 16 5 6 9 17 11 
19 8 18 2 1 4 15 3 12 16 5 6 9 17 11 
20 8 18 2 1 20 4 15 3 12 16 5 6 9 17 11 
21 8 18 2 1 20 4 15 3 12 16 21 5 6 9 17 11 
22 8 18 2 22 1 20 4 15 3 12 16 21 5 6 9 17 11 
23 8 18 2 22 1 20 4 15 23 3 12 16 21 5 6 9 17 11 
24 8 18 2 22 1 20 4 15 23 3 12 16 21 24 5 6 9 17 11 
25 8 18 2 22 1 20 4 15 23 3 12 16 21 24 5 6 9 17 11 
26 8 18 2 1 20 4 26 15 23 3 12 16 21 24 5 6 9 17 11 
27 8 27 18 2 22 1 20 4 26 15 23 3 12 16 21 24 5 6 9 17 11 
28 8 28 27 18 2 22 1 20 4 26 15 23 3 12 16 21 24 5 6 9 17 11 
29 8 28 27 18 2 22 1 20 4 26 15 23 3 12 16 21 24 5 6 9 17 11 
30 8 30 28 27 18 2 22 1 20 4 26 15 23 3 12 16 21 24 5 6 9 17 11 
31 8 30 28 27 18 2 22 1 20 4 26 31 15 23 3 12 16 21 24 5 6 9 17 11 
32 28 1 4 26 15 16 5 6 8 30 27 18 2 22 20 31 32 23 3 12 21 24 9 17 11 
33 28 1 4 26 15 16 5 6 8 30 27 18 2 22 20 31 32 23 3 12 21 24 9 17 11 
34 8 28 27 18 2 22 1 20 4 26 34 15 23 3 12 16 21 24 5 6 9 17 11 
35 8 28 27 18 2 22 1 20 4 26 34 15 23 3 12 16 21 24 5 6 9 17 11 
36 8 28 27 18 2 22 1 20 4 26 34 15 23 36 3 12 16 21 24 5 6 9 17 11 
37 28 37 1 4 26 15 16 5 6 8 27 18 2 22 20 34 23 36 3 12 21 24 9 17 11 
38 28 37 1 4 26 15 16 5 6 8 27 18 2 22 20 34 23 36 3 12 21 24 9 17 11 
39 8 28 27 18 2 22 1 20 4 26 34 39 15 23 3 12 16 21 24 5 6 9 17 11 
40 28 1 40 4 26 39 15 16 5 6 8 27 18 2 22 20 34 23 3 12 21 24 9 17 11 
41 28 37 1 40 4 26 39 15 16 5 6 8 30 27 18 2 22 20 34 31 32 23 36 3 12 21 24 41 9 17 11 
42 64 26 15 65 61 49 8 18 2 22 62 20 52 32 50 23 41 9 57 11 54 28 37 45 1 40 63 4 39 66 16 5 6 42 30 44 27 59 34 31 48 36 3 12 21 24 55 17 46 
43 64 26 15 65 61 49 8 18 2 22 62 20 52 32 50 23 41 9 57 11 54 28 37 45 1 40 63 4 39 66 16 5 6 42 30 44 27 59 34 31 48 36 3 12 21 24 55 17 46 
44 64 26 15 65 61 49 8 18 2 22 62 20 52 32 50 23 41 9 57 11 54 28 37 45 1 40 63 4 39 66 16 5 6 42 30 44 27 59 34 31 48 36 3 12 21 24 55 17 46 
45 64 26 15 65 61 49 8 18 2 22 62 20 52 32 50 23 41 9 57 11 54 28 37 45 1 40 63 4 39 66 16 5 6 42 30 44 27 59 34 31 48 36 3 12 21 24 55 17 46 
46 64 26 15 65 61 49 8 18 2 22 62 20 52 32 50 23 41 9 57 11 54 28 37 45 1 40 63 4 39 66 16 5 6 42 30 44 27 59 34 31 48 36 3 12 21 24 55 17 46 
47 64 26 15 65 61 49 8 18 2 22 62 20 52 32 50 23 41 9 57 11 54 28 37 45 1 40 63 4 39 66 16 5 6 42 30 44 27 59 34 31 48 36 3 12 21 24 55 17 46 
48 64 26 15 65 61 49 8 18 2 22 62 20 52 32 50 23 41 9 57 11 54 28 37 45 1 40 63 4 39 66 16 5 6 42 30 44 27 59 34 31 48 36 3 12 21 24 55 17 46 
49 64 26 15 65 61 49 8 18 2 22 62 20 52 32 50 23 41 9 57 11 54 28 37 45 1 40 63 4 39 66 16 5 6 42 30 44 27 59 34 31 48 36 3 12 21 24 55 17 46 
50 64 26 15 65 61 49 8 18 2 22 62 20 52 32 50 23 41 9 57 11 54 28 37 45 1 40 63 4 39 66 16 5 6 42 30 44 27 59 34 31 48 36 3 12 21 24 55 17 46 
51 64 26 15 65 61 49 8 18 2 22 62 20 52 32 50 23 41 9 57 11 54 28 37 45 1 40 63 4 39 66 16 5 6 42 30 44 27 59 34 31 48 36 3 12 21 24 55 17 46 
52 64 26 15 65 61 49 8 18 2 22 62 20 52 32 50 23 41 9 57 11 54 28 37 45 1 40 63 4 39 66 16 5 6 42 30 44 27 59 34 31 48 36 3 12 21 24 55 17 46 
53 64 26 15 65 61 49 8 18 2 22 62 20 52 32 50 23 41 9 57 11 54 28 37 45 1 40 63 4 39 66 16 5 6 42 30 44 27 59 34 31 48 36 3 12 21 24 55 17 46 
54 64 26 15 65 61 49 8 18 2 22 62 20 52 32 50 23 41 9 57 11 54 28 37 45 1 40 63 4 39 66 16 5 6 42 30 44 27 59 34 31 48 36 3 12 21 24 55 17 46 
55 54 28 37 45 1 40 64 63 26 4 39 15 65 66 16 61 5 6 49 42 8 30 44 27 2 22 20 59 52 34 32 31 50 48 23 36 3 12 21 24 41 9 55 57 17 11 46 
56 54 28 37 45 1 40 64 63 4 26 39 15 65 66 16 5 6 61 42 49 8 30 44 27 2 22 20 59 34 52 31 32 48 50 23 36 3 12 21 24 41 9 55 17 57 11 46 
57 64 26 15 65 61 49 8 18 2 22 62 20 52 32 50 23 41 9 57 11 54 28 37 45 1 40 63 4 39 66 16 5 6 42 30 44 27 59 34 31 48 36 3 12 21 24 55 17 46 
58 64 26 15 65 61 49 8 18 2 22 62 20 52 32 50 23 41 9 57 11 54 28 37 45 1 40 63 4 39 66 16 5 6 42 30 44 27 59 34 31 48 36 3 12 21 24 55 17 46 
59 64 26 15 65 61 49 8 18 2 22 62 20 52 32 50 23 41 9 57 11 54 28 37 45 1 40 63 4 39 66 16 5 6 42 30 44 27 59 34 31 48 36 3 12 21 24 55 17 46 
60 64 26 15 65 61 49 8 18 2 22 62 20 52 32 50 23 41 9 57 11 54 28 37 45 1 40 63 4 39 66 16 5 6 42 30 44 27 59 34 31 48 36 3 12 21 24 55 17 46 
61 64 26 15 65 61 49 8 18 2 22 62 20 52 32 50 23 41 9 57 11 54 28 37 45 1 40 63 4 39 66 16 5 6 42 30 44 27 59 34 31 48 36 3 12 21 24 55 17 46 
62 54 28 37 45 1 40 64 63 26 4 39 15 65 66 16 61 5 6 49 42 8 30 44 27 2 22 62 20 59 52 34 32 31 50 48 23 36 3 12 21 24 41 9 57 17 11 46 
63 64 26 15 65 61 49 8 18 2 22 62 20 52 32 50 23 41 9 57 11 54 28 37 45 1 40 63 4 39 66 16 5 6 42 30 44 27 59 34 31 48 36 3 12 21 24 55 17 46 
64 64 26 15 65 61 49 8 18 2 22 62 20 52 32 50 23 41 9 57 11 54 28 37 45 1 40 63 4 39 66 16 5 6 42 30 44 27 59 34 31 48 36 3 12 21 24 55 17 46 
65 64 26 15 65 61 49 8 18 2 22 62 20 52 32 50 23 41 9 57 11 54 28 37 45 1 40 63 4 39 66 16 5 6 42 30 44 27 59 34 31 48 36 3 12 21 24 55 17 46 
66 64 26 15 65 61 49 8 18 2 22 62 20 52 32 50 23 41 9 57 11 54 28 37 45 1 40 63 4 39 66 16 5 6 42 30 44 27 59 34 31 48 36 3 12 21 24 55 17 46 
67 64 26 15 65 61 49 8 18 2 22 62 20 52 32 50 23 41 9 57 11 54 28 37 45 1 40 63 4 39 66 16 5 6 42 30 44 27 59 34 31 48 36 3 12 21 24 55 17 46 
68 64 26 15 65 61 49 8 18 2 22 62 20 52 32 50 23 41 9 57 11 54 28 37 45 1 40 63 4 39 66 16 5 6 42 30 44 27 59 34 31 48 36 3 12 21 24 55 17 46 
69 64 26 15 65 61 49 8 18 2 22 62 20 52 32 50 23 41 9 57 11 54 28 37 45 1 40 63 4 39 66 16 5 6 42 30 44 27 59 34 31 48 36 3 12 21 24 55 17 46 
70 64 26 15 65 61 49 8 18 2 22 62 20 52 32 50 23 41 9 57 11 54 28 37 45 1 40 63 4 39 66 16 5 6 42 30 44 27 59 34 31 48 36 3 12 21 24 55 17 46 
71 64 26 15 65 61 49 8 18 2 22 62 20 52 32 50 23 41 9 57 11 54 28 37 45 1 40 63 4 39 66 16 5 6 42 30 44 27 59 34 31 48 36 3 12 21 24 55 17 46 
