1 1 
2 1 2 
3 1 2 
4 1 4 2 
5 1 4 2 
6 1 4 6 2 
7 1 4 6 2 
8 1 4 8 6 2 
9 1 4 8 6 2 
10 10 1 4 8 6 2 
11 10 1 4 8 6 2 
12 10 12 1 4 8 6 2 
13 10 12 1 4 8 6 2 
14 10 12 1 14 4 8 6 2 
15 10 12 1 14 4 8 6 15 2 
16 10 12 1 14 4 8 6 15 2 
17 17 10 12 1 14 4 8 6 15 2 
18 17 10 12 1 14 4 8 6 15 2 
19 17 19 10 12 1 14 4 8 6 15 2 
20 17 19 10 12 1 14 4 8 6 15 2 
21 17 19 10 12 21 1 14 4 8 6 15 2 
22 17 19 10 12 21 1 14 4 8 6 15 2 
23 17 19 10 12 21 23 1 4 8 6 15 2 
24 19 12 21 4 8 24 15 2 17 10 23 1 6 
25 19 12 21 4 8 24 15 2 17 10 23 1 6 
26 19 12 26 21 4 8 24 15 2 17 10 23 1 14 6 
27 19 12 26 21 4 8 24 15 2 17 10 23 1 14 6 
28 19 28 12 26 21 4 8 24 15 2 17 10 1 6 
29 19 28 12 26 29 21 4 8 24 15 2 17 10 1 6 
30 19 28 12 26 29 21 4 8 24 15 2 17 10 1 6 
31 19 28 12 26 29 21 4 8 24 15 2 17 10 23 1 14 6 
