1 1 
2 1 2 
3 3 1 2 
4 3 1 4 2 
5 3 1 4 5 2 
6 3 1 4 5 2 6 
7 3 1 4 5 2 6 7 
8 3 1 4 5 8 2 6 7 
9 3 1 4 5 8 9 2 6 7 
10 3 1 4 5 8 10 9 2 6 7 
11 3 1 4 5 8 10 9 11 2 6 7 
12 3 1 4 5 8 10 9 12 11 2 6 7 
13 3 1 4 5 8 10 9 12 11 2 6 7 
14 3 1 4 5 8 10 9 12 11 2 6 7 
15 1 8 6 7 3 4 5 10 9 12 15 11 2 
16 1 8 6 7 3 4 5 10 9 12 15 11 2 
17 1 8 17 6 7 3 4 5 10 9 12 15 11 2 
18 1 8 17 6 7 3 4 5 10 9 12 15 11 2 
19 1 8 17 6 7 3 4 5 10 9 12 15 11 2 
20 1 8 20 6 7 3 4 5 10 9 12 15 11 2 
21 1 8 20 6 7 3 21 4 5 10 9 12 15 11 2 
22 1 8 20 22 6 7 3 21 4 5 10 9 12 15 11 2 
23 1 8 20 22 6 7 3 21 4 5 10 9 12 15 11 2 
24 1 8 20 22 6 7 3 21 4 5 10 9 12 15 11 2 
25 1 8 20 22 6 7 3 21 4 5 10 9 12 15 11 2 
26 1 8 20 22 6 7 26 3 21 4 5 10 9 12 15 11 2 
27 1 8 20 22 6 7 26 3 21 4 5 10 9 12 15 11 2 
28 1 8 20 22 6 7 26 3 21 4 5 10 9 12 15 11 2 
29 1 8 20 22 6 7 26 3 21 4 5 10 9 12 15 11 2 
