1 2 
2 3 
3 4 
4 5 
5 6 
6 7 
7 8 
8 9 
9 10 
10 11 
11 12 
12 13 
13 14 
14 15 
15 16 
16 17 
17 18 
18 19 
19 20 23 
20 21 
21 22 
22 23 
23 24 
24 25 
25 26 29 
26 27 
27 28 
28 29 
29 30 
30 31 
31 32 
32 33 
33 34 118 
34 35 
35 36 
36 37 
37 38 
38 39 59 
39 40 43 
40 41 
41 42 
42 45 
43 44 
44 45 
45 46 117 
46 47 
47 48 52 
48 49 52 
49 50 
50 51 
51 
52 53 
53 54 
54 55 
55 56 
56 57 
57 58 
58 117 
59 60 
60 61 
61 62 
62 63 
63 64 
64 65 
65 66 
66 67 
67 68 70 
68 69 
69 72 
70 71 
71 72 
72 73 
73 74 78 
74 75 
75 76 
76 77 
77 78 83 
78 79 88 
79 80 
80 81 
81 82 
82 83 88 
83 84 
84 85 
85 86 
86 87 
87 92 
88 89 
89 90 
90 91 
91 92 
92 93 117 
93 94 
94 95 99 
95 96 99 
96 97 
97 98 
98 
99 100 
100 101 
101 102 
102 103 
103 104 
104 105 
105 106 108 
106 107 
107 109 
108 109 
109 110 
110 111 
111 112 
112 113 
113 114 
114 115 
115 116 
116 117 
117 32 
118 119 120 
119 120 
120 121 
121 122 
122 123 
123 124 149 
124 125 
125 126 
126 127 
127 128 
128 129 131 
129 130 
130 132 
131 132 
132 133 
133 134 
134 135 
135 136 
136 137 139 
137 138 
138 140 
139 140 
140 141 
141 142 
142 143 
143 144 
144 145 
145 146 
146 147 
147 148 
148 149 
149 150 
150 151 
151 
