1 1 
2 2 1 
3 2 1 
4 2 1 4 
5 2 1 4 5 
6 2 1 4 5 
7 2 1 7 
8 2 1 8 7 
9 9 2 1 8 7 
10 9 13 20 2 15 11 1 8 19 7 12 17 
11 9 13 20 2 15 11 1 8 19 7 12 17 
12 9 13 20 2 15 11 1 8 19 7 17 12 
13 9 20 13 2 15 11 1 8 19 7 12 17 
14 9 13 20 2 15 11 1 8 19 7 12 17 
15 9 13 20 2 15 11 1 8 12 17 
16 9 13 20 2 15 11 1 8 12 17 
17 9 13 20 2 15 11 1 8 19 7 12 17 
18 9 13 20 2 15 11 1 8 19 7 12 17 
19 9 13 20 2 11 1 8 19 12 17 
20 13 20 2 15 11 1 8 19 12 7 17 
21 13 20 2 15 11 1 8 19 12 7 17 
22 9 13 20 2 15 11 1 8 19 7 12 17 
