1 1 
2 1 2 
3 1 2 3 
4 4 1 2 3 
5 4 1 5 2 3 
6 4 6 1 5 2 3 
7 4 6 1 7 5 2 3 
8 4 6 1 7 5 8 2 3 
9 4 6 1 7 5 8 9 2 3 
10 4 6 1 7 5 8 10 9 2 3 
11 4 6 1 7 5 8 11 10 9 2 3 
12 4 6 1 7 5 8 11 10 9 2 3 
13 4 13 6 1 7 5 8 11 10 9 2 3 
14 4 13 6 1 7 5 8 11 10 9 2 3 
15 4 13 5 8 11 10 15 6 1 7 9 2 3 
16 4 13 5 8 11 10 15 16 6 1 7 9 2 3 
17 4 13 5 8 11 10 15 16 6 1 17 7 2 3 
18 4 13 5 8 11 10 15 16 6 1 17 18 7 9 2 3 
19 4 40 28 37 8 35 10 15 16 51 32 6 17 30 18 23 21 41 2 3 38 19 13 24 39 44 5 11 43 22 27 42 48 25 1 50 7 29 26 9 
20 4 40 28 37 8 35 10 15 16 51 32 6 17 30 18 23 21 41 2 3 19 38 13 24 39 44 5 11 43 22 27 42 48 25 1 50 7 29 26 9 
21 4 40 28 37 8 35 10 15 16 51 32 6 17 30 18 23 41 21 2 3 19 38 13 24 39 44 5 11 43 22 27 42 48 25 1 50 7 29 26 9 
22 4 40 28 37 8 35 10 15 16 51 32 6 17 30 18 23 21 41 2 3 19 38 13 24 39 44 5 11 43 22 27 42 48 25 1 50 7 29 26 9 
23 4 40 28 37 8 35 10 15 16 51 32 6 17 30 18 23 21 41 2 3 19 38 13 24 39 44 5 11 43 22 27 42 48 25 1 50 7 29 26 9 
24 4 40 28 37 8 35 10 15 16 51 32 6 17 30 18 23 21 41 2 3 19 38 13 39 24 44 5 11 43 22 27 42 48 25 1 50 7 29 26 9 
25 4 40 28 37 8 35 10 15 16 51 32 6 17 30 18 23 21 41 2 3 19 38 13 24 39 44 5 11 43 22 27 42 48 25 1 50 7 29 26 9 
26 4 40 28 37 8 35 10 15 16 51 32 6 17 30 18 23 21 41 2 3 19 38 13 24 39 44 5 11 43 22 27 42 48 25 1 50 7 29 26 9 
27 4 40 28 37 8 35 10 15 16 51 32 6 17 30 18 23 21 41 2 3 19 38 13 24 39 44 5 11 43 22 27 42 48 25 1 50 7 29 26 9 
28 4 40 28 37 8 35 10 15 16 51 32 6 17 30 18 23 21 41 2 3 19 38 13 24 39 44 5 11 43 22 27 42 48 25 1 50 7 29 26 9 
29 4 40 28 37 8 35 10 15 16 51 32 6 17 30 18 23 21 41 2 3 19 38 13 24 39 44 5 11 43 22 27 42 48 25 1 50 7 29 26 9 
30 4 40 28 37 8 35 10 15 16 51 32 6 17 30 18 23 21 41 2 3 19 38 13 24 39 44 5 11 43 22 27 42 48 25 1 50 7 29 26 9 
31 4 40 28 37 8 35 10 15 16 51 32 6 17 30 18 23 21 41 2 3 19 38 13 24 39 44 5 11 43 22 27 42 48 25 1 50 7 29 26 9 
32 4 40 28 37 8 35 10 15 16 51 32 6 17 30 18 23 21 41 2 3 19 38 13 24 39 44 5 11 43 22 27 42 48 25 1 50 7 29 26 9 
33 4 40 28 37 8 35 10 15 16 51 32 6 17 30 18 23 21 41 2 3 19 38 13 24 39 44 5 11 43 22 27 42 48 25 1 50 7 29 26 9 
34 4 40 28 37 8 35 10 15 16 51 32 6 17 30 18 23 21 41 2 3 19 38 13 24 39 44 5 11 43 22 27 42 48 25 1 50 7 29 26 9 
35 4 40 28 37 8 35 10 15 16 51 32 6 17 30 18 23 21 41 2 3 19 38 13 24 39 44 5 11 43 22 27 42 48 25 1 50 7 29 26 9 
36 4 40 28 37 8 35 10 15 16 51 32 6 17 30 18 23 21 41 2 3 19 38 13 24 39 44 5 11 43 22 27 42 48 25 1 50 7 29 26 9 
37 4 40 28 37 8 35 10 15 16 51 32 6 17 30 18 23 21 41 2 3 19 38 13 24 39 44 5 11 43 22 27 42 48 25 1 50 7 29 26 9 
38 4 40 28 37 8 35 10 15 16 51 32 6 17 30 18 23 21 41 2 3 19 38 13 24 39 44 5 11 43 22 27 42 48 25 1 50 7 29 26 9 
39 4 40 28 37 8 35 10 15 16 51 32 6 17 30 18 23 21 41 2 3 19 38 13 24 39 44 5 11 43 22 27 42 48 25 1 50 7 29 26 9 
40 4 40 28 37 8 35 10 15 16 51 32 6 17 30 18 23 21 41 2 3 19 38 13 24 39 44 5 11 43 22 27 42 48 25 1 50 7 29 26 9 
41 4 40 28 37 8 35 10 15 16 51 32 6 17 30 18 23 21 41 2 3 19 38 13 24 39 44 5 11 43 22 27 42 48 25 1 50 7 29 26 9 
42 4 40 28 37 8 35 10 15 16 51 32 6 17 30 18 23 21 41 2 3 19 38 13 24 39 44 5 11 43 22 27 42 48 25 1 50 7 29 26 9 
43 4 40 28 37 8 35 10 15 16 51 32 6 17 30 18 23 21 41 2 3 19 38 13 24 39 44 5 11 43 22 27 42 48 25 1 50 7 29 26 9 
44 4 40 28 37 8 35 10 15 16 51 32 6 17 30 18 23 21 41 2 3 19 38 13 24 39 44 5 11 43 22 27 42 48 25 1 50 7 29 26 9 
45 4 40 28 37 8 35 10 15 16 51 32 6 17 30 18 23 21 41 2 3 19 38 13 24 39 44 5 11 43 22 27 42 48 25 1 50 7 29 26 9 
46 4 40 28 37 8 35 10 15 16 51 32 6 17 30 18 23 21 41 2 3 19 38 13 24 39 44 5 11 43 22 27 42 48 25 1 50 7 29 26 9 
47 4 40 28 37 8 35 10 15 16 51 32 6 17 30 18 23 21 41 2 3 19 38 13 24 39 44 5 11 43 22 27 42 48 25 1 50 7 29 26 9 
48 4 40 28 37 8 35 10 15 16 51 32 6 17 30 18 23 21 41 2 3 19 38 13 24 39 44 5 11 43 22 27 42 48 25 1 7 29 26 9 
49 4 40 28 37 8 35 10 15 16 51 32 6 17 30 18 23 21 41 2 3 19 38 13 24 39 44 5 11 43 22 27 42 48 25 1 7 29 26 9 
50 4 40 28 37 8 35 10 15 16 51 32 6 17 30 18 23 21 41 2 3 19 38 13 24 39 44 5 11 43 22 27 42 25 1 50 7 29 26 9 
51 4 40 28 37 8 35 10 15 16 51 32 6 17 30 18 23 21 41 2 3 19 38 13 24 39 44 5 11 43 22 27 42 48 25 1 50 29 26 9 
52 4 40 28 37 8 35 10 15 16 51 32 6 17 30 18 23 21 41 2 3 19 38 13 24 39 44 5 11 43 22 27 42 48 25 1 50 29 26 9 
53 4 40 28 37 8 35 10 15 16 51 32 6 17 30 18 23 21 41 2 3 19 38 13 24 39 44 5 11 43 22 27 42 48 25 1 50 7 29 26 9 
