1 1 
2 2 1 
3 2 3 1 
4 2 4 3 1 
5 2 4 5 3 1 
6 2 4 6 5 3 1 
7 2 4 6 7 5 3 1 
8 2 4 6 8 7 5 3 1 
9 2 4 6 8 7 5 3 1 
10 2 4 6 8 10 7 5 3 1 
11 2 4 6 8 10 7 5 3 1 
12 2 4 6 8 10 7 5 3 12 1 
13 2 4 6 8 10 7 5 3 12 1 
14 2 4 6 8 10 7 5 3 12 1 
15 2 4 6 8 7 15 5 3 1 
16 2 4 6 8 7 15 16 5 3 1 
17 2 4 6 8 7 15 16 5 3 1 
18 2 4 6 8 7 15 16 5 3 18 1 
19 2 4 6 8 7 16 5 3 18 1 19 
20 2 4 6 8 7 16 5 3 18 1 19 
21 2 4 6 8 21 7 15 16 5 3 1 
22 2 4 6 8 21 7 16 5 3 22 1 
23 4 6 8 21 16 19 2 7 5 3 22 18 1 
24 4 6 8 21 16 19 2 7 5 3 22 18 1 
