1 1 
2 2 1 
3 2 3 1 
4 4 2 3 1 
5 4 2 5 3 1 
6 4 2 13 5 12 7 3 10 16 17 1 14 9 
7 4 2 13 5 12 7 3 10 16 17 1 14 9 
8 4 2 13 5 12 7 3 10 16 17 1 14 9 
9 4 2 13 5 12 7 3 10 16 17 1 14 9 
10 4 2 13 5 12 7 3 10 16 17 1 14 9 
11 4 2 13 5 12 7 3 10 16 17 1 14 9 
12 4 2 13 5 12 7 3 10 16 17 1 14 9 
13 4 2 13 5 12 7 3 10 16 17 1 14 9 
14 4 2 13 5 12 7 3 10 16 17 1 14 9 
15 4 2 13 5 12 7 3 10 16 17 1 14 9 
16 16 2 13 5 12 17 7 3 10 1 14 9 
17 4 16 2 13 12 17 7 3 10 1 14 9 
18 4 16 2 13 12 17 7 3 10 1 14 9 
19 4 2 13 5 12 7 3 10 16 17 1 14 9 
