1 1 
2 2 1 
3 2 3 1 
4 2 3 1 4 
5 5 2 3 1 4 
6 5 2 3 1 4 
7 5 2 3 1 4 
8 5 2 8 3 1 4 
9 5 2 8 3 1 4 
10 5 2 8 3 10 1 4 
11 11 5 2 8 3 10 1 4 
12 11 5 2 8 3 10 1 4 12 
13 11 5 2 8 3 10 13 1 4 12 
14 18 17 16 21 22 3 23 19 11 5 2 8 10 13 1 14 20 4 12 
15 18 17 16 21 22 3 23 19 11 5 2 8 10 13 1 14 20 4 12 
16 18 17 16 21 22 3 23 19 11 5 2 8 10 13 1 14 20 4 12 
17 18 17 16 21 22 3 23 19 11 5 2 8 10 13 1 14 20 4 12 
18 18 17 16 21 22 3 23 19 11 5 2 8 10 13 1 14 20 4 12 
19 18 17 16 21 22 3 23 19 11 5 2 8 10 13 1 14 20 4 12 
20 18 17 16 21 22 3 23 19 11 5 2 8 10 13 1 14 20 4 12 
21 18 17 16 22 21 3 23 19 11 5 2 8 13 1 14 20 4 12 
22 18 17 16 21 22 3 23 19 11 5 2 8 13 1 14 20 4 12 
23 18 17 16 21 22 3 23 19 5 2 8 13 1 14 20 4 12 
24 18 17 16 21 22 3 23 19 5 2 8 13 1 14 20 4 12 
25 18 17 16 22 3 25 23 19 11 5 2 8 13 1 14 20 4 12 
26 18 26 17 16 22 3 25 19 5 2 8 13 1 14 20 4 12 
27 26 18 27 17 16 22 3 25 19 5 2 8 13 1 14 20 4 12 
28 26 18 28 27 17 16 22 3 25 19 5 2 8 13 1 14 20 4 12 
29 26 28 18 27 29 17 16 22 3 25 19 5 2 8 13 1 14 20 4 12 
30 26 28 18 27 29 17 16 22 3 25 19 5 30 2 8 13 1 14 20 4 12 
31 26 28 18 27 29 17 31 16 22 3 25 19 5 30 2 8 13 1 14 20 4 12 
32 26 28 18 27 29 17 31 16 22 3 25 32 19 5 30 2 8 13 1 14 20 4 12 
33 26 28 18 27 29 17 31 16 22 3 25 33 32 19 5 30 2 8 13 1 14 20 4 12 
34 26 27 29 16 22 25 19 5 30 8 13 12 28 18 17 31 3 33 32 34 2 1 14 20 4 
35 26 27 29 16 22 25 19 5 30 8 13 12 28 18 17 31 3 33 32 34 2 1 14 20 4 
36 26 27 29 16 22 25 19 5 30 8 13 12 18 17 31 3 33 32 34 36 2 1 14 20 4 
37 26 27 29 16 22 37 25 19 5 30 8 13 12 18 17 31 3 33 32 34 36 2 1 14 20 4 
38 26 27 29 16 22 37 25 19 5 30 8 12 18 17 31 38 3 33 32 34 36 2 1 14 20 4 
39 26 27 29 44 46 16 22 37 25 19 41 43 5 30 8 48 12 18 17 31 38 3 42 33 32 34 45 36 39 2 1 14 20 4 47 
40 26 27 29 44 46 16 22 37 25 19 41 43 5 30 8 48 12 18 17 31 38 3 42 33 32 34 45 36 39 2 1 14 20 4 47 
41 26 27 29 44 46 16 22 37 25 19 41 43 5 30 8 48 12 18 17 31 38 3 42 33 32 34 45 36 39 2 1 14 20 4 47 
42 26 27 29 44 46 16 22 37 25 19 41 43 5 30 8 48 12 18 31 38 3 42 33 32 34 45 36 39 2 1 14 20 4 47 
43 26 27 29 44 46 16 22 37 25 19 41 43 5 30 8 48 12 18 31 38 3 42 33 32 34 45 36 39 2 1 14 20 4 47 
44 26 27 29 44 46 16 22 37 25 41 43 5 30 8 48 12 18 31 38 3 42 33 32 34 45 36 39 2 1 14 20 4 47 
45 26 27 29 44 46 16 22 37 25 41 43 5 30 8 48 12 18 31 38 3 42 33 32 34 45 36 39 2 1 14 20 4 47 
46 26 27 29 44 46 16 22 37 25 41 43 5 8 48 12 18 31 38 3 42 33 32 34 45 36 39 2 1 14 20 4 47 
47 26 27 29 44 46 16 22 37 25 41 43 5 8 48 12 18 31 38 3 42 33 32 34 45 36 39 2 1 14 20 4 47 
48 26 27 29 44 46 16 22 37 25 41 43 5 8 48 12 18 31 38 3 42 33 32 34 45 36 39 2 1 14 20 4 47 
49 26 27 29 44 46 16 22 37 25 41 43 5 8 48 12 18 31 38 3 42 33 32 34 45 36 39 2 1 14 20 4 47 
50 26 27 29 44 46 16 22 37 25 41 43 5 8 48 12 18 31 38 3 42 33 32 34 45 36 39 2 1 14 20 4 47 
51 26 27 29 44 46 16 22 37 25 19 41 43 5 30 8 48 12 18 17 31 38 3 42 33 32 34 45 36 39 2 1 14 20 4 47 
