1 1 
2 1 2 
3 3 1 2 
4 3 4 1 2 
5 3 4 1 2 
6 6 3 4 1 2 
7 6 3 7 4 1 2 
8 6 3 7 8 4 1 2 
9 6 3 7 8 4 1 2 
10 6 3 7 8 4 1 2 10 
11 6 14 3 7 8 4 13 11 1 2 10 
12 6 14 3 7 8 4 13 11 1 2 10 
13 6 14 3 7 8 4 13 11 1 2 10 
14 6 14 3 7 8 4 13 11 1 2 10 
15 6 14 3 7 8 4 13 11 1 2 10 
16 6 14 3 7 8 4 13 11 1 2 10 
17 6 14 3 7 8 4 13 11 1 2 10 
18 6 14 3 7 8 18 4 13 11 1 2 10 
19 6 14 3 7 8 18 4 13 11 1 2 10 
20 7 2 20 10 6 14 3 8 18 4 13 11 1 
21 7 2 20 10 6 14 3 8 18 21 4 13 11 1 
22 22 7 2 20 10 6 14 3 18 21 4 13 11 1 
23 22 7 2 20 10 6 14 3 18 21 4 13 11 1 
24 22 7 2 20 6 14 3 18 21 4 13 11 1 24 
25 22 7 2 20 6 14 3 28 27 18 21 25 4 13 11 1 24 
26 22 7 2 20 6 14 3 28 27 18 21 25 4 13 11 1 24 
27 22 7 2 20 6 14 3 28 27 18 21 25 4 13 11 1 24 
28 22 7 2 20 6 3 28 27 18 21 25 4 13 11 1 24 
29 22 7 2 20 6 3 28 27 18 21 25 4 13 11 1 24 
30 22 7 2 20 6 3 28 27 18 21 25 4 13 11 1 24 
31 22 7 2 20 6 14 3 28 27 18 21 25 4 13 11 1 24 
32 22 7 2 20 10 6 14 3 28 27 8 18 21 25 4 13 11 1 24 
33 22 7 2 20 10 6 14 3 28 27 8 18 21 25 4 13 11 1 24 
