1 1 
2 2 
3 3 
4 4 
5 5 
6 6 
7 7 
8 8 
9 9 
11 10 
12 11 
14 12 
16 13 
17 10 
18 11 
20 10 
21 14 
22 11 
23 15 
26 16 
28 17 
30 18 
31 19 
32 20 
33 13 
34 21 
35 22 
36 23 
37 24 
38 25 
39 26 
40 27 
41 28 
44 29 
46 30 
47 31 
48 32 
49 33 
50 34 
51 35 
52 36 
53 37 
56 38 
58 39 
59 40 
60 41 
61 42 
62 43 
63 44 
64 45 
67 46 
69 47 
70 48 
71 49 
72 50 
73 51 
74 52 
75 53 
78 54 
81 55 
83 56 
85 57 
86 58 
87 59 
88 13 
89 60 
90 61 
91 62 
92 63 
93 64 
94 65 
95 66 
96 67 
99 68 
101 69 
102 70 
103 71 
104 72 
105 73 
106 74 
107 75 
108 76 
111 77 
113 78 
114 79 
115 80 
116 81 
117 82 
118 83 
119 84 
122 85 
124 86 
125 87 
126 88 
127 89 
128 90 
129 91 
130 92 
133 93 
135 94 
137 13 
138 13 
