1 1 
2 1 2 
3 1 3 2 
4 1 3 4 2 
5 1 3 5 4 2 
6 1 3 5 4 2 6 
7 1 3 5 7 4 2 6 
8 1 3 5 7 4 2 6 
9 1 3 5 7 4 9 2 6 
10 1 3 5 7 4 9 2 6 
11 1 3 5 7 4 9 2 6 
12 1 3 5 12 7 4 2 6 
13 1 3 5 7 23 6 15 18 22 26 19 17 12 4 24 2 14 
14 1 3 5 7 23 6 15 18 22 26 19 17 12 4 24 2 14 
15 1 3 5 7 23 6 15 18 22 26 19 17 12 4 24 2 14 
16 1 3 5 7 23 6 15 18 22 26 19 17 12 4 24 2 14 
17 1 3 5 7 23 6 15 18 22 26 19 17 12 4 24 2 14 
18 1 3 5 7 23 6 15 22 18 26 19 17 12 4 24 2 14 
19 1 3 5 7 23 6 15 18 22 26 19 17 12 4 24 2 14 
20 1 3 5 7 23 6 15 18 22 26 19 17 12 4 24 2 14 
21 1 3 5 7 23 6 15 18 22 26 19 17 12 4 24 2 14 
22 1 3 5 7 23 6 15 18 22 26 19 17 12 4 24 2 14 
23 1 3 5 7 23 6 15 18 22 26 19 17 12 4 24 2 14 
24 1 3 5 7 23 6 15 18 22 26 19 17 12 4 24 2 14 
25 1 3 5 7 23 6 15 18 22 26 19 17 12 4 24 2 14 
26 1 3 5 7 23 6 15 18 22 26 19 17 4 24 2 14 
27 1 3 5 7 23 6 15 18 22 26 19 17 4 24 2 14 
28 1 3 5 7 23 6 15 18 22 26 19 17 12 4 24 2 14 
29 1 5 7 23 29 6 15 18 22 26 19 17 12 4 24 2 14 
30 1 5 7 29 23 6 15 30 18 22 26 19 17 12 4 24 2 14 
31 1 5 7 29 23 6 30 15 18 22 26 19 17 12 4 24 2 14 
32 1 5 7 29 23 6 30 15 18 22 26 19 17 12 4 24 2 14 
33 1 3 5 7 29 23 6 30 15 18 22 26 19 17 12 4 24 2 14 
