1 1 
2 1 2 
3 1 3 2 
4 1 3 2 
5 1 5 3 2 
6 1 5 3 2 
7 7 1 5 3 2 
8 7 1 5 3 2 
9 7 1 5 3 9 2 
10 7 1 5 3 9 2 
11 7 1 5 3 9 11 2 
12 7 1 5 3 9 11 2 
13 7 1 5 3 9 11 2 13 
14 7 1 5 3 9 11 14 2 13 
15 7 16 1 5 19 3 9 11 14 2 13 
16 7 16 1 5 19 3 9 11 14 2 13 
17 7 16 1 5 19 3 9 11 14 2 13 
18 7 16 1 5 19 3 9 11 14 2 13 
19 7 16 1 5 19 3 9 11 2 13 
20 7 16 1 5 19 3 9 11 2 13 
21 7 16 1 5 3 9 21 11 2 13 
22 7 1 5 3 9 21 22 11 2 13 
23 7 27 1 5 3 9 21 22 11 2 13 
24 7 1 5 3 9 21 11 2 13 24 
25 7 1 5 3 9 21 11 2 13 24 
26 7 1 5 3 9 21 11 2 13 24 
27 7 27 1 5 3 9 21 11 2 13 
28 7 27 1 5 3 9 21 11 2 13 
29 7 29 1 5 3 9 21 11 2 13 
30 7 30 1 5 3 9 21 11 2 13 
31 7 30 1 5 32 3 9 21 11 35 2 13 
32 7 30 1 5 32 3 9 21 11 35 2 13 
33 7 30 1 5 32 3 9 21 11 35 2 13 
34 7 30 1 5 32 3 9 21 11 35 2 13 
35 7 1 5 32 3 9 21 11 35 2 13 
36 7 1 5 32 3 9 21 11 35 2 13 
37 30 37 3 21 2 7 1 5 32 9 11 35 13 
38 30 37 3 21 2 7 1 5 32 9 11 35 13 
39 7 1 5 32 39 37 3 9 21 11 2 13 
40 37 3 21 40 2 7 1 5 32 39 9 11 13 
41 37 3 21 40 2 7 1 5 39 41 9 11 13 
42 37 3 21 40 2 7 1 5 39 41 42 9 45 11 44 13 
43 37 3 21 40 2 7 1 5 39 41 42 9 45 11 44 13 
44 37 3 21 40 2 7 1 5 39 41 42 9 45 11 44 13 
45 37 3 21 40 2 7 1 5 39 41 42 9 45 11 44 13 
46 37 3 21 40 2 7 1 5 39 41 42 9 45 11 44 13 
47 37 3 21 40 2 7 1 5 39 41 42 9 45 11 44 13 
48 37 3 21 40 2 7 1 5 39 41 42 9 45 11 44 13 
49 30 37 3 21 40 49 2 7 1 5 32 39 41 42 9 45 11 35 44 13 
50 30 37 3 21 40 49 2 7 1 5 32 39 41 42 9 45 11 35 44 13 
51 37 3 21 51 40 49 2 7 1 5 32 41 42 9 45 11 44 13 
52 52 37 3 21 51 40 49 2 7 1 5 32 41 42 9 45 11 44 13 
53 53 52 37 3 21 51 40 49 2 7 1 5 42 9 45 11 44 13 
54 53 52 56 37 3 21 51 40 49 2 54 7 1 5 42 57 9 45 11 44 13 
55 53 52 56 37 3 21 51 40 49 2 54 7 1 5 42 57 9 45 11 44 13 
56 53 52 56 37 3 21 51 40 49 2 54 7 1 5 42 57 9 45 11 44 13 
57 53 52 56 37 3 21 51 40 49 2 54 7 1 5 42 57 9 11 44 13 
58 53 52 56 37 3 21 51 40 49 2 54 7 1 5 42 57 9 11 44 13 
59 53 52 56 37 3 21 51 40 49 2 54 7 1 5 42 57 9 11 44 13 
60 53 52 56 37 3 21 51 40 49 2 54 7 1 5 42 57 9 11 44 13 
61 53 30 56 37 51 40 49 2 54 7 5 32 39 41 42 57 35 52 3 21 1 9 45 11 44 13 
