1 1 
2 2 1 
3 2 1 3 
4 2 4 1 3 
5 2 4 5 1 3 
6 2 6 4 5 1 3 
7 7 2 6 4 5 1 3 
8 7 2 6 4 5 1 3 8 
9 7 2 6 4 5 1 3 8 
10 7 2 6 4 5 1 10 3 8 
11 7 2 6 11 4 5 1 10 3 8 
12 7 12 2 6 11 4 5 1 10 3 8 
13 17 37 7 12 22 29 25 4 15 27 10 13 30 23 36 35 24 6 11 26 21 5 3 28 1 8 34 38 2 20 16 18 33 
14 17 37 7 12 22 29 25 4 15 27 10 13 30 23 36 35 24 6 11 26 21 5 3 28 1 8 34 38 2 20 16 18 33 
15 17 37 7 12 22 29 25 4 15 27 10 13 30 23 36 35 24 6 11 26 21 5 3 28 1 8 34 38 2 20 16 18 33 
16 17 37 7 12 22 29 25 4 15 27 10 13 30 23 36 35 24 6 11 26 21 5 3 28 1 8 34 38 2 20 16 18 33 
17 37 17 7 12 22 29 25 4 15 27 10 13 30 23 36 35 24 6 11 26 21 5 3 28 1 8 34 38 2 20 16 18 33 
18 17 37 7 12 22 29 25 4 15 27 10 13 30 23 36 35 24 6 11 26 21 5 3 28 1 8 34 38 2 20 16 18 33 
19 17 37 7 12 22 29 25 4 15 27 10 13 30 23 36 35 24 6 11 26 21 5 3 28 1 8 34 38 2 20 16 18 33 
20 17 37 7 12 22 29 25 4 15 27 10 13 30 23 36 35 24 6 11 26 21 5 3 28 1 8 34 38 2 20 16 18 33 
21 17 37 7 12 22 29 25 4 15 27 10 13 30 23 36 35 24 6 11 26 21 5 3 28 1 8 34 38 2 20 16 18 33 
22 17 37 7 12 22 29 25 4 15 27 10 13 30 23 36 35 24 6 11 26 21 3 28 1 8 34 38 2 20 16 18 33 
23 17 37 7 12 22 29 25 4 15 27 10 13 30 23 36 35 24 6 11 26 21 3 28 1 8 34 38 2 20 16 18 33 
24 17 37 7 12 22 29 25 4 15 27 10 13 30 23 36 35 24 6 11 26 21 3 28 1 8 34 38 2 20 16 18 33 
25 17 37 7 12 22 29 25 4 15 27 10 13 30 23 36 35 24 11 26 21 3 28 1 8 34 38 2 20 16 18 33 
26 17 37 7 12 22 29 25 4 15 27 10 13 30 23 36 35 24 11 26 21 3 28 1 8 34 38 2 20 16 18 33 
27 17 37 7 12 22 29 25 4 15 27 10 13 30 23 36 35 24 11 26 21 3 28 1 8 34 38 2 20 16 18 33 
28 17 37 7 12 22 29 25 4 15 27 10 13 30 23 36 35 24 11 26 21 3 28 1 8 34 38 2 20 16 18 33 
29 17 37 7 12 22 29 25 4 15 27 10 13 30 23 36 35 24 11 26 21 3 28 1 8 34 38 2 20 16 18 33 
30 17 37 7 12 22 29 25 4 15 27 10 13 30 23 36 35 24 11 26 21 3 28 1 8 34 38 2 20 16 18 33 
31 17 37 7 12 22 29 25 4 15 27 10 13 30 23 36 35 24 11 26 21 3 28 1 8 34 38 2 20 16 18 33 
32 17 37 7 12 22 29 25 4 15 27 10 13 30 23 36 35 24 11 26 21 3 28 1 8 34 38 2 20 16 18 33 
33 17 37 7 12 22 29 25 4 15 27 10 13 30 23 36 35 24 11 26 21 3 28 1 8 34 38 2 20 16 18 33 
34 17 37 7 12 22 29 25 4 15 27 10 13 30 23 36 35 24 11 26 21 3 28 1 8 34 38 2 20 16 18 33 
35 17 37 7 12 22 29 25 4 15 27 10 13 30 23 36 35 24 11 26 21 3 28 1 8 34 38 2 20 16 18 33 
36 17 37 7 12 22 29 25 4 15 27 10 13 30 23 36 35 24 11 26 21 3 28 1 8 34 38 2 20 16 18 33 
37 17 37 7 12 22 29 25 15 27 10 13 30 23 36 35 24 11 26 21 3 28 1 8 34 38 2 20 16 18 33 
38 17 37 7 22 29 25 15 27 10 13 30 23 36 35 24 11 26 21 3 28 1 8 34 38 2 20 16 18 33 
39 17 37 7 22 29 25 15 27 10 13 30 23 36 35 24 11 26 21 3 28 1 8 34 38 2 20 16 18 33 
40 17 37 7 12 22 29 25 4 15 27 10 13 30 23 36 35 24 6 11 26 21 5 3 28 1 8 34 38 2 20 16 18 33 
41 17 37 7 12 22 29 25 4 15 27 10 13 30 23 36 35 24 6 11 26 21 5 3 28 41 1 8 34 38 2 20 16 18 33 
42 17 37 7 12 22 29 25 4 15 27 10 13 30 23 36 42 35 24 6 11 26 21 5 3 28 41 1 8 34 38 2 20 16 18 33 
43 17 37 7 12 22 29 25 4 15 27 10 13 30 23 36 42 35 24 6 11 26 21 5 3 43 28 41 1 8 34 38 2 20 16 18 33 
44 17 37 7 12 22 29 25 4 15 27 10 13 30 23 36 42 35 24 6 11 26 21 5 3 43 28 41 1 8 44 34 38 2 20 16 18 33 
45 17 37 7 12 29 25 4 15 27 10 13 30 23 36 42 35 24 6 11 26 21 45 3 43 28 41 1 8 44 34 38 2 20 16 18 33 
46 17 37 7 12 22 29 25 4 15 27 10 13 30 23 36 42 46 35 24 6 11 26 21 5 45 3 43 28 41 1 8 44 34 38 2 20 16 18 33 
47 17 37 7 12 22 29 25 4 15 27 10 13 30 23 36 42 46 35 47 24 6 11 26 21 5 45 3 43 28 41 1 8 44 34 38 2 20 16 18 33 
48 17 37 7 12 22 29 25 4 15 27 10 13 30 23 36 42 46 47 35 24 6 11 26 21 5 45 3 43 28 41 1 8 44 34 38 2 20 16 18 33 
49 17 37 7 22 29 25 4 15 27 10 13 30 49 23 36 42 46 47 35 24 6 11 26 21 5 45 3 43 28 41 1 8 44 34 2 20 16 18 33 
50 17 37 7 22 29 25 4 15 27 10 13 49 30 23 36 42 46 47 35 24 6 11 26 21 5 45 3 43 28 41 1 52 8 44 53 57 34 50 59 2 20 56 16 18 33 
51 17 37 7 22 29 25 4 15 27 10 13 49 30 23 36 42 46 47 35 24 6 11 26 21 5 45 3 43 28 41 1 52 8 44 53 50 57 34 59 2 20 56 16 18 33 
52 17 37 7 22 29 25 4 15 27 10 13 49 30 23 36 42 46 47 35 24 6 11 26 21 5 45 3 43 28 41 1 52 8 44 53 50 57 34 59 2 20 56 16 18 33 
53 17 37 7 22 29 25 4 15 27 10 13 49 30 23 36 42 46 47 35 24 6 11 26 21 5 45 3 43 28 41 1 52 8 44 53 50 57 34 59 2 20 56 16 18 33 
54 17 37 7 22 29 25 4 15 27 10 13 49 30 23 36 42 46 47 35 24 6 11 26 21 5 45 3 43 28 41 1 52 8 44 53 50 57 34 59 2 20 56 16 18 33 
55 17 37 7 22 29 25 4 15 27 10 13 49 30 23 36 42 46 47 35 24 6 11 26 21 5 45 3 43 28 41 1 52 8 44 53 50 57 34 59 2 20 56 16 18 33 
56 17 37 7 22 29 25 4 15 27 10 13 49 30 23 36 42 46 47 35 24 6 11 26 21 5 45 3 43 28 41 1 52 8 44 53 50 57 34 59 2 20 56 16 18 33 
57 17 37 7 22 29 25 4 15 27 10 13 49 30 23 36 42 46 47 35 24 6 11 26 21 5 45 3 43 28 41 1 52 8 44 53 50 34 57 59 2 20 56 16 18 33 
58 17 37 7 22 29 25 4 15 27 10 13 49 30 23 36 42 46 47 35 24 6 11 26 21 5 45 3 43 28 41 1 52 8 44 53 50 57 34 59 2 20 56 16 18 33 
59 17 37 7 22 29 25 4 15 27 10 13 30 23 36 42 46 47 35 24 6 11 26 21 5 45 3 43 28 41 1 52 8 44 53 50 57 34 59 2 20 56 16 18 33 
60 17 37 7 22 29 25 4 15 27 10 13 30 23 36 42 46 47 35 24 6 11 26 21 5 45 3 43 28 41 1 52 8 44 53 50 57 34 59 2 20 56 16 18 33 
61 17 37 7 12 22 29 25 4 15 27 10 13 49 30 23 36 42 46 47 35 24 6 11 26 21 5 45 3 43 28 61 41 1 52 8 44 53 50 34 57 38 59 2 20 56 16 18 33 
62 17 37 7 12 22 29 25 4 15 27 10 13 49 30 23 36 42 46 47 35 24 6 11 26 21 5 45 3 43 61 28 41 1 52 8 44 53 50 34 57 38 59 2 20 56 16 18 33 
63 17 37 7 12 22 29 25 4 15 27 10 13 49 30 23 36 42 46 47 35 24 6 11 26 21 5 45 3 43 61 28 41 1 52 8 44 53 50 34 57 38 59 2 20 56 16 18 33 
