1 1 
2 2 
3 3 
4 4 
5 5 
6 6 
7 7 
8 8 
9 9 
10 10 
11 11 
12 12 
13 13 
14 14 
15 15 
17 16 
18 17 
20 16 
21 17 
22 18 
24 19 
27 20 
28 21 
29 22 
30 23 
31 24 
32 25 
33 26 
34 27 
35 28 
36 29 
37 30 
38 31 
40 32 
41 30 
42 33 
43 34 
45 35 
46 36 
47 29 
48 37 
49 30 
50 38 
51 36 
52 39 
53 40 
54 41 
55 42 
56 43 
58 44 
59 45 
60 46 
61 47 
62 48 
63 49 
64 50 
65 51 
66 52 
68 53 
70 54 
72 55 
73 56 
74 46 
75 47 
76 48 
77 57 
78 58 
79 49 
80 59 
82 53 
84 60 
87 61 
89 62 
91 62 
92 46 
93 63 
94 64 
100 47 
102 47 
108 47 
110 47 
112 65 
114 66 
115 67 
116 68 
117 69 
119 70 
121 70 
124 71 
126 72 
128 73 
129 74 
130 75 
132 76 
134 76 
137 77 
138 73 
140 78 
141 79 
