1 1 
2 2 1 
3 2 1 3 
4 4 2 1 3 
5 4 2 5 1 3 
6 4 6 2 5 1 3 
7 4 6 2 5 7 1 3 
8 4 6 2 5 7 1 8 3 
9 4 6 2 5 7 9 1 8 3 
10 4 6 10 2 5 7 9 1 8 3 
11 4 6 10 11 2 5 7 9 1 8 3 
12 4 6 10 11 2 5 7 9 1 12 8 3 
13 6 10 11 2 12 8 4 5 7 9 1 3 13 
14 6 10 11 2 12 8 14 4 5 7 9 1 3 13 
15 6 10 15 11 2 12 8 14 4 5 7 9 1 3 13 
16 6 10 15 11 2 12 8 14 4 5 16 7 9 1 3 13 
17 6 10 15 11 2 12 8 14 4 5 16 7 9 1 3 13 
18 6 10 15 11 2 12 8 14 4 5 16 7 9 1 3 13 
19 6 10 15 11 2 12 8 14 4 5 16 7 9 1 3 19 13 
20 6 10 15 11 2 12 8 14 4 20 5 16 7 9 1 3 19 13 
21 6 10 15 11 21 2 12 8 14 4 20 5 16 7 9 1 3 19 13 
22 6 10 15 11 21 22 2 12 8 14 4 20 5 16 7 9 1 3 19 13 
23 6 10 15 11 21 22 2 12 8 14 4 20 23 5 16 7 9 1 3 19 13 
24 6 10 15 11 21 22 2 12 8 24 14 4 20 23 5 16 7 9 1 3 19 13 
25 6 10 15 11 21 22 2 12 8 24 14 4 20 23 5 16 7 9 1 3 19 13 25 
26 6 10 15 11 21 22 2 12 8 24 14 4 26 20 23 5 16 7 9 1 3 19 13 25 
27 10 15 27 11 21 22 2 8 24 26 23 16 7 3 13 6 12 14 4 20 5 9 1 19 25 
28 10 15 27 11 21 22 2 8 24 26 23 16 7 28 3 13 6 12 14 4 20 5 9 1 19 25 
29 10 15 27 11 21 22 2 29 8 24 26 23 16 7 28 3 13 6 12 14 4 20 5 9 1 19 25 
30 10 15 27 11 21 22 2 29 8 24 26 23 16 7 28 3 13 6 30 12 14 4 20 5 9 1 19 25 
31 10 15 27 11 21 22 2 29 8 24 26 23 31 16 7 28 3 13 6 30 12 14 4 20 5 9 1 19 25 
32 10 15 27 11 21 22 2 29 8 24 26 32 23 31 16 7 28 3 13 6 30 12 14 4 20 5 9 1 19 25 
33 10 15 27 11 21 22 2 29 8 24 26 32 33 23 31 16 7 28 3 13 6 30 12 14 4 20 5 9 1 19 25 
34 10 15 27 11 21 22 2 29 8 24 34 26 32 33 23 31 16 7 28 3 13 6 30 12 14 4 20 5 9 1 19 25 
35 10 15 27 11 21 22 2 29 8 24 34 26 32 33 23 31 35 16 7 28 3 13 6 30 12 14 4 20 5 9 1 19 25 
36 10 15 27 11 21 22 2 29 8 24 34 26 32 33 23 31 35 16 7 28 3 36 13 6 30 12 14 4 20 5 9 1 19 25 
37 10 15 27 11 21 22 2 29 8 24 34 26 32 37 33 23 31 35 16 7 28 3 36 13 6 30 12 14 4 20 5 9 1 19 25 
38 10 15 27 11 38 21 22 2 29 8 24 34 26 32 37 33 23 31 35 16 7 28 3 36 13 6 30 12 14 4 20 5 9 1 19 25 
39 10 15 27 11 38 21 22 2 29 8 24 34 26 32 37 33 23 31 35 16 7 28 3 36 13 6 39 30 12 14 4 20 5 9 1 19 25 
40 10 15 27 11 40 38 21 22 2 29 8 24 34 26 32 37 33 23 31 35 16 7 28 3 36 13 6 39 30 12 14 4 20 5 9 1 19 25 
41 10 15 27 11 40 38 21 22 2 29 8 24 34 26 32 37 33 23 31 35 16 7 28 3 36 13 6 39 30 12 41 14 4 20 5 9 1 19 25 
42 10 15 27 11 40 38 21 22 2 29 8 24 34 26 32 37 33 23 31 35 16 7 28 3 36 13 6 39 42 30 12 41 14 4 20 5 9 1 19 25 
43 10 15 27 11 40 38 21 22 2 29 8 24 43 34 26 32 37 33 23 31 35 16 7 28 3 36 13 6 39 42 30 12 41 14 4 20 5 9 1 19 25 
44 10 15 27 11 40 38 21 22 2 29 8 24 43 34 26 32 37 33 23 31 35 16 7 28 3 36 13 6 39 42 30 12 41 14 4 20 5 9 1 19 25 
45 10 15 27 11 40 38 21 22 2 29 8 24 43 34 26 32 37 33 23 31 35 16 7 45 28 3 36 13 6 39 42 30 12 41 14 4 20 5 9 1 19 25 
46 10 15 27 11 40 38 21 22 2 29 8 24 43 34 26 32 37 33 23 31 35 16 7 45 28 3 36 13 6 39 42 30 12 41 14 46 4 20 5 9 1 19 25 
47 10 15 27 11 40 38 21 22 2 29 8 24 43 34 26 32 37 33 23 31 35 16 7 45 28 3 36 13 6 39 42 30 12 47 41 14 46 4 20 5 9 1 19 25 
48 10 15 27 11 40 38 21 22 2 29 8 24 43 34 26 32 37 33 23 31 35 16 7 45 28 3 36 13 6 39 42 30 12 47 41 14 46 4 48 20 5 9 1 19 25 
49 10 15 27 11 40 38 21 22 2 29 8 24 43 34 26 32 37 33 23 31 35 16 7 45 28 3 36 13 6 39 42 30 12 47 41 14 46 4 48 20 49 5 9 1 19 25 
50 10 15 27 11 40 38 21 22 2 29 8 24 43 34 26 32 37 33 23 31 35 16 7 45 28 3 36 13 6 39 42 30 12 47 41 14 46 4 48 20 49 5 9 1 19 25 
51 10 15 27 11 40 38 21 22 2 29 8 24 43 34 26 32 37 33 23 31 35 16 7 45 28 3 36 13 6 39 42 30 12 47 41 14 46 4 48 20 49 5 9 1 19 25 
52 10 15 27 11 40 38 21 22 2 29 8 24 43 34 26 32 37 33 23 31 35 16 7 45 28 3 36 13 6 39 42 30 12 47 41 14 46 4 48 20 49 5 9 1 52 19 25 
53 10 15 27 11 40 38 21 22 2 29 8 24 43 34 26 32 37 33 23 31 35 16 7 45 28 3 36 13 6 39 42 30 12 47 41 14 46 4 48 20 49 5 9 1 52 19 25 
54 10 15 27 11 40 38 21 22 2 29 8 54 24 43 34 26 32 37 33 23 31 35 16 7 45 28 3 36 13 6 39 42 30 12 47 41 14 46 4 48 20 49 5 9 1 52 19 25 
55 10 15 27 11 40 38 21 22 2 29 8 54 24 43 34 26 32 37 33 23 31 35 16 7 45 28 3 36 13 6 39 42 30 12 47 41 14 46 4 48 20 49 5 9 1 52 19 25 
56 10 15 27 11 40 38 21 22 2 29 8 54 24 43 34 26 32 37 33 23 31 35 16 7 45 28 3 36 13 6 39 42 30 12 47 41 14 46 4 48 20 49 5 9 1 52 19 25 
57 10 15 27 11 22 29 8 54 43 34 57 26 37 33 35 16 7 28 42 30 47 41 4 49 52 19 25 40 38 21 2 24 32 23 31 45 3 36 13 6 39 12 14 46 48 20 5 9 1 
58 10 15 27 11 22 29 8 54 43 34 57 26 37 33 35 16 7 28 42 30 58 47 41 4 49 52 19 25 40 38 21 2 24 32 23 31 45 3 36 13 6 39 12 14 46 48 20 5 9 1 
59 10 15 27 11 22 29 8 54 43 34 57 26 37 33 35 16 7 28 42 30 58 47 41 4 49 52 19 25 40 38 21 2 24 32 23 31 45 3 36 13 6 39 12 14 46 48 20 5 9 1 
60 10 15 27 11 22 29 8 54 43 34 57 26 37 33 35 16 7 28 42 30 58 47 41 4 49 52 19 25 40 38 21 2 24 32 23 31 45 3 36 13 6 39 12 14 46 48 20 5 9 1 
61 10 15 27 11 22 29 8 54 43 34 57 26 37 33 35 16 7 28 42 30 58 47 41 4 49 52 19 25 40 38 21 2 24 32 23 31 45 3 36 13 6 39 12 14 46 48 20 5 9 1 
62 10 15 27 11 22 29 8 54 43 34 57 26 37 33 35 16 7 28 42 30 58 47 41 4 49 52 19 25 40 38 21 2 24 32 23 31 62 45 3 36 13 6 39 12 14 46 48 20 5 9 1 
63 10 15 27 11 22 29 8 54 43 34 57 26 37 33 35 16 7 28 42 30 58 47 41 4 49 52 19 25 40 38 21 2 24 32 23 31 62 45 3 36 13 6 39 12 14 46 48 63 20 5 9 1 
64 10 15 27 11 22 29 8 54 43 34 57 26 37 33 35 16 7 28 42 30 58 47 41 4 49 52 19 25 40 38 21 2 24 32 23 31 62 45 3 36 13 6 39 64 12 14 46 48 63 20 5 9 1 
65 10 15 27 11 22 29 8 54 43 34 57 26 37 33 35 16 7 28 42 30 58 47 41 4 49 52 19 25 40 38 21 2 24 32 23 31 62 45 3 36 13 6 39 64 12 14 46 48 63 20 65 5 9 1 
66 10 15 27 11 22 29 8 54 43 34 57 26 37 33 35 16 7 28 42 30 58 47 41 4 49 52 19 25 40 38 21 2 24 32 23 31 62 45 3 36 13 6 66 39 64 12 14 46 48 63 20 65 5 9 1 
67 10 15 27 11 22 29 8 54 43 34 57 26 37 33 35 16 7 28 42 30 58 47 41 4 49 52 19 25 40 38 21 2 67 24 32 23 31 62 45 3 36 13 6 66 39 64 12 14 46 48 63 20 65 5 9 1 
68 10 15 27 11 22 29 8 54 43 34 57 26 37 33 35 16 7 28 68 42 30 58 47 41 4 49 52 19 25 40 38 21 2 67 24 32 23 31 62 45 3 36 13 6 66 39 64 12 14 46 48 63 20 65 5 9 1 
69 10 15 27 69 11 22 29 8 54 43 34 57 26 37 33 35 16 7 28 68 42 30 58 47 41 4 49 52 19 25 40 38 21 2 67 24 32 23 31 62 45 3 36 13 6 66 39 64 12 14 46 48 63 20 65 5 9 1 
70 10 15 27 69 11 22 29 8 54 43 34 57 26 37 33 35 16 7 28 68 42 30 58 47 41 4 49 70 52 19 25 40 38 21 2 67 24 32 23 31 62 45 3 36 13 6 66 39 64 12 14 46 48 63 20 65 5 9 1 
71 10 15 27 69 11 22 29 8 54 43 34 57 26 37 33 35 16 7 28 68 42 30 58 47 41 4 49 70 52 19 25 40 38 21 2 67 24 71 32 23 31 62 45 3 36 13 6 66 39 64 12 14 46 48 63 20 65 5 9 1 
72 10 15 27 69 11 22 29 8 54 43 34 57 26 37 33 35 16 7 28 68 42 30 58 47 41 4 49 70 52 19 25 40 38 21 2 67 24 71 32 23 31 62 45 3 36 13 6 66 39 64 12 14 46 48 63 20 65 5 9 72 1 
73 10 15 27 69 11 22 29 8 54 43 34 57 26 37 33 35 16 7 28 68 42 30 58 47 41 4 49 70 52 19 25 40 38 21 2 67 24 71 32 23 31 62 45 3 36 13 6 66 39 64 12 14 46 48 63 20 65 5 9 72 1 73 
74 10 15 27 69 11 22 29 8 54 43 34 57 26 37 33 35 16 7 28 68 42 30 58 47 41 4 49 70 52 19 25 40 38 21 2 67 24 71 32 23 31 62 45 3 36 13 6 66 39 64 12 14 46 74 48 63 20 65 5 9 72 1 73 
75 10 15 27 69 11 22 29 8 54 43 34 57 26 37 33 35 16 7 75 28 68 42 30 58 47 41 4 49 70 52 19 25 40 38 21 2 67 24 71 32 23 31 62 45 3 36 13 6 66 39 64 12 14 46 74 48 63 20 65 5 9 72 1 73 
76 10 15 27 69 11 22 29 8 54 43 34 57 26 37 33 35 16 7 75 28 68 76 42 30 58 47 41 4 49 70 52 19 25 40 38 21 2 67 24 71 32 23 31 62 45 3 36 13 6 66 39 64 12 14 46 74 48 63 20 65 5 9 72 1 73 
77 10 15 27 69 11 22 29 77 8 54 43 34 57 26 37 33 35 16 7 75 28 68 76 42 30 58 47 41 4 49 70 52 19 25 40 38 21 2 67 24 71 32 23 31 62 45 3 36 13 6 66 39 64 12 14 46 74 48 63 20 65 5 9 72 1 73 
78 10 15 27 69 11 22 29 77 8 54 43 34 57 26 37 33 35 16 7 75 28 68 76 42 30 58 47 41 4 49 70 52 19 25 40 38 21 2 67 78 24 71 32 23 31 62 45 3 36 13 6 66 39 64 12 14 46 74 48 63 20 65 5 9 72 1 73 
79 10 15 27 69 11 22 29 77 8 54 43 34 57 26 37 33 35 16 7 75 28 68 76 79 42 30 58 47 41 4 49 70 52 19 25 40 38 21 2 67 78 24 71 32 23 31 62 45 3 36 13 6 66 39 64 12 14 46 74 48 63 20 65 5 9 72 1 73 
80 10 15 27 69 11 22 29 77 8 54 43 34 57 26 37 33 35 16 7 75 28 68 76 79 42 30 58 47 41 80 4 49 70 52 19 25 40 38 21 2 67 78 24 71 32 23 31 62 45 3 36 13 6 66 39 64 12 14 46 74 48 63 20 65 5 9 72 1 73 
81 10 15 27 69 11 22 29 77 8 54 43 34 57 26 37 33 35 16 7 75 28 68 76 79 42 30 58 47 41 80 4 49 70 52 19 25 40 38 21 2 67 78 24 71 32 23 31 62 45 3 36 13 6 66 39 64 12 14 46 74 48 63 20 65 5 9 72 1 73 
82 10 15 27 69 11 22 29 77 8 54 43 34 57 26 37 33 35 16 7 75 28 68 76 79 42 30 58 47 41 80 4 49 70 52 19 25 40 38 21 2 67 78 24 71 32 23 31 62 45 3 36 13 6 66 39 64 12 14 46 74 48 63 20 65 5 9 72 1 73 
83 10 15 27 69 11 22 29 77 8 54 43 34 57 26 37 33 35 16 7 75 28 68 76 79 42 30 58 47 41 80 4 83 49 70 52 19 25 40 38 21 2 67 78 24 71 32 23 31 62 45 3 36 13 6 66 39 64 12 14 46 74 48 63 20 65 5 9 72 1 73 
84 10 15 27 69 11 22 29 77 8 54 43 34 57 26 37 33 35 16 7 75 28 68 76 79 42 30 58 47 41 80 4 83 49 70 52 19 25 40 38 21 2 67 78 24 71 32 84 23 31 62 45 3 36 13 6 66 39 64 12 14 46 74 48 63 20 65 5 9 72 1 73 
85 10 15 27 69 11 22 29 77 8 54 43 34 57 26 37 33 85 35 16 7 75 28 68 76 79 42 30 58 47 41 80 4 83 49 70 52 19 25 40 38 21 2 67 78 24 71 32 84 23 31 62 45 3 36 13 6 66 39 64 12 14 46 74 48 63 20 65 5 9 72 1 73 
86 10 15 27 69 11 22 29 77 8 54 43 34 57 26 37 33 85 35 16 7 75 86 28 68 76 79 42 30 58 47 41 80 4 83 49 70 52 19 25 40 38 21 2 67 78 24 71 32 84 23 31 62 45 3 36 13 6 66 39 64 12 14 46 74 48 63 20 65 5 9 72 1 73 
87 10 15 27 69 11 22 29 77 8 54 43 34 57 26 37 33 85 35 16 7 75 86 28 68 76 79 42 30 58 47 41 80 4 83 49 70 52 19 25 40 38 21 2 67 78 24 71 32 84 23 31 62 45 3 36 13 6 66 39 64 12 14 46 74 48 63 20 65 5 9 72 1 73 87 
88 10 15 27 69 11 22 29 77 8 54 43 34 57 26 37 33 85 35 16 7 75 86 28 68 76 79 42 30 58 47 41 80 4 83 49 70 52 19 25 40 38 21 2 67 78 24 71 32 84 23 31 62 45 3 36 13 6 66 39 64 12 14 46 74 48 63 88 20 65 5 9 72 1 73 87 
89 10 15 27 69 11 22 29 77 8 54 43 34 57 26 37 33 85 35 16 7 75 89 86 28 68 76 79 42 30 58 47 41 80 4 83 49 70 52 19 25 40 38 21 2 67 78 24 71 32 84 23 31 62 45 3 36 13 6 66 39 64 12 14 46 74 48 63 88 20 65 5 9 72 1 73 87 
90 10 15 27 69 11 22 29 77 8 54 43 34 57 26 37 33 85 35 16 7 75 89 86 28 68 76 79 42 30 58 47 41 80 4 83 49 70 52 19 25 40 38 21 2 67 78 24 71 32 84 23 31 62 45 3 36 13 6 66 39 64 12 14 46 74 48 63 88 20 65 5 9 72 1 90 73 87 
91 10 15 27 69 11 22 29 77 8 54 43 34 57 26 37 33 85 35 16 7 75 89 86 28 68 76 79 42 30 58 47 41 80 4 83 49 70 52 19 25 40 38 91 21 2 67 78 24 71 32 84 23 31 62 45 3 36 13 6 66 39 64 12 14 46 74 48 63 88 20 65 5 9 72 1 90 73 87 
92 10 15 27 69 11 22 92 29 77 8 54 43 34 57 26 37 33 85 35 16 7 75 89 86 28 68 76 79 42 30 58 47 41 80 4 83 49 70 52 19 25 40 38 91 21 2 67 78 24 71 32 84 23 31 62 45 3 36 13 6 66 39 64 12 14 46 74 48 63 88 20 65 5 9 72 1 90 73 87 
93 10 15 27 69 11 22 92 29 77 8 54 43 34 57 26 37 33 85 35 16 7 75 89 86 28 68 76 93 79 42 30 58 47 41 80 4 83 49 70 52 19 25 40 38 91 21 2 67 78 24 71 32 84 23 31 62 45 3 36 13 6 66 39 64 12 14 46 74 48 63 88 20 65 5 9 72 1 90 73 87 
94 10 15 27 69 11 22 92 29 77 8 54 43 34 57 26 37 33 85 35 16 7 75 89 86 28 68 76 93 79 42 30 58 94 47 41 80 4 83 49 70 52 19 25 40 38 91 21 2 67 78 24 71 32 84 23 31 62 45 3 36 13 6 66 39 64 12 14 46 74 48 63 88 20 65 5 9 72 1 90 73 87 
95 10 15 27 69 11 22 92 29 77 8 54 43 34 57 26 37 33 85 35 16 7 75 89 86 28 68 76 93 79 42 30 58 94 47 41 80 4 83 49 70 52 19 25 40 38 91 21 2 67 78 95 24 71 32 84 23 31 62 45 3 36 13 6 66 39 64 12 14 46 74 48 63 88 20 65 5 9 72 1 90 73 87 
96 10 15 27 69 11 22 92 29 77 8 54 43 34 57 26 37 33 85 35 16 7 75 89 86 28 68 76 93 79 42 30 58 94 47 41 80 4 83 49 70 52 19 25 40 38 91 21 2 67 78 95 24 71 32 84 23 31 62 45 3 36 13 6 66 39 64 12 96 14 46 74 48 63 88 20 65 5 9 72 1 90 73 87 
97 10 15 27 69 11 22 92 29 77 8 54 43 34 57 26 37 33 85 35 16 7 75 89 86 28 68 76 93 79 42 30 58 94 47 41 80 4 83 49 70 52 19 25 97 40 38 91 21 2 67 78 95 24 71 32 84 23 31 62 45 3 36 13 6 66 39 64 12 96 14 46 74 48 63 88 20 65 5 9 72 1 90 73 87 
98 10 15 27 69 11 22 92 29 77 8 54 43 34 57 26 37 33 85 35 16 7 75 89 86 28 68 76 93 79 42 30 58 94 47 41 80 4 83 49 70 52 19 25 97 40 38 91 21 2 67 78 95 24 71 32 84 23 31 62 45 3 36 13 6 66 39 64 12 96 14 46 74 48 63 88 20 65 5 9 72 1 90 73 87 98 
99 10 15 27 69 11 22 92 29 77 8 54 43 34 57 26 37 33 85 35 16 7 75 89 86 28 68 76 93 79 42 30 58 94 47 41 80 4 83 49 70 52 19 25 97 40 38 91 21 2 67 78 95 24 71 32 84 23 31 62 45 3 36 13 6 66 39 64 99 12 96 14 46 74 48 63 88 20 65 5 9 72 1 90 73 87 98 
100 10 15 27 69 11 22 92 29 77 8 54 43 34 57 26 37 33 100 85 35 16 7 75 89 86 28 68 76 93 79 42 30 58 94 47 41 80 4 83 49 70 52 19 25 97 40 38 91 21 2 67 78 95 24 71 32 84 23 31 62 45 3 36 13 6 66 39 64 99 12 96 14 46 74 48 63 88 20 65 5 9 72 1 90 73 87 98 
101 10 15 27 69 11 22 92 29 77 8 54 43 34 57 26 37 33 100 85 35 16 7 75 89 86 28 68 76 93 79 42 30 58 94 47 41 80 4 83 49 70 52 19 25 97 40 38 91 21 2 67 78 95 24 71 32 84 23 31 62 45 3 36 13 6 66 39 64 99 12 96 14 46 74 48 63 88 20 101 65 5 9 72 1 90 73 87 98 
102 10 15 27 69 11 22 92 29 77 8 54 43 34 57 26 37 33 100 85 35 16 7 75 89 86 28 68 76 93 79 42 30 58 94 47 41 80 4 83 49 70 52 19 25 97 40 38 91 21 2 67 78 95 24 71 32 84 23 31 62 45 3 36 13 6 66 39 64 99 12 96 14 46 74 48 63 88 20 101 65 5 9 72 1 90 73 87 98 
103 10 15 27 69 11 22 92 29 77 8 54 43 34 57 26 37 33 100 85 35 16 7 75 89 86 28 68 76 93 79 42 30 58 94 47 41 80 4 83 49 70 52 19 25 97 40 38 91 21 2 67 78 95 24 71 32 84 23 31 62 45 3 36 13 6 66 39 64 99 12 96 14 46 74 48 63 88 20 101 65 5 9 72 1 90 73 87 98 
104 10 15 27 69 11 22 92 29 77 8 54 43 34 57 26 37 33 100 85 35 16 7 75 89 86 28 68 76 93 79 42 30 58 94 47 41 80 4 83 49 70 52 19 25 97 40 38 91 21 2 67 78 95 24 71 32 84 23 31 62 45 3 36 13 6 66 39 64 99 12 96 14 46 74 48 63 88 20 101 65 5 9 72 1 90 73 87 98 
