1 1 
2 1 2 
3 3 1 2 
4 4 3 1 2 
5 4 3 1 5 2 
6 4 3 1 6 5 2 
7 4 3 1 6 5 7 2 
8 4 8 3 1 6 5 7 2 
9 4 8 3 1 6 5 9 7 2 
10 4 8 3 1 6 5 9 7 10 2 
11 4 8 3 1 6 5 9 7 10 2 
12 4 8 3 1 6 5 9 7 10 12 2 
13 4 8 3 1 6 13 5 9 7 10 12 2 
14 4 8 3 1 6 13 5 9 7 10 12 2 
15 4 8 3 1 6 13 5 9 7 10 12 2 
16 3 1 6 13 5 16 9 7 10 4 8 12 2 
17 17 3 1 6 13 5 16 9 7 10 4 8 12 2 
18 17 3 1 6 13 5 16 9 7 10 4 8 18 2 
19 17 3 1 6 13 5 16 9 7 10 19 4 8 18 2 
20 17 3 1 6 13 5 16 9 7 10 19 4 8 18 2 
21 17 3 1 6 13 5 16 9 7 10 19 4 8 18 2 
22 17 3 1 6 13 5 16 9 7 10 19 4 8 18 2 
