1 1 
2 1 2 
3 1 3 2 
4 1 3 2 4 
5 1 3 2 5 4 
6 1 3 2 5 4 
7 1 3 2 5 4 
8 1 8 3 2 5 4 
9 1 8 3 2 5 4 
10 1 8 3 2 5 10 4 
11 1 8 3 2 5 10 4 
12 1 12 8 3 2 5 10 4 
13 1 12 8 3 2 5 10 4 13 
14 1 12 8 3 2 5 10 14 4 13 
15 12 36 21 19 43 41 29 32 23 20 26 14 35 4 30 1 8 15 3 34 38 10 42 13 25 2 18 17 37 5 27 
16 12 36 21 19 43 41 29 32 23 20 26 14 35 4 30 1 8 15 3 34 38 10 42 13 25 2 18 17 37 5 27 
17 12 36 21 19 43 41 29 32 23 20 26 14 35 4 30 1 8 15 3 34 38 10 42 13 25 2 18 37 17 5 27 
18 12 36 21 19 43 41 29 32 23 20 26 14 35 4 30 1 8 15 3 34 38 10 42 13 25 2 18 17 37 5 27 
19 12 21 43 19 41 29 32 23 20 26 14 35 4 30 1 8 15 3 34 38 10 42 13 25 2 18 17 37 5 
20 12 21 19 43 41 29 32 23 20 26 14 35 4 30 1 8 15 3 34 38 10 42 13 25 2 18 17 37 5 
21 12 21 19 43 41 29 32 23 20 26 14 35 4 30 1 8 15 3 34 38 10 42 13 25 2 18 17 37 5 
22 12 21 19 43 41 29 32 23 20 26 14 35 4 30 1 8 15 3 34 38 10 42 13 25 2 18 17 37 5 
23 12 21 19 43 41 29 32 23 20 26 14 35 4 30 1 8 15 3 34 38 10 42 13 25 2 18 17 37 5 
24 12 21 19 43 41 29 32 23 20 26 14 35 4 30 1 8 15 3 34 38 10 42 13 25 2 18 17 37 5 
25 21 19 43 41 29 32 23 20 26 14 35 4 30 1 8 15 3 38 10 42 13 25 2 18 17 37 5 
26 21 19 43 41 29 32 23 20 26 14 4 30 1 8 15 3 38 10 42 25 2 18 17 37 5 
27 21 43 41 29 32 23 20 26 14 4 30 1 8 15 3 38 10 42 25 2 18 17 37 5 27 
28 21 43 41 29 32 23 20 26 14 4 30 1 8 15 3 38 10 42 25 2 18 17 37 5 27 
29 12 21 19 43 41 32 29 23 20 26 14 35 4 30 1 8 15 3 34 38 10 42 13 25 2 18 17 37 5 
30 12 21 19 43 41 29 32 23 20 26 14 35 4 30 1 8 15 3 34 38 10 42 13 25 2 18 17 37 5 
31 12 21 19 43 41 29 32 23 20 26 14 35 4 30 1 8 15 3 34 38 10 42 13 25 2 18 17 37 5 
32 12 21 19 43 41 29 32 23 20 26 14 35 4 30 1 8 15 3 34 38 10 42 13 25 2 18 17 37 5 
33 12 21 19 43 41 29 32 23 20 26 14 35 4 30 1 8 15 3 34 38 10 42 13 25 2 18 17 37 5 
34 21 19 43 41 29 32 23 20 26 14 35 4 30 1 8 15 3 34 38 10 42 13 2 18 17 37 5 
35 21 19 43 41 29 32 23 20 14 35 4 30 1 8 15 3 34 38 10 42 2 18 17 37 5 
36 36 21 43 41 29 32 23 20 14 35 4 30 1 8 15 3 34 38 10 42 2 18 17 37 5 
37 12 36 21 19 43 41 29 32 23 20 26 14 35 4 30 1 8 15 3 34 38 10 42 13 25 2 18 17 37 5 27 
38 12 36 21 19 43 41 29 32 23 20 26 14 35 4 30 1 8 15 3 34 38 10 42 13 25 2 18 17 37 5 27 
39 12 36 21 19 43 41 29 32 23 20 26 14 35 4 30 1 8 15 3 34 38 10 42 13 25 2 18 17 37 5 27 
40 12 36 21 19 43 41 29 32 23 20 26 14 35 4 30 1 8 15 3 34 38 10 42 13 25 2 18 17 37 5 27 
41 12 36 21 19 43 41 29 32 23 20 26 14 35 4 30 1 8 15 3 34 38 10 42 13 25 2 18 17 37 5 27 
42 12 36 21 19 43 41 29 32 23 20 26 14 35 4 30 1 8 15 3 34 38 10 42 13 25 2 18 17 37 5 27 
43 12 36 21 19 43 41 29 32 23 20 26 14 35 4 30 1 8 15 3 34 38 10 42 13 25 2 18 17 37 5 27 
44 12 36 21 19 43 41 29 32 23 20 26 14 35 4 30 1 8 15 3 34 38 10 42 13 25 2 18 17 37 5 27 
45 12 36 21 19 43 41 29 32 23 20 26 14 35 4 30 1 8 15 3 34 38 10 42 13 25 2 18 17 37 5 27 
46 12 36 21 19 43 41 29 32 23 20 26 14 35 4 30 1 8 15 3 34 38 10 42 13 25 2 18 17 37 5 27 
