1 1 
2 1 2 
3 1 3 2 
4 4 1 3 2 
5 4 1 3 2 5 
6 4 1 3 2 6 5 
7 4 1 3 7 2 6 5 
8 4 1 3 7 2 8 6 5 
9 4 1 3 7 9 2 8 6 5 
10 4 1 3 7 9 2 8 10 6 5 
11 4 1 3 7 9 2 8 10 6 5 
12 1 3 7 9 2 8 10 12 6 5 
13 1 3 7 9 2 8 10 12 13 6 
14 14 1 3 7 9 2 8 10 12 13 
15 14 1 3 15 9 2 8 10 12 13 
16 4 14 3 7 9 2 8 13 1 15 10 12 16 6 5 
17 4 14 3 7 9 2 8 13 17 1 15 10 12 16 6 5 
18 4 14 3 7 9 2 8 13 17 1 15 10 12 16 6 5 
19 4 14 3 7 9 2 8 13 17 1 15 10 12 19 16 6 5 
20 4 20 14 3 7 9 2 8 13 17 1 15 10 12 19 16 6 5 
21 4 20 14 3 7 9 2 8 13 17 1 15 10 12 19 16 6 5 
22 4 14 3 7 9 2 8 13 17 1 15 10 12 16 22 6 5 
23 4 14 3 7 23 9 2 8 13 17 1 15 10 12 16 22 6 5 
24 4 24 14 3 7 23 9 2 8 13 17 1 15 10 12 16 22 6 5 
25 4 20 24 14 3 7 23 9 2 8 13 17 1 15 25 10 12 19 16 22 6 5 
26 4 20 24 14 26 3 7 23 9 2 8 13 17 1 15 25 10 12 19 16 22 6 5 
27 4 20 24 14 26 3 7 23 9 2 8 13 17 1 15 25 10 12 19 16 27 22 6 5 
28 4 20 24 14 26 3 7 23 9 2 8 13 17 1 15 25 10 12 19 16 27 22 6 5 
29 4 20 29 26 3 7 13 17 1 10 12 19 16 5 24 14 23 9 2 8 15 25 27 22 6 
30 4 20 29 26 3 7 13 17 1 10 12 19 16 5 24 14 23 9 2 8 15 25 30 27 22 6 
31 4 20 29 26 3 7 13 17 31 1 10 12 19 16 5 24 14 23 9 2 8 15 25 30 27 22 6 
32 4 20 29 26 3 7 13 17 31 1 10 12 19 16 5 24 14 23 9 2 8 32 15 25 30 27 22 6 
33 4 20 29 26 3 7 13 17 31 1 10 12 19 16 5 24 14 23 9 2 8 33 32 15 25 30 27 22 6 
34 4 20 29 26 3 7 13 17 31 1 10 12 19 16 5 24 14 23 9 2 8 33 32 15 25 30 34 27 22 6 
35 4 20 29 3 7 13 17 31 1 10 12 19 16 35 5 24 14 23 9 2 8 33 32 15 25 30 34 27 22 6 
36 4 20 29 3 7 13 17 31 1 10 12 19 16 35 5 24 14 23 9 2 8 33 32 15 25 30 34 27 22 6 
37 4 20 26 3 7 13 17 1 10 12 19 16 5 24 14 23 9 2 8 15 25 37 27 22 6 
38 4 20 26 3 7 13 17 1 10 12 19 16 5 24 14 23 9 2 8 15 25 37 27 22 6 
39 4 20 26 3 7 13 17 1 10 12 19 16 5 24 14 23 39 9 2 8 15 25 37 27 22 6 
40 4 20 3 7 13 17 1 10 12 19 16 5 24 14 23 39 9 2 8 40 15 25 37 27 22 6 
41 4 20 3 7 13 17 1 10 12 19 16 5 24 14 23 39 9 2 8 40 15 25 37 27 22 6 
42 4 20 26 3 7 13 17 1 10 12 19 16 5 24 14 23 9 2 8 42 15 25 37 27 22 6 
43 4 20 26 3 7 13 17 1 10 12 19 16 5 24 14 23 9 2 8 42 15 25 37 27 22 6 
44 4 20 26 3 7 13 17 1 10 12 44 19 16 5 24 14 23 9 2 8 42 15 25 37 27 22 6 
45 4 20 26 3 7 45 13 17 1 10 12 44 19 16 5 24 14 23 9 2 8 42 15 25 37 27 22 6 
46 4 20 3 7 45 13 17 1 10 12 44 46 19 16 5 24 14 23 9 2 8 42 15 25 37 27 22 6 
47 4 20 29 26 3 7 45 13 17 31 1 10 12 44 46 19 16 35 5 24 14 23 39 9 2 8 33 47 40 32 42 15 25 30 37 34 27 22 6 
48 4 20 29 26 3 7 45 13 17 31 1 48 10 12 44 46 19 16 35 5 24 14 23 39 9 2 8 33 47 40 32 42 15 25 30 37 34 27 22 6 
49 4 20 29 49 26 3 7 45 13 17 31 1 48 10 12 44 46 19 16 35 5 24 14 23 39 9 2 8 33 47 40 32 42 15 25 30 37 34 27 22 6 
50 4 20 29 49 26 3 7 45 13 17 31 1 48 10 12 44 46 19 50 16 35 5 24 14 23 39 9 2 8 33 47 40 32 42 15 25 30 37 34 27 22 6 
51 4 20 29 49 26 3 7 45 13 17 31 1 48 10 12 44 46 19 50 16 35 5 24 14 23 39 9 2 8 33 47 40 32 42 15 25 30 37 34 27 51 22 6 
52 4 20 29 49 26 3 7 45 13 17 31 1 48 10 12 44 46 19 50 16 35 5 24 14 23 39 9 2 8 33 47 40 32 42 15 25 30 37 34 27 51 22 6 
53 4 20 29 49 26 3 7 45 13 17 31 1 48 10 12 44 46 19 50 16 35 5 24 14 23 39 9 2 8 33 47 40 53 32 42 15 25 30 37 34 27 51 22 6 
54 4 20 29 49 26 3 7 45 13 17 31 54 1 48 10 12 44 46 19 50 16 35 5 24 14 23 39 9 2 8 33 47 40 53 32 42 15 25 30 37 34 27 51 22 6 
55 4 20 29 49 26 3 7 45 13 17 31 54 1 48 10 12 44 46 19 50 16 35 5 55 24 14 23 39 9 2 8 33 47 40 53 32 42 15 25 30 37 34 27 51 22 6 
56 4 20 29 49 26 3 7 45 13 17 31 54 1 48 10 12 44 46 19 50 16 35 5 55 24 14 23 39 9 2 8 33 47 40 53 32 42 56 15 25 30 37 34 27 51 22 6 
57 4 20 29 49 26 3 7 45 13 17 31 54 1 48 10 12 44 46 19 50 57 16 35 5 55 24 14 23 39 9 2 8 33 47 40 53 32 42 56 15 25 30 37 34 27 51 22 6 
58 4 20 49 26 13 31 48 10 12 44 46 57 16 35 5 55 24 9 2 47 32 42 56 30 34 51 22 29 3 7 45 17 54 1 19 50 14 23 39 8 33 40 53 15 25 58 37 27 6 
59 4 20 49 26 13 31 48 10 12 44 46 57 16 35 5 55 24 9 2 47 32 42 56 30 34 51 22 29 3 7 45 17 54 1 19 50 14 23 39 8 33 40 53 15 25 58 37 27 6 
60 4 20 49 26 13 31 48 10 12 44 46 57 16 35 5 55 24 9 2 47 32 42 56 30 34 51 22 29 3 7 45 17 54 1 19 50 14 23 39 8 33 40 53 15 25 58 37 27 6 
