1 1 
2 1 2 
3 1 2 3 
4 4 1 2 3 
5 4 1 2 3 5 
6 4 1 2 3 5 
7 4 7 1 2 3 5 
8 4 7 1 8 2 3 5 
9 4 7 1 8 2 3 9 5 
10 4 7 1 8 10 2 3 9 5 
11 4 7 1 8 10 2 3 9 11 5 
12 4 7 12 1 8 10 2 3 9 11 5 
13 4 7 12 1 8 10 13 2 3 9 11 5 
14 4 7 12 8 3 11 5 1 10 14 13 2 9 
15 4 7 12 8 3 15 11 5 1 10 14 13 2 9 
16 4 7 12 8 3 15 11 5 1 10 14 13 2 16 9 
17 4 7 12 8 3 15 11 5 1 10 14 13 2 16 9 17 
18 4 7 12 8 3 15 11 18 5 1 10 14 13 2 16 9 17 
19 4 7 12 8 3 15 11 18 5 1 10 14 19 13 2 16 9 17 
20 4 7 12 8 3 15 11 18 5 1 10 14 19 13 2 16 9 17 20 
21 4 7 12 8 3 15 21 11 18 5 1 10 14 19 13 2 16 9 17 20 
22 4 7 12 8 3 15 21 11 18 5 1 10 14 19 13 2 16 9 22 17 20 
23 4 7 12 8 23 3 15 21 11 18 5 1 10 14 19 13 2 16 9 22 17 20 
24 4 7 12 24 8 23 3 15 21 11 18 5 1 10 14 19 13 2 16 9 22 17 20 
25 4 7 12 24 25 8 23 3 15 21 11 18 5 1 10 14 19 13 2 16 9 22 17 20 
26 7 23 15 11 26 5 1 19 13 2 16 9 22 4 12 24 25 8 3 21 18 10 14 17 20 
27 7 23 15 11 26 5 1 19 13 2 16 9 22 4 12 24 25 8 3 21 18 10 14 27 17 20 
28 7 23 15 11 26 5 1 19 13 2 16 9 22 4 12 24 25 8 28 3 21 18 10 14 27 17 20 
29 7 23 15 11 26 5 1 19 13 2 16 9 22 4 12 24 25 8 28 3 21 18 29 10 14 27 17 20 
30 7 23 15 11 26 5 1 19 13 2 16 9 22 30 4 12 24 25 8 28 3 21 18 29 10 14 27 17 20 
31 7 23 15 11 26 5 1 19 13 2 16 9 22 30 4 12 24 25 8 28 3 21 18 29 10 14 27 17 20 
32 7 23 15 11 26 5 1 19 13 2 16 9 22 30 4 12 24 25 8 28 3 21 18 29 10 14 32 27 17 20 
33 7 23 15 11 26 5 1 19 13 2 16 9 22 30 4 12 24 25 8 28 3 21 18 29 10 14 32 33 27 17 20 
34 7 23 15 11 26 34 5 1 19 13 2 16 9 22 30 4 12 24 25 8 28 3 21 18 29 10 14 32 33 27 17 20 
35 7 23 15 11 26 34 5 1 19 13 2 16 9 22 30 4 12 24 25 8 28 3 21 18 29 10 14 32 35 33 27 17 20 
36 7 23 15 11 26 34 5 1 19 13 2 16 9 22 30 36 4 12 24 25 8 28 3 21 18 29 10 14 32 35 33 27 17 20 
37 7 23 15 11 26 34 5 1 19 13 2 16 9 22 30 36 4 12 24 25 8 28 3 21 18 29 10 14 32 35 33 27 17 20 
38 7 23 15 11 26 34 5 1 19 13 2 16 9 22 30 36 4 12 24 25 8 38 28 3 21 18 29 10 14 32 35 33 27 17 20 
39 7 23 15 11 39 26 34 5 1 19 13 2 16 9 22 30 36 4 12 24 25 8 38 28 3 21 18 29 10 14 32 35 33 27 17 20 
40 7 23 15 11 39 26 34 5 1 19 13 2 16 9 22 30 36 4 12 24 25 8 38 28 3 21 18 29 10 14 32 35 33 40 27 17 20 
41 7 23 15 11 39 26 34 5 1 19 13 2 16 9 22 30 36 4 12 24 25 8 38 28 3 21 18 29 10 14 32 35 33 40 27 17 20 41 
42 7 23 15 11 39 26 34 5 1 19 13 2 16 9 22 42 30 36 4 12 24 25 8 38 28 3 21 18 29 10 14 32 35 33 40 27 17 20 41 
43 7 23 15 11 39 26 34 5 1 19 13 2 16 9 22 42 30 36 4 12 24 25 8 38 28 3 21 18 29 10 14 32 35 33 40 27 17 20 41 
44 7 44 23 15 11 39 26 34 5 1 19 13 2 16 9 22 42 30 36 4 12 24 25 8 38 28 3 21 18 29 10 14 32 35 33 40 27 17 20 41 
45 7 44 23 15 11 39 26 34 5 1 45 19 13 2 16 9 22 42 30 36 4 12 24 25 8 38 28 3 21 18 29 10 14 32 35 33 40 27 17 20 41 
46 7 44 23 15 11 39 26 34 5 46 1 45 19 13 2 16 9 22 42 30 36 4 12 24 25 8 38 28 3 21 18 29 10 14 32 35 33 40 27 17 20 41 
47 7 44 23 15 11 39 26 34 5 46 1 45 19 13 2 16 9 22 42 30 36 4 12 24 25 8 38 28 3 21 18 29 47 10 14 32 35 33 40 27 17 20 41 
48 7 44 23 15 11 39 26 34 5 46 1 45 19 13 2 16 9 22 42 30 36 4 12 24 25 8 38 28 3 21 18 29 47 10 14 32 35 48 33 40 27 17 20 41 
49 7 44 23 15 11 39 26 34 5 46 1 45 19 13 2 16 9 22 42 30 36 4 12 24 25 8 38 28 3 21 18 29 47 10 14 32 35 48 33 40 27 17 20 41 
50 7 44 23 15 11 39 26 34 5 46 1 45 19 13 2 16 9 22 42 30 36 4 12 24 25 8 38 28 3 21 18 29 47 10 14 32 35 48 33 40 27 17 20 41 
51 7 44 23 15 11 39 26 34 5 46 1 45 19 13 2 16 9 22 42 30 36 4 12 24 25 8 38 28 3 21 18 29 47 10 14 32 35 48 33 40 27 17 20 41 
52 7 44 23 15 11 39 26 34 5 46 1 45 19 13 2 16 9 22 42 30 36 4 12 24 25 8 38 28 3 21 18 29 47 10 14 32 35 48 33 40 27 17 20 41 
53 7 44 23 15 11 39 26 34 5 46 1 45 19 13 2 16 9 22 42 30 36 4 12 24 25 8 38 28 3 21 18 29 47 10 14 32 35 48 33 40 27 17 20 41 
54 7 44 23 15 11 39 26 34 54 5 46 1 45 19 13 2 16 9 22 42 30 36 4 12 24 25 8 38 28 3 21 18 29 47 10 14 32 35 48 33 40 27 17 20 41 
55 7 44 23 15 11 39 26 34 54 5 46 1 45 19 13 2 16 9 22 42 30 36 4 12 24 25 8 38 28 3 21 18 29 47 10 14 32 35 48 33 40 27 17 20 41 
56 7 44 23 15 11 39 26 34 54 5 46 1 45 19 13 2 16 9 22 42 30 36 4 12 24 56 25 8 38 28 3 21 18 29 47 10 14 32 35 48 33 40 27 17 20 41 
57 7 44 23 15 11 39 26 34 54 5 46 1 45 19 13 2 16 9 22 42 30 36 4 12 24 56 25 8 38 28 3 21 18 29 47 10 14 32 35 48 33 40 27 17 20 41 
58 7 44 23 15 11 39 26 34 54 5 46 1 45 19 13 2 16 9 22 42 30 36 4 12 24 56 25 58 8 38 28 3 21 18 29 47 10 14 32 35 48 33 40 27 17 20 41 
59 7 44 23 15 11 39 26 34 54 5 46 1 45 19 13 2 16 9 22 42 30 36 4 12 24 56 25 58 8 38 28 3 21 18 29 47 10 14 32 35 48 33 40 27 17 20 41 
60 7 44 23 15 11 39 26 34 54 5 46 1 45 19 13 2 16 9 22 42 30 36 4 12 24 56 25 58 8 38 28 3 21 18 29 47 10 14 32 35 48 33 40 27 17 20 41 
61 7 44 23 15 11 39 26 34 54 5 46 1 45 19 13 2 16 9 22 42 30 36 4 12 24 56 25 58 8 38 28 3 21 18 29 47 10 14 32 35 48 33 40 27 17 20 41 
