1 1 
2 1 2 
3 1 2 3 
4 1 4 2 3 
5 1 4 2 3 5 
6 1 4 6 2 3 5 
7 1 7 4 6 2 3 5 
8 1 7 4 6 2 3 5 
9 1 7 4 6 2 3 9 5 
10 1 7 4 6 2 3 10 9 5 
11 1 7 4 6 2 11 3 10 9 5 
12 1 7 4 6 2 11 3 10 12 9 5 
13 1 7 4 6 2 11 3 10 12 9 5 
14 1 7 4 6 2 11 3 10 12 9 5 
15 1 7 4 6 15 2 11 3 10 12 9 5 
16 1 4 6 3 10 9 5 7 15 2 11 12 16 
17 1 4 6 3 10 9 5 7 15 17 2 11 12 16 
18 1 4 6 3 10 9 5 7 15 17 2 11 12 16 
19 1 4 6 3 10 9 5 19 7 15 17 2 11 12 16 
20 1 4 6 3 10 9 20 5 19 7 15 17 2 11 12 16 
21 1 4 6 3 10 9 20 5 19 7 15 17 2 11 12 21 16 
22 1 4 6 22 3 10 9 20 5 19 7 15 17 2 11 12 21 16 
23 1 4 6 22 3 10 9 20 5 19 7 15 17 2 11 12 21 16 
24 1 4 6 22 3 10 9 20 5 19 24 7 15 17 2 11 12 21 16 
25 1 25 4 6 22 3 10 9 20 5 19 24 7 15 17 2 11 12 21 16 
26 1 25 4 6 22 3 10 9 20 5 19 24 7 15 17 2 11 12 21 26 16 
27 1 25 4 6 22 3 10 9 20 5 19 24 7 15 17 2 11 12 21 26 16 
28 1 25 4 6 22 3 10 9 20 5 19 24 7 15 17 2 11 12 21 26 28 16 
29 1 25 4 6 22 3 10 9 20 5 19 24 7 15 17 2 11 12 21 26 28 16 
30 1 4 6 22 3 10 9 20 5 19 7 15 17 2 11 12 21 16 30 
31 1 4 6 22 3 10 9 20 5 19 7 15 17 2 11 12 21 16 30 
32 1 4 6 22 3 10 9 20 32 5 19 7 15 17 2 11 12 21 16 30 
33 1 4 6 22 33 3 10 9 20 32 5 19 7 15 17 2 11 12 21 16 30 
34 1 34 4 6 22 33 3 10 9 20 32 5 19 7 15 17 2 11 12 21 16 30 
35 1 34 4 6 22 33 3 10 9 20 32 5 19 7 15 17 2 11 12 21 16 30 
36 1 34 36 4 6 22 33 3 10 9 20 32 5 19 7 15 17 2 11 12 21 16 30 
37 1 34 36 4 6 22 33 3 10 9 20 32 5 19 7 15 17 2 11 12 21 16 30 
38 1 4 6 22 3 10 9 20 5 19 38 7 15 17 2 11 12 21 16 30 
39 1 4 6 22 3 10 9 20 5 19 38 7 15 17 2 11 12 21 16 30 
40 1 4 6 22 3 10 9 20 5 19 38 7 15 17 2 11 12 21 16 30 
41 4 6 33 3 10 32 19 7 41 17 11 12 26 16 1 34 36 25 22 9 20 5 24 15 2 21 28 30 
42 4 6 33 3 10 32 19 7 41 17 11 12 26 16 1 34 36 25 22 9 20 5 24 15 2 21 28 30 
43 4 6 33 3 10 32 19 7 41 17 11 12 26 16 1 34 36 25 22 9 20 5 24 15 2 43 21 28 30 
44 4 6 33 3 10 32 19 7 41 17 11 12 26 16 1 34 36 25 22 9 20 5 24 15 2 43 21 28 30 
45 4 6 33 3 10 32 19 7 41 17 11 12 26 16 1 34 36 25 22 9 20 5 24 15 2 43 21 28 30 
46 4 6 33 3 10 32 19 7 41 17 11 12 26 16 1 34 36 25 22 46 9 20 5 24 15 2 43 21 28 30 
47 4 6 33 3 10 32 19 7 41 17 11 12 26 16 1 34 36 25 22 46 47 9 20 5 24 15 2 43 21 28 30 
48 4 6 33 3 10 32 19 7 41 17 11 12 26 16 1 34 36 25 22 46 47 9 20 5 24 15 2 43 21 28 30 
49 4 6 33 3 10 32 19 7 41 17 11 49 12 26 16 1 34 36 25 22 46 47 9 20 5 24 15 2 43 21 28 30 
50 4 6 33 3 10 32 19 7 41 17 11 49 12 26 16 1 34 36 25 22 46 47 9 20 5 24 15 2 43 21 28 30 
51 4 6 33 3 10 32 19 7 41 17 11 49 12 26 16 1 34 36 51 25 22 46 47 9 20 5 24 15 2 43 21 28 30 
52 4 6 33 3 10 32 19 7 41 17 11 49 12 26 16 52 1 34 36 51 25 22 46 47 9 20 5 24 15 2 43 21 28 30 
53 4 6 33 3 10 32 19 7 41 17 53 11 49 12 26 16 52 1 34 36 51 25 22 46 47 9 20 5 24 15 2 43 21 28 30 
54 54 4 6 33 3 10 32 19 7 41 17 53 11 49 12 26 16 52 1 34 36 51 25 22 46 47 9 20 5 24 15 2 43 21 28 30 
55 54 4 6 33 3 10 32 55 19 7 41 17 53 11 49 12 26 16 52 1 34 36 51 25 22 46 47 9 20 5 24 15 2 43 21 28 30 
56 54 4 6 33 3 10 32 55 19 7 41 17 53 11 49 12 26 16 52 1 34 36 51 25 22 46 47 9 20 5 24 15 2 43 21 28 56 30 
57 54 4 6 33 3 10 32 55 19 7 41 17 53 11 49 12 26 16 52 57 1 34 36 51 25 22 46 47 9 20 5 24 15 2 43 21 28 56 30 
58 54 4 6 33 3 10 32 55 19 7 41 17 53 11 49 12 26 16 52 57 1 34 36 51 25 22 46 47 9 20 58 5 24 15 2 43 21 28 56 30 
59 54 4 6 33 3 10 32 55 19 7 41 17 53 11 49 12 26 16 52 57 1 34 36 51 25 22 46 47 9 20 58 5 59 24 15 2 43 21 28 56 30 
60 54 4 6 33 3 10 32 55 19 7 41 17 53 11 49 12 26 16 52 57 1 34 36 51 25 22 60 46 47 9 20 58 5 59 24 15 2 43 21 28 56 30 
61 54 4 6 33 3 10 32 55 19 7 61 41 17 53 11 49 12 26 16 52 57 1 34 36 51 25 22 60 46 47 9 20 58 5 59 24 15 2 43 21 28 56 30 
62 54 4 6 33 3 10 32 55 19 7 61 41 17 53 11 49 12 26 16 52 57 1 34 36 51 25 22 60 46 47 9 20 58 5 59 24 15 2 43 21 28 56 30 
63 54 4 6 33 3 10 32 55 19 7 61 41 17 53 11 49 12 26 16 52 57 1 34 36 51 25 22 60 46 47 9 20 58 5 59 24 15 2 43 21 28 56 30 
64 54 4 6 33 3 10 32 55 19 7 61 41 17 53 11 49 12 26 16 52 57 1 34 36 51 25 22 60 46 47 9 20 58 5 64 59 24 15 2 43 21 28 56 30 
65 54 4 6 33 3 10 32 55 19 7 61 41 17 53 11 49 12 26 16 52 57 1 34 36 51 25 22 60 46 47 9 20 58 5 64 59 24 15 2 43 21 28 56 30 
66 54 4 6 33 3 10 32 55 19 7 61 41 17 53 11 49 12 26 16 52 57 1 34 36 51 25 22 60 46 47 9 20 58 5 64 59 24 66 15 2 43 21 28 56 30 
67 54 4 6 33 3 10 32 55 19 7 61 41 17 53 11 49 12 26 16 52 57 1 34 36 51 25 22 60 46 67 47 9 20 58 5 64 59 24 66 15 2 43 21 28 56 30 
68 54 4 6 33 3 10 32 55 19 7 61 41 17 53 11 49 12 26 16 52 57 1 34 36 51 25 22 60 46 67 47 9 20 58 5 64 59 24 66 68 15 2 43 21 28 56 30 
69 54 4 6 33 3 10 32 55 19 7 61 41 69 17 53 11 49 12 26 16 52 57 1 34 36 51 25 22 60 46 67 47 9 20 58 5 64 59 24 66 68 15 2 43 21 28 56 30 
70 4 10 32 19 53 49 26 16 52 57 34 36 25 22 60 67 20 58 5 24 66 70 15 2 43 54 6 33 3 55 7 61 41 69 17 11 12 1 51 46 47 9 64 59 68 21 28 56 30 
71 4 10 32 19 53 49 26 16 52 57 34 36 25 22 60 67 20 58 5 24 66 70 15 2 43 54 6 33 3 55 7 61 41 69 17 11 12 1 51 46 47 9 64 59 68 21 28 56 30 
72 4 10 32 19 53 49 26 16 52 57 34 36 25 22 60 67 20 58 5 24 66 70 15 2 43 54 6 33 3 55 7 61 41 69 17 11 12 1 51 46 47 9 64 59 68 21 28 56 30 
73 4 10 32 19 53 49 26 16 52 57 34 36 25 22 60 67 20 58 5 24 66 70 15 2 43 54 6 33 3 55 7 61 41 69 17 11 12 1 51 46 47 9 64 59 68 21 28 56 30 
74 1 7 4 6 74 2 3 5 
75 1 7 4 6 74 2 3 5 
76 1 7 76 4 6 74 2 3 5 
77 1 7 76 4 6 74 2 3 77 5 
78 1 7 76 4 6 74 78 2 3 77 5 
79 1 7 76 4 6 74 78 2 3 77 79 5 
80 1 4 6 74 3 5 7 76 80 78 2 77 79 
81 1 4 6 74 3 5 7 76 80 78 2 77 79 
82 1 4 6 74 3 5 7 76 80 78 2 77 79 
83 1 4 6 74 3 83 5 7 76 80 78 2 77 79 
84 1 84 4 6 74 3 83 5 7 76 80 78 2 77 79 
85 1 84 4 6 74 3 83 5 7 76 80 78 2 77 85 79 
86 1 84 4 6 74 3 83 5 7 76 80 78 2 77 85 79 
87 1 84 4 6 74 3 83 5 7 76 80 78 2 87 77 85 79 
88 1 84 88 4 6 74 3 83 5 7 76 80 78 2 87 77 85 79 
89 1 84 88 4 6 74 3 83 5 89 7 76 80 78 2 87 77 85 79 
90 1 84 88 4 6 74 3 83 90 5 89 7 76 80 78 2 87 77 85 79 
91 1 84 88 4 6 74 3 83 90 5 89 7 76 80 78 2 87 77 85 91 79 
92 1 84 88 4 6 74 3 83 90 5 89 92 7 76 80 78 2 87 77 85 91 79 
93 1 84 88 4 6 74 3 83 90 93 5 89 92 7 76 80 78 2 87 77 85 91 
94 1 84 88 4 6 74 94 3 83 90 93 5 89 7 76 80 78 2 87 77 85 91 
95 1 84 88 4 6 74 94 3 83 90 93 5 89 7 76 80 78 2 87 77 85 95 91 
96 1 84 88 4 6 74 94 3 83 90 93 5 89 7 76 80 78 2 87 77 85 95 91 
97 1 84 88 4 6 74 94 3 83 90 97 93 5 89 7 76 80 78 2 87 77 85 95 91 
98 1 84 88 4 6 74 94 3 83 90 97 93 5 89 98 7 76 80 78 2 87 77 85 95 
99 84 4 6 94 3 90 93 89 98 7 80 99 1 88 74 83 97 5 76 78 2 87 77 85 95 
100 84 4 6 3 90 93 89 98 100 7 80 99 1 88 74 83 97 5 76 78 2 87 77 85 95 
101 84 4 6 3 90 93 89 98 100 7 80 99 1 101 88 74 83 97 5 76 78 2 87 77 85 95 
102 102 84 4 6 3 90 93 89 98 100 7 80 99 1 101 88 74 83 97 5 76 78 2 87 77 85 95 
103 102 84 4 6 3 90 93 89 98 100 7 80 99 103 1 101 88 74 83 97 5 76 78 2 87 77 85 95 
104 102 84 4 6 3 90 93 89 98 100 7 80 99 103 1 101 88 74 83 97 5 76 78 2 87 77 85 95 104 
105 102 84 4 6 3 90 93 89 98 100 7 80 99 103 1 101 88 74 83 97 5 76 78 2 87 77 85 95 104 
106 102 84 4 6 3 90 93 89 98 7 80 99 103 1 101 106 88 74 83 97 5 76 78 2 87 77 85 95 104 
107 102 84 4 6 3 90 93 89 98 7 80 99 103 1 101 106 88 74 83 97 5 76 78 2 87 77 85 95 104 
108 1 84 88 4 6 74 94 3 83 90 93 5 89 7 76 80 78 108 2 87 77 85 95 91 
109 1 84 88 4 6 74 94 3 83 90 93 5 89 7 76 80 78 108 2 87 77 85 95 91 
110 84 4 6 94 3 90 93 89 7 80 1 88 74 83 5 76 78 108 2 87 77 85 95 91 110 
111 84 4 6 94 3 90 93 89 7 80 111 1 88 74 83 5 76 78 108 2 87 77 85 95 110 
112 84 4 6 94 3 90 93 89 7 80 111 1 112 88 74 83 5 76 78 108 2 87 77 85 95 110 
113 84 4 6 3 90 93 89 7 80 111 1 112 88 74 83 5 113 76 78 108 2 87 77 85 95 110 
114 84 4 6 3 90 93 89 7 80 111 1 112 114 88 74 83 5 113 76 78 108 2 87 77 85 95 110 
115 84 4 6 3 90 93 89 7 80 111 1 112 114 88 74 83 5 113 76 78 108 2 87 115 77 85 95 110 
116 84 4 6 3 90 93 89 7 80 111 1 112 114 88 74 83 5 113 76 78 108 2 87 115 116 77 85 95 110 
117 84 4 6 3 117 90 93 89 7 80 111 1 112 114 88 74 83 5 113 76 78 108 2 87 115 116 77 85 95 110 
118 84 4 6 3 117 90 93 89 7 80 111 1 112 114 88 74 83 5 113 76 78 108 2 87 115 116 77 85 95 110 
119 84 4 6 3 117 90 93 89 119 7 80 111 1 112 114 88 74 83 5 76 78 108 2 87 115 116 77 85 95 110 
120 102 84 4 6 94 3 117 90 93 89 98 119 7 80 99 111 103 1 112 101 114 106 88 74 83 97 5 76 78 108 2 87 115 116 77 85 95 104 120 91 110 
121 102 84 4 6 94 3 117 90 93 89 98 119 7 80 99 121 111 103 1 112 101 114 106 88 74 83 97 5 76 78 108 2 87 115 116 77 85 95 104 120 91 110 
122 102 84 4 6 94 3 117 90 93 89 98 119 7 80 99 121 111 103 1 112 101 114 106 88 74 83 97 5 76 78 108 2 87 115 116 77 85 95 104 120 91 110 
123 102 84 4 6 94 3 117 90 93 89 98 123 119 7 80 99 121 111 103 1 112 101 114 106 88 74 83 97 5 76 78 108 2 87 115 116 77 85 95 104 120 91 110 
124 102 84 4 6 94 3 117 90 93 89 98 123 119 124 7 80 99 121 111 103 1 112 101 114 106 88 74 83 97 5 76 78 108 2 87 115 116 77 85 95 104 120 91 110 
125 102 84 4 6 94 3 117 90 93 89 98 123 119 124 7 80 99 121 111 103 1 112 101 114 106 88 74 83 97 5 76 78 108 2 87 115 116 77 85 95 104 120 91 110 
126 102 84 4 6 94 3 117 90 93 89 98 119 124 7 80 99 121 111 103 1 112 101 114 126 106 88 74 83 97 5 76 78 108 2 87 115 116 77 85 95 104 120 91 110 
127 102 84 4 6 94 3 117 90 93 89 98 123 119 124 7 80 99 121 111 103 1 112 101 114 126 106 88 74 83 97 5 76 78 108 2 87 115 116 77 85 95 104 120 91 110 
128 102 84 4 6 94 3 117 90 93 89 98 123 119 124 7 80 99 121 111 103 1 112 101 114 126 106 88 74 83 97 5 76 78 108 2 87 115 116 77 85 95 104 120 91 110 
129 102 84 4 6 94 3 117 90 93 89 98 119 7 80 99 121 111 103 1 112 101 114 106 88 74 83 97 5 76 78 108 2 87 115 116 77 85 95 104 120 91 110 
130 102 84 4 6 94 3 117 90 93 89 98 123 119 124 7 80 99 121 111 103 1 112 101 114 126 106 88 74 83 97 5 76 78 108 2 87 115 116 77 85 95 104 120 91 110 
131 102 84 4 6 94 3 117 90 93 89 98 123 119 124 7 80 99 121 111 103 1 112 101 114 126 106 88 74 83 97 5 131 76 78 108 2 87 115 116 77 85 95 104 120 91 110 
132 102 84 4 6 94 3 117 90 93 89 98 123 119 124 7 80 99 121 111 103 1 112 101 114 126 106 88 74 83 97 5 131 76 78 108 2 87 115 116 77 85 95 104 120 91 110 
133 102 84 4 6 133 94 3 117 90 93 89 98 123 119 124 7 80 99 121 111 103 1 112 101 114 126 106 88 74 83 97 5 131 76 78 108 2 87 115 116 77 85 95 104 120 91 110 
134 102 84 4 6 133 94 3 117 90 93 89 98 123 119 124 7 80 99 121 111 103 1 112 101 114 126 106 88 74 83 97 5 131 76 78 108 2 87 115 116 77 85 95 104 120 91 110 
135 102 84 4 6 133 94 3 117 90 93 89 98 123 135 119 124 7 80 99 121 111 103 1 112 101 114 126 106 88 74 83 97 5 131 76 78 108 2 87 115 116 77 85 95 104 120 91 110 
136 102 84 4 6 133 94 3 117 90 93 89 98 123 135 119 124 7 80 99 121 111 103 1 112 101 114 126 106 88 74 83 97 5 131 76 78 108 2 87 115 116 77 85 95 104 120 91 110 
137 84 4 133 90 93 89 123 135 124 121 111 101 114 126 88 74 83 97 5 78 2 87 115 116 77 110 102 6 94 3 117 98 119 7 137 80 99 103 1 112 106 131 76 108 85 95 104 120 91 
138 84 4 133 90 93 89 123 135 124 121 111 101 114 126 88 74 83 97 5 78 2 87 115 116 77 110 102 6 94 3 117 98 119 7 137 80 99 103 1 112 106 131 76 108 85 95 104 120 91 
139 84 4 133 90 93 89 123 135 121 111 101 114 126 88 74 83 97 5 78 2 87 115 116 77 110 102 6 94 3 117 98 119 7 137 80 99 139 103 1 112 106 131 76 108 85 95 104 120 91 
140 84 4 133 90 93 89 123 135 121 111 101 114 126 88 74 83 97 5 78 2 87 115 116 77 110 140 102 6 94 3 117 98 119 7 137 80 99 139 103 1 112 106 131 76 108 85 95 104 120 91 
141 84 4 133 90 93 89 123 135 121 111 101 114 126 88 74 83 97 5 78 2 87 115 116 77 110 140 102 6 94 3 117 98 119 7 137 80 99 139 103 1 112 106 131 76 141 108 85 95 104 120 91 
142 84 4 133 90 93 89 123 135 121 111 101 114 126 88 74 83 97 5 78 2 87 115 116 77 110 140 102 6 94 3 117 98 119 7 137 80 99 139 103 1 112 106 131 76 141 108 85 95 104 120 91 
143 84 4 133 90 93 89 123 135 121 111 101 114 126 88 74 83 97 5 78 2 87 115 116 77 143 110 140 102 6 94 3 117 98 119 7 137 80 99 139 103 1 112 106 131 76 141 108 85 95 104 120 91 
144 84 4 133 90 93 89 123 135 121 111 101 114 126 88 74 83 97 5 78 2 87 115 116 77 143 110 140 102 6 94 3 117 98 119 7 137 80 99 139 103 1 112 106 131 76 141 108 85 95 104 120 91 
145 84 4 133 90 93 89 123 135 121 111 101 114 126 88 74 145 83 97 5 78 2 87 115 116 77 143 110 140 102 6 94 3 117 98 119 7 137 80 99 139 103 1 112 106 131 76 141 108 85 95 104 120 91 
146 84 4 133 90 93 89 123 135 121 111 101 114 126 88 74 145 83 97 5 78 2 87 115 116 77 143 110 140 102 6 94 3 117 98 119 7 137 80 99 139 103 1 112 106 131 76 141 108 85 95 104 120 91 
147 84 4 133 90 93 89 123 135 121 111 101 114 126 88 74 145 83 97 5 78 2 87 115 116 77 143 110 140 102 6 94 3 117 98 119 7 137 80 99 139 103 1 112 106 131 76 141 108 85 95 104 120 91 
148 84 4 133 90 93 89 123 135 121 111 101 114 126 88 74 145 83 97 5 78 2 87 115 116 77 143 110 140 102 6 94 3 117 98 119 7 137 80 99 139 103 1 112 106 131 76 141 108 85 95 104 120 91 
149 84 4 133 90 93 89 123 135 121 111 101 114 126 88 74 145 83 97 5 78 2 87 115 116 77 143 110 140 102 6 94 3 117 98 119 7 137 80 99 139 103 1 112 106 149 131 76 141 108 85 95 104 120 91 
150 84 4 133 90 93 89 123 135 121 111 101 114 126 88 74 145 83 97 5 78 2 87 115 116 77 143 110 140 102 6 94 3 117 98 119 7 137 80 99 139 103 1 112 106 149 131 76 141 108 85 95 104 120 91 
151 84 4 133 90 93 89 123 135 121 111 101 114 126 88 74 145 83 97 5 78 2 87 115 116 77 143 110 140 102 6 94 3 117 98 119 7 137 80 99 139 103 1 112 106 149 131 76 141 108 85 95 104 120 91 
152 84 4 133 90 93 89 123 135 121 111 101 114 126 88 74 145 83 97 5 78 2 87 115 116 77 143 110 140 102 6 94 3 117 98 119 7 137 80 99 139 103 1 112 106 149 131 76 141 108 85 95 104 120 91 
153 84 4 133 90 93 89 123 135 121 111 101 114 126 88 74 145 83 97 5 78 2 87 115 116 77 143 110 140 102 6 94 3 117 98 119 7 137 80 99 139 103 1 112 106 149 131 76 141 108 85 95 104 120 91 
154 84 4 133 90 93 89 123 135 124 121 111 101 114 126 154 88 74 83 97 5 78 2 87 115 116 77 110 102 6 94 3 117 98 119 7 80 99 103 1 112 106 131 76 108 85 95 104 120 91 
155 84 4 133 90 93 89 123 135 124 121 111 101 114 126 154 88 74 83 97 5 78 2 87 115 116 77 110 102 6 94 3 117 98 119 7 80 99 103 1 112 106 131 76 108 85 95 104 120 91 
156 84 4 133 90 156 93 89 123 135 121 111 101 114 126 154 88 74 83 97 5 78 2 87 115 116 77 110 102 6 94 3 117 98 119 7 80 99 103 1 112 106 131 76 108 85 95 104 120 91 
157 84 4 133 90 156 93 89 123 135 121 111 101 114 126 154 88 74 83 97 5 78 2 87 115 116 77 110 102 6 94 3 117 98 119 7 80 99 103 1 112 106 157 131 76 108 85 95 104 120 91 
158 84 4 133 158 90 156 93 89 123 135 121 111 101 114 126 154 88 74 83 97 5 78 2 87 115 116 77 110 102 6 94 3 117 98 119 7 80 99 103 1 112 106 157 131 76 108 85 95 104 120 91 
159 84 4 133 158 90 156 93 89 123 135 121 111 101 114 126 154 88 74 83 97 5 78 2 87 115 116 77 110 102 6 94 3 117 98 119 7 80 99 103 1 112 106 157 131 76 108 85 95 104 120 91 
160 84 4 133 158 90 156 93 89 123 135 121 111 101 114 126 154 88 74 83 97 5 78 2 87 115 116 77 110 102 6 94 3 117 98 119 7 80 99 103 1 112 106 157 131 76 108 160 85 95 104 120 91 
161 84 4 133 158 90 156 93 89 123 135 121 111 101 114 126 154 88 74 83 97 5 78 2 87 115 116 77 110 102 6 94 3 117 98 119 7 80 99 103 1 112 106 157 131 76 108 160 85 95 104 120 91 
162 84 4 133 158 90 156 93 89 123 135 121 111 101 114 126 154 88 74 83 97 5 78 2 87 115 116 77 110 102 6 94 3 117 98 119 7 80 99 103 1 112 106 157 131 76 108 162 160 85 95 104 120 91 
163 84 4 133 158 90 156 93 89 123 135 121 111 101 114 126 154 88 74 83 97 5 78 2 87 115 116 77 110 102 6 94 3 117 98 119 7 80 99 103 1 112 106 157 131 76 108 162 160 85 95 104 120 91 
164 84 4 133 158 90 156 93 89 123 135 121 111 101 114 126 154 88 74 83 97 5 78 2 87 115 116 77 110 102 6 94 3 117 98 119 7 80 99 103 1 112 106 157 131 76 108 162 160 85 95 104 120 91 
165 84 4 133 158 90 156 93 89 123 135 121 111 101 114 126 154 88 74 83 97 5 78 2 87 115 116 77 110 102 6 94 3 117 98 119 7 80 99 103 1 112 106 157 131 76 108 162 160 85 95 104 120 91 
166 84 4 133 158 90 156 93 89 123 135 121 111 101 114 126 154 88 74 83 97 5 78 2 87 115 116 77 166 110 102 6 94 3 117 98 119 7 80 99 103 1 112 106 157 131 76 108 162 160 85 95 104 120 91 
167 84 4 133 158 90 156 93 89 123 135 121 111 101 114 126 154 88 74 83 97 5 78 2 87 115 116 77 166 110 102 6 94 3 117 98 119 7 80 99 103 1 112 106 157 131 76 108 162 160 85 95 104 120 91 
168 84 4 133 158 90 156 93 89 123 135 121 111 101 114 126 154 88 74 83 97 5 78 2 87 115 116 77 166 110 102 6 94 3 117 98 119 7 80 99 103 1 112 106 157 131 76 108 162 160 85 95 104 120 91 
169 84 4 133 158 90 156 93 89 123 135 121 111 101 114 126 154 88 74 83 97 5 78 2 87 115 116 77 166 110 102 6 94 3 117 98 119 7 80 99 103 1 112 106 157 131 76 108 162 160 85 95 104 120 91 
170 84 4 133 158 90 156 93 89 135 124 121 111 101 114 154 88 74 145 83 97 5 78 2 87 115 116 170 77 143 166 110 140 102 6 94 3 117 98 119 7 137 80 99 139 103 1 112 106 149 157 131 76 141 108 162 160 85 95 104 120 91 
171 84 4 133 158 90 93 89 135 121 171 111 101 114 154 88 74 145 83 97 5 78 2 87 115 116 170 77 143 166 110 140 102 6 94 3 117 98 119 7 137 80 99 103 1 112 106 149 157 131 76 141 108 162 160 85 95 104 120 91 
172 84 4 133 158 90 93 89 135 121 171 111 101 114 154 88 74 145 83 97 5 78 2 87 115 116 170 77 143 166 110 140 102 6 94 3 117 98 119 7 137 80 99 103 1 112 106 149 157 131 76 141 108 162 160 85 95 104 120 91 
173 84 4 133 158 90 93 89 173 135 121 171 101 114 154 88 74 145 83 97 5 78 2 87 115 116 170 77 143 166 110 140 102 6 94 3 117 119 7 137 80 99 103 1 112 106 149 157 131 76 141 108 162 160 85 95 104 120 
174 84 4 133 158 90 93 89 173 135 121 171 101 114 154 88 74 145 83 97 5 78 2 87 115 116 170 77 143 166 110 140 102 6 94 3 117 119 7 137 80 99 103 1 112 106 149 157 131 76 141 108 162 160 85 95 104 120 
175 175 84 4 133 158 90 93 89 173 135 121 171 101 114 154 88 74 145 83 97 5 78 2 87 115 116 170 77 143 166 110 140 102 6 94 3 117 119 7 137 80 99 103 1 112 106 149 157 131 76 141 108 162 160 85 95 104 120 
176 175 84 4 133 158 90 93 89 173 135 121 171 176 101 114 154 88 74 145 83 97 5 78 2 87 115 116 170 77 143 166 110 140 102 6 94 3 117 119 7 137 80 99 103 1 112 106 149 157 131 76 141 108 162 160 85 95 104 120 
177 175 84 4 133 158 177 90 93 89 173 135 121 171 176 101 114 154 88 74 145 83 97 5 78 2 87 115 116 170 77 143 166 110 102 6 94 3 117 119 7 137 80 99 103 1 112 106 149 131 76 141 108 162 160 85 95 104 120 
178 175 84 4 133 158 177 90 93 89 173 135 121 171 176 101 114 154 178 88 74 145 83 97 5 78 2 87 115 116 170 77 143 166 110 102 6 94 3 117 119 7 137 80 99 103 1 112 106 149 131 76 141 108 162 160 85 95 104 120 
179 175 84 4 133 158 177 90 93 89 173 135 121 171 176 101 114 154 178 88 74 145 83 97 5 78 2 87 115 116 170 77 143 166 110 102 6 94 3 117 119 7 137 80 99 103 1 112 106 179 149 131 76 141 108 162 160 85 95 104 120 
180 175 84 4 133 158 177 90 93 89 173 135 121 171 176 101 114 154 178 88 74 145 83 97 5 78 2 87 115 116 170 77 143 166 110 102 180 6 94 3 117 119 7 137 80 99 103 1 112 106 179 149 131 76 141 108 162 160 85 95 104 120 
181 175 84 4 133 158 177 90 93 89 173 135 121 171 176 101 114 154 178 88 74 145 83 97 5 78 2 87 115 116 170 77 143 166 181 110 102 180 6 94 3 117 119 7 137 80 99 103 1 112 106 179 149 131 76 141 108 162 160 85 95 104 120 
182 175 84 4 133 158 177 90 93 89 173 135 121 171 176 182 101 114 154 178 88 74 145 83 97 5 78 2 87 115 116 170 77 143 166 181 110 102 180 6 94 3 117 119 7 137 80 99 103 1 112 106 179 149 131 76 141 108 162 160 85 95 104 120 
183 175 84 4 133 158 177 183 90 93 89 173 135 121 171 176 182 101 114 154 178 88 74 145 83 97 5 78 2 87 115 116 170 77 143 166 181 110 102 180 6 94 3 117 119 7 137 80 99 103 1 112 106 179 149 131 76 141 108 162 160 85 95 104 120 
184 175 84 4 133 158 177 183 90 93 89 173 135 121 171 176 182 101 114 154 178 88 74 145 83 97 5 184 78 2 87 115 116 170 77 143 166 181 110 102 180 6 94 3 117 119 7 137 80 99 103 1 112 106 179 149 131 76 141 108 162 160 85 95 104 120 
185 175 84 4 133 158 177 183 90 93 89 173 135 121 171 176 182 101 114 154 178 88 74 145 83 97 5 184 78 2 87 115 116 170 77 143 166 181 110 102 180 6 94 3 117 119 7 137 80 99 103 1 112 106 179 149 131 76 141 108 162 160 85 95 104 120 
186 175 84 4 133 158 177 183 90 93 89 173 135 121 171 176 182 101 114 154 178 88 74 145 83 97 5 184 78 2 87 115 116 170 77 143 166 181 110 102 180 6 94 3 117 119 7 137 80 99 103 1 112 106 179 149 131 76 141 108 162 160 85 95 104 120 
187 175 84 4 133 158 177 183 90 93 89 173 135 187 121 171 176 182 101 114 154 178 88 74 145 83 97 5 184 78 2 87 115 116 170 77 143 166 181 110 102 180 6 94 3 117 119 7 137 80 99 103 1 112 106 179 149 131 76 141 108 162 160 85 95 104 120 
188 175 84 4 133 158 177 183 90 93 89 173 135 187 121 171 176 182 101 114 154 178 88 74 145 83 97 5 184 78 2 87 115 116 170 77 143 166 181 110 102 180 6 94 3 117 119 7 137 80 99 103 1 112 106 179 149 131 76 141 108 162 160 85 95 104 120 
189 175 84 4 133 158 177 183 90 93 89 173 135 187 121 171 176 182 101 114 154 178 88 74 145 83 97 5 184 78 2 87 115 116 170 77 143 166 181 110 102 180 6 94 3 117 119 7 137 80 99 103 1 112 106 179 149 189 131 76 141 108 162 160 85 95 104 120 
190 175 84 4 133 158 177 183 90 93 89 173 135 187 121 171 190 176 182 101 114 154 178 88 74 145 83 97 5 184 78 2 87 115 116 170 77 143 166 181 110 102 180 6 94 3 117 119 7 137 80 99 103 1 112 106 179 149 189 131 76 141 108 162 160 85 95 104 120 
191 175 84 4 133 158 177 183 90 93 89 173 135 187 121 171 190 176 191 182 101 114 154 178 88 74 145 83 97 5 184 78 2 87 115 116 170 77 143 166 181 110 102 180 6 94 3 117 119 7 137 80 99 103 1 112 106 179 149 189 131 76 141 108 162 160 85 95 104 120 
192 175 84 4 133 158 177 183 90 93 89 173 135 187 121 171 190 176 191 182 101 114 154 178 88 74 145 83 97 5 184 78 2 87 115 116 170 77 143 166 181 110 102 180 6 94 3 117 119 7 137 80 99 103 1 112 106 179 149 189 131 76 141 108 162 160 85 95 104 120 192 
193 175 84 4 133 158 177 183 90 93 89 173 135 187 121 171 190 176 191 182 101 114 154 178 88 74 145 83 97 5 184 78 2 87 115 116 170 77 143 166 181 110 102 180 6 94 3 117 193 119 7 137 80 99 103 1 112 106 179 149 189 131 76 141 108 162 160 85 95 104 120 192 
194 175 84 4 133 158 177 183 90 93 89 173 135 187 121 171 190 176 191 182 101 114 154 178 88 74 145 83 97 5 184 78 2 87 115 116 170 77 143 166 181 110 102 180 6 94 3 117 193 119 7 137 80 99 103 1 112 106 179 149 189 131 76 141 108 162 160 85 95 104 120 192 
195 175 84 4 133 158 177 183 90 93 89 173 135 187 121 171 190 111 176 191 182 101 114 154 178 88 74 145 83 97 5 184 78 2 87 115 116 170 77 143 166 181 110 140 102 180 6 94 3 117 98 193 119 7 137 80 99 103 1 112 106 179 149 157 189 131 76 141 108 162 160 85 95 104 120 91 192 
196 175 84 4 158 177 10 90 19 89 173 187 49 26 52 34 114 88 60 145 83 20 97 24 70 15 2 77 143 181 140 54 94 3 117 193 137 80 99 1 51 179 46 9 64 59 131 141 108 160 21 28 104 120 91 133 183 32 93 135 53 121 171 190 111 176 16 191 182 57 36 101 25 154 178 22 74 67 58 5 184 66 78 87 115 116 170 43 166 110 102 180 6 33 55 98 119 7 61 41 69 17 11 12 103 112 106 149 157 47 189 68 76 162 85 95 56 192 30 
