1 1 
2 1 2 
3 1 3 2 
4 1 3 2 
5 5 1 3 2 
6 5 1 3 2 6 
7 5 7 1 3 2 6 
8 5 7 1 3 2 6 
9 5 7 1 3 2 6 
10 10 
11 5 7 1 3 2 6 10 11 
12 5 12 7 1 3 2 6 10 11 
13 5 12 7 13 1 3 2 6 10 11 
14 5 12 7 13 1 3 2 6 10 11 
15 5 12 7 13 1 3 2 6 10 11 
16 16 
17 5 12 7 16 13 1 3 17 2 6 10 11 
18 5 12 16 18 3 17 6 10 7 13 1 2 11 
19 5 12 16 18 3 17 6 10 7 13 19 1 2 11 
20 5 12 16 18 3 17 6 10 7 13 19 1 2 11 
21 5 12 16 18 3 17 6 10 7 13 19 1 2 11 
22 22 
23 5 12 16 18 22 3 17 6 10 7 13 19 1 23 2 11 
24 5 12 16 18 22 3 17 6 10 24 7 13 19 1 23 2 11 
25 5 12 16 18 22 25 3 17 6 10 24 7 13 19 1 23 2 11 
26 5 12 16 18 22 25 3 17 6 10 24 7 13 19 1 23 2 11 
27 5 12 16 18 22 25 3 17 6 10 24 7 13 19 1 23 2 11 
28 28 
29 5 12 16 18 22 25 3 17 6 10 24 7 13 19 1 28 23 2 11 
