1 1 
2 2 1 
3 2 3 1 
4 2 3 1 
5 2 3 1 
6 2 6 3 1 
7 2 6 7 3 1 
8 2 6 8 7 3 1 
9 2 6 8 7 3 1 
10 2 6 8 7 3 1 10 
11 2 6 8 7 3 1 10 
12 2 6 8 7 3 1 10 12 
13 2 6 8 7 3 13 1 10 12 
14 33 2 19 24 7 16 18 22 27 10 6 20 8 17 29 14 3 32 34 13 30 1 25 12 
15 33 2 19 24 7 16 18 22 27 10 6 20 8 17 29 14 3 32 34 13 30 1 25 12 
16 33 2 19 24 7 16 18 22 27 10 6 20 8 17 29 14 3 32 34 13 30 1 25 12 
17 33 2 19 24 7 16 18 22 27 10 6 20 8 29 17 14 3 32 34 13 30 1 25 12 
18 33 2 19 24 7 16 18 22 27 10 6 20 8 17 29 14 3 32 34 13 30 1 25 12 
19 33 2 24 19 7 16 18 22 27 10 6 20 8 17 29 14 3 32 34 13 30 1 25 12 
20 33 2 19 24 7 16 18 22 27 10 6 20 8 17 29 14 3 32 13 30 1 25 12 
21 33 2 19 24 7 16 18 22 27 10 6 20 8 17 29 14 3 32 34 13 30 1 25 12 
22 33 2 19 7 16 18 22 27 10 6 20 8 17 29 14 3 32 34 30 1 25 12 
23 33 2 19 7 16 18 22 27 10 6 20 8 17 29 14 3 32 34 30 1 25 12 
24 33 2 19 24 7 16 18 27 10 6 20 8 17 29 14 3 32 34 30 1 25 12 
25 33 2 19 24 7 16 18 22 10 6 20 8 17 29 14 3 32 34 30 1 25 12 
26 33 2 19 24 7 16 18 22 10 6 20 8 17 29 14 3 32 34 30 1 25 12 
27 33 2 19 24 7 16 18 22 27 10 6 20 8 17 29 14 3 32 34 30 1 12 
28 33 2 19 24 7 16 18 22 27 10 6 20 8 17 29 14 3 32 34 30 1 25 12 
29 33 2 19 24 7 16 18 22 27 10 6 20 8 17 29 14 3 32 34 30 1 25 12 
30 33 2 19 24 7 16 18 22 27 10 20 8 17 29 14 3 32 34 30 1 25 12 
31 33 2 19 24 7 16 18 22 27 10 6 20 8 17 29 14 3 32 34 30 1 25 12 
32 33 2 19 24 7 16 18 22 27 10 6 20 8 17 29 14 3 32 34 30 1 25 12 
33 33 2 19 24 16 18 22 27 10 6 20 8 17 29 14 3 32 34 30 1 25 12 
34 33 2 19 24 7 16 18 22 27 10 6 8 17 29 14 3 32 34 30 1 25 12 
35 33 2 19 24 7 16 18 22 27 10 6 8 17 29 14 3 32 34 30 1 25 12 
36 33 2 19 24 7 16 18 22 27 10 6 20 8 17 29 14 3 32 34 13 30 1 25 12 
37 33 2 19 24 7 16 18 22 27 10 6 20 8 17 29 14 3 32 34 13 30 1 25 12 
38 2 6 8 7 3 1 10 
39 39 2 6 8 7 3 1 10 
40 39 2 6 8 7 3 1 10 
41 39 2 6 8 7 3 41 1 10 
42 39 42 2 6 8 7 3 41 1 10 
43 47 57 51 46 10 42 6 8 63 62 1 64 39 56 2 7 41 43 45 3 53 59 54 48 60 
44 47 57 51 46 10 42 6 8 63 62 1 64 39 56 2 7 41 43 45 3 53 59 54 48 60 
45 47 57 51 46 10 42 6 8 63 62 1 64 39 56 2 7 41 43 45 3 53 59 54 48 60 
46 47 57 51 46 10 42 6 8 63 62 1 64 39 56 2 7 41 43 45 3 53 59 54 48 60 
47 47 57 51 46 10 42 6 8 63 62 1 64 39 56 2 7 41 43 45 3 53 59 54 48 60 
48 39 56 2 47 7 57 41 43 51 46 10 42 6 8 45 63 3 62 53 59 1 54 48 60 
49 47 57 51 46 10 42 6 8 63 62 1 64 39 56 2 7 41 43 45 3 53 59 54 48 60 
50 39 56 2 47 7 57 41 43 51 46 10 42 50 6 8 45 63 3 62 53 59 1 54 60 
51 39 56 2 47 7 41 43 57 51 46 10 42 50 6 8 45 3 63 62 53 59 1 54 60 
52 39 56 2 47 7 41 43 57 51 46 10 42 50 6 8 45 3 63 62 53 59 1 54 60 
53 39 56 2 47 7 41 43 57 51 46 10 42 50 6 8 45 3 63 62 59 53 1 54 60 
54 39 56 2 47 7 41 43 57 51 46 10 42 50 6 8 45 3 63 53 62 59 1 54 60 
55 39 56 2 47 7 41 43 57 51 46 10 42 50 6 8 45 3 63 53 62 59 1 54 60 
56 39 56 2 47 7 41 43 57 51 46 10 42 50 6 8 45 3 63 53 62 59 1 54 60 
57 39 56 2 47 7 41 43 57 51 46 10 42 50 8 45 3 63 53 62 59 1 54 60 
58 39 56 2 47 7 41 43 57 51 46 10 42 50 6 8 45 3 63 53 62 59 1 54 60 
59 39 56 2 47 7 41 43 57 51 46 10 42 50 6 8 45 3 63 53 62 59 1 54 60 
60 39 56 2 47 7 41 43 57 51 46 10 42 50 6 8 45 3 63 53 59 62 1 54 60 
61 39 56 2 47 7 41 43 57 51 46 10 42 50 6 8 45 3 63 53 59 62 1 54 60 
62 39 56 2 47 7 41 43 57 51 46 10 42 50 6 8 45 3 63 53 59 62 1 54 60 
63 39 56 2 47 41 43 57 51 46 10 42 50 6 8 45 3 63 53 59 62 1 54 60 
64 39 56 2 47 7 41 43 57 51 46 10 42 6 8 45 3 63 53 59 62 1 54 60 64 
65 39 56 2 47 7 41 43 57 51 46 10 42 6 8 45 3 63 53 59 62 1 54 60 64 
66 47 57 51 46 10 42 6 8 63 62 1 64 39 56 2 7 41 43 45 3 53 59 54 48 60 
67 47 57 51 46 10 42 6 8 63 62 1 64 39 56 2 7 41 43 45 3 53 59 54 48 60 
68 39 2 6 8 7 3 1 10 
69 39 2 6 8 7 3 1 69 10 
70 39 2 6 8 7 3 1 69 10 
71 39 2 6 8 7 3 1 69 71 10 
72 39 72 2 6 8 7 3 1 69 71 10 
73 76 10 86 6 8 89 78 1 75 39 2 84 92 7 80 73 87 81 77 71 85 72 3 82 90 69 
74 76 10 86 6 8 89 78 1 75 39 2 84 92 7 73 80 87 81 77 71 85 72 3 82 90 69 
75 76 10 86 6 8 89 78 1 75 39 2 84 92 7 73 80 87 81 77 71 85 72 3 82 90 69 
76 76 10 86 6 8 89 78 1 75 39 2 84 92 7 73 80 87 81 77 71 85 72 3 82 90 69 
77 76 10 86 6 8 89 78 1 75 39 2 84 92 7 73 80 87 81 77 71 85 72 3 82 90 69 
78 76 10 86 6 8 89 78 1 75 39 2 84 7 73 80 87 81 77 71 85 72 3 82 90 69 
79 76 10 86 6 8 89 78 1 75 39 2 84 92 7 73 80 87 81 77 71 85 72 3 82 90 69 
80 76 10 86 6 8 89 78 1 75 39 2 84 92 7 73 80 87 81 77 71 85 72 3 82 90 69 
81 76 10 86 6 8 89 78 1 75 39 2 84 92 7 73 80 87 81 77 71 85 3 82 90 69 
82 76 10 86 6 8 89 78 1 75 39 2 84 92 7 73 80 87 81 77 71 85 3 82 90 69 
83 76 10 86 6 8 89 78 1 75 39 2 84 92 7 73 80 87 81 77 71 85 3 82 90 69 
84 76 10 86 6 8 89 78 1 75 39 2 84 92 7 73 80 87 81 77 71 85 3 82 90 69 
85 76 10 86 6 8 89 78 1 75 39 2 84 92 7 73 80 87 81 77 71 85 3 82 90 69 
86 76 10 86 6 8 89 78 1 75 39 2 84 92 7 73 80 87 81 77 71 85 3 82 90 69 
87 76 10 86 6 8 89 78 1 75 39 2 84 92 7 73 80 87 81 77 71 85 3 82 90 69 
88 76 10 86 6 8 89 78 1 75 39 2 84 92 7 73 80 87 81 77 71 85 3 82 90 69 
89 39 2 84 92 7 73 80 76 87 81 77 71 10 85 86 8 89 78 3 82 90 1 69 75 
90 39 2 84 92 73 80 76 87 81 77 71 10 85 86 8 89 78 3 82 90 1 69 75 
91 76 10 86 6 8 89 78 1 75 39 2 84 92 7 73 80 87 81 77 71 85 3 82 90 69 
92 39 2 84 92 7 73 80 76 87 81 77 71 10 85 86 6 8 89 3 82 90 1 69 75 
93 39 2 84 92 7 73 80 76 87 81 77 71 10 85 86 6 8 89 3 82 90 1 69 75 
94 76 10 86 6 8 89 78 1 75 39 2 84 92 7 73 80 87 81 77 71 85 72 3 82 90 69 
95 76 10 86 6 8 89 78 1 75 39 2 84 92 7 73 80 87 81 77 71 85 72 3 82 90 69 
96 39 2 6 8 7 3 1 69 10 
97 39 97 2 6 8 7 3 1 69 10 
98 39 97 2 6 8 7 3 1 69 10 
99 39 97 2 6 8 7 3 1 99 69 10 
100 39 97 2 6 8 100 7 3 1 99 69 10 
101 97 105 100 108 123 104 117 10 122 6 101 8 116 124 103 1 121 110 39 114 111 2 106 7 99 120 118 3 113 69 
102 97 105 100 108 123 104 117 10 122 6 101 8 116 124 103 1 121 110 39 114 111 2 106 7 99 120 118 3 113 69 
103 97 105 100 108 123 104 117 10 122 6 101 8 116 124 103 1 121 110 39 114 111 2 106 7 99 120 118 3 113 69 
104 97 105 100 108 123 104 117 10 122 6 101 8 116 124 103 1 121 110 39 114 111 2 106 7 99 120 118 3 113 69 
105 97 105 100 108 123 104 117 10 122 6 101 8 116 124 103 1 121 110 39 114 111 2 106 7 99 120 118 3 113 69 
106 97 105 100 108 123 104 117 10 122 6 101 8 116 103 1 121 110 39 114 111 2 106 7 99 120 118 3 113 69 
107 97 105 100 108 123 104 117 10 122 6 101 8 116 124 103 1 121 110 39 114 111 2 106 7 99 120 118 3 113 69 
108 97 105 100 108 123 104 117 10 122 6 101 8 116 124 103 1 121 110 39 114 111 2 106 7 99 120 118 3 113 69 
109 97 105 100 108 123 104 117 10 122 6 101 8 116 124 103 1 121 110 39 114 111 2 106 7 99 120 118 3 113 69 
110 97 105 108 123 104 117 10 122 6 101 8 124 103 1 121 110 39 114 111 2 106 7 99 120 118 3 69 
111 97 105 108 123 104 117 10 122 6 101 8 124 103 1 121 110 39 114 111 2 106 7 99 120 118 3 69 
112 97 105 108 123 104 117 10 122 6 101 8 124 103 1 121 110 39 114 111 2 106 7 99 120 118 3 69 
113 97 105 108 123 104 117 10 122 6 101 8 124 103 1 121 39 114 111 2 106 7 99 120 118 3 113 69 
114 97 105 108 123 104 117 10 122 6 101 8 124 103 1 121 39 114 111 2 106 7 99 120 118 3 113 69 
115 97 105 108 123 104 117 10 122 6 101 8 124 103 1 121 39 114 111 2 106 7 99 120 118 3 113 69 
116 97 105 108 123 104 117 10 122 6 101 8 116 124 103 1 121 39 114 111 2 106 7 99 120 118 3 69 
117 97 105 108 123 104 117 10 122 6 101 8 116 124 103 1 121 110 39 114 111 2 106 7 99 120 118 3 113 69 
118 97 105 108 123 104 117 10 122 6 101 8 116 124 103 1 121 110 39 114 111 2 106 7 99 120 118 3 113 69 
119 97 105 108 123 104 117 10 122 6 101 8 116 124 103 1 121 110 39 114 111 2 106 7 99 120 118 3 113 69 
120 97 105 108 123 104 117 10 122 6 101 8 116 124 103 1 121 110 39 114 111 2 106 7 99 120 118 3 113 69 
121 97 105 108 123 104 117 10 122 101 8 116 124 103 1 121 110 39 114 111 2 106 7 99 120 118 3 113 69 
122 97 105 108 123 104 117 10 122 101 8 116 124 103 1 121 110 39 114 111 2 106 7 99 120 118 3 113 69 
123 97 105 108 123 104 117 10 122 101 8 116 124 103 1 121 110 39 114 111 2 106 99 120 118 3 113 69 
124 97 105 100 108 123 104 117 10 122 6 101 8 116 124 103 1 121 110 39 114 111 2 7 99 120 118 3 113 69 
125 97 105 100 108 123 104 117 10 122 6 101 8 116 124 103 1 121 110 39 114 111 2 7 99 120 118 3 113 69 
126 97 105 100 108 123 104 117 10 122 6 101 8 116 124 103 1 121 110 39 114 111 2 106 7 99 120 118 3 113 69 
127 97 105 100 108 123 104 117 10 122 6 101 8 116 124 103 1 121 110 39 114 111 2 106 7 99 120 118 3 113 69 
128 39 97 2 6 8 128 7 3 1 69 10 
129 39 97 133 2 132 7 134 136 141 10 6 129 8 128 131 142 3 139 138 143 1 69 
130 39 97 133 2 132 7 134 136 141 10 6 129 8 128 131 142 3 139 138 143 1 69 
131 39 97 133 2 132 7 134 136 141 10 6 129 8 128 142 131 3 139 138 143 1 69 
132 39 97 133 2 132 7 134 136 141 10 6 129 8 128 131 142 3 139 138 143 1 69 
133 39 97 133 2 132 7 134 136 141 10 6 129 8 128 131 142 3 139 138 143 1 69 
134 39 97 133 2 132 7 134 136 141 10 6 129 8 128 131 142 3 139 138 1 69 
135 39 97 133 2 132 7 134 136 141 10 6 129 8 128 131 142 3 139 138 143 1 69 
136 39 97 133 2 132 7 134 141 136 10 6 129 8 128 131 142 3 139 138 143 1 69 
137 39 97 133 2 132 7 134 136 141 10 6 129 8 128 131 142 3 139 138 143 1 69 
138 39 97 133 2 132 7 134 136 141 10 6 129 8 128 131 142 3 139 143 138 1 69 
139 39 97 133 2 132 7 134 136 141 10 6 129 8 128 131 142 3 139 138 143 1 69 
140 39 97 133 2 132 7 134 136 141 10 6 129 8 128 131 142 3 139 138 143 1 69 
141 39 97 133 2 132 7 134 136 141 10 129 8 128 131 142 3 139 138 143 1 69 
142 39 97 133 2 132 134 136 141 10 129 8 128 131 142 3 139 138 143 1 69 
143 39 97 133 2 132 7 136 141 10 6 129 8 128 131 142 3 139 138 143 1 69 
144 39 97 133 2 132 7 136 141 10 6 129 8 128 131 142 3 139 138 143 1 69 
145 39 97 133 2 132 7 134 136 141 10 6 129 8 128 131 142 3 139 138 143 1 69 
146 97 33 47 51 46 10 122 86 42 101 8 29 78 124 142 139 34 1 25 75 110 39 133 106 84 132 73 43 81 77 71 85 20 128 17 118 3 32 82 53 54 105 100 108 19 24 76 57 123 104 117 27 146 6 89 116 14 63 103 62 30 138 143 64 121 114 56 111 2 92 7 16 80 41 134 87 18 99 22 136 141 120 72 129 45 131 113 59 13 90 69 48 60 12 
147 97 33 47 51 46 10 122 86 42 101 8 29 78 124 142 139 34 1 25 75 110 39 133 106 84 132 73 43 81 77 71 85 20 128 17 118 3 32 82 53 54 105 100 108 19 24 76 57 123 104 117 27 146 6 89 116 14 63 103 62 30 138 143 64 121 114 56 111 2 92 7 16 80 41 134 87 18 99 22 136 141 120 72 129 45 131 113 59 13 90 69 48 60 12 
148 97 33 47 51 46 10 122 86 42 101 8 29 78 124 142 139 34 1 25 75 110 39 133 106 84 132 73 43 81 77 71 85 20 128 17 118 3 32 82 53 54 105 100 108 19 24 76 57 123 104 117 27 146 6 89 116 14 63 103 62 30 138 143 64 121 114 56 111 2 92 7 16 80 41 134 87 18 99 22 136 141 120 72 129 45 131 113 59 13 90 69 48 60 12 
149 97 33 47 51 46 10 122 86 42 101 8 29 78 124 142 139 34 1 25 75 110 39 133 106 84 132 73 43 149 81 77 71 85 20 128 17 118 3 32 82 53 54 105 100 108 19 24 76 57 123 104 117 27 146 6 89 116 14 63 103 62 30 138 143 64 121 114 56 111 2 92 7 16 80 41 134 87 18 99 22 136 141 120 72 129 45 131 113 59 13 90 69 48 60 12 
150 97 33 47 51 46 10 122 86 42 101 8 29 78 124 142 139 34 1 25 75 110 39 133 106 84 132 73 43 149 81 77 71 85 20 128 17 118 3 32 82 53 54 105 100 108 19 24 76 57 123 104 117 27 146 6 89 116 14 63 103 62 30 138 143 64 121 114 56 111 2 92 7 16 80 41 134 87 18 99 22 136 141 120 72 129 45 131 113 59 13 90 69 48 60 12 
151 97 33 47 51 46 10 122 86 42 101 8 29 78 124 142 139 34 1 25 75 110 39 133 106 84 132 73 43 149 81 77 71 85 20 128 17 118 3 32 82 53 54 105 100 108 19 24 76 57 123 104 117 27 146 6 89 116 14 63 103 62 30 138 143 64 121 114 56 111 2 92 7 16 80 41 134 87 18 99 22 136 141 120 72 129 45 131 113 59 13 90 69 48 60 12 
