1 1 
2 1 2 
3 1 2 3 
4 4 1 2 3 
5 4 5 1 2 3 
6 4 5 6 1 2 3 
7 4 7 5 6 1 2 3 
8 4 7 5 6 1 2 3 
9 4 7 5 9 6 1 2 3 
10 4 7 5 9 6 1 2 3 
11 4 7 5 9 6 1 2 3 
12 4 7 5 9 6 1 2 3 12 
13 4 7 5 9 6 1 2 3 12 
14 4 7 5 9 6 1 2 3 14 12 
15 4 7 5 9 6 1 2 3 14 12 
16 4 7 5 9 6 1 2 3 14 12 
17 4 7 5 17 9 6 1 2 3 12 
18 4 7 5 17 18 9 6 1 2 3 12 
19 4 7 19 5 17 18 9 6 1 2 3 12 
20 4 7 5 17 18 9 1 20 2 3 19 6 12 
21 4 7 5 17 18 9 1 20 2 3 19 6 12 
22 4 7 5 17 18 9 1 20 2 3 19 22 6 12 
23 4 7 5 17 18 9 1 20 2 3 19 22 6 12 
24 4 7 5 17 18 9 1 20 2 3 24 19 22 6 12 
25 4 7 5 17 18 9 1 20 2 3 25 24 19 22 6 12 
26 4 7 5 17 18 9 1 20 2 3 26 25 24 19 22 6 12 
27 4 7 5 17 18 9 1 20 2 3 26 25 24 19 22 6 12 
28 4 7 5 17 18 9 1 20 2 3 26 25 24 19 22 6 12 
29 4 7 5 17 18 9 1 20 2 3 26 25 24 19 22 6 12 
30 4 30 7 5 17 18 9 1 20 2 3 19 22 6 12 
31 4 30 7 5 17 18 9 1 20 2 3 19 22 6 12 
32 4 30 7 5 17 18 9 1 20 2 3 19 22 6 12 
33 4 30 7 5 17 18 9 1 20 2 3 19 22 6 12 
34 4 30 7 5 17 18 9 1 20 2 3 19 22 6 34 12 
35 4 30 7 5 17 18 9 1 20 2 3 19 22 6 35 34 12 
36 4 30 7 5 17 18 9 1 20 2 3 19 22 6 36 35 34 12 
37 4 30 7 5 17 18 9 1 20 2 3 19 22 6 36 35 34 12 
38 4 30 7 5 17 18 9 1 20 2 3 19 22 6 36 38 35 34 12 
39 4 30 7 5 17 18 9 1 20 2 3 19 22 6 36 38 35 34 12 
40 4 30 7 5 17 18 9 1 20 2 3 26 25 24 19 22 6 36 38 35 34 12 
41 4 30 7 5 17 18 9 1 20 2 3 26 25 24 19 22 6 36 38 35 34 12 
