1 1 
2 1 2 
3 1 3 2 
4 1 3 2 
5 5 1 3 2 
6 5 1 3 2 
7 7 5 1 3 2 
8 7 5 8 1 3 2 
9 7 5 8 1 3 2 
10 7 5 8 1 3 2 
11 11 5 1 3 2 
12 11 5 1 3 2 
13 11 5 13 1 3 2 
14 14 11 5 13 1 3 2 
15 14 11 5 13 1 3 2 
16 14 11 5 13 1 3 2 
17 11 5 17 1 3 2 
18 11 5 17 1 3 2 
19 11 5 17 1 3 19 2 
20 11 5 17 20 1 3 19 2 
21 11 5 17 20 1 3 19 2 
22 11 5 17 20 1 3 19 2 
23 11 23 5 17 1 3 2 
24 11 23 5 17 1 3 2 
25 11 23 25 5 17 1 3 2 
26 11 23 25 26 5 17 1 3 2 
27 11 23 25 26 5 17 1 3 2 
28 11 23 25 26 5 17 1 3 2 
29 11 23 5 17 29 1 3 2 
30 11 23 5 17 29 1 3 2 
31 11 23 5 17 29 1 3 2 
32 11 23 26 13 8 17 20 2 14 7 25 5 1 3 19 
