1 1 
2 1 2 
3 1 2 
4 1 2 4 
5 1 2 8 11 16 15 12 14 18 10 9 20 4 23 17 7 5 
6 1 2 8 11 16 15 12 14 18 10 9 20 4 23 17 5 7 
7 1 2 8 11 16 15 12 14 18 10 9 20 4 23 17 5 7 
8 1 2 11 8 16 15 12 14 18 10 9 20 4 23 17 5 7 
9 1 2 8 11 16 15 12 14 18 10 9 20 4 23 17 5 7 
10 1 2 8 11 16 15 12 14 18 10 9 20 4 23 17 5 7 
11 1 2 8 11 16 15 12 14 18 10 9 20 4 23 17 5 7 
12 1 2 8 11 16 15 12 14 18 10 9 20 4 23 17 5 7 
13 1 2 8 11 16 15 12 14 18 10 9 20 4 23 17 5 7 
14 1 2 8 11 16 15 12 18 14 10 9 20 4 23 17 5 7 
15 1 2 8 11 16 15 12 14 18 10 9 20 4 23 17 5 7 
16 1 2 8 11 16 15 12 14 18 10 9 20 4 23 17 5 7 
17 1 2 8 11 16 15 12 14 18 10 9 20 4 23 17 5 7 
18 1 2 8 11 16 15 12 14 18 10 9 20 4 23 17 5 7 
19 1 2 8 11 16 15 12 14 18 10 9 20 4 23 17 5 7 
20 1 2 8 11 16 15 12 14 18 10 9 20 4 23 17 5 7 
21 1 2 8 11 16 15 12 14 18 10 9 20 4 23 17 5 7 
22 1 2 8 11 16 15 12 14 18 10 9 20 4 23 17 5 7 
23 1 2 8 11 16 15 12 14 18 10 9 20 23 17 5 7 
24 1 2 8 11 16 15 12 14 18 10 9 20 23 17 5 7 
25 1 2 8 11 16 15 12 14 18 10 9 20 4 23 17 5 7 
