1 1 
2 1 2 
3 3 1 2 
4 4 3 1 2 
5 4 3 5 1 2 
6 6 4 3 5 1 2 
7 6 4 3 5 1 7 2 
8 8 6 4 3 5 1 7 2 
9 8 6 9 4 3 5 1 7 2 
10 8 6 9 4 3 5 1 10 7 2 
11 8 6 9 4 3 5 1 10 7 11 2 
12 8 6 9 12 4 3 5 1 10 7 11 2 
13 8 13 1 7 2 6 9 12 4 3 5 10 11 
14 8 13 1 7 2 6 9 12 4 14 3 5 10 11 
15 8 13 1 7 2 6 9 12 4 14 3 5 15 10 11 
16 8 13 1 7 2 6 9 12 4 14 3 16 5 15 10 11 
17 8 13 1 7 2 6 9 12 4 14 3 16 5 15 10 11 
18 8 13 1 7 2 6 9 12 4 14 3 16 5 15 10 11 
19 8 13 1 7 2 6 9 12 4 14 3 16 5 15 10 11 
20 8 13 1 7 2 6 9 12 4 14 3 16 5 15 10 11 
21 8 13 1 7 2 6 9 12 4 14 3 16 5 15 10 11 
22 8 13 1 7 2 6 9 12 4 14 3 16 5 15 10 11 
23 8 13 1 7 2 6 9 12 4 14 3 16 5 15 10 11 
24 8 13 1 7 2 6 9 12 4 14 3 16 5 15 10 11 
25 8 13 1 7 2 6 9 12 4 14 3 16 5 15 10 11 
26 8 13 1 7 2 6 9 12 4 14 3 16 5 15 10 11 
27 8 13 1 7 2 6 9 12 4 14 3 16 5 15 10 11 
28 8 13 1 7 2 6 9 12 4 14 3 16 5 15 10 11 
29 8 13 1 7 2 6 9 12 4 14 3 16 5 15 10 11 
30 8 13 1 7 2 6 9 12 4 14 3 16 5 15 10 11 
31 8 13 31 1 7 2 6 9 12 4 14 3 16 5 15 10 11 
32 8 13 31 1 7 2 6 9 12 4 14 3 16 5 15 10 11 
33 8 13 31 1 7 2 6 9 12 4 14 3 16 5 15 10 11 
34 8 13 31 1 7 2 6 9 12 4 14 3 16 5 15 10 11 
35 8 13 31 1 7 2 6 9 12 4 14 3 16 5 15 10 11 
36 8 13 31 1 7 2 6 9 12 4 14 3 16 5 15 10 11 
37 8 13 31 1 7 2 6 9 12 4 14 3 16 5 15 10 11 
38 8 13 31 1 7 2 6 9 12 4 14 3 16 5 15 10 11 
39 8 13 31 1 7 2 6 9 12 4 14 3 16 5 15 10 11 
40 8 13 31 1 7 2 6 9 12 4 14 3 16 5 15 10 11 
41 8 13 31 1 7 2 6 9 12 4 14 3 16 5 15 10 11 
42 8 13 31 1 7 2 6 9 12 4 14 3 16 5 15 10 11 
43 8 13 31 1 7 2 6 9 12 4 14 3 16 5 15 10 11 
