1 1 
2 2 1 
3 2 1 
4 2 1 
5 5 2 1 
6 5 2 1 
7 5 2 1 
8 5 2 8 1 
9 9 5 2 8 1 
10 9 5 2 8 10 1 
11 9 5 2 8 10 11 1 
12 9 5 2 8 10 11 1 
13 9 5 2 8 10 11 1 
14 9 5 2 8 14 10 11 1 
15 9 5 2 8 14 15 10 11 1 
16 9 5 2 8 14 15 10 11 16 1 
17 9 5 2 8 14 15 10 11 16 1 
18 9 5 2 8 14 15 10 11 16 1 
19 9 5 19 2 8 14 15 10 11 16 1 
20 9 5 19 2 8 14 15 10 11 16 1 20 
21 9 15 11 1 21 5 19 2 8 14 10 16 20 
22 9 15 11 1 21 5 19 2 8 14 10 16 20 
23 9 15 11 1 21 5 19 2 8 14 10 16 20 
24 9 15 11 1 21 5 19 2 8 14 24 10 16 20 
25 9 25 15 11 1 21 5 19 2 8 14 24 10 16 20 
26 9 25 15 11 1 21 5 19 2 8 14 24 26 10 16 20 
27 9 25 15 11 1 21 5 19 2 8 14 24 26 10 16 20 
28 9 25 15 11 1 21 5 19 2 8 14 24 26 10 16 20 
29 9 25 29 15 11 1 21 5 19 2 8 14 24 26 10 16 20 
30 9 25 29 15 11 1 21 30 5 19 2 8 14 24 26 10 16 20 
31 9 25 29 15 31 11 1 21 30 5 19 2 8 14 24 26 10 16 20 
32 9 25 29 15 31 11 1 21 30 5 19 2 8 14 24 26 10 16 20 
33 9 25 29 15 31 11 1 21 30 5 19 2 8 14 24 26 10 16 20 
34 9 25 29 15 31 11 1 21 30 5 19 2 8 14 34 24 26 10 16 20 
35 9 25 29 15 31 11 1 21 30 5 19 2 8 14 34 24 26 10 16 35 20 
36 9 36 25 29 15 31 11 1 21 30 5 19 2 8 14 34 24 26 10 16 35 20 
37 9 36 25 29 15 31 11 1 21 30 5 19 2 8 14 34 24 26 10 16 35 20 
38 9 36 25 29 15 31 11 1 21 30 5 19 2 8 14 34 24 26 10 16 35 20 
39 9 36 25 29 15 31 11 1 39 21 30 5 19 2 8 14 34 24 26 10 16 35 20 
40 9 36 25 29 15 40 31 11 1 39 21 30 5 19 2 8 14 34 24 26 10 16 35 20 
41 9 29 40 1 21 19 41 2 8 34 24 20 36 25 15 31 11 39 30 5 14 26 10 16 35 
42 9 29 40 1 21 19 41 2 8 34 24 20 36 25 15 31 11 39 30 5 14 26 10 16 35 
43 9 29 40 1 21 19 41 2 8 34 24 20 36 25 15 31 11 39 30 5 14 26 10 16 35 
44 9 29 40 1 21 19 41 2 8 34 24 20 36 25 15 31 11 39 30 5 14 26 10 16 35 
