1 1 
2 1 2 
3 1 3 2 
4 1 3 4 2 
5 1 3 4 2 
6 1 6 3 4 2 
7 1 6 3 4 2 
8 1 8 3 4 2 
9 1 9 8 3 4 2 
10 1 9 8 3 4 2 
11 1 9 8 3 11 4 2 
12 1 9 8 3 11 4 2 
13 1 9 8 3 4 13 2 
14 14 1 9 8 3 4 13 2 
15 14 1 9 8 3 4 13 2 
16 14 1 9 8 3 16 4 13 2 
17 14 1 9 8 3 16 4 13 2 
18 14 18 1 9 8 3 4 13 2 
19 14 18 1 19 9 8 3 4 13 2 
20 14 18 1 19 9 20 8 3 4 13 2 
21 14 18 1 19 9 20 8 3 4 13 2 21 
22 14 1 19 9 8 22 4 2 18 20 3 13 21 
23 14 1 19 9 8 22 4 2 18 20 3 13 21 
24 14 1 19 9 8 24 22 4 2 18 20 3 13 21 
25 14 1 19 9 8 24 22 4 2 18 20 3 13 21 
26 14 1 19 9 8 22 4 2 18 20 3 13 21 26 
27 14 1 19 9 8 22 4 2 18 20 27 3 13 21 26 
28 14 1 19 9 8 22 4 2 18 20 27 3 13 28 21 26 
29 14 1 19 9 29 8 22 4 2 18 20 27 3 13 28 21 26 
30 14 32 19 40 8 22 37 36 18 38 34 13 28 26 1 9 33 42 29 4 35 30 2 20 27 3 21 
31 14 32 19 40 8 22 37 36 18 38 34 13 28 26 1 9 33 42 29 4 30 35 2 20 27 3 21 
32 14 32 19 40 8 22 37 36 18 38 34 13 28 26 1 9 33 42 29 4 30 35 2 20 27 3 21 
33 14 32 19 40 8 22 37 36 18 38 34 13 28 26 1 9 42 33 29 4 30 35 2 20 27 3 21 
34 14 32 19 40 8 22 37 36 18 38 34 13 28 26 1 9 33 42 29 4 30 35 2 20 27 3 21 
35 14 32 19 40 8 22 37 36 18 38 34 13 28 26 1 9 33 42 29 4 30 35 2 20 27 3 21 
36 14 32 19 40 8 22 37 36 18 38 34 13 28 26 1 9 33 42 29 4 30 35 2 27 3 21 
37 14 32 19 40 8 22 37 36 18 38 34 13 28 26 1 9 33 42 29 4 30 35 2 27 3 21 
38 14 32 19 40 8 22 37 36 18 38 34 13 28 26 1 9 33 42 29 4 30 35 2 27 3 21 
39 14 32 19 40 8 22 37 36 18 38 34 13 28 26 1 9 33 42 29 4 30 35 2 27 3 21 
40 14 32 19 40 8 22 37 36 18 38 34 13 28 1 9 33 42 29 4 30 35 2 27 3 21 
41 14 32 19 40 8 22 37 36 18 38 34 13 28 1 9 33 42 29 4 30 35 2 27 3 21 
42 14 32 19 40 8 22 37 36 18 38 34 13 28 26 1 9 33 42 4 30 35 2 27 3 21 
43 14 32 19 40 8 22 37 36 18 38 34 13 28 26 1 9 33 42 29 4 30 35 2 27 3 21 
44 14 32 19 40 8 22 37 36 18 38 34 13 28 26 1 9 33 42 29 4 30 35 2 20 27 3 21 
45 14 32 19 40 8 22 37 36 18 38 34 45 13 28 26 1 9 33 42 29 4 30 35 2 20 27 3 21 
46 14 32 19 46 40 8 22 37 36 18 38 34 45 13 28 26 1 9 33 42 29 4 30 35 2 20 27 3 21 
47 14 32 19 46 40 8 22 37 18 38 34 45 13 28 26 1 9 33 42 29 4 30 35 2 27 47 3 21 
48 14 32 19 46 40 8 22 48 37 18 38 34 45 13 28 26 1 9 33 42 29 4 30 35 2 27 47 3 21 
49 14 32 19 46 40 49 8 22 48 37 18 38 34 45 13 28 26 1 9 33 42 29 4 30 35 2 27 47 3 21 
50 14 32 19 46 40 49 8 22 48 37 18 38 34 45 13 28 26 1 9 33 42 29 4 30 35 2 27 47 3 21 
51 14 32 19 46 40 49 8 22 48 37 18 38 34 45 13 28 26 1 9 33 42 29 51 4 30 35 2 27 47 3 21 
52 14 32 19 46 40 49 8 22 48 37 18 38 34 45 13 28 26 52 1 9 33 42 29 51 4 30 35 2 27 47 3 21 
53 14 32 19 46 40 49 8 22 48 37 18 38 34 45 13 28 26 52 1 9 33 42 29 51 4 30 35 2 27 3 21 53 
54 14 32 19 46 40 49 8 22 48 37 36 18 38 34 45 13 28 26 52 1 9 33 42 29 51 4 30 35 2 20 27 47 3 21 53 
55 14 32 19 46 40 49 8 22 48 37 36 18 38 34 45 13 28 26 52 1 9 33 42 29 51 4 30 35 2 55 20 27 47 3 21 53 
56 14 32 19 46 40 49 8 22 48 37 36 18 38 34 45 13 28 26 52 1 9 33 42 29 51 4 30 35 2 55 20 27 47 3 21 53 
57 14 32 19 46 40 57 49 8 22 48 37 36 18 38 34 45 13 28 26 52 1 9 33 42 29 51 4 30 35 2 20 27 47 3 21 53 
58 14 32 19 46 57 40 49 8 22 48 37 36 18 38 34 45 13 28 26 52 1 9 33 42 29 51 4 30 35 2 55 20 27 47 3 21 53 
