1 1 
2 1 2 
3 1 2 3 
4 1 2 3 4 
5 5 1 2 3 4 
6 5 1 2 3 4 
7 7 5 1 2 3 4 
8 7 5 1 2 3 4 
9 7 5 9 1 2 3 4 
10 7 10 5 9 1 2 3 4 
11 7 10 5 9 1 2 3 4 11 
12 7 10 5 12 9 1 2 3 4 11 
13 7 10 5 12 9 13 1 2 3 4 11 
14 7 10 5 12 14 9 13 1 2 3 4 11 
15 7 10 5 12 14 9 13 1 2 3 4 11 
16 1 11 7 10 5 12 14 9 16 13 2 3 4 
17 22 45 34 54 21 31 28 20 16 26 13 52 27 67 68 1 7 10 66 2 62 4 43 39 47 50 41 65 40 19 49 11 33 14 48 3 58 60 18 29 71 24 5 12 35 37 9 56 63 53 
18 22 45 34 54 21 31 28 20 16 26 13 52 27 67 68 1 7 10 66 2 62 4 43 39 47 50 41 65 40 19 49 11 33 14 48 3 58 60 18 29 71 24 5 12 35 37 9 56 63 53 
19 22 45 34 54 21 31 28 20 16 26 13 52 27 67 68 1 7 10 66 2 62 4 43 39 47 50 41 65 40 49 19 11 33 14 48 3 58 60 18 29 71 24 5 12 35 37 9 56 63 53 
20 22 45 34 54 21 31 28 20 16 26 13 52 27 67 68 1 7 10 66 2 62 4 43 39 47 50 41 65 40 19 49 11 33 14 48 3 58 60 18 29 71 24 5 12 35 37 9 56 63 53 
21 22 45 34 54 21 31 28 20 16 26 13 52 27 67 68 1 7 10 66 2 62 4 43 39 47 50 41 65 40 19 49 11 33 14 48 3 58 60 18 29 71 24 5 12 35 37 9 56 63 53 
22 22 45 34 54 21 31 28 20 16 26 13 52 27 67 68 1 7 10 66 2 62 4 43 39 47 50 41 65 40 19 49 11 33 14 48 3 58 60 18 29 71 24 5 12 35 37 9 56 63 53 
23 22 45 34 54 21 31 28 20 16 26 13 52 27 67 68 1 7 10 66 2 62 4 43 39 47 50 41 65 40 19 49 11 33 14 48 3 58 60 18 29 71 24 5 12 35 37 9 56 63 53 
24 22 43 39 34 47 54 50 21 31 41 65 40 19 49 28 11 33 14 48 20 16 13 52 3 58 60 27 67 18 68 1 29 71 7 24 10 5 12 66 35 37 9 56 63 2 62 53 4 
25 22 43 39 34 47 54 50 21 31 41 65 40 19 49 11 28 33 14 48 20 16 13 3 52 58 60 27 67 18 68 1 29 71 7 24 10 5 12 66 35 37 9 56 63 2 62 53 4 
26 22 43 39 34 47 54 50 21 31 41 65 40 19 49 28 11 33 14 48 20 16 26 13 52 3 58 60 27 67 18 68 1 29 71 7 10 5 12 66 35 37 9 56 63 2 62 53 4 
27 22 34 54 21 31 28 20 16 26 13 52 67 27 68 1 7 10 66 2 62 4 43 39 47 50 41 65 40 19 49 11 33 14 48 3 58 60 18 29 71 24 5 12 35 37 9 56 63 53 
28 22 34 54 21 31 28 20 16 26 13 52 27 67 68 1 7 10 66 2 62 4 43 39 47 50 41 65 40 19 49 11 33 14 48 3 58 60 18 29 71 24 5 12 35 37 9 56 63 53 
29 22 34 54 21 31 28 20 16 26 13 52 27 67 68 1 7 10 66 2 62 4 43 39 47 50 41 65 40 19 49 11 33 14 48 3 58 60 18 29 71 24 5 12 35 37 9 56 63 53 
30 22 34 54 21 31 28 20 16 26 13 52 27 67 68 1 7 10 66 2 62 4 43 39 47 50 41 65 40 19 49 11 33 14 48 3 58 60 18 29 71 24 5 12 35 37 9 56 63 53 
31 22 43 39 34 47 54 50 21 31 41 65 40 19 49 28 11 14 48 20 16 26 13 52 3 58 60 27 67 18 68 1 29 71 7 24 10 5 12 66 35 37 9 56 63 2 62 53 4 
32 22 43 39 34 47 54 50 21 31 41 65 40 19 49 11 28 14 48 20 16 26 13 3 52 58 60 27 67 18 68 1 29 71 7 24 10 5 12 66 35 37 9 56 63 2 62 53 4 
33 22 43 39 34 47 54 50 21 41 65 40 19 49 28 11 33 14 48 20 16 26 13 52 3 58 60 27 67 18 68 1 29 71 7 24 10 5 12 66 35 37 9 56 63 2 62 53 4 
34 22 34 54 21 31 28 20 16 26 13 52 27 67 68 1 7 10 66 2 62 4 43 39 47 50 41 65 40 19 49 11 33 14 48 3 58 60 18 29 71 24 5 12 35 37 9 56 63 53 
35 22 39 34 47 54 50 21 31 41 65 40 19 49 28 11 33 14 48 20 16 26 13 52 3 58 60 27 67 18 68 1 29 71 7 24 10 5 12 66 37 35 9 56 63 2 62 53 4 
36 22 39 34 47 54 50 21 31 41 65 40 19 49 11 28 33 14 48 20 16 26 13 3 52 58 60 27 67 18 68 1 29 71 7 24 10 5 12 66 35 37 9 56 63 2 62 53 4 
37 22 39 34 47 54 50 21 31 41 65 40 19 49 11 28 33 14 48 20 16 26 13 3 52 58 60 27 67 18 68 1 29 71 7 24 10 5 12 66 35 37 9 56 63 2 62 53 4 
38 22 39 34 47 54 50 21 31 41 40 19 49 11 28 33 14 48 20 38 16 26 13 3 58 60 27 67 18 68 1 29 71 7 24 10 5 12 66 35 37 9 56 63 2 53 4 
39 22 39 34 47 54 50 21 31 41 40 19 49 11 28 33 14 48 20 38 16 26 13 3 58 60 27 67 18 68 1 29 71 7 24 10 5 12 66 35 37 9 56 63 2 53 4 
40 22 39 34 47 54 50 21 31 41 40 19 49 11 28 33 14 48 20 38 16 26 13 3 58 60 27 67 18 68 1 29 71 7 24 10 5 12 66 35 37 9 56 63 2 53 4 
41 22 39 34 47 54 50 21 31 41 40 19 49 11 28 33 14 48 20 38 16 26 13 3 58 60 27 67 18 68 1 29 71 7 24 10 5 12 66 35 37 9 56 63 2 53 4 
42 22 39 34 47 54 50 21 31 41 40 19 49 11 28 33 14 48 20 38 16 26 13 3 58 60 27 67 18 68 1 29 71 7 24 10 5 12 66 35 37 9 56 63 2 53 4 
43 22 43 39 34 47 54 50 21 31 41 40 19 49 11 28 33 14 48 20 38 16 26 13 3 58 60 27 67 18 68 1 29 71 7 24 10 5 12 66 37 9 56 63 2 53 4 
44 22 34 54 21 31 28 20 16 26 13 52 27 67 68 1 7 10 66 2 62 4 43 39 47 50 41 65 40 19 49 11 33 14 48 38 3 58 60 18 29 71 24 5 12 35 37 9 56 63 53 
45 22 45 34 54 21 31 28 20 16 13 52 27 67 68 1 7 10 66 2 62 4 43 39 47 50 41 65 40 19 49 11 33 14 48 38 3 58 60 18 29 71 5 12 35 37 9 56 63 53 
46 22 45 34 54 21 31 28 20 16 13 52 27 67 68 1 7 10 66 2 62 4 43 39 47 50 41 65 40 19 49 11 33 14 48 38 3 58 60 18 29 71 5 12 35 37 9 56 63 53 
47 22 34 54 21 31 28 20 16 26 52 27 67 68 1 7 10 66 2 62 4 43 39 47 50 41 65 40 19 49 11 33 14 48 38 3 58 60 18 29 71 24 5 12 35 37 9 56 63 53 
48 22 43 39 34 47 54 50 21 31 41 65 40 19 49 28 11 33 48 20 38 16 26 52 3 58 60 27 67 18 68 1 29 71 7 24 10 5 12 66 35 37 9 56 63 2 62 53 4 
49 22 45 34 54 21 31 28 20 16 26 13 52 27 67 68 1 7 10 66 2 62 4 43 39 47 50 41 65 40 19 49 11 33 14 48 38 3 60 18 29 71 24 5 12 35 37 9 63 53 
50 22 45 34 54 21 31 28 20 16 26 13 52 27 67 68 1 7 10 66 2 62 4 43 39 47 50 41 65 40 19 49 11 33 14 48 38 3 60 18 29 71 24 5 12 35 37 9 63 53 
51 22 45 34 54 21 31 28 20 16 26 13 52 27 67 68 1 7 10 66 2 62 4 43 39 47 50 41 65 40 19 49 11 33 14 48 38 3 60 18 29 71 24 5 12 35 37 9 63 53 
52 22 43 45 39 34 47 54 50 21 31 41 40 19 49 28 11 33 14 48 20 16 26 13 3 52 60 27 67 18 68 1 29 71 7 24 10 5 12 66 35 37 9 63 2 53 4 
53 22 43 45 39 34 47 50 54 21 31 41 40 19 49 11 28 33 14 48 20 16 26 13 3 52 60 27 67 18 68 1 29 71 7 24 10 5 12 35 37 9 2 53 4 
54 22 43 45 39 34 47 50 54 21 31 41 40 19 49 11 28 33 14 48 20 16 26 13 3 52 60 27 67 18 68 1 29 71 7 24 10 5 12 35 37 9 2 53 4 
55 22 43 45 39 34 47 50 54 21 31 41 40 19 49 11 28 33 14 48 20 16 26 13 3 52 60 27 67 18 68 1 29 71 7 24 10 5 12 35 37 9 2 53 4 
56 22 43 45 39 34 47 50 54 21 31 41 40 19 11 28 33 14 48 20 16 26 13 3 52 60 27 67 18 68 1 29 71 7 24 10 5 12 35 37 9 56 2 53 4 
57 22 43 45 39 34 47 50 54 21 31 41 40 19 11 28 33 14 48 20 16 26 13 3 52 60 27 67 18 68 1 29 71 7 24 10 5 12 35 37 9 56 2 53 4 
58 22 43 45 39 34 47 50 54 21 31 41 40 19 11 28 33 14 48 20 16 26 13 3 52 58 60 27 67 18 68 1 29 71 7 24 10 5 12 35 37 9 2 53 4 
59 22 43 45 39 34 47 50 54 21 31 41 40 19 11 28 33 14 48 20 16 26 13 3 52 58 60 27 67 18 68 1 29 71 7 24 10 5 12 35 37 9 2 53 4 
60 22 45 34 54 21 31 28 20 16 26 13 52 27 67 68 1 7 10 66 2 62 4 43 39 47 50 41 65 40 19 49 11 33 14 48 38 3 60 18 29 71 24 5 12 35 37 9 63 53 
61 22 45 34 54 21 31 28 20 16 26 13 52 27 67 68 1 7 10 66 2 62 4 43 39 47 50 41 65 40 19 49 11 33 14 48 38 3 60 18 29 71 24 5 12 35 37 9 63 53 
62 22 43 45 39 34 47 54 50 21 31 41 40 19 49 28 11 33 14 48 20 16 26 13 3 60 27 67 18 68 1 29 71 7 24 10 5 12 66 35 37 9 63 2 62 53 4 
63 22 43 45 39 34 47 50 54 21 31 41 40 19 49 11 28 33 14 48 20 16 26 13 3 60 27 67 18 68 1 29 71 7 24 10 5 12 35 37 9 63 2 62 4 
64 22 43 45 39 34 47 50 54 21 31 41 40 19 49 11 28 33 14 48 20 16 26 13 3 60 27 67 18 68 1 29 71 7 24 10 5 12 35 37 9 63 2 62 4 
65 22 43 45 39 34 47 54 50 21 31 41 65 40 19 49 28 11 33 14 48 20 16 26 13 3 60 27 67 18 68 1 29 71 7 24 10 5 12 66 35 37 9 63 2 53 4 
66 22 43 45 39 34 47 50 54 21 31 41 65 40 19 49 11 28 33 14 48 20 16 26 13 3 60 27 67 18 68 1 29 71 7 24 10 5 12 66 35 37 9 2 4 
67 22 45 34 54 21 31 28 20 16 26 13 52 27 67 68 1 7 10 66 2 62 4 43 39 47 50 41 65 40 19 49 11 33 14 48 3 58 60 18 29 71 24 5 12 35 37 9 56 63 53 
68 22 45 34 54 21 31 28 20 16 26 13 52 27 67 68 1 7 10 66 2 62 4 43 39 47 50 41 65 40 19 49 11 33 14 48 3 58 60 18 29 71 24 5 12 35 37 9 56 63 53 
69 22 45 34 54 21 31 28 20 16 26 13 52 27 67 68 1 7 10 66 2 62 4 43 39 47 50 41 65 40 19 49 11 33 14 48 3 58 60 18 29 71 24 5 12 35 37 9 56 63 53 
70 22 45 34 54 21 31 28 20 16 26 13 52 27 67 68 1 7 10 66 2 62 4 43 39 47 50 41 65 40 19 49 11 33 14 48 3 58 60 18 29 71 24 5 12 35 37 9 56 63 53 
71 22 45 34 54 21 31 28 20 26 13 52 27 67 68 1 7 10 66 2 62 4 43 39 47 50 41 65 40 19 49 11 33 14 48 3 58 60 18 29 71 24 5 12 35 37 9 56 63 53 
72 22 45 34 54 21 31 28 20 26 13 52 27 67 68 1 7 10 66 2 62 4 43 39 47 50 41 65 40 19 49 11 33 14 48 3 58 60 18 29 71 24 5 12 35 37 9 56 63 53 
73 22 45 34 54 21 31 28 20 16 26 13 52 27 67 68 1 7 10 66 2 62 4 43 39 47 50 41 65 40 19 49 11 33 14 48 3 58 60 18 29 71 24 5 12 35 37 9 56 63 53 
