1 1 
2 1 2 
3 1 2 3 
4 1 2 3 
5 1 5 2 3 
6 1 5 6 2 3 
7 1 5 6 2 3 7 
8 1 5 6 2 3 8 7 
9 12 16 30 6 10 14 8 7 24 32 13 1 5 18 28 21 17 20 27 2 3 15 23 25 
10 12 16 6 14 10 8 7 24 32 13 1 5 18 28 21 17 20 27 2 3 15 23 25 
11 12 16 30 6 10 14 8 7 24 13 32 1 5 18 28 21 17 20 27 2 3 15 23 25 
12 12 16 30 6 10 14 8 7 24 13 32 1 5 18 28 21 17 20 27 2 3 15 23 25 
13 12 16 30 6 10 14 8 7 24 32 13 1 5 18 28 21 17 20 27 2 3 15 23 25 
14 12 16 30 6 10 14 8 7 24 13 32 1 5 18 28 21 17 20 27 2 3 15 23 25 
15 12 16 30 6 10 14 8 7 24 13 32 1 5 18 28 21 17 20 27 2 3 23 25 15 
16 12 16 30 6 10 14 8 7 24 13 32 1 5 18 28 21 17 20 27 2 3 15 23 25 
17 12 16 30 6 10 14 8 7 24 13 32 1 5 18 28 21 20 27 17 2 3 15 23 25 
18 12 16 30 6 10 14 8 7 24 13 32 1 5 18 28 21 17 20 27 2 3 15 23 25 
19 12 16 30 6 10 14 8 7 24 13 32 1 5 18 28 21 17 20 27 2 3 15 23 25 
20 12 16 30 6 10 14 8 7 24 13 32 1 5 18 28 21 17 27 20 2 3 15 23 25 
21 12 16 30 6 10 14 8 7 24 13 32 1 5 18 28 21 17 20 27 2 3 15 23 25 
22 12 16 30 6 10 14 8 7 24 13 32 1 5 18 28 21 17 20 27 2 3 15 23 25 
23 12 16 30 6 10 14 8 7 24 13 32 1 5 18 28 21 17 20 27 2 3 15 25 23 
24 12 16 30 6 10 14 8 7 24 13 32 1 5 18 28 21 17 20 27 2 3 15 23 25 
25 12 16 30 6 10 14 8 7 24 13 32 1 5 18 28 21 17 20 27 2 3 15 23 25 
26 12 16 30 6 10 14 8 7 24 13 32 1 5 18 28 21 17 20 27 2 3 15 23 25 
27 12 16 30 6 10 14 8 7 24 13 32 1 5 18 28 21 17 20 27 2 3 15 23 25 
28 12 16 30 6 10 14 8 7 24 13 32 1 5 18 28 21 17 20 27 2 3 15 23 25 
29 12 16 30 6 10 14 8 7 24 13 32 1 5 18 28 21 17 20 27 2 3 15 23 25 
30 12 16 30 6 14 8 7 24 13 32 1 5 18 28 21 17 20 27 2 3 15 23 25 
31 12 16 30 6 14 8 7 24 13 32 1 5 18 28 21 17 20 27 2 3 15 23 25 
32 12 16 30 6 10 14 7 24 13 32 1 5 18 28 21 17 20 27 2 3 15 23 25 
33 12 16 30 6 10 14 7 24 32 13 1 5 18 28 21 17 20 27 2 3 15 23 25 
34 34 30 10 7 24 32 18 28 17 20 2 3 12 16 6 14 8 13 1 5 21 27 15 23 25 
35 34 30 10 35 7 24 32 18 28 17 20 2 3 12 16 6 14 8 13 1 5 21 27 15 23 25 
36 34 30 35 10 7 24 18 28 17 20 2 3 12 16 6 14 36 13 1 5 21 27 15 23 25 
37 12 34 16 6 35 14 7 36 24 13 1 5 18 28 21 17 20 27 2 3 37 15 23 25 
38 34 35 7 24 40 18 28 17 20 2 3 39 41 37 12 16 6 14 36 13 1 5 21 27 42 15 23 25 
39 34 35 7 24 40 18 28 17 20 2 3 39 41 37 12 16 6 14 36 13 1 5 21 27 42 15 23 25 
40 34 35 7 24 40 18 28 17 20 2 3 39 41 37 12 16 6 14 36 13 1 5 21 27 42 15 23 25 
41 34 35 7 24 40 18 28 17 20 2 3 39 41 37 12 16 6 14 13 1 5 21 27 42 15 23 25 
42 34 35 7 24 40 18 28 17 20 2 3 39 41 12 16 6 14 13 1 5 21 27 42 15 23 25 
43 34 35 7 24 40 18 28 17 20 2 3 39 41 12 16 6 14 13 1 5 21 27 42 15 23 25 
44 34 35 7 24 40 18 28 17 20 2 3 39 41 37 12 16 6 14 36 13 1 5 44 21 27 42 15 23 25 
45 34 35 7 24 40 18 28 17 20 2 3 39 41 37 45 12 16 6 14 36 13 1 5 44 21 27 42 15 23 25 
46 34 46 35 7 24 40 18 28 17 20 2 3 39 41 37 45 12 16 6 14 36 13 1 5 44 21 27 42 15 23 25 
47 34 46 35 7 24 40 18 28 17 20 2 3 39 41 37 45 12 16 6 14 36 13 1 5 44 21 27 42 47 15 23 25 
48 34 46 35 7 24 40 18 28 17 20 2 3 39 41 37 45 12 48 16 6 14 36 13 1 5 44 21 27 47 42 15 23 25 
49 34 46 35 7 24 40 18 28 17 20 2 3 39 41 37 45 48 12 16 6 14 36 13 1 5 49 44 21 27 47 42 15 23 25 
50 34 46 35 50 7 24 40 18 28 17 20 2 3 39 41 37 45 48 12 16 6 14 36 13 1 5 49 44 21 27 47 42 15 23 25 
51 51 34 46 35 50 7 24 40 18 28 17 20 2 3 39 41 37 45 48 12 16 6 14 36 13 1 5 49 44 21 27 47 42 15 23 25 
52 51 34 46 35 50 7 24 40 18 28 17 20 2 3 39 41 37 45 48 12 16 6 14 36 13 52 1 5 49 44 21 27 47 42 15 23 25 
53 51 34 46 35 50 7 24 40 53 18 28 17 20 2 3 39 41 37 45 48 12 16 6 14 36 52 13 1 5 49 44 21 27 47 42 15 23 25 
54 51 34 46 35 50 7 24 53 40 18 28 17 20 2 3 39 41 37 45 48 12 16 54 6 14 36 52 13 1 5 49 44 21 27 47 42 15 23 25 
55 51 34 46 35 50 7 24 53 40 18 28 55 17 20 2 3 39 41 45 48 12 16 54 6 14 36 52 13 1 5 49 44 21 27 47 15 23 25 
56 51 34 46 35 50 7 24 53 40 18 28 55 17 20 2 3 39 41 45 48 12 56 16 54 6 14 36 52 13 1 5 49 44 21 27 47 15 23 25 
57 51 34 46 35 50 7 24 53 40 18 28 55 57 17 20 2 3 39 41 45 48 12 56 16 54 6 14 36 52 13 1 5 49 44 21 27 47 15 23 25 
58 51 34 46 35 50 7 24 53 40 18 28 55 57 17 20 2 3 39 41 45 48 12 56 16 54 6 58 14 36 52 13 1 5 49 44 21 27 47 15 23 25 
59 51 34 46 35 50 7 24 59 53 40 18 28 55 57 17 20 2 3 39 41 45 48 12 56 16 54 6 58 14 36 52 13 1 5 49 44 21 27 47 15 23 25 
60 51 34 46 35 50 7 59 24 53 40 18 28 55 57 17 20 2 3 39 41 45 48 12 60 56 16 54 6 58 14 36 52 13 1 5 49 44 21 27 47 15 23 25 
61 51 34 46 35 50 7 59 24 53 40 18 28 55 57 17 20 2 3 39 41 45 48 60 12 56 61 16 54 6 58 14 36 52 13 1 5 49 44 21 27 47 15 23 25 
62 51 34 46 35 50 7 59 24 53 40 18 28 55 57 17 20 2 3 39 41 45 48 60 12 56 61 16 54 6 58 62 14 36 52 13 1 5 49 44 21 27 47 15 23 25 
63 51 34 46 35 63 50 7 59 24 53 40 18 28 55 57 17 20 2 3 39 41 45 48 60 12 56 61 16 54 6 58 62 14 36 52 13 1 5 49 44 21 27 47 15 23 25 
64 51 34 46 35 63 50 7 59 24 53 40 18 28 55 57 17 20 2 3 39 41 45 48 60 12 56 61 16 54 6 58 62 14 64 36 52 13 1 5 49 44 21 27 47 15 23 25 
65 51 34 46 35 63 50 7 59 24 53 40 18 28 55 57 17 20 2 3 39 41 45 48 60 12 56 61 16 54 6 58 62 14 64 36 52 13 1 5 49 44 21 27 65 47 15 23 25 
66 34 35 59 24 40 28 17 20 2 3 41 48 12 16 6 62 66 36 1 5 21 47 15 25 51 46 63 50 7 53 18 55 57 39 45 60 56 61 54 58 14 64 52 13 49 44 27 65 23 
67 34 35 59 24 40 28 17 20 2 3 41 48 12 16 6 62 67 66 36 1 5 21 47 15 25 51 46 63 50 7 53 18 55 57 39 45 60 56 61 54 58 14 64 52 13 49 44 27 65 23 
68 34 35 59 24 40 28 17 20 2 3 41 48 12 16 6 62 67 66 68 36 1 5 21 47 15 25 51 46 63 50 7 53 18 55 57 39 45 60 56 61 54 58 14 64 52 13 49 44 27 65 23 
69 34 35 59 24 40 28 17 20 2 3 41 48 12 69 16 6 62 67 66 68 36 1 5 21 47 15 25 51 46 63 50 7 53 18 55 57 39 45 60 56 61 54 58 14 64 52 13 49 44 27 65 23 
70 34 35 59 24 40 28 17 20 2 3 41 48 12 69 16 6 62 67 66 68 36 1 5 21 47 15 25 51 70 46 63 50 7 53 18 55 57 39 45 60 56 61 54 58 14 64 52 13 49 44 27 65 23 
71 34 35 59 24 40 28 17 20 2 3 41 48 12 69 16 6 62 67 66 68 36 1 5 21 47 15 25 51 70 46 63 50 7 53 18 55 57 39 45 60 56 61 54 58 14 64 52 13 49 44 27 65 23 
72 34 35 59 24 40 28 17 20 2 3 41 48 12 69 16 6 62 67 66 68 36 1 5 21 47 15 25 51 70 46 63 50 7 53 18 55 57 39 45 60 56 61 54 58 14 64 52 13 49 44 27 65 23 
73 34 35 59 24 40 28 17 20 2 3 41 48 12 69 16 6 62 67 66 68 36 1 5 21 47 15 25 51 70 46 63 50 7 53 18 55 57 39 45 60 56 61 54 58 14 64 52 13 49 44 27 65 23 
74 74 
75 74 
76 74 
