1 1 
2 2 1 
3 2 1 3 
4 4 2 1 3 
5 4 2 5 1 3 
6 4 6 2 5 1 3 
7 4 6 2 5 1 7 3 
8 4 6 2 5 1 7 8 3 
9 4 6 2 5 1 7 8 9 3 
10 4 6 2 5 1 7 8 9 3 
11 4 6 2 5 1 7 11 8 9 3 
12 4 6 2 5 1 7 11 8 9 3 
13 4 6 2 5 1 7 11 8 13 9 3 
14 4 6 2 5 1 7 11 13 14 9 3 
15 4 6 2 5 1 7 11 8 13 14 9 3 
16 4 6 2 5 1 7 11 8 13 14 9 3 
17 4 6 5 14 9 2 1 7 11 8 13 17 3 
18 4 6 5 14 9 2 1 7 11 8 13 17 3 
19 4 6 5 14 9 19 2 1 7 11 8 13 17 3 
20 4 6 5 14 9 19 2 1 20 7 11 8 13 17 3 
21 4 6 5 14 9 19 2 1 20 7 11 8 13 17 3 
22 4 6 5 14 9 19 2 1 20 7 11 8 13 17 3 
23 4 6 5 14 9 19 2 1 20 7 11 8 13 17 3 
24 4 6 5 14 9 19 2 1 20 7 11 8 13 17 3 
25 4 6 5 14 9 19 2 1 20 7 11 8 13 17 3 
26 4 6 5 14 9 19 2 1 20 7 11 8 13 17 3 
