1 1 
2 1 2 
3 3 1 2 
4 3 4 1 2 
5 3 5 4 1 2 
6 6 3 5 4 1 2 
7 6 3 5 4 1 2 
8 6 3 5 4 1 2 
9 6 9 3 5 4 1 2 
10 6 9 3 5 4 1 2 
11 6 9 3 5 4 1 2 
12 6 9 3 5 4 1 2 
13 6 9 3 5 13 4 1 2 
14 6 9 3 5 13 4 1 2 
15 6 9 3 5 13 4 1 2 
16 6 9 3 5 13 4 1 2 
17 6 9 3 5 13 17 4 1 2 
18 6 9 3 5 13 17 4 1 2 
19 6 9 3 5 13 17 4 1 2 
20 6 9 3 5 13 17 4 20 1 2 
21 21 6 9 3 5 13 17 4 20 1 2 
22 21 6 9 3 5 13 17 4 20 1 2 
23 21 6 9 23 3 5 13 17 4 20 1 2 
24 21 6 9 23 3 5 13 17 4 20 1 2 
25 21 6 9 23 3 5 13 17 4 20 1 2 
