1 1 
2 2 1 
3 2 1 
4 2 1 4 
5 2 1 4 
6 2 1 4 
7 2 1 4 7 
8 2 1 4 7 8 
9 2 1 4 7 8 
10 2 1 4 7 8 
11 2 1 4 7 8 11 
12 2 1 4 7 8 11 
13 13 2 1 4 7 8 11 
14 13 14 2 1 4 7 8 11 
15 13 14 2 1 4 7 8 11 
16 13 14 2 1 4 7 8 11 
17 13 14 2 1 4 7 17 8 11 
18 13 18 14 2 1 4 7 17 8 11 
19 13 18 14 19 2 1 4 7 17 8 11 
20 13 18 14 20 19 2 1 4 7 17 8 11 
21 13 18 14 20 19 2 1 4 7 17 8 11 
22 13 18 14 19 1 4 7 11 22 20 2 17 8 
23 13 18 14 19 23 1 4 7 11 22 20 2 17 8 
24 13 18 14 19 23 1 4 7 11 22 20 2 17 8 
25 13 18 14 19 23 1 4 7 11 22 20 2 17 8 
26 13 18 14 19 23 1 4 7 11 22 20 2 26 17 8 
27 13 18 14 19 23 1 4 7 11 22 20 2 26 17 8 
28 13 18 14 19 23 1 4 7 11 22 20 28 2 26 17 8 
29 13 18 14 19 29 23 1 4 7 11 22 20 28 2 26 17 8 
30 13 18 14 19 29 23 1 4 7 11 22 20 28 2 26 17 8 30 
31 13 18 14 19 29 23 1 4 7 11 22 20 28 2 26 17 8 30 
32 13 18 14 19 29 23 1 4 7 11 22 20 28 2 26 17 8 30 
33 13 18 14 19 29 23 1 4 7 11 22 20 28 33 2 26 17 8 30 
34 13 18 14 19 29 34 23 1 4 7 11 22 20 28 33 2 26 17 8 30 
35 13 18 14 19 29 34 23 1 4 7 11 22 20 28 33 2 26 17 8 30 
36 13 18 14 19 29 34 23 1 4 7 11 22 20 28 33 2 26 17 36 8 30 
37 13 18 14 19 29 34 23 1 4 7 11 22 20 28 33 2 26 17 36 8 30 
38 13 18 14 38 19 29 34 23 1 4 7 11 22 20 28 33 2 26 17 36 8 30 
39 13 18 14 38 19 29 34 23 1 4 7 11 22 20 28 33 2 26 17 36 8 30 
40 13 18 14 38 19 29 34 23 1 4 7 11 22 20 28 33 2 26 17 36 8 30 
41 13 18 14 38 19 29 34 23 1 4 7 11 22 20 28 33 2 26 41 17 36 8 30 
42 13 18 14 38 19 29 34 23 1 4 7 11 22 20 28 33 2 26 41 17 36 8 30 
43 13 18 14 38 19 29 34 23 1 4 7 11 22 20 28 33 2 26 41 17 36 8 30 
44 13 18 14 38 19 29 34 23 1 4 7 44 11 22 20 28 33 2 26 41 17 36 8 30 
45 13 14 1 4 11 22 28 41 17 8 18 38 19 29 34 23 7 44 20 33 2 26 45 36 30 
46 13 14 1 4 11 22 28 41 17 8 18 38 19 29 34 23 7 44 20 33 2 26 46 45 36 30 
47 13 14 1 4 11 22 28 41 17 8 18 38 19 29 34 23 7 44 20 33 2 26 46 45 36 30 
48 13 14 1 4 11 22 28 41 17 8 18 38 19 29 34 23 7 44 20 33 2 26 46 45 36 30 
49 13 14 49 1 4 11 22 28 41 17 8 18 38 19 29 34 23 7 44 20 33 2 26 46 45 36 30 
50 13 14 49 1 4 11 22 28 41 17 8 18 38 19 29 34 23 7 44 50 20 33 2 26 46 45 36 30 
51 13 14 49 1 4 11 22 28 41 17 8 18 38 19 29 34 23 7 44 50 20 33 2 26 46 45 36 30 
52 13 14 49 1 4 11 22 28 41 17 8 18 38 19 29 34 23 7 44 50 20 33 2 26 46 45 36 30 
53 13 14 49 1 4 11 22 28 53 41 17 8 18 38 19 29 34 23 7 44 50 20 33 2 26 46 45 36 30 
54 13 14 49 1 4 11 22 28 53 41 17 8 18 38 19 29 34 23 7 44 50 20 33 2 26 46 45 36 30 
55 13 14 49 1 4 11 22 28 53 41 17 8 18 38 19 29 34 23 7 44 50 20 33 2 26 46 45 36 30 55 
56 13 14 49 56 1 4 11 22 28 53 41 17 8 18 38 19 29 34 23 7 44 50 20 33 2 26 46 45 36 30 55 
57 13 14 49 56 1 4 11 22 28 53 41 17 8 57 18 38 19 29 34 23 7 44 50 20 33 2 26 46 45 36 30 55 
58 13 14 49 56 1 4 11 22 28 53 41 17 8 57 18 38 19 29 34 23 7 44 50 20 33 2 26 46 45 36 30 55 
59 13 14 49 56 1 4 11 22 28 53 41 17 8 57 18 38 19 29 34 23 7 44 50 20 33 2 26 46 45 36 30 55 
60 13 14 49 56 1 4 11 22 28 53 41 17 8 57 18 38 19 29 34 23 7 44 50 20 33 2 26 46 45 36 30 55 
61 13 14 49 56 1 4 11 22 28 53 41 17 8 57 18 38 19 29 34 23 7 44 50 20 33 2 26 46 45 36 30 55 
62 13 14 49 56 1 62 4 11 22 28 53 41 17 8 57 18 38 19 29 34 23 7 44 50 20 33 2 26 46 45 36 30 55 
63 13 14 49 56 1 62 4 11 63 22 28 53 41 17 8 57 18 38 19 29 34 23 7 44 50 20 33 2 26 46 45 36 30 55 
64 13 14 49 56 1 62 4 11 63 22 28 64 53 41 17 8 57 18 38 19 29 34 23 7 44 50 20 33 2 26 46 45 36 30 55 
65 13 14 49 56 1 62 4 11 63 22 28 64 53 41 17 8 57 18 38 19 29 34 23 7 44 50 20 33 2 26 46 45 36 30 55 
66 13 14 49 56 1 62 4 11 63 22 28 64 53 41 17 8 57 18 38 19 29 34 23 7 44 50 20 33 2 26 46 45 36 30 55 
67 13 14 49 56 1 62 4 11 63 22 28 64 53 41 17 8 57 18 38 19 29 34 23 7 44 67 50 20 33 2 26 46 45 36 30 55 
68 13 14 49 56 1 62 4 68 11 63 22 28 64 53 41 17 8 57 18 38 19 29 34 23 7 44 67 50 20 33 2 26 46 45 36 30 55 
69 13 14 49 56 1 62 4 68 11 63 22 28 69 64 53 41 17 8 57 18 38 19 29 34 23 7 44 67 50 20 33 2 26 46 45 36 30 55 
70 13 14 49 56 1 62 4 68 11 63 22 28 69 64 53 41 17 8 57 18 38 19 29 34 23 7 44 67 50 20 33 2 26 46 45 36 30 55 
71 13 14 49 56 1 62 4 68 11 63 22 28 69 64 53 41 17 8 57 18 38 19 29 34 23 7 44 67 50 20 33 2 26 46 45 36 30 55 
72 13 14 49 56 1 62 4 68 11 63 22 28 69 64 53 41 17 8 57 18 38 19 29 34 23 7 44 67 50 20 33 2 26 46 45 36 30 55 
73 13 14 49 56 1 62 4 68 11 63 22 28 69 64 53 41 17 8 57 18 38 19 29 34 23 7 44 67 50 20 33 2 73 26 46 45 36 30 55 
74 13 14 49 56 1 62 4 68 11 63 22 28 69 64 53 41 17 8 57 18 38 19 29 34 74 23 7 44 67 50 20 33 2 73 26 46 45 36 30 55 
75 13 14 49 56 1 62 4 68 11 63 22 28 69 64 53 41 75 17 8 57 18 38 19 29 34 74 23 7 44 67 50 20 33 2 73 26 46 45 36 30 55 
76 13 14 49 56 1 62 4 68 11 63 22 28 69 64 53 41 75 17 8 57 18 38 19 29 34 74 23 7 44 67 50 20 33 2 73 26 46 45 36 30 55 
77 13 14 49 56 1 62 4 68 11 63 22 28 69 64 53 41 75 17 8 57 18 38 19 29 34 74 23 7 44 67 50 20 33 2 73 26 46 45 36 30 55 
78 13 14 49 56 1 62 4 68 11 63 22 28 69 64 53 41 75 17 8 57 18 38 19 29 34 74 23 7 44 67 50 20 33 2 73 26 46 45 36 30 55 
79 13 14 49 56 1 62 4 68 11 63 79 22 28 69 64 53 41 75 17 8 57 18 38 19 29 34 74 23 7 44 67 50 20 33 2 73 26 46 45 36 30 55 
80 13 14 49 56 1 62 4 68 11 63 79 22 80 28 69 64 53 41 75 17 8 57 18 38 19 29 34 74 23 7 44 67 50 20 33 2 73 26 46 45 36 30 55 
81 13 14 49 56 1 62 4 68 11 63 79 22 80 28 69 64 53 41 75 17 8 57 18 38 19 29 34 74 23 7 44 67 81 50 20 33 2 73 26 46 45 36 30 55 
82 13 14 49 56 1 62 4 68 11 63 79 22 80 28 69 64 53 41 75 17 8 57 18 38 19 29 34 74 23 7 44 67 81 50 20 33 2 73 26 46 45 36 30 55 
83 13 14 49 56 1 62 4 68 11 63 79 22 80 28 69 64 53 41 75 17 8 57 18 38 19 29 34 74 23 7 44 67 81 50 20 33 2 73 26 46 45 36 30 55 
84 84 13 14 49 56 1 62 4 68 11 63 79 22 80 28 69 64 53 41 75 17 8 57 18 38 19 29 34 74 23 7 44 67 81 50 20 33 2 73 26 46 45 36 30 55 
85 84 13 14 49 56 1 62 4 68 11 63 79 22 80 28 69 64 53 41 75 17 8 57 18 38 19 29 34 74 23 7 44 67 81 50 20 33 2 73 26 46 45 36 85 30 55 
86 84 13 14 49 56 1 62 4 68 11 63 79 22 80 28 69 64 53 41 75 17 8 57 18 38 19 29 34 74 23 7 44 67 81 50 20 33 2 73 26 46 45 36 85 30 55 86 
87 84 13 14 49 56 1 62 4 68 11 63 79 22 80 28 69 64 53 41 75 17 8 57 18 38 19 29 34 74 23 7 44 67 81 50 20 33 2 73 26 46 45 36 85 30 55 86 
88 84 13 14 49 56 1 62 4 68 11 63 79 22 80 28 69 64 53 41 75 17 8 57 18 38 19 29 34 74 23 7 44 67 81 50 20 33 2 73 26 46 45 36 85 30 55 86 
89 84 13 14 49 56 1 62 4 68 11 63 79 22 80 28 69 64 53 41 75 17 8 57 18 38 19 29 34 74 23 7 44 67 81 50 20 33 2 73 26 46 45 36 85 30 55 86 
90 84 13 14 49 56 1 62 4 68 11 63 79 22 80 28 69 64 53 41 75 17 8 57 18 38 19 29 34 74 90 23 7 44 67 81 50 20 33 2 73 26 46 45 36 85 30 55 86 
91 49 56 62 63 22 80 28 69 75 17 57 38 29 34 90 23 50 20 2 73 45 36 55 84 13 14 1 4 68 11 79 64 53 41 8 18 19 74 7 44 67 81 33 91 26 46 85 30 86 
92 49 56 62 63 22 80 28 69 75 17 57 38 29 34 90 23 50 20 2 73 45 36 55 84 13 14 1 4 68 11 79 64 53 41 8 92 18 19 74 7 44 67 81 33 91 26 46 85 30 86 
93 49 56 62 63 22 80 28 69 75 17 57 38 29 34 90 23 50 20 2 73 45 36 55 84 13 14 1 4 68 11 79 64 53 41 8 92 18 19 74 7 44 67 81 33 91 26 46 85 30 86 
94 49 56 62 63 22 80 28 69 75 17 57 38 29 34 90 23 50 20 2 73 45 36 55 84 13 14 1 4 68 11 79 64 53 41 8 92 18 19 74 7 44 67 81 33 91 26 46 85 30 86 
95 49 56 62 63 22 80 28 69 75 17 57 38 29 34 90 23 50 20 2 73 45 36 55 84 13 14 1 4 68 11 79 64 53 41 8 92 18 19 74 7 44 67 81 33 91 26 46 85 30 86 
96 49 56 62 63 22 80 28 69 96 75 17 57 38 29 34 90 23 50 20 2 73 45 36 55 84 13 14 1 4 68 11 79 64 53 41 8 92 18 19 74 7 44 67 81 33 91 26 46 85 30 86 
97 49 56 62 63 22 80 28 69 96 75 17 57 38 29 34 90 23 50 20 2 73 45 36 55 97 84 13 14 1 4 68 11 79 64 53 41 8 92 18 19 74 7 44 67 81 33 91 26 46 85 30 86 
98 49 56 62 63 22 80 28 69 96 75 17 57 38 29 34 90 98 23 50 20 2 73 45 36 55 97 84 13 14 1 4 68 11 79 64 53 41 8 92 18 19 74 7 44 67 81 33 91 26 46 85 30 86 
99 49 56 62 63 22 80 28 69 96 75 17 57 38 29 34 90 98 23 50 20 2 73 45 36 55 97 84 13 14 1 4 68 11 79 64 53 41 8 92 18 19 74 7 44 67 81 33 91 26 46 85 30 86 
100 49 56 62 63 22 80 28 69 96 75 17 57 38 29 34 90 98 23 50 20 2 73 45 36 55 97 84 13 14 1 4 68 11 79 64 53 41 8 92 18 19 74 7 44 67 81 33 91 26 46 85 30 86 
101 49 56 62 63 22 80 28 69 96 75 17 57 38 29 34 90 98 23 50 20 2 73 101 45 36 55 97 84 13 14 1 4 68 11 79 64 53 41 8 92 18 19 74 7 44 67 81 33 91 26 46 85 30 86 
102 49 56 62 63 22 80 28 69 96 75 17 57 38 29 34 90 98 23 50 20 2 73 101 45 36 55 97 84 13 14 1 4 68 11 79 102 64 53 41 8 92 18 19 74 7 44 67 81 33 91 26 46 85 30 86 
103 49 56 62 63 22 80 28 69 96 75 17 57 38 29 34 90 98 23 50 20 2 73 103 101 45 36 55 97 84 13 14 1 4 68 11 79 102 64 53 41 8 92 18 19 74 7 44 67 81 33 91 26 46 85 30 86 
104 49 56 62 63 22 80 28 69 96 75 17 57 38 29 34 90 98 23 50 20 2 73 103 101 45 36 55 97 84 13 14 1 4 68 11 79 102 64 53 41 8 92 18 19 74 7 44 67 81 33 91 26 46 85 30 86 
105 49 56 62 63 22 80 28 69 96 75 17 57 38 29 34 90 98 23 50 20 2 73 103 101 45 36 55 97 84 13 14 1 4 68 11 79 102 64 53 41 8 92 18 19 74 7 44 67 81 33 91 26 46 85 30 86 
106 49 56 62 63 22 80 28 69 96 75 17 57 38 29 34 90 98 23 50 20 2 73 103 101 45 36 55 97 84 13 14 1 4 68 11 79 102 64 53 41 8 92 18 19 74 7 44 67 81 33 91 26 46 85 30 86 
107 49 56 62 63 22 80 28 69 96 75 17 57 38 29 34 90 98 23 50 20 2 73 103 101 45 36 55 97 84 13 14 1 4 68 11 79 102 64 53 41 8 92 18 19 74 7 44 67 81 33 91 26 46 85 30 86 107 
108 49 56 108 62 63 22 80 28 69 96 75 17 57 38 29 34 90 98 23 50 20 2 73 103 101 45 36 55 97 84 13 14 1 4 68 11 79 102 64 53 41 8 92 18 19 74 7 44 67 81 33 91 26 46 85 30 86 107 
109 49 56 108 62 63 22 80 28 69 96 75 17 57 38 29 34 90 98 23 50 20 2 73 103 101 45 36 55 97 84 13 14 1 4 68 11 79 102 64 53 41 8 92 18 19 74 7 44 109 67 81 33 91 26 46 85 30 86 107 
110 49 56 108 62 63 22 80 28 69 96 75 17 57 38 29 34 90 98 23 50 20 2 73 103 101 45 36 55 97 84 13 14 1 4 68 11 79 102 64 53 41 8 92 18 19 74 7 44 109 67 81 33 91 26 46 85 30 86 107 
111 49 56 108 62 63 22 80 28 69 96 75 17 57 38 29 34 90 98 23 50 20 2 73 103 101 45 36 55 97 84 13 14 1 4 68 11 79 102 64 53 41 8 92 18 19 74 7 44 109 67 81 33 91 26 46 85 30 86 107 
112 49 56 108 62 63 22 80 28 69 96 75 17 57 38 29 34 90 98 23 50 20 2 73 103 101 45 36 55 97 84 13 14 1 4 68 11 79 102 64 53 41 8 92 18 19 74 7 44 109 67 81 33 91 26 46 85 30 86 107 
113 49 56 108 62 63 22 80 28 69 96 75 17 57 38 29 34 90 98 113 23 50 20 2 73 103 101 45 36 55 97 84 13 14 1 4 68 11 79 102 64 53 41 8 92 18 19 74 7 44 109 67 81 33 91 26 46 85 30 86 107 
114 49 56 108 62 63 22 80 28 69 96 75 17 57 38 29 34 90 98 113 23 50 20 2 73 103 101 45 36 55 97 84 13 14 1 4 68 11 79 102 64 53 41 8 92 114 18 19 74 7 44 109 67 81 33 91 26 46 85 30 86 107 
115 49 56 108 62 63 22 80 28 69 115 96 75 17 57 38 29 34 90 98 113 23 50 20 2 73 103 101 45 36 55 97 84 13 14 1 4 68 11 79 102 64 53 41 8 92 114 18 19 74 7 44 109 67 81 33 91 26 46 85 30 86 107 
116 49 56 108 62 63 22 80 28 69 115 96 75 17 57 38 29 34 90 98 113 23 50 20 2 73 103 101 45 36 55 97 84 13 14 1 4 68 11 79 102 64 53 41 8 92 114 18 19 74 7 44 109 67 81 33 91 26 46 85 30 86 107 
117 49 56 108 62 63 22 80 28 69 115 96 75 17 57 38 29 34 90 98 113 23 50 20 2 73 103 101 45 36 55 97 84 13 14 1 4 68 11 79 102 64 53 41 8 92 114 18 19 74 7 44 109 67 81 33 91 26 46 85 30 86 107 
118 49 56 108 62 63 22 80 28 69 115 96 75 17 118 57 38 29 34 90 98 113 23 50 20 2 73 103 101 45 36 55 97 84 13 14 1 4 68 11 79 102 64 53 41 8 92 114 18 19 74 7 44 109 67 81 33 91 26 46 85 30 86 107 
119 49 56 108 62 63 22 80 28 69 115 96 75 17 118 57 38 29 34 90 98 113 23 50 20 2 73 103 101 45 36 55 97 84 13 14 1 4 68 11 79 102 64 53 41 8 92 114 18 19 74 119 7 44 109 67 81 33 91 26 46 85 30 86 107 
120 49 56 108 62 63 22 120 80 28 69 115 96 75 17 118 57 38 29 34 90 98 113 23 50 20 2 73 103 101 45 36 55 97 84 13 14 1 4 68 11 79 102 64 53 41 8 92 114 18 19 74 119 7 44 109 67 81 33 91 26 46 85 30 86 107 
121 49 56 108 62 63 22 120 80 28 69 115 96 75 17 118 57 38 29 34 90 98 113 23 50 20 2 73 103 101 45 36 55 97 84 13 14 1 4 68 11 79 102 64 53 41 8 92 114 18 19 74 119 7 44 109 67 81 33 91 26 46 85 30 86 107 
122 49 56 108 62 63 22 120 80 28 69 115 96 75 17 118 57 38 29 34 90 98 113 23 50 20 2 73 103 101 45 36 55 97 84 13 14 1 4 68 11 79 102 64 53 41 8 92 114 18 19 74 119 7 44 109 67 81 33 91 26 46 85 30 86 107 
123 49 56 108 62 63 22 120 80 28 69 115 96 75 17 118 57 38 29 34 90 98 113 23 50 20 2 73 103 101 45 36 55 97 84 13 14 1 4 68 11 79 102 64 53 41 8 92 114 18 19 74 119 7 44 109 67 81 33 91 26 46 85 30 86 107 
124 49 56 108 62 63 124 22 120 80 28 69 115 96 75 17 118 57 38 29 34 90 98 113 23 50 20 2 73 103 101 45 36 55 97 84 13 14 1 4 68 11 79 102 64 53 41 8 92 114 18 19 74 119 7 44 109 67 81 33 91 26 46 85 30 86 107 
125 49 56 108 62 63 124 22 120 80 28 69 115 125 96 75 17 118 57 38 29 34 90 98 113 23 50 20 2 73 103 101 45 36 55 97 84 13 14 1 4 68 11 79 102 64 53 41 8 92 114 18 19 74 119 7 44 109 67 81 33 91 26 46 85 30 86 107 
126 49 56 108 62 63 124 22 120 80 28 69 115 125 96 75 17 118 57 38 29 34 90 98 113 23 50 20 2 73 103 101 45 36 55 97 84 13 14 1 4 68 11 79 102 64 53 41 8 92 114 18 19 74 119 7 44 109 67 81 126 33 91 26 46 85 30 86 107 
127 49 56 108 62 63 124 22 120 80 28 69 115 125 96 75 17 118 57 38 29 34 90 98 113 23 50 20 2 73 103 101 45 36 55 97 84 13 14 1 4 68 11 79 102 64 53 41 8 92 114 18 19 74 119 7 44 109 67 81 126 33 91 26 46 85 30 86 107 
128 49 56 108 62 63 124 22 120 80 28 69 115 125 96 75 17 118 57 38 29 34 90 98 113 23 50 20 2 73 103 101 45 36 55 97 84 13 14 1 4 68 11 79 102 64 53 41 8 92 114 18 19 74 119 7 44 109 67 81 126 33 91 26 46 85 30 86 107 
129 49 56 108 62 63 124 22 120 80 28 69 115 125 96 75 17 118 57 38 29 34 90 98 113 23 50 20 2 73 103 101 45 36 55 97 84 13 14 1 4 68 11 79 102 64 53 41 8 92 114 18 19 74 119 7 44 109 67 81 126 33 91 26 46 85 30 86 107 
130 49 56 108 62 63 124 22 120 80 28 69 115 125 96 75 17 118 57 38 29 34 90 98 113 23 50 20 2 73 103 101 45 36 55 97 84 13 14 1 4 68 11 79 102 64 53 41 8 92 114 18 19 74 119 7 44 109 67 81 126 33 91 26 46 85 30 86 107 
131 49 56 108 62 63 124 22 120 80 28 69 115 125 96 75 17 118 57 38 29 34 90 98 113 23 50 20 2 73 103 101 45 36 55 97 84 13 14 1 4 68 11 79 102 64 53 41 8 92 114 18 19 74 119 7 44 109 67 81 126 33 91 26 46 85 30 86 107 
132 49 56 132 108 62 63 124 22 120 80 28 69 115 125 96 75 17 118 57 38 29 34 90 98 113 23 50 20 2 73 103 101 45 36 55 97 84 13 14 1 4 68 11 79 102 64 53 41 8 92 114 18 19 74 119 7 44 109 67 81 126 33 91 26 46 85 30 86 107 
133 133 49 56 132 108 62 63 124 22 120 80 28 69 115 125 96 75 17 118 57 38 29 34 90 98 113 23 50 20 2 73 103 101 45 36 55 97 84 13 14 1 4 68 11 79 102 64 53 41 8 92 114 18 19 74 119 7 44 109 67 81 126 33 91 26 46 85 30 86 107 
134 133 49 56 132 108 62 63 124 22 120 80 28 69 115 125 96 75 17 118 57 38 29 34 90 98 113 23 50 20 2 73 103 101 45 36 55 97 84 13 14 1 4 68 11 79 102 64 53 41 8 92 114 18 19 74 119 7 44 109 67 81 126 33 91 26 46 85 30 86 107 
135 133 49 56 132 108 62 63 124 22 120 80 28 69 115 125 96 75 17 118 57 38 29 34 90 98 113 23 50 20 2 73 103 101 45 36 55 97 84 13 14 1 4 68 11 79 102 64 53 41 8 92 114 18 19 74 119 7 44 109 67 81 126 33 91 26 46 85 30 86 107 
136 133 49 56 132 108 62 63 124 22 120 80 28 69 115 125 96 75 17 118 57 38 29 34 90 98 113 23 50 20 2 73 103 101 45 36 55 97 84 13 14 1 4 68 11 79 102 64 53 41 8 92 136 114 18 19 74 119 7 44 109 67 81 126 33 91 26 46 85 30 86 107 
137 133 49 56 132 108 62 137 63 124 22 120 80 28 69 115 125 96 75 17 118 57 38 29 34 90 98 113 23 50 20 2 73 103 101 45 36 55 97 84 13 14 1 4 68 11 79 102 64 53 41 8 92 136 114 18 19 74 119 7 44 109 67 81 126 33 91 26 46 85 30 86 107 
138 133 49 56 132 108 62 137 63 138 124 22 120 80 28 69 115 125 96 75 17 118 57 38 29 34 90 98 113 23 50 20 2 73 103 101 45 36 55 97 84 13 14 1 4 68 11 79 102 64 53 41 8 92 136 114 18 19 74 119 7 44 109 67 81 126 33 91 26 46 85 30 86 107 
139 133 49 56 132 108 62 137 63 138 124 22 120 80 28 69 115 125 96 75 17 118 57 38 29 34 90 98 113 23 50 20 2 73 103 101 45 36 55 97 84 13 14 1 4 68 11 79 102 64 53 41 8 92 136 114 18 19 74 119 7 44 109 67 81 126 33 91 26 46 85 30 86 107 
140 133 49 56 132 108 62 137 63 138 124 22 120 80 28 69 115 125 96 75 17 118 57 38 29 34 90 98 113 23 140 50 20 2 73 103 101 45 36 55 97 84 13 14 1 4 68 11 79 102 64 53 41 8 92 136 114 18 19 74 119 7 44 109 67 81 126 33 91 26 46 85 30 86 107 
141 133 49 56 132 108 62 137 63 138 124 22 120 80 28 69 115 125 96 75 17 118 57 38 29 34 90 98 113 23 140 50 20 2 73 103 101 45 36 55 97 84 13 14 1 4 68 11 79 102 64 53 41 8 92 136 114 18 19 74 119 7 44 109 67 81 126 33 91 26 46 85 30 86 107 
142 133 49 56 132 108 62 137 63 138 124 22 120 80 28 69 115 125 96 75 17 118 57 38 29 34 90 98 113 23 140 50 20 2 73 103 101 45 36 55 97 84 13 14 1 4 68 11 79 102 64 53 41 8 92 136 114 18 19 74 119 7 44 109 67 81 126 33 91 26 46 85 30 86 107 
143 133 49 143 56 132 108 62 137 63 138 124 22 120 80 28 69 115 125 96 75 17 118 57 38 29 34 90 98 113 23 140 50 20 2 73 103 101 45 36 55 97 84 13 14 1 4 68 11 79 102 64 53 41 8 92 136 114 18 19 74 119 7 44 109 67 81 126 33 91 26 46 85 30 86 107 
144 133 49 143 56 132 108 62 137 63 138 124 22 120 80 28 69 115 125 96 75 17 118 57 38 29 34 90 98 113 23 140 50 20 2 73 103 101 45 36 55 97 84 13 14 1 4 68 144 11 79 102 64 53 41 8 92 136 114 18 19 74 119 7 44 109 67 81 126 33 91 26 46 85 30 86 107 
145 133 49 143 56 132 108 62 137 63 138 124 22 120 80 28 69 115 125 96 75 17 118 57 38 29 34 90 98 113 23 140 50 20 2 73 103 101 45 36 55 97 84 13 14 1 4 68 144 11 79 102 64 53 41 8 92 136 114 18 19 74 119 7 44 109 67 81 126 33 91 26 46 85 30 86 107 
146 133 49 143 56 132 108 62 137 63 146 138 124 22 120 80 28 69 115 125 96 75 17 118 57 38 29 34 90 98 113 23 140 50 20 2 73 103 101 45 36 55 97 84 13 14 1 4 68 144 11 79 102 64 53 41 8 92 136 114 18 19 74 119 7 44 109 67 81 126 33 91 26 46 85 30 86 107 
147 133 49 143 56 132 108 62 137 63 146 147 138 124 22 120 80 28 69 115 125 96 75 17 118 57 38 29 34 90 98 113 23 140 50 20 2 73 103 101 45 36 55 97 84 13 14 1 4 68 144 11 79 102 64 53 41 8 92 136 114 18 19 74 119 7 44 109 67 81 126 33 91 26 46 85 30 86 107 
148 133 49 143 56 132 108 62 137 63 146 147 138 124 22 120 80 28 69 115 125 96 75 17 118 57 38 29 34 90 98 113 23 140 50 20 2 73 103 101 45 36 55 97 84 13 14 148 1 4 68 144 11 79 102 64 53 41 8 92 136 114 18 19 74 119 7 44 109 67 81 126 33 91 26 46 85 30 86 107 
149 133 49 143 56 132 108 62 137 63 146 147 138 124 22 120 80 28 69 115 125 96 75 17 118 57 38 29 34 90 98 113 23 140 50 20 2 73 103 101 45 36 55 97 84 13 14 148 1 4 68 144 11 79 102 64 53 41 8 92 136 114 18 19 74 119 7 44 109 67 81 126 33 91 26 46 85 30 86 107 
150 133 49 143 56 132 108 62 137 63 146 147 138 124 22 120 80 28 69 115 125 96 75 17 118 57 150 38 29 34 90 98 113 23 140 50 20 2 73 103 101 45 36 55 97 84 13 14 148 1 4 68 144 11 79 102 64 53 41 8 92 136 114 18 19 74 119 7 44 109 67 81 126 33 91 26 46 85 30 86 107 
151 133 49 143 56 132 108 62 137 63 146 147 138 124 22 120 80 28 69 115 125 96 75 17 118 57 150 38 29 34 90 98 113 23 140 50 20 2 73 103 101 45 36 55 97 84 13 14 148 1 4 68 144 11 79 102 64 53 41 8 92 136 114 18 19 74 119 7 44 109 67 81 126 33 91 26 46 85 30 86 107 
152 133 49 143 56 132 108 62 137 63 146 147 138 124 22 120 80 28 69 115 125 96 75 17 118 57 150 38 29 34 90 98 113 23 140 50 20 2 73 103 101 45 36 152 55 97 84 13 14 148 1 4 68 144 11 79 102 64 53 41 8 92 136 114 18 19 74 119 7 44 109 67 81 126 33 91 26 46 85 30 86 107 
153 133 49 143 56 132 108 62 137 63 146 147 138 124 22 120 80 28 69 115 125 96 75 17 118 57 150 38 29 34 90 98 113 23 140 50 20 2 73 103 101 45 36 152 55 97 84 13 14 148 1 4 68 144 11 79 102 64 53 41 8 92 136 114 18 153 19 74 119 7 44 109 67 81 126 33 91 26 46 85 30 86 107 
154 133 49 143 56 132 108 62 137 63 146 147 138 124 22 120 80 28 69 115 125 96 75 17 118 57 150 38 29 34 90 98 113 23 140 50 20 2 73 103 101 45 36 152 55 97 84 13 14 148 1 4 68 144 11 79 102 64 53 41 8 92 136 114 18 153 19 74 119 7 44 109 67 81 126 33 91 26 46 85 30 86 107 
155 133 49 143 56 132 108 62 137 63 146 147 138 124 22 120 80 28 69 115 125 96 75 17 118 57 150 38 29 34 90 98 113 23 140 50 20 2 73 103 101 45 36 152 55 97 84 13 14 148 1 4 68 144 11 79 102 64 53 41 8 92 136 114 18 153 19 74 119 7 44 109 67 81 126 33 91 26 46 85 30 86 107 
156 133 49 143 56 132 108 62 137 63 146 147 138 124 22 120 80 28 69 115 125 96 75 17 118 57 150 38 29 34 90 98 113 23 140 50 20 2 73 103 101 45 36 152 55 97 84 13 14 148 1 4 68 144 11 79 102 64 53 41 8 92 136 114 18 153 19 74 119 7 44 109 67 81 126 33 91 26 46 85 30 86 107 
157 133 49 143 56 132 108 62 137 63 146 147 138 124 22 120 80 28 69 115 125 96 75 17 118 57 150 38 29 34 90 98 113 23 140 50 20 2 73 103 101 45 36 55 97 84 157 13 14 148 1 4 68 144 11 79 102 64 53 41 8 92 136 114 18 19 74 119 7 44 109 67 81 126 33 91 26 46 85 30 86 107 
158 133 49 143 56 132 108 62 137 63 146 147 138 124 22 120 80 28 69 115 125 96 75 17 118 57 150 38 29 34 90 98 113 23 140 50 20 2 73 103 101 45 36 55 97 84 157 13 14 148 1 4 68 144 11 79 102 64 53 41 8 92 136 114 18 19 74 119 7 44 109 67 81 126 33 91 26 46 85 30 86 107 
159 133 49 143 56 132 108 62 137 63 146 147 138 124 22 120 80 28 69 115 125 96 75 17 118 57 150 38 29 34 90 98 113 23 140 50 20 2 73 103 101 45 36 55 97 84 157 13 14 148 1 4 68 144 11 79 102 64 53 41 8 92 136 114 18 19 74 119 7 44 109 67 81 126 33 91 26 46 85 30 86 107 
160 133 49 143 56 132 108 62 137 63 146 147 138 124 22 120 80 28 69 115 125 96 75 17 118 57 150 38 29 34 90 98 113 23 140 50 20 2 73 103 101 45 36 152 55 97 84 157 13 14 148 1 4 68 144 11 79 102 64 53 41 8 92 136 114 18 153 19 74 119 7 44 109 67 81 126 33 91 26 46 160 85 30 86 107 
161 133 49 143 56 132 108 62 137 63 146 147 138 124 22 120 80 28 69 115 125 96 75 17 118 57 150 38 29 34 90 98 113 23 140 50 20 2 73 103 101 45 36 152 55 97 84 157 13 14 148 1 4 68 144 11 79 161 102 64 53 41 8 92 136 114 18 153 19 74 119 7 44 109 67 81 126 33 91 26 46 160 85 30 86 107 
162 133 49 143 56 132 108 62 137 63 146 147 138 124 22 120 80 28 69 115 125 96 75 17 118 57 150 38 29 34 90 98 113 23 140 50 20 2 73 103 101 45 36 152 55 97 84 157 13 14 148 1 4 68 144 11 79 161 102 64 53 41 8 92 136 114 18 153 19 74 119 7 44 109 67 81 126 33 91 26 46 160 85 30 86 107 
163 133 49 143 56 132 108 62 137 63 146 147 138 124 22 120 80 28 69 115 125 96 75 17 118 57 150 38 29 34 90 98 113 23 140 50 163 20 2 73 103 101 45 36 152 55 97 84 157 13 14 148 1 4 68 144 11 79 161 102 64 53 41 8 92 136 114 18 153 19 74 119 7 44 109 67 81 126 33 91 26 46 160 85 30 86 107 
164 133 49 143 56 132 108 62 137 63 146 147 138 124 22 120 80 28 69 115 125 96 75 17 118 57 150 38 29 34 90 98 113 23 140 50 163 20 2 73 103 101 45 36 152 55 97 84 157 13 14 148 164 1 4 68 144 11 79 161 102 64 53 41 8 92 136 114 18 153 19 74 119 7 44 109 67 81 126 33 91 26 46 160 85 30 86 107 
165 133 49 143 56 132 108 62 137 63 146 147 138 124 22 120 80 28 69 115 125 96 75 17 118 57 150 165 38 29 34 90 98 113 23 140 50 163 20 2 73 103 101 45 36 152 55 97 84 157 13 14 148 164 1 4 68 144 11 79 161 102 64 53 41 8 92 136 114 18 153 19 74 119 7 44 109 67 81 126 33 91 26 46 160 85 30 86 107 
166 133 49 143 56 132 108 62 137 63 146 147 138 124 22 120 80 28 69 115 125 96 75 17 118 57 150 165 38 29 34 90 98 113 23 140 50 163 20 2 73 103 101 45 36 152 55 97 84 157 13 14 148 164 1 4 68 144 11 79 161 102 64 53 41 8 92 136 114 18 153 19 74 119 7 44 109 67 81 126 33 91 26 46 160 85 30 86 107 
167 133 49 143 56 132 108 62 137 63 146 147 138 124 22 120 80 28 69 115 125 96 75 17 118 57 150 165 38 29 34 90 98 113 23 140 50 163 20 2 73 103 101 45 36 152 55 97 84 157 13 14 148 164 1 4 68 144 11 79 161 102 64 53 41 8 92 136 114 18 153 19 74 119 7 44 109 67 167 81 126 33 91 26 46 160 85 30 86 107 
168 133 49 143 56 132 108 62 137 63 146 147 138 124 22 120 80 28 69 115 125 96 75 17 118 57 150 165 38 29 34 90 98 113 23 140 50 163 20 2 73 103 101 45 36 152 168 55 97 84 157 13 14 148 164 1 4 68 144 11 79 161 102 64 53 41 8 92 136 114 18 153 19 74 119 7 44 109 67 167 81 126 33 91 26 46 160 85 30 86 107 
169 133 49 143 56 132 108 62 137 63 146 147 138 124 22 120 80 28 69 115 125 96 75 17 118 57 150 165 38 29 34 90 98 113 23 140 50 163 20 2 73 103 101 45 36 152 168 55 97 84 157 13 14 148 164 1 4 68 144 11 79 161 102 64 53 41 8 92 136 114 18 153 19 74 119 7 44 109 67 167 81 126 33 91 26 46 160 85 30 86 107 
170 133 49 143 56 132 108 62 137 63 146 147 138 124 22 120 80 28 69 115 125 96 75 17 118 57 150 165 38 29 34 90 98 113 23 140 50 163 20 2 73 103 101 45 36 152 168 55 97 84 157 13 14 148 164 1 4 68 144 11 79 161 102 64 53 41 8 92 136 114 18 153 19 74 119 7 44 109 67 167 81 126 33 91 26 46 160 85 30 86 107 
171 133 49 143 56 132 108 62 137 63 146 147 138 124 22 120 80 28 69 115 125 96 75 17 118 57 150 165 38 29 34 90 98 113 23 140 50 163 20 2 73 103 101 45 36 152 168 55 97 84 157 13 14 148 164 1 4 68 144 11 79 161 102 64 53 41 8 92 136 114 18 153 19 74 119 7 44 109 67 167 81 126 33 91 26 46 160 85 30 86 107 
172 133 49 143 56 132 108 62 137 63 146 147 138 124 22 120 80 28 69 115 125 96 75 17 118 57 150 165 38 29 34 90 98 113 23 140 50 163 20 2 73 103 101 45 36 152 168 55 97 84 157 13 14 148 164 1 4 68 144 11 79 161 102 64 53 41 8 92 136 114 18 153 19 74 119 7 44 109 67 167 81 126 33 91 26 46 160 85 30 86 107 
