1 1 
2 2 1 
3 2 1 
4 2 1 
5 2 5 1 
6 2 5 1 
7 2 5 1 
8 2 5 8 1 
9 2 5 8 9 1 
10 2 10 5 8 9 1 
11 2 10 5 8 9 1 
12 2 10 5 8 9 1 
13 2 10 13 5 8 9 1 
14 2 10 13 5 8 9 1 14 
15 2 15 10 13 5 8 9 1 14 
16 2 15 10 13 5 8 9 1 14 
17 2 15 10 13 5 8 9 1 14 
18 2 18 15 10 13 5 8 9 1 14 
19 2 18 15 10 13 5 8 9 1 19 14 
20 2 18 15 10 13 5 8 9 1 19 14 20 
21 2 18 15 10 13 5 8 9 1 19 14 20 
22 2 18 15 10 13 5 8 9 1 19 14 20 
23 2 23 10 13 5 9 1 18 15 8 19 14 20 
24 2 23 10 13 5 9 1 18 15 24 8 19 14 20 
25 2 23 10 13 5 9 1 18 15 24 8 25 19 14 20 
26 2 23 10 13 5 9 1 18 15 24 8 25 19 14 20 
27 2 23 10 13 5 9 1 18 15 24 8 25 19 14 20 
28 2 23 10 13 5 9 1 28 18 15 24 8 25 19 14 20 
29 2 23 10 13 29 5 9 1 28 18 15 24 8 25 19 14 20 
30 2 23 10 13 29 5 9 30 1 28 18 15 24 8 25 19 14 20 
31 2 23 10 13 29 5 9 30 1 28 18 15 24 8 25 19 14 20 
32 2 23 10 13 29 5 9 30 1 28 18 15 24 8 25 19 14 20 
33 2 23 10 13 29 5 9 30 1 28 33 18 15 24 8 25 19 14 20 
34 2 23 10 13 29 5 9 30 1 28 33 18 15 24 8 25 19 34 14 20 
35 2 23 10 13 29 35 5 9 30 1 28 33 18 15 24 8 25 19 34 14 20 
36 2 23 10 13 29 35 5 9 30 1 28 33 18 15 24 8 25 19 34 14 20 
37 2 23 10 13 29 35 5 9 30 1 28 33 18 15 24 8 25 19 34 14 20 
38 2 23 10 13 29 35 5 9 30 1 28 33 18 15 38 24 8 25 19 34 14 20 
39 2 23 10 39 13 29 35 5 9 30 1 28 33 18 15 38 24 8 25 19 34 14 20 
40 2 23 10 39 13 29 35 5 9 30 1 28 33 40 18 15 38 24 8 25 19 34 14 20 
41 2 23 10 39 13 29 35 5 9 30 1 28 33 40 18 15 38 24 8 25 19 34 14 20 
42 2 23 10 39 13 29 35 5 9 30 1 28 33 40 18 15 38 24 8 25 19 34 14 20 
43 2 39 30 1 28 40 15 38 24 34 20 23 10 13 29 35 43 5 9 33 18 8 25 19 14 
44 2 39 44 30 1 28 40 15 38 24 34 20 23 10 13 29 35 43 5 9 33 18 8 25 19 14 
45 2 39 44 30 1 28 40 15 38 24 34 20 23 10 13 29 35 43 45 5 9 33 18 8 25 19 14 
46 2 39 44 30 1 28 40 15 38 24 34 20 23 10 13 29 35 43 45 5 9 33 18 8 25 19 14 
47 2 39 44 30 1 28 40 15 38 24 34 20 23 10 13 29 35 43 45 5 9 33 18 8 25 19 14 
48 2 39 44 30 1 28 40 15 38 24 34 20 23 10 13 29 35 43 45 5 9 33 18 48 8 25 19 14 
49 2 39 44 30 1 28 40 15 38 24 34 20 23 10 13 29 35 43 45 5 9 33 18 48 8 25 49 19 14 
50 2 39 44 30 1 28 40 50 15 38 24 34 20 23 10 13 29 35 43 45 5 9 33 18 48 8 25 49 19 14 
51 2 39 44 30 1 28 40 50 15 38 24 34 20 23 10 13 29 35 43 45 5 9 33 18 48 8 25 49 19 14 
52 2 39 44 30 1 28 40 50 15 38 24 34 20 23 10 13 29 35 43 45 5 9 33 18 48 8 25 49 19 14 
53 2 39 44 30 1 28 40 50 15 38 24 34 20 23 10 13 29 35 43 45 5 9 33 53 18 48 8 25 49 19 14 
54 2 39 44 30 1 28 40 50 15 38 24 34 20 23 54 10 13 29 35 43 45 5 9 33 53 18 48 8 25 49 19 14 
55 2 39 44 30 1 28 40 50 15 38 24 34 20 23 54 10 13 29 35 43 45 5 9 33 55 53 18 48 8 25 49 19 14 
56 2 39 44 30 1 28 40 50 15 38 24 34 20 23 54 10 13 29 35 43 45 5 9 33 55 53 18 48 8 25 49 19 14 
57 2 39 44 30 1 28 40 50 15 38 24 34 20 23 54 10 13 29 35 43 45 5 9 33 55 53 18 48 8 25 49 19 14 
58 2 39 44 58 30 1 28 40 50 15 38 24 34 20 23 54 10 13 29 35 43 45 5 9 33 55 53 18 48 8 25 49 19 14 
59 2 39 44 58 59 30 1 28 40 50 15 38 24 34 20 23 54 10 13 29 35 43 45 5 9 33 55 53 18 48 8 25 49 19 14 
60 2 39 44 58 59 30 1 28 40 50 15 60 38 24 34 20 23 54 10 13 29 35 43 45 5 9 33 55 53 18 48 8 25 49 19 14 
61 2 39 44 58 59 30 1 28 40 50 15 60 38 24 34 20 23 54 10 13 29 35 43 45 5 9 33 55 53 18 48 8 25 49 19 14 
62 2 39 44 58 59 30 1 28 40 50 15 60 38 24 34 20 23 54 10 13 29 35 43 45 5 9 33 55 53 18 48 8 25 49 19 14 
63 2 39 44 63 58 59 30 1 28 40 50 15 60 38 24 34 20 23 54 10 13 29 35 43 45 5 9 33 55 53 18 48 8 25 49 19 14 
64 2 39 44 63 58 59 30 1 28 40 50 15 60 38 24 34 20 23 54 10 13 29 35 43 64 45 5 9 33 55 53 18 48 8 25 49 19 14 
65 2 39 44 63 58 59 30 1 28 40 50 15 60 38 24 34 20 23 54 10 65 13 29 35 43 64 45 5 9 33 55 53 18 48 8 25 49 19 14 
66 2 39 44 63 58 59 30 1 28 40 50 15 60 38 24 34 20 23 54 10 65 13 29 35 43 64 45 5 9 33 55 53 18 48 8 25 49 19 14 
67 2 39 44 63 58 59 30 1 28 40 50 15 60 38 24 34 20 23 54 10 65 13 29 35 43 64 45 5 9 33 55 53 18 48 8 25 49 19 14 
68 2 39 44 63 58 59 30 1 28 40 50 15 60 38 24 34 20 23 54 10 65 68 13 29 35 43 64 45 5 9 33 55 53 18 48 8 25 49 19 14 
69 2 39 44 63 58 59 30 1 28 40 50 15 60 38 24 34 20 23 54 10 65 68 13 29 35 43 64 45 5 69 9 33 55 53 18 48 8 25 49 19 14 
70 2 39 44 63 58 59 30 1 28 40 50 15 60 38 24 34 20 23 54 10 65 68 13 29 35 43 64 45 5 69 9 70 33 55 53 18 48 8 25 49 19 14 
71 2 39 44 63 58 59 30 1 28 40 50 15 60 38 24 34 20 23 54 10 65 68 13 29 35 43 64 45 5 69 9 70 33 55 53 18 48 8 25 49 19 14 
72 2 39 44 63 58 59 30 1 28 40 50 15 60 38 24 34 20 23 54 10 65 68 13 29 35 43 64 45 5 69 9 70 33 55 53 18 48 8 25 49 19 14 
73 2 39 44 63 58 59 30 1 28 40 50 15 60 73 38 24 34 20 23 54 10 65 68 13 29 35 43 64 45 5 69 9 70 33 55 53 18 48 8 25 49 19 14 
74 2 39 44 63 58 59 30 1 28 74 40 50 15 60 73 38 24 34 20 23 54 10 65 68 13 29 35 43 64 45 5 69 9 70 33 55 53 18 48 8 25 49 19 14 
75 2 39 44 63 58 59 30 1 28 74 40 50 15 60 73 38 24 34 20 23 54 10 65 68 13 29 35 43 64 45 5 69 9 70 33 55 53 18 48 8 25 49 19 14 75 
76 2 39 44 63 58 59 30 1 28 74 40 50 15 60 73 38 24 34 20 23 54 10 65 68 13 29 35 43 64 45 5 69 9 70 33 55 53 18 48 8 25 49 19 14 75 
77 2 39 44 63 58 59 30 1 28 74 40 50 15 60 73 38 24 34 20 23 54 10 65 68 13 29 35 43 64 45 5 69 9 70 33 55 53 18 48 8 25 49 19 14 75 
78 2 39 44 63 58 59 30 1 28 74 40 50 15 60 73 38 24 34 20 23 54 10 65 68 13 29 35 43 64 45 78 5 69 9 70 33 55 53 18 48 8 25 49 19 14 75 
79 2 39 44 63 58 59 30 1 28 74 40 50 15 60 73 38 24 34 20 23 54 10 65 68 13 29 35 43 64 45 78 5 69 9 70 33 55 53 18 48 8 25 49 19 14 75 
