1 1 
2 1 2 
3 1 3 2 
4 1 3 2 4 
5 1 3 2 4 5 7 
6 1 3 2 4 5 7 
7 1 3 2 5 7 
8 1 3 2 5 7 
9 1 3 9 2 4 5 7 
10 1 3 9 2 4 5 7 
11 1 3 9 2 11 4 5 7 
12 1 3 9 2 11 4 5 7 
13 1 13 3 9 2 4 5 7 
14 1 13 3 9 2 11 4 14 5 7 
15 1 15 13 3 9 2 11 4 14 5 7 
16 1 15 13 3 9 2 16 11 4 14 5 7 
17 1 13 3 17 16 14 15 9 2 11 4 5 7 
18 1 13 22 3 17 16 14 20 15 9 2 11 4 5 7 18 
19 1 13 22 3 17 16 14 20 15 9 2 11 4 5 7 18 
20 1 13 22 3 17 16 14 20 15 9 2 11 4 5 7 18 
21 1 13 22 3 17 16 14 20 15 9 2 11 4 5 7 18 
22 1 13 22 3 16 14 20 15 9 2 11 4 5 7 18 
23 1 13 22 3 16 14 20 15 9 2 11 4 5 7 18 
24 1 13 22 3 17 16 24 14 20 15 9 2 11 4 5 7 18 
25 1 13 22 3 17 16 24 14 20 15 9 2 11 4 5 7 18 
26 1 13 22 17 16 24 14 20 15 9 2 11 4 26 5 7 18 
27 1 13 22 17 16 24 14 20 15 9 2 11 4 26 5 7 18 
28 1 28 13 22 3 17 16 24 14 20 15 9 2 11 4 5 7 18 
29 1 28 13 22 3 17 16 24 14 20 15 9 2 11 4 5 7 18 
30 1 28 13 22 3 17 16 24 30 14 20 15 9 2 11 4 5 7 18 
31 1 28 13 22 3 17 16 24 30 14 20 15 9 2 11 4 5 7 18 
32 1 28 13 22 17 16 24 30 14 20 15 9 2 32 11 4 5 7 18 
33 1 28 13 22 17 16 24 30 14 20 15 9 2 32 11 4 5 7 18 
34 1 28 13 22 3 17 16 24 30 14 20 15 9 2 11 34 4 5 7 18 
35 1 28 13 22 3 17 16 24 30 14 20 15 9 2 11 34 4 5 7 18 
36 1 28 13 22 17 16 24 36 30 14 20 15 9 2 11 34 4 5 7 18 
37 1 28 13 22 17 16 24 36 30 14 20 15 9 2 11 34 4 5 7 18 
38 1 28 13 22 3 17 16 24 30 14 20 15 9 2 11 34 4 5 38 7 18 
39 1 28 13 22 3 17 16 24 30 14 20 15 9 2 11 34 4 5 38 7 18 
40 1 28 13 22 3 17 16 24 30 14 20 15 9 2 11 34 4 5 38 40 7 18 
41 1 28 13 22 3 17 16 24 30 14 20 15 9 2 11 34 4 5 38 40 7 18 
42 1 28 13 22 42 17 16 24 30 14 20 15 9 2 11 34 4 5 38 40 7 18 
43 1 28 13 22 42 17 16 24 30 14 20 15 9 2 11 34 4 5 38 40 7 18 
44 1 28 13 22 3 17 16 24 30 14 20 15 9 2 11 34 4 5 38 40 7 44 18 
45 1 28 13 22 3 17 16 24 30 14 20 15 9 2 11 34 4 5 38 40 44 7 18 
46 1 28 13 22 17 16 24 46 30 14 20 15 9 2 11 34 4 5 38 40 44 7 18 
47 1 28 13 22 17 16 24 46 30 14 20 15 9 2 11 34 4 5 38 40 44 7 18 
48 1 28 13 22 3 17 16 24 30 14 20 15 9 48 2 11 34 4 5 38 40 44 7 18 
49 1 28 13 22 3 17 16 24 30 14 20 15 9 48 2 11 34 4 5 38 40 44 7 18 
50 1 28 13 3 17 16 14 20 48 2 50 34 4 38 40 18 22 24 30 15 9 11 5 44 7 
51 1 28 13 3 17 16 14 20 48 2 50 34 4 38 40 18 22 24 30 15 9 11 5 44 7 
52 1 28 13 17 16 14 20 48 2 50 34 4 38 40 18 22 52 24 30 15 9 11 5 44 7 
53 1 28 13 17 16 14 20 48 2 50 34 4 38 40 18 22 52 24 30 15 9 11 5 44 7 
54 1 28 13 3 17 16 14 20 48 2 50 34 4 38 40 18 22 24 54 30 15 9 11 5 44 7 
55 1 28 13 3 17 16 14 20 48 2 50 34 4 38 40 18 22 24 54 30 15 9 11 5 44 7 
56 1 28 13 17 16 14 20 56 48 2 50 34 4 38 40 18 22 24 54 30 15 9 11 5 44 7 
57 1 28 13 17 16 14 20 56 48 2 50 34 4 38 40 18 22 24 54 30 15 9 11 5 44 7 
58 1 28 13 3 17 16 14 20 58 48 2 50 34 4 38 40 18 22 24 54 30 15 9 11 5 44 7 
59 1 28 13 3 17 16 14 20 58 48 2 50 34 4 38 40 18 22 24 54 30 15 9 11 5 44 7 
60 1 28 13 3 17 16 14 20 58 48 2 50 34 4 38 40 18 22 24 60 54 30 15 9 11 5 44 7 
61 1 28 13 3 17 16 14 20 58 48 2 50 34 4 38 40 18 22 24 60 54 30 15 9 11 5 44 7 
62 1 28 13 17 16 14 20 58 48 2 50 34 4 38 40 18 22 24 60 54 30 15 9 62 11 5 44 7 
63 1 28 13 42 17 3 16 46 14 20 56 58 48 2 32 50 34 4 26 38 40 18 22 52 24 60 36 54 30 15 9 62 11 5 44 7 
