1 1 
2 1 2 
3 3 1 2 
4 3 4 1 2 
5 3 4 1 2 
6 3 4 1 2 6 
7 3 4 1 2 7 6 
8 3 4 1 2 7 6 
9 3 9 4 1 2 7 6 
10 3 9 4 1 10 2 7 6 
11 3 9 4 11 1 10 2 7 6 
12 3 9 4 11 1 10 2 7 6 
13 3 13 9 4 11 1 10 2 7 6 
14 14 3 13 9 4 11 1 10 2 7 6 
15 14 3 13 9 4 11 1 10 2 7 6 15 
16 14 3 13 9 4 11 1 10 2 7 6 15 
17 14 3 13 9 11 2 7 6 17 4 1 10 15 
18 14 3 13 9 11 2 7 6 17 18 4 1 10 15 
19 14 3 13 9 11 2 7 6 17 18 4 1 10 15 
20 14 3 13 9 20 11 2 7 6 17 18 4 1 10 15 
21 14 3 13 21 9 20 11 2 7 6 17 18 4 1 10 15 
22 14 3 13 21 9 20 11 2 7 6 17 22 18 4 1 10 15 
23 14 3 13 21 9 20 11 2 7 6 17 22 18 4 1 10 15 
24 14 3 13 21 9 20 11 2 7 6 17 22 18 4 1 24 10 15 
25 14 3 13 21 9 20 11 2 7 6 17 22 25 18 4 1 24 10 15 
26 14 3 13 21 9 20 11 2 7 6 17 22 25 18 4 1 24 10 15 
27 14 3 13 21 9 20 11 2 7 6 17 22 27 25 18 4 1 24 10 15 
28 14 3 13 21 28 9 20 11 2 7 6 17 22 27 25 18 4 1 24 10 15 
29 29 14 3 13 21 28 9 20 11 2 7 6 17 22 27 25 18 4 1 24 10 15 
30 29 14 3 13 21 28 9 20 11 2 7 6 17 22 27 25 18 4 1 24 10 15 
31 29 14 3 13 21 28 9 20 11 31 2 7 6 17 22 27 25 18 4 1 24 10 15 
32 29 14 3 13 21 28 9 20 11 31 2 7 6 17 22 27 25 32 18 4 1 24 10 15 
33 29 14 3 13 21 28 9 20 11 31 2 7 6 17 22 27 25 32 18 4 1 24 10 15 
34 14 21 28 34 11 31 2 7 6 17 27 18 24 29 3 13 9 20 22 25 32 4 1 10 15 
35 14 21 28 34 11 31 2 7 35 6 17 27 18 24 29 3 13 9 20 22 25 32 4 1 10 15 
36 14 21 28 34 36 11 31 2 7 35 6 17 27 18 24 29 3 13 9 20 22 25 32 4 1 10 15 
37 14 21 28 34 36 11 31 2 7 35 6 17 27 18 24 29 3 13 9 20 22 25 32 4 1 10 15 
38 14 21 28 34 36 11 31 38 2 7 35 6 17 27 18 24 29 3 13 9 20 22 25 32 4 1 10 15 
39 14 21 28 34 36 11 31 39 38 2 7 35 6 17 27 18 24 29 3 13 9 20 22 25 32 4 1 10 15 
40 14 21 28 34 36 11 31 39 38 2 7 35 6 17 27 18 24 29 3 13 9 20 22 25 32 4 1 10 15 
41 14 21 28 34 36 11 31 39 38 2 7 35 6 17 27 18 24 41 29 3 13 9 20 22 25 32 4 1 10 15 
42 14 21 28 34 36 11 42 31 39 38 2 7 35 6 17 27 18 24 41 29 3 13 9 20 22 25 32 4 1 10 15 
43 14 21 28 34 36 11 42 31 39 38 2 7 35 6 17 27 43 18 24 41 29 3 13 9 20 22 25 32 4 1 10 15 
44 14 21 28 34 36 11 42 31 39 38 2 7 35 6 17 27 43 18 24 41 29 3 13 9 20 22 25 32 4 1 10 15 
45 14 21 28 34 36 11 42 31 39 38 2 7 35 6 17 27 43 18 24 41 29 3 13 9 20 22 25 32 4 1 10 15 
