1 1 
2 1 2 
3 1 3 2 
4 1 4 3 2 
5 1 5 4 3 2 
6 1 5 4 3 6 2 
7 7 1 5 4 3 6 2 
8 7 1 5 4 3 6 8 2 
9 7 9 1 5 4 3 6 8 2 
10 7 9 1 5 4 3 6 10 8 2 
11 7 9 1 5 4 3 6 10 8 2 11 
12 7 9 1 5 4 12 3 6 10 8 2 11 
13 7 9 1 13 10 11 5 4 12 3 6 8 2 
14 7 9 1 13 10 11 5 4 12 3 6 8 2 
15 7 9 1 13 10 11 5 4 15 12 3 6 8 2 
16 7 9 1 13 10 11 5 4 15 12 16 3 6 8 2 
17 7 9 17 1 13 10 11 5 4 15 12 16 3 6 8 2 
18 7 9 17 1 18 13 10 11 5 4 15 12 16 3 6 8 2 
19 7 9 17 1 18 13 10 11 19 5 4 15 12 16 3 6 8 2 
20 7 9 17 1 18 13 10 11 19 20 5 4 15 12 16 3 6 8 2 
21 7 9 17 1 18 13 10 11 19 20 5 4 15 12 16 3 6 8 2 
22 7 9 17 1 18 13 10 11 19 20 5 4 15 12 16 3 6 22 8 2 
23 7 9 17 1 18 13 10 11 19 20 5 4 15 12 16 3 6 22 8 2 
24 7 9 1 13 10 24 11 5 4 12 3 6 8 2 
25 7 9 1 13 10 24 11 5 4 12 3 6 8 25 2 
26 7 9 1 26 13 10 24 11 5 4 12 3 6 8 25 2 
27 7 9 1 26 27 13 10 24 11 5 4 12 3 6 8 25 2 
28 7 9 1 26 27 13 10 28 24 11 5 4 12 3 6 8 25 2 
29 7 9 1 26 27 13 10 28 24 11 5 4 12 29 3 6 8 25 2 
30 7 9 1 26 27 13 10 28 24 11 5 4 12 29 3 6 8 25 2 
31 7 9 1 26 27 13 10 28 24 11 5 4 31 12 29 3 6 8 25 2 
32 7 1 27 28 24 11 19 4 31 12 16 29 3 6 22 8 2 9 17 18 26 13 10 20 32 5 15 25 
33 7 1 27 28 24 11 19 4 31 12 16 29 3 6 22 8 2 9 17 18 26 13 10 20 32 5 15 25 
34 7 1 27 28 24 11 19 4 31 12 16 29 3 6 22 8 2 9 17 18 26 13 10 20 32 5 15 25 
35 7 1 27 28 24 11 19 4 31 12 16 29 3 6 22 8 2 9 17 18 26 13 10 20 32 5 15 25 
36 7 1 27 28 24 11 19 4 31 12 16 29 3 6 22 8 2 9 17 18 26 13 10 20 32 5 15 25 
