1 1 
2 1 2 
3 1 2 3 
4 1 2 3 4 
5 1 2 5 3 4 
6 1 2 5 3 4 6 
7 1 2 5 3 7 4 6 
8 1 2 5 3 7 4 6 
9 1 2 9 5 3 7 4 6 
10 1 2 9 5 10 3 7 4 6 
11 1 2 9 5 10 3 7 11 4 6 
12 1 2 12 9 5 10 3 7 11 4 6 
13 1 2 13 12 9 5 10 3 7 11 4 6 
14 1 13 12 10 3 7 11 4 14 2 9 5 6 
15 1 13 15 12 10 3 7 11 4 14 2 9 5 6 
16 1 13 15 12 16 10 3 7 11 4 14 2 9 5 6 
17 1 13 15 12 16 10 3 7 11 4 14 2 9 5 6 
18 1 13 15 12 16 10 3 7 11 4 2 18 9 5 6 
19 1 13 15 12 16 10 3 7 11 4 2 18 9 5 6 
20 1 13 15 12 16 10 3 7 11 4 14 2 20 9 5 6 
21 1 13 15 12 16 10 3 7 11 4 14 2 20 9 5 6 
22 1 13 15 12 22 16 10 3 7 11 4 14 2 20 9 5 6 
23 1 13 15 12 22 23 16 10 3 7 11 4 14 2 20 9 5 6 
24 1 13 15 12 22 24 23 16 10 3 7 11 4 2 20 9 5 6 
25 1 13 15 12 22 24 23 16 10 3 7 11 4 2 20 9 5 6 
26 1 26 13 15 12 16 10 3 7 11 4 14 2 20 9 5 6 
27 1 26 13 15 12 16 10 3 7 11 4 14 2 20 9 5 6 
28 28 1 26 13 15 12 16 10 3 7 11 4 14 2 20 9 5 6 
29 28 1 29 26 13 15 12 16 10 3 7 11 4 2 20 9 5 6 
30 28 1 29 26 13 15 12 22 24 23 16 10 3 7 11 4 14 2 20 18 30 9 5 6 
31 28 1 29 26 13 15 12 22 24 23 16 10 3 7 11 4 14 2 20 18 30 9 5 6 
32 28 1 29 16 3 7 14 32 18 26 13 15 12 22 24 23 10 11 4 2 20 30 9 5 6 
33 28 1 29 16 3 7 14 32 18 33 26 13 15 12 22 24 23 10 11 4 2 20 30 9 5 6 
34 28 34 1 29 16 3 7 14 32 18 33 26 13 15 12 22 24 23 10 11 4 2 20 30 9 5 6 
35 28 34 1 29 16 3 7 14 32 18 33 35 26 13 12 22 24 23 10 11 4 2 20 30 9 5 6 
36 28 34 1 29 16 3 7 14 32 18 33 35 26 13 12 22 24 23 10 11 4 2 20 30 9 5 6 
37 28 1 29 37 16 3 7 14 18 26 13 15 12 22 24 23 10 11 4 2 20 30 9 5 6 
38 28 1 29 37 16 3 7 14 18 26 13 15 12 22 24 23 10 11 4 2 20 30 9 5 6 
39 28 1 29 37 16 3 7 39 14 18 26 13 15 12 22 24 23 10 11 4 2 20 30 9 5 6 
40 28 1 29 37 16 3 7 39 14 18 26 13 15 12 22 24 40 23 10 11 4 2 20 30 9 5 6 
41 28 1 29 37 16 3 7 39 14 41 18 26 13 15 12 22 24 40 23 10 11 4 2 20 30 9 5 6 
42 28 1 29 37 16 3 7 39 14 42 41 18 26 13 15 12 22 24 40 23 10 11 4 2 20 30 9 5 6 
43 28 1 29 37 16 3 7 39 14 42 41 18 26 13 12 22 24 40 23 10 11 4 43 2 20 30 9 5 6 
44 28 1 29 37 16 3 7 39 14 42 41 18 26 13 12 22 24 40 23 10 11 4 43 2 20 30 9 5 6 
45 28 1 29 37 16 3 7 14 18 45 26 13 15 12 22 24 23 10 11 4 2 20 30 9 5 6 
46 28 1 29 37 16 3 7 14 18 45 26 13 15 12 22 24 23 10 11 4 2 20 30 9 5 6 
47 28 47 1 29 37 16 3 7 14 18 45 26 13 12 22 24 23 10 11 4 2 20 30 9 5 6 
48 28 47 1 29 37 16 3 7 14 18 45 26 13 12 22 24 23 10 11 4 2 20 30 9 5 6 
49 28 1 29 37 49 16 3 7 14 18 45 26 13 15 12 22 24 23 10 11 4 2 20 30 9 5 6 
50 28 1 29 37 49 16 3 7 14 18 45 26 13 15 12 22 24 23 10 11 4 2 20 30 9 5 6 
51 28 1 29 37 49 16 3 7 14 18 45 26 13 12 22 24 23 10 11 4 51 2 20 30 9 5 6 
52 28 1 29 37 49 16 3 7 14 18 45 26 13 12 22 24 23 10 11 4 51 2 20 30 9 5 6 
53 28 1 29 53 37 49 16 3 7 14 18 45 26 13 15 12 22 24 23 10 11 4 2 20 30 9 5 6 
54 28 1 29 53 37 49 16 3 7 14 18 45 26 13 15 12 22 24 23 10 11 4 2 20 30 9 5 6 
55 28 1 29 53 37 49 16 3 7 14 18 45 26 13 12 22 24 55 23 10 11 4 2 20 30 9 5 6 
56 28 34 47 1 29 53 37 49 16 3 7 39 14 32 42 41 18 45 33 35 26 13 15 12 22 24 40 55 23 10 11 4 51 43 2 20 30 9 5 6 
57 28 34 47 1 29 53 37 49 16 3 7 39 14 32 42 41 18 45 33 35 26 13 15 12 22 24 40 55 23 10 11 4 51 43 2 20 30 9 5 6 
58 28 34 47 1 29 53 37 49 16 3 7 39 14 32 42 41 18 45 33 35 26 13 15 12 22 24 40 55 23 10 11 4 51 43 2 20 30 9 5 6 
