1 1 
2 1 2 
3 1 2 3 
4 1 4 2 3 
5 1 5 4 2 3 
6 1 5 4 2 3 
7 1 5 4 2 3 
8 1 5 4 2 3 
9 1 5 4 9 2 3 
10 1 5 4 9 2 3 
11 1 5 4 9 2 3 
12 1 5 4 9 2 3 
13 1 5 4 9 2 3 
14 1 5 14 4 9 2 3 
15 1 5 14 4 9 2 3 
16 1 5 14 4 9 2 16 3 
17 1 5 14 4 20 9 18 2 16 3 
18 1 5 14 4 20 9 18 2 16 3 
19 1 5 14 4 20 9 18 2 16 3 
20 1 5 14 4 20 9 18 2 3 
21 1 5 14 4 20 9 18 2 3 
22 1 5 14 4 20 22 9 18 2 16 3 
23 1 5 14 4 22 20 9 18 2 16 3 
24 1 5 14 4 22 20 24 9 18 2 16 3 
25 1 5 14 4 22 20 24 9 18 2 16 3 
26 1 14 18 2 3 5 4 22 20 24 9 26 16 
27 1 14 18 2 3 5 4 22 20 24 9 26 16 
28 1 14 18 2 3 5 4 22 20 24 9 28 26 16 
29 1 14 18 2 3 5 4 22 20 24 9 28 26 16 
30 1 14 30 18 2 3 5 4 22 20 24 9 28 26 16 
31 1 14 30 18 2 3 5 4 22 20 24 9 28 26 16 
32 1 14 30 18 2 3 5 4 22 20 24 9 28 26 16 
33 1 14 33 18 2 3 5 4 22 20 24 9 28 26 16 
34 1 14 33 18 2 3 5 4 22 20 24 9 28 26 16 
35 1 14 33 18 35 2 3 5 4 22 20 24 9 28 26 16 
36 1 14 33 18 35 2 3 5 4 22 20 24 9 28 26 16 
37 1 14 33 18 35 2 3 5 4 22 20 24 9 28 26 16 
38 1 14 33 18 2 3 5 4 22 20 24 38 9 28 26 16 
39 1 14 33 18 2 3 5 4 22 20 24 38 9 28 26 16 
40 1 14 33 18 2 3 5 40 4 22 20 24 38 9 28 26 16 
41 1 14 33 18 2 3 5 40 4 22 20 24 38 9 28 26 16 
42 1 14 33 18 2 3 5 40 4 22 20 24 38 9 28 26 16 
43 1 14 33 18 2 3 5 4 22 20 24 38 43 9 28 26 16 
44 1 14 33 18 2 3 5 4 22 20 24 38 43 9 28 26 16 
45 1 14 33 18 2 3 5 4 22 20 24 38 45 43 9 28 26 16 
46 1 14 33 18 2 3 5 4 22 20 24 38 45 43 9 28 26 16 
47 1 14 30 33 18 35 2 3 5 40 4 22 20 47 24 38 45 43 9 28 26 16 
48 1 14 30 33 18 35 2 3 5 40 4 22 47 20 24 38 45 43 9 28 26 16 
49 1 14 30 33 18 35 2 3 5 40 4 22 47 20 24 38 45 43 9 28 26 16 
50 1 14 30 33 18 35 2 3 5 40 4 22 47 20 24 38 45 43 9 28 26 16 
51 1 14 30 33 18 35 2 3 5 40 4 22 47 20 24 38 45 43 9 28 26 16 
