1 1 
2 2 1 
3 2 1 
4 2 1 
5 2 5 1 
6 2 5 1 
7 2 5 1 
8 2 5 1 8 
9 2 5 1 8 
10 2 5 1 8 
11 11 2 5 1 8 
12 11 2 5 1 8 12 
13 11 2 5 1 8 13 12 
14 14 11 2 5 1 8 13 12 
15 14 11 2 5 1 8 13 12 
16 14 11 2 5 1 8 13 12 
17 14 11 2 5 1 8 13 12 17 
18 14 11 2 5 1 8 18 13 12 17 
19 14 11 19 2 5 1 8 18 13 12 17 
20 14 11 19 2 5 1 8 18 13 12 17 
21 14 11 19 2 5 1 8 18 13 12 17 
22 14 11 19 2 5 1 8 18 22 13 12 17 
23 11 22 17 14 19 2 5 1 8 18 13 12 23 
24 11 22 17 14 19 2 5 1 8 18 13 12 24 23 
25 11 22 17 14 19 2 5 1 8 18 13 12 24 23 
26 11 22 17 14 19 2 5 1 8 18 13 12 24 23 
27 11 22 17 14 19 27 2 5 1 8 18 13 12 24 23 
28 11 22 17 14 19 27 2 5 1 8 18 13 12 24 28 23 
29 11 22 17 14 19 27 2 5 1 8 18 29 13 12 24 28 23 
30 11 22 17 14 19 27 2 5 1 8 18 29 13 12 24 28 23 
31 11 22 17 14 19 27 2 5 1 8 18 29 13 12 24 28 23 
32 11 22 17 14 19 27 2 5 1 8 18 29 13 12 24 28 23 
