1 1 
2 1 2 
3 1 3 2 
4 4 1 3 2 
5 4 1 5 3 2 
6 4 1 5 3 2 6 
7 4 1 5 3 2 6 
8 4 1 8 5 3 2 6 
9 4 1 8 5 3 2 9 6 
10 4 1 10 8 5 3 2 9 6 
11 4 1 10 8 5 11 3 2 9 6 
12 4 1 10 8 5 11 3 2 9 12 6 
13 4 1 10 8 5 11 3 2 9 12 13 6 
14 4 8 11 3 12 14 1 10 5 2 9 13 6 
15 4 8 11 3 12 14 1 10 5 15 2 9 13 6 
16 4 8 11 3 12 14 16 1 10 5 15 2 9 13 6 
17 4 8 11 3 12 14 16 1 10 17 5 15 2 9 13 6 
18 4 8 11 3 12 14 16 1 10 17 5 15 18 2 9 13 6 
19 4 8 11 3 12 14 16 1 10 17 5 15 18 2 9 13 19 6 
20 4 8 20 11 3 12 14 16 1 10 17 5 15 18 2 9 13 19 6 
21 4 21 8 20 11 3 12 14 16 1 10 17 5 15 18 2 9 13 19 6 
22 4 21 8 20 22 11 3 12 14 16 1 10 17 5 15 18 2 9 13 19 6 
23 4 21 8 20 22 11 3 12 14 16 1 10 17 5 15 18 2 9 13 19 6 
24 4 21 8 20 11 3 12 14 16 1 10 17 5 24 15 18 2 9 13 19 6 
25 4 21 8 20 22 11 3 12 14 16 25 1 10 17 5 24 15 18 2 9 13 19 6 
26 4 21 8 26 20 22 11 3 12 14 16 25 1 10 17 5 24 15 18 2 9 13 19 6 
27 20 22 27 3 5 24 2 9 19 6 4 21 8 26 11 12 14 16 25 1 10 17 15 18 13 
28 20 22 27 3 28 5 24 2 9 19 6 4 21 8 26 11 12 14 16 25 1 10 17 15 18 13 
29 20 22 27 3 28 5 24 2 9 19 6 4 21 8 26 11 12 14 16 25 1 10 17 15 18 13 
30 20 22 27 3 28 5 24 2 9 19 6 4 21 8 26 11 12 14 16 25 1 10 17 15 18 13 30 
31 20 22 27 3 28 5 24 31 2 9 19 6 4 21 8 26 11 12 14 16 25 1 10 17 15 18 13 30 
32 20 22 27 3 28 5 24 31 2 9 19 6 4 21 8 26 11 12 14 16 25 1 10 17 15 18 32 13 30 
33 20 22 27 3 28 5 24 31 2 9 19 6 33 4 21 8 26 11 12 14 16 25 1 10 17 15 18 32 13 30 
34 20 22 27 3 28 5 24 31 2 9 19 6 33 4 21 8 26 11 12 14 16 25 1 10 17 15 18 32 13 30 
35 20 22 27 3 28 5 24 31 2 9 19 6 33 4 21 8 26 11 12 14 16 25 1 10 17 35 15 18 32 13 30 
36 20 22 27 36 3 28 5 24 31 2 9 19 6 33 4 21 8 26 11 12 14 16 25 1 10 17 35 15 18 32 13 30 
37 20 22 27 36 3 28 5 24 31 2 9 19 6 33 4 21 8 26 11 12 14 16 25 1 10 17 35 15 18 32 13 30 
38 20 22 27 36 3 28 5 24 31 2 9 19 6 33 4 21 8 26 11 12 14 16 25 1 10 17 35 15 18 32 13 30 
39 20 27 36 3 28 5 31 2 9 19 6 33 4 21 8 26 11 12 14 16 25 1 10 17 35 15 18 32 13 30 39 
40 20 27 36 40 3 28 5 31 2 9 19 6 33 4 21 8 26 11 12 14 16 25 1 10 17 35 15 18 32 13 30 39 
41 20 27 36 40 3 28 5 31 2 9 19 6 33 4 21 8 26 11 12 14 16 25 1 10 17 41 35 15 18 32 13 30 39 
42 20 27 36 40 3 28 5 31 42 2 9 19 6 33 4 21 8 26 11 12 14 16 25 1 10 17 41 35 15 18 32 13 30 39 
43 20 27 36 40 3 28 5 43 31 42 2 9 19 6 33 4 21 8 26 11 12 14 16 25 1 10 17 41 35 15 18 32 13 30 39 
44 20 27 36 40 44 3 28 5 43 31 42 2 9 19 6 33 4 21 8 26 11 12 14 16 25 1 10 17 41 35 15 18 32 13 30 39 
45 20 27 36 40 44 3 28 5 43 31 42 2 9 19 6 33 4 21 8 26 11 12 14 16 25 1 10 17 41 35 15 18 32 13 30 39 45 
46 20 27 36 40 44 46 3 28 5 43 31 42 2 9 19 6 33 4 21 8 26 11 12 14 16 25 1 10 17 41 35 15 18 32 13 30 39 45 
47 20 27 36 40 44 46 3 28 47 5 43 31 42 2 9 19 6 33 4 21 8 26 11 12 14 16 25 1 10 17 41 35 15 18 32 13 30 39 45 
48 20 27 36 40 44 46 3 28 47 5 43 31 42 2 9 19 6 33 4 21 8 26 11 12 14 16 25 1 10 17 41 35 15 18 32 13 30 39 45 
49 20 27 36 40 44 46 3 49 28 47 5 43 31 42 2 9 19 6 33 4 21 8 26 11 12 14 16 25 1 10 17 41 35 15 18 32 13 30 39 45 
50 20 27 36 40 44 46 3 49 28 47 5 43 31 42 2 9 19 6 33 4 21 8 26 11 12 14 16 25 1 10 17 41 35 15 18 32 13 30 39 45 
51 20 27 36 40 44 46 3 49 28 47 5 43 31 42 2 9 19 6 33 4 21 8 26 51 11 12 14 16 25 1 10 17 41 35 15 18 32 13 30 39 45 
52 20 27 36 40 44 46 3 49 28 47 5 43 31 42 2 9 19 6 33 4 21 8 26 51 11 12 14 16 25 1 10 17 41 35 15 18 32 13 30 39 45 
53 20 27 36 40 44 46 3 49 28 47 5 43 31 42 2 9 19 6 33 4 21 8 26 51 11 12 14 16 25 1 10 17 41 35 15 18 32 13 30 39 45 
54 20 27 36 40 44 46 3 49 28 47 5 43 31 42 2 9 19 6 33 4 21 8 26 51 11 12 14 16 25 1 10 17 41 35 15 18 32 13 30 39 45 
55 20 27 36 40 44 46 3 49 28 47 5 43 31 42 2 9 19 6 33 4 21 8 26 51 11 12 14 16 25 1 10 17 41 35 15 55 18 32 13 30 39 45 
56 20 27 36 40 44 46 3 49 28 47 5 43 31 42 2 9 19 6 33 4 21 8 26 51 11 12 14 16 25 1 10 17 41 35 15 55 18 32 13 30 39 45 
57 20 27 36 40 44 46 3 49 28 47 5 43 31 42 57 2 9 19 6 33 4 21 8 26 51 11 12 14 16 25 1 10 17 41 35 15 55 18 32 13 30 39 45 
58 20 27 36 40 44 46 3 49 28 47 5 43 31 42 57 2 9 19 6 33 4 21 8 26 51 58 11 12 14 16 25 1 10 17 41 35 15 55 18 32 13 30 39 45 
59 20 59 27 36 40 44 46 3 49 28 47 5 43 31 42 57 2 9 19 6 33 4 21 8 26 51 58 11 12 14 16 25 1 10 17 41 35 15 55 18 32 13 30 39 45 
60 20 59 27 36 40 44 46 3 49 28 47 5 43 31 42 57 2 9 19 6 33 4 21 8 26 51 58 11 12 14 16 25 1 10 17 41 35 15 55 18 32 13 30 39 45 
61 61 20 59 27 36 40 44 46 3 49 28 47 5 43 31 42 57 2 9 19 6 33 4 21 8 26 51 58 11 12 14 16 25 1 10 17 41 35 15 55 18 32 13 30 39 45 
62 61 20 59 27 36 40 44 46 3 49 28 47 5 43 31 42 57 2 9 19 6 33 4 21 8 26 51 58 11 12 14 16 25 1 10 17 41 35 15 55 18 32 13 30 39 45 
63 61 20 59 27 36 40 44 46 3 49 28 47 5 43 31 42 57 2 9 19 6 33 4 21 8 26 51 58 11 12 14 16 25 1 10 17 41 35 15 55 18 32 13 30 39 45 
64 61 20 59 27 36 40 44 46 3 49 28 47 5 43 31 42 57 2 9 19 6 33 4 21 8 26 51 58 11 12 14 16 25 1 10 17 41 35 15 55 18 32 13 30 39 45 
