1 1 
2 2 1 
3 2 3 1 
4 2 3 4 1 
5 5 2 3 4 1 
6 5 2 6 3 4 1 
7 5 2 6 3 4 7 1 
8 5 2 6 3 4 7 1 
9 5 2 9 6 3 4 7 1 
10 5 2 9 6 10 3 4 7 1 
11 5 2 9 6 10 3 4 7 1 
12 5 2 9 6 10 12 3 4 7 1 
13 5 2 9 6 10 12 13 3 4 7 1 
14 5 2 9 6 10 12 13 3 4 7 1 
15 5 15 2 9 6 10 12 13 3 4 7 1 
16 15 2 9 6 10 12 7 1 5 13 3 4 16 
17 15 2 9 6 10 12 7 1 5 13 3 4 16 
18 15 2 9 6 10 12 7 1 5 13 3 4 16 
19 5 2 9 6 10 12 13 19 3 4 7 1 
20 5 2 9 6 10 12 13 19 3 4 7 1 
21 2 9 6 10 12 21 7 1 5 13 19 3 4 
22 2 9 6 10 12 21 7 1 5 22 13 19 3 4 
23 2 9 6 10 12 21 7 1 5 22 13 19 3 4 
24 15 24 2 9 6 10 12 21 7 1 5 22 13 19 3 4 16 
25 15 24 2 9 6 10 12 21 7 1 5 22 13 19 3 4 16 
26 15 24 2 9 6 10 12 26 21 7 1 5 22 13 19 3 4 16 
27 15 24 2 9 6 10 12 26 21 7 1 5 22 13 19 3 4 27 16 
28 15 28 24 2 9 6 10 12 26 21 7 1 5 22 13 19 3 4 27 16 
29 15 28 24 2 9 6 10 12 26 21 7 1 5 22 29 13 19 3 4 27 16 
30 15 28 24 2 9 6 10 12 26 21 7 1 5 22 29 13 19 3 4 27 16 
31 15 28 24 2 9 6 10 12 26 21 7 31 1 5 22 29 13 19 3 4 27 16 
32 15 28 32 24 2 9 6 10 12 26 21 7 31 1 5 22 29 13 19 3 4 27 16 
33 15 28 32 24 2 9 6 10 12 26 21 7 31 1 5 22 29 13 19 3 4 27 16 
34 15 28 32 34 24 2 9 6 10 12 26 21 7 31 1 5 22 29 13 19 3 4 27 16 
35 15 32 34 24 2 10 12 26 21 7 1 22 29 35 27 16 28 9 6 31 5 13 19 3 4 
36 15 32 34 24 2 10 12 26 21 7 1 22 29 35 27 16 28 9 6 31 5 13 19 3 4 
37 15 32 34 24 2 10 12 26 21 7 1 22 29 35 27 16 28 9 6 31 5 13 19 3 4 
38 15 28 24 2 9 6 10 12 26 21 7 1 5 22 29 13 19 38 3 4 27 16 
39 15 28 24 2 9 6 10 12 26 21 7 1 5 22 29 13 19 38 3 4 27 16 
40 15 28 24 2 9 6 10 12 26 21 7 1 5 22 29 13 19 38 3 4 40 27 16 
41 15 28 24 2 9 6 10 12 26 21 7 1 5 22 29 13 19 38 3 4 40 27 16 41 
42 15 28 24 2 9 6 10 12 26 21 7 1 5 22 29 13 19 38 3 4 40 27 16 41 
43 15 24 2 10 12 26 21 7 1 22 29 40 27 16 41 28 9 6 5 43 13 19 38 3 4 
44 15 24 2 10 12 26 21 7 1 22 29 40 27 16 41 28 9 6 5 43 44 13 19 38 3 4 
45 15 24 2 10 12 26 21 7 1 22 29 40 27 16 41 28 9 6 5 43 44 13 19 38 3 4 
46 15 32 34 24 2 10 12 26 21 7 1 22 29 35 40 27 16 41 28 9 6 31 5 43 44 13 19 38 3 4 
