1 1 
2 1 2 
3 1 2 3 
4 1 4 2 3 
5 5 1 4 2 3 
6 5 1 4 2 3 6 
7 5 7 1 4 2 3 6 
8 5 7 1 4 2 8 3 6 
9 9 5 7 1 4 2 8 3 6 
10 9 5 7 1 4 2 8 10 3 6 
11 9 5 7 1 4 2 8 10 3 6 11 
12 9 5 7 1 4 2 8 10 3 6 11 12 
13 9 13 7 1 4 8 10 3 6 5 2 11 12 
14 9 13 7 1 4 8 10 3 6 5 2 14 11 12 
15 9 13 7 1 4 8 10 3 6 5 2 14 11 12 15 
16 9 13 7 1 4 8 10 3 6 5 16 2 14 11 12 15 
17 9 13 7 1 4 8 10 3 6 17 5 16 2 14 11 12 15 
18 9 13 7 1 4 8 10 18 3 6 17 5 16 2 14 11 12 15 
19 9 13 7 1 4 8 10 18 3 6 17 5 16 2 14 11 12 15 19 
20 9 13 7 1 4 8 10 18 3 6 17 20 5 16 2 14 11 12 15 19 
21 9 13 7 1 4 8 10 18 3 6 17 20 5 16 2 21 14 11 12 15 19 
22 9 13 7 1 4 22 8 10 18 3 6 17 20 5 16 2 21 14 11 12 15 19 
23 9 13 7 1 4 22 8 10 18 3 6 17 20 5 16 2 21 14 23 11 12 15 19 
24 9 13 7 1 4 22 8 10 18 3 6 17 20 5 16 2 24 21 14 23 11 12 15 19 
25 9 1 4 8 18 2 24 21 14 15 19 13 7 22 10 3 6 17 20 5 16 25 23 11 12 
26 9 1 26 4 8 18 2 24 21 14 15 19 13 7 22 10 3 6 17 20 5 16 25 23 11 12 
27 9 1 26 4 8 18 27 2 24 21 14 15 19 13 7 22 10 3 6 17 20 5 16 25 23 11 12 
28 9 1 26 4 8 18 27 2 24 21 14 15 19 13 7 22 10 3 6 28 17 20 5 16 25 23 11 12 
29 9 1 26 4 8 18 27 2 24 21 14 15 19 13 7 22 10 3 6 29 28 17 20 5 16 25 23 11 12 
30 9 1 26 4 8 18 27 2 24 21 14 15 19 13 7 22 10 3 6 29 28 17 20 5 16 25 23 11 12 
31 9 1 26 4 8 18 31 27 2 24 21 14 15 19 13 7 22 10 3 6 29 28 17 20 5 16 25 23 11 12 
32 9 1 26 4 8 18 31 27 2 24 21 14 15 19 13 7 22 10 3 6 29 28 17 20 5 16 25 23 11 12 
33 9 1 26 4 8 18 31 27 2 24 21 14 15 19 13 7 22 10 3 6 29 28 33 17 20 16 25 23 11 12 
34 9 1 26 4 8 18 31 27 2 24 21 14 15 19 13 7 22 10 3 6 29 28 33 17 20 16 25 23 11 12 
35 9 1 26 4 8 18 35 27 2 24 21 14 15 19 13 7 22 10 3 6 29 28 17 20 5 16 25 23 11 12 
36 9 1 26 4 8 18 35 27 2 24 21 14 15 19 13 7 22 10 3 6 29 28 17 20 5 16 25 23 11 12 
37 9 1 26 4 8 18 35 27 2 24 21 14 15 19 13 7 22 10 3 6 37 29 28 17 20 5 16 25 23 11 12 
38 9 1 26 4 8 18 35 27 2 24 21 14 15 19 13 7 22 10 3 6 37 29 28 17 20 5 16 25 23 11 12 
39 9 39 1 26 4 8 18 35 27 2 24 21 14 15 19 13 7 22 10 3 6 37 29 28 17 20 16 25 23 11 12 
40 9 39 1 26 4 8 18 35 27 2 24 21 14 15 19 13 7 22 10 3 6 37 29 28 17 20 16 25 23 11 12 
41 9 1 26 4 41 8 18 35 27 2 24 21 14 15 19 13 7 22 10 3 6 29 28 17 20 5 16 25 23 11 12 
42 9 1 26 4 41 8 18 35 27 2 24 21 14 15 19 13 7 22 10 3 6 29 28 17 20 5 16 25 23 11 12 
43 9 1 26 4 41 8 18 35 27 2 24 21 14 15 19 13 7 22 10 3 6 29 28 17 20 5 16 43 25 23 11 12 
44 9 1 26 4 41 8 18 35 27 2 24 21 14 15 19 13 7 22 10 3 6 29 28 17 20 5 16 43 25 23 11 12 
45 9 1 26 4 41 8 18 35 27 2 24 21 14 45 15 19 13 7 22 10 3 6 29 28 17 20 16 43 25 23 11 12 
46 9 1 26 4 41 8 18 35 27 2 24 21 14 45 15 19 13 7 22 10 3 6 29 28 17 20 16 43 25 23 11 12 
47 9 1 26 4 41 8 18 35 47 27 2 24 21 14 15 19 13 7 22 10 3 6 29 28 17 20 5 16 25 23 11 12 
48 9 1 26 4 41 8 18 35 47 27 2 24 21 14 15 19 13 7 22 10 3 6 29 28 17 20 5 16 25 23 11 12 
49 9 1 26 4 41 8 18 35 47 27 2 24 21 14 15 19 13 7 22 10 3 6 29 28 49 17 20 5 16 25 23 11 12 
50 9 1 26 4 41 8 18 35 47 27 2 24 21 14 15 19 13 7 22 10 3 6 29 28 49 17 20 5 16 25 23 11 12 
51 9 1 26 4 41 8 18 35 47 27 2 24 21 14 15 19 13 51 7 22 10 3 6 29 28 49 17 20 16 25 23 11 12 
52 9 1 26 4 41 8 18 35 47 27 2 24 21 14 15 19 13 51 7 22 10 3 6 29 28 49 17 20 16 25 23 11 12 
53 9 53 1 26 4 41 8 18 35 47 27 2 24 21 14 15 19 13 7 22 10 3 6 29 28 17 20 5 16 25 23 11 12 
54 9 53 1 26 4 41 8 18 35 47 27 2 24 21 14 15 19 13 7 22 10 3 6 29 28 17 20 5 16 25 23 11 12 
55 9 53 1 26 4 41 8 18 35 47 27 2 24 21 14 15 19 13 7 55 22 10 3 6 29 28 17 20 5 16 25 23 11 12 
56 9 53 1 26 4 41 8 18 35 47 27 2 24 21 14 15 19 13 7 55 22 10 3 6 29 28 17 20 5 16 25 23 11 12 
57 9 53 1 26 4 41 8 18 35 47 57 27 2 24 21 14 15 19 13 7 55 22 10 3 6 29 28 17 20 16 25 23 11 12 
58 9 53 1 26 4 41 8 18 35 47 57 27 2 24 21 14 15 19 13 7 55 22 10 3 6 29 28 17 20 16 25 23 11 12 
59 9 53 1 26 4 41 8 18 35 47 27 2 24 21 14 15 19 13 7 22 10 3 6 29 28 17 59 20 5 16 25 23 11 12 
60 9 53 1 26 4 41 8 18 35 47 27 2 24 21 14 15 19 13 7 22 10 3 6 29 28 17 59 20 5 16 25 23 11 12 
61 9 53 1 26 4 41 8 18 35 47 27 2 24 21 14 15 19 13 7 22 10 3 6 29 28 61 17 59 20 5 16 25 23 11 12 
62 9 53 1 26 4 41 8 18 35 47 27 2 24 21 14 15 19 13 7 22 10 3 6 29 28 61 17 59 20 5 16 25 23 11 12 
63 9 53 1 26 4 41 8 18 35 47 27 2 24 21 14 15 19 13 7 22 10 3 6 29 28 61 17 59 20 16 25 63 23 11 12 
64 9 53 1 26 4 41 8 18 35 47 27 2 24 21 14 15 19 13 7 22 10 3 6 29 28 61 17 59 20 16 25 63 23 11 12 
65 9 53 1 26 4 41 8 18 35 47 27 2 24 21 14 15 19 13 7 22 10 3 6 29 28 17 59 20 5 16 25 23 65 11 12 
66 9 53 1 26 4 41 8 18 35 47 27 2 24 21 14 15 19 13 7 22 10 3 6 29 28 17 59 20 5 16 25 23 65 11 12 
67 9 53 1 26 4 41 8 18 35 47 67 27 2 24 21 14 15 19 13 7 22 10 3 6 29 28 17 59 20 5 16 25 23 65 11 12 
68 9 53 1 26 4 41 8 18 35 47 67 27 2 24 21 14 15 19 13 7 22 10 3 6 29 28 17 59 20 5 16 25 23 65 11 12 
69 9 53 1 26 4 41 8 18 35 47 67 27 2 24 69 21 14 15 19 13 7 22 10 3 6 29 28 17 59 20 16 25 23 65 11 12 
70 9 53 1 26 4 41 8 18 35 47 67 27 2 24 69 21 14 15 19 13 7 22 10 3 6 29 28 17 59 20 16 25 23 65 11 12 
71 9 53 1 26 71 4 41 8 18 35 47 27 2 24 21 14 15 19 13 7 22 10 3 6 29 28 17 59 20 5 16 25 23 65 11 12 
72 9 53 1 26 71 4 41 8 18 35 47 27 2 24 21 14 15 19 13 7 22 10 3 6 29 28 17 59 20 5 16 25 23 65 11 12 
73 9 53 1 26 71 4 41 8 18 35 47 27 2 24 21 14 15 19 13 7 22 10 73 3 6 29 28 17 59 20 5 16 25 23 65 11 12 
74 9 53 1 26 71 4 41 8 18 35 47 27 2 24 21 14 15 19 13 7 22 10 73 3 6 29 28 17 59 20 5 16 25 23 65 11 12 
75 9 53 1 26 71 4 41 8 18 35 47 75 27 2 24 21 14 15 19 13 7 22 10 73 3 6 29 28 17 59 20 16 25 23 65 11 12 
76 9 53 1 26 71 4 41 8 18 35 47 75 27 2 24 21 14 15 19 13 7 22 10 73 3 6 29 28 17 59 20 16 25 23 65 11 12 
77 9 77 53 1 26 71 4 41 8 18 35 47 27 2 24 21 14 15 19 13 7 22 10 3 6 29 28 17 59 20 5 16 25 23 65 11 12 
78 9 77 53 1 26 71 4 41 8 18 35 47 27 2 24 21 14 15 19 13 7 22 10 3 6 29 28 17 59 20 5 16 25 23 65 11 12 
79 9 77 79 53 1 26 71 4 41 8 18 35 47 27 2 24 21 14 15 19 13 7 22 10 3 6 29 28 17 59 20 5 16 25 23 65 11 12 
80 9 77 79 53 1 26 71 4 41 8 18 35 47 27 2 24 21 14 15 19 13 7 22 10 3 6 29 28 17 59 20 5 16 25 23 65 11 12 
81 9 77 79 53 1 26 71 4 41 8 18 35 47 27 2 24 21 14 81 15 19 13 7 22 10 3 6 29 28 17 59 20 16 25 23 65 11 12 
82 9 77 79 53 1 26 71 4 41 8 18 35 47 27 2 24 21 14 81 15 19 13 7 22 10 3 6 29 28 17 59 20 16 25 23 65 11 12 
83 9 77 53 1 26 71 4 41 8 18 35 47 27 2 24 21 14 15 19 13 7 22 10 3 6 29 28 83 17 59 20 5 16 25 23 65 11 12 
84 9 77 53 1 26 71 4 41 8 18 35 47 27 2 24 21 14 15 19 13 7 22 10 3 6 29 28 83 17 59 20 5 16 25 23 65 11 12 
85 9 77 53 1 26 71 4 41 8 18 35 47 27 2 24 21 14 15 19 13 7 22 10 3 6 29 28 83 17 59 85 20 5 16 25 23 65 11 12 
86 9 77 53 1 26 71 4 41 8 18 35 47 27 2 24 21 14 15 19 13 7 22 10 3 6 29 28 83 17 59 85 20 5 16 25 23 65 11 12 
87 9 77 53 1 26 71 4 41 8 18 35 47 27 2 24 21 14 15 19 13 7 22 10 3 6 29 28 83 17 59 85 20 16 25 23 65 87 11 12 
88 9 77 53 1 26 71 4 41 8 18 35 47 27 2 24 21 14 15 19 13 7 22 10 3 6 29 28 83 17 59 85 20 16 25 23 65 87 11 12 
89 9 77 53 1 26 71 4 41 8 18 35 47 27 89 2 24 21 14 15 19 13 7 22 10 3 6 29 28 83 17 59 20 5 16 25 23 65 11 12 
90 9 77 53 1 26 71 4 41 8 18 35 47 27 89 2 24 21 14 15 19 13 7 22 10 3 6 29 28 83 17 59 20 5 16 25 23 65 11 12 
91 9 77 53 1 26 71 4 41 91 8 18 35 47 27 89 2 24 21 14 15 19 13 7 22 10 3 6 29 28 83 17 59 20 5 16 25 23 65 11 12 
92 9 77 53 1 26 71 4 41 91 8 18 35 47 27 89 2 24 21 14 15 19 13 7 22 10 3 6 29 28 83 17 59 20 5 16 25 23 65 11 12 
93 9 77 53 1 26 71 4 41 91 8 18 35 47 27 89 2 24 21 14 93 15 19 13 7 22 10 3 6 29 28 83 17 59 20 16 25 23 65 11 12 
94 9 77 53 1 26 71 4 41 91 8 18 35 47 27 89 2 24 21 14 93 15 19 13 7 22 10 3 6 29 28 83 17 59 20 16 25 23 65 11 12 
95 9 77 53 1 26 71 4 41 8 18 35 47 27 89 2 24 21 14 15 19 13 7 22 10 3 6 29 28 83 17 59 20 5 16 25 23 65 11 12 95 
96 9 77 53 1 26 71 4 41 8 18 35 47 27 89 2 24 21 14 15 19 13 7 22 10 3 6 29 28 83 17 59 20 5 16 25 23 65 11 12 95 
97 9 77 53 1 26 71 4 41 8 18 35 47 97 27 89 2 24 21 14 15 19 13 7 22 10 3 6 29 28 83 17 59 20 5 16 25 23 65 11 12 95 
98 9 77 53 1 26 71 4 41 8 18 35 47 97 27 89 2 24 21 14 15 19 13 7 22 10 3 6 29 28 83 17 59 20 5 16 25 23 65 11 12 95 
99 9 77 53 1 26 71 4 41 8 18 35 47 97 27 89 2 24 21 14 15 19 13 7 22 10 3 6 29 28 83 17 59 20 99 16 25 23 65 11 12 95 
100 9 77 53 1 26 71 4 41 8 18 35 47 97 27 89 2 24 21 14 15 19 13 7 22 10 3 6 29 28 83 17 59 20 99 16 25 23 65 11 12 95 
101 9 77 53 1 26 71 4 41 8 18 35 47 27 89 2 24 21 14 15 19 13 7 22 101 10 3 6 29 28 83 17 59 20 5 16 25 23 65 11 12 95 
102 9 77 53 1 26 71 4 41 8 18 35 47 27 89 2 24 21 14 15 19 13 7 22 101 10 3 6 29 28 83 17 59 20 5 16 25 23 65 11 12 95 
103 9 77 53 1 26 71 4 41 8 103 18 35 47 27 89 2 24 21 14 15 19 13 7 22 101 10 3 6 29 28 83 17 59 20 5 16 25 23 65 11 12 95 
104 9 77 53 1 26 71 4 41 8 103 18 35 47 27 89 2 24 21 14 15 19 13 7 22 101 10 3 6 29 28 83 17 59 20 5 16 25 23 65 11 12 95 
105 9 77 53 1 26 71 4 41 8 103 18 35 47 27 89 2 24 21 14 15 19 13 7 22 101 10 3 6 29 28 83 17 59 20 16 105 25 23 65 11 12 95 
106 9 77 53 1 26 71 4 41 8 103 18 35 47 27 89 2 24 21 14 15 19 13 7 22 101 10 3 6 29 28 83 17 59 20 16 105 25 23 65 11 12 95 
107 9 77 53 1 26 71 4 41 8 18 35 47 27 89 2 24 21 14 15 19 13 107 7 22 101 10 3 6 29 28 83 17 59 20 5 16 25 23 65 11 12 95 
108 9 77 53 1 26 71 4 41 8 18 35 47 27 89 2 24 21 14 15 19 13 107 7 22 101 10 3 6 29 28 83 17 59 20 5 16 25 23 65 11 12 95 
109 9 77 53 1 26 71 4 41 8 18 35 47 27 89 2 24 21 14 15 19 13 107 7 22 101 10 3 6 29 28 83 17 59 20 5 109 16 25 23 65 11 12 95 
110 9 77 53 1 26 71 4 41 8 18 35 47 27 89 2 24 21 14 15 19 13 107 7 22 101 10 3 6 29 28 83 17 59 20 5 109 16 25 23 65 11 12 95 
111 9 77 53 1 26 71 4 41 8 18 35 47 27 89 2 24 21 14 15 19 13 107 7 22 101 10 3 6 29 28 111 83 17 59 20 109 16 25 23 65 11 12 95 
112 9 77 53 1 26 71 4 41 8 18 35 47 27 89 2 24 21 14 15 19 13 107 7 22 101 10 3 6 29 28 111 83 17 59 20 109 16 25 23 65 11 12 95 
113 9 77 113 53 1 26 71 4 41 8 18 35 47 27 89 2 24 21 14 15 19 13 107 7 22 101 10 3 6 29 28 83 17 59 20 5 16 25 23 65 11 12 95 
114 9 77 113 53 1 26 71 4 41 8 18 35 47 27 89 2 24 21 14 15 19 13 107 7 22 101 10 3 6 29 28 83 17 59 20 5 16 25 23 65 11 12 95 
115 9 77 113 53 1 26 71 4 41 8 18 35 47 27 89 2 24 21 14 115 15 19 13 107 7 22 101 10 3 6 29 28 83 17 59 20 5 16 25 23 65 11 12 95 
116 9 77 113 53 1 26 71 4 41 8 18 35 47 27 89 2 24 21 14 115 15 19 13 107 7 22 101 10 3 6 29 28 83 17 59 20 5 16 25 23 65 11 12 95 
117 9 77 113 53 1 26 71 4 41 8 18 35 47 27 89 2 24 21 117 14 115 15 19 13 107 7 22 101 10 3 6 29 28 83 17 59 20 16 25 23 65 11 12 95 
118 9 77 113 53 1 26 71 4 41 8 18 35 47 27 89 2 24 21 117 14 115 15 19 13 107 7 22 101 10 3 6 29 28 83 17 59 20 16 25 23 65 11 12 95 
119 9 77 113 53 1 26 71 4 41 8 18 35 47 27 89 2 24 119 21 14 15 19 13 107 7 22 101 10 3 6 29 28 83 17 59 20 5 16 25 23 65 11 12 95 
120 9 77 113 53 1 26 71 4 41 8 18 35 47 27 89 2 24 119 21 14 15 19 13 107 7 22 101 10 3 6 29 28 83 17 59 20 5 16 25 23 65 11 12 95 
121 9 77 113 53 1 26 71 4 41 8 18 35 47 27 89 2 24 119 21 14 15 19 13 107 7 22 101 10 3 6 29 28 83 17 59 20 5 16 25 121 23 65 11 12 95 
122 9 77 113 53 1 26 71 4 41 8 18 35 47 27 89 2 24 119 21 14 15 19 13 107 7 22 101 10 3 6 29 28 83 17 59 20 5 16 25 121 23 65 11 12 95 
123 9 77 113 53 1 26 71 4 41 8 18 35 47 123 27 89 2 24 119 21 14 15 19 13 107 7 22 101 10 3 6 29 28 83 17 59 20 16 25 121 23 65 11 12 95 
124 9 77 113 53 1 26 71 4 41 8 18 35 47 123 27 89 2 24 119 21 14 15 19 13 107 7 22 101 10 3 6 29 28 83 17 59 20 16 25 121 23 65 11 12 95 
125 9 77 113 53 1 26 71 4 41 8 18 35 47 27 89 2 24 119 21 14 15 19 13 107 7 125 22 101 10 3 6 29 28 83 17 59 20 5 16 25 23 65 11 12 95 
126 9 77 113 53 1 26 71 4 41 8 18 35 47 27 89 2 24 119 21 14 15 19 13 107 7 125 22 101 10 3 6 29 28 83 17 59 20 5 16 25 23 65 11 12 95 
127 9 77 113 53 1 26 71 4 41 8 18 35 47 27 89 2 24 119 21 14 15 19 13 107 7 125 22 101 10 3 6 29 28 127 83 17 59 20 5 16 25 23 65 11 12 95 
128 9 77 113 53 1 26 71 4 41 8 18 35 47 27 89 2 24 119 21 14 15 19 13 107 7 125 22 101 10 3 6 29 28 127 83 17 59 20 5 16 25 23 65 11 12 95 
129 9 77 113 53 1 26 71 4 41 8 18 35 47 27 89 2 24 119 21 14 15 19 13 107 7 125 22 101 10 3 6 29 28 127 83 17 59 20 129 16 25 23 65 11 12 95 
130 9 77 113 53 1 26 71 4 41 8 18 35 47 27 89 2 24 119 21 14 15 19 13 107 7 125 22 101 10 3 6 29 28 127 83 17 59 20 129 16 25 23 65 11 12 95 
131 9 77 113 53 1 26 71 4 41 8 18 35 47 27 89 2 24 119 21 14 15 19 13 107 7 125 22 101 10 3 6 29 28 83 17 59 20 5 16 25 23 65 11 12 95 131 
132 9 77 113 53 1 26 71 4 41 8 18 35 47 27 89 2 24 119 21 14 15 19 13 107 7 125 22 101 10 3 6 29 28 83 17 59 20 5 16 25 23 65 11 12 95 131 
133 9 77 113 53 1 26 71 4 41 8 18 35 47 27 89 2 24 119 21 14 15 19 13 107 7 125 22 101 10 3 6 29 28 83 17 59 20 5 16 25 23 65 11 12 95 133 131 
134 9 77 113 53 1 26 71 4 41 8 18 35 47 27 89 2 24 119 21 14 15 19 13 107 7 125 22 101 10 3 6 29 28 83 17 59 20 5 16 25 23 65 11 12 95 133 131 
135 9 77 113 53 1 26 71 4 41 8 18 35 47 27 89 2 24 119 21 14 15 19 13 107 7 125 22 101 10 3 6 29 28 135 83 17 59 20 16 25 23 65 11 12 95 133 131 
136 9 77 113 53 1 26 71 4 41 8 18 35 47 27 89 2 24 119 21 14 15 19 13 107 7 125 22 101 10 3 6 29 28 135 83 17 59 20 16 25 23 65 11 12 95 133 131 
137 9 77 113 53 1 26 71 4 41 8 18 35 47 27 89 2 24 119 21 14 137 15 19 13 107 7 125 22 101 10 3 6 29 28 83 17 59 20 5 16 25 23 65 11 12 95 131 
138 9 77 113 53 1 26 71 4 41 8 18 35 47 27 89 2 24 119 21 14 137 15 19 13 107 7 125 22 101 10 3 6 29 28 83 17 59 20 5 16 25 23 65 11 12 95 131 
139 9 77 113 53 1 26 71 4 41 8 139 18 35 47 27 89 2 24 119 21 14 137 15 19 13 107 7 125 22 101 10 3 6 29 28 83 17 59 20 5 16 25 23 65 11 12 95 131 
140 9 77 113 53 1 26 71 4 41 8 139 18 35 47 27 89 2 24 119 21 14 137 15 19 13 107 7 125 22 101 10 3 6 29 28 83 17 59 20 5 16 25 23 65 11 12 95 131 
141 9 77 113 53 1 26 71 4 41 8 139 18 35 47 27 89 2 24 119 21 14 137 15 19 13 141 107 7 125 22 101 10 3 6 29 28 83 17 59 20 16 25 23 65 11 12 95 131 
142 9 77 113 53 1 26 71 4 41 8 139 18 35 47 27 89 2 24 119 21 14 137 15 19 13 141 107 7 125 22 101 10 3 6 29 28 83 17 59 20 16 25 23 65 11 12 95 131 
143 9 77 113 53 143 1 26 71 4 41 8 18 35 47 27 89 2 24 119 21 14 137 15 19 13 107 7 125 22 101 10 3 6 29 28 83 17 59 20 5 16 25 23 65 11 12 95 131 
144 9 77 113 53 143 1 26 71 4 41 8 18 35 47 27 89 2 24 119 21 14 137 15 19 13 107 7 125 22 101 10 3 6 29 28 83 17 59 20 5 16 25 23 65 11 12 95 131 
145 77 53 143 1 26 41 18 47 145 27 2 21 137 13 7 125 22 101 6 20 5 16 65 12 131 9 113 71 4 8 35 89 24 119 14 15 19 107 10 3 29 28 83 17 59 25 23 11 95 
146 77 53 143 1 26 41 18 47 145 27 2 21 137 13 7 125 22 101 6 20 5 16 65 12 131 9 113 71 4 8 35 89 24 119 14 15 19 107 10 3 29 28 83 17 59 25 23 11 95 
147 77 53 143 1 26 41 18 47 145 27 2 21 137 13 7 125 22 101 6 20 16 65 12 131 9 113 71 4 8 35 89 24 119 14 147 15 19 107 10 3 29 28 83 17 59 25 23 11 95 
148 77 53 143 1 26 41 18 47 145 27 2 21 137 13 7 125 22 101 6 20 16 65 12 131 9 113 71 4 8 35 89 24 119 14 147 15 19 107 10 3 29 28 83 17 59 25 23 11 95 
149 77 53 143 1 26 41 149 18 47 27 2 21 137 13 7 125 22 101 6 20 5 16 65 12 131 9 113 71 4 8 35 89 24 119 14 15 19 107 10 3 29 28 83 17 59 25 23 11 95 
150 77 53 143 1 26 41 149 18 47 27 2 21 137 13 7 125 22 101 6 20 5 16 65 12 131 9 113 71 4 8 35 89 24 119 14 15 19 107 10 3 29 28 83 17 59 25 23 11 95 
151 77 53 143 1 26 41 149 18 47 27 2 21 137 13 7 125 22 101 6 20 5 16 65 12 131 9 113 71 4 8 35 151 89 24 119 14 15 19 107 10 3 29 28 83 17 59 25 23 11 95 
152 77 53 143 1 26 41 149 18 47 27 2 21 137 13 7 125 22 101 6 20 5 16 65 12 131 9 113 71 4 8 35 151 89 24 119 14 15 19 107 10 3 29 28 83 17 59 25 23 11 95 
153 77 53 143 1 26 41 149 18 47 27 2 21 137 13 7 125 22 101 6 20 16 65 12 131 9 113 71 4 8 35 151 89 24 119 14 15 19 107 10 3 29 28 83 153 17 59 25 23 11 95 
154 77 53 143 1 26 41 149 18 47 27 2 21 137 13 7 125 22 101 6 20 16 65 12 131 9 113 71 4 8 35 151 89 24 119 14 15 19 107 10 3 29 28 83 153 17 59 25 23 11 95 
155 77 53 143 1 26 41 149 18 47 155 27 2 21 137 13 7 125 22 101 6 20 5 16 65 12 131 9 113 71 4 8 35 89 24 119 14 15 19 107 10 3 29 28 83 17 59 25 23 11 95 
156 77 53 143 1 26 41 149 18 47 155 27 2 21 137 13 7 125 22 101 6 20 5 16 65 12 131 9 113 71 4 8 35 89 24 119 14 15 19 107 10 3 29 28 83 17 59 25 23 11 95 
157 77 53 143 1 26 41 149 18 47 155 27 2 21 137 13 7 125 22 101 6 20 5 16 65 12 131 9 113 71 4 8 35 89 24 119 14 15 19 107 10 3 29 28 83 17 59 157 25 23 11 95 
158 77 53 143 1 26 41 149 18 47 155 27 2 21 137 13 7 125 22 101 6 20 5 16 65 12 131 9 113 71 4 8 35 89 24 119 14 15 19 107 10 3 29 28 83 17 59 157 25 23 11 95 
159 77 53 143 1 26 41 149 18 47 155 27 2 21 137 13 7 125 22 101 6 20 16 65 12 131 9 113 71 4 8 35 89 24 119 14 15 19 107 10 3 29 28 83 159 17 59 157 25 23 11 95 
160 77 53 143 1 26 41 149 18 47 155 27 2 21 137 13 7 125 22 101 6 20 16 65 12 131 9 113 71 4 8 35 89 24 119 14 15 19 107 10 3 29 28 83 159 17 59 157 25 23 11 95 
161 77 53 143 1 26 41 149 161 18 47 155 27 2 21 137 13 7 125 22 101 6 20 5 16 65 12 131 9 113 71 4 8 35 89 24 119 14 15 19 107 10 3 29 28 83 17 59 25 23 11 95 
162 77 53 143 1 26 41 149 161 18 47 155 27 2 21 137 13 7 125 22 101 6 20 5 16 65 12 131 9 113 71 4 8 35 89 24 119 14 15 19 107 10 3 29 28 83 17 59 25 23 11 95 
163 77 53 143 1 26 41 149 161 18 47 155 27 2 21 137 13 7 125 22 101 6 20 5 16 65 12 131 9 113 71 4 8 35 163 89 24 119 14 15 19 107 10 3 29 28 83 17 59 25 23 11 95 
164 77 53 143 1 26 41 149 161 18 47 155 27 2 21 137 13 7 125 22 101 6 20 5 16 65 12 131 9 113 71 4 8 35 163 89 24 119 14 15 19 107 10 3 29 28 83 17 59 25 23 11 95 
165 77 53 143 1 26 41 149 161 18 47 155 27 2 21 137 13 7 125 22 101 6 20 16 65 12 131 9 113 71 4 8 35 163 165 89 24 119 14 15 19 107 10 3 29 28 83 17 59 25 23 11 95 
166 77 53 143 1 26 41 149 161 18 47 155 27 2 21 137 13 7 125 22 101 6 20 16 65 12 131 9 113 71 4 8 35 163 165 89 24 119 14 15 19 107 10 3 29 28 83 17 59 25 23 11 95 
167 77 53 143 1 26 41 149 161 18 47 155 27 2 21 137 13 7 125 22 101 6 20 5 16 65 12 131 9 113 71 4 8 35 89 24 119 14 15 19 107 10 3 29 28 83 17 59 25 23 167 11 95 
168 77 53 143 1 26 41 149 161 18 47 155 27 2 21 137 13 7 125 22 101 6 20 5 16 65 12 131 9 113 71 4 8 35 89 24 119 14 15 19 107 10 3 29 28 83 17 59 25 23 167 11 95 
169 77 53 143 1 26 169 41 149 161 18 47 155 27 2 21 137 13 7 125 22 101 6 20 5 16 65 12 131 9 113 71 4 8 35 89 24 119 14 15 19 107 10 3 29 28 83 17 59 25 23 167 11 95 
170 77 53 143 1 26 169 41 149 161 18 47 155 27 2 21 137 13 7 125 22 101 6 20 5 16 65 12 131 9 113 71 4 8 35 89 24 119 14 15 19 107 10 3 29 28 83 17 59 25 23 167 11 95 
171 77 53 143 1 26 169 41 149 161 18 47 155 171 27 2 21 137 13 7 125 22 101 6 20 16 65 12 131 9 113 71 4 8 35 89 24 119 14 15 19 107 10 3 29 28 83 17 59 25 23 167 11 95 
172 77 53 143 1 26 169 41 149 161 18 47 155 171 27 2 21 137 13 7 125 22 101 6 20 16 65 12 131 9 113 71 4 8 35 89 24 119 14 15 19 107 10 3 29 28 83 17 59 25 23 167 11 95 
173 77 53 143 1 26 41 149 161 18 47 155 27 2 21 137 13 7 125 22 101 6 20 5 16 65 12 131 9 113 71 4 8 35 89 24 119 14 15 19 107 10 3 29 28 83 17 59 25 23 167 11 173 95 
174 77 53 143 1 26 41 149 161 18 47 155 27 2 21 137 13 7 125 22 101 6 20 5 16 65 12 131 9 113 71 4 8 35 89 24 119 14 15 19 107 10 3 29 28 83 17 59 25 23 167 11 173 95 
175 77 53 143 1 26 41 149 161 18 47 155 27 2 21 137 13 7 125 22 101 6 20 5 16 65 12 131 9 113 71 4 8 35 175 89 24 119 14 15 19 107 10 3 29 28 83 17 59 25 23 167 11 173 95 
176 77 53 143 1 26 41 149 161 18 47 155 27 2 21 137 13 7 125 22 101 6 20 5 16 65 12 131 9 113 71 4 8 35 175 89 24 119 14 15 19 107 10 3 29 28 83 17 59 25 23 167 11 173 95 
177 77 53 143 1 26 41 149 161 18 47 155 27 2 21 137 13 7 125 22 101 6 20 16 65 12 131 9 113 71 4 8 35 175 89 24 119 14 15 19 107 177 10 3 29 28 83 17 59 25 23 167 11 173 95 
178 39 1 103 161 18 97 75 31 171 21 117 93 137 6 33 49 85 20 5 16 12 131 9 113 71 139 57 67 123 163 175 151 89 24 69 14 81 115 15 51 55 177 10 3 159 153 59 129 43 105 23 173 95 133 77 53 143 26 169 41 91 149 47 145 155 27 2 45 13 141 7 125 22 101 61 135 99 121 65 79 4 8 35 165 119 147 19 107 73 37 29 28 111 127 83 17 109 157 25 63 87 167 11 
