1 1 
2 2 1 
3 2 1 3 
4 2 1 4 3 
5 2 5 1 4 3 
6 2 6 5 1 4 3 
7 2 6 7 5 1 4 3 
8 2 6 7 5 1 8 4 3 
9 2 6 7 5 1 8 4 3 
10 2 6 7 5 1 8 4 3 
11 2 6 7 5 11 1 8 4 3 
12 2 6 7 12 5 11 1 8 4 3 
13 2 6 7 13 12 5 11 1 8 4 3 
14 2 6 7 13 12 5 11 1 8 4 3 
15 2 6 7 13 12 5 11 1 8 4 3 15 
16 2 13 5 11 1 4 3 15 6 7 12 16 8 
17 2 17 13 5 11 1 4 3 15 6 7 12 16 8 
18 2 17 13 5 11 1 4 3 15 6 7 12 16 8 18 
19 2 17 13 19 5 11 1 4 3 15 6 7 12 16 8 18 
20 2 17 13 19 5 11 1 4 3 15 6 7 12 16 8 18 
21 2 6 7 13 12 5 11 1 8 21 4 3 
22 2 13 5 11 1 21 4 3 6 7 12 22 8 
23 2 13 5 11 1 21 4 3 6 7 12 22 8 
24 2 24 13 5 11 1 21 4 3 6 7 12 22 8 
25 25 2 24 13 5 11 1 21 4 3 6 7 12 22 8 
26 25 2 24 13 5 11 1 21 26 4 3 6 7 12 22 8 
27 25 2 24 13 5 11 1 21 26 4 3 6 7 12 22 8 27 
28 25 2 24 13 5 11 1 21 26 4 3 28 6 7 12 22 8 27 
29 25 2 24 13 5 11 1 21 26 4 3 28 6 7 12 22 8 27 
30 2 13 5 11 1 21 4 3 6 7 12 22 8 30 
31 2 13 5 11 1 21 4 3 6 7 12 22 8 30 
32 2 13 5 11 1 21 4 3 6 7 12 22 8 30 
33 25 2 24 17 13 19 5 11 1 21 26 33 4 3 15 28 6 7 12 16 22 8 27 18 
34 25 2 24 19 11 1 33 4 3 15 7 34 16 27 17 13 5 21 26 28 6 12 22 8 18 
35 25 2 24 19 11 1 33 4 3 15 7 34 16 27 35 17 13 5 21 26 28 6 12 22 8 18 
36 25 2 24 19 11 1 33 4 3 15 7 34 16 27 35 17 13 5 21 26 36 28 6 12 22 8 18 
37 25 2 24 19 11 1 33 4 3 15 7 34 16 27 35 17 13 5 21 26 36 28 6 12 22 8 18 
38 25 2 24 19 11 1 33 4 3 15 7 34 16 27 38 35 17 13 5 21 26 36 28 6 12 22 8 18 
39 25 2 24 19 11 1 33 4 3 15 7 34 16 27 38 35 17 13 5 39 21 26 36 28 6 12 22 8 18 
40 25 2 24 19 11 1 33 4 3 40 15 7 34 16 27 38 35 17 13 5 39 21 26 36 28 6 12 22 8 18 
41 25 2 24 19 11 1 33 4 3 40 15 7 34 16 27 38 35 17 13 5 39 21 26 36 28 6 12 22 8 18 
42 25 2 24 19 11 1 33 4 3 40 15 7 34 16 27 38 35 17 13 5 39 21 26 36 28 6 12 22 8 42 18 
43 25 2 24 19 11 1 33 4 3 40 15 7 34 16 27 38 35 17 13 5 39 21 26 36 28 43 6 12 22 8 42 18 
44 25 2 24 19 44 11 1 33 4 3 40 15 7 34 16 27 38 35 17 13 5 39 21 26 36 28 43 6 12 22 8 42 18 
45 25 2 24 19 44 11 1 33 4 3 40 15 7 34 16 27 45 35 17 13 5 39 21 26 36 28 43 6 12 22 8 42 18 
46 25 2 24 19 44 11 1 33 4 3 40 15 7 34 16 27 38 45 35 17 13 46 5 39 21 26 36 28 43 6 12 22 8 42 18 
47 25 2 24 19 44 11 1 33 4 3 40 15 7 34 16 27 38 45 35 17 13 46 5 39 21 26 36 28 43 6 12 22 8 42 47 18 
48 25 2 24 19 44 11 1 33 48 4 3 40 15 7 34 16 27 38 45 35 17 13 46 5 39 21 26 36 28 43 6 12 22 8 42 47 18 
49 25 2 24 19 44 11 1 33 49 48 4 3 40 15 7 34 16 27 38 45 35 17 13 46 5 39 21 26 36 28 43 6 12 22 8 42 47 18 
50 25 2 24 19 44 11 1 33 49 48 4 3 40 15 7 34 16 27 38 45 35 17 13 46 5 39 21 26 36 28 43 6 12 22 8 42 47 18 
51 25 2 24 19 44 11 1 33 49 48 4 3 40 15 7 34 16 27 38 45 35 17 13 46 5 39 21 26 36 28 43 6 12 22 8 42 47 18 
52 25 2 24 19 44 11 1 33 49 48 4 3 40 15 7 34 16 52 27 38 45 35 17 13 46 5 39 21 26 36 28 43 6 12 22 8 42 47 18 
53 25 2 24 19 44 11 1 33 49 48 4 3 40 15 7 34 16 52 27 38 45 35 17 13 46 5 39 21 26 36 28 43 6 12 22 8 42 47 18 
54 25 2 24 19 44 11 1 33 49 48 4 3 40 15 7 34 16 52 27 38 45 35 17 13 46 54 5 39 21 26 36 28 43 6 12 22 8 42 47 18 
55 25 2 24 19 44 11 1 33 49 48 4 3 40 15 7 34 16 52 27 38 45 35 17 13 46 54 5 39 21 26 36 28 43 6 12 22 8 42 47 18 
56 25 2 24 19 44 11 1 33 49 48 4 3 40 15 7 34 16 52 27 38 45 35 17 13 46 54 5 39 21 26 36 56 28 43 6 12 22 8 42 47 18 
57 25 57 2 24 19 44 11 1 33 49 48 4 3 40 15 7 34 16 52 27 38 45 35 17 13 46 54 5 39 21 26 36 56 28 43 6 12 22 8 42 47 18 
58 25 57 2 24 19 44 11 1 33 49 48 4 3 40 15 7 34 16 52 58 27 38 45 35 17 13 46 54 5 39 21 26 36 56 28 43 6 12 22 8 42 47 18 
59 25 57 2 24 19 44 11 1 33 49 48 4 3 40 15 7 34 16 52 58 27 38 45 35 17 13 46 54 5 39 21 26 59 36 56 28 43 6 12 22 8 42 47 18 
60 25 57 2 24 19 44 11 1 33 49 48 60 4 3 40 15 7 34 16 52 58 27 38 45 35 17 13 46 54 5 39 21 26 59 36 56 28 43 6 12 22 8 42 47 18 
61 25 57 2 24 19 44 11 1 33 49 48 60 4 3 40 15 7 34 16 52 58 27 38 45 35 17 13 46 54 5 39 21 26 59 36 56 28 43 6 61 12 22 8 42 47 18 
62 25 57 2 24 19 44 11 1 33 49 48 60 4 3 40 15 7 34 16 62 52 58 27 38 45 35 17 13 46 54 5 39 21 26 59 36 56 28 43 6 61 12 22 8 42 47 18 
63 25 57 2 24 19 44 11 1 33 49 48 60 4 3 63 40 15 7 34 16 62 52 58 27 38 45 35 17 13 46 54 5 39 21 26 59 36 56 28 43 6 61 12 22 8 42 47 18 
64 25 57 2 24 19 44 11 1 33 49 48 60 4 3 63 40 15 7 34 16 62 52 58 27 38 45 35 17 13 46 54 5 39 21 26 59 36 56 28 43 6 61 12 22 8 42 47 18 
65 25 57 2 24 19 44 11 1 33 49 48 60 4 3 63 40 15 7 34 16 62 52 58 27 38 45 35 17 13 46 54 5 39 21 26 59 36 56 28 43 6 61 12 22 8 42 47 18 
66 25 57 2 24 19 44 11 1 33 49 48 60 4 3 63 40 15 7 34 16 62 52 58 27 38 45 35 17 13 46 54 5 39 21 26 59 36 56 28 43 6 61 12 22 8 42 47 18 
67 25 2 24 19 44 11 1 33 49 48 4 3 40 15 7 34 16 27 38 45 35 17 13 46 5 39 21 26 36 28 43 6 12 22 8 42 47 18 
68 25 2 24 19 44 11 1 33 49 48 4 3 40 15 7 34 16 27 38 45 35 17 13 46 5 39 21 26 36 28 43 6 12 68 22 8 42 47 18 
69 25 2 24 19 44 11 1 33 49 48 4 3 40 15 7 34 16 27 38 45 35 17 13 46 5 39 21 26 36 28 43 6 12 68 22 8 42 47 18 69 
70 25 2 24 19 44 11 1 33 49 48 4 3 40 15 7 34 16 27 38 45 35 17 13 46 5 39 21 26 36 28 43 6 12 68 22 8 42 47 18 69 
71 25 2 24 19 44 11 1 33 49 48 4 3 40 15 7 34 16 27 38 45 35 17 13 46 5 39 21 26 36 28 43 6 12 68 22 8 42 47 18 69 
72 25 2 24 19 44 11 1 33 49 48 72 4 3 40 15 7 34 16 27 38 45 35 17 13 46 5 39 21 26 36 28 43 6 12 68 22 8 42 47 18 69 
73 25 2 24 19 44 11 1 33 49 48 72 4 3 40 15 7 34 16 27 38 45 35 17 13 46 5 39 21 26 36 73 28 43 6 12 68 22 8 42 47 18 69 
74 25 2 24 19 44 11 1 33 49 48 72 4 3 40 15 7 34 16 27 38 45 35 17 13 46 74 5 39 21 26 36 73 28 43 6 12 68 22 8 42 47 18 69 
75 25 2 24 19 44 11 1 33 49 48 72 4 3 40 15 7 34 16 27 38 45 35 17 13 46 74 5 39 21 26 36 73 28 43 6 12 68 22 8 42 47 18 69 
76 25 2 24 19 44 11 1 33 49 48 72 4 3 40 15 7 34 16 27 38 45 35 17 13 46 74 5 39 21 26 36 73 28 43 6 12 68 22 8 42 47 18 69 
77 25 2 24 19 44 11 1 33 49 48 72 4 3 40 15 7 34 16 27 38 45 35 17 13 46 74 5 39 21 26 36 73 28 43 6 12 68 22 8 42 47 18 69 
78 25 2 24 19 44 11 1 33 49 48 72 4 3 40 15 7 34 16 27 38 45 35 17 13 46 74 5 39 21 26 36 73 28 43 6 12 68 22 8 42 47 18 69 
79 25 2 24 19 44 11 1 33 49 48 72 4 3 40 15 79 7 34 16 27 38 45 35 17 13 46 74 5 39 21 26 36 73 28 43 6 12 68 22 8 42 47 18 69 
80 25 2 24 19 44 11 1 33 49 48 72 4 3 40 15 79 7 34 16 27 38 45 35 17 13 46 74 5 39 21 26 36 73 28 43 6 12 68 22 8 42 47 18 69 
81 25 2 24 19 44 11 1 33 49 48 72 4 3 40 15 79 7 34 16 81 27 38 45 35 17 13 46 74 5 39 21 26 36 73 28 43 6 12 68 22 8 42 47 18 69 
82 25 2 24 19 44 11 1 33 49 48 72 4 3 40 15 79 7 34 16 81 27 38 45 35 17 13 46 74 5 39 21 26 36 73 28 43 6 12 68 22 8 42 47 18 69 
83 25 2 24 19 44 11 1 33 49 48 72 4 3 40 15 79 7 34 16 81 27 38 45 35 17 13 46 74 5 39 21 26 36 73 28 43 6 12 68 22 8 42 47 18 69 83 
84 25 2 24 19 44 11 1 33 49 48 72 4 3 40 15 79 7 34 16 81 27 38 45 35 17 13 46 74 5 39 21 26 36 73 84 28 43 6 12 68 22 8 42 47 18 69 83 
85 25 2 24 19 44 11 1 33 49 48 72 4 3 40 15 79 7 34 16 81 27 38 45 35 17 13 46 74 5 39 21 26 36 73 84 28 43 6 12 68 22 8 42 47 18 69 83 
86 25 2 24 19 44 11 1 33 49 48 72 4 3 40 15 79 7 34 16 81 27 38 45 35 17 13 46 74 5 39 21 26 36 73 84 28 43 6 12 68 86 22 8 42 47 18 69 83 
87 25 1 33 49 48 4 15 34 81 38 45 35 17 5 39 26 73 84 28 6 47 69 83 2 24 19 44 11 72 3 40 79 7 16 27 13 46 74 21 36 87 43 12 68 86 22 8 42 18 
88 25 1 33 49 48 4 15 34 81 38 45 35 17 5 39 26 73 84 28 6 47 88 69 2 24 19 44 11 72 3 40 79 7 16 27 13 46 74 21 36 87 43 12 68 86 22 8 42 18 
89 25 1 33 49 48 4 15 34 81 38 45 35 17 5 39 26 73 84 28 6 47 88 69 83 2 24 19 44 11 72 3 40 79 7 16 27 13 46 74 21 36 87 43 12 68 86 22 8 42 89 18 
90 25 1 33 49 48 4 15 34 81 90 38 45 35 17 5 39 26 73 84 28 6 47 88 69 83 2 24 19 44 11 72 3 40 79 7 16 27 13 46 74 21 36 87 43 12 68 86 22 8 42 89 18 
91 25 1 33 49 48 4 15 34 81 90 38 45 35 17 5 39 26 73 84 28 6 47 88 69 83 2 24 19 44 11 72 3 40 79 7 16 27 13 46 74 21 36 87 43 12 68 86 22 8 42 89 18 
92 25 1 33 49 48 4 15 34 81 90 38 45 35 17 92 5 39 26 73 84 28 6 47 88 69 83 2 24 19 44 11 72 3 40 79 7 16 27 13 46 74 21 36 87 43 12 68 86 22 8 42 89 18 
93 25 1 33 49 48 4 15 34 81 90 38 45 35 17 92 5 39 26 73 84 28 6 93 47 88 69 83 2 24 19 44 11 72 3 40 79 7 16 27 13 46 74 21 36 87 43 12 68 86 22 8 42 89 18 
94 25 1 33 49 48 4 15 34 81 90 38 45 35 17 94 92 5 39 26 73 84 28 6 93 47 88 69 83 2 24 19 44 11 72 3 40 79 7 16 27 13 46 74 21 36 87 43 12 68 86 22 8 42 89 18 
95 25 1 33 49 48 4 15 34 81 90 95 38 45 35 17 94 92 5 39 26 73 84 28 6 93 47 88 69 83 2 24 19 44 11 72 3 40 79 7 16 27 13 46 74 21 36 87 43 12 68 86 22 8 42 18 
96 25 1 33 49 48 4 15 34 81 90 95 38 45 96 35 17 94 92 5 39 26 73 84 28 6 93 47 88 69 83 2 24 19 44 11 72 3 40 79 7 16 27 13 46 74 21 36 87 43 12 68 86 22 8 42 89 18 
97 25 1 33 49 48 4 15 34 81 90 95 38 45 96 35 17 94 92 5 39 26 73 84 28 6 93 47 88 69 83 2 24 19 44 11 72 3 40 79 7 97 16 27 13 46 74 21 36 87 43 12 68 86 22 8 42 89 18 
98 25 1 33 49 48 4 15 34 81 90 95 38 45 96 35 17 94 92 5 39 26 98 73 84 28 6 93 47 88 69 83 2 24 19 44 11 72 3 40 79 7 97 16 27 13 46 74 21 36 87 43 12 68 86 22 8 42 89 18 
99 25 1 33 49 48 4 15 34 81 90 95 38 45 96 35 17 94 92 5 39 26 98 73 84 28 6 93 47 88 69 83 2 24 19 44 11 72 3 40 79 7 97 16 27 13 46 74 21 36 87 43 12 68 86 22 8 42 89 18 
100 25 1 33 49 48 4 15 34 81 90 95 38 45 96 35 17 94 92 5 39 26 98 73 84 28 6 93 47 88 69 83 2 24 19 44 11 72 3 40 79 7 97 16 27 13 46 74 21 36 87 43 12 68 86 22 8 42 89 18 
101 25 57 1 33 49 48 60 4 63 15 34 81 52 90 95 38 45 96 35 17 94 92 5 39 26 59 98 73 84 28 6 93 47 88 69 83 2 24 19 44 11 72 3 40 79 7 97 16 62 58 27 13 46 54 74 21 36 87 56 43 61 12 68 86 22 8 42 89 18 
102 25 57 1 33 49 48 60 4 63 15 34 81 52 90 95 38 45 96 35 17 94 92 5 39 26 59 98 73 84 28 6 93 47 88 69 83 2 24 19 44 11 72 3 40 79 7 97 16 62 58 27 13 46 54 74 21 36 87 56 43 61 12 68 86 22 8 42 89 18 
