1 1 
2 1 2 
3 1 2 3 
4 1 2 3 4 
5 1 2 5 3 4 
6 1 2 6 5 3 4 
7 1 2 6 5 3 4 
8 1 2 6 5 3 4 8 
9 1 2 6 5 3 4 8 
10 1 10 2 6 5 3 4 8 
11 1 10 11 2 6 5 3 4 8 
12 1 10 11 2 6 5 3 12 4 8 
13 1 10 11 2 6 5 3 12 4 8 13 
14 1 10 11 2 6 5 3 12 4 8 13 
15 1 10 11 2 6 15 5 3 12 4 8 13 
16 1 10 2 6 15 5 3 12 16 4 8 13 
17 1 2 6 15 5 3 12 16 17 4 8 13 
18 1 2 6 15 5 3 12 16 17 4 8 13 
19 1 10 11 2 6 5 19 3 12 4 8 13 
20 1 10 11 2 6 5 19 3 12 4 8 13 
21 1 11 2 5 12 8 10 6 19 3 21 4 13 
22 1 2 5 22 12 8 10 6 19 3 21 4 13 
23 1 2 5 22 12 8 23 6 19 3 21 4 13 
24 1 2 5 22 12 8 23 6 19 3 21 4 13 
25 1 25 11 2 5 12 8 10 6 19 3 4 13 
26 1 25 11 2 5 12 8 10 6 19 3 4 13 
27 1 25 27 11 2 5 12 8 10 6 19 3 4 13 
28 1 25 27 2 5 12 8 10 6 19 3 28 4 13 
29 1 25 27 2 5 12 8 6 19 29 3 28 4 13 
30 1 25 27 11 2 15 5 22 12 8 30 10 23 6 19 29 3 16 28 17 21 4 13 
31 1 25 27 11 2 15 5 22 12 8 30 10 23 31 6 19 29 3 16 28 17 21 4 13 
32 25 2 22 8 31 19 16 17 4 13 1 27 11 15 5 32 12 30 10 23 6 29 3 28 21 
33 25 2 22 8 31 19 16 17 4 13 1 27 11 15 5 32 12 30 10 23 6 29 3 28 21 
34 25 2 22 8 31 19 16 17 4 13 1 27 11 15 34 5 32 12 30 10 23 6 29 3 28 21 
35 25 2 22 8 31 19 16 17 4 13 1 27 11 15 34 5 32 12 35 10 23 6 29 3 28 21 
36 25 2 22 8 31 19 16 17 4 13 1 27 11 15 34 5 32 12 35 10 23 6 29 3 28 21 
37 25 2 22 8 31 19 16 17 4 13 1 27 11 15 5 32 12 30 10 23 6 37 29 3 28 21 
38 25 2 22 8 31 19 16 17 4 13 1 27 11 15 5 32 12 30 10 23 6 37 29 3 28 21 
39 25 2 22 8 31 19 16 17 4 13 1 27 39 11 15 5 32 12 30 10 23 6 37 29 3 28 21 
40 25 2 22 8 31 19 16 17 4 13 1 27 39 11 15 5 40 32 12 10 23 6 37 29 3 28 21 
41 25 2 22 8 31 19 16 17 4 13 1 27 39 11 15 5 40 32 12 10 23 41 6 37 29 3 28 21 
42 25 2 22 8 31 19 16 17 4 13 1 27 39 11 15 5 40 32 12 10 23 41 6 37 29 3 28 21 
43 25 2 22 8 31 43 19 16 4 13 1 27 39 11 15 5 40 32 12 41 6 37 3 28 21 
44 25 2 22 8 31 43 19 16 4 13 1 27 39 11 15 5 40 32 12 41 6 37 3 28 21 
45 25 2 22 8 31 19 16 17 4 13 1 27 39 11 15 5 40 32 45 12 10 23 41 6 37 29 3 28 21 
46 25 2 22 8 31 19 16 17 4 13 1 27 39 11 15 5 40 32 45 12 10 23 41 6 37 29 3 28 21 
47 25 2 22 47 8 31 19 16 4 13 1 27 39 11 15 5 40 32 45 12 41 6 37 3 28 21 
48 25 2 22 47 8 31 19 16 4 13 1 27 39 11 15 5 40 32 45 12 41 6 37 3 28 21 
49 25 2 22 49 8 31 19 16 17 4 13 1 27 39 11 15 5 40 32 45 12 10 23 41 6 37 29 3 28 21 
50 25 2 22 49 8 31 19 16 17 4 13 1 27 39 11 15 5 40 32 45 12 10 23 41 6 37 29 3 28 21 
51 25 2 22 49 8 31 19 16 4 13 1 27 39 11 15 5 40 32 45 51 12 41 6 37 3 28 21 
52 25 2 22 47 49 8 31 43 19 52 16 17 4 13 1 27 39 11 15 34 5 40 32 45 51 12 35 30 10 23 41 6 37 29 3 28 21 
53 25 2 22 47 49 8 31 43 19 52 16 17 4 13 1 27 39 11 15 34 5 40 32 45 51 12 35 30 10 23 41 6 37 29 3 28 21 
54 25 2 22 47 49 8 31 43 19 52 16 17 4 13 1 27 39 11 15 34 5 40 32 45 51 12 35 30 10 23 41 6 37 29 3 28 21 
