1 1 
2 1 2 
3 1 2 3 
4 1 2 3 4 
5 1 5 2 3 4 
6 1 5 2 3 4 
7 7 1 5 2 3 4 
8 7 1 5 2 3 4 8 
9 7 1 9 5 2 3 4 8 
10 7 1 9 5 10 2 3 4 8 
11 7 1 9 5 11 10 2 3 4 8 
12 7 1 9 5 11 10 2 3 4 12 8 
13 7 1 9 5 11 10 13 2 3 4 12 8 
14 9 11 13 16 23 2 4 21 8 14 7 1 18 20 5 10 22 3 12 17 
15 9 11 13 16 23 2 4 21 8 14 7 1 18 20 5 10 22 3 12 17 
16 9 11 13 23 16 2 4 21 8 14 7 1 18 20 5 10 22 3 12 17 
17 9 11 13 16 23 2 4 21 8 14 7 1 18 20 5 10 22 3 12 17 
18 9 11 13 16 23 2 4 21 8 14 7 1 20 18 5 10 22 3 12 17 
19 9 11 13 16 23 2 4 21 8 14 7 1 18 20 5 10 22 3 12 17 
20 9 11 13 16 23 2 4 21 8 14 7 1 18 20 5 10 22 3 12 17 
21 9 11 13 16 23 2 4 21 8 14 7 1 18 20 5 10 22 3 12 17 
22 9 11 13 16 23 2 4 21 8 14 7 1 18 20 5 10 22 3 12 17 
23 9 11 13 16 23 2 4 21 8 14 7 1 18 20 5 10 22 3 12 17 
24 9 11 13 16 23 2 4 21 8 14 7 1 18 20 5 10 22 3 12 17 
25 9 11 13 16 23 2 4 21 8 14 7 1 18 20 5 10 22 3 12 17 
26 9 11 13 16 23 2 4 21 8 14 7 1 18 20 5 10 22 3 12 17 
27 9 11 13 16 23 2 4 21 8 14 7 1 18 20 5 10 22 3 12 17 
28 9 11 13 16 23 2 4 21 8 14 7 1 18 20 5 10 22 3 12 17 
29 9 11 16 23 29 2 4 21 8 14 7 1 18 20 5 10 22 3 12 17 
30 9 11 29 16 23 2 4 21 8 14 30 7 1 18 20 5 10 22 3 12 
31 9 11 29 16 23 2 4 21 8 14 30 7 1 18 20 31 5 10 22 3 12 
32 9 11 29 16 23 2 4 21 8 14 30 7 1 18 31 5 10 22 3 12 32 
33 36 16 23 8 14 37 39 7 18 31 5 35 41 12 40 9 11 29 2 4 21 30 1 10 42 22 3 32 33 
34 36 16 23 8 14 37 39 7 18 31 5 35 41 12 40 9 11 29 2 4 21 30 1 10 42 22 3 32 33 
35 36 16 23 8 14 37 39 7 18 31 5 41 35 12 40 9 11 29 2 4 21 30 1 10 42 22 3 32 33 
36 36 16 23 8 14 37 39 7 18 31 5 35 41 12 40 9 11 29 2 4 21 1 10 42 22 3 32 33 
37 36 16 23 8 14 39 37 7 18 31 5 35 41 12 40 9 11 29 2 4 21 1 10 42 22 3 32 33 
38 36 16 23 8 14 37 39 7 18 31 5 35 41 12 40 9 11 29 2 4 21 1 10 42 22 3 32 33 
39 36 16 23 8 14 37 39 7 18 31 5 35 41 12 40 9 11 29 2 4 1 10 42 22 3 32 33 
40 36 16 23 8 14 37 39 7 18 31 5 35 41 12 40 9 11 29 2 4 1 10 42 22 3 32 33 
41 36 16 23 8 14 37 39 7 18 31 5 35 41 12 40 9 11 29 2 4 1 10 42 22 3 32 33 
42 36 16 23 8 14 37 39 7 18 31 5 35 41 12 40 9 11 29 2 4 1 10 42 22 3 32 33 
43 36 16 23 8 14 37 39 7 18 31 5 35 41 12 40 9 11 29 2 4 1 10 42 22 3 32 33 
44 36 16 23 8 14 37 39 7 18 31 5 35 41 12 40 9 11 29 2 4 1 10 42 22 3 32 33 
45 36 16 23 8 14 37 39 7 18 31 5 35 41 12 40 9 11 29 2 4 1 10 42 22 3 32 33 
46 36 16 23 8 14 37 39 7 18 31 5 35 41 12 40 9 11 29 2 4 1 10 42 22 3 32 33 
47 36 16 23 8 14 37 39 7 18 31 5 35 41 12 40 9 11 29 2 4 21 1 10 42 22 3 32 33 
48 36 16 23 8 14 37 39 7 18 31 5 35 41 12 40 9 11 29 2 4 21 30 1 10 42 22 3 32 33 
49 36 16 23 8 14 37 39 7 18 31 5 35 41 12 40 9 11 29 2 4 21 30 1 10 42 22 3 32 33 
