1 1 
2 2 
3 3 
4 4 
5 5 
6 6 
8 7 
9 8 
10 9 
11 10 
13 11 
14 12 
16 13 
17 14 
20 15 
21 16 
22 9 
23 17 
25 18 
26 12 
28 13 
29 19 
32 20 
34 21 
35 22 
36 23 
37 24 
38 12 
39 25 
40 26 
41 27 
43 28 
44 29 
46 30 
47 31 
48 12 
51 32 
52 33 
53 34 
54 35 
55 12 
56 36 
57 26 
58 37 
60 38 
61 29 
63 39 
64 31 
65 12 
68 40 
69 41 
70 42 
71 43 
72 12 
73 44 
74 26 
75 45 
77 46 
78 29 
80 47 
81 31 
82 12 
85 48 
86 49 
87 50 
88 51 
89 12 
90 52 
91 26 
92 53 
94 54 
95 29 
97 55 
98 31 
99 12 
