1 1 
2 1 2 
3 1 2 
4 4 1 2 
5 5 4 1 2 
6 5 4 1 2 6 
7 7 5 4 1 2 6 
8 7 8 5 4 1 2 6 
9 21 7 20 5 15 1 28 18 27 13 17 23 10 11 8 4 2 6 24 26 12 
10 21 7 5 15 1 28 18 27 13 17 23 11 10 8 4 2 6 24 26 12 
11 21 7 5 15 1 28 18 27 13 17 10 11 8 4 2 6 24 26 12 
12 21 7 5 15 1 28 18 27 13 17 10 11 8 4 2 6 24 26 12 
13 21 7 5 15 1 28 18 27 13 17 10 11 8 4 2 6 26 12 
14 21 7 20 5 15 1 28 18 27 13 17 23 10 11 8 4 2 6 24 26 12 
15 21 7 20 5 15 1 28 18 27 13 17 23 10 11 8 4 2 6 24 26 12 
16 21 7 20 5 15 1 28 18 27 13 17 23 10 11 8 4 2 6 24 26 12 
17 21 7 20 5 15 1 28 18 27 13 23 17 10 11 8 4 2 6 24 26 12 
18 21 7 20 5 15 1 28 18 27 13 17 23 10 11 8 4 2 6 24 26 12 
19 21 7 20 5 15 1 28 18 27 13 17 23 10 11 8 4 2 6 24 26 12 
20 21 7 20 5 15 1 28 18 27 13 17 23 11 8 4 2 6 24 26 12 
21 21 7 20 5 15 1 28 18 27 13 17 23 10 11 8 4 2 6 24 26 12 
22 21 7 20 5 15 1 28 18 27 13 17 23 10 11 8 4 2 6 24 26 12 
23 21 7 20 5 15 1 28 18 27 13 17 23 10 8 4 2 6 24 26 12 
24 21 7 20 5 15 1 28 18 27 17 23 10 11 8 4 2 6 24 26 12 
25 21 7 20 5 15 1 28 18 27 17 23 10 11 8 4 2 6 24 26 12 
26 21 7 20 15 1 28 18 27 13 17 23 10 11 8 4 2 6 24 26 12 
27 21 7 20 15 1 28 18 27 13 17 23 10 11 8 4 2 24 26 12 
28 21 7 20 15 1 28 18 27 13 17 23 10 11 4 2 24 26 12 
29 21 7 20 15 1 28 18 27 13 17 23 10 11 4 2 24 26 12 
30 21 7 20 5 15 1 28 30 18 27 13 17 23 10 11 8 4 2 6 24 26 12 
31 21 7 20 5 15 1 28 30 18 27 13 17 23 10 11 8 4 2 6 24 26 12 
32 21 7 20 5 15 1 28 30 18 27 13 17 23 10 11 8 4 2 6 24 32 26 12 
33 21 7 20 5 15 1 28 30 18 27 13 17 23 10 11 8 4 2 6 24 32 26 12 
34 21 7 20 5 15 1 28 30 18 27 13 17 23 10 11 34 8 2 6 24 32 26 12 
35 21 7 20 5 15 1 28 30 18 27 13 17 23 10 11 34 8 4 2 6 24 32 26 12 
