1 1 
2 1 2 
3 1 2 
4 1 2 
5 1 2 5 
6 1 2 5 
7 1 2 5 
8 1 2 8 5 
9 1 9 2 8 5 
10 1 10 9 2 8 5 
11 1 10 9 2 8 5 
12 1 10 9 2 8 5 
13 1 10 13 9 2 8 5 
14 1 10 13 9 2 8 5 14 
15 1 10 13 15 9 2 8 5 14 
16 1 10 13 15 9 2 8 5 14 
17 1 10 13 15 9 2 8 5 14 
18 1 10 13 15 9 18 2 8 5 14 
19 1 19 10 13 15 9 18 2 8 5 14 
20 1 20 19 10 13 15 9 18 2 8 5 14 
21 1 20 19 10 13 15 9 18 2 8 5 14 
22 1 20 19 10 13 15 9 18 2 8 5 14 
23 1 20 19 13 15 9 18 14 10 23 2 8 5 
24 1 20 19 13 15 9 24 18 14 10 23 2 8 5 
25 1 20 19 13 15 9 24 18 14 10 23 2 8 5 25 
26 1 20 19 13 15 9 24 18 14 10 23 2 8 5 25 
27 1 20 19 13 15 9 24 18 14 10 23 2 8 5 25 
28 1 20 19 13 15 9 24 18 14 10 23 2 8 28 5 25 
29 1 20 19 13 15 9 24 18 14 29 10 23 2 8 28 5 25 
30 1 20 19 13 15 9 24 18 14 29 10 23 2 8 28 5 30 25 
31 1 20 19 13 15 9 24 18 14 29 10 23 2 8 28 5 30 25 
32 1 20 19 13 15 9 24 18 14 29 10 23 2 8 28 5 30 25 
33 1 20 19 13 15 9 24 18 14 29 10 23 2 8 28 5 33 30 25 
34 1 20 19 13 15 9 24 34 18 14 29 10 23 2 8 28 5 33 30 25 
35 1 20 19 13 15 9 24 34 18 14 29 35 10 23 2 8 28 5 33 30 25 
36 1 20 19 13 15 9 24 34 18 14 29 35 10 23 2 8 28 5 33 30 25 
37 1 20 19 13 15 9 24 34 18 14 29 35 10 23 2 8 28 5 33 30 25 
38 1 20 19 13 15 9 24 34 18 14 29 35 10 23 38 2 8 28 5 33 30 25 
39 1 20 19 13 15 9 24 34 18 14 29 35 10 23 39 38 2 8 28 5 33 30 25 
40 1 20 19 13 15 9 24 34 18 14 29 35 10 23 39 38 40 2 8 28 5 33 30 25 
41 1 20 19 13 15 9 24 34 18 14 29 35 10 23 39 38 40 2 8 28 5 33 30 25 
42 1 20 19 13 15 9 24 34 18 14 29 35 10 23 39 38 40 2 8 28 5 33 30 25 
43 1 20 13 34 29 35 10 23 39 38 33 25 19 15 9 24 18 14 43 40 2 8 28 5 30 
44 1 20 13 34 29 35 10 23 39 38 44 33 25 19 15 9 24 18 14 43 40 2 8 28 5 30 
45 1 20 13 34 29 35 10 23 39 45 38 44 33 25 19 15 9 24 18 14 43 40 2 8 28 5 30 
46 1 20 13 34 29 35 10 23 39 45 38 44 33 25 19 15 9 24 18 14 43 40 2 8 28 5 30 
47 1 20 13 34 29 35 10 23 39 45 38 44 33 25 19 15 9 24 18 14 43 40 2 8 28 5 30 
48 1 20 13 34 29 35 10 23 39 45 38 44 33 25 19 15 9 24 18 14 43 48 40 2 8 28 5 30 
49 1 20 49 13 34 29 35 10 23 39 45 38 44 33 25 19 15 9 24 18 14 43 48 40 2 8 28 5 30 
50 1 20 49 13 34 29 35 10 23 39 45 38 44 33 25 19 15 9 24 18 14 43 48 40 2 8 28 5 30 
51 1 20 49 13 34 29 35 10 23 39 45 38 44 33 25 19 15 9 24 18 14 43 48 40 2 8 28 5 30 
52 1 20 49 13 34 29 35 10 23 39 45 38 44 52 33 25 19 15 9 24 18 14 43 48 40 2 8 28 5 30 
53 1 20 49 13 34 29 35 10 23 39 45 38 53 44 52 33 25 19 15 9 24 18 14 43 48 40 2 8 28 5 30 
54 1 20 49 54 13 34 29 35 10 23 39 45 38 53 44 52 33 25 19 15 9 24 18 14 43 48 40 2 8 28 5 30 
55 1 20 49 54 13 34 29 35 10 23 39 45 38 53 44 52 33 25 19 15 9 24 18 14 43 48 40 2 8 28 5 30 
56 1 20 49 54 13 34 29 35 10 23 39 45 38 53 44 52 33 25 19 15 9 24 18 14 43 48 40 2 8 28 5 30 
57 1 20 49 54 13 34 29 35 10 23 39 57 45 38 53 44 52 33 25 19 15 9 24 18 14 43 48 40 2 8 28 5 30 
58 1 20 49 54 13 34 29 35 10 23 58 39 57 45 38 53 44 52 33 25 19 15 9 24 18 14 43 48 40 2 8 28 5 30 
59 1 20 49 54 13 34 29 35 10 23 58 39 57 45 38 53 44 52 33 25 19 15 59 9 24 18 14 43 48 40 2 8 28 5 30 
60 1 20 49 54 13 34 29 35 10 23 58 39 57 45 38 53 44 52 33 25 19 15 59 9 24 18 14 43 48 40 2 8 28 5 30 
61 1 20 49 54 13 34 29 35 10 23 58 39 57 45 38 53 44 52 33 25 19 15 59 9 24 18 14 43 48 40 2 8 28 5 30 
62 1 20 49 54 13 34 29 35 10 23 58 39 57 45 38 53 44 52 33 25 19 15 59 9 24 18 14 43 48 40 2 8 28 62 5 30 
63 1 20 49 54 13 34 29 35 10 23 58 39 57 45 38 53 44 52 33 25 19 15 59 9 24 18 14 43 63 48 40 2 8 28 62 5 30 
64 1 20 49 54 13 34 29 35 10 23 58 39 57 45 38 53 44 52 33 25 19 15 59 9 24 18 14 43 63 48 40 2 8 28 62 5 30 
65 1 20 49 54 13 34 29 35 10 23 58 39 57 45 38 53 44 52 33 25 19 15 59 9 24 18 14 43 63 48 40 2 8 28 62 5 30 
66 1 20 49 54 66 13 34 29 35 10 23 58 39 57 45 38 53 44 52 33 25 19 15 59 9 24 18 14 43 63 48 40 2 8 28 62 5 30 
67 1 20 49 54 66 13 34 29 35 10 23 58 39 57 45 38 53 44 52 33 25 67 19 15 59 9 24 18 14 43 63 48 40 2 8 28 62 5 30 
68 1 20 49 54 66 13 34 68 29 35 10 23 58 39 57 45 38 53 44 52 33 25 67 19 15 59 9 24 18 14 43 63 48 40 2 8 28 62 5 30 
69 1 20 49 54 66 13 34 68 29 35 10 23 58 39 57 45 38 53 44 52 33 25 67 19 15 59 9 24 18 14 43 63 48 40 2 8 28 62 5 30 
70 1 20 49 54 66 13 34 68 29 35 10 23 58 39 57 45 38 53 44 52 33 25 67 19 15 59 9 24 18 14 43 63 48 40 2 8 28 62 5 30 
71 1 20 49 54 66 13 34 68 29 35 10 23 58 39 57 45 38 53 44 52 33 25 67 19 15 59 9 24 18 14 43 63 48 71 40 2 8 28 62 5 30 
72 1 20 49 54 66 13 34 68 29 35 10 23 58 39 57 45 38 53 44 52 33 25 67 19 15 59 9 24 18 14 72 43 63 48 71 40 2 8 28 62 5 30 
73 1 20 49 54 66 13 73 34 68 29 35 10 23 58 39 57 45 38 53 44 52 33 25 67 19 15 59 9 24 18 14 72 43 63 48 71 40 2 8 28 62 5 30 
74 1 20 49 54 66 13 73 34 68 29 35 10 23 58 39 57 45 38 53 44 52 33 25 67 19 15 59 9 24 18 14 72 43 63 48 71 40 2 8 28 62 5 30 
75 1 20 49 54 66 13 73 34 68 29 35 10 23 58 39 57 45 38 53 44 52 33 25 67 19 15 59 9 24 18 14 72 43 63 48 71 40 2 8 28 62 5 30 
76 1 20 49 54 66 76 13 73 34 68 29 35 10 23 58 39 57 45 38 53 44 52 33 25 67 19 15 59 9 24 18 14 72 43 63 48 71 40 2 8 28 62 5 30 
77 1 20 49 54 66 76 13 73 34 68 29 35 10 23 58 39 57 45 38 53 77 44 52 33 25 67 19 15 59 9 24 18 14 72 43 63 48 71 40 2 8 28 62 5 30 
78 1 20 49 54 66 76 13 73 34 68 29 78 35 10 23 58 39 57 45 38 53 77 44 52 33 25 67 19 15 59 9 24 18 14 72 43 63 48 71 40 2 8 28 62 5 30 
79 1 20 49 54 66 76 13 73 34 68 29 78 35 10 23 58 39 57 45 38 53 77 44 52 33 25 67 19 15 59 9 24 18 14 72 43 63 48 71 40 2 8 28 62 5 30 
80 1 20 49 54 66 76 13 73 34 68 29 78 35 10 23 58 39 57 45 38 53 77 44 52 33 25 67 19 15 59 9 24 18 14 72 43 63 48 71 40 2 8 28 62 5 30 
81 1 20 49 54 66 76 13 73 34 68 29 78 35 10 23 58 39 57 45 38 53 77 44 52 33 25 67 19 15 59 9 24 18 14 72 81 43 63 48 71 40 2 8 28 62 5 30 
82 1 20 49 54 66 76 13 73 34 68 29 78 35 10 23 58 39 57 45 38 53 77 44 52 33 25 67 19 15 59 9 24 18 14 72 81 43 63 82 48 71 40 2 8 28 62 5 30 
83 1 20 49 54 66 76 13 73 34 68 29 78 35 10 23 58 39 57 45 38 53 77 44 52 33 25 67 19 15 59 9 24 18 14 72 81 43 63 82 48 71 40 2 8 28 62 5 30 
84 1 20 49 54 66 76 13 73 34 68 29 78 35 10 23 58 39 57 45 38 53 77 44 52 33 25 67 19 15 59 9 24 18 14 72 81 43 63 82 48 71 40 2 8 28 62 5 30 
85 1 20 49 54 76 13 34 29 23 39 85 45 38 44 52 19 15 9 63 2 8 62 5 30 66 73 68 78 35 10 58 57 53 77 33 25 67 59 24 18 14 72 81 43 82 48 71 40 28 
86 1 20 49 54 76 13 34 29 23 39 85 45 38 44 52 19 15 9 63 2 8 62 5 30 66 73 68 78 35 10 58 57 53 77 33 86 25 67 59 24 18 14 72 81 43 82 48 71 40 28 
87 1 20 49 54 76 13 34 29 23 39 85 45 38 44 52 19 15 9 63 2 8 62 5 87 30 66 73 68 78 35 10 58 57 53 77 33 86 25 67 59 24 18 14 72 81 43 82 48 71 40 28 
88 1 20 49 54 76 13 34 29 23 39 85 45 38 44 52 19 15 9 63 2 8 62 5 87 30 66 73 68 78 35 10 58 57 53 77 33 86 25 67 59 24 18 14 72 81 43 82 48 71 40 28 
89 1 20 49 54 76 13 34 29 23 39 85 45 38 44 52 19 15 9 63 2 8 62 5 87 30 66 73 68 78 35 10 58 57 53 77 33 86 25 67 59 24 18 14 72 81 43 82 48 71 40 28 
90 1 20 49 54 76 13 34 29 23 39 85 45 38 44 52 19 15 9 63 90 2 8 62 5 87 30 66 73 68 78 35 10 58 57 53 77 33 86 25 67 59 24 18 14 72 81 43 82 48 71 40 28 
91 1 20 49 54 76 13 34 29 23 39 85 45 38 44 52 19 15 91 9 63 90 2 8 62 5 87 30 66 73 68 78 35 10 58 57 53 77 33 86 25 67 59 24 18 14 72 81 43 82 48 71 40 28 
92 1 20 49 54 76 13 34 29 23 39 85 45 38 44 52 19 15 91 9 63 90 2 8 62 5 87 30 66 73 68 78 35 10 58 57 92 53 77 33 86 25 67 59 24 18 14 72 81 43 82 48 71 40 28 
93 1 20 49 54 76 13 34 29 23 39 85 45 38 44 52 19 15 91 9 63 90 2 8 62 5 87 30 66 73 68 78 35 10 58 57 92 53 77 33 86 25 67 59 24 18 14 72 81 43 82 48 71 40 28 
94 1 20 49 54 76 13 34 29 23 39 85 45 38 44 52 19 15 91 9 63 90 2 8 62 5 87 30 66 73 68 78 35 10 58 57 92 53 77 33 86 25 67 59 24 18 14 72 81 43 82 48 71 40 28 
95 1 20 49 54 76 13 34 29 95 23 39 85 45 38 44 52 19 15 91 9 63 90 2 8 62 5 87 30 66 73 68 78 35 10 58 57 92 53 77 33 86 25 67 59 24 18 14 72 81 43 82 48 71 40 28 
96 1 20 49 54 76 13 34 29 95 23 39 85 45 96 38 44 52 19 15 91 9 63 90 2 8 62 5 87 30 66 73 68 78 35 10 58 57 92 53 77 33 86 25 67 59 24 18 14 72 81 43 82 48 71 40 28 
97 1 20 49 54 97 76 13 34 29 95 23 39 85 45 96 38 44 52 19 15 91 9 63 90 2 8 62 5 87 30 66 73 68 78 35 10 58 57 92 53 77 33 86 25 67 59 24 18 14 72 81 43 82 48 71 40 28 
98 1 20 49 54 97 76 13 34 29 95 23 39 85 45 96 38 44 52 19 15 91 9 63 90 2 8 62 5 87 30 66 73 68 78 35 10 58 57 92 53 77 33 86 25 67 59 24 18 14 72 81 43 82 48 71 40 28 
99 1 20 49 54 97 76 13 34 29 95 23 39 85 45 96 38 44 52 19 15 91 9 63 90 2 8 62 5 87 30 66 73 68 78 35 10 58 57 92 53 77 33 86 25 67 59 24 18 14 72 81 43 82 48 71 40 28 
100 1 20 49 54 97 76 13 34 29 95 23 39 85 45 96 38 44 52 19 15 91 9 100 63 90 2 8 62 5 87 30 66 73 68 78 35 10 58 57 92 53 77 33 86 25 67 59 24 18 14 72 81 43 82 48 71 40 28 
101 1 20 49 54 97 76 13 101 34 29 95 23 39 85 45 96 38 44 52 19 15 91 9 100 63 90 2 8 62 5 87 30 66 73 68 78 35 10 58 57 92 53 77 33 86 25 67 59 24 18 14 72 81 43 82 48 71 40 28 
102 1 20 49 54 97 76 13 101 34 29 95 23 39 85 45 96 38 44 52 19 15 91 9 100 63 90 2 8 62 5 87 30 66 73 68 78 35 10 58 57 92 53 77 33 86 25 67 59 24 18 14 72 81 43 82 102 48 71 40 28 
103 1 20 49 54 97 76 13 101 34 29 95 23 39 85 45 96 38 44 52 19 15 91 9 100 63 90 2 8 62 5 87 30 66 73 68 78 35 10 58 57 92 53 77 33 86 25 67 59 24 18 14 72 81 43 82 102 48 71 40 28 
104 1 20 49 54 97 76 13 101 34 29 95 23 39 85 45 96 38 44 52 19 15 91 9 100 63 90 2 8 62 5 87 30 66 73 68 78 35 10 58 57 92 53 77 33 86 25 67 59 24 18 14 72 81 43 82 102 48 71 40 28 
105 1 20 49 54 97 76 13 105 101 34 29 95 23 39 85 45 96 38 44 52 19 15 91 9 100 63 90 2 8 62 5 87 30 66 73 68 78 35 10 58 57 92 53 77 33 86 25 67 59 24 18 14 72 81 43 82 102 48 71 40 28 
106 1 20 49 54 97 76 13 105 101 34 29 95 23 39 85 45 96 38 44 52 19 15 91 9 100 63 90 2 8 62 5 87 30 66 73 68 78 35 10 58 57 92 53 106 77 33 86 25 67 59 24 18 14 72 81 43 82 102 48 71 40 28 
107 1 20 49 54 97 76 13 105 101 34 29 95 23 39 85 45 96 38 44 52 19 15 91 9 100 63 90 2 8 62 5 87 30 66 73 68 78 35 10 58 57 92 53 106 77 33 86 25 67 59 24 18 14 72 81 43 82 102 48 71 40 28 
108 1 20 49 54 97 76 13 105 101 34 29 95 23 39 85 45 96 38 44 52 19 15 91 9 100 63 90 2 8 62 5 87 30 66 73 68 78 35 10 58 57 92 53 106 77 33 86 25 67 59 24 18 14 72 81 43 82 102 48 71 40 28 
109 1 20 49 54 97 76 13 105 101 34 29 95 23 39 85 45 96 38 44 52 19 15 91 9 100 63 90 109 2 8 62 5 87 30 66 73 68 78 35 10 58 57 92 53 106 77 33 86 25 67 59 24 18 14 72 81 43 82 102 48 71 40 28 
110 1 20 49 54 97 76 13 105 101 34 29 95 23 39 85 45 96 38 44 52 19 15 91 9 100 63 90 109 2 8 62 5 87 30 66 73 68 78 35 10 58 57 92 53 106 77 33 86 25 67 59 24 18 14 72 81 43 82 102 48 71 40 28 110 
111 1 20 49 54 97 76 13 105 101 34 29 95 23 39 85 45 96 38 44 52 19 15 91 9 100 63 90 109 2 8 62 5 87 30 66 73 68 78 35 10 58 57 92 53 106 77 33 86 25 67 111 59 24 18 14 72 81 43 82 102 48 71 40 28 110 
112 1 20 49 54 97 76 13 105 101 34 29 95 23 39 85 45 96 38 44 52 19 15 91 9 100 63 90 109 2 8 62 5 87 30 66 73 68 78 35 10 58 57 92 53 106 77 33 86 25 67 111 59 24 18 14 72 81 43 82 102 48 71 40 28 110 
113 1 20 49 54 97 76 13 105 101 34 29 95 23 39 85 45 96 38 44 52 19 15 91 9 100 63 90 109 2 8 62 5 87 30 66 73 68 78 35 10 58 57 92 53 106 77 33 86 25 67 111 59 24 18 14 72 81 43 82 102 48 71 40 28 110 
114 1 20 49 54 97 76 13 105 101 34 29 95 23 39 85 45 96 38 44 52 19 15 91 9 100 63 90 109 2 8 62 5 87 30 66 73 68 78 35 10 58 57 92 53 106 77 33 86 114 25 67 111 59 24 18 14 72 81 43 82 102 48 71 40 28 110 
115 1 20 49 54 97 76 13 105 101 34 29 95 23 39 85 45 96 38 44 52 19 15 91 115 9 100 63 90 109 2 8 62 5 87 30 66 73 68 78 35 10 58 57 92 53 106 77 33 86 114 25 67 111 59 24 18 14 72 81 43 82 102 48 71 40 28 110 
116 1 20 49 54 97 76 13 105 101 34 29 95 23 39 85 45 96 38 44 52 19 15 91 115 9 100 63 90 109 2 8 62 5 87 30 66 73 68 78 35 10 58 57 92 53 106 77 33 86 114 25 67 111 116 59 24 18 14 72 81 43 82 102 48 71 40 28 110 
117 1 20 49 54 97 76 13 105 101 34 29 95 23 39 85 45 96 38 44 52 19 15 91 115 9 100 63 90 109 2 8 62 5 87 30 66 73 68 78 35 10 58 57 92 53 106 77 33 86 114 25 67 111 116 59 24 18 14 72 81 43 82 102 48 71 40 28 110 
118 1 20 49 54 97 76 13 105 101 34 29 95 23 39 85 45 96 38 44 52 19 15 91 115 9 100 63 90 109 2 8 62 5 87 30 66 73 68 78 35 10 58 57 92 53 106 77 33 86 114 25 67 111 116 59 24 18 14 72 81 43 82 102 48 71 40 28 110 
119 1 20 49 54 97 76 13 105 101 34 29 95 23 39 85 45 96 38 44 52 19 15 91 115 9 100 63 90 109 2 8 62 5 87 30 66 73 68 78 35 10 58 57 92 53 106 77 33 86 114 25 119 67 111 116 59 24 18 14 72 81 43 82 102 48 71 40 28 110 
120 1 20 49 54 97 76 13 105 101 34 29 95 23 39 85 45 96 38 44 52 19 15 91 115 9 100 120 63 90 109 2 8 62 5 87 30 66 73 68 78 35 10 58 57 92 53 106 77 33 86 114 25 119 67 111 116 59 24 18 14 72 81 43 82 102 48 71 40 28 110 
121 1 20 49 54 97 76 13 105 101 34 121 29 95 23 39 85 45 96 38 44 52 19 15 91 115 9 100 120 63 90 109 2 8 62 5 87 30 66 73 68 78 35 10 58 57 92 53 106 77 33 86 114 25 119 67 111 116 59 24 18 14 72 81 43 82 102 48 71 40 28 110 
122 1 20 49 54 97 76 13 105 101 34 121 29 95 23 39 85 45 96 38 44 52 19 15 91 115 9 100 120 63 90 109 2 8 62 5 87 30 66 73 68 78 35 10 58 57 92 53 106 77 33 86 114 25 119 67 111 116 59 24 18 14 72 81 43 82 102 48 71 40 28 110 
123 1 20 49 54 97 76 13 105 101 34 121 29 95 23 39 85 45 96 38 44 52 19 15 91 115 9 100 120 63 90 109 2 8 62 5 87 30 66 73 68 78 35 10 58 57 92 53 106 77 33 86 114 25 119 67 111 116 59 24 18 14 72 81 43 82 102 48 71 40 28 110 
124 1 20 49 54 97 76 13 105 101 34 121 29 95 23 39 85 45 96 38 44 52 19 15 91 115 9 100 120 63 90 109 2 8 62 5 87 30 66 73 68 78 35 10 58 57 92 53 106 77 33 86 114 25 119 67 111 116 59 24 18 14 72 81 43 82 102 48 71 40 28 110 
