1 1 
2 1 2 
3 1 2 3 
4 1 4 2 3 
5 1 4 5 2 3 
6 1 4 5 2 6 3 
7 1 4 5 2 6 3 7 
8 1 4 5 8 2 6 3 7 
9 1 4 5 8 2 6 3 7 
10 1 4 5 8 2 6 10 3 
11 11 1 4 5 8 2 6 10 3 7 
12 18 21 16 27 2 6 10 3 13 30 24 31 11 26 1 15 4 5 8 33 22 7 19 
13 18 21 16 27 2 6 10 3 30 13 24 31 11 26 1 15 4 5 8 33 22 7 19 
14 18 21 16 27 2 6 10 3 13 30 24 31 11 26 1 15 4 5 8 33 22 7 19 
15 16 27 2 6 10 3 13 30 24 31 11 26 1 15 4 5 8 33 22 7 19 
16 16 27 2 6 10 3 13 30 24 31 11 26 1 15 4 5 8 33 22 7 19 
17 16 27 2 6 10 3 13 30 24 31 11 26 1 15 4 5 8 33 22 7 19 
18 18 16 27 2 6 10 3 13 30 24 31 11 26 1 4 5 8 33 22 7 19 
19 18 16 27 2 6 10 3 13 30 24 31 11 26 1 4 5 8 33 22 7 19 
20 18 16 27 2 6 10 3 13 30 24 31 11 26 1 4 5 8 33 22 7 19 
21 21 16 27 2 6 10 3 13 30 24 31 11 26 1 4 5 8 33 22 7 19 
22 18 21 16 27 2 6 10 3 13 30 24 31 11 26 1 15 4 5 8 33 22 7 19 
23 18 21 16 27 2 6 10 3 13 30 24 31 11 26 1 15 4 5 8 33 22 7 19 
24 18 21 16 27 2 6 10 3 13 30 24 31 11 26 1 15 4 5 8 33 22 7 19 
25 18 21 16 27 2 6 10 3 13 30 24 31 11 26 1 15 4 5 8 33 22 7 19 
26 18 21 16 27 2 6 10 3 13 30 24 31 11 26 1 15 4 5 8 33 22 7 19 
27 18 21 16 27 2 6 10 3 13 30 24 31 11 26 1 15 4 5 8 33 22 7 19 
28 18 21 16 27 2 6 10 3 13 30 24 31 11 26 1 15 4 5 8 33 22 7 19 
29 18 21 16 27 2 6 10 3 13 30 24 31 11 26 1 15 4 5 8 33 22 7 19 
30 18 21 16 27 2 6 10 3 13 30 24 31 11 26 1 15 4 5 8 33 22 7 19 
31 18 21 16 27 2 6 10 3 13 30 24 31 11 26 1 15 4 5 8 33 22 7 19 
32 18 21 16 27 2 6 10 3 13 30 24 31 11 26 1 15 4 5 8 33 22 7 19 
33 18 21 16 27 2 6 10 3 13 30 24 31 26 1 15 4 5 8 33 22 7 19 
34 18 21 16 27 2 6 10 3 13 30 24 31 26 1 15 4 5 8 33 22 7 19 
35 18 21 16 27 2 6 10 3 13 30 24 31 11 26 1 15 4 5 8 33 22 7 19 
