1 1 
2 1 2 
3 1 2 3 
4 1 2 3 
5 1 2 3 5 
6 1 2 3 5 
7 1 2 3 5 
8 1 2 3 5 8 
9 9 1 2 3 5 8 
10 9 1 2 3 5 8 
11 9 1 11 2 3 5 8 
12 9 1 11 2 3 5 8 
13 9 1 11 2 3 5 8 
14 9 14 1 11 2 3 5 8 
15 15 9 14 1 11 2 3 5 8 
16 15 9 14 1 11 2 3 5 8 
17 15 9 14 1 11 2 17 3 5 8 
18 15 9 14 1 11 2 17 3 5 8 
19 15 9 14 1 11 2 17 3 5 8 
20 15 9 14 20 1 11 2 17 3 5 8 
21 15 9 14 20 1 11 2 17 3 5 8 21 
22 15 9 14 20 1 11 2 17 3 5 8 21 
23 9 11 17 3 8 21 15 23 14 20 1 2 5 
24 9 11 17 3 8 21 15 23 14 20 1 2 5 
25 9 11 17 3 8 21 15 23 14 20 1 2 5 
26 9 11 17 3 8 21 15 23 14 20 1 2 5 
27 9 11 17 3 8 21 15 23 14 20 1 2 5 
