1 2 
2 3 
3 4 5 
4 
5 6 
6 7 8 
7 
8 9 
9 10 
10 11 
11 12 13 
12 
13 14 
14 15 
15 16 
16 17 18 
17 
18 19 
19 20 
20 21 
21 22 23 
22 
23 24 
24 25 
25 26 
26 27 28 
27 
28 29 
29 30 
30 31 32 
31 
32 33 
33 34 
34 35 
35 36 37 
36 
37 38 
38 39 
39 40 
40 41 42 
41 
42 43 
43 44 
44 45 
45 46 47 
46 
47 48 
48 49 
49 50 
50 51 52 
51 
52 53 
53 54 
54 55 
55 56 57 
56 
57 58 
58 59 
59 60 61 
60 
61 62 
62 63 
63 64 65 
64 
65 66 
66 67 
67 68 69 
68 
69 70 
70 71 
71 72 73 
72 
73 74 
74 75 
75 76 77 
76 
77 78 
78 79 
79 80 
80 81 82 
81 
82 83 
83 84 
84 85 
85 86 87 
86 
87 88 
88 89 
89 90 91 
90 
91 92 
92 93 
93 94 
94 95 96 
95 
96 97 
97 98 
98 99 
99 100 101 
100 
101 102 
102 103 
103 104 
104 105 106 
105 
106 107 
107 108 
108 109 110 
109 
110 111 
111 112 
112 113 
113 114 115 
114 
115 116 
116 117 
117 118 
118 119 120 
119 
120 121 
121 122 
122 123 
123 124 125 
124 
125 126 
126 127 
127 128 129 
128 
129 130 
130 131 
131 132 
132 133 134 
133 
134 135 
135 136 
136 137 
137 138 139 
138 
139 140 
140 141 
141 142 
142 143 144 
143 
144 145 
145 146 
146 147 
147 148 149 
148 
149 150 
150 151 
151 152 
152 153 154 
153 
154 155 
155 156 
156 157 
157 158 159 
158 
159 160 
160 161 
161 162 163 
162 
163 164 
164 165 
165 166 
166 167 168 
167 
168 169 
169 170 
170 171 
171 172 173 
172 
173 174 
174 175 
175 176 
176 177 178 
177 
178 179 
179 180 
180 181 182 
181 
182 183 
183 184 
184 185 186 
185 
186 187 
187 188 
188 189 
189 190 191 
190 
191 192 
192 193 
193 194 
194 195 196 
195 
196 197 
197 198 
198 199 
199 200 201 
200 
201 202 
202 203 
203 204 
204 205 206 
205 
206 207 
207 208 
208 209 210 
209 
210 211 
211 212 
212 213 
213 214 215 
214 
215 216 
216 217 
217 218 
218 219 220 
219 
220 221 
221 222 
222 223 224 
223 
224 225 
225 226 
226 227 
227 228 229 
228 
229 230 
230 231 
231 232 
232 233 234 
233 
234 235 
235 236 
236 237 
237 238 239 
238 
239 240 
240 
