1 1 
2 2 1 
3 3 2 1 
4 3 2 1 4 
5 3 2 1 4 5 
6 3 2 6 1 4 5 
7 3 2 6 1 4 5 7 
8 3 2 6 1 4 5 8 7 
9 3 2 6 1 4 5 8 7 9 
10 3 2 6 1 4 5 8 7 9 10 
11 11 3 2 6 1 4 5 8 7 9 10 
12 11 3 2 6 1 4 5 8 7 9 10 
13 11 3 2 6 1 4 5 8 7 9 10 
14 11 14 3 2 6 1 4 5 8 7 9 10 
15 11 14 15 1 7 9 10 3 2 6 4 5 8 
16 11 14 15 16 1 7 9 10 3 2 6 4 5 8 
17 11 14 15 16 1 7 9 10 3 2 17 6 4 5 8 
18 11 14 15 16 1 7 9 10 3 2 17 6 4 5 8 18 
19 11 14 15 16 1 7 9 10 3 2 17 6 4 5 8 18 
20 11 14 15 16 1 7 9 10 3 2 17 6 4 5 8 18 
21 11 14 21 15 16 1 7 9 10 3 2 17 6 4 5 8 18 
22 11 14 21 15 16 1 7 9 10 3 2 17 6 4 5 8 22 18 
23 11 14 21 23 15 16 1 7 9 10 3 2 17 6 4 5 8 22 18 
24 11 14 21 23 15 16 1 7 9 10 3 2 17 6 4 5 8 22 18 
25 11 14 21 23 15 16 1 7 9 10 3 2 17 6 4 5 8 22 18 
26 11 14 26 21 23 15 16 1 7 9 10 3 2 17 6 4 5 8 22 18 
27 11 14 27 26 21 23 15 16 1 7 9 10 3 2 17 6 4 5 8 22 18 
28 11 14 27 26 21 23 15 16 1 7 9 10 3 2 17 6 28 4 5 8 22 18 
29 11 14 27 26 21 23 15 16 1 7 9 10 3 2 17 6 28 4 5 8 22 18 
30 11 14 27 26 21 23 15 16 1 7 9 10 3 2 17 6 28 30 4 5 8 22 18 
31 11 14 26 31 21 23 15 16 1 7 9 10 3 2 17 6 28 30 4 5 8 22 18 
32 11 14 26 31 21 23 15 32 16 1 7 9 10 3 2 17 6 28 30 4 5 8 18 
33 14 27 33 31 21 16 1 10 28 5 18 11 26 23 15 32 7 9 3 2 17 6 4 8 22 
34 14 27 33 31 21 16 1 10 28 5 18 11 34 26 23 15 32 7 9 3 2 17 6 4 8 22 
35 14 27 33 31 21 16 35 1 10 28 5 18 11 34 26 23 15 32 7 9 3 2 17 6 4 8 22 
36 14 27 33 31 21 16 35 1 10 36 28 5 18 11 34 26 23 15 32 7 9 3 2 17 6 4 8 22 
37 14 27 33 31 21 16 35 1 10 36 28 5 18 11 34 26 23 15 32 37 7 9 3 2 17 6 4 8 22 
38 14 27 33 31 21 16 35 1 10 36 28 5 18 11 34 26 23 15 32 37 7 9 3 2 17 6 4 8 22 
39 14 27 33 31 21 16 35 1 10 36 28 5 18 11 34 26 23 32 37 7 9 3 2 17 6 39 4 8 22 
40 14 27 33 31 21 16 35 1 10 36 40 28 5 18 11 34 26 23 32 37 7 9 3 2 17 6 39 4 8 22 
41 14 27 33 31 21 35 1 10 36 40 41 28 5 18 11 34 26 23 32 37 7 9 3 2 17 6 39 4 8 22 
42 14 27 33 31 21 1 10 42 36 40 41 28 5 18 11 34 26 23 32 37 7 9 3 2 17 6 39 4 8 22 
43 14 27 33 31 21 1 43 10 42 36 40 41 28 5 18 11 34 26 23 32 37 7 9 3 2 17 6 39 4 8 22 
44 14 27 31 21 1 43 10 42 36 40 44 41 28 5 18 11 34 26 23 32 37 7 9 3 2 17 6 39 4 8 22 
45 14 27 31 21 45 1 43 10 42 40 44 41 28 5 18 11 34 26 23 32 37 7 9 3 2 17 6 39 4 8 22 
46 14 27 31 21 45 1 43 10 42 40 44 41 28 5 18 11 34 26 23 32 37 7 9 3 2 17 6 39 4 8 22 
47 14 27 33 31 21 16 35 1 10 47 36 28 5 18 11 34 26 23 15 32 37 7 9 3 2 17 6 4 8 22 
48 14 27 33 31 21 16 35 1 10 47 36 28 5 18 11 34 26 23 15 32 37 7 9 3 2 17 6 4 8 22 
49 14 27 33 31 21 16 35 1 10 47 36 28 5 18 11 34 49 26 23 15 32 37 7 9 3 2 17 6 4 8 22 
50 14 27 33 31 21 16 35 1 10 47 50 36 28 5 18 11 34 49 26 23 32 37 7 9 3 2 17 6 4 8 22 
51 14 27 33 31 21 35 1 10 47 50 36 28 5 18 11 34 49 26 23 32 37 7 9 51 3 2 17 6 4 8 22 
52 14 27 33 31 21 35 1 10 47 50 28 5 18 11 34 49 52 26 23 32 37 7 9 51 3 2 17 6 4 8 22 
53 14 27 33 31 21 45 16 35 1 43 10 47 50 42 40 36 44 41 28 5 18 11 34 49 52 26 23 15 32 37 53 7 9 51 3 2 17 6 39 4 8 22 
54 14 27 33 31 21 45 16 35 1 43 10 47 50 42 40 36 44 41 28 5 18 11 34 49 52 26 23 15 32 37 53 7 9 51 3 2 17 6 39 4 8 22 
55 14 27 33 31 21 45 16 35 1 43 10 47 50 42 40 36 55 44 41 28 5 18 11 34 49 52 26 23 15 32 37 53 7 9 51 3 2 17 6 39 4 8 22 
56 14 27 33 31 21 45 16 35 1 43 10 47 50 42 40 36 55 44 41 28 5 18 11 34 49 52 26 56 23 15 32 37 53 7 9 51 3 2 17 6 39 4 8 22 
57 14 27 33 31 21 45 16 35 1 43 10 47 50 42 40 36 55 44 41 28 5 18 11 34 49 52 26 56 23 15 32 37 53 7 9 51 3 2 17 6 39 4 8 22 
58 14 27 33 31 21 45 16 35 1 43 10 47 50 42 40 36 55 44 41 28 5 18 11 34 49 52 26 56 23 15 32 37 58 53 7 9 51 3 2 17 6 39 4 8 22 
59 14 27 33 31 21 45 16 35 1 43 10 47 50 42 59 40 36 55 44 41 28 5 18 11 34 49 52 26 56 23 15 32 37 58 53 7 9 51 3 2 17 6 39 4 8 22 
60 14 27 33 31 21 45 16 35 1 43 10 47 50 42 59 40 36 55 44 41 28 5 18 11 34 49 52 26 56 23 15 32 37 58 53 7 9 51 3 2 17 6 39 4 8 22 
61 14 27 33 31 21 61 45 16 35 1 43 10 47 50 42 59 40 36 55 44 41 28 5 18 11 34 49 52 26 56 23 15 32 37 58 53 7 9 51 3 2 17 6 39 4 8 22 
62 14 27 33 31 21 61 45 16 35 1 43 10 47 50 42 59 40 36 55 44 41 28 5 18 11 34 49 52 26 56 23 15 32 37 58 53 7 9 51 3 2 17 6 39 4 8 22 
63 14 27 33 31 21 61 45 16 35 1 43 10 47 50 42 59 40 36 55 44 41 28 5 18 11 34 49 52 26 56 23 15 32 37 58 53 7 9 51 3 2 17 6 39 4 8 22 
64 14 27 33 31 64 21 61 45 16 35 1 43 10 47 50 42 59 40 36 55 44 41 28 5 18 11 34 49 52 26 56 23 15 32 37 58 53 7 9 51 3 2 17 6 39 4 8 22 
65 14 27 33 31 64 21 61 45 16 35 1 43 10 47 50 42 59 40 36 55 44 41 28 5 18 11 34 49 52 26 56 23 15 32 37 58 53 7 9 51 3 2 17 6 39 4 8 22 
66 33 16 35 43 50 40 55 41 5 18 11 34 52 26 58 51 3 2 17 66 8 14 27 31 64 21 61 45 1 10 47 42 59 36 44 28 49 56 23 15 32 37 53 7 9 6 39 4 22 
67 33 16 35 43 50 40 55 41 5 18 11 34 52 26 58 51 3 2 17 66 8 14 27 31 64 21 61 45 1 10 47 42 59 36 44 28 49 56 23 15 32 37 53 7 9 6 39 4 22 
68 33 16 35 43 50 40 55 41 5 18 11 34 52 26 58 51 3 2 17 66 8 14 27 31 64 21 61 45 1 10 47 42 59 36 44 28 49 56 23 15 32 37 53 7 9 6 39 4 22 
69 33 16 35 43 50 40 55 41 5 18 11 34 52 26 58 51 3 2 17 66 8 14 27 31 64 21 61 45 1 10 47 42 59 36 44 28 49 56 23 15 32 37 53 7 9 69 6 39 4 22 
70 33 16 35 43 50 40 55 41 5 18 11 34 52 26 58 51 3 2 17 66 8 14 27 31 64 21 61 45 1 10 47 42 59 36 44 28 49 56 23 15 32 37 53 7 9 69 6 39 4 22 
71 33 16 35 43 50 40 55 41 5 71 18 11 34 52 26 58 51 3 2 17 66 8 14 27 31 64 21 61 45 1 10 47 42 59 36 44 28 49 56 23 15 32 37 53 7 9 69 6 39 4 22 
72 33 16 35 43 50 40 55 41 5 71 18 11 34 52 26 58 51 3 2 17 66 8 14 27 31 64 21 61 45 1 10 47 42 59 36 44 28 49 56 23 15 32 37 53 7 9 69 6 39 4 22 
73 33 16 35 43 50 40 55 41 5 71 18 11 34 52 26 58 51 3 2 17 66 8 14 27 31 64 21 61 45 1 10 47 42 59 36 44 28 49 56 23 15 32 37 53 7 9 69 6 39 4 22 
74 33 16 35 43 50 40 55 41 74 5 71 18 11 34 52 26 58 51 3 2 17 66 8 14 27 31 64 21 61 45 1 10 47 42 59 36 44 28 49 56 23 15 32 37 53 7 9 69 6 39 4 22 
75 33 16 35 43 50 40 55 41 74 5 71 18 11 34 52 26 58 51 3 2 17 66 8 14 27 31 64 21 61 45 1 10 47 42 59 36 44 28 49 56 23 15 32 37 53 7 9 69 6 39 4 22 
76 33 16 35 43 50 40 55 41 74 5 71 18 11 34 52 26 58 51 3 2 17 66 8 14 27 31 64 21 61 45 1 10 47 42 59 36 44 28 49 56 23 15 32 37 53 7 9 69 6 39 4 22 
77 33 16 35 43 50 40 55 41 74 5 71 18 11 34 52 26 58 51 3 2 17 66 8 14 27 31 64 21 61 45 1 10 47 42 59 36 44 28 49 56 23 15 32 37 53 7 9 69 6 39 4 22 
