1 1 
2 1 2 
3 3 1 2 
4 3 1 4 2 
5 3 1 4 2 5 
6 6 3 1 4 2 5 
7 6 3 1 4 2 5 7 
8 6 3 8 1 4 2 5 7 
9 6 3 8 1 4 2 5 9 7 
10 6 3 8 1 4 2 5 9 7 
11 6 3 8 1 4 2 5 11 9 7 
12 6 3 8 1 4 2 5 11 9 7 
13 6 3 8 1 4 2 5 11 9 7 
14 6 3 8 1 4 2 5 14 11 9 7 
15 6 3 8 1 4 2 5 14 11 15 9 7 
16 6 3 8 1 4 2 5 14 11 15 9 7 
17 6 3 8 1 4 2 5 14 11 15 9 7 
18 18 
19 18 
20 6 4 18 11 3 8 1 2 5 14 15 9 7 
21 6 4 18 11 3 8 1 2 5 14 15 9 7 
22 6 4 18 11 3 8 1 2 5 14 15 9 7 
23 6 4 18 11 3 8 1 2 5 14 15 9 7 
24 6 4 18 11 3 8 1 2 5 14 15 9 7 
25 6 4 18 11 3 8 1 2 5 14 15 9 7 
26 6 4 18 11 3 8 1 2 5 14 15 9 7 
