1 1 
2 2 1 
3 2 1 
4 2 1 4 
5 2 1 4 5 
6 2 1 4 5 6 
7 2 1 7 4 5 6 
8 13 2 1 7 4 10 5 6 11 14 
9 13 2 1 7 4 10 5 6 11 14 
10 13 2 1 7 4 10 5 6 11 14 
11 13 2 1 7 4 10 5 6 14 11 
12 13 2 1 7 4 10 5 6 11 14 
13 13 2 1 7 10 5 6 11 14 
14 13 2 1 4 10 5 6 11 14 
15 13 2 1 4 10 5 6 11 14 
16 13 2 1 7 4 10 5 6 11 14 
17 13 2 1 7 4 10 5 6 17 11 14 
18 13 2 1 7 4 10 5 6 17 11 14 
19 13 2 1 7 4 10 5 6 17 11 14 
20 13 2 1 7 4 10 5 6 17 11 14 
21 13 2 21 1 7 4 10 5 6 17 11 14 
22 13 2 21 1 7 4 10 5 6 17 11 14 
23 13 2 21 1 7 4 10 5 6 17 11 14 
24 13 2 21 1 7 4 10 5 6 17 11 14 
25 13 2 21 1 7 4 10 5 6 17 11 14 
