1 1 
2 2 1 
3 3 2 1 
4 3 2 1 
5 3 2 5 1 
6 3 2 5 1 
7 3 7 2 5 1 
8 3 7 2 5 8 1 
9 3 7 2 5 8 9 1 
10 3 7 10 2 5 8 1 
11 11 3 7 2 5 8 1 
12 11 3 7 2 5 8 1 
13 13 3 2 5 1 
14 13 3 2 5 1 
15 13 3 2 5 15 1 
16 13 3 2 5 15 16 1 
17 13 3 2 5 17 15 16 1 
18 13 3 18 2 5 17 15 16 1 
19 13 3 18 19 2 5 17 15 16 1 
20 13 3 19 2 5 17 15 16 1 20 
21 13 3 19 2 5 17 21 15 16 1 20 
22 13 3 19 2 5 17 21 15 16 22 1 20 
23 13 3 19 2 5 17 21 15 16 22 1 23 
24 13 3 19 2 5 17 21 15 16 22 1 23 
25 13 25 3 2 5 1 
26 13 25 3 2 5 1 
27 3 27 2 1 
28 3 27 2 1 
29 3 27 2 29 1 
30 3 30 27 2 29 1 
31 3 30 31 27 2 29 1 
32 32 3 30 27 2 29 1 
33 3 30 33 27 2 29 1 
34 3 30 33 27 2 29 1 
35 3 27 2 35 1 
36 11 25 3 33 7 19 2 5 21 29 15 16 22 1 13 30 27 35 8 17 23 
