1 1 
2 1 2 
3 1 2 3 
4 1 2 3 4 
5 1 5 2 3 4 
6 1 5 2 3 4 6 
7 1 5 2 3 4 7 6 
8 1 5 8 2 3 4 7 6 
9 1 5 8 2 3 4 7 6 9 
10 1 10 5 8 2 3 4 7 6 9 
11 1 10 5 8 2 3 4 7 6 9 
12 1 10 5 8 2 3 4 7 6 9 
13 1 10 5 8 2 3 4 13 7 6 9 
14 1 10 5 8 2 3 4 13 7 14 6 9 
15 5 8 4 7 14 9 1 10 2 3 13 15 6 
16 5 8 4 7 14 9 1 10 2 3 13 15 16 6 
17 5 8 4 7 14 17 9 1 10 2 3 13 15 16 6 
18 5 8 4 7 14 17 9 1 10 2 3 13 15 16 6 
19 5 8 4 7 14 17 9 1 10 2 19 3 13 15 16 6 
20 5 8 4 7 14 17 9 20 1 10 2 19 3 13 15 16 6 
21 5 8 4 7 14 17 9 20 1 10 2 19 3 13 15 16 6 21 
22 5 8 4 7 14 17 9 20 1 10 2 19 3 13 15 16 6 21 
23 5 8 4 7 17 9 20 23 1 10 2 19 3 13 15 16 6 21 
24 5 8 4 7 17 9 20 23 1 10 2 19 3 13 15 16 6 21 
25 5 8 4 7 14 25 17 9 1 10 2 3 13 15 16 6 
26 5 8 4 7 14 25 17 9 1 10 2 3 13 15 16 6 
27 5 8 4 7 14 25 17 9 1 10 2 3 13 15 16 27 6 
28 5 8 4 7 14 25 17 9 1 10 2 3 13 28 15 16 27 6 
29 29 5 8 4 7 14 25 17 9 1 10 2 3 13 28 15 16 27 6 
30 29 5 8 4 7 14 25 17 9 1 10 2 3 13 28 15 16 27 6 
31 29 5 8 4 7 25 17 9 1 10 2 3 13 28 15 16 27 6 31 
32 29 5 8 4 7 14 25 17 9 20 23 1 10 2 19 3 13 28 15 16 27 6 31 21 
33 29 5 8 4 7 14 25 17 9 20 23 1 10 2 19 3 13 28 15 16 27 6 31 21 
34 29 5 8 7 14 25 9 34 1 2 19 3 13 15 6 31 21 4 17 20 23 10 28 16 27 
35 29 5 8 7 14 25 9 34 1 2 19 3 13 15 6 31 21 4 35 17 20 23 10 28 16 27 
36 29 5 8 7 14 25 9 34 1 2 19 3 13 15 6 31 21 36 4 35 17 20 23 10 28 16 27 
37 29 5 8 7 14 25 9 34 1 2 19 3 13 15 6 31 21 36 4 35 17 20 23 10 37 28 16 27 
38 29 5 8 7 14 25 9 34 1 2 19 3 13 15 6 31 21 36 4 35 17 20 23 10 37 28 16 27 
39 29 5 8 7 14 25 9 34 1 2 19 3 13 15 6 31 21 36 4 35 17 20 23 10 37 28 16 27 
40 29 5 8 7 14 25 9 34 1 2 19 3 13 15 6 31 21 36 40 4 35 17 20 23 10 37 28 16 27 
41 29 5 8 7 14 25 9 34 1 2 19 3 13 15 6 31 21 36 40 4 35 17 20 23 10 37 28 16 27 
42 29 5 8 7 14 25 9 34 1 2 19 3 13 15 6 31 21 36 40 4 35 17 20 23 10 37 28 16 27 
