1 1 
2 1 2 
3 1 2 
4 1 2 
5 1 5 2 
6 1 5 2 
7 1 5 2 
8 1 8 5 2 
9 1 8 5 2 9 
10 10 1 8 5 2 9 
11 11 10 1 8 5 2 9 
12 11 10 1 8 5 2 9 
13 11 10 1 8 5 2 9 
14 11 10 1 8 5 14 2 9 
15 11 10 1 8 5 15 14 2 9 
16 11 10 1 8 5 15 16 14 2 9 
17 11 10 1 8 5 15 16 14 2 9 
18 11 10 1 8 5 15 16 14 2 9 
19 19 11 10 1 8 5 15 16 14 2 9 
20 19 11 10 1 8 5 15 16 14 20 2 9 
21 19 10 8 5 15 16 21 14 20 2 9 11 1 
22 19 10 8 5 15 16 21 14 20 2 9 11 1 
23 19 10 8 5 15 16 21 14 20 2 9 11 1 
24 19 10 8 5 15 16 21 14 20 2 9 11 1 24 
25 19 10 8 5 15 16 21 14 20 2 9 25 11 1 24 
26 19 10 8 5 15 16 21 14 20 2 9 25 11 26 1 24 
27 19 10 8 5 15 16 21 14 20 2 9 25 11 26 1 24 
28 19 10 8 5 15 16 21 14 20 2 9 25 11 26 1 24 
29 19 10 8 5 15 16 21 14 20 2 9 29 25 11 26 1 24 
30 19 10 8 5 15 16 21 14 20 2 9 29 25 11 30 26 1 24 
31 19 10 8 5 15 16 21 14 20 31 2 9 29 25 11 30 26 1 24 
32 19 10 8 5 15 16 21 14 20 31 2 9 29 25 11 30 26 1 24 
33 19 10 8 5 15 16 21 14 20 31 2 9 29 25 11 30 26 1 24 
34 19 10 8 5 15 16 21 14 20 31 2 9 29 25 11 30 26 1 24 34 
35 19 10 8 5 15 16 21 14 20 31 2 9 29 25 11 30 26 35 1 24 34 
36 19 10 8 5 15 16 21 14 20 31 2 9 29 25 11 30 26 35 1 24 36 34 
37 19 10 8 5 15 16 21 14 20 31 2 9 29 25 11 30 26 35 1 24 36 34 
38 19 10 8 5 15 16 21 14 20 31 2 9 29 25 11 30 26 35 1 24 36 34 
39 19 10 8 5 15 16 21 14 20 31 2 9 39 29 25 11 30 26 35 1 24 36 34 
40 19 10 8 5 40 15 16 21 14 20 31 2 9 39 29 25 11 30 26 35 1 24 36 34 
41 5 15 21 14 20 9 25 11 30 1 24 41 34 19 10 8 40 16 31 2 39 29 26 35 36 
42 5 15 21 14 20 9 25 11 30 1 24 41 34 19 10 8 40 16 31 2 39 29 26 35 36 
43 5 15 21 14 20 9 25 11 30 1 24 41 34 19 10 8 40 16 31 2 39 29 26 35 36 
44 44 5 15 21 14 20 9 25 11 30 1 24 41 34 19 10 8 40 16 31 2 39 29 26 35 36 
45 44 5 15 21 14 20 45 9 25 11 30 1 24 41 34 19 10 8 40 16 31 2 39 29 26 35 36 
46 44 5 15 21 14 20 45 9 25 11 30 1 24 41 34 46 19 10 8 40 16 31 2 39 29 26 35 36 
47 44 5 15 21 14 20 45 9 25 11 30 1 24 41 34 46 19 10 8 40 16 31 2 39 29 26 35 36 
48 44 5 15 21 14 20 45 9 25 11 30 1 24 41 34 46 19 10 8 40 16 31 2 39 29 26 35 36 
49 44 5 15 21 14 20 45 9 25 11 30 1 24 41 34 46 19 10 8 40 16 31 2 39 29 26 35 49 36 
50 44 5 15 21 14 20 45 9 25 11 30 50 1 24 41 34 46 19 10 8 40 16 31 2 39 29 26 35 49 36 
51 44 5 15 21 14 20 45 9 25 11 30 50 1 24 41 34 46 19 10 51 8 40 16 31 2 39 29 26 35 49 36 
52 44 5 15 21 14 20 45 9 25 11 30 50 1 24 41 34 46 19 10 51 8 40 16 31 2 39 29 26 35 49 36 
53 44 5 15 21 14 20 45 9 25 11 30 50 1 24 41 34 46 19 10 51 8 40 16 31 2 39 29 26 35 49 36 
54 44 5 15 21 14 20 45 9 25 11 30 50 1 24 41 34 46 19 10 51 8 40 16 31 54 2 39 29 26 35 49 36 
55 44 5 15 21 14 20 45 9 25 11 30 50 1 24 41 34 46 19 10 51 8 40 16 31 54 2 39 29 26 35 49 36 
