1 1 
2 1 2 
3 1 2 
4 1 2 
5 1 2 
6 1 2 6 
7 1 2 6 
8 1 2 6 
9 1 2 6 9 
10 1 2 6 9 
11 1 2 6 9 
12 1 2 12 6 9 
13 1 2 12 6 9 
14 1 14 2 12 6 9 
15 1 14 2 12 6 9 
16 1 14 2 12 16 6 9 
17 1 14 2 12 16 6 9 
18 1 14 2 12 16 6 9 18 
19 1 14 2 12 16 6 9 18 19 
20 1 14 2 12 16 6 9 18 19 
21 1 14 2 12 16 6 9 18 19 
22 1 14 2 12 16 6 9 18 19 22 
23 1 14 2 12 16 6 9 18 19 22 
24 1 14 2 24 12 16 6 9 18 19 22 
25 1 14 2 24 12 16 6 9 18 19 22 
26 1 14 2 24 12 16 6 9 18 19 22 
27 1 14 2 24 12 27 16 6 9 18 19 22 
28 1 14 2 24 12 27 16 6 9 18 19 22 
29 1 14 27 6 22 29 2 24 12 16 9 18 19 
30 1 14 27 6 22 29 2 24 12 16 9 18 19 
31 1 14 27 6 22 29 2 24 12 16 9 18 19 
32 1 14 27 32 6 22 29 2 24 12 16 9 18 19 
33 1 14 27 32 6 22 29 2 24 12 16 9 18 19 
34 1 14 27 32 6 22 29 2 24 12 16 9 18 19 
35 1 14 27 32 6 22 29 2 24 12 16 9 18 19 
