1 1 
2 1 2 
3 3 1 2 
4 3 1 2 
5 3 5 1 2 
6 3 6 5 1 2 
7 3 7 6 5 1 2 
8 3 7 6 5 1 2 
9 3 7 6 5 1 2 
10 10 
11 3 7 11 6 10 5 1 2 
12 3 7 11 6 10 12 5 1 2 
13 3 7 11 6 10 12 13 5 1 2 
14 3 7 11 6 10 12 13 5 1 2 
15 3 7 11 6 10 12 13 5 1 2 
16 16 
17 3 7 11 6 10 12 16 13 5 1 17 2 
18 3 11 6 10 12 16 13 5 1 7 18 17 2 
19 3 11 6 10 12 16 19 13 5 1 7 18 17 2 
20 3 11 6 10 12 16 19 13 5 1 7 18 17 2 
21 3 11 6 10 12 16 19 13 5 1 7 18 17 2 
22 22 
23 3 23 11 6 10 12 16 22 19 13 5 1 7 18 17 2 
24 3 23 11 6 10 12 16 22 19 13 5 1 7 18 17 24 2 
25 3 23 11 6 10 12 16 22 19 13 5 1 7 18 25 17 24 2 
26 3 23 11 6 10 12 16 22 19 13 5 1 7 18 25 17 24 2 
27 3 23 11 6 10 12 16 22 19 13 5 1 7 18 25 17 24 2 
28 28 
29 3 23 11 28 6 10 12 16 22 19 13 5 1 7 18 25 29 17 24 2 
30 3 23 11 30 28 6 10 12 16 22 19 13 5 1 7 18 25 29 17 24 2 
31 3 23 11 30 28 6 10 12 16 22 19 13 31 5 1 7 18 25 29 17 24 2 
32 3 23 11 30 28 6 10 12 16 22 19 13 31 5 1 7 18 25 29 17 24 2 
33 3 33 23 11 30 28 6 10 12 16 22 19 13 31 5 1 7 18 25 29 17 24 2 
34 3 33 23 11 30 28 6 10 12 16 22 19 13 31 5 1 7 18 25 29 17 24 34 2 
35 33 30 28 6 19 5 7 18 29 24 2 3 23 11 10 12 16 22 13 31 1 25 35 17 34 
36 33 30 28 6 19 5 7 18 29 24 2 3 23 11 10 12 16 22 13 31 1 25 35 17 34 
37 33 30 28 6 19 5 7 18 29 24 2 3 23 11 10 12 16 22 13 31 1 25 35 17 34 
38 38 
39 33 30 28 6 19 5 7 18 29 24 2 3 23 11 38 10 12 16 22 13 31 1 39 25 35 17 34 
40 33 30 28 6 19 5 7 18 29 24 2 3 23 11 38 40 10 12 16 22 13 31 1 39 25 35 17 34 
41 33 30 28 6 19 5 7 18 29 24 2 3 23 11 38 40 10 12 16 22 13 31 1 39 25 35 17 34 41 
42 33 30 28 6 19 5 7 18 29 24 2 3 23 11 38 40 10 12 16 22 13 31 1 39 25 35 17 34 41 
43 33 30 28 6 19 5 7 18 29 24 2 3 23 11 38 40 10 12 16 22 13 31 1 39 25 35 17 34 41 
44 44 
45 33 30 28 6 19 5 7 18 29 24 2 3 23 11 38 45 40 10 12 16 22 13 31 1 39 44 25 35 17 34 41 
46 33 30 46 28 6 19 5 7 18 29 24 2 3 23 11 38 45 40 10 12 16 22 13 31 1 39 44 25 35 17 34 41 
47 33 30 46 28 6 19 5 7 18 29 24 2 3 23 11 38 47 45 40 10 12 16 22 13 31 1 39 44 25 35 17 34 41 
48 33 30 46 28 6 19 5 7 18 29 24 2 3 23 11 38 47 45 40 10 12 16 22 13 31 1 39 44 25 35 17 34 41 
49 33 30 46 28 6 19 5 7 18 29 24 2 3 23 11 38 47 45 40 10 12 16 22 13 31 1 39 44 25 35 17 34 41 
50 50 
51 33 30 46 28 6 19 5 7 18 51 29 24 2 3 23 11 38 47 45 40 10 12 16 22 13 31 1 39 44 25 35 17 34 41 50 
52 33 30 46 28 6 19 5 7 18 51 29 24 2 3 23 52 11 38 47 45 40 10 12 16 22 13 31 1 39 44 25 35 17 34 41 50 
53 53 33 30 46 28 6 19 5 7 18 51 29 24 2 3 23 52 11 38 47 45 40 10 12 16 22 13 31 1 39 44 25 35 17 34 41 50 
54 53 33 30 46 28 6 19 5 7 18 51 29 24 2 3 23 52 11 38 47 45 40 10 12 16 22 13 31 1 39 44 25 35 17 34 41 50 
55 53 33 55 30 46 28 6 19 5 7 18 51 29 24 2 3 23 52 11 38 47 45 40 10 12 16 22 13 31 1 39 44 25 35 17 34 41 50 
56 53 33 55 30 46 28 6 19 5 7 18 51 29 24 2 3 23 52 11 38 47 45 56 40 10 12 16 22 13 31 1 39 44 25 35 17 34 41 50 
57 53 33 55 30 46 28 6 19 5 7 18 51 29 24 2 3 23 52 11 38 47 45 56 40 10 12 16 22 13 31 1 39 44 25 57 35 17 34 41 50 
58 53 33 55 30 46 28 6 19 5 7 18 51 29 24 2 3 23 52 11 38 47 45 56 40 10 12 16 22 13 31 1 39 44 25 57 35 17 34 41 50 
59 53 33 55 30 46 28 6 19 5 7 18 51 29 24 2 3 23 52 11 38 47 45 56 40 10 12 16 22 13 31 1 39 44 25 57 35 17 34 41 50 
60 60 
61 53 33 55 30 46 28 61 6 19 5 60 7 18 51 29 24 2 3 23 52 11 38 47 45 56 40 10 12 16 22 13 31 1 39 44 25 57 35 17 34 41 50 
62 53 33 55 30 46 28 61 6 19 5 60 7 18 62 51 29 24 2 3 23 52 11 38 47 45 56 40 10 12 16 22 13 31 1 39 44 25 57 35 17 34 41 50 
63 53 33 55 30 46 28 61 6 19 5 60 7 18 62 51 29 24 2 3 23 52 11 38 47 63 45 56 40 10 12 16 22 13 31 1 39 44 25 57 35 17 34 41 50 
64 53 33 55 30 46 28 61 6 19 5 60 7 18 62 51 29 24 2 3 23 52 11 38 47 63 45 56 40 10 12 16 22 13 31 1 39 44 25 57 35 17 34 41 50 
65 53 33 55 30 46 28 61 6 19 5 60 7 18 62 51 29 24 2 3 23 52 11 38 47 63 45 56 40 10 12 16 22 13 31 1 39 44 25 57 35 17 34 41 50 
66 66 
67 53 33 55 30 46 28 61 6 19 5 67 60 7 18 62 51 29 24 2 3 23 52 11 38 47 63 45 56 40 10 12 16 22 13 31 66 1 39 44 25 57 35 17 34 41 50 
68 53 33 68 55 30 46 28 61 6 19 5 67 60 7 18 62 51 29 24 2 3 23 52 11 38 47 63 45 56 40 10 12 16 22 13 31 66 1 39 44 25 57 35 17 34 41 50 
69 53 33 68 55 30 46 28 61 6 19 5 67 60 7 18 62 69 51 29 24 2 3 23 52 11 38 47 63 45 56 40 10 12 16 22 13 31 66 1 39 44 25 57 35 17 34 41 50 
70 53 33 68 55 30 46 28 61 6 19 5 67 60 7 18 62 69 51 29 24 2 3 23 52 11 38 47 63 45 56 40 10 12 16 22 13 31 66 1 39 44 25 57 35 17 34 41 50 
71 53 33 68 55 30 46 28 61 6 19 5 67 60 7 18 62 69 51 29 24 2 3 23 52 11 38 47 63 45 56 40 10 12 16 22 13 31 66 1 39 44 25 57 35 17 34 41 50 
72 72 
73 68 46 28 6 72 19 5 67 60 62 51 29 24 52 38 63 45 12 22 66 1 44 50 53 33 55 30 61 7 18 69 2 3 23 11 47 56 40 10 16 13 31 39 25 57 35 17 34 41 
