1 1 
2 2 1 
3 2 3 1 
4 2 3 1 4 
5 2 3 1 4 5 
6 2 3 1 6 4 5 
7 2 13 1 6 11 18 9 20 8 3 17 14 4 5 
8 2 13 1 6 11 18 9 20 8 3 17 14 4 5 
9 2 13 1 6 11 18 9 20 8 3 17 14 4 5 
10 2 13 1 6 11 18 9 20 8 3 17 14 4 5 
11 2 13 1 6 18 11 9 20 8 3 17 14 4 5 
12 2 13 1 6 11 18 9 20 8 3 17 14 4 5 
13 2 13 1 6 11 18 9 20 8 3 17 14 4 5 
14 2 13 1 6 11 18 9 20 8 3 17 14 4 5 
15 2 13 1 6 11 18 9 20 8 3 17 14 4 5 
16 2 13 1 6 11 18 9 20 8 3 17 14 4 5 
17 2 13 1 6 11 18 9 20 8 3 17 14 4 5 
18 2 13 1 6 11 18 9 20 8 3 17 14 4 5 
19 2 13 1 6 11 18 9 20 8 3 17 14 4 5 
20 2 13 1 11 18 9 20 8 3 17 14 4 5 
21 2 13 1 11 18 9 20 8 3 17 14 4 5 
22 2 13 1 6 11 18 9 20 8 3 17 14 4 5 
