1 1 
2 2 1 
3 3 2 1 
4 3 2 1 4 
5 3 5 2 1 4 
6 3 5 2 1 6 4 
7 3 7 5 2 1 6 4 
8 3 7 5 2 8 1 6 4 
9 3 7 5 2 8 1 6 9 4 
10 3 7 5 10 2 8 1 6 9 4 
11 3 7 5 10 2 8 1 11 6 9 4 
12 3 7 5 10 2 8 12 1 11 6 9 4 
13 12 9 4 3 7 5 10 2 8 1 11 6 13 
14 12 9 4 3 7 5 10 14 2 8 1 11 6 13 
15 12 9 4 3 7 5 10 15 14 2 8 1 11 6 13 
16 12 9 4 3 7 5 10 15 14 2 8 1 11 6 13 
17 12 9 4 17 3 7 5 10 15 14 2 8 1 11 6 13 
18 12 9 4 17 3 7 5 10 15 14 2 8 1 11 6 13 
19 19 12 9 4 3 7 5 10 15 14 2 8 1 11 6 13 
20 19 12 9 4 3 7 5 10 15 14 2 8 1 11 6 13 
21 21 19 12 9 4 3 7 5 10 15 14 2 8 1 11 6 13 
22 21 19 12 9 4 3 7 5 10 15 14 2 8 1 11 6 13 
23 19 12 9 4 3 7 5 10 15 14 2 8 1 11 6 13 
24 21 19 12 9 4 24 17 3 7 5 10 15 14 2 8 1 11 6 13 
25 21 19 12 9 4 24 17 3 7 5 10 15 14 2 8 1 11 6 13 
26 21 19 12 26 9 4 24 17 3 7 5 10 15 14 2 8 1 11 6 13 
27 21 19 27 12 26 9 4 17 3 7 5 10 15 14 2 8 1 11 6 13 
28 21 19 27 12 26 9 4 24 17 3 7 5 10 15 14 2 8 1 11 6 13 28 
29 21 19 27 12 26 9 29 4 24 17 3 7 5 10 15 14 2 8 1 11 6 13 28 
30 21 19 27 12 26 9 29 4 24 17 3 7 5 10 15 14 2 8 1 11 6 13 28 30 
31 21 19 12 26 4 7 10 14 1 27 9 29 24 17 3 5 15 2 8 31 11 6 13 28 30 
32 21 19 12 26 4 7 10 14 1 27 9 29 32 24 17 3 5 15 2 8 31 11 6 13 28 30 
33 21 33 19 12 26 4 7 10 14 1 27 9 29 32 24 17 3 5 15 2 8 31 11 6 13 28 30 
34 21 33 19 12 26 4 7 10 14 1 27 9 29 34 32 24 17 3 5 15 2 8 31 11 6 13 28 30 
35 21 35 33 19 12 26 4 7 10 14 1 27 9 29 34 32 24 17 3 5 15 2 8 31 11 6 13 28 30 
36 21 35 33 19 12 26 4 7 10 14 1 27 9 29 34 32 24 17 3 5 36 15 2 8 31 11 6 13 28 30 
37 21 35 33 19 12 26 4 7 10 14 1 27 37 9 29 34 32 24 17 3 5 36 15 2 8 31 11 6 13 28 30 
38 21 35 33 19 12 26 4 7 10 14 1 27 37 9 29 34 32 24 17 3 5 36 15 38 2 8 31 11 6 13 28 30 
39 21 35 33 19 12 26 4 7 10 14 1 27 37 9 29 34 32 24 17 3 5 36 15 38 2 8 31 11 39 6 13 28 30 
40 21 35 33 40 19 12 26 4 7 10 14 1 27 37 9 29 34 32 24 17 3 5 36 15 38 2 8 31 11 39 6 13 28 30 
41 21 35 33 40 19 12 26 4 7 10 14 41 1 27 37 9 29 34 32 24 17 3 5 36 15 38 2 8 31 11 39 6 13 28 30 
42 21 35 33 40 19 12 26 4 7 10 14 41 1 42 27 37 9 29 34 32 24 17 3 5 36 15 38 2 8 31 11 39 6 13 28 30 
43 21 35 33 40 19 12 26 4 7 10 14 41 1 42 27 37 9 29 34 32 24 17 3 5 36 15 38 2 8 31 11 39 6 13 28 30 
44 21 35 33 40 19 12 26 4 7 10 14 44 41 1 42 27 37 9 29 34 32 24 17 3 5 36 15 38 2 8 31 11 39 6 13 28 30 
45 21 35 33 40 19 12 26 4 7 10 14 44 41 1 42 27 37 9 29 34 32 24 17 3 5 36 15 38 2 8 31 11 39 6 13 28 30 45 
46 21 35 33 40 19 12 26 4 7 10 14 44 41 1 42 27 37 9 29 34 32 24 17 3 5 36 15 38 2 8 31 11 39 6 13 28 30 45 
47 21 35 33 40 19 12 26 47 4 7 10 14 41 1 42 27 37 9 29 34 32 24 17 3 5 36 15 38 2 8 31 11 39 6 13 28 30 
48 21 35 33 40 19 12 26 47 4 7 10 14 41 1 42 27 37 9 29 34 32 24 17 3 5 36 15 38 2 8 48 31 11 39 6 13 28 30 
49 21 35 33 40 19 12 26 47 4 7 10 14 41 1 42 27 37 9 29 34 32 24 17 3 5 36 15 38 2 8 48 31 11 39 6 13 28 30 
50 21 35 33 40 19 12 26 47 4 7 10 14 41 1 42 27 37 9 29 34 32 24 17 3 5 36 50 15 38 2 8 48 31 11 39 6 13 28 30 
51 21 35 33 40 19 12 26 47 4 7 10 14 41 1 42 27 37 9 29 34 32 24 17 3 5 36 50 15 38 2 8 48 31 11 39 6 13 28 30 
52 21 35 33 40 19 12 26 52 47 4 7 10 14 41 1 42 27 37 9 29 34 32 24 17 3 5 36 50 15 38 2 8 48 31 11 39 6 13 28 30 
53 21 35 33 40 19 12 26 52 47 4 7 10 14 41 1 42 27 37 53 9 29 34 32 24 17 3 5 36 50 15 38 2 8 48 31 11 39 6 13 28 30 
54 21 35 33 40 19 12 26 52 4 7 10 14 41 1 54 42 27 37 53 9 29 34 32 24 17 3 5 36 50 15 38 2 8 48 31 11 39 6 13 28 30 
55 21 35 33 40 19 12 26 52 4 7 10 14 41 1 54 42 27 37 53 9 29 34 32 24 17 3 5 36 50 15 38 2 8 48 31 11 39 6 13 28 30 
56 21 35 33 40 19 12 26 47 4 7 10 14 41 1 56 42 27 37 9 29 34 32 24 17 3 5 36 50 15 38 2 8 48 31 11 39 6 13 28 30 
57 21 35 33 40 19 12 26 47 4 7 10 14 41 1 56 42 27 37 9 29 34 32 24 17 3 5 36 50 15 38 2 8 48 31 11 39 6 13 28 30 57 
58 21 35 33 40 19 12 26 4 7 10 14 41 1 56 42 27 37 9 29 34 32 24 17 3 5 36 50 15 38 2 8 48 31 58 11 39 6 13 28 30 57 
59 21 35 33 40 19 12 26 4 7 10 14 41 1 56 42 27 37 9 29 34 32 24 17 3 5 36 50 15 38 2 8 48 31 58 11 39 6 13 28 30 57 
60 21 35 60 33 40 19 12 26 47 4 7 10 14 41 1 42 27 37 9 29 34 32 24 17 3 5 36 15 38 2 8 48 31 11 39 6 13 28 30 
61 21 35 60 33 40 19 12 26 47 4 7 10 14 41 1 42 27 61 37 9 29 34 32 24 17 3 5 36 15 38 2 8 48 31 11 39 6 13 28 30 
62 21 35 60 33 40 19 12 26 4 7 10 14 41 1 42 27 61 37 9 29 34 32 24 17 3 62 5 36 15 38 2 8 48 31 11 39 6 13 28 30 
63 21 35 60 33 40 19 12 26 4 7 10 14 41 1 42 27 61 37 9 29 34 32 24 17 3 62 5 36 15 38 2 8 48 31 11 39 6 63 13 28 30 
64 67 33 40 69 7 10 70 37 9 29 17 72 5 15 2 11 39 63 13 65 21 35 60 71 19 12 26 4 66 14 41 1 42 27 61 34 32 24 3 62 36 73 38 8 48 31 6 28 30 
65 67 33 40 69 7 10 70 37 9 29 17 72 5 15 2 11 39 63 13 65 21 35 60 71 19 12 26 4 66 14 41 1 42 27 61 34 32 24 3 62 36 73 38 8 48 31 6 28 30 
66 67 33 40 69 7 10 70 37 9 29 17 72 5 15 2 11 39 63 13 65 21 35 60 71 19 12 26 4 66 14 41 1 42 27 61 34 32 24 3 62 36 73 38 8 48 31 6 28 30 
67 67 33 40 69 7 10 70 37 9 29 17 72 5 15 2 11 39 63 13 65 21 35 60 71 19 12 26 4 66 14 41 1 42 27 61 34 32 24 3 62 36 73 38 8 48 31 6 28 30 
68 67 33 40 69 7 10 70 37 9 29 17 72 5 15 2 11 39 63 13 65 21 35 60 71 19 12 26 4 66 14 41 1 42 27 61 34 32 24 3 62 36 73 38 8 48 31 6 28 30 
69 67 33 40 69 7 10 70 37 9 29 17 72 5 15 2 11 39 63 13 65 21 35 60 71 19 12 26 4 66 14 41 1 42 27 61 34 32 24 3 62 36 73 38 8 48 31 6 28 30 
70 67 33 40 69 7 10 70 37 9 29 17 72 5 15 2 11 39 63 13 65 21 35 60 71 19 12 26 4 66 14 41 1 42 27 61 34 32 24 3 62 36 73 38 8 48 31 6 28 30 
71 21 35 67 60 71 33 40 19 69 12 26 4 7 10 66 14 41 1 42 70 27 61 37 9 29 34 32 24 17 72 3 5 36 15 73 38 2 8 48 31 11 39 63 6 13 28 30 65 
72 21 35 67 60 71 33 40 19 69 12 26 4 7 10 66 14 41 1 42 70 27 37 9 29 34 32 24 17 3 62 72 5 36 15 73 38 2 8 48 31 11 39 63 6 13 28 30 65 
73 21 35 60 67 71 33 40 19 69 12 26 4 7 10 66 14 41 1 42 27 70 37 9 29 34 32 24 17 3 62 72 5 36 15 73 38 2 8 48 31 11 39 6 13 28 30 65 
74 21 35 60 67 71 33 40 19 69 12 26 4 7 10 66 14 41 1 42 27 70 37 9 29 34 32 24 17 3 62 72 5 36 15 73 38 2 8 48 31 11 39 6 13 28 30 65 
75 67 33 40 69 7 10 70 37 9 29 17 72 5 15 2 11 39 63 13 65 21 35 60 71 19 12 26 4 66 14 41 1 42 27 61 34 32 24 3 62 36 73 38 8 48 31 6 28 30 
76 21 35 33 40 76 19 12 26 47 4 7 10 14 41 1 42 27 37 9 29 34 32 24 17 3 5 36 15 38 2 8 48 31 11 39 6 13 28 30 
77 21 35 33 40 76 19 12 26 47 4 7 10 14 41 1 42 27 37 9 29 34 32 24 17 3 5 36 15 38 2 8 48 31 11 39 6 13 28 30 77 
78 21 35 33 40 76 19 12 26 47 4 7 10 14 41 1 42 27 37 9 29 34 32 24 17 3 5 36 78 15 38 2 8 48 31 11 39 6 13 28 30 77 
79 21 35 33 40 76 19 12 26 47 4 7 10 14 41 1 42 27 37 9 29 34 32 24 17 3 5 36 78 15 38 2 8 48 31 11 39 6 79 13 28 30 77 
80 21 35 33 40 76 19 12 26 47 4 7 10 14 41 1 42 27 37 9 29 34 32 24 17 3 5 36 78 15 38 2 8 48 31 80 11 39 6 79 13 28 30 77 
81 21 35 33 40 76 19 12 26 47 4 7 10 14 41 1 42 27 37 9 29 34 32 24 17 3 5 36 78 15 38 2 8 48 31 80 11 39 6 79 13 28 30 81 77 
82 21 35 33 40 76 19 12 26 47 4 7 10 14 41 1 42 27 37 9 29 34 32 24 17 3 5 36 78 82 15 38 2 8 48 31 80 11 39 6 79 13 28 30 81 77 
83 21 35 33 40 76 19 12 26 47 4 7 10 14 41 1 42 27 37 9 29 34 32 24 17 3 5 36 78 82 15 38 2 8 83 48 31 80 11 39 6 79 13 28 30 81 77 
84 21 35 33 40 76 19 12 26 4 7 10 14 41 1 42 27 37 9 29 34 32 84 24 17 3 5 36 78 82 15 38 2 8 83 48 31 80 11 39 6 79 13 28 30 81 77 
85 67 33 40 76 69 47 7 10 54 56 70 37 9 29 84 17 72 5 15 2 83 80 11 39 63 13 65 57 77 21 35 60 71 19 12 26 52 4 85 66 14 41 1 42 27 61 53 34 32 24 3 62 36 50 78 82 73 38 8 48 31 58 6 79 28 30 81 
86 67 33 40 76 69 47 7 10 86 54 56 70 37 9 29 84 17 72 5 15 2 83 80 11 39 63 13 65 57 77 21 35 60 71 19 12 26 52 4 85 66 14 41 1 42 27 61 53 34 32 24 3 62 36 50 78 82 73 38 8 48 31 58 6 79 28 30 81 
87 67 33 40 76 69 7 10 86 56 70 37 9 29 17 72 5 15 2 83 80 11 39 63 13 65 57 77 21 35 60 19 12 26 52 4 85 66 14 41 1 42 27 61 53 34 87 32 24 3 36 50 78 82 73 38 8 48 31 6 79 28 30 81 
88 67 33 40 76 69 7 10 86 56 70 37 9 29 17 72 5 15 2 83 80 11 39 63 13 65 57 77 21 35 60 19 12 26 52 4 85 66 14 41 1 42 27 61 53 34 87 88 32 24 3 36 50 78 82 73 38 8 48 31 6 79 28 30 81 
89 67 33 40 76 69 7 10 86 56 89 70 37 9 29 17 72 5 15 2 83 80 11 39 63 13 65 57 77 21 35 60 19 12 26 52 4 85 66 14 41 1 42 27 61 53 34 88 32 24 3 36 50 78 82 73 38 8 48 31 6 79 28 30 81 
90 67 33 40 76 69 7 10 86 56 89 70 37 9 29 17 72 5 15 2 83 80 11 39 63 13 65 57 77 90 21 35 60 19 12 26 52 4 85 66 14 41 1 42 27 61 53 34 88 32 24 3 36 50 78 82 73 38 8 48 31 6 79 28 30 81 
91 67 33 40 76 69 7 10 86 56 70 37 9 29 17 72 5 15 2 83 80 11 39 63 13 65 57 77 90 91 21 35 60 19 12 26 52 4 85 66 14 41 1 42 27 61 53 34 88 32 24 3 36 50 78 82 73 38 8 48 31 6 79 28 30 81 
92 67 33 40 76 69 7 10 86 56 70 37 9 29 92 17 72 5 15 2 83 80 11 39 63 13 65 57 77 90 91 21 35 60 19 12 26 52 4 85 66 14 41 1 42 27 61 53 34 88 32 24 3 36 50 78 82 73 38 8 48 31 6 79 28 30 81 
93 67 33 40 76 69 7 10 86 56 70 37 9 29 92 17 72 5 15 2 83 80 11 39 63 13 65 57 77 90 91 21 35 60 19 12 26 93 52 4 85 66 14 41 1 42 27 61 53 34 88 32 24 3 36 50 78 82 73 38 8 48 31 6 79 28 30 81 
94 67 33 40 76 69 7 10 86 56 70 37 9 29 92 17 72 5 15 94 2 83 80 11 39 63 13 65 57 77 90 91 21 35 60 19 12 26 93 52 4 85 66 14 41 1 42 27 61 53 34 88 32 24 3 36 50 78 82 73 38 8 48 31 6 79 28 30 81 
95 67 33 40 76 69 7 10 86 95 56 70 37 9 29 92 17 72 5 15 94 2 83 80 11 39 63 13 65 57 77 90 91 21 35 60 19 12 26 93 52 4 85 66 14 41 1 42 27 61 53 34 88 32 24 3 36 50 78 82 73 38 8 48 31 6 79 28 30 81 
96 67 33 40 76 69 96 7 10 86 95 56 70 37 9 29 92 17 72 5 15 94 2 83 80 11 39 63 13 65 57 77 90 91 21 35 60 19 12 26 93 52 4 85 66 14 41 1 42 27 61 53 34 88 32 24 3 36 50 78 82 73 38 8 48 31 6 79 28 30 81 
97 67 33 40 76 97 69 96 7 10 86 95 56 70 37 9 29 92 17 72 5 15 94 2 83 80 11 39 63 13 65 57 77 90 91 21 35 60 19 12 26 93 52 4 85 66 14 41 1 42 27 61 53 34 88 32 24 3 36 50 78 82 73 38 8 48 31 6 79 28 30 81 
98 67 33 40 76 97 69 96 7 10 86 95 56 70 37 9 29 92 17 72 5 15 94 2 83 80 11 39 63 13 65 98 57 77 90 21 35 60 19 12 26 93 52 4 85 66 14 44 41 1 42 27 61 53 34 88 32 24 3 36 50 78 82 73 38 8 48 31 6 79 28 30 81 45 
99 67 33 40 76 97 69 96 7 10 86 95 99 56 70 37 9 29 92 17 72 5 15 94 2 83 80 11 39 63 13 98 65 57 77 90 21 35 60 19 12 26 93 52 4 85 66 14 44 41 1 42 27 61 53 34 88 32 24 3 36 50 78 82 73 38 8 48 31 6 79 28 30 81 45 
100 67 33 40 76 97 69 96 7 10 86 95 99 56 70 37 9 29 92 17 72 5 15 94 2 83 80 11 39 63 13 98 65 57 77 90 21 35 60 19 100 12 26 93 52 4 85 66 14 44 41 1 42 27 61 53 34 88 32 24 3 36 50 78 82 73 38 8 48 31 6 79 28 30 81 45 
101 67 33 40 76 97 69 96 7 10 86 95 99 56 70 37 9 29 92 17 72 5 15 94 2 83 80 11 39 63 13 98 65 57 77 90 21 35 60 19 100 12 26 93 52 4 85 66 14 44 41 1 42 27 61 53 34 88 32 24 3 36 50 78 82 73 38 8 48 31 6 79 28 30 81 45 
102 67 33 40 76 97 69 96 7 10 86 95 56 70 37 9 29 92 17 72 5 15 94 2 83 80 11 39 63 13 98 65 57 77 90 21 35 60 19 100 12 26 93 52 4 85 66 14 44 41 1 42 27 102 61 53 34 88 32 24 3 36 50 78 82 73 38 8 48 31 6 79 28 30 81 45 
103 67 33 40 76 97 69 96 7 10 86 95 99 56 70 37 9 29 92 17 72 5 15 94 2 83 80 11 39 63 13 98 65 57 77 90 21 35 19 100 12 26 93 52 4 85 66 14 44 41 1 42 27 102 61 53 34 88 32 24 3 103 36 78 82 73 38 8 48 31 6 79 28 30 81 45 
104 67 33 40 76 97 69 96 7 10 86 95 99 56 70 37 9 29 92 17 72 5 15 94 2 83 80 11 39 63 13 98 65 57 77 90 21 35 19 100 12 26 93 52 4 85 66 14 44 41 1 42 27 102 61 53 34 88 32 24 3 103 36 78 82 73 38 8 48 31 6 79 28 30 81 45 
105 67 33 40 76 97 69 96 7 10 86 95 99 56 70 37 9 29 92 17 72 5 15 94 2 83 80 11 39 63 13 98 65 57 77 90 21 35 19 100 12 26 93 52 4 85 66 14 44 41 1 42 105 27 102 61 53 34 88 32 24 3 103 36 78 82 73 38 8 48 31 6 79 28 30 81 45 
106 67 33 40 76 97 69 96 7 10 86 95 99 56 70 37 9 29 92 17 72 5 15 94 2 83 80 11 39 63 13 98 65 57 77 90 21 35 19 100 12 26 93 52 4 85 66 14 44 41 1 42 105 27 102 61 53 34 88 32 24 3 103 36 78 82 73 38 8 48 31 6 79 28 30 81 45 
107 67 33 40 76 97 69 96 7 10 86 95 99 56 70 37 9 29 92 17 72 5 15 94 2 83 80 11 39 63 13 98 65 57 77 90 21 35 19 100 12 26 93 52 4 85 66 14 44 41 1 42 105 27 102 61 53 107 34 88 32 24 3 103 36 78 82 73 38 8 48 31 6 79 28 30 81 45 
108 67 33 40 76 97 69 96 7 10 86 95 99 56 70 37 9 29 92 17 5 15 94 2 83 80 11 39 63 108 13 98 65 57 77 90 21 35 19 100 12 26 93 52 4 85 66 14 44 41 1 42 105 27 102 53 107 34 88 32 24 3 103 36 78 82 73 38 8 48 31 6 79 28 30 81 45 
109 67 33 40 76 97 69 96 7 10 86 95 99 56 109 70 37 9 29 92 17 5 15 94 2 83 80 11 39 63 108 13 98 65 57 77 90 21 35 19 100 12 26 93 52 4 85 66 14 44 41 1 42 105 27 102 53 107 34 88 32 24 3 103 36 78 82 73 38 8 48 31 6 79 28 30 81 45 
110 67 33 40 76 97 69 96 7 10 86 110 95 99 56 109 70 37 9 29 92 17 5 15 94 2 83 80 11 39 63 108 13 98 65 57 77 90 21 35 19 100 12 26 93 52 4 85 66 14 44 41 1 42 105 27 102 53 107 34 88 32 24 3 103 36 78 82 73 38 8 48 31 6 79 28 30 81 45 
111 67 33 40 76 97 69 96 7 10 86 110 95 99 56 109 70 37 9 29 92 17 5 15 94 2 83 80 11 39 63 108 13 98 65 111 57 77 90 21 35 19 100 12 26 93 52 4 85 66 14 44 41 1 42 105 27 102 53 107 34 88 32 24 3 103 36 78 82 73 38 8 48 31 6 79 28 30 81 45 
112 67 33 40 76 97 69 96 7 10 86 110 95 99 56 109 70 37 9 29 92 17 5 15 94 2 83 80 11 39 63 108 13 98 111 65 57 77 90 21 35 19 100 12 26 93 52 4 85 66 14 44 41 1 42 105 27 102 53 107 34 88 32 24 3 103 36 78 82 73 38 8 48 31 6 79 28 30 81 45 
113 67 33 40 76 97 69 96 7 10 86 110 95 99 56 109 70 37 9 29 92 17 5 15 94 2 83 80 11 39 63 108 13 98 111 65 57 77 90 21 35 19 100 12 26 93 52 4 85 14 44 41 1 42 113 105 27 102 53 107 34 88 32 24 3 103 36 78 82 73 38 8 48 31 6 28 30 81 45 
114 67 33 40 76 97 69 96 7 10 86 110 95 99 56 109 70 37 9 29 92 17 5 15 94 2 83 80 11 39 63 108 13 98 111 65 57 77 90 21 35 19 100 12 26 93 52 4 85 114 14 44 41 1 42 113 105 27 102 53 107 34 88 32 24 3 103 36 78 73 38 8 48 31 6 28 30 81 45 
115 67 33 40 76 97 69 96 7 10 86 110 95 99 56 109 70 37 9 29 92 17 5 15 94 2 83 80 11 39 63 108 13 98 111 65 57 77 90 21 35 19 100 12 26 93 52 4 85 114 14 44 41 1 42 113 105 27 102 53 107 34 88 32 24 3 103 36 78 73 38 8 48 31 6 28 30 81 45 
116 67 33 40 76 97 69 96 7 10 86 110 95 99 56 109 70 37 9 29 92 17 5 15 94 2 83 80 11 39 63 108 13 98 111 65 57 77 90 21 35 19 100 12 26 93 52 4 85 14 44 41 116 1 42 105 27 102 53 107 34 88 32 24 3 103 36 78 82 73 38 8 48 31 6 28 30 81 45 
117 67 33 40 76 97 69 96 7 10 86 110 95 99 56 109 117 70 37 9 29 92 17 5 15 94 2 83 80 11 39 63 108 13 98 111 65 57 77 90 21 35 19 100 12 26 93 52 4 85 14 44 41 116 1 42 105 27 102 53 107 34 88 32 24 3 103 36 78 73 38 8 48 31 6 28 30 81 45 
118 118 67 33 40 76 97 69 96 7 10 86 110 95 99 56 109 117 70 37 9 29 92 17 5 15 94 2 83 80 11 39 63 108 13 98 111 65 57 77 90 21 35 19 100 12 26 93 52 4 85 114 14 44 41 116 1 42 113 105 27 102 53 107 34 88 32 24 3 103 36 78 73 38 8 48 31 6 28 30 81 45 
119 118 67 33 40 76 97 69 96 7 10 86 110 95 99 56 109 117 70 37 9 29 92 17 5 15 94 2 83 80 11 39 63 108 13 98 111 65 57 77 90 21 35 19 100 119 12 26 93 52 4 85 114 14 44 41 116 1 42 113 105 27 102 53 107 34 88 32 24 3 103 36 78 73 38 8 48 31 6 28 30 81 45 
120 118 67 33 40 76 97 69 96 7 10 86 110 95 99 56 109 117 120 70 37 9 29 92 17 5 15 94 2 83 80 11 39 63 108 13 98 111 65 57 77 90 21 35 19 100 119 12 26 93 52 4 85 114 14 44 41 116 1 42 113 105 27 102 53 107 34 88 32 24 3 103 36 78 73 38 8 48 31 6 28 30 81 45 
121 118 67 33 40 76 97 69 96 7 10 86 110 95 99 56 109 117 120 70 37 9 29 92 17 5 15 94 2 83 80 11 39 63 108 13 98 111 65 57 77 90 21 35 19 100 119 12 26 93 52 4 85 114 14 44 41 116 1 42 113 105 27 102 53 107 34 88 32 24 3 103 36 78 73 38 8 48 31 6 28 30 81 45 
122 118 67 33 40 76 97 69 96 7 10 122 86 110 95 99 56 109 117 120 70 37 9 29 92 17 5 15 94 2 83 80 11 39 63 108 13 98 111 65 57 77 90 21 35 19 100 119 12 26 93 52 4 85 114 14 44 41 116 1 42 113 105 27 102 53 107 34 88 32 24 3 103 36 78 73 38 8 48 31 6 28 30 81 45 
123 118 67 33 40 76 97 69 96 7 10 122 86 110 95 99 56 109 117 120 123 70 37 9 29 92 17 5 15 94 2 83 80 11 39 63 108 13 98 111 65 57 77 90 21 35 19 100 119 12 26 93 52 4 85 114 14 44 41 116 1 42 113 105 27 102 53 107 34 88 32 24 3 103 36 78 73 38 8 48 31 6 28 30 81 45 
124 118 67 33 40 76 97 69 96 7 10 122 86 110 95 99 56 109 117 120 123 70 37 9 29 92 17 5 15 94 2 83 80 11 39 63 108 13 98 111 65 57 77 90 21 35 19 100 119 12 26 93 52 4 85 114 14 44 41 116 1 42 113 105 27 102 53 107 34 88 32 24 3 103 36 78 73 38 8 48 31 6 28 30 81 45 
125 118 67 33 40 76 97 69 96 7 10 122 86 110 95 99 56 109 117 120 123 70 37 9 29 92 17 5 15 94 2 83 80 11 39 63 108 13 98 111 65 57 77 90 21 35 19 100 119 12 26 93 52 4 85 114 14 44 41 116 1 42 113 105 27 102 53 107 34 88 32 24 3 103 36 78 73 38 8 48 31 6 28 30 81 45 
126 118 67 33 40 76 97 69 126 96 7 10 122 86 110 95 99 56 109 117 120 123 70 37 9 29 92 17 5 15 94 2 83 80 11 39 63 108 13 98 111 65 57 77 90 21 35 19 100 119 12 26 93 52 4 85 114 14 44 41 116 1 42 113 105 27 102 53 107 34 88 32 24 3 103 36 78 73 38 8 48 31 6 28 30 81 45 
127 118 67 33 40 76 97 69 126 96 7 127 10 122 86 110 95 99 56 109 117 120 123 70 37 9 29 92 17 5 15 94 2 83 80 11 39 63 108 13 98 111 65 57 77 90 21 35 19 100 119 12 26 93 52 4 85 114 14 44 41 116 1 42 113 105 27 102 53 107 34 88 32 24 3 103 36 78 73 38 8 48 31 6 28 30 81 45 
128 118 67 33 40 76 97 69 126 96 7 127 10 122 86 110 95 99 56 109 117 128 120 123 70 37 9 29 92 17 5 15 94 2 83 80 11 39 63 108 13 98 111 65 57 77 90 21 35 19 100 119 12 26 93 52 4 85 114 14 44 41 116 1 42 113 105 27 102 53 107 34 88 32 24 3 103 36 78 73 38 8 48 31 6 28 30 81 45 
129 118 67 33 40 76 97 69 126 96 7 127 10 122 86 110 95 99 56 109 117 128 120 123 70 37 9 29 92 17 5 15 94 2 83 80 11 39 63 108 13 98 111 65 57 77 90 21 35 19 100 119 12 26 93 52 4 85 114 14 44 41 116 1 42 113 105 27 102 53 107 34 88 32 24 3 103 36 78 73 38 8 48 31 6 28 30 81 45 
130 118 67 33 40 76 97 69 126 96 7 127 10 122 86 110 95 99 56 109 117 128 120 123 70 37 9 29 92 17 5 15 94 2 83 80 11 39 63 108 13 98 111 65 57 77 90 21 35 19 100 119 12 26 93 52 4 85 114 14 44 41 116 1 42 113 105 27 102 53 107 34 88 32 24 3 103 36 78 73 38 8 48 31 6 28 30 81 45 
131 118 67 33 40 76 97 69 126 96 7 127 10 122 86 110 95 99 56 109 117 128 120 123 70 37 9 29 92 17 5 15 94 2 83 80 11 39 63 108 13 98 111 65 57 77 90 21 35 19 100 119 12 26 93 52 4 85 114 14 44 41 116 1 42 113 105 27 102 53 107 34 88 32 24 3 103 36 78 73 38 8 48 31 6 28 30 81 45 
132 118 67 33 40 76 97 69 96 7 10 122 86 110 95 99 56 109 132 117 120 123 70 37 9 29 92 17 5 15 94 2 83 80 11 39 63 108 13 98 111 65 57 77 90 21 35 19 100 119 12 26 93 52 4 85 114 14 44 41 116 1 42 113 105 27 102 53 107 34 88 32 24 3 103 36 78 73 38 8 48 31 6 28 30 81 45 
133 118 67 33 40 76 97 69 96 7 10 122 86 110 95 99 56 109 132 117 120 123 70 37 9 29 92 17 5 15 94 2 83 80 11 39 63 108 13 98 111 65 57 77 90 21 35 19 100 119 12 26 93 52 4 133 85 114 14 44 41 116 1 42 113 105 27 102 53 107 34 88 32 24 3 103 36 78 73 38 8 48 31 6 28 30 81 45 
134 118 67 33 40 76 97 69 96 7 10 122 86 110 95 99 56 109 132 117 120 123 70 37 9 29 92 17 5 15 94 2 83 80 11 39 63 108 13 98 111 65 57 77 90 21 35 19 100 119 12 26 93 52 4 133 85 114 14 44 41 116 1 42 113 105 27 102 53 107 34 88 32 24 3 103 36 78 73 38 8 48 31 6 28 30 81 134 45 
135 118 67 33 40 76 97 69 96 7 10 122 86 110 95 99 56 109 132 117 120 123 70 37 9 29 92 17 5 15 94 2 83 80 11 39 63 108 13 98 111 65 57 77 90 21 35 19 100 119 12 26 93 52 4 133 85 114 14 44 41 116 1 42 113 105 135 27 102 53 107 34 88 32 24 3 103 36 78 73 38 8 48 31 6 28 30 81 134 45 
136 118 67 33 40 76 97 69 96 7 10 122 86 110 95 99 56 109 132 117 120 123 70 37 9 29 92 17 5 15 94 2 83 80 11 39 63 108 13 98 111 65 57 77 90 21 35 19 100 119 12 26 93 52 4 133 85 114 14 44 41 116 1 42 113 105 135 27 102 53 107 34 88 32 24 3 103 36 78 73 38 8 48 31 6 28 30 81 134 45 
137 118 67 33 40 76 97 69 96 7 10 122 86 110 95 99 56 109 132 117 120 123 70 37 9 29 92 17 5 15 94 2 83 80 11 39 63 108 13 98 111 65 57 77 90 21 35 19 100 119 12 26 93 52 4 133 85 114 14 44 41 116 1 42 113 105 135 27 102 53 107 34 88 32 24 3 103 36 78 73 38 8 48 31 6 28 30 81 134 45 
138 118 67 33 40 76 97 69 126 96 7 127 10 122 86 110 95 99 56 109 132 117 128 120 123 70 37 9 29 92 17 5 15 94 2 83 80 11 39 63 108 13 98 111 65 57 77 90 21 35 19 100 119 12 26 93 52 4 133 85 114 14 44 41 116 1 42 113 105 135 27 102 53 107 34 88 32 24 3 103 36 78 73 38 8 48 31 6 28 30 81 134 45 
139 67 33 40 69 96 7 10 95 109 128 70 9 29 92 17 15 94 2 83 80 11 108 57 77 19 119 12 26 93 114 66 42 113 105 27 61 53 107 32 24 103 78 8 6 79 28 30 81 118 76 97 126 127 122 86 110 99 56 132 117 120 123 139 37 72 5 39 63 13 98 111 65 90 21 35 100 52 4 133 85 14 44 41 116 1 135 102 34 88 3 36 82 73 38 48 31 134 45 
140 67 33 40 69 96 7 10 95 109 128 70 9 29 92 17 15 94 2 83 80 11 108 57 77 19 119 12 26 93 114 66 42 113 105 27 61 53 107 32 24 103 78 8 6 79 28 30 81 118 76 97 126 127 122 86 110 99 56 132 117 120 123 139 37 72 5 39 63 13 98 111 65 90 21 35 100 52 4 133 85 14 44 41 116 1 135 102 34 88 3 36 82 73 38 48 31 134 45 
141 67 33 40 69 96 7 10 95 109 128 70 9 29 92 17 15 94 2 83 80 11 108 57 77 19 119 12 26 93 114 66 42 113 105 27 61 53 107 32 24 103 78 8 6 79 28 30 81 118 76 97 126 127 122 86 110 99 56 132 117 120 123 139 37 72 5 39 63 13 98 111 65 90 21 35 100 52 4 133 85 14 44 41 116 1 135 102 34 88 3 36 82 73 38 48 31 134 45 
142 67 33 40 69 96 7 10 95 109 128 70 9 29 92 17 15 94 2 83 80 11 108 57 77 19 119 12 26 93 114 66 42 113 105 27 61 53 107 32 24 103 78 8 6 79 28 30 81 118 76 97 126 127 122 86 110 99 56 132 117 120 123 139 37 72 5 39 63 13 98 111 65 90 21 35 100 52 4 133 85 14 44 41 116 1 135 102 34 88 3 36 82 73 38 48 31 134 45 
143 67 33 40 69 96 7 10 95 109 128 70 9 29 92 17 15 94 2 83 80 11 108 57 77 19 119 12 26 93 114 66 42 113 105 27 61 53 107 32 24 103 78 8 6 79 28 30 81 118 76 97 126 127 122 86 110 99 56 132 117 120 123 139 37 72 5 39 63 13 98 111 65 90 21 35 100 52 4 133 85 14 44 41 116 1 135 102 34 88 3 36 82 73 38 48 31 134 45 
144 118 67 33 40 76 97 69 126 96 7 127 10 122 86 110 95 99 56 109 132 128 117 120 123 70 139 37 9 29 92 17 5 15 94 2 83 80 11 39 63 13 98 111 65 57 77 90 21 35 19 119 100 12 26 93 52 4 133 144 85 114 66 14 44 41 116 1 42 113 105 135 27 102 53 107 34 88 32 24 103 3 78 36 82 73 38 8 48 31 6 79 28 30 81 134 45 
145 118 67 33 40 97 69 126 96 7 127 145 10 122 86 110 95 99 56 109 132 117 128 120 123 139 70 37 9 29 92 17 5 15 94 2 83 80 11 39 13 98 111 65 57 77 90 21 35 19 100 119 12 26 93 52 4 133 144 85 114 66 14 44 41 116 1 42 113 105 135 27 102 53 107 34 88 32 24 3 103 36 78 82 38 8 48 31 6 79 28 30 81 134 45 
146 118 67 33 40 97 69 126 96 7 127 145 10 122 86 110 95 99 56 109 132 117 128 120 123 139 70 37 9 29 92 17 5 15 94 2 83 80 11 39 13 98 111 65 146 57 77 90 21 35 19 100 119 12 26 93 52 4 133 144 85 114 66 14 44 41 116 1 42 113 105 135 27 102 53 107 34 88 32 24 3 103 36 78 82 38 8 48 31 6 79 28 30 81 134 45 
147 118 67 33 40 97 69 126 96 7 127 145 10 122 86 110 95 99 56 109 132 117 128 120 123 139 70 37 9 29 92 17 5 15 94 2 83 80 11 39 13 98 111 146 65 57 77 90 21 35 19 100 119 12 26 93 52 4 133 144 85 114 66 14 44 41 116 1 42 113 105 135 27 102 53 107 147 34 88 32 24 3 103 36 78 82 38 8 48 31 6 79 28 30 81 134 45 
148 67 33 40 69 96 7 145 10 95 109 128 70 9 29 92 17 15 94 2 83 80 11 57 77 19 119 12 26 93 144 114 66 42 113 105 27 53 107 32 24 103 78 8 6 79 28 30 81 118 97 126 127 122 86 110 99 56 148 132 117 120 123 139 37 5 39 13 98 111 146 65 90 21 35 100 52 4 133 85 14 44 41 116 1 135 102 147 34 88 3 36 82 38 48 31 134 45 
149 67 33 40 69 96 7 145 10 95 109 128 70 9 29 92 17 15 94 2 83 80 11 57 77 19 119 12 26 93 144 114 66 42 113 105 27 53 107 32 24 103 78 8 6 79 28 30 81 118 97 126 127 122 86 110 99 56 148 132 117 120 123 139 37 5 39 13 98 111 146 65 90 21 35 100 52 4 133 85 14 44 41 116 1 135 102 147 34 88 3 36 82 38 48 31 134 45 
150 67 33 40 69 96 7 145 10 95 109 128 70 9 29 92 17 15 94 2 83 80 11 57 77 19 119 12 26 93 144 114 66 42 113 105 27 53 107 32 24 103 78 8 6 79 28 30 81 118 97 126 127 122 86 110 99 56 148 132 117 120 123 139 37 5 39 13 98 111 146 65 90 21 35 100 52 4 133 85 14 44 41 116 1 135 102 147 34 88 3 36 82 38 48 31 134 45 
151 67 33 40 69 96 7 145 10 95 109 128 70 9 29 92 17 15 94 2 83 80 11 57 77 19 119 12 26 93 144 114 66 42 113 105 27 53 107 32 151 24 103 78 8 6 79 28 30 81 118 97 126 127 122 86 110 99 56 148 132 117 120 123 139 37 5 39 13 98 111 146 65 90 21 35 100 52 4 133 85 14 44 41 116 1 135 102 147 34 88 3 36 82 38 48 31 134 45 
152 67 33 40 69 96 7 145 10 95 109 128 70 9 29 92 17 15 94 2 83 80 11 57 77 19 119 12 26 93 144 114 66 42 113 105 27 53 107 32 151 24 103 78 8 6 79 28 30 81 118 97 126 127 122 86 110 99 56 148 132 117 120 123 139 37 5 39 13 98 111 146 65 90 21 35 100 52 4 133 85 14 44 41 116 1 135 102 147 34 88 3 36 82 38 48 31 134 45 
153 67 33 40 69 96 7 145 10 95 109 128 70 9 29 92 17 15 94 2 83 80 11 57 77 19 119 12 26 93 144 114 66 42 113 105 27 53 107 32 151 24 103 78 8 6 79 28 30 81 118 97 126 127 122 86 110 99 56 148 132 117 120 123 139 37 5 39 13 98 111 146 65 90 21 35 100 52 4 133 85 14 44 41 116 1 135 102 147 34 88 3 36 82 38 48 31 134 45 
154 67 33 40 69 96 7 145 10 95 109 128 70 9 29 92 17 15 94 2 83 80 11 57 77 19 119 12 26 93 144 114 66 42 113 105 27 53 107 32 151 24 103 78 8 6 79 28 30 81 118 97 126 127 122 86 110 99 56 148 132 117 120 123 139 37 5 39 13 98 111 146 65 90 21 35 100 52 4 133 85 14 44 41 116 1 135 102 147 34 88 3 36 82 38 48 31 134 45 
155 67 33 40 69 96 7 145 10 95 109 128 70 9 29 92 17 15 94 2 83 80 11 57 77 19 119 12 26 93 144 114 66 42 113 105 27 53 107 32 24 103 78 8 6 79 28 30 81 118 97 126 127 122 86 110 99 56 148 132 117 120 123 139 37 155 5 39 13 98 111 146 65 90 21 35 100 52 4 133 85 14 44 41 116 1 135 102 147 34 88 3 36 82 38 48 31 134 45 
156 67 33 40 69 96 7 145 10 95 109 128 70 9 29 92 17 15 94 2 83 80 11 57 77 19 119 12 26 93 144 114 66 42 113 105 27 53 107 32 24 103 78 8 6 79 28 30 81 118 97 126 127 122 86 110 99 56 148 132 117 120 123 139 37 155 5 39 13 98 111 146 65 90 21 35 100 52 4 133 85 14 44 41 116 1 135 102 147 34 88 3 36 82 38 48 31 134 45 
157 67 33 40 69 96 7 145 10 95 109 128 70 9 29 92 17 15 94 2 83 80 11 57 77 19 119 12 26 93 144 114 66 42 113 105 27 53 107 32 24 103 78 8 6 79 28 30 81 118 97 126 127 122 86 110 99 56 148 132 117 120 123 139 37 155 5 39 13 98 111 146 65 90 21 35 100 52 4 133 85 14 44 41 116 1 135 102 147 34 88 3 36 82 38 48 31 134 45 
158 67 33 40 69 96 7 145 10 95 109 128 70 9 29 92 17 15 94 2 83 80 11 57 77 19 119 12 26 93 144 114 66 158 42 113 105 27 53 107 32 151 24 103 78 8 6 79 28 30 81 118 97 126 127 122 86 110 99 56 148 132 117 120 123 139 37 155 5 39 13 98 111 146 65 90 21 35 100 52 4 133 85 14 44 41 116 1 135 102 147 34 88 3 36 82 38 48 31 134 45 
159 67 33 40 69 96 7 145 10 95 109 128 70 9 29 92 17 15 94 2 83 80 11 57 77 19 119 12 26 93 144 114 158 66 42 113 105 27 53 107 32 151 24 103 78 8 6 79 28 30 81 118 97 126 127 122 86 110 99 56 148 132 117 120 123 139 37 155 5 39 13 98 111 146 65 90 21 35 100 52 4 133 85 14 44 41 116 1 135 102 147 34 88 3 36 82 38 48 31 134 45 
160 67 33 40 69 96 7 145 10 95 109 128 70 9 29 92 17 15 94 2 83 80 11 57 77 19 119 12 26 93 144 114 158 66 42 113 105 27 53 107 32 151 24 103 78 8 6 79 28 30 81 118 97 126 127 122 86 110 99 56 148 132 117 120 123 139 37 155 5 39 13 98 111 146 65 90 21 35 100 52 4 133 85 14 44 41 116 1 135 102 147 34 88 3 36 82 38 48 31 134 45 
161 67 33 40 69 96 7 145 10 95 109 128 70 9 29 92 17 15 94 2 83 80 11 57 77 19 119 12 26 93 144 114 158 66 42 113 105 27 53 107 32 151 24 103 78 8 161 6 79 28 30 81 118 97 126 127 122 86 110 99 56 148 132 117 120 123 139 37 155 5 39 13 98 111 146 65 90 21 35 100 52 4 133 85 14 44 41 116 1 135 102 147 34 88 3 36 82 38 48 31 134 45 
162 67 33 40 69 96 7 145 10 95 109 128 70 9 29 92 17 15 94 2 83 80 11 57 77 19 119 12 26 93 144 114 158 66 42 113 105 27 53 107 32 151 24 103 78 8 161 6 79 28 30 81 118 97 126 127 122 86 110 99 56 148 132 117 120 123 139 37 155 5 39 13 98 111 146 65 90 21 35 100 52 4 133 85 14 44 41 116 1 135 102 147 34 88 3 36 82 38 48 31 134 45 
163 67 33 40 69 96 7 145 10 95 109 128 70 9 29 92 17 15 94 2 83 80 11 57 77 19 119 12 26 93 144 114 158 66 42 113 105 27 53 107 32 151 24 103 78 8 161 6 79 28 30 81 118 97 126 127 122 86 110 99 56 148 132 117 120 123 139 37 155 5 39 13 98 111 146 65 90 21 35 100 52 4 133 85 14 44 41 116 1 135 102 147 34 88 3 36 82 38 48 31 134 45 
164 67 33 40 69 96 7 145 10 95 109 128 70 9 29 92 17 15 94 2 83 80 11 57 77 19 119 12 26 93 144 114 158 66 42 113 105 27 53 107 32 151 24 103 78 8 161 6 79 28 30 81 118 97 126 127 122 86 110 99 56 148 132 117 120 123 139 37 155 5 39 13 98 111 146 65 90 21 35 100 52 4 133 85 14 44 41 116 1 135 102 147 34 88 3 36 82 38 48 31 134 45 
165 67 33 40 69 96 7 145 10 95 109 128 70 9 29 92 17 15 94 2 83 80 11 57 77 19 119 12 26 93 144 114 158 66 42 113 105 27 53 107 32 151 24 103 78 8 6 79 28 30 81 118 97 126 127 122 86 110 99 56 148 132 117 120 123 139 37 155 5 39 13 98 111 146 65 90 21 35 100 52 4 133 165 85 14 44 41 116 1 135 102 147 34 88 3 36 82 38 48 31 134 45 
166 67 33 40 69 96 7 145 10 95 109 128 70 9 29 92 17 15 94 2 83 80 11 57 77 19 119 12 26 93 144 114 158 66 42 113 105 27 53 107 32 151 24 103 78 8 6 79 28 30 81 118 97 126 127 122 86 110 99 56 148 132 117 120 123 139 37 155 5 39 13 98 111 146 65 90 21 35 100 52 4 133 165 85 14 44 41 116 1 135 102 147 34 88 3 36 82 38 48 31 134 45 
167 67 33 40 69 96 7 145 10 95 109 128 70 9 29 92 17 15 94 2 83 80 11 57 77 19 119 12 26 93 144 114 158 66 42 113 105 27 53 107 32 151 24 103 78 8 6 79 28 30 81 118 97 126 127 122 86 110 99 56 148 132 117 120 123 139 37 155 5 39 13 98 111 146 65 90 21 35 100 52 4 133 165 85 14 44 41 116 1 135 102 147 34 88 3 36 82 38 48 31 134 45 
168 67 33 40 69 96 7 145 10 95 109 128 70 9 29 92 17 15 94 2 83 80 11 57 77 19 119 12 26 93 144 114 158 66 42 113 105 27 53 107 32 151 24 103 78 8 161 6 79 28 30 81 118 97 126 127 122 86 110 99 56 148 132 117 120 123 139 37 155 5 39 13 98 111 146 65 90 21 35 100 52 4 133 165 85 14 44 41 116 1 168 135 102 147 34 88 3 36 82 38 48 31 134 45 
169 67 33 40 69 96 7 145 10 95 109 169 128 70 9 29 92 17 15 94 2 83 80 11 57 77 19 119 12 26 93 144 114 158 66 42 113 105 27 53 107 32 151 24 103 78 8 161 6 79 28 30 81 118 97 126 127 122 86 110 99 56 148 132 117 120 123 139 37 155 5 39 13 98 111 146 65 90 21 35 100 52 4 133 165 85 14 44 41 116 1 168 135 102 147 34 88 3 36 82 38 48 31 134 45 
170 67 33 40 69 96 7 145 10 95 109 169 128 70 9 29 92 17 15 94 2 83 80 11 57 77 19 119 12 26 93 144 114 158 66 42 113 105 27 53 107 32 151 24 103 78 170 8 161 6 79 28 30 81 118 97 126 127 122 86 110 99 56 148 132 117 120 123 139 37 155 5 39 13 98 111 146 65 90 21 35 100 52 4 133 165 85 14 44 41 116 1 168 135 102 147 34 88 3 36 82 38 48 31 134 45 
171 67 33 40 69 96 7 145 10 95 109 169 128 70 9 29 92 17 15 94 2 83 80 11 57 77 19 119 12 26 93 144 114 158 66 42 113 105 27 53 107 32 151 24 103 78 170 8 161 6 79 28 30 81 118 97 126 127 122 86 110 99 56 148 132 117 120 123 139 37 155 5 39 13 98 111 146 65 90 21 35 100 52 4 133 165 85 14 44 41 116 1 168 135 102 147 34 88 3 36 82 38 48 31 134 45 
172 67 33 40 172 69 96 7 145 10 95 109 169 128 70 9 29 92 17 15 94 2 83 80 11 57 77 19 119 12 26 93 144 114 158 66 42 113 105 27 53 107 32 151 24 103 78 170 8 161 6 79 28 30 81 118 97 126 127 122 86 110 99 56 148 132 117 120 123 139 37 155 5 39 13 98 111 146 65 90 21 35 100 52 4 133 165 85 14 44 41 116 1 168 135 102 147 34 88 3 36 82 38 48 31 134 45 
173 67 33 40 172 69 96 7 145 10 95 109 169 128 70 9 29 92 17 15 94 2 83 80 11 57 77 19 119 12 26 93 144 114 158 66 42 113 105 27 53 107 32 151 24 103 78 170 8 161 6 79 28 30 81 173 118 97 126 127 122 86 110 99 56 148 132 117 120 123 139 37 155 5 39 13 98 111 146 65 90 21 35 100 52 4 133 165 85 14 44 41 116 1 168 135 102 147 34 88 3 36 82 38 48 31 134 45 
174 67 33 40 172 69 96 7 145 10 174 95 109 169 128 70 9 29 92 17 15 94 2 83 80 11 57 77 19 119 12 26 93 144 114 158 66 42 113 105 27 53 107 32 151 24 103 78 170 8 161 6 79 28 30 81 173 118 97 126 127 122 86 110 99 56 148 132 117 120 123 139 37 155 5 39 13 98 111 146 65 90 21 35 100 52 4 133 165 85 14 44 41 116 1 168 135 102 147 34 88 3 36 82 38 48 31 134 45 
175 67 33 40 172 69 96 7 145 10 174 95 109 169 128 70 9 29 92 17 15 94 2 83 80 11 57 77 19 119 12 26 93 144 114 158 66 42 113 105 27 53 107 32 151 24 103 78 170 8 175 161 6 79 28 30 81 173 118 97 126 127 122 86 110 99 56 148 132 117 120 123 139 37 155 5 39 13 98 111 146 65 90 21 35 100 52 4 133 165 85 14 44 41 116 1 168 135 102 147 34 88 3 36 82 38 48 31 134 45 
176 67 33 40 172 69 96 7 145 10 174 95 109 169 128 70 9 29 92 17 15 94 2 83 80 11 57 77 19 119 12 26 93 144 114 158 66 42 113 105 27 53 107 32 151 24 103 78 170 8 175 161 6 79 28 30 81 173 118 97 126 127 122 86 110 99 56 148 132 117 120 123 139 37 155 5 39 13 98 111 146 65 90 21 35 100 52 4 133 165 85 14 44 41 116 1 168 135 102 147 34 88 3 36 82 38 48 31 134 45 
177 67 33 40 172 69 96 7 145 10 174 95 109 169 128 70 9 29 92 17 15 94 2 83 80 11 57 77 19 119 12 26 93 144 114 158 66 42 113 105 27 53 107 32 151 24 103 78 170 8 175 161 6 79 28 30 81 173 118 97 126 127 122 86 110 99 56 148 132 117 120 123 139 37 155 5 39 13 98 111 146 65 90 21 35 100 52 4 133 165 85 14 44 41 116 1 168 135 102 147 34 88 3 177 36 82 38 48 31 134 45 
178 67 33 40 172 69 96 7 145 10 174 95 178 109 169 128 70 9 29 92 17 15 94 2 83 80 11 57 77 19 119 12 26 93 144 114 158 66 42 113 105 27 53 107 32 151 24 103 78 170 8 175 161 6 79 28 30 81 173 118 97 126 127 122 86 110 99 56 148 132 117 120 123 139 37 155 5 39 13 98 111 146 65 90 21 35 100 52 4 133 165 85 14 44 41 116 1 168 135 102 147 34 88 3 177 36 82 38 48 31 134 45 
179 67 33 40 172 69 96 7 145 10 174 95 178 109 169 128 70 9 29 92 17 15 94 2 83 80 11 57 77 19 119 12 26 93 144 114 158 66 42 113 105 27 53 107 32 151 24 103 78 170 8 175 161 6 79 28 30 81 173 118 97 126 179 127 122 86 110 99 56 148 132 117 120 123 139 37 155 5 39 13 98 111 146 65 90 21 35 100 52 4 133 165 85 14 44 41 116 1 168 135 102 147 34 88 3 177 36 82 38 48 31 134 45 
180 67 33 40 172 69 96 7 145 10 174 95 178 109 169 128 70 9 29 92 17 15 94 2 83 80 11 57 77 19 119 12 26 93 144 114 158 66 42 113 105 27 53 107 32 151 24 103 78 170 8 175 161 6 79 180 28 30 81 173 118 97 126 179 127 122 86 110 99 56 148 132 117 120 123 139 37 155 5 39 13 98 111 146 65 90 21 35 100 52 4 133 165 85 14 44 41 116 1 168 135 102 147 34 88 3 177 36 82 38 48 31 134 45 
181 67 33 40 172 69 96 7 145 10 174 95 178 109 169 128 70 9 29 92 17 15 94 2 83 80 11 57 77 19 119 12 26 93 144 114 158 66 42 113 105 27 53 107 32 151 24 103 78 170 8 175 161 6 79 180 28 30 81 173 118 97 126 179 127 122 86 110 99 56 148 132 117 120 123 139 37 155 5 39 13 98 111 146 65 90 21 35 100 52 4 133 165 85 14 44 41 116 1 168 135 102 147 34 88 3 177 36 82 38 48 31 134 45 
182 67 33 40 172 69 96 7 145 10 174 95 178 109 169 128 70 9 29 182 92 17 15 94 2 83 80 11 57 77 19 119 12 26 93 144 114 158 66 42 113 105 27 53 107 32 151 24 103 78 170 8 175 161 6 79 180 28 30 81 173 118 97 126 179 127 86 110 99 56 148 132 117 120 123 139 37 155 5 39 13 98 111 146 65 90 21 35 100 52 4 133 165 85 14 44 41 116 1 168 135 102 147 34 88 3 177 36 82 38 48 31 134 45 
183 67 33 40 172 69 96 7 145 10 174 95 178 109 169 128 70 9 29 182 92 17 15 94 2 83 80 11 57 77 19 119 12 26 93 144 114 158 66 42 113 105 27 53 107 32 151 24 103 78 170 8 175 161 6 79 180 28 30 81 173 118 97 126 179 127 86 110 99 56 148 132 117 120 123 139 37 155 5 39 13 98 111 146 65 90 21 35 100 52 4 133 165 85 14 44 41 116 1 168 135 102 147 34 88 3 177 36 82 38 48 31 134 45 
184 67 33 40 69 96 7 145 10 95 109 169 128 70 9 29 92 184 17 15 94 2 83 80 11 57 77 19 119 12 26 93 144 114 158 66 42 113 105 27 53 107 32 151 24 103 78 170 8 161 6 79 28 30 81 118 97 126 127 122 86 110 99 56 148 132 117 120 123 139 37 155 5 39 13 98 111 146 65 90 21 35 100 52 4 133 165 85 14 44 41 116 1 168 135 102 147 34 88 3 36 82 38 48 31 134 45 
185 67 33 40 69 96 7 145 10 95 109 169 128 70 9 29 92 184 17 15 94 2 83 80 11 57 77 19 119 12 26 93 144 114 158 66 42 113 105 27 53 107 185 32 151 24 103 78 170 8 161 6 79 28 30 81 118 97 126 127 122 86 110 99 56 148 132 117 120 123 139 37 155 5 39 13 98 111 146 65 90 21 35 100 52 4 133 165 85 14 44 41 116 1 168 135 102 147 34 88 3 36 82 38 48 31 134 45 
186 67 33 40 69 96 7 145 10 95 109 169 128 70 186 9 29 92 184 17 15 94 2 83 80 11 57 77 19 119 12 26 93 144 114 158 66 42 113 105 27 53 107 185 32 151 24 103 78 170 8 161 6 79 28 30 81 118 97 126 127 122 86 110 99 56 148 132 117 120 123 139 37 155 5 39 13 98 111 146 65 90 21 35 100 52 4 133 165 85 14 44 41 116 1 168 135 102 147 34 88 3 36 82 38 48 31 134 45 
187 67 33 40 69 96 7 145 10 95 109 169 128 70 186 9 29 92 184 17 187 15 94 2 83 80 11 57 77 19 119 12 26 93 144 114 158 66 42 113 105 27 53 107 185 32 151 24 103 78 170 8 161 6 79 28 30 81 118 97 126 127 122 86 110 99 56 148 132 117 120 123 139 37 155 5 39 13 98 111 146 65 90 21 35 100 52 4 133 165 85 14 44 41 116 1 168 135 102 147 34 88 3 36 82 38 48 31 134 45 
188 67 33 40 69 96 7 145 10 95 109 169 128 70 186 9 29 92 184 17 187 15 94 2 83 80 11 57 77 19 119 12 26 93 144 114 158 66 42 113 105 27 53 107 185 32 151 24 103 78 170 8 161 6 79 28 30 81 118 97 126 127 122 86 110 99 56 148 132 117 120 123 139 37 155 5 39 13 98 111 146 65 90 21 35 100 52 4 133 165 85 14 44 41 116 1 168 135 102 147 34 88 3 36 82 38 48 31 134 45 
189 67 33 40 69 96 7 145 10 95 109 169 128 70 186 9 29 92 184 17 187 15 94 2 83 80 11 57 77 19 119 12 26 93 144 114 158 66 42 113 105 27 53 107 185 32 151 24 103 78 170 8 161 6 79 28 30 81 118 97 126 127 122 86 110 99 56 148 132 117 120 123 139 37 155 5 39 13 98 111 146 65 90 21 35 100 52 4 133 165 85 14 44 41 116 1 168 135 102 147 34 88 3 36 82 38 48 31 134 189 45 
190 67 33 40 69 96 7 145 10 95 109 169 128 190 70 186 9 29 92 184 17 187 15 94 2 83 80 11 57 77 19 119 12 26 93 144 114 158 66 42 113 105 27 53 107 185 32 151 24 103 78 170 8 161 6 79 28 30 81 118 97 126 127 122 86 110 99 56 148 132 117 120 123 139 37 155 5 39 13 98 111 146 65 90 21 35 100 52 4 133 165 85 14 44 41 116 1 168 135 102 147 34 88 3 36 82 38 48 31 134 189 45 
191 67 33 40 69 96 7 145 10 95 109 169 128 190 70 186 9 29 92 184 17 187 15 94 2 83 80 11 57 77 19 119 12 26 93 144 114 158 66 191 42 113 105 27 53 107 185 32 151 24 103 78 170 8 161 6 79 28 30 81 118 97 126 127 122 86 110 99 56 148 132 117 120 123 139 37 155 5 39 13 98 111 146 65 90 21 35 100 52 4 133 165 85 14 44 41 116 1 168 135 102 147 34 88 3 36 82 38 48 31 134 189 45 
192 67 33 40 69 96 7 145 10 95 109 169 128 190 70 186 9 29 92 184 17 187 15 94 2 83 80 11 57 77 19 119 12 26 93 144 114 158 66 191 42 113 105 27 53 107 185 32 151 24 103 78 170 8 161 6 79 28 30 81 118 97 126 192 127 122 86 110 99 56 148 132 117 120 123 139 37 155 5 39 13 98 111 146 65 90 21 35 100 52 4 133 165 85 14 44 41 116 1 168 135 102 147 34 88 3 36 82 38 48 31 134 189 45 
193 67 33 40 69 96 7 145 10 95 109 169 128 190 70 186 9 29 92 184 17 187 15 94 2 83 80 11 57 77 19 119 12 26 93 144 114 158 66 191 42 113 105 27 53 107 185 32 151 24 103 78 170 8 161 6 79 28 30 81 118 97 126 192 127 122 86 110 99 56 148 132 117 120 123 139 37 155 5 39 13 98 111 146 65 90 21 35 100 52 4 133 165 85 14 44 41 116 1 168 135 102 147 34 88 3 36 82 38 48 31 134 189 45 
194 67 33 40 69 96 7 145 10 95 109 169 128 190 70 186 9 29 92 184 17 187 15 94 2 83 80 11 57 77 19 119 12 26 93 144 114 158 66 191 42 113 105 27 53 107 185 32 151 24 103 78 170 8 161 6 79 28 30 81 118 97 126 192 127 86 110 99 56 148 132 117 120 123 139 37 194 155 5 39 13 98 111 146 65 90 21 35 100 52 4 133 165 85 14 44 41 116 1 168 135 102 147 34 88 3 36 82 38 48 31 134 189 45 
195 67 33 40 172 69 96 7 145 10 174 195 95 178 109 169 128 190 70 186 9 29 182 92 184 17 187 15 94 2 83 80 11 57 77 19 119 12 26 93 144 114 158 66 191 42 113 105 27 53 107 185 32 151 24 103 78 170 8 175 161 6 79 180 28 30 81 173 118 97 126 192 179 127 86 110 99 56 148 132 117 120 123 139 37 194 155 5 39 13 98 111 146 65 90 21 35 100 52 4 133 165 85 14 44 41 116 1 168 135 102 147 34 88 3 177 36 82 38 48 31 134 189 45 
196 67 33 40 172 69 96 7 145 10 174 195 95 178 109 169 128 190 70 186 9 29 182 92 184 17 187 15 94 2 83 80 11 57 77 19 119 12 26 93 144 114 158 66 191 42 113 105 27 53 107 185 32 151 24 103 78 170 8 175 161 6 79 180 28 30 81 173 118 97 126 192 179 127 86 110 99 56 148 132 117 120 123 139 37 194 155 5 39 13 98 111 146 65 90 21 35 100 52 4 133 165 85 14 44 41 116 1 168 135 102 147 34 88 3 177 36 82 38 48 31 134 189 45 
197 67 33 40 172 69 96 7 145 10 174 195 95 178 109 169 197 128 190 70 186 9 29 182 92 184 17 187 15 94 2 83 80 11 57 77 19 119 12 26 93 144 114 158 66 191 42 113 105 27 53 107 185 32 151 24 103 78 170 8 175 161 6 79 180 28 30 81 173 118 97 126 192 179 127 86 110 99 56 148 132 117 120 123 139 37 194 155 5 39 13 98 111 146 65 90 21 35 100 52 4 133 165 85 14 44 41 116 1 168 135 102 147 34 88 3 177 36 82 38 48 31 134 189 45 
198 67 33 40 172 69 96 7 145 10 174 195 95 178 109 169 197 128 190 70 186 9 29 182 92 184 17 187 15 94 2 83 80 11 57 77 19 119 12 26 93 144 114 158 66 191 42 113 105 27 53 107 185 32 151 24 103 78 170 8 175 161 6 79 180 28 30 81 173 118 97 126 192 179 127 86 110 99 56 148 132 117 120 123 139 37 194 155 5 39 13 98 111 146 65 90 21 35 100 52 4 133 165 85 14 44 41 116 1 168 135 102 147 34 88 3 177 36 82 38 48 31 134 189 45 
199 67 33 40 172 69 96 7 145 10 174 195 95 178 109 169 197 128 190 70 186 9 29 182 92 184 17 187 15 94 2 83 80 11 57 77 19 119 12 26 93 144 114 158 66 191 42 113 105 27 53 107 185 199 32 151 24 103 78 170 8 175 161 6 79 180 28 30 81 173 118 97 126 192 179 127 86 110 99 56 148 132 117 120 123 139 37 194 155 5 39 13 98 111 146 65 90 21 35 100 52 4 133 165 85 14 44 41 116 1 168 135 102 147 34 88 3 177 36 82 38 48 31 134 189 45 
200 67 33 40 172 69 96 7 145 10 174 195 95 178 109 169 197 128 190 70 186 9 29 182 92 184 17 187 15 94 2 83 80 11 57 77 19 119 12 26 93 144 114 158 66 191 42 113 105 27 53 107 185 199 32 151 24 103 78 170 8 175 161 6 79 180 28 30 81 173 118 97 126 192 179 127 86 110 99 56 148 132 117 120 123 139 37 194 155 5 39 13 98 111 146 65 90 21 35 100 52 4 133 165 85 14 44 41 116 1 168 135 102 147 34 88 3 177 36 82 38 48 31 134 189 45 
201 67 33 40 172 69 96 7 145 10 174 195 95 178 109 169 197 128 190 70 186 9 29 182 92 184 17 187 15 94 2 83 80 11 57 77 19 119 12 26 93 144 114 158 66 191 42 113 105 27 53 107 185 199 32 151 24 103 78 170 8 175 161 6 79 180 28 30 81 173 118 97 126 192 179 127 86 110 99 56 148 132 117 120 123 139 37 194 155 5 39 13 98 111 146 65 90 21 35 100 52 4 133 165 85 14 44 41 116 1 168 135 102 147 34 88 3 177 36 82 38 48 31 134 189 45 
202 67 33 40 172 69 96 7 145 10 174 195 95 178 109 169 197 128 190 70 186 9 29 182 92 184 17 187 15 94 2 83 80 11 57 77 19 119 12 26 93 144 114 158 66 191 42 113 105 27 53 107 185 32 151 24 103 78 170 8 175 161 6 79 180 28 30 81 173 118 97 126 192 179 127 86 110 99 56 148 132 117 120 123 139 37 194 155 5 39 13 98 111 146 65 90 21 35 100 52 4 133 165 85 14 44 41 116 1 168 135 102 147 34 88 3 177 36 82 38 48 31 134 189 45 
203 67 33 40 172 69 96 7 145 10 174 195 95 178 109 169 197 128 190 70 186 9 29 182 92 184 17 187 15 94 2 83 80 11 57 77 19 119 12 26 93 144 114 158 66 191 42 113 105 27 53 107 185 199 32 151 24 103 78 170 8 175 161 6 79 180 28 30 81 173 118 97 126 192 179 127 86 110 99 56 148 132 117 120 123 139 37 194 155 5 39 13 98 111 146 65 90 21 35 100 52 4 133 165 85 14 44 41 116 1 168 135 102 147 34 88 3 177 36 82 38 48 31 134 189 45 
204 67 33 40 172 69 96 7 145 10 174 195 95 178 109 169 197 128 190 70 186 9 29 182 92 184 17 187 15 94 2 83 80 11 57 77 19 119 12 26 93 144 114 158 66 191 42 113 105 27 53 107 185 199 32 151 24 103 78 170 8 175 161 6 79 180 28 30 81 173 118 97 126 192 179 127 86 110 99 56 148 132 117 120 123 139 37 194 155 5 39 13 98 111 146 65 90 21 35 100 52 4 133 165 85 14 44 41 116 1 168 135 102 147 34 88 3 177 36 82 38 48 31 134 189 45 
205 67 33 40 172 69 96 7 145 10 174 195 95 178 109 169 205 128 190 70 186 9 29 182 92 184 17 187 15 94 2 83 80 11 57 77 19 119 12 26 93 144 114 158 66 191 42 113 105 27 53 107 185 32 151 24 103 78 170 8 175 161 6 79 180 28 30 81 173 118 97 126 192 179 127 86 110 99 56 148 132 117 120 123 139 37 194 155 5 39 13 98 111 146 65 90 21 35 100 52 4 133 165 85 14 44 41 116 1 168 135 102 147 34 88 3 177 36 82 38 48 31 134 189 45 
206 67 33 40 172 69 96 7 145 10 174 195 95 178 109 169 205 128 190 70 186 9 29 182 92 184 17 187 15 94 2 83 80 11 57 77 19 119 12 26 93 144 114 158 66 191 42 113 105 27 53 107 185 32 151 24 103 78 170 8 175 161 6 79 180 28 30 81 173 118 97 126 192 179 127 86 110 99 56 148 132 117 120 123 139 37 194 155 5 39 13 98 111 146 65 90 21 35 100 52 4 133 165 85 14 44 41 116 1 168 135 102 147 34 88 3 177 36 82 38 48 31 134 189 45 
207 67 33 40 172 69 96 7 145 10 174 195 95 178 109 169 205 128 190 70 186 9 29 182 92 184 17 187 15 94 2 83 80 11 57 77 19 119 12 26 93 144 114 158 66 191 42 113 105 27 53 107 185 32 151 24 103 78 170 8 175 161 6 79 180 28 30 81 173 118 97 126 192 179 127 86 110 99 56 148 132 117 120 123 139 37 194 155 207 5 39 13 98 111 146 65 90 21 35 100 52 4 133 165 85 14 44 41 116 1 168 135 102 147 34 88 3 177 36 82 38 48 31 134 189 45 
208 67 33 40 172 69 96 7 145 10 174 195 95 178 109 169 205 128 190 70 186 9 29 182 92 184 17 187 15 94 2 83 80 11 57 77 19 119 12 26 93 144 114 158 66 191 42 113 105 27 53 107 185 32 151 24 103 78 170 8 175 161 6 79 180 28 30 81 173 118 97 126 192 179 127 86 110 99 56 148 132 117 120 123 139 37 194 155 207 5 39 13 98 111 146 65 90 21 35 100 52 4 133 165 85 14 44 41 116 1 168 135 102 147 34 88 3 177 36 82 38 48 31 134 189 45 
209 67 33 40 172 69 96 7 145 10 174 195 95 178 109 169 205 128 190 70 186 9 29 182 92 184 17 187 15 94 2 83 80 11 57 77 19 119 12 26 93 144 114 158 66 191 42 113 105 27 53 107 185 32 151 24 103 78 170 8 175 161 6 79 180 28 30 81 173 118 97 126 192 179 127 86 110 99 56 148 132 117 120 123 139 37 194 155 207 5 39 13 98 111 146 65 90 21 35 100 52 4 133 165 85 14 44 41 116 1 168 135 102 147 34 88 3 177 36 82 38 48 31 134 189 45 
210 67 33 40 172 69 96 7 145 10 174 195 95 178 109 169 205 128 190 70 186 9 29 182 92 184 17 187 15 94 2 83 80 11 57 77 19 119 12 26 93 144 114 158 66 191 42 113 105 27 53 107 185 32 151 24 103 78 170 8 175 161 6 79 180 28 30 81 173 118 97 126 192 179 127 86 110 99 56 148 132 117 120 123 139 37 194 155 5 39 13 98 111 146 65 90 21 35 100 52 4 133 165 85 14 44 41 116 1 168 135 102 147 34 88 3 177 36 82 38 48 31 134 189 45 
211 67 33 40 172 69 96 7 145 10 174 195 95 178 109 169 205 128 190 70 186 9 29 182 92 184 17 187 15 94 2 83 80 11 57 77 19 119 12 26 93 144 114 158 66 191 42 113 105 27 53 107 185 32 151 24 103 78 170 8 175 161 6 79 180 28 30 81 173 118 97 126 192 179 127 86 110 99 56 148 132 117 120 123 139 37 194 155 207 5 39 13 98 111 146 65 90 21 35 100 52 4 133 165 85 14 44 41 116 1 168 135 102 147 34 88 3 177 36 82 38 48 31 134 189 45 
212 67 33 40 172 69 96 7 145 10 174 195 95 178 109 169 205 197 128 190 70 186 9 29 182 92 184 17 187 15 94 2 83 80 11 57 77 19 119 12 26 93 144 114 158 66 191 42 113 105 27 53 107 185 199 32 151 24 103 78 170 8 175 161 6 79 180 28 30 81 173 118 97 126 192 179 127 86 110 99 56 212 148 132 117 120 123 139 37 194 155 207 5 39 13 98 111 146 65 90 21 35 100 52 4 133 165 85 14 44 41 116 1 168 135 102 147 34 88 3 177 36 82 38 48 31 134 189 45 
213 67 33 40 172 69 96 7 145 10 174 195 95 178 109 169 205 197 128 190 70 186 9 29 182 92 184 17 187 15 94 2 83 80 11 57 77 19 119 12 26 93 144 114 158 66 191 42 113 105 27 53 107 185 199 32 151 24 103 78 170 8 175 161 6 79 180 28 30 81 173 118 97 126 192 179 127 86 110 99 56 212 148 132 117 120 123 139 37 194 155 207 5 39 13 98 111 146 65 90 21 35 100 52 4 133 165 85 14 44 41 116 1 168 135 102 147 34 88 3 177 36 82 38 48 31 134 189 45 
214 67 33 40 172 69 96 7 145 10 174 195 95 178 109 169 205 197 128 190 70 186 9 29 182 92 184 17 187 15 94 2 83 80 11 57 77 19 119 12 26 93 144 114 158 66 191 42 113 105 27 53 107 185 199 32 151 24 103 78 170 8 175 161 6 79 180 28 30 81 173 118 97 126 192 179 127 86 110 99 56 212 148 132 117 120 123 139 37 194 155 207 5 39 13 98 111 146 65 90 21 35 100 52 4 133 165 85 14 44 41 116 1 168 135 102 147 34 88 3 177 36 82 38 48 31 134 189 45 
215 67 33 40 172 69 96 7 145 10 174 195 95 178 109 169 205 197 128 190 70 186 9 29 182 92 184 17 187 15 94 2 83 80 11 57 77 19 119 12 26 93 144 114 158 66 191 42 113 105 27 53 107 185 199 32 151 24 103 78 170 8 175 161 6 79 180 28 30 81 173 118 97 126 192 179 127 86 110 99 56 212 148 132 117 120 123 139 37 194 155 207 5 39 13 98 111 146 65 90 21 35 100 52 4 133 165 85 14 44 41 116 1 168 135 102 147 34 88 3 177 36 82 38 48 31 134 189 45 
216 67 33 40 172 69 96 7 145 10 174 195 95 178 109 169 205 197 128 190 70 186 9 29 182 92 184 17 187 15 94 2 83 80 11 57 77 19 119 12 26 93 144 114 158 66 191 42 113 105 27 53 107 185 199 32 151 24 103 78 170 8 175 161 6 79 180 28 30 81 173 118 97 126 192 179 127 86 110 99 56 212 148 132 117 120 123 139 37 194 155 207 5 39 13 98 111 146 65 90 21 35 100 52 4 133 165 85 14 44 41 116 1 168 135 102 147 34 88 3 177 36 82 38 48 31 134 189 45 
217 67 33 40 172 69 96 7 145 10 174 195 95 178 109 169 205 197 128 190 70 186 9 29 182 92 184 17 187 15 94 2 83 80 11 57 77 19 119 12 26 93 144 114 158 66 191 42 113 105 27 53 107 185 199 32 151 24 103 78 170 8 175 161 6 79 180 28 30 81 173 118 97 126 192 179 127 86 110 99 56 212 148 132 117 120 123 139 37 194 155 207 5 39 13 98 111 146 65 90 21 35 100 52 4 133 165 85 14 44 41 116 1 168 135 102 147 34 88 3 177 36 82 38 48 31 134 189 45 
218 67 33 40 172 69 96 7 145 10 174 195 95 178 109 169 205 197 128 190 70 186 9 29 182 92 184 17 187 15 94 2 83 80 11 57 77 19 119 12 26 93 144 114 158 66 191 42 113 105 27 53 107 185 199 32 151 24 103 78 170 8 175 161 6 79 180 28 30 81 173 118 97 126 192 179 127 86 110 99 56 212 148 132 117 120 123 139 37 194 155 207 5 39 13 98 111 146 65 90 21 35 100 52 4 133 165 85 14 44 41 116 1 168 135 102 147 34 88 3 177 36 82 38 48 31 134 189 45 
219 67 33 40 172 69 96 7 145 10 174 195 95 178 109 169 205 197 128 190 70 186 9 29 182 92 184 17 187 15 94 2 83 80 11 57 77 19 119 12 26 93 144 114 158 66 191 42 113 105 27 53 107 185 199 32 151 24 103 78 170 8 175 161 6 79 180 28 30 81 173 118 97 126 192 179 127 86 110 99 56 212 148 132 117 120 123 139 37 194 155 207 5 39 13 98 111 146 65 90 21 35 100 52 4 133 165 85 14 44 41 116 1 168 135 102 147 34 88 3 177 36 82 38 48 31 134 189 45 
220 67 33 40 172 69 96 7 145 10 174 195 95 178 109 169 205 197 128 190 70 186 9 29 182 92 184 17 187 15 94 2 83 80 11 57 77 19 119 12 26 93 144 114 158 66 191 42 113 105 27 53 107 185 199 32 151 24 103 78 170 8 175 161 6 79 180 28 30 81 173 118 97 126 192 179 127 86 110 99 56 212 148 132 117 120 123 139 37 194 155 207 5 39 13 98 111 146 65 90 21 35 100 52 4 133 165 85 14 44 41 116 1 168 135 102 147 34 88 3 177 36 82 38 48 31 134 189 45 
