1 1 
2 2 1 
3 2 3 1 
4 4 2 3 1 
5 4 5 2 3 1 
6 4 5 2 3 1 6 
7 4 5 2 3 1 6 7 
8 4 5 2 3 1 6 7 
9 4 5 2 3 1 9 6 7 
10 4 5 2 3 1 9 6 7 
11 4 5 2 3 11 1 9 6 7 
12 4 5 2 3 11 1 9 6 7 
13 4 13 5 2 3 1 9 6 7 
14 4 13 5 2 3 1 9 6 7 
15 4 13 5 2 3 1 9 6 7 15 
16 4 13 5 2 3 1 9 6 7 15 
17 4 13 5 2 3 1 9 6 7 15 
18 4 13 5 2 3 1 9 18 6 7 
19 4 13 5 2 3 1 9 18 6 7 
20 4 13 5 2 3 1 9 18 20 6 7 
21 4 13 5 2 3 1 9 18 20 6 7 
22 4 13 5 2 3 1 9 18 20 6 7 
23 4 5 2 3 23 1 6 7 
24 4 5 2 3 23 1 6 7 
25 4 5 25 2 3 23 1 6 7 
26 4 5 25 2 3 23 1 6 7 
27 4 5 25 2 3 23 1 6 27 7 
28 4 5 25 2 3 23 1 6 27 7 
29 4 5 25 2 3 23 1 6 27 7 
30 4 5 25 2 3 23 1 6 7 30 
31 4 5 25 2 3 23 1 6 7 30 
32 4 5 25 2 3 23 1 32 6 7 30 
33 4 5 25 2 3 23 1 32 6 7 30 
34 4 5 25 2 3 23 1 34 6 7 30 
35 4 5 25 2 3 23 1 34 6 7 30 
36 4 5 25 36 2 3 23 1 34 6 7 30 
37 4 5 25 36 2 3 23 1 34 6 7 30 
38 4 5 25 36 2 3 23 1 34 6 7 30 
39 4 5 2 3 23 1 6 39 7 
40 4 5 2 3 23 1 6 39 7 
41 4 5 2 3 41 23 1 6 39 7 
42 4 5 2 3 41 23 1 6 39 7 
43 4 5 2 3 41 43 23 1 6 39 7 
44 4 5 2 3 41 43 23 1 6 39 7 
45 4 5 2 3 41 43 23 1 6 39 7 
46 4 5 2 3 41 23 1 46 6 39 7 
47 4 5 2 3 41 23 1 46 6 39 7 
48 4 5 48 2 3 41 23 1 46 6 39 7 
49 4 5 48 2 3 41 23 1 46 6 39 7 
50 50 4 5 2 3 41 23 1 46 6 39 7 
51 50 4 5 2 3 41 23 1 46 6 39 7 
52 5 2 46 50 4 52 3 41 23 1 6 39 7 
53 5 2 46 50 4 52 3 41 23 1 6 39 7 
54 54 13 5 2 34 18 46 50 4 25 3 41 23 1 9 6 39 7 30 
55 54 13 5 2 34 18 46 50 4 25 3 41 23 1 9 6 39 7 30 
56 54 13 5 2 34 18 46 50 4 25 3 41 23 1 9 6 39 7 30 
