1 1 
2 2 1 
3 2 1 
4 2 1 
5 2 5 1 
6 2 5 1 
7 2 5 1 
8 2 8 5 1 
9 2 8 9 5 1 
10 10 2 8 9 5 1 
11 10 2 8 9 5 11 1 
12 10 2 8 9 5 11 1 
13 10 2 8 9 5 11 1 
14 10 2 14 8 9 5 11 1 
15 15 10 2 14 8 9 5 11 1 
16 15 10 2 14 8 9 5 11 1 16 
17 15 10 2 14 8 9 5 11 1 16 
18 15 10 2 14 8 9 5 11 1 16 
19 15 10 19 2 14 8 9 5 11 1 16 
20 15 10 19 2 14 20 8 9 5 11 1 16 
21 15 19 2 14 20 9 21 10 8 5 11 1 16 
22 15 19 2 14 20 9 21 10 8 5 11 1 16 
23 15 19 2 14 20 9 21 10 8 5 11 1 16 
24 15 19 2 14 20 9 24 21 10 8 5 11 1 16 
25 15 19 2 14 20 9 24 21 10 8 5 11 25 1 16 
26 15 19 26 2 14 20 9 24 21 10 8 5 11 25 1 16 
27 15 19 26 2 14 20 9 24 21 10 8 5 11 25 1 16 
28 15 19 26 2 14 20 9 24 21 10 8 5 11 25 1 16 
29 15 19 26 2 14 20 9 24 21 10 8 5 11 25 1 16 
