1 1 
2 1 2 
3 1 2 
4 1 2 
5 1 5 2 
6 6 1 5 2 
7 6 1 7 5 2 
8 6 1 7 5 2 8 
9 9 6 1 7 5 2 8 
10 10 9 6 1 7 5 2 8 
11 10 9 6 1 7 5 2 8 11 
12 10 9 6 1 7 5 2 8 11 
13 10 9 6 1 7 5 2 8 11 13 
14 10 14 9 6 1 7 5 2 8 11 13 
15 10 17 9 6 20 2 18 8 11 14 15 1 7 5 19 21 13 
16 10 17 9 6 20 2 18 8 11 14 15 1 7 5 19 21 13 
17 10 17 9 6 20 2 18 8 11 14 15 1 7 5 19 21 13 
18 10 17 9 6 20 2 18 8 11 14 15 1 7 5 19 21 13 
19 10 17 9 6 20 2 18 8 11 14 15 1 7 5 19 21 13 
20 10 17 9 6 20 2 18 8 11 14 15 1 7 5 19 21 13 
21 10 17 9 6 20 2 18 8 11 14 15 1 7 5 19 21 
22 10 17 9 6 20 2 18 8 11 14 15 1 7 5 19 21 
23 10 17 9 6 20 2 18 8 11 14 15 1 7 5 19 21 
24 10 17 9 6 20 2 18 8 11 14 15 1 7 5 19 21 
25 10 17 9 6 20 2 18 8 11 14 15 1 7 5 19 21 13 
26 10 9 6 1 7 5 2 26 8 11 
27 10 9 6 1 7 5 2 26 8 11 
28 10 9 6 1 7 5 2 26 8 11 
29 10 9 6 1 7 5 2 26 8 11 
30 10 9 6 1 7 5 2 26 8 11 
31 10 9 6 1 7 5 2 26 8 11 
32 10 17 9 6 20 2 18 8 11 14 15 1 7 5 19 21 26 13 
