1 1 
2 2 1 
3 3 2 1 
4 3 2 1 4 
5 3 2 1 5 4 
6 6 3 2 1 5 4 
7 6 3 2 7 1 5 4 
8 6 3 2 7 1 5 4 8 
9 6 3 2 7 1 5 4 8 
10 6 3 2 7 10 1 5 4 8 
11 6 3 2 7 10 1 5 4 8 
12 6 3 12 2 7 10 1 5 4 8 
13 6 3 12 2 7 10 1 5 4 8 
14 6 3 12 2 7 10 1 5 4 8 
15 6 15 3 12 2 7 10 1 5 4 8 
16 6 15 3 12 2 7 10 16 1 5 4 8 
17 6 15 3 12 2 7 10 16 1 5 4 8 
18 6 15 3 12 2 7 10 16 1 5 4 8 
19 6 15 3 12 2 7 10 16 1 5 4 8 
20 20 3 2 7 10 16 6 15 12 1 5 4 8 
21 20 3 2 7 10 16 6 15 12 1 5 4 8 
22 20 3 2 7 10 16 6 15 12 1 5 4 8 
23 20 3 2 7 10 16 23 6 15 12 1 5 4 8 
24 20 3 2 7 10 16 23 6 15 12 1 5 4 8 
25 20 25 3 2 7 10 16 23 6 15 12 1 5 4 8 
26 20 25 3 2 7 10 16 23 6 15 12 1 5 4 8 
27 20 25 3 27 2 7 10 16 23 6 15 12 1 5 4 8 
28 20 25 3 27 2 7 10 16 23 28 6 15 12 1 5 4 8 
29 20 25 3 27 2 7 10 16 23 28 6 15 12 1 5 4 8 
30 20 25 3 27 2 7 10 16 23 28 6 15 12 1 30 5 4 8 
31 20 25 3 27 2 7 10 16 23 28 6 15 12 1 30 5 4 8 
32 20 25 3 27 2 7 10 16 23 28 6 15 12 1 30 5 4 8 
