1 1 
2 2 1 
3 2 1 3 
4 2 4 1 3 
5 2 4 1 3 5 
6 2 4 1 6 3 5 
7 13 4 7 1 9 3 11 14 5 2 10 6 12 
8 13 4 7 1 9 3 11 14 5 2 10 6 12 
9 13 4 7 1 9 3 11 14 5 2 10 6 12 
10 13 4 7 1 9 3 11 14 5 2 10 6 12 
11 13 4 7 1 9 3 14 11 5 2 10 6 12 
12 13 10 4 7 1 9 6 12 3 11 14 5 
13 10 13 4 7 1 9 6 12 3 11 14 5 
14 10 13 4 7 1 9 6 12 11 14 5 
15 10 13 4 7 1 9 6 12 11 14 5 
16 13 4 7 1 9 3 11 14 5 2 10 16 6 12 
17 13 4 7 1 9 3 11 14 5 17 2 10 16 6 12 
18 13 4 7 18 1 9 3 11 14 5 17 2 10 16 6 12 
19 13 4 7 18 1 9 3 11 14 5 17 2 10 16 6 12 19 
20 13 20 4 7 18 1 9 3 11 14 5 17 2 10 16 6 12 19 
21 13 20 4 7 18 1 9 3 11 14 5 17 2 10 16 6 12 21 19 
22 22 13 20 4 7 18 1 9 3 11 14 5 17 2 10 16 6 21 12 19 
23 22 13 20 4 7 18 1 9 3 11 14 5 17 2 10 16 6 21 12 19 
24 22 13 20 4 7 18 1 9 3 11 14 5 17 2 10 16 6 21 12 19 
25 22 13 20 4 7 18 1 9 3 11 14 5 17 2 10 16 6 21 12 19 
