1 1 
2 1 2 
3 1 2 
4 1 2 4 
5 1 2 4 
6 1 2 4 6 
7 1 2 4 6 
8 1 2 4 8 6 
9 1 2 4 8 6 
10 10 1 2 4 8 6 
11 10 1 2 4 8 6 
12 10 1 12 2 4 8 6 
13 10 1 12 2 4 8 6 
14 10 1 12 2 4 8 14 6 
15 10 1 12 2 4 8 14 6 
16 16 10 1 12 2 4 8 14 6 
17 16 10 1 12 2 4 8 14 6 
18 16 10 1 12 18 2 4 8 14 6 
19 16 10 1 12 18 2 4 8 14 6 
20 16 10 1 12 18 2 4 8 20 14 6 
21 16 10 1 12 18 2 4 8 20 14 6 
22 16 10 22 1 12 18 2 4 8 20 14 6 
23 16 10 22 1 12 18 2 4 8 20 14 6 
24 16 10 12 24 4 20 14 22 1 18 2 8 6 
25 16 10 12 24 4 20 14 22 1 18 2 8 6 
26 16 10 26 12 24 4 20 14 22 1 18 2 8 6 
27 16 10 26 12 24 4 20 14 22 1 18 2 8 6 
28 16 10 26 12 24 4 20 14 22 1 18 2 8 6 
