1 1 
2 2 1 
3 2 1 3 
4 2 1 4 3 
5 2 1 4 3 
6 2 1 4 6 3 
7 2 7 1 4 6 3 
8 2 7 1 4 6 3 
9 9 2 7 1 4 6 3 
10 9 2 7 1 4 6 3 10 
11 9 2 7 1 4 6 3 11 10 
12 9 2 7 1 4 12 6 3 11 10 
13 9 2 7 1 4 12 6 13 3 11 10 
14 9 2 7 1 4 12 6 13 3 11 10 14 
15 2 7 12 9 1 4 15 6 13 3 11 10 14 
16 2 7 12 16 9 1 4 15 6 13 3 11 10 14 
17 2 7 12 16 9 1 4 15 17 6 13 3 11 10 14 
18 2 7 12 16 9 1 4 15 17 6 13 18 3 11 10 14 
19 2 7 12 16 9 1 4 15 17 19 6 13 18 3 11 10 14 
20 2 7 12 20 16 9 1 4 15 17 19 6 13 18 3 11 10 14 
21 21 2 7 12 20 16 9 1 4 15 17 19 6 13 18 3 11 10 14 
22 21 2 7 12 22 20 16 9 1 4 15 17 19 6 13 18 3 11 10 14 
23 21 2 7 12 22 20 23 16 9 1 4 15 17 19 6 13 18 3 11 10 14 
24 21 2 7 12 24 22 20 23 16 9 1 4 15 17 19 6 13 18 3 11 10 14 
25 21 2 7 12 24 22 20 23 25 16 9 1 4 15 17 19 6 13 18 3 11 10 14 
26 21 2 7 12 24 22 20 23 25 16 9 1 4 15 17 19 6 13 18 3 11 10 14 26 
27 21 2 7 12 24 22 20 23 25 16 9 1 4 15 17 19 6 13 18 3 11 10 14 26 
28 21 28 2 7 12 24 22 20 23 25 16 9 1 4 15 17 19 6 13 18 11 10 14 26 
29 22 23 25 16 9 15 17 6 18 3 26 21 28 2 7 12 24 20 1 4 19 13 11 10 14 
