1 1 
2 1 2 
3 1 2 
4 1 2 
5 1 5 2 
6 1 5 2 
7 1 5 2 
8 8 1 5 2 
9 8 1 5 2 9 
10 8 1 5 10 2 9 
11 8 1 5 10 11 2 9 
12 8 1 5 10 11 2 9 
13 8 1 5 10 11 2 9 
14 14 8 1 5 10 11 2 9 
15 14 8 1 5 10 11 2 9 15 
16 14 8 1 5 10 11 2 9 15 
17 14 8 1 5 10 11 2 9 15 
18 14 8 1 5 10 11 2 9 15 18 
19 14 8 1 5 10 11 2 19 9 15 18 
20 14 8 1 5 10 11 2 19 9 15 18 
21 14 8 1 5 10 11 2 19 9 15 18 
22 14 8 1 5 10 11 2 19 9 15 18 22 
23 14 8 5 11 2 9 15 18 22 23 1 10 19 
24 14 8 5 11 2 9 15 18 22 23 1 10 19 
25 14 8 5 11 2 9 15 18 22 23 1 10 19 
26 14 8 5 11 2 26 9 15 18 22 23 1 10 19 
27 14 8 5 11 2 26 9 15 18 22 23 1 27 10 19 
28 14 8 5 11 2 26 9 15 18 22 23 1 27 10 19 
29 14 8 5 11 2 26 9 15 18 22 23 1 27 10 19 
30 14 8 5 11 2 26 9 15 18 22 23 1 27 10 19 30 
31 14 8 5 31 11 2 26 9 15 18 22 23 1 27 10 19 30 
32 14 8 5 31 11 32 2 26 9 15 18 22 23 1 27 10 19 30 
33 14 8 5 31 11 32 2 26 9 15 18 22 23 1 27 10 19 30 
34 14 8 5 31 11 32 2 26 9 15 18 22 23 1 27 10 19 30 
35 14 8 5 31 11 32 2 26 9 15 18 22 23 35 1 27 10 19 30 
36 14 8 5 31 11 32 2 26 9 15 18 22 23 35 1 27 10 36 19 30 
37 14 8 5 31 37 11 32 2 26 9 15 18 22 23 35 1 27 10 36 19 30 
38 14 8 5 31 37 11 32 2 26 9 15 18 22 23 35 1 27 10 36 19 30 
39 14 8 5 31 37 11 32 2 26 9 15 18 22 23 35 1 27 10 36 19 30 
40 14 8 5 31 37 11 32 2 26 9 15 18 22 23 35 1 27 10 36 19 30 40 
41 14 8 5 31 37 11 32 2 26 9 15 18 22 23 35 1 27 10 36 19 30 40 
