1 1 
2 2 1 
3 2 1 3 
4 2 4 1 3 
5 2 4 5 1 3 
6 2 4 5 1 3 
7 2 4 5 1 3 
8 2 4 5 1 8 3 
9 2 4 5 1 8 3 
10 2 4 10 5 1 8 3 
11 2 4 10 5 1 8 11 3 
12 2 4 10 5 1 8 12 11 3 
13 2 4 10 5 1 8 12 13 11 3 
14 2 4 10 5 1 8 12 13 11 3 
15 2 4 10 15 5 1 8 12 13 11 3 
16 2 4 10 15 5 1 8 12 13 11 3 
17 2 4 10 15 5 1 17 8 12 11 3 
18 2 4 10 15 18 5 1 17 8 12 11 3 
19 2 4 19 10 15 18 1 8 12 5 17 11 3 
20 2 4 19 10 15 18 1 8 12 5 17 11 3 
21 2 4 19 10 15 18 1 8 12 5 17 13 11 3 
22 2 4 19 10 15 18 1 8 12 5 17 13 11 3 
23 2 4 23 5 1 8 3 
24 2 4 23 5 1 8 3 
25 2 4 25 23 5 1 8 3 
26 2 4 25 23 5 1 8 3 26 
27 2 4 25 23 27 5 1 8 3 26 
28 2 28 4 25 23 27 5 1 8 3 26 
29 2 28 4 25 23 27 5 1 8 3 26 
30 2 28 4 25 23 27 5 1 30 8 3 26 
31 2 28 4 25 23 27 5 1 30 8 3 26 
32 2 4 25 23 27 5 1 32 30 8 3 26 
33 2 4 33 1 32 30 8 25 23 27 5 3 26 
34 2 4 33 1 32 30 8 25 23 27 5 34 3 26 
35 2 4 33 1 32 30 8 25 23 27 5 34 3 26 
36 2 28 4 33 1 32 30 8 25 23 27 5 34 3 26 
37 2 28 4 19 10 15 18 33 1 32 30 8 12 25 23 27 5 17 34 13 11 3 26 
38 2 28 4 19 10 15 18 33 1 32 30 8 12 25 23 27 5 17 34 13 11 3 26 
39 2 28 4 19 10 15 18 33 1 32 30 8 12 25 23 27 5 17 34 13 11 3 26 
40 2 28 4 19 10 15 18 33 1 32 30 8 12 25 23 27 5 17 34 13 11 3 26 
