1 1 
2 1 2 
3 3 1 2 
4 3 1 4 2 
5 3 5 1 4 2 
6 6 3 5 1 4 2 
7 3 5 16 14 12 4 11 9 10 6 7 13 1 15 2 
8 3 5 16 14 12 4 11 9 10 6 7 13 1 15 2 
9 3 5 16 14 12 4 11 10 9 6 7 13 1 15 2 
10 3 5 16 14 12 4 11 9 10 6 7 13 1 15 2 
11 3 5 16 14 12 4 11 9 10 6 7 13 1 15 2 
12 3 5 16 14 12 4 11 9 10 6 7 13 1 15 2 
13 3 5 16 14 12 4 11 9 10 6 7 13 1 15 2 
14 3 5 16 14 12 4 11 9 10 6 7 13 1 15 2 
15 3 5 16 14 12 4 11 9 10 6 7 13 1 15 2 
16 3 16 14 12 4 11 9 10 6 7 13 1 15 2 
17 3 16 14 12 4 11 9 10 6 7 13 1 15 2 
18 3 5 16 14 12 4 11 9 10 6 7 13 1 15 2 
