1 1 
2 1 2 
3 1 2 
4 1 2 
5 1 2 5 
6 1 2 5 
7 1 2 5 
8 1 2 5 8 
9 1 9 2 5 8 
10 10 1 9 2 5 8 
11 10 1 9 2 11 5 8 
12 10 1 9 2 11 5 8 
13 10 1 9 2 11 5 8 
14 10 14 1 9 2 11 5 8 
15 10 14 1 9 2 11 15 5 8 
16 10 14 1 9 2 11 15 16 5 8 
17 10 14 1 9 2 11 15 16 5 8 
18 10 14 1 9 2 11 15 16 5 8 
19 10 14 19 1 9 2 11 15 16 5 8 
20 20 10 14 19 1 9 2 11 15 16 5 8 
21 20 10 21 14 9 15 16 8 19 1 2 11 5 
22 20 10 21 14 9 15 16 8 19 1 2 11 5 
23 20 10 21 14 9 15 16 8 19 1 2 11 5 
24 20 10 21 14 9 15 16 8 19 1 2 11 5 24 
25 20 10 21 14 9 15 16 8 25 19 1 2 11 5 24 
26 20 10 21 14 9 15 16 8 26 25 19 1 2 11 5 24 
27 20 10 21 14 9 15 16 8 26 25 19 1 2 11 5 24 
28 20 10 21 14 9 15 16 8 26 25 19 1 2 11 5 24 
29 20 10 21 14 9 15 16 29 8 26 25 19 1 2 11 5 24 
30 20 10 21 14 30 9 15 16 29 8 26 25 19 1 2 11 5 24 
31 20 10 21 14 30 9 31 15 16 29 8 26 25 19 1 2 11 5 24 
32 20 10 21 14 30 9 31 15 16 29 8 26 25 19 1 2 11 5 24 
33 20 10 21 14 30 9 31 15 16 29 8 26 25 19 1 2 11 5 24 
34 20 10 21 14 30 9 31 15 16 29 8 26 25 19 1 2 11 5 24 
