1 1 
2 2 1 
3 2 1 3 
4 2 4 1 3 
5 2 4 1 3 5 
6 2 6 4 1 3 5 
7 2 6 4 7 1 3 5 
8 2 6 4 7 1 3 5 8 
9 2 6 4 7 1 3 5 8 
10 2 6 4 7 1 10 3 5 8 
11 2 6 4 7 1 10 3 5 8 
12 2 6 4 12 1 10 3 5 8 
13 2 6 4 12 1 10 3 5 8 
14 2 6 4 7 1 10 3 5 8 14 
15 2 6 4 7 1 10 3 5 8 14 
16 2 6 4 16 7 1 10 3 5 8 14 
17 2 6 4 16 7 1 10 3 5 8 14 
18 2 6 4 16 7 1 10 3 5 8 14 
19 2 6 19 4 7 1 10 3 5 8 14 
20 2 6 19 4 7 1 10 3 5 8 14 
21 2 6 19 21 4 7 1 10 3 5 8 14 
22 2 6 19 21 4 7 1 10 3 5 8 14 
23 2 6 19 21 4 7 1 10 3 5 8 14 
24 2 6 4 7 1 24 3 5 8 
25 2 6 4 7 1 24 3 5 8 
26 2 6 4 7 1 24 3 5 8 26 
27 2 6 4 7 1 24 3 5 8 26 
28 2 6 4 7 28 1 24 3 5 8 26 
29 2 6 4 7 28 1 24 3 5 8 26 
30 2 6 4 7 28 1 24 3 5 8 26 
31 2 6 4 7 31 1 24 3 5 8 26 
32 2 6 4 7 31 1 24 3 5 8 26 
33 2 6 4 7 31 1 24 3 5 8 33 26 
34 2 6 4 7 31 1 24 3 5 8 33 26 
35 2 6 4 7 31 1 24 3 5 8 33 26 
36 2 6 4 7 31 36 1 24 3 5 8 26 
37 2 6 4 7 31 36 1 24 3 5 8 26 
38 2 4 36 1 24 8 38 6 7 31 3 5 26 
39 2 4 36 1 24 8 38 6 7 31 3 5 26 
40 2 4 36 1 24 8 38 6 7 31 3 5 26 
41 2 6 4 41 7 1 24 3 5 8 
42 2 6 4 41 7 1 24 3 5 8 
43 2 6 43 4 41 7 1 24 3 5 8 
44 2 6 43 4 41 7 1 24 3 5 8 
45 2 6 43 45 4 41 7 1 24 3 5 8 
46 2 6 43 45 4 41 7 1 24 3 5 8 
47 2 6 43 45 4 41 7 1 24 3 5 8 
48 2 6 43 48 4 41 7 1 24 3 5 8 
49 2 6 43 48 4 41 7 1 24 3 5 8 
50 2 43 48 4 41 1 24 8 50 6 7 3 5 
51 2 43 48 4 41 1 24 8 50 6 7 3 5 
52 2 43 48 4 41 1 24 8 50 6 7 3 5 
53 2 43 48 4 41 1 24 8 6 7 53 3 5 
54 2 43 48 4 41 1 24 8 6 7 53 3 5 
55 2 43 48 4 41 1 24 8 55 6 7 53 3 5 
56 2 43 48 4 41 1 24 8 55 6 7 56 53 3 5 
57 2 43 48 4 41 1 24 8 55 6 7 56 53 3 5 57 
58 2 43 48 4 41 1 24 8 55 6 7 56 53 3 5 57 
59 2 43 48 4 41 59 1 24 8 55 6 56 53 3 5 57 
60 2 48 4 41 36 59 1 24 60 7 56 3 5 43 19 12 10 8 55 6 31 53 14 57 26 
61 2 48 4 41 36 59 1 24 60 7 56 3 5 43 19 12 10 8 55 6 31 53 14 57 26 
62 2 48 4 41 36 59 1 24 60 7 56 3 5 43 19 12 10 8 55 6 31 53 14 57 26 
63 2 48 4 41 36 59 1 24 63 60 7 56 3 5 43 19 12 10 8 55 6 31 53 14 57 26 
64 2 48 4 41 36 59 1 24 63 60 7 56 3 5 43 19 12 10 8 55 6 31 53 14 57 26 
65 2 48 4 41 36 59 1 24 63 60 7 56 3 5 43 19 12 10 8 55 6 31 53 14 57 26 
66 2 48 4 41 36 59 1 24 60 7 56 3 5 43 66 19 12 10 8 55 6 31 53 14 57 26 
67 2 48 4 41 36 59 1 24 60 67 7 56 3 5 43 66 19 12 10 8 55 6 31 53 14 57 26 
68 2 68 48 4 41 36 59 1 24 60 67 7 56 3 5 43 66 19 12 10 8 55 6 31 53 14 57 26 
69 2 68 48 4 41 36 59 1 69 24 60 67 7 56 3 5 43 66 19 12 10 8 55 6 31 53 14 57 26 
70 2 68 48 4 41 36 59 1 69 24 60 67 7 56 3 5 43 66 19 12 10 8 55 6 31 53 70 14 57 26 
71 2 68 48 4 41 36 59 1 69 24 60 67 7 56 3 5 43 66 19 12 10 8 55 6 31 53 70 14 57 26 
72 2 68 48 4 41 36 59 1 69 24 60 67 7 56 3 5 43 66 19 12 10 8 55 6 31 53 70 14 57 26 
