1 1 
2 1 2 
3 1 3 2 
4 1 3 4 2 
5 1 5 3 4 2 
6 1 5 3 4 6 2 
7 1 5 3 4 6 2 
8 1 5 3 4 6 8 2 
9 1 5 3 4 9 6 8 2 
10 1 5 3 4 9 6 8 2 
11 1 5 3 4 9 6 8 2 
12 1 5 3 4 9 6 8 2 
13 1 5 3 4 9 13 6 8 2 
14 1 5 14 3 4 9 13 6 8 2 
15 1 5 14 3 4 9 13 15 6 8 2 
16 1 5 14 3 4 9 13 15 6 8 2 16 
17 1 5 14 3 4 9 13 15 6 8 2 16 
18 1 5 4 9 6 2 16 14 3 13 15 8 18 
19 1 5 4 9 6 2 19 16 14 3 13 15 8 18 
20 1 5 4 9 6 2 19 16 14 3 13 15 8 18 
21 1 5 21 4 9 6 2 19 16 14 3 13 15 8 18 
22 1 5 21 4 9 22 6 2 19 16 14 3 13 15 8 18 
23 1 5 21 4 9 22 6 2 19 16 14 3 13 15 8 18 
24 1 5 21 4 9 22 6 2 19 16 14 3 13 15 8 18 
25 1 5 21 4 9 22 6 2 19 16 14 3 13 15 8 18 
26 1 5 21 4 9 22 6 2 19 16 14 3 13 15 26 8 18 
27 1 5 21 4 9 22 6 2 19 16 27 14 3 13 15 26 8 18 
28 1 5 21 4 9 22 6 2 19 16 27 28 14 3 13 15 26 8 18 
29 1 5 21 4 9 22 6 2 19 16 27 28 14 3 13 15 29 26 8 18 
30 1 5 21 4 9 22 6 2 19 16 27 28 14 3 13 15 29 26 8 18 
31 1 5 21 4 9 22 6 2 19 16 27 28 14 3 13 15 29 26 8 18 
