1 1 
2 1 2 
3 3 1 2 
4 4 3 1 2 
5 4 3 5 1 2 
6 4 3 5 6 1 2 
7 4 3 5 6 1 2 
8 4 3 5 6 1 2 8 
9 4 3 5 6 1 2 8 
10 4 10 3 5 6 1 2 8 
11 4 10 3 11 5 6 1 2 8 
12 4 11 25 5 2 18 15 17 36 32 6 1 29 3 27 35 8 21 28 10 22 38 13 20 34 24 31 
13 4 11 25 5 2 18 15 17 32 6 1 29 3 27 35 8 21 28 10 22 38 13 20 34 24 31 
14 4 11 25 5 2 18 15 17 36 32 6 1 29 3 27 35 8 21 28 10 22 38 13 20 34 24 31 
15 4 11 25 5 2 18 15 17 36 32 6 1 29 3 27 35 8 21 28 10 22 38 13 20 34 24 31 
16 4 11 25 5 2 18 15 17 36 32 6 1 29 3 27 35 8 21 28 10 22 38 13 20 34 24 31 
17 4 11 25 5 2 18 15 17 36 32 6 1 29 3 27 35 8 21 28 10 22 38 13 20 34 24 31 
18 4 11 25 5 2 18 15 17 36 32 6 1 29 3 27 35 8 21 28 10 22 38 13 20 34 24 31 
19 4 11 25 5 2 18 15 17 36 32 6 1 29 3 27 35 8 21 28 10 22 38 13 20 34 24 31 
20 4 11 25 5 35 2 18 8 15 17 21 28 36 10 22 32 38 6 1 13 20 24 29 31 
21 11 25 5 2 18 8 15 17 21 36 10 22 32 38 6 1 13 20 24 29 31 
22 4 11 25 5 2 18 15 17 36 32 6 1 29 3 27 35 8 21 28 10 22 38 13 20 34 24 31 
23 4 11 25 5 2 18 15 17 36 32 6 1 29 3 27 35 8 21 28 10 22 38 13 20 34 24 31 
24 4 11 25 5 2 18 15 17 36 32 6 1 29 3 27 35 8 21 28 10 22 38 13 20 34 24 31 
25 4 11 25 5 2 18 15 17 36 32 6 1 29 3 27 35 8 21 28 10 22 38 13 20 34 24 31 
26 4 11 25 5 2 18 15 17 36 32 6 1 29 3 27 35 8 21 28 10 22 38 13 20 34 24 31 
27 4 11 25 27 5 35 2 18 8 15 17 21 28 36 10 22 32 38 6 1 13 24 29 31 
28 11 25 27 5 2 18 8 15 17 28 36 10 22 32 38 6 1 13 24 29 31 
29 4 11 25 5 2 18 15 17 36 32 6 1 29 3 27 35 8 21 28 10 22 38 13 20 34 24 31 
30 4 11 25 5 2 18 15 17 36 32 6 1 29 3 27 35 8 21 28 10 22 38 13 20 34 24 31 
31 4 11 25 5 2 18 15 17 36 32 6 1 29 3 27 35 8 21 28 10 22 38 13 20 34 24 31 
32 4 11 25 5 2 18 15 17 36 32 6 1 29 3 27 35 8 21 28 10 22 38 13 20 34 24 31 
33 4 11 25 5 2 18 15 17 36 32 6 1 29 3 27 35 8 21 28 10 22 38 13 20 34 24 31 
34 4 11 25 5 35 2 18 8 15 17 21 28 36 10 22 32 38 6 1 13 34 24 29 31 
35 11 25 5 35 2 18 8 15 17 36 10 22 32 38 6 1 13 34 24 29 31 
36 4 11 25 5 2 18 15 17 36 32 6 1 29 3 27 35 8 21 28 10 22 38 20 34 24 31 
37 4 11 25 5 2 18 15 17 36 32 6 1 29 3 27 35 8 21 28 10 22 38 20 34 24 31 
38 4 25 5 2 18 15 17 36 32 6 1 29 3 27 35 8 21 28 10 22 38 13 20 34 24 31 
39 4 25 5 2 18 15 17 36 32 6 1 29 3 27 35 8 21 28 10 22 38 13 20 34 24 31 
40 4 11 25 5 2 18 15 17 36 32 6 1 29 3 27 35 8 21 28 10 22 38 13 20 34 24 31 
41 4 3 5 41 6 1 2 8 
42 4 52 3 45 5 43 2 51 8 48 54 41 6 47 1 50 
43 4 3 45 5 43 2 51 8 48 54 41 6 47 1 50 
44 4 52 3 45 5 43 2 51 8 48 54 41 6 47 1 50 
45 4 52 3 45 5 43 2 51 8 48 54 41 6 47 1 50 
46 4 52 3 45 5 43 2 51 8 48 54 41 6 47 1 50 
47 4 52 3 45 5 43 2 51 8 48 54 41 6 47 1 50 
48 4 52 3 45 5 43 2 51 8 48 54 41 6 47 1 50 
49 4 52 3 45 5 43 2 51 8 48 54 41 6 47 1 50 
50 4 52 45 5 43 2 51 8 48 54 41 6 47 1 50 
51 52 45 5 43 2 51 8 48 54 41 6 47 1 50 
52 4 52 3 45 5 2 51 8 48 54 41 6 47 1 50 
53 4 52 3 45 5 2 51 8 48 54 41 6 47 1 50 
54 4 52 3 45 5 43 2 51 8 48 54 6 47 1 50 
55 4 52 3 45 5 43 2 51 8 48 54 6 47 1 50 
56 4 52 11 25 45 5 2 18 51 48 15 17 36 32 41 6 47 1 29 56 3 27 43 35 8 54 21 28 10 22 38 13 20 34 24 31 50 
57 4 52 11 25 45 5 2 18 51 48 15 17 36 32 41 6 47 1 29 56 3 27 43 35 8 54 21 28 10 22 38 13 20 34 24 31 50 
58 4 52 11 25 45 5 2 18 51 48 15 17 36 32 41 6 47 1 29 56 3 27 43 35 8 54 21 28 10 22 38 13 20 34 24 31 50 
59 4 52 11 25 45 5 2 18 51 48 15 17 36 59 32 41 6 47 1 29 56 3 27 43 35 8 54 21 28 10 22 38 13 20 34 24 31 50 
60 4 52 11 25 45 5 2 18 51 48 15 17 36 59 32 41 6 47 1 29 56 3 27 43 35 8 54 21 28 10 22 38 13 20 34 24 31 50 
61 4 52 11 25 45 5 2 18 51 48 15 17 36 59 32 41 6 47 1 29 56 3 27 43 35 8 54 21 28 10 22 38 13 20 34 24 31 50 
