1 1 
2 1 2 
3 1 2 
4 1 2 
5 1 2 5 
6 1 2 6 5 
7 1 2 6 5 
8 1 2 6 5 8 
9 1 2 6 5 8 
10 1 2 6 5 8 
11 1 2 6 11 5 
12 1 2 12 6 11 5 
13 1 2 12 6 11 13 5 
14 1 14 2 12 6 11 13 5 
15 1 14 2 12 6 11 13 15 5 
16 1 14 2 12 6 11 16 13 15 5 
17 1 17 14 2 12 6 11 16 13 15 5 
18 31 37 17 19 30 12 6 23 16 22 32 35 1 36 20 2 29 5 14 33 34 27 24 13 28 25 11 15 
19 31 37 17 19 30 12 6 16 22 32 35 1 36 20 2 29 5 14 33 34 27 24 13 28 25 11 15 
20 31 37 17 19 30 12 6 16 22 32 35 1 36 20 2 29 5 14 33 34 27 24 13 28 25 11 15 
21 31 37 17 19 30 12 6 16 22 32 35 1 36 20 2 29 5 14 33 34 27 24 13 28 25 11 15 
22 31 37 17 19 30 12 6 16 22 32 35 1 36 20 2 29 5 14 33 34 27 24 13 28 25 11 15 
23 31 37 17 30 12 6 23 16 22 32 35 1 36 20 2 29 5 14 33 34 27 24 13 28 25 11 15 
24 31 37 17 19 30 12 6 23 16 22 32 35 1 36 20 2 29 5 14 33 34 27 24 13 25 11 15 
25 31 37 17 19 30 12 6 23 16 22 32 35 1 36 20 2 29 5 14 33 34 27 24 13 25 11 15 
26 31 37 17 19 30 12 6 23 16 22 32 35 1 36 20 2 29 5 14 33 34 27 24 13 25 11 15 
27 31 37 17 19 30 12 6 23 16 22 32 35 1 36 20 2 29 5 14 33 34 27 24 13 25 11 15 
28 31 37 17 19 30 12 6 23 16 22 32 35 1 36 20 2 29 5 14 33 34 27 13 28 25 11 15 
29 31 37 17 19 30 6 23 16 22 32 35 1 36 20 2 29 5 14 33 34 27 24 13 28 25 11 15 
30 31 37 17 19 30 6 23 16 22 32 35 1 36 20 2 29 5 14 33 34 27 24 28 25 11 15 
31 37 31 17 19 30 6 23 16 22 32 35 1 36 20 2 29 5 14 33 34 27 24 28 25 11 15 
32 31 37 17 19 30 6 23 22 32 35 1 36 20 2 29 5 14 33 34 27 24 28 25 11 15 
33 31 37 17 19 30 6 23 22 32 35 1 36 20 2 29 5 14 33 34 27 24 28 25 11 15 
34 31 37 17 33 19 34 30 27 6 23 24 22 32 28 35 1 25 36 20 2 11 29 15 5 
35 31 37 17 33 19 34 30 27 6 23 24 22 28 32 35 1 25 36 20 2 11 29 15 5 
36 31 37 17 33 19 34 30 27 6 23 24 22 28 32 35 1 25 36 20 2 11 29 5 
37 31 37 33 19 34 30 27 6 23 24 22 28 32 35 1 25 36 20 2 11 29 5 
38 31 37 33 19 34 30 27 6 23 24 22 28 32 35 1 25 36 20 2 11 29 5 
39 31 37 17 19 30 12 6 23 16 22 32 35 1 36 20 2 29 5 39 14 33 34 27 24 13 28 25 11 15 
40 31 37 17 19 30 12 6 23 16 22 32 40 35 1 36 20 2 29 5 39 14 33 34 27 24 13 28 25 11 15 
41 31 37 17 19 30 12 6 23 16 22 32 40 35 1 36 20 2 29 41 5 39 14 33 34 27 24 13 28 25 11 15 
42 31 37 17 19 30 12 6 23 16 22 32 40 35 1 36 20 42 2 29 41 5 39 14 33 34 27 24 13 28 25 11 15 
43 31 37 17 19 30 12 6 23 16 22 32 40 35 1 36 43 42 20 2 29 41 5 39 14 33 34 27 24 13 28 25 11 15 
44 31 37 17 19 30 12 6 23 16 22 44 32 40 35 1 43 36 42 20 2 29 41 5 39 14 33 34 27 24 13 28 25 11 15 
45 31 37 17 19 30 12 6 23 16 44 22 32 40 35 1 43 36 45 42 20 2 29 41 5 39 14 33 34 27 24 13 28 25 11 15 
46 31 37 17 19 46 30 12 6 23 16 44 22 32 40 35 1 43 45 36 42 20 2 29 41 5 39 14 33 34 27 24 13 28 25 11 15 
47 31 37 17 19 46 30 12 6 23 16 44 22 32 40 35 1 43 45 36 42 20 2 29 41 5 47 39 14 33 34 27 24 13 28 25 11 15 
48 31 37 17 19 46 30 12 6 23 16 44 22 32 40 35 1 43 45 36 42 20 2 29 41 5 47 39 14 33 34 48 27 24 13 28 25 11 15 
49 31 37 17 19 46 30 12 6 23 16 44 22 32 40 35 1 43 45 36 42 20 2 49 29 41 5 47 39 14 33 34 48 27 24 13 28 25 11 15 
50 31 37 17 19 46 30 12 6 23 16 44 22 32 40 35 1 50 43 45 36 42 20 2 49 29 41 5 47 39 14 33 34 48 27 24 13 28 25 11 15 
51 31 37 17 19 46 30 12 6 23 16 44 22 32 40 35 1 50 51 43 45 36 42 20 2 49 29 41 5 47 39 14 33 34 48 27 24 13 28 25 11 15 
52 31 37 17 19 46 30 12 6 23 16 44 22 32 40 35 1 50 51 43 45 36 42 20 52 2 49 29 41 5 47 39 14 33 34 48 27 24 13 28 25 11 15 
53 31 37 17 19 46 30 12 6 23 16 44 22 32 40 35 1 50 51 43 45 36 42 20 52 2 49 29 41 5 47 39 14 33 34 48 27 24 13 28 53 25 11 15 
54 31 37 17 19 46 30 12 6 23 16 44 22 32 40 35 1 50 51 43 45 36 42 20 52 2 49 29 41 5 47 39 14 33 34 48 27 24 13 53 28 25 11 15 
