1 1 
2 2 1 
3 2 3 1 
4 2 3 1 
5 2 3 1 
6 2 3 1 6 
7 2 3 1 6 
8 2 3 1 6 8 
9 2 3 1 6 8 
10 2 3 1 6 8 
11 2 3 1 6 11 
12 2 3 1 6 11 
13 2 3 1 13 6 11 
14 2 3 1 13 6 11 
15 2 3 1 13 6 11 
16 2 3 1 16 6 11 
17 17 2 3 1 16 6 11 
18 17 2 3 1 16 6 11 
19 17 19 2 3 1 16 6 11 
20 17 19 2 3 1 16 6 11 
21 17 19 2 3 1 16 6 11 
22 17 2 3 1 16 6 11 22 
23 17 2 3 1 23 16 6 11 22 
24 2 26 24 16 29 6 22 17 3 1 27 28 23 11 
25 2 26 24 16 29 6 22 17 3 1 27 28 23 11 
26 2 26 24 16 29 6 22 17 3 1 27 28 23 11 
27 2 26 24 16 29 6 22 17 3 1 28 27 23 11 
28 2 26 24 16 29 6 17 3 1 27 28 23 11 
29 17 2 3 26 1 27 28 24 16 29 6 11 
30 17 2 3 26 1 27 28 24 16 29 6 11 
31 2 26 24 16 29 31 6 22 17 3 1 27 28 23 11 
32 2 26 24 16 29 31 6 22 17 3 1 27 28 23 11 
33 2 26 24 16 29 31 33 6 22 17 3 1 27 28 23 11 
34 2 26 24 16 29 31 33 6 22 17 3 1 27 28 23 11 
35 2 26 24 16 29 31 33 6 22 17 3 1 27 28 23 11 
36 2 26 24 16 29 31 36 6 22 17 3 1 27 28 23 11 
37 2 26 24 16 29 31 36 6 22 17 3 1 27 28 23 11 
38 2 26 24 16 31 36 6 22 17 38 3 1 27 28 11 
39 2 26 24 16 52 6 41 38 3 47 48 11 42 31 36 43 46 50 22 17 44 39 1 27 28 
40 2 26 24 16 52 6 41 38 3 47 48 11 42 31 36 43 46 50 22 17 39 44 1 27 28 
41 2 26 24 16 52 6 41 38 3 47 48 11 42 31 36 43 46 50 22 17 39 44 1 27 28 
42 2 26 24 16 52 42 31 36 43 46 6 41 22 17 38 3 39 44 1 27 28 47 48 11 
43 2 26 24 16 52 6 41 38 3 47 48 11 42 31 36 46 43 50 22 17 39 44 1 27 28 
44 2 26 24 16 52 6 41 38 3 47 48 11 42 31 36 43 46 50 22 17 39 44 1 27 28 
45 2 26 24 16 52 6 41 38 3 47 48 11 42 31 36 43 46 50 22 17 39 44 1 27 28 
46 2 26 24 16 52 6 41 38 3 47 48 11 42 31 36 43 46 50 22 17 39 44 1 27 28 
47 2 26 24 16 52 6 41 38 3 47 48 11 42 31 36 43 46 50 22 17 39 44 1 27 28 
48 2 26 24 16 52 6 41 38 3 47 48 11 42 31 36 43 46 50 22 17 39 44 1 27 28 
49 2 26 24 16 52 6 41 38 3 47 48 11 42 31 36 43 46 50 22 17 39 44 1 27 28 
50 2 26 24 16 52 31 36 43 46 6 50 41 22 17 38 3 39 44 1 27 28 47 48 11 
51 2 26 24 16 52 31 36 43 46 6 50 22 41 17 38 3 39 44 1 27 28 47 48 11 
52 2 26 24 16 42 52 31 36 43 46 6 50 41 22 17 3 39 44 1 27 28 47 48 11 
53 2 26 24 16 42 52 31 36 43 46 6 50 22 41 17 3 39 44 1 27 28 47 48 11 
54 2 26 24 16 52 6 41 38 3 47 48 11 42 31 36 43 46 50 22 17 39 44 1 27 28 
