1 1 
2 2 1 
3 3 2 1 
4 3 2 1 4 
5 3 2 1 4 
6 3 2 1 4 6 
7 3 2 1 4 6 
8 3 2 1 8 6 
9 3 2 9 1 8 4 6 
10 3 2 9 1 8 4 6 
11 3 11 2 9 1 8 4 6 
12 3 11 2 9 1 12 8 4 6 
13 3 11 2 9 1 12 8 4 6 
14 3 11 2 9 1 14 12 8 4 6 
15 3 15 11 2 9 1 14 12 8 4 6 
16 3 15 11 2 9 1 14 12 8 16 4 6 
17 3 15 11 2 9 1 14 12 8 16 4 6 
18 15 2 12 4 3 11 18 9 1 14 8 16 6 
19 15 2 12 4 19 3 11 18 9 1 14 8 16 6 
20 15 2 12 4 20 19 3 11 18 9 1 14 8 16 6 
21 15 2 12 4 20 19 3 11 18 9 1 14 8 16 6 
22 15 2 12 4 20 19 3 11 18 9 1 14 8 16 6 
23 23 3 11 2 9 1 12 8 4 6 
24 23 3 11 2 9 1 12 8 4 6 24 
25 23 3 11 2 9 1 12 8 4 6 24 
26 23 26 3 11 2 9 1 12 8 4 6 24 
27 23 26 2 12 4 24 3 11 9 1 8 6 27 
28 23 26 28 2 12 4 24 3 11 9 1 8 6 27 
29 23 26 28 2 12 4 24 3 11 9 1 8 6 27 
30 23 26 28 2 12 4 24 3 11 9 1 8 6 30 27 
31 23 26 28 2 12 4 24 3 11 9 1 31 8 6 30 27 
32 23 26 28 2 12 4 24 32 3 11 9 1 31 8 6 30 27 
33 23 26 28 2 12 4 24 32 3 11 9 1 31 8 6 30 27 
34 23 26 28 2 12 4 24 32 3 11 9 1 31 8 6 30 27 
35 3 2 9 35 1 8 4 6 
36 3 2 9 35 1 8 36 4 6 
37 3 2 9 35 1 8 37 36 4 6 
38 41 38 44 2 35 4 45 3 9 1 8 37 36 6 43 40 
39 38 41 44 2 35 4 45 3 9 1 8 37 36 6 43 40 
40 38 41 44 2 35 4 45 3 9 1 8 37 36 6 43 40 
41 38 41 44 2 35 4 45 3 9 1 8 37 36 6 43 40 
42 38 41 44 2 35 4 45 3 9 1 8 37 36 6 43 40 
43 38 41 44 2 35 4 45 3 9 1 8 37 36 6 43 40 
44 38 41 44 2 35 4 45 3 9 1 8 37 36 6 43 40 
45 38 41 44 2 35 45 3 9 1 37 36 6 43 40 
46 38 41 44 2 35 4 45 3 9 1 8 37 36 6 43 40 
47 26 15 2 4 20 45 32 9 31 8 37 36 30 43 40 27 23 38 41 28 44 35 12 24 19 3 11 18 1 14 16 6 
