1 1 
2 1 2 
3 1 3 2 
4 1 4 3 2 
5 1 4 3 5 2 
6 1 4 6 3 5 2 
7 1 4 6 3 5 2 7 
8 1 4 6 8 3 5 2 7 
9 1 4 6 8 3 5 2 7 
10 1 4 6 8 10 3 5 2 7 
11 1 4 11 6 8 10 3 5 2 7 
12 1 4 11 6 8 10 3 5 2 7 12 
13 1 4 11 6 8 10 3 5 2 7 12 
14 1 4 11 6 8 3 5 14 2 7 12 
15 1 4 11 6 8 3 5 14 2 7 12 
16 1 4 11 6 8 10 16 3 5 2 7 12 
17 1 4 11 8 17 3 5 7 6 10 16 2 12 
18 1 4 11 8 17 3 5 7 6 10 16 2 12 
19 1 4 11 8 17 3 5 19 7 6 16 2 12 
20 1 4 11 8 17 3 5 14 19 7 20 6 10 16 2 12 
21 1 4 11 8 17 3 5 21 14 19 7 20 6 10 16 2 12 
22 1 4 11 8 17 3 5 21 14 19 7 20 6 10 22 16 2 12 
23 1 4 11 8 17 3 5 21 14 19 7 20 6 10 22 16 23 2 12 
24 1 4 11 8 17 3 5 21 14 19 7 20 24 6 10 22 16 23 2 12 
25 1 4 11 8 25 17 3 5 21 14 19 7 20 24 6 10 22 16 23 2 12 
26 1 4 11 8 25 17 3 5 21 14 19 7 20 24 6 10 22 16 23 2 12 
27 1 4 11 8 25 17 3 5 21 14 19 7 20 24 6 10 22 16 23 2 12 
28 1 4 11 8 25 17 3 5 21 14 19 7 20 24 6 10 22 16 23 2 12 
