1 1 
2 2 1 
3 2 3 1 
4 2 4 3 1 
5 2 5 4 3 1 
6 2 6 5 4 3 1 
7 2 6 5 4 3 7 1 
8 2 6 5 4 3 7 8 1 
9 2 9 23 11 8 18 20 16 22 12 21 6 5 4 3 7 17 1 
10 2 9 23 11 8 18 20 16 22 12 21 6 5 4 3 7 17 1 
11 2 9 23 11 8 18 20 16 22 12 21 6 5 4 3 7 17 1 
12 2 9 23 11 8 18 20 16 22 12 21 6 5 4 3 7 17 1 
13 2 9 23 11 8 18 20 16 22 12 21 6 5 4 3 7 17 1 
14 2 9 23 11 8 18 20 16 22 12 21 6 5 4 3 7 17 1 
15 2 9 23 11 8 18 20 16 22 12 21 6 5 4 3 7 17 1 
16 2 9 23 11 8 18 22 16 12 21 6 5 4 3 7 17 1 
17 2 9 23 11 8 18 16 22 12 21 6 5 4 3 7 17 1 
18 2 9 23 11 8 18 16 22 12 21 6 5 4 3 7 17 1 
19 2 9 23 11 8 18 16 22 12 21 6 5 4 3 7 17 1 
20 2 9 23 11 8 18 20 22 12 21 6 5 4 3 7 17 1 
21 2 9 23 11 8 18 20 16 22 12 21 6 5 4 3 7 17 1 
22 2 9 23 11 8 18 20 16 22 12 21 6 5 4 3 7 17 1 
23 2 9 23 11 8 18 20 16 22 12 21 6 5 4 3 7 17 1 
24 2 9 23 11 8 18 20 16 22 12 21 6 5 4 3 7 17 1 
25 2 9 23 11 8 18 20 16 22 12 21 6 5 4 3 7 17 1 
26 2 9 23 11 8 18 20 16 22 12 21 6 5 4 3 7 17 1 
27 2 9 23 11 8 18 20 16 22 12 21 6 5 4 3 7 17 1 
28 2 9 23 11 8 18 20 16 22 12 21 6 5 4 3 7 17 1 
