1 1 
2 2 1 
3 2 1 3 
4 2 1 3 
5 2 1 3 
6 2 1 6 3 
7 2 7 1 6 3 
8 2 7 1 6 3 
9 9 2 7 1 6 3 
10 9 2 7 10 1 6 3 
11 9 2 7 10 1 6 3 
12 12 9 2 7 10 1 6 3 
13 12 13 9 2 7 10 1 6 3 
14 12 13 9 2 7 10 1 14 6 3 
15 12 13 15 9 2 7 10 1 14 6 3 
16 12 13 15 9 2 7 10 1 14 6 3 
17 12 13 15 9 2 7 10 1 14 6 3 
18 2 7 18 1 6 3 
19 19 2 7 18 1 6 3 
20 19 2 7 18 1 6 3 
21 19 2 7 18 1 6 3 21 
22 19 2 7 22 18 1 6 3 21 
23 19 2 7 22 18 1 6 3 21 
24 19 2 7 22 18 24 1 6 3 21 
25 19 25 2 7 22 18 24 1 6 3 21 
26 19 26 25 2 7 22 18 24 1 6 3 21 
27 19 7 22 18 24 21 26 25 2 1 27 6 3 
28 19 7 22 18 24 21 26 25 2 1 27 6 3 
29 19 7 22 18 24 21 26 25 2 1 27 6 3 
30 19 30 2 7 18 1 6 3 
31 19 31 30 2 7 18 1 6 3 
32 19 31 30 2 7 18 1 6 3 32 
33 19 33 31 30 2 7 18 1 6 3 32 
34 19 33 31 30 2 7 18 1 6 3 32 
35 19 33 31 30 2 7 18 1 35 6 3 32 
36 19 33 31 30 2 7 18 1 35 6 3 32 
37 19 33 31 30 2 7 18 1 6 3 32 
