1 1 
2 2 1 
3 2 3 1 
4 2 3 1 4 
5 2 3 5 1 4 
6 2 3 5 1 6 4 
7 2 3 5 1 6 7 4 
8 2 3 8 5 1 6 7 4 
9 2 3 8 9 5 1 6 7 4 
10 2 10 3 8 9 5 1 6 7 4 
11 2 10 3 8 9 11 5 1 6 7 4 
12 2 10 12 3 8 9 11 5 1 6 7 4 
13 10 3 9 11 5 7 2 12 8 13 1 6 4 
14 10 3 9 11 5 7 2 12 8 14 13 1 6 4 
15 10 3 9 11 5 7 15 2 12 8 14 13 1 6 4 
16 10 3 9 11 5 7 16 15 2 12 8 14 13 1 6 4 
17 10 3 9 17 11 5 7 16 15 2 12 8 14 13 1 6 4 
18 10 3 9 17 18 11 5 7 16 15 2 12 8 14 13 1 6 4 
19 10 3 9 17 18 11 5 7 16 15 2 12 8 14 13 1 6 4 
20 10 3 9 17 18 11 5 7 16 15 2 12 20 8 14 13 1 6 4 
21 10 3 9 17 21 18 11 5 7 16 15 2 12 20 8 14 13 1 6 4 
22 10 3 9 17 21 18 22 11 5 7 16 15 2 20 8 14 13 1 6 4 
23 10 3 9 17 21 18 22 11 5 7 16 15 2 20 8 14 13 1 6 23 4 
24 10 3 9 17 21 18 22 11 5 7 16 15 24 2 20 8 14 13 1 6 23 4 
25 10 3 9 17 21 18 22 5 7 16 15 24 2 20 8 14 13 1 6 23 25 4 
26 10 3 9 17 21 18 22 5 7 16 15 24 2 20 8 14 13 1 6 23 25 4 
27 10 27 3 9 17 18 11 5 7 16 15 2 12 8 14 13 1 6 4 
28 10 27 3 9 17 18 11 5 7 16 15 2 12 8 14 13 1 6 4 
29 10 27 3 9 17 18 11 5 7 16 15 2 12 8 14 13 1 6 4 29 
30 10 27 30 3 9 17 18 11 5 7 16 15 2 12 8 14 13 1 6 4 29 
31 10 27 30 3 9 17 18 31 5 7 16 15 2 12 8 14 13 1 6 4 29 
32 10 27 30 3 9 17 18 31 5 7 32 16 15 2 12 8 14 13 1 6 4 29 
33 10 27 30 3 9 17 18 31 5 33 7 32 16 15 2 12 8 14 13 1 6 4 29 
34 10 27 30 3 9 17 18 31 5 33 7 32 16 15 2 8 14 13 34 1 6 4 29 
35 10 30 18 31 11 5 24 2 12 20 8 14 35 13 34 1 6 23 25 29 27 3 9 17 21 22 33 7 32 16 15 4 
36 10 30 18 31 11 5 24 2 12 20 8 14 35 13 34 1 6 23 25 29 27 3 9 17 21 22 33 7 32 16 15 4 
37 10 30 18 31 11 5 24 2 12 20 8 14 35 13 34 1 6 23 25 29 27 3 9 17 21 22 33 7 32 16 15 4 37 
38 10 30 18 31 11 5 24 2 12 20 8 14 35 13 34 1 6 23 25 29 27 3 9 17 21 22 33 7 32 16 15 4 37 
39 10 30 18 31 11 5 24 2 12 20 8 14 35 13 34 1 6 23 25 29 39 27 3 9 17 21 22 33 7 32 16 15 4 37 
40 10 30 18 31 11 5 24 2 12 20 8 14 35 13 34 1 6 23 25 40 29 39 27 3 9 17 21 22 33 7 32 16 15 4 37 
41 10 30 18 31 11 5 24 2 12 20 8 14 35 13 34 41 1 6 23 25 40 29 39 27 3 9 17 21 22 33 7 32 16 15 4 37 
42 10 30 18 31 11 5 24 2 12 20 8 14 42 35 13 34 41 1 6 23 25 40 29 39 27 3 9 17 21 22 33 7 32 16 15 4 37 
43 10 30 18 31 11 5 24 2 12 20 8 14 42 35 13 34 41 1 6 23 25 40 29 39 27 3 9 17 21 22 33 7 32 16 15 4 37 
44 10 30 18 31 11 5 24 2 12 20 8 14 42 35 13 34 41 1 6 23 25 40 29 39 27 3 9 17 21 22 33 7 32 16 15 4 37 
