1 1 
2 1 2 
3 1 2 3 
4 1 4 2 3 
5 1 4 2 3 
6 1 4 2 3 
7 1 4 7 2 3 
8 1 4 7 2 3 8 
9 1 4 9 7 2 3 8 
10 1 4 9 7 2 3 8 
11 1 4 9 7 2 3 8 
12 1 4 9 7 12 2 3 8 
13 1 4 9 7 12 2 3 8 
14 1 4 9 14 7 12 2 3 8 
15 1 4 9 14 7 12 2 3 8 15 
16 17 14 15 1 4 9 7 18 21 12 2 3 8 
17 17 14 15 1 4 9 7 18 21 12 2 3 8 
18 17 14 15 1 4 9 7 21 18 12 2 3 8 
19 17 14 15 1 4 9 7 18 21 12 2 3 8 
20 17 14 15 1 4 9 7 18 21 12 2 3 8 
21 1 17 4 9 14 7 18 21 12 2 3 8 
22 1 17 4 9 14 7 18 21 12 2 3 8 
23 17 14 15 1 4 9 7 18 21 12 2 3 8 
