1 1 
2 2 
3 3 
4 4 
5 5 
6 6 
8 7 
9 8 
10 9 
11 10 
13 11 
14 12 
16 13 
17 14 
20 15 
21 16 
22 9 
23 17 
25 18 
26 12 
28 13 
29 19 
32 20 
34 21 
35 22 
36 23 
37 24 
38 12 
39 25 
40 26 
41 27 
43 28 
44 12 
45 29 
46 30 
47 12 
50 31 
51 32 
52 33 
53 34 
54 12 
55 35 
56 26 
57 36 
59 37 
60 12 
61 38 
62 30 
63 12 
66 39 
67 40 
68 41 
69 42 
70 12 
71 43 
72 26 
73 44 
75 45 
76 12 
77 46 
78 30 
79 12 
82 47 
83 48 
84 49 
85 50 
86 12 
87 51 
88 26 
89 52 
91 53 
92 12 
93 54 
94 30 
95 12 
