1 1 
2 1 2 
3 1 2 
4 1 2 
5 1 2 5 
6 1 2 5 
7 1 2 7 5 
8 1 8 2 7 5 
9 1 8 2 7 9 5 
10 1 8 2 10 7 9 5 
11 1 8 2 10 7 9 5 
12 1 8 2 10 7 9 5 
13 1 8 2 10 13 7 9 5 
14 1 14 8 2 10 13 7 9 5 
15 15 1 14 8 2 10 13 7 9 5 
16 15 1 14 8 2 10 13 7 9 5 
17 15 1 14 8 2 10 13 7 9 5 
18 15 1 14 8 2 10 13 18 7 9 5 
19 15 1 14 8 2 10 13 18 7 9 19 5 
20 20 8 10 13 19 15 1 14 2 18 7 9 5 
21 20 8 10 13 19 15 1 14 2 18 7 9 5 
22 20 8 10 13 19 15 1 14 2 18 7 9 5 
23 20 8 10 13 19 15 1 14 2 18 7 9 23 5 
24 20 8 10 13 19 15 1 14 24 2 18 7 9 23 5 
25 20 8 10 13 19 15 1 14 24 2 25 18 7 9 23 5 
26 20 8 10 13 19 15 1 14 24 2 25 18 7 9 23 5 
27 20 8 10 13 19 15 1 14 24 2 25 18 7 9 23 5 
28 20 8 10 13 19 15 1 14 24 2 25 18 28 7 9 23 5 
29 20 29 8 10 13 19 15 1 14 24 2 25 18 28 7 9 23 5 
30 20 29 8 10 13 19 30 15 1 14 24 2 25 18 28 7 9 23 5 
31 20 29 8 10 13 19 30 15 1 14 24 2 25 18 28 7 9 23 5 
32 20 29 8 10 13 19 30 15 1 14 24 2 25 18 28 7 9 23 5 
33 20 29 8 10 13 19 33 30 15 1 14 24 2 25 18 28 7 9 23 5 
34 20 29 8 34 10 13 19 33 30 15 1 14 24 2 25 18 28 7 9 23 5 
35 20 29 8 34 10 13 19 33 30 15 1 14 24 2 25 18 28 7 9 23 5 
36 20 29 8 34 10 13 19 33 30 15 1 14 24 2 25 18 28 7 9 23 5 
37 20 29 8 34 10 13 19 33 30 15 1 14 24 2 25 37 18 28 7 9 23 5 
38 20 29 8 34 10 13 19 33 30 15 1 14 24 38 2 25 37 18 28 7 9 23 5 
39 20 29 8 34 39 10 13 19 33 30 15 1 14 24 38 2 25 37 18 28 7 9 23 5 
40 20 29 8 34 39 10 13 19 33 30 15 1 14 24 38 2 25 37 18 28 7 9 23 5 
41 20 29 8 34 39 10 13 19 33 30 15 1 14 24 38 2 25 37 18 28 7 9 23 5 
42 20 42 8 19 33 30 14 24 38 2 25 37 18 7 23 5 29 34 39 10 13 15 1 28 9 
43 20 42 8 43 19 33 30 14 24 38 2 25 37 18 7 23 5 29 34 39 10 13 15 1 28 9 
44 20 42 8 43 19 33 30 14 24 38 2 25 37 18 7 23 5 29 34 39 10 13 15 1 28 9 44 
45 20 42 8 43 19 33 30 14 24 38 2 25 37 18 7 23 5 29 34 39 10 13 15 1 28 9 44 
46 20 42 8 43 19 33 30 14 24 38 2 25 37 18 7 23 5 29 34 39 10 13 15 1 28 9 44 
47 20 42 8 43 19 33 30 14 24 38 2 25 37 18 7 23 5 29 34 39 10 13 15 1 28 9 44 
48 1 2 5 
