1 1 
2 2 1 
3 2 3 1 
4 4 2 3 1 
5 4 2 3 1 
6 4 6 2 3 1 
7 4 6 7 2 3 1 
8 4 6 7 2 3 1 
9 4 2 3 1 9 
10 4 10 2 3 1 9 
11 4 10 2 3 1 9 
12 4 10 12 2 3 1 9 
13 4 10 12 13 2 3 1 9 
14 4 10 12 13 2 14 3 1 9 
15 4 10 12 13 15 2 14 3 1 9 
16 4 10 12 13 15 2 14 16 3 1 9 
17 4 17 10 12 13 15 2 14 16 3 1 9 
18 10 12 2 14 16 3 4 17 13 15 18 1 9 
19 10 12 2 14 16 3 4 17 13 15 18 1 9 
20 4 10 2 3 20 1 9 
21 4 10 2 21 3 20 1 9 
22 4 10 2 21 3 20 1 9 
23 4 10 2 21 3 20 1 9 23 
24 4 10 2 21 3 20 24 1 9 23 
25 4 10 2 21 3 20 24 1 9 23 
26 4 10 2 21 26 3 20 1 9 
27 4 10 2 21 26 3 20 1 9 
28 4 10 2 21 26 3 20 1 9 
