1 1 
2 1 2 
3 1 2 3 
4 1 4 2 3 
5 1 4 2 3 5 
6 1 6 4 2 3 5 
7 1 6 4 2 3 5 
8 1 8 6 4 2 3 5 
9 1 8 6 4 2 3 5 
10 1 8 6 4 2 3 5 
11 1 8 6 4 11 2 3 5 
12 1 8 6 4 12 11 2 3 5 
13 1 8 6 4 13 12 11 2 3 5 
14 1 8 14 6 4 13 12 11 2 3 5 
15 1 8 14 6 4 15 13 12 11 2 3 5 
16 1 8 14 6 4 13 12 15 11 2 16 3 5 
17 1 8 14 6 4 13 12 17 15 11 2 16 3 5 
18 1 8 14 6 4 13 12 17 18 15 11 2 16 3 5 
19 1 8 14 6 4 13 12 17 18 15 11 2 16 19 3 5 
20 1 8 20 14 6 4 13 12 17 18 15 11 2 16 19 3 5 
21 1 8 20 14 6 4 13 12 17 21 18 15 11 2 16 19 3 5 
22 1 8 20 14 6 4 13 12 17 21 18 15 11 2 16 19 3 5 22 
23 1 8 20 14 6 4 13 12 17 21 18 15 11 2 16 19 3 5 22 
24 1 8 20 14 6 4 13 12 17 21 18 15 24 11 2 16 19 3 5 22 
25 1 8 20 14 6 4 13 12 17 21 25 18 15 24 11 2 16 19 3 5 22 
26 1 8 20 14 6 4 13 12 17 26 21 25 18 15 24 11 2 16 19 3 5 22 
27 1 8 20 14 6 4 13 12 17 26 21 25 18 15 24 11 2 16 19 3 5 22 
28 1 8 20 14 6 4 13 12 17 26 21 25 18 15 24 11 28 2 16 19 3 5 22 
29 1 8 20 14 6 4 13 12 17 26 21 25 18 15 29 24 11 28 2 16 19 3 5 22 
30 1 6 4 13 12 26 30 25 15 29 28 19 3 22 8 20 14 17 21 18 24 11 2 16 5 
31 1 6 4 13 31 12 26 30 25 15 29 28 19 3 22 8 20 14 17 21 18 24 11 2 16 5 
32 1 6 4 13 31 12 26 30 25 15 29 28 19 3 22 8 20 14 17 21 18 24 11 2 16 5 
33 1 6 4 13 31 12 26 30 25 15 29 28 19 3 22 8 20 14 33 17 21 18 24 11 2 16 5 
34 1 6 4 13 31 34 12 26 30 25 15 29 28 19 3 22 8 20 14 33 17 21 18 24 11 2 16 5 
35 1 6 4 13 31 34 12 26 30 25 15 29 28 19 3 22 8 20 14 33 17 21 18 24 11 2 16 5 
36 1 6 4 13 31 34 12 26 36 30 25 15 29 28 19 3 22 8 20 14 33 17 21 18 24 11 2 16 5 
37 1 6 4 13 31 34 12 26 36 30 25 15 29 37 28 19 3 22 8 20 14 33 17 21 18 24 11 2 16 5 
38 1 6 38 4 13 31 34 12 26 36 30 25 15 29 37 28 19 3 22 8 20 14 33 17 21 18 24 11 2 16 5 
39 1 6 38 4 13 31 34 12 26 36 30 25 15 29 37 28 19 3 22 8 20 14 33 17 21 39 18 24 11 2 16 5 
40 1 6 38 4 13 31 34 12 26 36 30 25 15 29 37 28 19 3 22 8 20 14 33 17 21 39 18 24 11 2 16 5 
41 1 41 6 38 4 13 31 34 12 26 36 30 25 15 29 37 28 19 3 22 8 20 14 33 17 21 39 18 24 11 2 16 5 
42 1 41 6 38 42 4 13 31 34 12 26 36 30 25 15 29 37 28 19 3 22 8 20 14 33 17 21 39 18 24 11 2 16 5 
43 1 41 6 38 42 4 13 31 34 12 26 36 30 25 15 29 43 37 28 19 3 22 8 20 14 33 17 21 39 18 24 11 2 16 5 
44 1 41 6 38 42 4 13 31 34 12 26 36 30 25 15 29 43 37 28 19 3 22 8 20 14 33 17 21 39 44 18 24 11 2 16 5 
45 1 41 6 38 42 4 13 31 34 12 26 36 30 25 15 29 43 37 28 19 3 22 8 20 14 33 17 21 39 44 18 24 11 2 16 5 
46 1 41 6 38 42 4 13 31 34 12 46 26 36 30 25 15 29 43 37 28 19 3 22 8 20 14 33 17 21 39 44 18 24 11 2 16 5 
47 1 41 6 38 42 4 13 31 34 12 46 26 36 30 25 47 15 29 43 37 28 19 3 22 8 20 14 33 17 21 39 44 18 24 11 2 16 5 
48 1 41 6 38 42 4 13 31 34 12 46 26 36 30 25 47 15 29 43 37 28 48 19 3 22 8 20 14 33 17 21 39 44 18 24 11 2 16 5 
49 1 41 6 38 42 4 13 31 34 12 46 26 36 30 25 47 15 29 43 37 28 48 19 3 22 8 20 49 14 33 17 21 39 44 18 24 11 2 16 5 
50 1 41 6 38 42 4 13 31 34 12 46 26 36 30 25 47 15 29 43 37 28 48 19 3 22 8 20 49 14 33 17 21 39 44 18 24 11 2 16 5 
51 1 51 41 6 38 42 4 13 31 34 12 46 26 36 30 25 47 15 29 43 37 28 48 19 3 22 8 20 49 14 33 17 21 39 44 18 24 11 2 16 5 
52 1 51 41 6 38 42 4 13 31 34 12 46 26 36 30 25 47 15 29 43 37 28 48 19 3 22 8 20 49 14 33 52 17 21 39 44 18 24 11 2 16 5 
53 1 51 41 6 38 42 53 4 13 31 34 12 46 26 36 30 25 47 15 29 43 37 28 48 19 3 22 8 20 49 14 33 52 17 21 39 44 18 24 11 2 16 5 
54 1 51 41 6 38 42 53 4 13 31 34 12 46 26 36 30 25 47 15 29 43 37 28 48 19 3 22 8 20 49 14 33 52 17 21 39 44 18 24 11 54 2 16 5 
55 1 51 41 6 38 42 53 4 13 31 34 12 46 26 36 30 25 47 15 29 43 37 28 48 19 3 22 8 20 49 14 33 52 17 21 39 44 18 24 11 54 2 16 5 
56 1 51 41 6 38 42 53 4 13 31 34 12 46 26 36 30 25 47 15 29 43 37 28 48 19 3 22 8 20 49 14 33 52 17 21 39 44 18 24 11 54 2 16 5 
57 1 51 41 6 38 42 53 4 13 31 34 12 46 26 36 30 25 47 15 29 43 37 28 48 19 3 22 8 20 49 14 33 57 52 17 21 39 44 18 24 11 54 2 16 5 
58 1 51 41 6 38 42 53 4 13 31 34 12 46 26 36 30 25 47 15 29 43 37 28 48 19 3 22 8 20 49 14 33 57 52 17 21 39 44 18 24 11 54 2 16 5 
59 1 51 41 6 38 42 53 4 13 31 34 12 46 26 36 30 25 47 15 29 43 37 28 48 19 3 22 8 20 49 14 33 57 52 17 21 39 44 18 24 11 54 2 16 5 
60 1 51 41 6 38 42 53 4 13 31 34 12 46 26 36 30 25 47 15 29 43 37 28 48 19 3 22 8 20 49 14 33 57 52 17 21 39 44 60 18 24 11 54 2 16 5 
61 1 51 41 6 38 42 53 4 13 31 34 12 46 26 36 30 25 47 15 29 43 37 28 48 19 3 22 8 20 49 14 33 57 52 17 21 39 44 60 18 24 11 54 2 16 5 
62 1 51 41 6 38 42 53 4 13 31 34 12 46 26 36 30 62 25 47 15 29 43 37 28 48 19 3 22 8 20 49 14 33 57 52 17 21 39 44 60 18 24 11 54 2 16 5 
63 1 51 41 6 38 42 53 4 13 31 34 12 46 26 36 30 62 25 47 15 29 43 37 28 48 19 3 22 8 20 49 63 14 33 57 52 17 21 39 44 60 18 24 11 54 2 16 5 
64 41 38 42 53 4 31 34 36 47 29 28 48 3 20 63 14 33 57 52 21 39 44 60 18 24 1 51 6 13 12 46 26 30 62 25 15 43 37 19 22 8 49 64 17 11 54 2 16 5 
65 41 38 42 53 4 31 34 36 47 29 28 48 3 20 63 14 33 57 52 21 39 44 60 18 24 1 51 6 13 12 46 26 30 62 25 15 43 37 19 22 8 49 64 17 65 11 54 2 16 5 
66 41 38 42 53 4 31 34 36 47 29 28 48 3 20 63 14 33 57 52 66 21 39 44 60 18 24 1 51 6 13 12 46 26 30 62 25 15 43 37 19 22 8 49 64 17 65 11 54 2 16 5 
67 41 38 42 53 4 31 34 36 47 29 28 48 3 20 63 14 33 57 52 66 21 39 44 60 18 24 1 51 6 13 12 46 26 30 62 25 15 43 37 19 22 8 49 64 17 65 11 54 2 16 5 
68 41 38 42 53 4 31 34 36 47 29 28 48 3 20 63 14 33 57 52 66 21 39 44 60 18 24 1 51 6 13 12 46 26 30 62 25 15 43 37 19 22 8 49 64 17 65 11 54 2 16 5 
69 41 38 42 53 4 31 34 36 47 29 28 48 3 20 63 14 33 57 52 66 21 39 44 60 18 24 1 51 6 13 12 46 26 30 62 25 15 43 37 19 22 8 49 64 17 65 11 54 2 16 5 
70 41 38 42 53 4 31 34 36 47 29 28 48 3 20 63 14 33 57 52 66 21 39 44 60 18 24 1 51 6 13 12 46 26 30 62 25 15 43 37 19 22 8 49 64 17 65 11 54 2 16 5 
71 41 38 42 53 4 31 34 36 47 29 28 48 3 20 63 14 33 57 52 66 21 39 44 60 18 24 1 51 6 13 12 46 26 30 62 25 15 43 37 19 22 8 49 64 17 65 11 54 2 16 5 
72 41 38 42 53 4 31 34 36 47 29 28 48 3 20 63 14 33 57 52 66 21 39 44 60 18 24 1 51 6 13 12 46 26 30 62 25 15 43 37 19 22 8 49 64 17 65 11 54 2 16 5 
73 41 38 42 53 4 31 34 36 47 29 28 48 3 20 63 14 33 57 52 66 21 39 44 60 18 24 1 51 6 13 12 46 26 30 62 25 15 43 37 19 22 8 49 64 17 65 11 54 2 16 5 
74 41 38 42 53 4 31 34 36 47 29 28 48 3 20 63 14 33 57 52 66 21 39 44 60 18 24 1 51 6 13 12 46 26 30 62 25 15 43 37 19 22 8 49 64 17 65 11 54 2 16 5 
75 41 38 42 53 4 31 34 36 47 29 28 48 3 20 63 14 33 57 52 66 21 39 44 60 18 24 1 51 6 13 12 46 26 30 62 25 15 43 37 19 22 8 49 64 17 65 11 54 2 16 5 
76 41 38 42 53 4 31 34 36 47 29 28 48 3 20 63 14 33 57 52 66 21 39 44 60 18 24 1 51 6 13 12 46 26 30 62 25 15 43 37 19 22 8 49 64 17 65 11 54 2 16 5 
77 41 38 42 53 4 31 34 36 47 29 28 48 3 20 63 14 33 57 52 66 21 39 44 60 18 24 1 51 6 13 12 46 26 30 62 25 15 43 37 19 22 8 49 64 17 65 11 54 2 16 5 
78 41 38 42 53 4 31 34 36 47 29 28 48 3 20 63 14 33 57 52 66 21 39 44 60 18 24 1 51 6 13 12 46 26 30 62 25 15 43 37 19 22 8 49 64 17 65 11 54 2 16 5 
79 41 38 42 53 4 31 34 36 47 29 28 48 3 20 63 14 33 57 52 66 21 39 44 60 18 24 1 51 6 13 12 46 26 30 62 25 15 43 37 19 22 8 49 64 17 65 11 54 2 16 5 
