1 1 
2 1 2 
3 3 1 2 
4 3 1 2 4 
5 3 1 2 4 
6 3 1 2 4 6 
7 3 1 2 4 6 
8 3 1 2 8 6 
9 3 9 1 2 4 8 6 
10 3 9 1 2 4 8 6 
11 3 9 1 2 4 11 8 6 
12 3 9 1 2 4 12 11 8 6 
13 3 9 1 2 4 12 11 8 6 
14 3 9 14 1 2 4 12 11 8 6 
15 3 9 14 1 2 4 12 11 8 6 15 
16 3 9 14 1 2 4 12 16 11 8 6 15 
17 3 9 14 1 2 4 12 16 11 8 6 15 
18 3 9 14 12 18 8 6 1 2 4 16 11 15 
19 3 9 14 12 18 8 6 1 2 4 16 11 19 15 
20 3 9 14 20 12 18 8 6 1 2 4 16 11 19 15 
21 3 9 14 20 12 18 8 6 1 2 4 16 11 19 15 
22 3 9 14 20 12 18 8 6 1 2 4 16 11 19 15 
23 3 9 1 2 4 12 11 8 6 23 
24 3 9 1 2 4 12 11 24 8 6 23 
25 3 9 1 2 4 12 11 24 8 6 23 
26 3 9 1 2 4 12 26 11 24 8 6 23 
27 3 9 12 26 24 8 6 1 2 4 11 27 23 
28 3 9 28 12 26 24 8 6 1 2 4 11 27 23 
29 3 9 28 12 26 24 8 6 1 2 4 11 27 23 
30 3 9 28 12 26 24 8 6 1 2 4 30 11 27 23 
31 3 9 28 12 26 24 8 6 31 1 2 4 30 11 27 23 
32 3 9 28 12 26 24 8 6 31 1 2 4 30 32 11 27 23 
33 3 9 28 12 26 24 8 6 31 1 2 4 30 32 11 27 23 
34 3 9 28 12 26 24 8 6 31 1 2 4 30 32 11 27 23 
35 3 9 1 2 4 35 8 6 
36 3 9 1 2 4 35 8 6 36 
37 3 9 1 2 4 37 35 8 6 36 
38 3 9 37 38 8 6 40 41 43 1 2 4 35 36 45 44 
39 3 9 37 38 8 6 40 41 43 1 2 4 35 36 45 44 
40 3 9 37 38 8 6 40 41 43 1 2 4 35 36 45 44 
41 3 9 37 38 8 6 40 41 43 1 2 4 35 36 45 44 
42 3 9 37 38 8 6 40 41 43 1 2 4 35 36 45 44 
43 3 9 37 38 8 6 40 41 43 1 2 4 35 36 45 44 
44 3 9 37 38 8 6 40 41 43 1 2 4 35 36 45 44 
45 3 9 37 38 6 40 41 43 1 2 35 36 45 44 
46 3 9 37 38 8 6 40 41 43 1 2 4 35 36 45 44 
47 3 9 20 12 18 38 8 6 31 41 43 1 11 35 27 45 15 14 28 37 26 24 40 2 4 16 30 32 19 23 36 44 
