1 1 
2 2 1 
3 2 1 
4 2 1 
5 5 2 1 
6 5 2 1 
7 5 2 1 
8 5 2 1 8 
9 5 2 9 1 8 
10 5 10 2 9 1 8 
11 11 5 10 2 9 1 8 
12 11 5 10 2 9 1 8 
13 11 5 10 2 9 1 8 
14 11 5 14 10 2 9 1 8 
15 11 5 14 15 10 2 9 1 8 
16 11 5 14 15 16 10 2 9 1 8 
17 11 5 14 15 16 10 2 9 1 8 
18 11 5 14 15 16 10 2 9 1 8 
19 11 5 14 15 16 10 19 2 9 1 8 
20 11 5 14 15 16 10 19 2 9 1 20 8 
21 1 8 11 5 14 15 16 10 19 21 2 9 20 
22 1 8 11 5 14 15 16 10 19 21 2 9 20 
23 1 8 11 5 14 15 16 10 19 21 2 9 20 
24 1 8 11 5 14 15 16 10 19 21 2 9 20 
