1 1 
2 2 1 
3 2 1 
4 2 1 4 
5 2 1 4 
6 2 1 4 6 
7 2 1 4 6 
8 2 8 1 4 6 
9 2 8 1 4 6 
10 2 8 1 10 4 6 
11 2 8 1 10 4 6 
12 2 8 12 1 10 4 6 
13 2 8 12 1 10 4 6 
14 2 8 12 1 10 4 6 14 
15 2 8 12 1 10 4 6 14 
16 2 8 12 1 10 4 16 6 14 
17 2 8 12 1 10 4 16 6 14 
18 2 8 12 18 1 10 4 16 6 14 
19 2 8 12 18 1 10 4 16 6 14 
20 2 8 12 18 1 10 4 20 16 6 14 
21 2 8 12 18 1 10 4 20 16 6 14 
22 2 8 12 18 1 10 4 20 16 6 22 14 
23 2 8 12 18 1 10 4 20 16 6 22 14 
24 4 20 16 24 14 2 8 12 18 1 10 6 22 
25 4 20 16 24 14 2 8 12 18 1 10 6 22 
26 4 20 16 24 26 14 2 8 12 18 1 10 6 22 
27 4 20 16 24 26 14 2 8 12 18 1 10 6 22 
28 4 20 28 16 24 26 14 2 8 12 18 1 10 6 22 
29 4 20 28 16 24 26 14 29 2 8 12 18 1 10 6 22 
30 4 20 28 16 24 26 14 29 2 8 12 18 1 10 6 22 30 
31 34 4 31 20 28 16 24 26 14 29 2 8 12 18 1 33 10 6 22 30 
32 34 4 31 20 28 16 24 26 14 29 2 8 12 18 1 33 10 6 22 30 
33 34 4 31 20 28 16 24 26 14 29 2 8 12 18 1 33 10 6 22 30 
34 34 4 31 20 28 16 24 26 14 29 2 8 12 18 1 33 10 6 22 30 
35 34 4 31 20 28 16 24 26 14 29 2 8 12 18 1 33 10 6 22 30 
36 34 4 31 20 28 16 24 26 14 29 2 8 12 18 1 33 10 6 22 30 
37 34 4 31 20 28 16 24 26 14 29 2 8 12 18 1 33 10 6 22 30 
38 34 4 31 20 28 16 24 26 14 29 2 8 12 18 1 33 10 6 22 30 
39 34 4 31 20 28 16 24 26 14 29 2 8 12 18 1 33 10 6 22 30 39 
40 40 34 4 31 20 28 16 24 26 14 29 2 8 12 18 1 33 10 6 22 30 39 
41 40 34 4 31 20 28 16 24 26 41 14 29 2 8 12 18 1 33 10 6 22 39 
42 40 34 42 20 28 14 44 2 8 18 6 39 4 31 45 16 24 26 41 29 12 1 33 10 22 
43 40 34 42 20 28 14 44 2 8 18 6 39 4 31 45 16 24 26 41 29 12 1 33 10 22 
44 40 34 42 20 28 14 44 2 8 18 6 39 4 31 45 16 24 26 41 29 12 1 33 10 22 
45 40 42 4 31 20 28 45 16 24 26 41 14 29 44 2 8 12 18 1 33 10 6 22 39 
46 40 42 4 31 20 28 45 16 24 26 41 14 29 44 2 8 12 18 1 33 10 6 22 39 
47 40 42 4 31 20 28 45 16 24 26 41 14 29 44 2 8 12 18 1 33 10 6 22 39 
48 40 42 4 31 20 28 45 16 24 26 41 14 29 44 2 8 12 18 1 33 10 6 22 39 
49 40 42 4 31 20 28 45 16 24 26 41 14 29 44 2 8 12 18 1 33 10 6 22 39 
50 40 34 42 20 28 50 14 44 2 8 18 6 39 4 31 45 16 24 26 41 29 12 1 33 10 22 
51 40 34 42 20 28 50 14 44 2 8 18 51 6 39 4 31 45 16 24 26 41 29 12 1 33 10 22 
52 52 40 34 42 20 28 50 14 44 2 8 18 51 6 39 4 31 45 16 24 26 29 12 1 33 10 22 
53 52 40 34 42 20 28 56 50 14 44 2 8 18 51 6 55 39 4 31 45 16 24 26 29 12 1 33 53 10 22 
54 52 40 34 42 20 28 56 50 14 44 2 8 18 51 6 55 39 4 31 45 16 24 26 29 12 1 53 33 10 22 
55 52 40 34 42 20 28 56 50 14 44 2 8 18 51 6 55 39 4 31 45 16 24 26 29 12 1 53 33 10 22 
56 52 40 42 20 28 56 50 14 44 2 8 18 51 6 55 39 4 31 16 24 26 29 12 1 53 33 10 22 
57 52 40 42 20 28 56 50 14 44 2 8 18 51 6 55 39 4 31 16 24 26 29 12 1 53 33 10 22 
58 52 40 42 20 28 56 50 14 44 2 8 18 51 6 55 39 4 31 16 24 26 29 12 1 53 33 10 22 
59 52 40 42 20 28 56 50 14 44 2 8 18 51 6 55 39 4 31 16 24 26 29 12 1 53 33 10 22 
60 52 40 34 42 20 28 56 50 14 44 2 8 18 51 6 55 39 4 31 45 16 24 26 29 12 1 60 53 33 10 22 
61 52 40 34 42 20 28 56 50 14 44 2 8 18 51 6 61 55 39 4 31 45 16 24 26 29 12 1 60 53 33 10 22 
62 40 34 42 20 28 56 50 14 44 2 8 18 51 6 61 55 39 4 31 45 16 24 26 29 12 1 60 53 33 10 62 22 
63 40 34 66 42 20 28 56 50 14 44 2 8 18 51 6 61 55 39 63 65 4 31 45 16 24 26 29 12 1 60 53 33 10 62 22 
64 40 34 66 42 20 28 56 50 14 44 2 8 18 51 6 61 55 39 63 65 4 31 45 16 24 26 29 12 1 60 53 33 10 62 22 
65 40 34 66 42 20 28 56 50 14 44 2 8 18 51 6 61 55 39 63 65 4 31 45 16 24 26 29 12 1 60 53 33 10 62 22 
66 40 66 42 20 28 50 14 44 2 8 18 51 6 61 55 39 63 65 4 31 16 24 26 29 12 1 60 53 33 10 62 22 
67 40 66 42 20 28 50 14 44 2 8 18 51 6 61 55 39 63 65 4 31 16 24 26 29 12 1 60 53 33 10 62 22 
68 40 66 42 20 28 50 14 44 2 8 18 51 6 61 55 39 63 65 4 31 16 24 26 29 12 1 60 53 33 10 62 22 
69 40 66 42 20 28 50 14 44 2 8 18 51 6 61 55 39 63 65 4 31 16 24 26 29 12 1 60 53 33 10 62 22 
70 40 34 66 42 20 28 56 50 14 44 2 8 18 51 6 61 55 39 63 65 4 31 45 16 24 26 29 12 1 60 53 33 10 62 22 
