1 1 
2 1 2 
3 3 1 2 
4 3 4 1 2 
5 3 4 1 2 5 
6 3 4 1 6 2 5 
7 3 4 1 6 2 5 7 
8 3 8 4 1 6 2 5 7 
9 3 8 4 1 6 2 5 9 7 
10 3 8 4 1 6 2 5 9 7 10 
11 3 8 4 1 6 2 5 9 7 10 11 
12 3 8 12 4 1 6 2 5 9 7 10 11 
13 3 8 1 6 2 9 10 12 4 5 7 11 13 
14 3 8 1 6 2 9 10 14 12 4 5 7 11 13 
15 21 6 33 9 36 32 26 11 13 3 8 27 31 1 2 20 23 22 10 14 38 29 12 4 30 5 15 7 18 17 
16 21 6 33 9 36 32 26 11 13 3 8 27 31 1 2 20 23 22 10 14 38 29 12 4 30 5 15 7 18 17 
17 21 6 33 9 32 26 11 13 3 8 27 31 1 2 20 23 22 10 14 38 29 12 4 30 5 15 7 18 17 
18 21 6 33 9 36 32 26 11 13 3 8 27 31 1 2 20 23 22 10 14 29 38 12 4 30 5 15 7 18 17 
19 21 6 33 9 36 32 26 11 13 3 8 27 31 1 2 20 23 22 10 14 29 38 12 4 30 5 15 7 18 17 
20 21 6 33 9 36 32 26 11 13 3 8 27 31 1 2 23 20 22 10 14 29 38 12 4 30 5 15 7 18 17 
21 21 6 33 9 36 32 26 11 13 3 8 27 31 1 2 20 23 22 10 14 29 38 12 4 30 5 15 7 18 17 
22 21 6 33 9 36 32 26 11 13 3 8 27 31 1 2 20 23 22 10 14 29 38 12 4 30 5 15 7 18 17 
23 21 6 33 9 36 32 26 11 13 3 8 27 31 1 2 20 23 22 10 14 29 38 12 4 30 5 15 7 18 17 
24 21 6 33 9 36 32 26 11 13 3 8 27 31 1 2 20 23 22 10 14 29 38 12 4 30 5 15 7 18 17 
25 21 6 33 9 36 32 26 11 13 3 8 27 31 1 2 20 23 22 10 14 29 38 12 4 30 5 15 7 18 17 
26 21 6 33 9 36 32 26 11 13 3 8 27 31 1 2 20 23 22 10 14 29 38 12 4 30 5 15 7 18 17 
27 21 6 33 9 36 32 26 11 13 3 8 27 31 1 2 20 23 22 10 14 29 38 12 4 30 5 15 7 18 17 
28 21 6 33 9 36 32 26 11 13 3 8 27 31 1 2 20 23 22 10 14 29 38 12 4 30 5 15 7 18 17 
29 21 6 33 9 36 32 26 11 13 3 8 27 31 1 2 20 23 22 10 14 38 29 12 4 30 5 15 7 18 17 
30 21 6 33 9 36 32 26 11 13 3 8 27 31 1 2 20 23 22 10 14 29 38 12 4 30 5 15 7 18 17 
31 21 6 33 9 36 32 26 11 13 3 8 27 31 1 2 20 23 22 10 14 29 38 12 4 30 5 15 7 18 17 
32 21 6 33 9 36 32 26 11 13 3 8 27 31 1 2 20 23 22 10 14 29 38 12 4 30 5 15 7 18 17 
33 21 6 33 9 36 32 26 11 13 3 8 27 31 1 2 20 23 22 10 14 29 38 12 4 30 5 15 7 18 17 
34 21 6 33 9 36 32 26 11 13 3 8 27 31 1 2 20 23 22 10 14 29 38 12 4 30 5 15 7 18 17 
35 21 6 33 9 36 32 26 11 13 3 8 27 31 1 2 20 23 22 10 14 29 38 12 4 30 5 15 7 18 17 
36 21 6 33 9 36 32 26 11 13 3 8 27 31 1 2 20 23 22 10 14 29 38 12 4 30 5 15 7 18 
37 21 6 33 9 36 32 26 11 13 3 8 27 31 1 2 20 23 22 10 14 29 38 12 4 30 5 15 7 18 
38 21 6 33 9 36 32 26 11 13 3 8 27 31 1 2 20 23 22 10 29 38 12 4 30 5 15 7 18 17 
39 21 6 33 9 36 32 26 11 13 3 8 27 31 1 2 20 23 22 10 38 29 12 4 30 5 15 7 18 17 
40 21 6 33 9 36 32 26 11 13 3 8 27 31 1 40 2 20 23 22 10 14 38 29 12 4 30 5 15 7 18 17 
41 21 6 33 9 36 32 26 11 13 3 8 27 41 31 1 40 2 20 23 22 10 14 38 29 12 4 30 5 15 7 18 17 
42 21 6 33 9 36 32 26 11 13 3 8 27 41 31 1 40 2 20 23 22 10 14 42 38 29 12 4 30 5 15 7 18 17 
43 21 6 33 9 36 32 26 43 11 13 3 8 27 41 31 1 40 2 20 23 22 10 14 42 38 29 12 4 30 5 15 7 18 17 
44 21 6 33 9 36 32 26 43 11 13 3 8 27 41 31 1 40 2 20 23 22 10 14 42 38 29 44 12 4 30 5 15 7 18 17 
45 21 6 33 9 36 32 26 45 43 11 13 3 8 27 41 31 1 40 2 20 23 22 10 14 42 44 38 29 12 4 30 5 15 7 18 17 
46 21 6 33 9 36 32 26 45 43 11 13 3 8 27 41 31 1 40 2 20 23 22 46 10 14 42 44 38 29 12 4 30 5 15 7 18 17 
47 21 6 33 9 36 32 26 45 43 11 13 3 8 27 41 31 1 40 2 20 23 22 46 10 14 42 44 38 29 12 4 30 5 15 7 18 17 
48 21 6 33 9 36 32 26 45 43 11 13 3 8 27 41 31 1 40 2 20 23 22 46 10 14 42 44 38 29 12 4 30 5 15 7 18 17 
