1 1 
2 1 2 
3 1 3 2 
4 1 3 2 4 
5 1 3 2 4 5 
6 1 3 6 2 4 5 
7 7 1 3 6 2 4 5 
8 7 1 3 8 6 2 4 5 
9 7 1 3 9 8 6 2 4 5 
10 7 1 3 9 8 6 10 2 4 5 
11 7 1 3 9 8 6 10 2 4 5 
12 7 1 3 9 8 6 12 10 2 4 5 
13 7 1 3 9 13 8 6 12 10 2 4 5 
14 7 1 3 9 13 8 6 12 10 2 4 5 
15 7 1 3 9 13 8 6 12 10 2 4 5 
16 3 16 8 6 10 2 5 7 1 9 13 12 4 
17 3 16 8 6 10 2 5 7 1 9 13 12 4 
18 3 16 8 6 10 2 5 7 1 9 13 12 4 18 
19 3 16 8 6 10 2 5 7 1 9 13 12 4 18 
20 3 16 8 6 10 2 5 7 1 9 13 20 12 4 
21 21 3 16 8 6 10 2 5 7 1 9 13 20 12 4 18 
22 21 3 16 8 6 10 2 5 7 22 1 9 13 20 12 4 18 
23 21 3 16 8 6 10 2 5 7 23 22 1 9 13 20 12 4 18 
24 21 3 24 16 8 6 10 2 5 7 23 22 1 9 13 20 12 4 18 
25 21 25 3 24 16 8 6 10 2 5 7 23 22 1 9 13 20 12 4 18 
26 21 25 3 24 16 8 6 10 2 5 7 23 22 26 1 9 13 20 12 4 18 
27 21 25 3 24 16 8 6 10 2 5 7 23 22 26 1 9 27 13 20 12 4 18 
28 21 25 3 24 16 8 6 10 2 5 7 23 22 26 28 1 9 27 13 20 12 4 18 
29 21 25 3 24 16 8 6 10 2 5 7 23 22 26 28 1 9 27 13 20 12 4 18 29 
30 21 25 3 24 16 8 6 10 2 5 7 23 22 26 28 1 9 27 13 20 12 4 18 29 
31 21 25 3 24 16 8 6 10 2 5 7 23 22 26 28 1 9 27 13 20 12 4 18 29 
