1 1 
2 2 
3 3 
4 4 
5 5 
6 6 
7 7 
8 8 
9 9 
10 10 
11 11 
12 12 
13 13 
14 14 
15 15 
16 16 
17 17 
18 18 
19 19 
21 20 
23 21 
24 22 
26 23 
27 24 
28 25 
31 23 
32 26 
33 27 
35 28 
36 29 
38 30 
40 31 
41 32 
43 33 
44 34 
46 35 
47 36 
49 37 
50 38 
51 39 
52 40 
53 41 
54 42 
56 43 
59 43 
61 44 
63 45 
64 46 
66 47 
67 48 
68 38 
69 49 
70 50 
71 40 
72 51 
73 52 
75 53 
78 53 
80 44 
82 54 
83 55 
84 38 
85 56 
86 57 
87 40 
88 58 
89 59 
91 60 
94 60 
96 44 
97 61 
98 62 
99 38 
100 63 
101 64 
102 65 
104 66 
105 67 
107 68 
108 69 
110 70 
111 71 
112 72 
115 73 
116 74 
117 75 
119 76 
120 77 
121 78 
123 79 
124 80 
126 81 
127 82 
128 40 
129 83 
130 84 
132 85 
133 86 
134 87 
136 88 
137 89 
138 90 
140 91 
142 92 
143 93 
144 94 
147 95 
148 40 
149 96 
150 97 
151 98 
152 99 
153 100 
155 101 
156 102 
157 103 
158 104 
160 105 
162 100 
164 100 
165 106 
167 107 
168 108 
169 109 
170 110 
172 100 
174 111 
175 100 
176 112 
177 103 
178 113 
179 114 
180 100 
181 115 
183 116 
184 117 
185 118 
186 119 
187 120 
189 121 
190 122 
191 123 
193 124 
194 125 
196 126 
197 127 
198 128 
199 129 
200 130 
201 131 
202 132 
203 133 
204 134 
205 135 
206 136 
207 137 
208 138 
209 139 
211 100 
213 140 
215 141 
216 142 
217 100 
218 143 
220 144 
221 145 
223 146 
224 147 
225 148 
226 149 
227 150 
228 151 
229 152 
230 153 
231 154 
232 155 
233 156 
234 157 
235 158 
236 159 
237 160 
238 161 
239 162 
240 163 
241 164 
242 165 
243 166 
244 167 
245 168 
246 169 
247 170 
248 171 
249 172 
250 173 
251 174 
252 175 
253 176 
254 177 
255 178 
256 179 
257 180 
258 181 
259 182 
261 183 
262 184 
264 185 
266 144 
268 100 
270 186 
271 187 
273 188 
274 189 
276 190 
277 191 
278 192 
279 193 
280 194 
281 195 
282 196 
283 197 
284 198 
287 199 
288 200 
289 201 
290 202 
291 203 
292 204 
293 205 
294 206 
295 207 
297 208 
299 209 
300 210 
302 40 
303 211 
305 212 
307 213 
308 214 
309 215 
310 96 
314 216 
316 217 
318 218 
320 219 
