1 1 
2 1 2 
3 1 2 
4 1 2 
5 1 5 2 
6 1 5 2 
7 1 5 2 
8 1 5 2 8 
9 1 5 2 8 
10 1 5 2 8 
11 1 5 11 2 8 
12 1 5 11 2 12 8 
13 1 5 11 2 13 12 8 
14 1 5 11 2 13 14 12 8 
15 1 5 11 2 13 14 12 8 
16 1 5 11 2 13 14 12 8 
17 17 1 5 11 2 13 14 12 8 
18 17 1 5 18 11 2 13 14 12 8 
19 17 1 5 18 11 2 13 14 19 12 8 
20 17 1 5 18 11 2 13 14 19 12 8 
21 17 1 5 18 11 2 13 14 19 12 8 
22 22 17 1 5 18 11 2 13 14 19 12 8 
23 1 5 11 2 19 12 8 22 17 18 23 13 14 
24 1 5 11 2 19 12 8 22 17 24 18 23 13 14 
25 1 5 11 2 19 12 8 22 17 24 18 23 13 14 
26 1 5 11 2 19 12 8 22 17 24 18 23 13 14 
27 1 5 11 2 19 12 8 22 17 24 18 23 13 14 
