1 1 
2 2 1 
3 3 2 1 
4 3 2 4 1 
5 3 5 2 4 1 
6 3 6 5 2 4 1 
7 3 6 5 2 4 7 1 
8 3 6 5 8 2 4 7 1 
9 3 6 5 8 9 2 4 7 1 
10 3 6 5 8 9 2 4 7 1 
11 3 6 5 8 11 9 2 4 7 1 
12 3 6 5 8 11 9 2 4 7 1 
13 3 6 5 8 9 2 4 7 1 13 
14 3 6 14 5 8 11 2 4 7 1 13 
15 15 3 6 14 5 8 11 2 4 7 1 13 
16 15 3 6 14 5 8 11 2 4 7 1 13 
17 15 3 6 14 8 11 17 2 7 13 5 4 1 
18 15 3 6 14 8 11 17 2 7 13 5 4 20 1 
19 15 3 6 14 8 11 17 2 7 13 5 4 20 1 
20 15 3 6 14 8 11 2 7 13 5 4 20 1 
21 15 3 6 14 8 11 2 7 13 5 4 20 1 
22 15 3 6 14 8 11 17 2 7 13 5 4 20 1 
23 15 3 6 14 8 11 17 2 7 13 5 4 20 1 
