1 1 
2 1 2 
3 1 2 3 
4 1 2 4 3 
5 1 2 5 4 3 
6 1 2 5 4 3 
7 1 2 5 4 3 
8 1 2 5 4 3 
9 1 2 5 9 4 3 
10 1 2 5 9 4 3 10 
11 1 2 5 9 4 11 3 10 
12 1 2 5 9 4 11 3 10 
13 1 2 5 9 4 11 13 3 10 
14 1 2 5 9 14 4 11 13 3 10 
15 1 2 5 15 9 14 4 11 13 3 10 
16 1 2 5 15 9 14 4 11 13 16 3 10 
17 5 14 4 11 13 3 17 1 2 15 9 16 10 
18 5 14 4 11 13 3 17 1 2 15 9 16 10 18 
19 5 14 4 11 13 3 17 1 2 15 9 16 10 18 
20 5 14 4 11 13 3 17 1 2 15 9 16 10 18 
21 5 21 14 4 11 13 3 17 1 2 15 9 16 10 18 
22 5 21 14 4 11 13 3 17 1 2 15 22 9 16 10 18 
23 5 21 14 4 11 13 3 17 23 1 2 15 22 9 16 10 18 
24 5 21 14 4 11 13 3 24 17 23 1 2 15 22 9 16 10 18 
25 5 21 14 4 11 13 3 25 24 17 23 1 2 15 22 9 16 10 18 
26 5 21 14 4 11 13 26 3 25 24 17 23 1 2 15 22 9 16 10 18 
27 5 21 14 4 11 13 26 3 25 24 17 23 1 2 15 22 9 16 10 18 
28 5 21 14 4 11 13 26 3 25 24 17 23 1 2 15 22 9 16 10 18 
29 5 21 14 4 11 13 26 3 25 24 17 23 1 2 15 22 9 16 10 18 
