1 1 
2 1 
3 1 3 
4 1 3 
5 1 3 
6 1 6 
7 1 6 7 
8 1 6 7 
9 1 9 6 7 
10 1 9 10 6 7 
11 11 1 9 10 6 7 
12 11 1 9 10 6 7 
13 11 1 13 9 10 6 7 
14 11 1 13 14 9 10 6 7 
15 11 1 15 13 14 9 10 6 7 
16 11 1 15 13 14 9 16 10 6 7 
17 11 1 17 15 13 14 9 16 10 6 7 
18 11 18 1 17 15 13 14 9 16 10 6 7 
19 18 17 15 13 10 6 11 1 19 14 9 16 7 
20 18 17 15 13 10 6 11 1 19 14 9 16 20 7 
21 18 17 15 13 21 10 6 11 1 19 14 9 16 20 7 
22 18 17 15 13 21 10 6 11 1 19 14 9 16 20 7 
23 18 17 15 13 21 10 11 1 19 14 9 16 20 23 7 
24 18 17 15 13 21 10 11 1 19 14 9 16 20 23 7 
25 11 1 9 10 6 7 25 
26 11 26 1 9 10 7 25 
27 26 18 17 15 13 21 10 6 11 1 19 14 9 16 20 23 7 25 
