1 1 
2 2 1 
3 2 1 
4 2 1 4 
5 2 1 4 
6 2 1 6 4 
7 2 1 6 4 
8 2 8 1 6 4 
9 2 8 1 6 4 
10 2 8 10 1 6 4 
11 2 8 10 1 6 4 
12 2 8 10 1 6 4 
13 2 8 10 1 6 13 4 
14 2 8 10 1 6 13 4 
15 2 8 10 1 6 13 4 
16 2 8 10 1 6 16 13 4 
17 2 8 10 1 6 16 13 4 17 
18 2 8 18 10 1 6 16 13 4 17 
19 2 8 18 10 1 6 16 13 4 17 
20 2 8 18 10 1 6 16 13 4 17 
21 2 8 18 10 1 6 16 13 4 17 21 
22 2 8 18 22 10 1 6 16 13 4 17 21 
23 8 18 10 1 4 23 2 22 6 16 13 17 21 
24 8 18 10 1 4 23 2 22 6 16 13 17 21 
25 8 18 10 1 25 4 23 2 22 6 16 13 17 21 
26 8 18 10 1 25 4 23 2 22 6 16 13 17 21 
27 8 18 10 1 25 4 23 2 22 6 16 13 27 17 21 
28 8 18 10 1 25 4 23 2 22 6 16 13 27 17 21 
29 8 18 10 1 25 4 23 2 22 6 16 13 27 29 17 21 
30 8 18 10 1 25 30 34 4 23 2 22 6 16 13 27 29 32 17 21 
31 8 18 10 1 25 30 34 4 23 2 22 6 16 13 27 29 32 17 21 
32 8 18 10 1 25 30 34 4 23 2 22 6 16 13 27 29 32 17 21 
33 8 18 10 1 25 30 34 4 23 2 22 6 16 13 27 29 32 17 21 
34 8 18 10 1 25 30 34 4 23 2 22 6 16 13 27 32 17 21 
35 8 18 10 1 25 30 34 4 23 2 22 6 16 13 27 32 17 21 
36 8 18 10 1 25 30 34 4 36 23 2 22 6 16 13 27 29 32 17 21 
37 8 18 10 1 25 30 34 4 36 23 2 22 6 16 13 27 29 32 17 21 
38 8 18 10 1 25 30 34 4 36 23 2 22 6 16 13 27 29 32 17 21 
