1 1 
2 2 1 
3 3 2 1 
4 3 4 2 1 
5 5 3 4 2 1 
6 5 3 4 6 2 1 
7 5 3 4 6 2 1 7 
8 5 3 8 4 6 2 1 7 
9 5 3 8 4 6 2 1 7 
10 5 3 8 4 6 2 1 7 10 
11 5 3 8 4 6 2 1 7 10 
12 5 3 8 12 4 6 2 1 7 10 
13 5 3 8 12 4 6 2 1 7 10 
14 5 3 8 12 4 6 2 1 14 7 10 
15 5 3 8 12 15 4 6 2 1 14 7 10 
16 5 3 8 12 15 16 4 2 1 14 7 10 
17 5 3 8 12 15 16 4 2 1 14 7 10 
18 5 3 8 12 4 6 18 2 1 7 10 
19 5 3 8 12 4 6 18 2 1 7 10 
20 5 3 8 12 4 6 18 2 1 7 20 10 
21 5 3 8 12 4 6 18 2 1 7 20 10 
22 22 5 3 6 18 2 8 12 4 1 7 20 10 
23 22 5 3 6 18 2 8 12 4 1 7 20 10 
24 22 5 24 3 6 18 2 8 12 4 1 7 20 10 
25 22 5 24 3 25 18 2 8 12 4 1 7 20 10 
26 22 5 24 3 25 6 26 18 2 14 8 12 15 16 4 1 7 20 10 
27 22 5 24 3 25 6 26 18 2 14 8 12 15 16 4 1 7 20 10 
28 22 5 24 28 3 25 6 26 18 2 14 8 12 15 16 4 1 7 20 10 
29 22 5 24 28 3 25 6 26 18 2 14 8 12 15 16 4 1 7 20 10 
30 22 5 24 28 3 25 6 26 18 2 14 8 12 15 16 4 30 1 7 20 10 
31 22 5 24 28 3 25 6 26 18 2 14 8 12 15 16 4 30 1 7 20 10 
32 22 5 24 28 3 25 6 26 18 2 14 8 12 15 16 4 32 30 1 20 10 
33 22 5 24 28 3 25 6 26 18 2 14 8 12 15 16 4 32 30 1 20 10 
34 22 5 24 28 3 25 6 26 18 2 14 8 12 15 34 16 4 30 1 7 20 10 
35 22 5 24 28 3 25 6 26 18 2 14 8 12 15 34 16 4 30 1 7 20 10 
36 22 5 24 28 3 25 6 26 18 2 14 36 8 12 15 34 16 4 30 1 7 20 10 
37 22 5 24 28 3 25 6 26 18 2 14 36 8 12 15 34 16 4 30 1 7 20 10 
38 22 5 24 28 3 25 6 26 18 2 14 38 36 8 12 15 34 16 4 30 1 7 20 10 
39 22 5 24 28 3 25 6 26 18 2 14 38 36 8 12 15 34 16 4 30 1 7 20 10 
40 24 25 6 26 18 2 36 15 34 4 30 1 7 20 10 22 5 28 3 14 38 8 12 16 40 
41 24 41 25 6 26 18 2 36 15 34 4 30 1 7 20 10 22 5 28 3 14 38 8 12 16 40 
42 24 41 25 6 26 18 2 36 15 34 4 30 1 20 10 22 5 28 3 14 38 8 12 16 40 42 
43 24 41 25 6 26 18 2 36 15 34 4 30 1 20 10 22 5 28 3 14 38 8 12 16 40 42 
44 24 25 6 26 18 2 36 15 34 4 30 1 44 7 20 10 22 5 28 3 14 38 8 12 16 
45 24 25 6 26 18 2 36 15 34 4 30 1 44 7 20 10 22 5 28 3 14 38 8 12 16 
46 24 25 6 26 18 2 36 15 34 4 30 1 44 7 20 10 22 5 28 3 46 14 38 8 12 16 
47 24 25 6 26 18 2 36 15 34 4 30 1 44 7 20 10 22 5 28 3 46 14 38 8 12 16 
48 24 25 6 26 18 2 36 15 34 4 48 30 1 44 7 20 10 22 5 28 3 46 14 38 8 12 16 
49 24 25 6 26 18 2 36 15 34 4 48 30 1 44 7 20 10 22 5 28 3 46 14 38 8 12 16 
50 24 25 6 26 18 2 36 15 34 4 48 30 1 44 7 20 10 22 5 28 3 46 14 38 8 12 16 50 
51 24 25 6 26 18 2 36 51 15 34 4 48 30 1 44 20 10 22 5 28 3 46 14 38 8 12 16 50 
52 24 41 25 6 26 18 2 36 51 15 34 4 48 32 30 1 44 20 7 10 22 5 28 3 46 14 38 8 12 16 40 50 42 
53 24 41 25 6 26 18 2 36 51 15 34 4 48 32 30 1 44 20 7 10 22 5 28 3 46 14 38 8 12 16 40 50 42 
54 24 41 25 6 26 18 2 36 51 15 34 4 48 32 30 1 44 20 7 10 22 5 28 3 46 14 38 8 12 16 40 50 42 
