1 1 
2 1 2 
3 1 2 
4 1 2 
5 1 2 5 
6 1 2 5 
7 1 2 5 
8 1 2 5 8 
9 1 2 5 8 9 
10 1 10 2 5 8 9 
11 1 10 2 5 8 9 
12 1 10 2 5 8 9 
13 1 10 2 13 5 8 9 
14 1 10 2 14 13 5 8 9 
15 1 10 2 14 13 5 8 9 
16 1 10 2 14 13 5 8 9 
17 1 10 2 17 14 13 5 8 9 
18 1 10 2 17 18 14 13 5 8 9 
19 1 10 2 17 18 19 14 13 5 8 9 
20 1 10 2 17 18 19 14 13 5 8 9 
21 1 10 2 17 18 19 14 13 5 8 9 
22 1 10 22 2 17 18 19 14 13 5 8 9 
23 5 23 8 9 1 10 22 2 17 18 19 14 13 
24 5 23 8 9 1 10 22 2 17 18 19 24 14 13 
25 5 23 8 9 1 10 22 2 17 18 19 24 14 13 
26 5 23 8 9 1 10 22 2 17 18 19 24 14 13 
27 5 23 8 9 1 10 22 2 17 18 19 24 14 13 
