1 1 
2 2 1 
3 2 3 1 
4 2 4 3 1 
5 2 4 3 1 5 
6 2 6 4 3 1 5 
7 2 6 4 3 7 1 5 
8 2 6 4 3 8 7 1 5 
9 2 9 6 4 3 8 7 1 5 
10 2 9 6 4 3 8 10 7 1 5 
11 2 9 6 11 4 3 8 10 7 1 5 
12 2 9 6 11 4 12 3 8 10 7 1 5 
13 2 9 6 11 4 12 3 8 10 7 1 5 
14 2 6 12 3 14 8 10 7 1 9 11 4 5 
15 2 6 15 12 3 14 8 10 7 1 9 11 4 5 
16 2 6 15 12 3 14 8 10 7 1 9 11 4 16 5 
17 2 6 15 12 3 14 8 10 7 1 9 11 4 16 5 
18 2 6 15 12 3 14 8 7 1 18 9 11 4 16 5 
19 2 6 15 12 3 14 8 7 1 18 9 11 4 16 5 
20 2 6 12 3 8 10 7 1 9 20 11 4 5 
21 21 2 6 12 3 8 10 7 1 9 20 11 4 5 
22 21 2 6 12 3 8 10 7 1 9 20 11 4 5 
23 21 2 23 6 12 3 8 10 7 1 9 20 11 4 5 
24 21 2 23 6 12 3 8 10 7 1 9 20 11 4 24 5 
25 21 2 23 6 12 3 8 10 7 1 25 9 20 11 4 24 5 
26 21 2 23 6 12 3 8 10 7 1 25 9 20 11 4 24 5 
27 21 27 2 23 6 12 3 8 7 1 25 9 20 11 4 24 5 
28 21 27 2 23 6 15 12 3 14 8 10 7 1 18 25 9 20 11 4 16 24 5 
29 21 27 2 23 6 15 12 3 14 8 10 7 1 18 25 9 20 11 4 16 24 5 
30 21 27 2 23 6 15 12 3 14 8 10 7 1 18 25 9 20 11 4 16 24 5 
31 21 27 2 23 6 15 12 3 14 8 10 7 1 18 25 9 20 11 4 16 24 5 
