1 1 
2 2 1 
3 3 2 1 
4 3 2 1 
5 5 3 2 1 
6 5 3 2 1 
7 5 7 3 2 1 
8 5 7 3 2 8 1 
9 5 7 3 2 9 8 1 
10 5 7 3 2 10 8 1 
11 5 7 3 2 11 8 1 
12 5 7 3 2 11 8 1 
13 5 3 2 1 13 
14 5 3 2 1 13 
15 5 3 2 1 15 13 
16 5 3 2 16 1 15 13 
17 5 3 2 16 1 15 17 13 
18 5 3 2 16 1 15 17 18 13 
19 5 3 2 16 1 15 17 18 13 19 
20 5 3 2 20 16 1 15 17 13 19 
21 5 3 2 20 16 1 15 17 21 13 19 
22 5 22 3 2 20 16 1 15 17 21 13 19 
23 5 22 3 2 16 1 15 17 21 13 19 23 
24 5 22 3 2 16 1 15 17 21 13 19 23 
25 5 3 2 1 25 13 
26 5 3 2 1 25 13 
27 3 27 2 1 
28 3 27 2 1 
29 3 27 2 1 29 
30 30 3 27 2 1 29 
31 31 30 3 27 2 1 29 
32 30 3 27 2 32 1 29 
33 30 3 27 2 33 1 29 
34 30 3 27 2 33 1 29 
35 3 27 2 35 1 
36 3 2 11 16 33 15 25 29 13 5 7 22 30 27 35 8 1 17 21 19 23 
