1 1 
2 2 1 
3 2 3 1 
4 4 2 3 1 
5 4 2 3 5 1 
6 4 2 3 6 5 1 
7 4 2 3 6 5 7 1 
8 4 2 3 6 5 7 1 
9 4 2 3 6 9 5 7 1 
10 4 2 3 6 9 5 7 1 
11 4 2 3 6 9 5 7 11 1 
12 4 2 3 6 9 5 7 11 1 
13 4 2 3 6 9 5 7 13 1 
14 4 2 3 6 9 5 7 13 1 
15 4 2 3 6 9 5 7 13 15 1 
16 4 2 3 6 9 5 7 13 15 1 
17 4 2 3 6 9 5 7 13 15 1 
18 4 2 3 6 9 5 7 13 18 1 
19 4 2 3 6 9 5 7 13 18 1 
20 4 2 3 6 9 5 20 7 13 18 1 
21 4 2 3 6 9 5 20 7 13 18 1 
22 4 2 3 6 9 5 20 7 13 18 1 
23 4 2 3 6 5 23 7 1 
24 4 2 3 6 5 23 7 1 
25 4 2 3 6 5 25 23 7 1 
26 4 2 3 6 5 25 23 7 1 
27 4 2 3 6 5 25 23 7 27 1 
28 4 2 3 6 5 25 23 7 27 1 
29 4 2 3 6 5 25 23 29 7 1 
30 4 2 3 6 5 25 23 29 7 1 
31 31 4 2 3 6 5 25 23 29 7 1 
32 31 4 2 3 6 5 25 23 29 7 1 
33 31 4 2 3 6 5 25 23 29 7 1 
34 34 4 2 3 6 5 25 23 29 7 1 
35 34 4 2 3 6 5 25 23 29 7 1 
36 34 4 2 3 6 36 5 25 23 29 7 1 
37 34 4 2 3 6 36 5 25 23 29 7 1 
38 34 4 2 3 6 36 5 25 23 29 7 1 
39 4 2 3 6 5 23 7 1 39 
40 4 2 3 6 5 23 7 1 39 
41 4 2 3 6 5 23 41 7 1 39 
42 4 2 3 6 5 23 41 7 1 39 
43 4 2 3 6 43 5 23 41 7 1 39 
44 4 2 3 6 43 5 23 41 7 1 39 
45 45 4 2 3 6 5 23 41 7 1 39 
46 45 4 2 3 6 5 23 41 7 1 39 
47 45 4 2 3 6 5 23 41 47 7 1 39 
48 45 4 2 3 6 5 23 41 47 7 1 39 
49 45 4 2 3 6 5 23 41 49 7 1 39 
50 45 4 2 3 6 5 23 41 49 7 1 39 
51 45 2 3 5 41 49 7 1 4 6 23 51 39 
52 45 2 3 5 41 49 7 1 4 6 23 51 39 
53 34 45 2 3 5 25 41 29 53 49 7 13 18 1 4 6 9 23 39 
54 34 45 2 3 5 25 41 29 53 49 7 13 18 1 4 6 9 23 39 
55 34 45 2 3 5 25 41 29 53 49 7 13 18 1 4 6 9 23 39 
