1 1 
2 2 1 
3 2 1 3 
4 2 1 3 4 
5 5 2 1 3 4 
6 5 2 1 3 4 6 
7 5 2 1 3 6 7 
8 5 2 1 8 3 6 7 
9 5 2 1 8 3 6 7 9 
10 10 5 2 1 8 3 6 7 9 
11 11 10 5 2 1 8 3 6 9 
12 11 10 12 5 2 1 8 3 6 9 
13 11 10 12 5 13 2 1 8 3 6 9 
14 11 10 12 5 13 2 14 1 8 3 6 9 
15 10 12 5 13 2 14 1 8 3 6 9 15 
16 10 12 5 2 1 6 9 15 13 14 8 3 16 
17 10 12 5 2 1 17 6 9 15 13 14 8 3 16 
18 10 12 5 2 1 17 6 9 15 18 13 14 8 3 16 
19 10 12 5 2 1 17 6 19 9 18 13 14 8 3 16 
20 10 12 5 2 1 17 6 19 9 18 13 14 8 3 16 20 
21 10 12 5 2 1 17 6 19 9 18 13 14 21 8 3 16 20 
22 10 12 5 2 1 17 6 19 9 22 18 13 14 21 8 3 16 20 
23 10 12 5 23 2 1 17 6 9 22 18 13 14 21 8 3 16 20 
24 10 12 5 23 2 1 17 6 9 22 18 13 14 21 8 24 3 16 20 
25 10 12 5 23 2 1 17 6 9 22 18 13 14 25 21 8 24 3 16 20 
26 10 12 5 23 2 1 26 17 6 9 22 18 13 14 25 21 8 24 3 16 20 
27 10 12 5 2 1 26 17 6 9 27 22 18 13 14 25 21 8 24 3 16 20 
28 10 28 12 5 2 1 26 17 6 9 27 22 18 13 14 25 21 8 24 3 16 20 
29 10 28 12 29 5 2 1 26 17 6 9 27 22 18 13 14 25 21 8 24 3 16 20 
30 10 28 12 29 5 2 1 26 17 6 9 27 22 18 13 14 25 21 8 24 3 16 20 
31 10 28 12 29 5 2 1 26 17 6 9 31 27 22 18 13 14 25 21 8 24 3 16 20 
32 10 28 12 29 5 2 1 26 17 6 9 31 27 22 18 13 14 25 21 8 24 3 16 20 
33 10 28 12 29 5 2 1 26 17 6 9 27 22 18 13 14 25 21 8 24 3 16 20 33 
34 28 5 1 26 9 13 14 25 21 8 24 3 20 33 10 12 29 34 2 17 6 31 22 18 16 
35 28 5 1 26 9 35 13 14 25 21 8 24 3 20 33 10 12 29 34 2 17 6 31 22 18 16 
36 28 5 1 26 9 35 13 14 25 21 8 24 3 20 33 10 12 29 34 2 17 6 31 22 18 36 16 
37 28 5 1 26 9 35 13 14 25 21 8 24 3 20 33 10 12 29 34 2 17 6 31 22 18 36 16 37 
38 28 5 1 26 9 35 13 14 25 21 8 24 3 20 33 38 10 12 29 2 17 6 31 22 18 36 16 37 
39 28 5 1 26 39 9 35 13 14 25 21 8 24 3 20 33 38 10 12 29 2 17 6 31 22 18 36 16 37 
40 28 5 40 1 26 39 9 35 13 14 25 21 8 24 3 20 33 38 10 12 29 2 17 6 31 22 18 36 16 37 
41 28 5 40 1 26 39 9 35 13 14 25 21 8 24 3 20 33 38 10 12 29 2 17 6 31 22 18 36 16 37 
42 28 5 40 1 26 39 9 35 13 42 14 25 21 8 24 3 20 33 38 10 12 29 2 17 6 31 22 18 36 16 37 
43 28 5 40 1 26 39 9 35 13 42 14 25 21 8 24 3 20 33 38 10 12 29 2 17 6 31 22 18 36 16 37 
44 28 44 5 40 1 26 39 9 35 13 14 25 21 8 24 3 20 33 38 10 12 29 2 17 6 31 22 18 36 16 37 
45 28 44 5 40 45 1 26 39 9 35 13 42 14 25 21 8 24 3 20 33 10 12 29 2 17 6 31 22 18 36 16 37 
46 28 44 5 40 45 1 26 39 9 35 13 42 14 25 21 8 24 3 20 33 10 12 29 2 17 6 31 46 22 18 36 16 37 
47 28 44 5 40 45 1 26 39 9 35 13 42 14 25 21 8 24 3 20 47 33 10 12 29 2 17 6 31 46 22 18 36 16 37 
48 28 44 5 40 45 1 26 48 39 9 35 13 42 14 25 21 8 24 3 20 47 33 10 12 29 2 17 6 31 46 22 18 36 16 37 
49 28 44 5 40 1 26 48 39 9 35 49 13 42 14 25 21 8 24 3 20 47 33 10 12 29 2 17 6 31 46 22 18 36 16 37 
50 28 44 5 40 1 26 48 39 9 35 49 13 42 14 25 21 8 24 3 20 47 33 10 12 29 2 17 6 31 46 22 18 36 16 37 50 
51 28 44 5 40 1 26 48 39 9 35 49 13 42 14 25 21 8 24 3 20 47 33 10 12 29 2 17 51 6 31 46 22 18 36 16 37 50 
52 28 44 5 40 1 26 48 39 9 35 49 13 42 14 25 21 8 24 3 20 47 33 10 12 29 2 17 51 6 31 46 22 18 36 52 16 37 50 
53 28 44 5 40 1 26 48 39 9 35 13 42 14 25 21 8 24 3 20 53 47 33 10 12 29 2 17 51 6 31 46 22 18 36 52 16 37 50 
54 28 44 5 40 1 26 48 39 54 9 35 13 42 14 25 21 8 24 3 20 53 47 33 10 12 29 2 17 51 6 31 46 22 18 36 52 16 37 50 
55 28 44 5 40 1 26 48 39 54 9 35 55 13 42 14 25 21 8 24 3 20 53 47 33 10 12 29 2 17 51 6 31 46 22 18 36 52 16 37 50 
56 28 44 5 40 1 26 48 39 54 9 35 55 13 42 14 25 21 8 24 3 20 53 47 33 10 12 29 2 17 51 6 31 46 22 18 36 52 16 37 50 
57 28 44 5 40 1 26 48 39 54 9 57 35 55 13 42 14 25 21 8 24 3 20 53 47 33 10 12 29 2 17 51 6 31 46 22 18 36 52 16 37 50 
58 28 44 5 40 1 26 48 39 54 9 57 35 55 13 42 14 25 21 8 24 3 20 53 47 33 10 12 29 2 17 51 6 31 46 22 18 36 52 16 37 50 
59 28 44 5 40 1 26 48 39 54 9 35 55 13 42 14 25 21 8 24 3 20 53 47 33 10 59 12 29 2 17 51 6 31 46 22 18 36 52 16 37 50 
60 28 44 5 40 1 26 48 39 54 9 57 35 55 13 42 14 25 21 8 24 3 20 47 33 10 59 12 29 60 2 17 51 6 31 46 22 18 36 52 16 37 50 
61 28 44 5 40 1 26 48 39 54 9 57 35 55 13 42 14 25 21 8 24 3 20 47 33 10 59 12 29 60 2 61 17 51 6 31 46 22 18 36 52 16 37 50 
62 28 44 5 40 1 26 48 39 54 9 57 35 55 13 42 14 25 21 8 24 3 20 47 33 10 59 12 29 60 2 61 17 51 6 62 31 46 22 18 36 52 16 37 50 
63 28 44 5 40 63 1 26 48 39 54 9 57 35 55 13 42 14 25 21 8 24 3 20 47 33 10 59 12 29 60 2 61 17 51 6 62 31 46 22 18 36 52 16 37 50 
64 28 44 64 5 40 63 1 26 48 39 54 9 57 35 55 13 42 14 25 21 8 24 3 20 47 33 10 59 12 29 2 61 17 51 6 62 31 46 22 18 36 52 16 37 50 
65 28 44 64 5 40 63 1 26 48 39 54 9 57 35 65 55 13 42 14 25 21 8 24 3 20 47 33 10 59 12 29 2 61 17 51 6 62 31 46 22 18 36 52 16 37 50 
66 28 44 64 5 40 63 1 26 48 39 54 9 57 35 65 55 13 42 14 25 21 8 24 3 20 47 33 10 59 12 29 2 61 17 51 6 66 62 31 46 22 18 36 52 16 37 50 
67 28 44 64 5 40 63 1 26 48 67 39 54 9 57 35 65 55 13 42 14 25 21 8 24 3 20 47 33 10 59 12 29 2 61 17 51 6 66 62 31 46 22 18 36 52 16 37 50 
68 28 44 5 40 63 68 1 26 48 67 39 54 9 57 35 65 55 13 42 14 25 21 8 24 3 20 47 33 10 59 12 29 2 61 17 51 6 66 62 31 46 22 18 36 52 16 37 50 
69 39 54 9 65 55 13 42 25 21 8 3 20 33 12 29 61 51 69 31 46 22 52 16 37 28 44 5 40 63 68 1 26 48 67 57 35 14 24 47 10 59 2 17 6 66 62 18 36 50 
70 39 54 9 65 55 13 42 25 21 8 3 20 33 12 29 61 51 69 31 46 22 52 70 16 37 28 44 5 40 63 68 1 26 48 67 57 35 14 24 47 10 59 2 17 6 66 62 18 36 50 
71 39 54 9 65 55 13 42 25 21 8 3 20 33 12 29 61 51 69 31 46 22 52 70 16 37 28 44 5 40 63 68 1 26 48 67 57 35 14 24 47 10 59 2 17 6 66 62 18 36 50 
72 39 54 9 65 55 13 42 25 21 8 3 20 33 12 29 61 51 69 31 46 22 52 70 16 37 28 44 5 40 63 68 1 26 48 67 57 35 14 24 47 10 59 2 17 6 66 62 72 18 36 50 
73 39 54 9 65 55 13 42 25 21 8 3 20 33 12 29 61 51 69 31 46 22 52 70 16 37 28 44 5 40 63 68 1 26 48 67 57 35 14 24 47 10 59 2 17 6 66 62 72 18 36 50 
74 39 54 9 65 55 13 42 25 21 74 8 3 20 33 12 29 61 51 69 31 46 22 52 70 16 37 28 44 5 40 63 68 1 26 48 67 57 35 14 24 47 10 59 2 17 6 66 62 18 36 50 
75 39 54 9 65 55 13 42 25 21 74 8 3 20 33 12 29 61 51 69 31 46 22 52 70 16 37 28 44 5 40 63 1 26 48 67 57 35 14 24 47 75 10 59 2 17 6 66 62 72 18 36 50 
76 39 54 9 65 55 13 42 25 21 74 8 3 20 33 12 29 61 51 69 31 46 22 52 70 16 37 28 44 5 40 63 1 26 48 67 57 35 14 24 47 75 10 59 2 17 6 66 62 72 76 18 36 50 
77 39 54 9 65 55 13 42 25 21 74 8 3 20 33 12 29 61 77 51 69 31 46 22 52 70 16 37 28 44 5 40 63 1 26 48 67 57 35 14 24 47 75 10 59 2 17 6 66 62 72 76 18 36 50 
78 78 39 54 9 65 55 13 42 25 21 74 8 3 20 33 12 29 61 77 51 69 31 46 22 52 70 16 37 28 44 5 40 63 1 26 48 67 57 35 14 24 47 75 10 59 2 17 6 66 62 72 76 18 36 50 
79 78 39 54 9 65 55 13 42 25 21 74 8 3 20 33 12 29 61 77 51 69 31 46 22 52 70 16 37 28 44 5 40 63 1 26 48 67 57 35 14 24 47 10 59 2 17 6 66 62 79 72 76 18 36 50 
80 78 39 54 9 65 55 13 42 25 21 74 8 3 20 33 12 29 61 77 51 69 31 46 22 52 70 80 16 37 28 44 5 40 63 1 26 48 67 57 35 14 24 47 10 59 2 17 6 66 62 79 72 76 18 36 50 
81 78 39 54 9 65 55 13 42 25 21 74 8 3 20 33 12 29 81 61 77 51 69 31 46 22 52 70 80 16 37 28 44 5 40 63 1 26 48 67 57 35 14 24 47 10 59 2 17 6 66 62 79 72 76 18 36 50 
82 78 39 54 9 65 55 13 42 25 21 74 8 3 20 33 12 29 81 61 77 51 69 82 31 46 22 52 70 80 16 37 28 44 5 40 63 1 26 48 67 57 35 14 24 47 10 59 2 17 6 66 62 79 72 76 18 36 50 
83 78 39 54 9 65 55 13 42 25 21 74 8 3 20 33 12 29 81 61 77 51 69 82 31 46 22 83 52 70 80 16 37 28 44 5 40 63 1 26 48 67 57 35 14 24 47 10 59 2 17 6 66 62 72 76 18 36 50 
84 78 39 54 9 65 55 13 42 25 21 74 8 3 20 33 12 29 81 61 77 51 69 82 31 46 22 83 52 70 80 16 37 28 44 5 40 63 1 26 48 67 57 35 84 14 24 47 10 59 2 17 6 66 62 72 76 18 36 50 
85 85 78 39 54 9 65 55 13 42 25 21 74 8 3 20 33 12 29 81 61 77 51 69 82 31 46 22 83 52 70 80 16 37 28 44 5 40 63 1 26 48 67 57 35 84 14 24 47 10 59 2 17 6 66 62 72 76 18 36 50 
86 85 78 39 54 9 65 55 13 42 25 21 74 8 3 20 33 12 29 81 61 77 51 69 82 31 46 22 83 52 70 80 16 37 28 44 5 40 63 1 26 48 67 57 35 84 14 24 47 10 59 2 17 6 66 62 72 76 18 36 86 50 
87 85 78 39 54 9 65 55 13 42 25 21 74 8 3 20 33 12 29 81 61 77 51 69 82 31 46 22 52 70 80 16 37 87 28 44 5 40 63 1 26 48 67 57 35 84 14 24 47 10 59 2 17 6 66 62 72 76 18 36 86 50 
88 85 78 39 54 9 65 55 13 42 25 21 74 8 3 20 33 12 29 81 61 77 51 69 82 31 46 22 52 70 80 16 37 87 28 44 5 40 63 1 26 48 67 57 35 84 14 24 47 10 59 2 17 6 66 62 72 76 18 36 86 50 
