1 1 
2 2 1 
3 2 1 3 
4 2 1 3 
5 2 1 3 5 
6 2 1 3 5 6 
7 2 1 3 5 6 
8 2 1 8 3 5 6 
9 2 1 8 3 5 6 
10 2 1 10 8 3 6 
11 2 1 10 8 11 3 6 
12 2 15 12 18 1 10 16 8 11 3 14 6 
13 2 12 15 18 1 10 16 8 11 3 14 6 
14 2 12 15 18 1 10 16 8 11 3 14 6 
15 2 12 15 18 1 10 16 8 11 3 14 6 
16 2 12 15 18 1 10 16 8 11 3 14 6 
17 2 12 15 18 1 10 16 8 11 3 14 6 
18 2 12 15 18 1 10 16 8 3 14 6 
19 2 12 15 18 1 10 16 8 3 14 6 
20 2 12 18 1 10 8 14 6 15 20 16 11 3 5 
21 2 12 18 1 10 8 14 6 21 15 20 16 11 3 5 
22 2 12 18 22 1 10 8 14 6 21 15 20 16 11 3 5 
23 2 12 22 18 1 10 8 14 6 21 15 20 16 11 3 5 
24 2 12 22 18 1 10 8 14 6 21 15 20 16 11 3 5 
