1 1 
2 2 1 
3 2 1 3 
4 2 4 1 3 
5 2 4 1 3 
6 2 4 1 3 6 
7 2 4 1 3 7 6 
8 2 4 1 3 7 6 8 
9 2 4 1 3 7 6 8 
10 2 4 10 1 3 7 6 8 
11 2 4 10 1 3 7 6 8 
12 2 4 10 1 3 7 6 8 12 
13 2 4 10 1 3 7 6 8 12 
14 2 4 10 1 3 7 14 6 8 12 
15 2 4 10 1 3 7 14 6 8 12 
16 2 4 10 1 3 7 14 6 8 12 
17 17 2 4 10 1 3 7 6 8 
18 17 2 4 10 1 3 7 6 8 
19 17 2 4 10 1 3 7 6 8 19 
20 17 2 4 10 1 3 7 6 8 19 
21 17 21 2 4 10 1 3 7 6 8 19 
22 17 21 2 4 10 1 3 7 6 8 19 
23 17 21 2 4 10 1 3 7 6 8 19 
24 2 4 24 1 3 7 6 8 
25 2 4 24 1 3 7 6 25 8 
26 2 4 24 1 3 7 26 6 25 8 
27 2 4 24 1 3 7 26 6 25 8 
28 2 4 24 1 3 7 26 28 25 8 
29 2 4 24 1 3 7 26 28 25 8 
30 2 4 24 1 3 7 30 26 6 25 8 
31 2 4 24 1 3 7 30 26 6 25 8 
32 2 4 24 1 3 7 30 26 6 25 32 8 
33 2 4 24 1 3 7 30 26 25 33 32 8 
34 2 4 3 7 28 25 8 19 17 21 10 1 30 34 14 26 6 33 32 12 
35 2 35 4 3 7 28 25 8 19 17 21 10 1 30 34 14 26 6 33 32 12 
36 2 35 4 3 7 28 25 8 19 17 21 10 1 30 34 14 6 33 32 36 12 
37 2 35 4 37 3 7 28 25 8 19 17 21 10 1 30 34 14 6 33 32 36 12 
38 2 35 4 37 3 7 28 25 8 19 17 21 10 1 30 34 14 6 33 32 36 12 38 
39 35 4 37 45 25 41 43 42 44 6 36 38 2 3 7 28 8 19 17 21 10 40 1 30 34 14 33 32 12 
40 35 4 37 45 25 41 43 42 44 6 36 38 2 3 7 28 8 19 17 21 10 40 1 30 34 14 33 32 12 
41 35 4 37 45 25 43 41 42 44 6 36 38 2 3 7 28 8 19 17 21 10 40 1 30 34 14 33 32 12 
42 35 4 37 45 25 41 43 42 44 6 36 38 2 3 7 28 8 19 17 21 10 40 1 30 34 14 33 32 12 
43 35 4 37 45 25 41 43 42 44 6 36 38 2 3 7 28 8 19 17 21 10 40 1 30 34 14 33 32 12 
44 35 4 45 25 41 43 42 44 6 36 38 2 3 7 28 8 19 17 21 10 40 1 30 34 14 33 32 12 
45 35 4 45 25 41 43 42 44 6 36 2 3 7 28 8 19 17 21 10 40 1 30 34 14 33 32 12 
46 35 4 45 25 41 43 42 44 6 36 2 3 7 28 8 19 17 21 10 40 1 30 34 14 33 32 12 
47 35 4 37 45 25 41 43 47 42 44 6 36 38 2 3 7 28 8 19 17 21 10 40 1 30 34 14 33 32 12 
48 35 4 37 45 25 41 43 47 42 44 6 36 38 2 3 7 28 8 19 17 21 10 40 1 30 34 14 33 32 12 
49 35 4 37 25 49 41 43 47 42 44 6 36 2 3 7 28 8 19 17 21 10 40 1 30 34 14 33 32 12 
50 35 4 37 25 49 41 43 47 42 44 6 36 50 2 3 7 28 8 19 17 21 10 40 1 30 34 14 33 32 12 
51 35 51 4 37 25 49 41 43 47 42 44 6 36 50 2 3 7 28 8 19 17 21 10 40 1 30 34 14 33 32 12 
52 35 51 4 37 52 25 49 41 43 47 42 44 6 36 50 2 3 7 28 8 19 17 21 10 40 1 30 34 14 33 32 12 
53 35 51 4 37 52 25 49 41 43 47 42 44 6 36 50 2 3 7 28 8 19 17 21 10 40 1 30 34 14 33 32 12 
54 35 51 4 37 52 25 49 41 43 47 54 42 44 6 36 50 2 3 7 28 8 19 17 21 10 40 1 30 34 14 33 32 12 
55 35 51 4 37 55 52 25 49 41 43 47 54 42 44 6 36 50 2 3 7 28 8 19 17 21 10 40 1 30 34 14 33 32 12 
56 35 51 4 37 55 52 25 49 41 43 47 54 42 44 6 36 50 56 2 3 7 28 8 19 17 21 10 40 1 30 34 14 33 32 12 
57 35 51 4 37 55 52 25 49 41 43 47 54 42 44 6 36 50 56 2 3 7 28 8 19 17 21 10 40 1 30 34 14 33 32 12 57 
58 35 51 4 37 55 58 52 25 49 41 43 47 54 42 44 6 36 50 56 2 3 7 28 8 19 17 21 10 40 1 30 34 14 33 32 12 57 
59 35 4 37 55 58 52 25 49 41 43 47 54 42 44 6 36 50 56 2 3 7 59 28 8 19 17 21 10 40 1 30 34 14 33 32 12 57 
60 35 4 37 55 58 52 25 49 41 43 47 54 42 44 6 36 50 56 2 3 7 59 28 8 19 17 21 10 40 1 30 34 14 33 32 12 57 
61 35 51 4 37 52 61 25 49 41 43 47 42 44 6 36 50 2 3 7 28 8 19 17 21 10 40 1 30 34 14 33 32 12 
62 35 51 4 37 52 61 25 49 41 43 47 42 44 6 36 50 2 3 7 28 8 19 17 21 10 40 1 30 34 14 33 32 12 
63 35 51 4 37 63 52 61 25 49 41 43 47 42 44 6 36 50 2 3 7 28 8 19 17 21 10 40 1 30 34 14 33 32 12 
64 35 51 4 37 63 52 61 25 49 41 43 47 42 44 6 36 50 2 3 7 28 8 19 17 21 64 10 40 1 30 34 14 33 32 12 
65 35 51 4 37 63 52 61 25 49 41 43 47 42 44 6 36 50 2 3 7 65 28 8 19 17 21 64 10 40 1 30 34 14 33 32 12 
66 35 51 4 37 63 52 61 25 49 41 43 47 42 44 6 36 50 2 66 3 7 65 28 8 19 17 21 64 10 40 1 30 34 14 33 32 12 
67 35 51 4 37 63 52 61 25 49 41 43 47 42 44 6 36 50 67 2 66 3 7 65 28 8 19 17 21 64 10 40 1 30 34 14 33 32 12 
68 35 4 37 63 52 61 25 49 41 43 47 42 44 6 36 50 67 2 66 3 7 65 28 68 8 19 17 21 64 10 40 1 30 34 14 33 32 12 
69 35 51 4 69 37 55 58 63 52 61 25 41 43 47 54 42 44 6 36 50 67 56 2 66 3 7 65 59 28 68 8 19 17 21 64 10 40 1 30 34 14 33 32 12 57 
70 35 4 69 37 107 63 79 93 25 43 47 44 6 86 56 72 94 65 103 104 59 77 68 98 19 21 64 40 1 14 87 76 105 57 82 51 83 78 81 55 58 52 61 99 41 74 54 42 36 50 67 109 2 66 92 71 95 3 7 102 28 73 97 106 8 17 10 30 34 33 90 32 12 
71 35 4 69 37 107 63 79 93 25 43 47 44 6 86 56 72 94 65 103 104 59 77 68 98 19 21 64 40 1 14 87 76 105 57 82 51 83 78 81 55 58 52 61 99 41 74 54 42 36 50 67 109 2 66 92 95 71 3 7 102 28 73 97 106 8 17 10 30 34 33 90 32 12 
72 35 4 69 37 107 63 79 93 25 43 47 44 6 86 56 72 94 65 103 104 59 77 68 98 19 21 64 40 1 14 87 76 105 57 82 51 83 78 81 55 58 52 61 99 41 74 54 42 36 50 67 109 2 66 92 71 95 3 7 102 28 73 97 106 8 17 10 30 34 33 90 32 12 
73 35 4 69 37 107 63 79 93 25 43 47 44 6 86 56 72 94 65 103 104 59 77 68 98 19 21 64 40 1 14 87 76 105 57 82 51 83 78 81 55 58 52 61 99 41 74 54 42 36 50 67 109 2 66 92 71 95 3 7 102 28 97 73 106 8 17 10 30 34 33 90 32 12 
74 35 4 69 37 107 63 79 93 25 43 47 44 6 86 56 72 94 65 103 104 59 77 68 98 19 21 64 40 1 14 87 76 105 57 82 51 83 78 81 55 58 52 61 99 41 74 54 42 36 50 67 109 2 66 92 71 95 3 7 102 28 73 97 106 8 17 10 30 34 33 90 32 12 
75 35 4 69 37 107 63 79 93 25 43 47 44 6 86 56 72 94 65 103 104 59 77 68 98 19 21 64 40 1 14 87 76 105 57 82 51 83 78 81 55 58 52 61 99 41 74 54 42 36 50 67 109 2 66 92 71 95 3 7 102 28 73 97 106 8 17 10 30 34 33 90 32 12 
76 35 4 69 37 107 63 79 93 25 43 47 44 6 86 56 72 94 65 103 104 59 77 68 98 19 21 64 40 1 14 87 76 105 57 82 51 83 78 81 55 58 52 61 99 41 74 54 42 36 50 67 109 2 66 92 71 95 3 7 102 28 73 97 106 8 17 10 30 34 33 90 32 12 
77 35 4 69 37 107 63 79 93 25 43 47 44 6 86 56 72 94 65 103 104 59 77 68 98 19 21 64 40 1 14 87 76 105 57 82 51 83 78 81 55 58 52 61 99 41 74 54 42 36 50 67 109 2 66 92 71 95 3 7 102 28 73 97 106 8 17 10 30 34 33 90 32 12 
78 35 4 69 37 107 63 79 93 25 43 47 44 6 86 56 72 94 65 103 104 59 77 68 98 19 21 64 40 1 14 87 76 105 57 82 51 83 81 78 55 58 52 61 99 41 74 54 42 36 50 67 109 2 66 92 71 95 3 7 102 28 73 97 106 8 17 10 30 34 33 90 32 12 
79 35 4 69 37 107 63 93 79 25 43 47 44 6 86 56 72 94 65 103 104 59 77 68 98 19 21 64 40 1 14 87 76 105 57 82 51 83 78 81 55 58 52 61 99 41 74 54 42 36 50 67 109 2 66 92 71 95 3 7 102 28 73 97 106 8 17 10 30 34 33 90 32 12 
80 35 4 69 37 63 79 93 25 43 47 44 6 86 56 72 94 65 103 104 59 77 68 98 19 21 64 40 1 14 87 76 105 57 82 51 83 78 81 55 58 80 52 61 99 41 74 54 42 36 50 67 109 2 66 92 71 95 3 7 102 28 73 97 106 8 17 10 30 34 33 90 32 12 
81 35 4 69 37 63 79 93 25 43 47 44 6 86 56 72 94 65 103 104 59 77 68 98 19 21 64 40 1 14 87 76 105 57 82 51 83 78 81 55 58 80 52 61 99 41 74 54 42 36 50 67 109 2 66 92 71 95 3 7 102 28 73 97 106 8 17 10 30 34 33 90 32 12 
82 35 4 69 37 63 79 93 25 43 47 44 6 86 56 72 94 65 103 104 59 77 68 98 19 21 64 40 1 14 87 76 105 57 82 51 83 78 81 55 58 80 52 61 99 41 74 54 42 36 50 67 109 2 66 92 71 95 3 7 102 28 73 97 106 8 17 10 30 34 33 90 32 12 
83 35 4 69 37 63 79 93 25 43 47 44 6 86 56 72 94 65 103 104 59 77 68 98 19 21 64 40 1 14 87 76 105 57 82 51 83 78 81 55 58 80 52 61 99 41 74 54 42 36 50 67 109 2 66 92 71 95 3 7 102 28 73 97 106 8 17 10 30 34 33 90 32 12 
84 35 4 69 37 63 79 93 25 43 47 44 6 86 56 72 94 65 103 104 59 77 68 98 19 21 64 40 1 14 87 76 105 57 82 51 83 78 81 55 58 80 52 61 99 41 74 54 42 36 50 67 109 2 66 92 71 95 3 7 102 28 73 97 106 8 17 10 30 34 33 90 32 12 
85 35 4 69 37 63 79 93 25 43 47 44 6 86 56 72 94 65 103 104 59 77 68 98 19 21 64 40 1 14 87 76 105 57 82 51 83 78 81 55 58 80 52 61 99 41 74 54 42 36 50 67 109 2 66 92 71 95 3 7 102 28 73 97 106 8 17 10 30 34 33 90 32 12 
86 35 4 69 37 63 79 93 25 43 47 44 6 86 56 72 94 65 103 104 59 77 68 98 19 21 64 40 1 14 87 76 105 57 82 51 83 78 81 55 58 80 52 61 99 41 74 54 42 36 50 67 109 2 66 92 71 95 3 7 102 28 73 97 106 8 17 10 30 34 33 90 32 12 
87 35 4 69 37 63 79 93 25 43 47 44 6 86 56 72 94 65 103 104 59 77 68 98 19 21 64 40 1 14 87 76 105 57 82 51 83 78 81 55 58 80 52 61 99 41 74 54 42 36 50 67 109 2 66 92 71 95 3 7 102 28 73 97 106 8 17 10 30 34 33 90 32 12 
88 35 4 37 63 79 93 25 43 47 44 6 86 56 72 94 65 103 104 59 77 68 98 19 21 64 40 1 14 87 88 76 105 57 82 51 83 78 81 55 58 80 52 61 99 41 74 54 42 36 50 67 2 66 92 71 95 3 7 102 28 73 97 106 8 17 10 30 34 33 90 32 12 
89 35 4 37 63 79 93 25 43 47 44 6 86 56 72 94 65 103 104 59 77 68 98 19 21 64 40 1 14 87 88 76 105 57 82 51 83 78 81 55 58 80 52 61 99 41 74 54 42 36 50 67 2 66 92 71 95 3 7 102 28 73 97 106 8 17 10 30 34 33 90 32 12 
90 35 4 69 37 107 63 79 93 25 43 47 44 6 86 56 72 94 65 103 104 59 77 68 98 19 21 64 40 1 14 87 76 105 57 82 51 83 78 81 55 58 52 61 99 41 74 54 42 36 50 67 109 2 66 92 71 95 3 7 102 28 73 97 106 8 17 10 30 34 33 90 32 12 
91 35 4 69 37 107 63 79 93 25 43 47 44 6 86 56 72 94 65 103 104 59 77 68 98 19 21 64 40 1 14 87 76 105 57 82 51 83 78 81 55 58 52 61 99 41 74 54 42 36 50 67 109 2 66 92 71 95 3 7 102 28 73 97 106 8 17 10 30 34 33 90 32 12 
92 35 4 69 37 107 63 79 93 25 43 47 44 6 86 56 72 94 65 103 104 59 77 68 98 19 21 64 40 1 14 87 76 105 57 82 51 83 78 81 55 58 52 61 99 41 74 54 42 36 50 67 109 2 66 92 71 95 3 7 102 28 73 97 106 8 17 10 30 34 33 90 32 12 
93 35 4 69 37 107 63 79 93 25 43 47 44 6 86 56 72 94 65 103 104 59 77 68 98 19 21 64 40 1 14 87 76 105 57 82 51 83 78 81 55 58 52 61 99 41 74 54 42 36 50 67 109 2 66 92 71 95 3 7 102 28 73 97 106 8 17 10 30 34 33 90 32 12 
94 35 4 69 37 107 63 93 79 25 43 47 44 6 86 56 72 94 65 103 104 59 77 68 98 19 21 64 40 1 14 87 76 105 57 82 51 83 78 81 55 58 52 61 99 41 74 54 42 36 50 67 109 2 66 92 71 95 3 7 102 28 73 97 106 8 17 10 30 34 33 90 32 12 
95 35 4 69 37 107 63 93 79 25 43 47 44 6 86 56 72 94 65 103 104 59 77 68 98 19 21 64 40 1 14 87 76 105 57 82 51 83 78 81 55 58 52 61 99 41 74 54 42 36 50 67 109 2 66 92 71 95 3 7 102 28 73 97 106 8 17 10 30 34 33 90 32 12 
96 35 4 69 37 63 93 79 25 43 47 44 6 86 56 72 96 94 65 103 104 59 77 68 98 19 21 64 40 1 14 87 76 105 57 82 51 83 78 81 55 58 52 61 99 41 74 54 42 36 50 67 109 2 66 92 71 95 3 7 102 28 73 97 106 8 17 10 30 34 33 90 32 12 
97 35 4 69 37 63 93 79 25 43 47 44 6 86 56 72 96 94 65 103 104 59 77 68 98 19 21 64 40 1 14 87 76 105 57 82 51 83 78 81 55 58 52 61 99 41 74 54 42 36 50 67 109 2 66 92 71 95 3 7 102 28 73 97 106 8 17 10 30 34 33 90 32 12 
98 35 4 69 37 63 93 79 25 43 47 44 6 86 56 72 96 94 65 103 104 59 77 68 98 19 21 64 40 1 14 87 76 105 57 82 51 83 78 81 55 58 52 61 99 41 74 54 42 36 50 67 109 2 66 92 71 95 3 7 102 28 73 97 106 8 17 10 30 34 33 90 32 12 
99 35 4 69 37 63 93 79 25 43 47 44 6 86 56 72 96 94 65 103 104 59 77 68 98 19 21 64 40 1 14 87 76 105 57 82 51 83 78 81 55 58 52 61 99 41 74 54 42 36 50 67 109 2 66 92 71 95 3 7 102 28 73 97 106 8 17 10 30 34 33 90 32 12 
100 35 4 69 37 63 93 79 25 43 47 44 6 86 56 72 96 94 65 103 104 59 77 68 98 19 21 64 40 1 14 87 76 105 57 82 51 83 78 81 55 58 52 61 99 41 74 54 42 36 50 67 109 2 66 92 71 95 3 7 102 28 73 97 106 8 17 10 30 34 33 90 32 12 
101 35 4 69 37 63 93 79 25 43 47 44 6 86 56 72 96 94 65 103 104 59 77 68 98 19 21 64 40 1 14 87 76 105 57 82 51 83 78 81 55 58 52 61 99 41 74 54 42 36 50 67 109 2 66 92 71 95 3 7 102 28 73 97 106 8 17 10 30 34 33 90 32 12 
102 35 4 69 37 63 93 79 25 43 47 44 6 86 56 72 96 94 65 103 104 59 77 68 98 19 21 64 40 1 14 87 76 105 57 82 51 83 78 81 55 58 52 61 99 41 74 54 42 36 50 67 109 2 66 92 71 95 3 7 102 28 73 97 106 8 17 10 30 34 33 90 32 12 
103 35 4 69 37 63 93 79 25 43 47 44 6 86 56 72 96 94 65 103 104 59 77 68 98 19 21 64 40 1 14 87 76 105 57 82 51 83 78 81 55 58 52 61 99 41 74 54 42 36 50 67 109 2 66 92 71 95 3 7 102 28 73 97 106 8 17 10 30 34 33 90 32 12 
104 35 4 69 37 63 93 79 25 43 47 44 6 86 56 72 96 94 65 103 104 59 77 68 98 19 21 64 40 1 14 87 76 105 57 82 51 83 78 81 55 58 52 61 99 41 74 54 42 36 67 109 2 66 92 71 95 3 7 102 28 73 97 106 8 17 10 30 34 33 90 32 12 
105 35 4 69 37 107 63 79 93 25 43 47 44 6 86 56 72 96 94 65 103 104 59 77 68 98 19 21 64 40 1 14 87 88 76 105 57 82 51 83 78 81 55 58 80 52 61 99 41 74 54 42 36 50 67 109 2 66 92 71 95 3 7 102 28 73 97 106 8 17 10 30 34 33 90 32 12 
106 35 4 69 37 107 63 79 93 25 43 47 44 6 86 56 72 96 94 65 103 104 59 77 68 98 19 21 64 40 1 14 87 88 76 105 57 82 51 83 78 81 55 58 80 52 61 99 41 74 54 42 36 50 67 109 2 66 92 71 95 3 7 102 28 73 97 106 8 17 10 30 34 33 90 32 12 
107 35 4 69 37 107 63 79 93 25 43 47 44 6 86 56 72 94 65 103 104 59 77 68 98 19 21 64 40 1 14 87 88 76 105 57 82 51 83 78 81 55 58 52 61 99 41 74 54 42 36 50 67 109 2 66 92 71 95 3 7 102 28 73 97 106 8 17 10 30 34 33 90 32 12 
108 35 4 69 37 107 63 79 93 25 43 47 44 6 86 56 72 94 65 103 104 59 77 68 98 19 21 64 40 1 14 87 88 76 105 57 82 51 83 78 81 55 58 52 61 99 41 74 54 42 36 50 67 109 2 66 92 71 95 3 7 102 28 73 97 106 8 17 10 30 34 33 90 32 12 
109 35 4 37 107 63 79 93 25 43 47 44 6 86 56 72 94 65 103 104 59 77 68 98 19 21 64 40 1 14 87 76 105 57 82 51 83 78 81 55 58 52 61 99 41 74 54 42 36 50 67 109 2 66 92 71 95 3 7 102 28 73 97 106 8 17 10 30 34 33 90 32 12 
110 35 4 37 107 63 79 93 25 43 47 44 6 86 56 72 94 65 103 104 59 77 68 98 19 21 64 40 1 14 87 76 105 57 82 51 83 78 81 55 58 52 61 99 41 74 54 42 36 50 67 109 2 66 92 71 95 3 7 102 28 73 97 106 8 17 10 30 34 33 90 32 12 
111 35 4 69 37 107 63 79 93 25 43 47 44 6 86 56 72 94 65 103 104 59 77 68 98 19 21 64 40 1 14 87 76 105 57 82 51 83 78 81 55 58 52 61 99 41 74 54 42 36 50 67 109 2 66 92 71 95 3 7 102 28 73 97 106 8 17 10 30 34 33 90 32 12 
