1 1 
2 1 2 
3 1 2 
4 1 2 
5 5 1 2 
6 5 1 2 
7 5 1 2 
8 8 5 1 2 
9 8 5 1 2 9 
10 8 5 10 1 2 9 
11 8 5 10 11 1 2 9 
12 8 5 10 11 1 2 9 
13 8 5 10 11 1 2 9 
14 8 5 10 14 11 1 2 9 
15 15 8 5 10 14 11 1 2 9 
16 15 8 5 10 14 11 1 16 2 9 
17 15 8 5 10 14 11 1 16 2 9 
18 15 8 5 10 14 11 1 16 2 9 
19 15 8 5 19 10 14 11 1 16 2 9 
20 15 8 5 19 20 10 14 11 1 16 2 9 
21 5 19 20 11 1 16 2 15 8 21 10 14 9 
22 5 19 20 11 1 16 2 15 8 21 10 14 9 
23 5 19 20 11 1 16 2 15 8 21 10 14 9 
24 5 19 20 11 1 16 2 15 8 21 10 14 9 
