1 1 
2 2 1 
3 2 1 3 
4 4 2 1 3 
5 4 2 5 1 3 
6 4 2 6 5 1 3 
7 4 2 7 6 5 1 3 
8 4 2 8 7 6 5 1 3 
9 4 2 8 7 6 5 1 3 
10 4 2 8 7 6 5 1 3 
11 4 2 8 7 6 5 1 3 
12 4 2 8 7 6 5 1 3 
13 4 2 8 7 6 5 1 3 13 
14 4 2 8 7 6 5 1 3 13 
15 4 2 8 7 6 5 1 3 13 
16 4 2 8 7 6 5 1 3 
17 4 2 8 7 6 5 1 3 17 
18 4 2 8 7 6 5 1 3 17 
19 4 2 8 7 6 5 1 3 17 
20 4 2 8 7 6 5 1 3 
21 4 2 8 7 6 5 21 1 3 
22 4 2 8 7 6 5 21 1 3 
23 4 2 8 7 6 5 21 1 3 
24 4 2 8 7 6 5 1 3 
25 4 2 8 7 6 5 1 3 
26 4 2 8 7 6 5 1 3 
27 4 2 8 7 6 5 1 3 
28 4 2 8 7 6 5 1 3 
29 4 2 8 7 6 5 1 3 
30 4 2 8 7 6 5 1 3 
31 4 2 8 7 6 5 1 3 
32 4 2 8 7 6 5 1 3 
