1 1 
2 1 2 
3 1 2 
4 1 2 
5 1 2 5 
6 1 2 5 
7 1 2 5 
8 1 2 5 8 
9 1 2 5 9 8 
10 1 2 5 9 10 8 
11 1 2 5 9 10 11 8 
12 1 2 5 9 10 11 8 
13 1 2 5 9 10 11 8 
14 1 14 2 5 9 10 11 8 
15 1 14 15 2 5 9 10 11 8 
16 1 14 15 16 2 5 9 10 11 8 
17 1 14 15 16 2 5 9 10 11 8 
18 1 14 15 16 2 5 9 10 11 8 
19 1 14 15 19 16 2 5 9 10 11 8 
20 1 14 15 19 16 2 5 9 10 20 11 8 
21 16 2 5 8 1 14 15 19 9 10 20 21 11 
22 16 2 5 8 1 14 15 19 9 10 20 21 11 
23 16 2 5 8 1 14 15 19 9 10 20 21 11 
24 16 2 5 24 8 1 14 15 19 9 10 20 21 11 
25 16 2 5 24 8 1 14 15 19 9 10 20 21 11 25 
26 16 2 5 26 24 8 1 14 15 19 9 10 20 21 11 25 
27 16 2 5 26 24 8 1 14 15 19 9 10 20 21 11 25 
28 16 2 5 26 24 8 1 14 15 19 9 10 20 21 11 25 
29 29 16 2 5 26 24 8 1 14 15 19 9 10 20 21 11 25 
30 29 16 2 5 26 30 24 8 1 14 15 19 9 10 20 21 11 25 
31 29 16 31 2 5 26 30 24 8 1 14 15 19 9 10 20 21 11 25 
32 29 16 31 2 5 26 30 24 8 1 14 15 19 9 10 20 21 11 25 
33 29 16 31 2 5 26 30 24 8 1 14 15 19 9 10 20 21 11 25 
34 29 16 31 2 5 26 30 24 8 1 14 15 19 34 9 10 20 21 11 25 
35 29 16 31 2 5 26 30 24 8 1 14 15 19 34 9 10 20 21 11 25 35 
36 29 16 31 2 5 26 30 24 8 1 14 36 15 19 34 9 10 20 21 11 25 35 
37 29 16 31 2 5 26 30 24 8 1 14 36 15 19 34 9 10 20 21 11 25 35 
38 29 16 31 2 5 26 30 24 8 1 14 36 15 19 34 9 10 20 21 11 25 35 
39 29 16 31 2 5 26 30 24 8 1 14 36 15 19 34 9 10 20 21 39 11 25 35 
40 29 16 31 2 5 26 30 24 40 8 1 14 36 15 19 34 9 10 20 21 39 11 25 35 
41 31 5 26 30 8 1 14 19 34 9 41 11 29 16 2 24 40 36 15 10 20 21 39 25 35 
42 31 5 26 30 8 1 14 19 34 9 41 11 29 16 2 24 40 36 15 10 20 21 39 25 35 
43 31 5 26 30 8 1 14 19 34 9 41 11 29 16 2 24 40 36 15 10 20 21 39 25 35 
44 31 5 26 30 8 1 14 44 19 34 9 41 11 29 16 2 24 40 36 15 10 20 21 39 25 35 
45 31 5 26 30 8 1 14 44 19 34 9 41 11 29 16 2 24 40 45 36 15 10 20 21 39 25 35 
46 31 5 26 30 8 1 14 44 19 34 9 41 11 29 46 16 2 24 40 45 36 15 10 20 21 39 25 35 
47 31 5 26 30 8 1 14 44 19 34 9 41 11 29 46 16 2 24 40 45 36 15 10 20 21 39 25 35 
48 31 5 26 30 8 1 14 44 19 34 9 41 11 29 46 16 2 24 40 45 36 15 10 20 21 39 25 35 
49 31 5 26 30 8 1 14 44 19 34 9 41 11 29 46 16 2 24 40 45 36 15 10 20 21 39 25 35 49 
50 31 5 26 30 8 1 14 44 19 34 9 41 11 29 46 16 2 24 40 45 36 15 10 20 21 39 25 50 35 49 
51 31 5 26 30 8 1 14 44 19 34 9 41 51 11 29 46 16 2 24 40 45 36 15 10 20 21 39 25 50 35 49 
52 31 5 26 30 8 1 14 44 19 34 9 41 51 11 29 46 16 2 24 40 45 36 15 10 20 21 39 25 50 35 49 
53 31 5 26 30 8 1 14 44 19 34 9 41 51 11 29 46 16 2 24 40 45 36 15 10 20 21 39 25 50 35 49 
54 31 5 26 30 8 1 14 44 19 34 9 41 51 11 29 46 16 2 24 40 45 36 15 10 20 21 39 25 50 35 49 
