1 1 
2 1 2 
3 1 3 2 
4 1 3 4 2 
5 1 3 4 5 2 
6 1 3 4 5 2 6 
7 1 7 3 4 5 2 6 
8 1 7 3 4 5 8 2 6 
9 1 7 9 3 4 5 8 2 6 
10 1 7 9 3 4 5 8 2 6 10 
11 1 7 9 11 3 4 5 8 2 6 10 
12 1 7 9 11 3 4 5 8 12 2 6 10 
13 11 6 10 13 1 7 9 3 4 5 8 12 2 
14 11 6 10 13 1 7 9 3 4 5 8 12 2 14 
15 11 15 6 10 13 1 7 9 3 4 5 8 12 2 14 
16 11 15 6 10 13 1 7 9 3 4 5 8 12 2 14 
17 11 15 6 10 13 1 7 9 3 4 5 17 8 12 2 14 
18 11 15 6 10 13 1 7 9 3 4 5 17 8 12 2 14 
19 11 15 19 6 10 13 1 7 9 3 4 5 17 8 12 2 14 
20 11 15 19 20 6 10 13 1 7 9 3 4 5 17 8 12 2 14 
21 11 15 21 19 20 6 10 13 1 7 9 3 4 5 17 8 12 2 14 
22 11 22 15 21 19 20 6 10 13 1 7 9 3 4 5 17 8 12 2 14 
23 11 22 15 23 21 19 20 6 10 13 1 7 9 3 4 5 17 8 12 2 14 
24 11 22 15 23 21 19 20 6 10 13 1 7 9 3 4 5 17 8 12 2 14 
25 25 11 15 23 21 19 20 6 10 13 1 7 9 3 4 5 17 8 12 2 14 
26 25 11 22 15 23 21 19 20 6 10 13 1 7 9 26 3 4 5 17 8 12 2 14 
27 25 11 22 15 23 21 19 20 6 10 13 1 7 9 26 3 4 5 17 8 12 2 27 14 
28 11 23 21 19 7 26 3 4 17 12 2 25 22 15 20 6 10 13 1 9 28 5 8 27 14 
29 11 23 21 19 7 26 3 4 17 12 2 25 22 15 29 20 6 10 13 1 9 28 5 8 27 14 
30 11 23 21 19 7 26 3 4 17 12 2 25 22 15 29 20 30 6 10 13 1 9 28 5 8 27 14 
31 11 23 21 19 7 26 3 4 17 12 2 31 25 22 15 29 20 30 6 10 13 1 9 28 5 8 27 14 
32 11 23 21 19 7 26 3 4 17 12 2 31 25 22 15 29 20 30 6 10 13 1 9 28 5 8 27 14 
33 11 23 33 21 19 7 26 3 4 17 12 2 31 25 22 15 29 20 30 6 10 13 1 9 28 5 8 27 14 
34 11 46 45 23 33 21 43 19 34 47 39 7 44 26 3 4 17 37 12 2 48 40 42 31 25 22 50 15 29 38 36 20 30 6 10 13 1 9 28 5 8 27 14 
35 11 46 45 23 33 21 43 19 34 47 39 7 44 26 3 4 17 37 12 2 48 40 42 31 25 22 50 15 29 38 36 20 30 6 10 13 1 9 28 5 8 27 14 
36 11 46 45 23 33 21 43 19 34 47 39 7 44 26 3 4 17 37 12 2 48 40 42 31 25 22 50 15 29 38 36 20 30 6 10 13 1 9 28 5 8 27 14 
37 11 46 45 23 33 21 43 19 34 47 39 7 44 26 3 4 17 37 12 2 48 40 42 31 25 22 50 15 29 38 36 20 30 6 10 13 1 9 28 5 8 27 14 
38 11 46 45 23 33 21 43 19 34 47 39 7 44 26 3 4 17 37 12 2 48 40 42 31 25 22 50 15 29 38 36 20 30 6 10 13 1 9 28 5 8 27 14 
39 11 46 45 23 33 21 43 19 34 47 39 7 44 26 3 4 17 37 12 2 48 40 31 50 15 29 38 36 20 30 6 10 13 1 9 28 5 8 27 14 
40 11 46 45 23 33 21 43 19 34 47 39 7 44 26 3 4 17 37 12 2 48 40 31 50 15 29 38 36 20 30 6 10 13 1 9 28 5 8 27 14 
41 11 46 45 23 33 21 43 19 34 47 39 7 44 26 3 4 17 37 12 2 48 40 31 50 15 29 38 36 20 30 6 10 13 1 9 28 5 8 27 14 
42 11 46 45 23 33 21 43 19 34 47 7 44 26 3 4 17 37 12 2 48 40 42 31 50 15 29 38 36 20 30 6 10 13 1 9 28 5 8 27 14 
43 11 46 45 23 33 21 43 19 34 47 39 7 44 26 3 4 17 37 12 2 48 40 42 31 50 15 29 38 36 20 30 6 10 13 1 9 28 5 8 27 14 
44 11 46 45 23 33 21 43 19 34 47 39 7 44 26 3 4 17 37 12 2 48 40 42 31 50 15 29 38 36 20 30 6 10 13 1 9 28 5 8 27 14 
45 11 46 45 23 33 21 43 19 34 47 39 7 44 26 3 4 17 37 12 2 48 40 42 31 50 15 29 38 36 20 30 6 10 13 1 9 28 5 8 27 14 
46 11 46 45 23 33 21 43 19 34 47 39 7 44 26 3 4 17 37 12 2 48 40 42 31 50 15 38 36 20 30 6 10 13 1 9 28 5 8 27 14 
47 11 46 45 23 33 21 43 19 34 47 39 7 44 26 3 4 17 37 12 2 48 40 42 31 50 15 38 36 20 30 6 10 13 1 9 28 5 8 27 14 
48 11 46 45 23 33 21 43 19 34 47 39 7 44 26 3 4 17 37 12 2 48 40 42 31 50 15 38 36 20 30 6 10 13 1 9 28 5 8 27 14 
49 11 46 45 23 33 21 43 19 34 47 39 7 44 26 3 4 17 37 12 2 48 40 42 31 50 15 38 36 20 30 6 10 13 1 9 28 5 8 27 14 
50 11 46 45 23 21 43 19 34 47 39 7 44 26 3 4 17 37 12 2 48 40 42 31 50 15 38 36 20 30 6 10 13 1 9 28 5 8 27 14 
51 11 46 45 23 21 43 19 34 47 39 7 44 26 3 4 17 37 12 2 48 40 42 31 50 15 38 36 20 30 6 10 13 1 9 28 5 8 27 14 
52 11 46 45 23 33 21 43 19 34 47 39 7 44 26 3 4 17 37 12 2 48 40 42 31 25 22 50 15 29 38 36 20 30 6 10 13 1 9 28 5 8 27 14 
53 11 46 45 23 33 21 43 19 34 47 39 7 44 26 3 4 17 37 12 2 48 40 42 31 25 22 50 15 29 38 36 20 30 6 10 13 1 9 28 5 8 27 14 
54 11 15 6 10 13 1 7 9 3 4 5 17 54 8 12 2 14 
55 11 15 55 6 10 13 1 7 9 3 4 5 17 54 8 12 2 14 
56 11 15 55 6 10 13 1 7 9 3 4 5 17 54 8 12 2 56 14 
57 11 15 55 6 10 13 1 7 9 3 4 5 17 57 54 8 12 2 56 14 
58 11 15 55 58 6 10 13 1 7 9 3 4 5 17 57 54 8 12 2 56 14 
59 11 15 55 58 6 10 13 1 7 9 3 4 5 17 57 54 8 12 2 56 14 
60 11 15 55 58 6 10 13 1 7 9 3 4 60 5 17 54 8 12 2 56 14 
61 11 61 15 55 58 6 10 13 1 7 9 3 4 60 5 17 57 54 8 12 2 56 14 
62 11 61 15 62 55 58 6 10 13 1 7 9 3 4 60 5 17 57 54 8 12 2 56 14 
63 11 61 62 7 3 4 60 17 57 12 2 15 55 58 6 10 13 1 9 5 54 8 56 14 63 
64 11 61 62 7 3 4 60 17 57 12 2 64 15 55 58 6 10 13 1 9 5 54 8 56 14 63 
65 11 61 62 7 3 4 60 17 57 12 2 64 15 55 58 6 10 13 1 9 65 5 54 8 56 14 63 
66 11 61 62 66 7 3 4 60 17 57 12 2 64 15 55 58 6 10 13 1 9 65 5 54 8 56 14 63 
67 11 61 62 66 7 3 4 60 17 57 12 2 64 15 55 58 6 10 13 1 9 65 5 54 8 56 14 63 
68 11 61 62 66 7 3 4 60 17 57 12 2 64 15 55 58 6 10 13 1 9 65 5 54 8 56 14 63 68 
69 11 61 79 62 66 85 7 71 3 72 4 60 80 17 57 12 2 74 77 83 64 15 82 78 55 58 6 10 13 1 9 75 65 81 5 54 8 69 56 14 63 73 68 
70 11 61 79 62 66 85 7 71 3 72 4 60 80 17 57 12 2 74 77 83 64 15 82 78 55 58 6 10 13 1 9 75 65 81 5 54 8 69 56 14 63 73 68 
71 11 61 79 62 66 85 7 71 3 72 4 60 80 17 57 12 2 74 77 83 64 15 82 78 55 58 6 10 13 1 9 75 65 81 5 54 8 69 56 14 63 73 68 
72 11 61 79 62 66 85 7 71 3 72 4 60 80 17 57 12 2 74 77 83 64 15 82 78 55 58 6 10 13 1 9 75 65 81 5 54 8 69 56 14 63 73 68 
73 11 61 79 62 66 85 7 71 3 72 4 60 80 17 57 12 2 74 77 83 64 15 82 78 55 58 6 10 13 1 9 75 65 81 5 54 8 69 56 14 63 73 68 
74 11 61 79 62 66 85 7 71 3 72 4 80 17 12 2 74 83 64 15 82 78 55 58 6 10 13 1 9 75 65 81 5 54 8 69 56 14 63 73 68 
75 11 61 79 62 66 85 7 71 3 72 4 80 17 12 2 74 83 64 15 82 78 55 58 6 10 13 1 9 75 65 81 5 54 8 69 56 14 63 73 68 
76 11 61 79 62 66 85 7 71 3 72 4 80 17 12 2 74 83 64 15 82 78 55 58 6 10 13 1 9 75 65 81 5 54 8 69 56 14 63 73 68 
77 11 61 79 62 66 85 7 71 3 72 4 80 17 12 2 83 77 64 15 82 78 55 58 6 10 13 1 9 75 65 81 5 54 8 69 56 14 63 73 68 
78 11 61 79 62 66 85 7 71 3 72 4 80 17 12 2 74 77 83 64 15 82 78 55 58 6 10 13 1 9 75 65 81 5 54 8 69 56 14 63 73 68 
79 11 61 79 62 66 85 7 71 3 72 4 80 17 12 2 74 77 83 64 15 82 78 55 58 6 10 13 1 9 75 65 81 5 54 8 69 56 14 63 73 68 
80 11 61 79 62 66 85 7 71 3 72 4 80 17 12 2 74 77 83 64 15 82 78 55 58 6 10 13 1 9 75 65 81 5 54 8 69 56 14 63 73 68 
81 11 61 79 62 66 85 7 71 3 72 4 80 17 12 2 74 77 83 15 82 78 55 58 6 10 13 1 9 75 65 81 5 54 8 69 56 14 63 73 68 
82 11 61 79 62 66 85 7 71 3 72 4 80 17 12 2 74 77 83 15 82 78 55 58 6 10 13 1 9 75 65 81 5 54 8 69 56 14 63 73 68 
83 11 61 79 62 66 85 7 71 3 72 4 80 17 12 2 74 77 83 15 82 78 55 58 6 10 13 1 9 75 65 81 5 54 8 69 56 14 63 73 68 
84 11 61 79 62 66 85 7 71 3 72 4 80 17 12 2 74 77 83 15 82 78 55 58 6 10 13 1 9 75 65 81 5 54 8 69 56 14 63 73 68 
85 11 61 79 62 66 85 7 71 3 72 4 80 17 12 2 74 77 83 15 82 78 55 58 6 10 13 1 9 75 65 81 5 54 8 69 56 14 63 73 
86 11 61 79 62 66 85 7 71 3 72 4 80 17 12 2 74 77 83 15 82 78 55 58 6 10 13 1 9 75 65 81 5 54 8 69 56 14 63 73 
87 11 61 79 62 66 85 7 71 3 72 4 60 80 17 57 12 2 74 77 83 64 15 82 78 55 58 6 10 13 1 9 75 65 81 5 54 8 69 56 14 63 73 68 
88 45 79 23 33 62 21 43 19 66 85 39 17 37 12 40 74 31 77 29 38 36 78 10 1 9 75 65 81 5 69 27 14 68 11 61 46 88 34 47 7 44 71 26 3 72 4 60 80 57 2 48 42 83 64 25 22 50 15 82 20 55 30 58 6 13 28 54 8 56 63 73 
89 45 79 23 33 62 21 43 19 66 85 39 17 37 12 40 74 31 77 29 38 36 78 10 1 9 75 65 81 5 69 27 14 68 11 61 46 88 34 47 7 44 71 26 3 72 4 60 80 57 2 48 42 83 64 25 22 50 15 82 20 55 30 58 6 13 28 54 8 56 63 73 
90 45 79 23 33 62 21 43 19 66 85 39 17 37 12 40 74 31 77 29 38 36 78 10 1 9 75 65 81 5 69 27 14 68 11 61 46 88 34 47 7 44 71 26 3 72 4 60 80 57 2 48 42 83 64 25 22 50 15 82 20 55 30 58 6 13 28 54 8 56 63 73 
91 45 79 23 33 62 21 43 19 66 85 39 17 37 12 40 74 31 77 29 38 36 78 10 1 9 75 65 81 5 69 27 14 68 11 61 46 88 34 47 7 44 71 26 3 72 4 60 80 57 2 48 42 83 64 25 22 50 15 82 20 55 30 58 6 13 28 54 91 8 56 63 73 
92 45 79 23 33 62 21 43 19 66 85 39 17 37 12 40 74 31 77 29 38 36 78 10 1 9 75 65 81 5 69 27 14 68 11 61 46 88 34 47 7 44 71 26 3 72 4 60 80 57 2 48 42 83 64 25 22 50 15 82 20 55 30 58 6 13 28 54 91 8 56 63 73 
93 45 79 23 33 62 21 43 19 66 85 39 17 37 12 40 74 31 77 29 38 36 78 10 1 9 75 65 81 5 69 27 14 68 11 61 46 88 34 47 7 44 71 26 3 72 4 60 80 57 2 48 42 83 64 25 22 50 15 82 20 55 30 58 6 13 28 93 54 8 56 63 73 
94 45 79 23 33 62 21 43 19 66 85 39 17 37 12 40 74 31 77 29 38 36 78 10 1 9 75 65 81 5 69 27 14 68 11 61 46 88 34 47 7 44 71 26 3 72 4 60 80 57 2 48 42 83 64 25 22 50 15 82 20 55 30 58 6 13 28 93 54 91 8 56 63 73 
95 45 79 23 33 62 21 43 19 66 85 39 17 37 12 40 74 31 77 29 38 36 78 10 1 9 75 65 81 5 69 27 14 68 11 61 46 88 34 47 7 44 71 26 3 72 4 60 80 57 2 48 42 83 64 25 22 50 15 82 20 55 30 58 6 13 28 93 54 91 8 56 63 73 
96 45 79 23 33 62 21 43 19 66 85 39 17 37 12 40 74 31 77 29 38 36 78 10 1 9 75 65 81 5 69 27 14 68 11 61 46 88 34 47 7 44 71 26 3 72 4 60 80 57 2 48 42 83 64 25 22 50 15 82 20 55 30 58 6 13 28 93 54 91 8 56 63 73 
