1 1 
2 2 1 
3 2 1 
4 2 1 
5 5 2 1 
6 5 2 1 
7 5 2 1 
8 5 8 2 1 
9 5 9 8 2 1 
10 5 9 8 2 1 10 
11 5 11 9 8 2 1 10 
12 5 11 9 8 2 1 10 
13 5 11 9 8 2 1 10 
14 5 11 9 8 2 1 14 10 
15 5 11 9 8 2 1 15 14 10 
16 5 11 9 16 8 2 1 15 14 10 
17 5 11 9 16 8 2 1 15 14 10 
18 5 11 9 16 8 2 1 15 14 10 
19 5 11 9 16 8 2 1 15 14 19 10 
20 5 11 9 16 8 2 1 15 14 19 20 10 
21 5 8 2 15 19 20 11 9 16 1 14 21 10 
22 5 8 2 15 19 20 11 9 16 1 14 21 10 
23 5 8 2 15 19 20 11 9 16 1 14 21 10 
24 5 24 8 2 15 19 20 11 9 16 1 14 21 10 
25 5 24 8 2 15 19 20 25 11 9 16 1 14 21 10 
26 5 26 24 8 2 15 19 20 25 11 9 16 1 14 21 10 
27 5 26 24 8 2 15 19 20 25 11 9 16 1 14 21 10 
28 5 26 24 8 2 15 19 20 25 11 9 16 1 14 21 10 
29 5 26 24 8 2 15 19 20 25 11 9 16 29 1 14 21 10 
30 5 26 24 30 8 2 15 19 20 25 11 9 16 29 1 14 21 10 
31 5 26 24 30 8 2 15 19 20 31 25 11 9 16 29 1 14 21 10 
32 5 26 24 30 8 2 15 19 20 31 25 11 9 16 29 1 14 21 10 
33 5 26 24 30 8 2 15 19 20 31 25 11 9 16 29 1 14 21 10 
34 5 26 24 30 8 2 15 19 20 31 25 11 9 16 29 34 1 14 21 10 
35 5 26 24 30 8 2 15 19 20 31 25 11 9 16 29 34 1 14 21 10 
