1 1 
2 1 2 
3 1 3 2 
4 1 3 4 2 
5 1 3 4 2 
6 1 3 4 6 2 
7 1 3 4 6 2 
8 1 3 8 4 6 2 
9 1 3 8 4 6 2 
10 1 3 8 4 6 2 
11 1 3 4 11 6 2 
12 1 3 4 11 6 2 
13 1 3 13 4 11 6 2 
14 1 3 13 4 11 6 2 
15 1 3 8 13 4 11 6 15 2 
16 1 20 19 6 15 18 22 2 3 8 13 4 11 23 16 
17 1 20 19 6 15 18 22 2 3 8 13 4 11 16 23 
18 1 20 19 6 15 18 22 2 3 8 13 4 11 16 23 
19 1 20 19 6 15 18 22 2 3 8 13 4 11 16 23 
20 1 20 19 6 15 18 22 2 3 8 13 4 11 16 23 
21 1 20 19 6 15 18 22 2 3 8 13 4 11 16 23 
22 1 20 19 6 15 18 22 2 3 8 13 4 11 16 23 
23 1 20 19 6 15 18 22 2 8 13 4 11 16 23 
24 1 20 19 6 15 18 22 2 3 8 13 4 11 16 23 
25 1 20 19 6 15 18 22 2 3 8 13 4 11 16 23 
