1 1 
2 2 1 
3 2 1 
4 2 4 1 
5 2 5 4 1 
6 2 6 5 4 1 
7 2 7 6 5 4 1 
8 2 7 6 5 4 1 
9 2 7 6 5 9 4 1 
10 2 7 10 6 5 9 4 1 
11 2 19 7 13 23 10 21 24 22 18 27 12 25 6 5 9 15 16 4 1 
12 2 19 7 13 23 10 21 24 22 18 27 25 12 6 5 9 15 16 4 1 
13 2 19 7 13 23 10 21 24 22 18 27 12 6 5 9 15 16 4 1 
14 2 19 7 13 23 10 21 24 22 18 27 12 25 6 5 9 15 16 4 1 
15 2 19 7 13 23 10 21 24 22 18 27 12 25 6 5 9 16 15 4 1 
16 2 19 7 13 23 10 21 24 22 18 27 12 25 6 5 9 15 16 4 1 
17 2 19 7 13 23 10 21 24 22 18 27 12 25 6 5 9 15 16 4 1 
18 2 19 7 13 23 10 21 24 18 27 12 25 6 5 9 15 16 4 1 
19 2 19 7 13 23 10 24 18 27 12 25 6 5 9 15 16 4 1 
20 2 19 7 13 23 10 24 18 27 12 25 6 5 9 15 16 4 1 
21 2 7 13 23 10 24 21 22 18 27 12 25 6 5 9 15 16 4 1 
22 2 7 13 23 10 21 24 22 27 12 25 6 5 9 15 16 4 1 
23 2 19 7 13 23 10 21 24 22 18 27 12 25 6 5 9 15 16 1 
24 2 19 7 13 23 10 21 24 22 18 27 12 25 6 9 15 16 1 
25 2 19 7 23 10 21 24 22 18 27 12 25 6 9 15 16 1 
26 2 19 7 23 10 21 24 22 18 27 12 25 6 9 15 16 1 
27 2 19 7 13 23 21 24 22 18 27 12 25 6 5 9 15 16 4 1 
28 2 19 7 13 23 21 24 22 18 27 12 25 6 5 9 15 16 4 1 
29 2 19 7 13 23 10 21 24 22 18 27 12 25 6 5 9 15 16 4 1 
30 2 7 6 5 4 1 30 
31 2 7 40 38 30 35 32 37 6 36 5 4 1 33 
32 2 7 40 38 30 35 37 32 6 36 5 4 1 33 
33 2 7 40 30 35 32 37 6 36 5 4 1 33 
34 2 7 40 38 30 35 32 37 6 36 5 4 1 33 
35 2 7 40 38 30 35 32 37 6 36 5 4 1 33 
36 2 7 40 38 30 35 32 37 6 36 5 1 33 
37 2 35 7 40 32 37 6 36 38 1 33 30 
38 2 35 7 40 32 37 6 36 38 1 30 
39 2 35 7 40 32 37 6 36 38 1 30 
40 2 7 40 38 35 32 37 6 36 5 4 1 33 
41 2 7 40 38 35 32 37 6 36 5 4 1 33 
42 10 22 30 35 27 12 25 6 42 15 1 33 2 19 7 13 40 23 21 24 38 18 32 37 36 5 9 16 4 
43 10 22 30 35 27 12 25 6 42 15 1 33 2 19 7 13 40 23 21 24 38 18 32 37 36 5 9 16 4 
44 10 22 30 35 27 12 25 6 42 15 1 33 2 19 7 13 40 23 21 24 38 18 32 37 36 5 9 16 4 
45 45 10 22 30 35 27 12 25 6 42 15 1 33 2 19 7 13 40 23 21 24 38 18 32 37 36 5 9 16 4 
46 45 10 22 30 35 27 12 25 6 42 15 1 33 2 19 7 13 40 23 21 24 38 18 32 37 36 5 9 16 4 
47 45 10 22 30 35 27 12 25 6 42 15 1 33 2 19 7 13 40 23 21 24 38 18 32 37 36 5 9 16 4 
