1 1 
2 1 2 
3 1 2 
4 1 2 
5 1 2 5 
6 1 2 5 
7 1 2 5 
8 1 8 2 5 
9 1 8 2 5 
10 1 8 2 5 
11 1 8 2 11 5 
12 1 12 8 2 11 5 
13 1 12 8 2 13 11 5 
14 1 12 8 2 13 11 5 
15 1 12 8 2 13 11 5 
16 1 12 16 8 2 13 11 5 
17 1 12 16 8 2 13 17 11 5 
18 1 12 16 8 2 13 17 18 11 5 
19 1 12 16 8 2 13 17 18 11 5 
20 1 12 16 8 2 13 17 18 11 5 
21 1 12 21 16 8 2 13 17 18 11 5 
22 1 12 21 16 8 22 2 13 17 18 11 5 
23 1 12 21 16 8 22 2 13 17 18 11 5 
24 1 12 21 16 8 22 2 13 17 18 11 5 
25 1 12 21 16 2 11 8 22 13 17 18 25 5 
26 1 12 21 16 2 11 26 8 22 13 17 18 25 5 
27 1 12 21 16 2 11 26 27 8 22 13 17 18 25 5 
28 1 12 21 16 2 11 26 27 8 22 13 17 18 25 5 
29 1 12 21 16 2 11 26 27 8 22 13 17 18 25 5 
30 1 12 21 16 2 11 26 27 8 22 13 17 18 30 25 5 
31 1 31 12 21 16 2 11 26 27 8 22 13 17 18 30 25 5 
32 1 31 12 21 16 2 11 26 27 32 8 22 13 17 18 30 25 5 
33 1 31 12 21 16 2 11 26 27 32 8 22 13 17 18 30 25 5 
34 1 31 12 21 16 2 11 26 27 32 8 22 13 17 18 30 25 5 
35 1 31 12 21 16 2 11 26 27 35 32 8 22 13 17 18 30 25 5 
36 1 31 12 21 16 36 2 11 26 27 35 32 8 22 13 17 18 30 25 5 
37 1 31 12 21 16 36 2 11 26 37 27 35 32 8 22 13 17 18 30 25 5 
38 1 31 12 21 16 36 2 11 26 37 27 35 32 8 22 13 17 18 30 25 5 
39 1 31 12 21 16 36 2 11 26 37 27 35 32 8 22 13 17 18 30 25 5 
40 1 31 12 21 16 36 2 11 26 40 37 27 35 32 8 22 13 17 18 30 25 5 
41 1 31 12 21 16 36 2 41 11 26 40 37 27 35 32 8 22 13 17 18 30 25 5 
42 1 31 12 21 16 36 2 41 11 26 40 37 27 35 42 32 8 22 13 17 18 30 25 5 
43 1 31 12 21 16 36 2 41 11 26 40 37 27 35 42 32 8 22 13 17 18 30 25 5 
44 1 31 12 21 16 36 2 41 11 26 40 37 27 35 42 32 8 22 13 17 18 30 25 5 
45 31 12 21 11 26 37 27 8 22 13 17 18 25 1 16 36 2 41 40 45 35 42 32 30 5 
46 31 12 21 11 26 37 27 8 22 13 17 46 18 25 1 16 36 2 41 40 45 35 42 32 30 5 
47 31 12 21 11 26 37 27 47 8 22 13 17 46 18 25 1 16 36 2 41 40 45 35 42 32 30 5 
48 31 12 21 11 26 37 27 47 8 22 13 17 46 18 25 1 16 36 2 41 40 45 35 42 32 30 5 
49 31 12 21 11 26 37 27 47 8 22 13 17 46 18 25 1 16 36 2 41 40 45 35 42 32 30 5 
50 31 12 21 50 11 26 37 27 47 8 22 13 17 46 18 25 1 16 36 2 41 40 45 35 42 32 30 5 
51 31 12 21 50 11 26 37 27 47 8 22 13 17 46 18 25 1 16 36 2 41 40 45 35 42 32 51 30 5 
52 31 12 21 50 11 52 26 37 27 47 8 22 13 17 46 18 25 1 16 36 2 41 40 45 35 42 32 51 30 5 
53 31 12 21 50 11 52 26 37 27 47 8 22 13 17 46 18 25 1 16 36 2 41 40 45 35 42 32 51 30 5 
54 31 12 21 50 11 52 26 37 27 47 8 22 13 17 46 18 25 1 16 36 2 41 40 45 35 42 32 51 30 5 
55 31 12 21 50 11 52 26 37 27 47 8 22 13 17 46 18 25 1 16 36 2 41 40 45 35 42 32 51 30 5 
