1 1 
2 1 2 
3 1 2 
4 1 2 4 
5 1 2 4 
6 1 2 6 
7 1 2 6 
8 8 1 2 6 
9 8 1 9 2 6 
10 8 1 10 9 2 6 
11 17 16 12 9 2 6 8 13 1 10 19 23 21 
12 17 16 12 9 2 6 8 13 1 10 19 23 21 
13 17 16 12 9 2 6 8 13 1 10 19 23 21 
14 17 16 12 9 2 6 8 13 1 10 19 23 21 
15 17 16 12 9 2 6 8 13 1 10 19 23 21 
16 17 16 12 9 2 6 8 13 1 10 19 23 21 
17 17 16 8 12 13 1 10 19 23 9 2 6 
18 17 16 12 9 2 6 8 13 1 10 19 23 21 
19 17 16 12 9 2 6 8 13 1 10 19 23 21 
20 17 16 12 9 2 6 8 13 1 10 19 23 21 
21 16 8 12 13 1 10 19 23 9 2 6 21 
22 16 8 12 13 1 10 19 23 9 2 6 21 
23 17 16 8 12 13 1 19 23 9 2 6 21 
24 17 16 8 12 13 1 19 23 9 2 6 21 
25 17 16 12 9 2 6 8 13 1 10 19 23 21 
