1 1 
2 2 1 
3 3 2 1 
4 4 3 2 1 
5 4 5 3 2 1 
6 4 5 6 3 2 1 
7 4 5 6 7 3 2 1 
8 4 5 6 8 7 3 2 1 
9 4 9 5 6 8 7 3 2 1 
10 4 9 5 10 6 8 7 3 2 1 
11 4 9 5 10 6 8 11 7 3 2 1 
12 4 9 5 10 6 8 11 7 3 12 2 1 
13 5 10 11 3 12 13 4 9 6 8 7 2 1 
14 5 10 11 3 12 13 14 4 9 6 8 7 2 1 
15 5 10 11 3 12 13 14 4 9 6 8 7 2 1 
16 5 10 11 3 12 13 14 4 9 6 8 7 2 1 
17 5 10 11 3 12 13 17 14 4 9 6 8 7 2 1 
18 5 10 11 18 3 12 13 17 14 4 9 6 8 7 2 1 
19 19 5 10 11 18 3 12 13 17 14 4 9 6 8 7 2 1 
20 19 5 10 11 18 3 12 13 17 14 4 9 6 8 20 7 2 1 
21 19 5 21 10 11 18 3 12 13 17 14 4 9 6 8 20 7 2 1 
22 19 5 21 10 11 18 3 12 13 17 14 4 9 6 8 20 7 2 1 
23 19 5 21 10 11 18 23 3 12 13 17 14 4 9 6 8 20 7 2 1 
24 19 5 21 10 24 11 18 23 3 12 13 17 14 4 9 6 8 7 2 1 
25 25 19 5 21 10 24 11 18 23 3 12 13 17 14 4 9 6 8 20 7 2 1 
26 25 19 5 21 10 24 11 18 23 3 12 13 17 14 4 9 6 8 20 7 2 1 
27 25 19 5 21 10 24 11 18 3 12 13 27 17 14 4 9 6 8 20 7 2 1 
28 25 19 5 21 10 24 11 28 18 3 12 13 27 17 14 4 9 6 8 20 7 2 1 
29 25 19 5 21 10 24 11 28 18 3 12 13 27 17 14 4 9 29 6 8 20 7 2 1 
30 25 19 5 21 30 3 12 17 4 9 29 8 20 2 10 24 11 28 18 13 27 14 6 7 1 
31 25 19 5 21 30 3 12 17 31 4 9 29 8 20 2 10 24 11 28 18 13 27 14 6 7 1 
32 25 19 5 21 30 3 12 17 31 4 9 29 8 20 2 10 24 11 28 18 13 27 14 6 7 1 
33 25 19 5 21 30 3 12 17 31 4 9 29 8 20 2 10 24 11 28 18 13 27 14 6 33 7 1 
34 25 19 5 21 30 3 12 34 17 31 4 9 29 8 20 2 10 24 11 28 18 13 27 14 6 33 7 1 
35 25 19 35 5 21 30 3 12 34 17 31 4 9 29 8 20 2 10 24 11 28 18 13 27 14 6 33 7 1 
36 25 19 35 5 21 30 3 12 34 17 31 4 9 29 8 20 2 10 24 11 28 18 13 27 14 6 33 7 36 1 
37 25 19 35 5 21 30 3 12 34 17 31 4 9 29 8 20 2 10 24 11 28 18 13 27 14 6 33 7 36 1 
38 25 19 5 21 30 3 38 12 17 31 4 9 29 8 20 2 10 24 11 28 18 13 27 14 6 7 1 
39 25 19 5 21 30 3 38 12 17 31 4 9 29 8 20 2 10 24 11 28 18 39 13 27 14 6 7 1 
40 25 19 5 21 30 3 38 12 17 31 4 9 29 40 8 20 2 10 24 11 28 18 39 13 27 14 6 7 1 
41 25 19 5 21 30 3 38 12 17 31 4 9 29 40 8 20 2 10 24 41 11 28 18 39 13 27 14 6 7 1 
42 25 19 5 21 30 3 38 12 17 31 4 9 29 40 8 20 2 10 24 41 11 28 18 39 13 27 14 6 7 1 
43 25 19 5 21 30 3 12 17 31 4 9 29 8 20 2 10 24 11 28 18 13 27 43 14 6 7 1 
44 25 19 5 21 30 3 12 17 31 4 9 29 8 20 2 10 24 44 11 28 18 13 27 43 14 6 7 1 
45 25 19 5 21 30 3 12 17 31 4 9 29 8 20 2 10 24 44 11 28 18 13 27 43 45 14 6 7 1 
46 25 19 5 21 30 3 12 17 31 4 9 29 8 20 2 10 24 44 11 28 18 13 27 43 45 14 6 46 7 1 
47 25 19 5 21 30 3 12 17 31 4 9 29 8 20 2 10 24 44 11 28 18 47 13 27 43 45 14 6 46 7 1 
48 25 19 5 21 30 3 12 17 31 4 9 48 29 8 20 2 10 24 44 11 28 18 47 13 27 43 45 14 6 46 7 1 
49 25 19 5 21 30 3 38 12 34 17 31 4 9 48 29 40 8 20 2 10 24 44 11 28 18 39 47 13 27 43 45 49 14 6 33 7 36 1 
50 25 19 5 21 30 3 38 12 34 17 31 4 9 29 8 20 2 10 24 44 11 28 18 39 47 13 27 43 50 45 49 14 6 33 7 1 
51 25 19 5 21 51 30 3 38 12 34 17 31 4 9 29 8 20 2 10 24 44 11 28 18 39 47 13 27 43 50 45 49 14 6 33 7 1 
52 25 19 5 21 51 30 3 38 12 34 17 31 4 9 29 8 20 2 10 24 44 11 28 18 39 47 13 27 43 50 45 49 14 6 33 7 1 
53 25 19 5 21 53 51 30 3 38 12 34 17 31 4 9 29 8 20 2 10 24 44 11 28 18 39 47 13 27 43 50 45 49 14 6 33 7 1 
54 25 19 5 21 53 51 30 3 38 54 12 34 17 31 4 9 29 8 20 2 10 24 44 11 28 18 39 47 13 27 43 50 45 49 14 6 33 7 1 
55 25 19 5 21 53 51 30 3 38 54 12 34 55 17 31 4 9 29 8 20 2 10 24 44 11 28 18 39 47 13 27 43 50 45 49 14 6 33 7 1 
56 25 19 5 21 53 51 30 3 38 54 12 34 55 17 31 4 9 29 8 20 2 10 24 44 11 28 18 39 47 13 27 43 50 45 49 14 56 6 33 7 1 
57 25 19 5 21 53 57 51 30 3 38 54 12 34 55 17 31 4 9 29 8 20 2 10 24 44 11 28 18 39 47 13 27 43 50 45 49 14 56 6 33 7 1 
58 25 19 5 21 53 57 51 30 3 38 54 12 34 55 17 31 4 9 29 8 20 2 10 24 44 11 28 18 39 47 13 27 43 50 45 49 14 56 6 33 7 1 
59 25 19 5 21 53 57 51 30 3 38 54 12 34 55 17 31 4 9 29 8 20 2 10 24 44 11 28 18 39 47 13 27 50 59 45 49 14 56 6 33 7 1 
60 25 19 5 21 53 57 51 30 3 38 54 12 34 55 17 31 4 9 29 8 20 2 10 24 44 11 28 18 39 47 13 27 50 59 45 49 14 56 6 33 7 1 
61 25 19 5 21 51 30 3 38 12 34 17 31 4 9 29 8 20 2 10 24 44 11 28 18 39 47 13 27 43 50 45 49 14 6 33 7 61 1 
62 25 19 5 21 51 30 3 38 12 34 17 31 4 9 29 8 20 2 10 24 44 11 28 18 39 47 13 27 43 50 45 49 14 6 33 7 61 1 
63 25 19 5 21 51 30 3 38 12 34 17 31 4 9 29 8 20 2 63 10 24 44 11 28 18 39 47 13 27 43 50 45 49 14 6 33 7 61 1 
64 25 19 5 21 51 30 3 38 12 34 17 31 4 9 29 8 20 2 63 10 64 24 44 11 28 18 39 47 13 27 43 50 45 49 14 6 33 7 61 1 
65 25 19 5 21 65 51 30 3 38 12 34 17 31 4 9 29 8 20 2 63 10 64 24 44 11 28 18 39 47 13 27 43 50 45 49 14 6 33 7 61 1 
66 25 19 5 21 65 51 30 3 38 12 34 17 31 4 9 29 8 20 2 63 10 64 24 44 11 28 18 39 47 13 66 27 43 50 45 49 14 6 33 7 61 1 
67 25 19 5 21 65 51 30 3 38 12 67 34 17 31 4 9 29 8 20 2 63 10 64 24 44 11 28 18 39 47 13 66 27 43 50 45 49 14 6 33 7 61 1 
68 25 19 5 21 65 51 30 3 38 12 67 34 17 31 4 9 29 8 20 2 63 10 64 24 44 11 28 18 39 47 13 66 27 43 50 45 49 14 6 33 7 61 1 
69 25 19 5 21 65 51 30 3 38 12 67 34 17 31 4 9 29 8 20 69 2 63 10 64 24 44 11 28 18 39 47 13 66 27 50 45 49 14 6 33 7 61 1 
70 25 19 5 21 65 51 30 3 38 12 67 34 17 31 4 9 29 8 20 69 2 63 10 64 24 44 11 28 18 39 47 13 66 27 50 45 49 14 6 33 7 61 1 
71 25 19 5 21 51 30 3 38 12 34 17 31 4 9 29 8 20 2 71 10 24 44 11 28 18 39 47 13 27 43 50 45 49 14 6 33 7 61 1 
72 25 19 5 21 51 30 3 38 12 34 17 31 4 9 29 8 20 2 71 10 24 44 11 28 18 39 47 13 27 43 50 45 49 14 6 33 7 61 1 
73 25 19 5 21 51 30 3 38 12 34 17 31 4 9 29 8 20 2 71 10 24 44 11 28 18 39 47 13 27 43 50 45 49 14 6 33 7 61 1 
74 5 53 57 38 12 67 55 17 31 4 9 29 69 2 63 10 44 11 28 18 39 47 66 50 59 49 6 33 25 19 21 65 51 30 74 3 54 34 8 20 64 24 13 27 45 14 56 7 61 1 
75 5 53 57 38 12 67 55 17 31 4 9 29 69 2 63 10 44 11 28 18 39 47 66 50 59 49 6 33 25 19 21 65 51 30 74 3 54 34 8 20 64 24 13 27 45 14 56 7 61 1 
76 5 53 57 38 12 67 55 17 31 4 9 29 69 2 63 10 44 11 28 18 39 47 66 50 59 49 6 33 25 19 21 65 51 30 74 3 54 34 8 20 64 24 13 27 45 14 56 7 61 1 
77 5 53 57 38 12 67 55 17 31 4 9 29 69 2 63 10 44 11 28 18 39 47 66 50 59 49 6 33 25 19 21 65 51 30 74 3 54 34 8 20 64 24 77 13 27 45 14 56 7 61 1 
78 5 53 57 38 12 67 55 17 31 4 9 29 69 2 63 10 44 11 28 18 39 47 66 50 59 49 6 33 25 19 21 65 51 30 74 3 54 34 8 20 64 24 77 13 27 45 14 56 7 61 1 
79 5 53 57 38 12 67 55 17 31 4 9 29 79 69 2 63 10 44 11 28 18 39 47 66 50 59 49 6 33 25 19 21 65 51 30 74 3 54 34 8 20 64 24 77 13 27 45 14 56 7 61 1 
80 5 53 57 38 12 67 55 17 31 4 9 29 79 69 2 63 10 44 11 28 18 39 47 66 50 59 49 6 33 25 19 21 65 51 30 74 3 54 34 8 20 64 24 77 13 27 45 14 56 7 61 1 
81 5 53 57 38 12 67 55 17 31 4 9 29 79 69 2 63 10 44 11 28 18 39 47 66 50 59 49 6 33 25 19 21 65 51 30 74 3 54 34 8 20 64 24 77 13 27 45 14 56 7 61 1 
82 5 53 57 38 12 67 55 17 31 4 9 29 79 69 2 63 10 44 11 28 18 39 47 66 50 59 49 6 33 25 19 21 65 51 30 74 3 54 34 8 20 64 24 77 13 27 82 45 14 56 7 61 1 
83 5 53 57 38 12 67 55 17 31 4 9 29 79 69 2 63 10 44 11 28 18 39 47 66 50 59 49 6 33 25 19 21 65 51 30 74 3 54 34 8 20 64 24 77 13 27 82 45 14 56 7 61 1 
84 5 53 57 38 12 67 55 17 31 4 9 29 79 69 2 63 10 44 11 28 18 39 47 66 50 59 49 6 33 25 19 21 65 51 30 74 3 54 34 8 20 64 24 77 13 27 82 45 84 14 56 7 61 1 
85 5 53 57 38 12 67 55 17 31 4 9 29 79 69 2 63 10 44 11 28 18 39 47 66 50 59 49 6 33 25 19 21 65 51 30 74 3 54 34 8 20 64 24 77 13 27 82 45 84 14 56 7 61 1 
86 5 53 57 38 12 67 55 17 31 4 9 29 79 69 2 63 10 44 11 28 18 39 47 66 50 59 49 6 33 25 19 21 65 51 30 74 3 54 34 8 20 64 24 77 13 27 82 45 84 14 56 7 61 1 
87 5 53 57 38 12 67 55 17 31 4 9 29 79 69 2 63 10 44 11 28 18 39 47 66 50 59 49 6 33 25 19 21 65 51 30 74 3 54 34 8 20 64 24 77 13 27 82 45 84 14 56 7 61 1 
88 5 53 57 38 12 67 55 17 31 4 9 29 79 69 2 63 88 10 44 11 28 18 39 47 66 50 59 49 6 33 25 19 21 65 51 30 74 3 54 34 8 20 64 24 77 13 27 82 45 84 14 56 7 61 1 
89 5 53 57 38 12 67 55 17 31 4 9 29 79 69 2 63 88 10 44 11 28 18 39 47 66 50 59 49 6 33 25 19 21 65 51 30 74 3 54 34 8 20 64 24 77 13 27 82 45 84 14 56 7 61 1 
90 5 53 57 38 12 67 55 17 31 4 9 29 79 69 2 63 88 10 44 11 28 18 39 47 66 50 59 49 6 33 25 19 21 65 51 30 74 3 54 34 8 20 64 24 77 13 27 82 45 84 14 56 7 61 1 
91 5 53 57 38 12 67 55 17 31 4 9 29 79 69 2 63 88 10 44 11 28 18 39 47 66 50 59 49 6 33 25 19 21 65 51 30 74 3 54 34 8 20 64 24 77 13 27 82 45 84 14 56 7 61 1 
92 5 53 57 38 12 67 55 17 31 4 9 29 79 69 2 63 88 10 44 11 28 18 39 47 66 50 59 49 6 33 25 19 21 65 51 30 74 3 54 92 34 8 20 64 24 77 13 27 82 45 84 14 56 7 61 1 
93 5 53 57 38 12 67 55 17 31 4 9 29 79 69 2 63 93 88 10 44 11 28 18 39 47 66 50 59 49 6 33 25 19 21 65 51 30 74 3 54 92 34 8 20 64 24 77 13 27 82 45 84 14 56 7 61 1 
94 5 53 57 38 12 67 55 17 31 4 9 29 79 69 2 63 93 88 10 44 11 28 18 39 47 66 50 59 49 6 33 25 19 21 65 51 30 74 3 54 92 34 8 20 64 24 77 13 27 82 45 84 14 56 7 61 1 
95 5 53 57 38 12 67 55 17 31 4 9 29 79 69 2 63 93 88 10 44 11 28 18 39 47 66 50 59 49 6 33 95 25 19 21 65 51 30 74 3 54 92 34 8 20 64 24 77 13 27 82 45 84 14 56 7 61 1 
96 5 53 57 38 12 67 55 17 31 4 9 29 79 69 2 63 93 88 10 44 11 28 18 39 47 66 50 59 49 6 33 95 25 19 21 65 51 30 74 3 54 92 34 8 20 64 24 77 13 27 82 45 84 14 56 7 61 1 
97 5 53 57 38 12 67 55 17 31 4 9 29 79 69 2 63 93 88 10 44 11 28 18 39 47 66 50 59 49 6 33 97 95 25 19 21 65 51 30 74 3 54 92 34 8 20 64 24 77 13 27 82 45 84 14 56 7 61 1 
98 5 53 57 38 12 67 55 17 31 4 9 29 79 69 2 63 93 88 10 44 11 28 18 39 47 66 50 59 49 6 33 97 95 25 19 21 65 51 30 74 3 54 92 34 8 20 64 24 98 77 13 27 82 45 84 14 56 7 61 1 
99 5 53 57 38 12 67 55 17 31 4 9 29 79 69 2 63 93 88 10 44 11 28 18 39 47 66 50 59 49 6 33 97 95 25 19 21 65 51 30 74 3 54 92 34 8 20 64 24 98 77 13 27 82 45 84 14 56 7 61 1 
100 5 53 57 38 12 67 55 17 31 4 9 29 79 69 2 63 88 10 44 11 28 18 39 47 66 50 59 49 6 33 97 95 25 19 21 65 51 30 74 3 54 92 34 8 20 100 64 24 98 77 13 27 82 45 84 14 56 7 61 1 
101 5 53 57 38 12 67 55 17 31 4 9 29 79 69 2 63 88 10 44 11 28 18 39 47 66 50 59 49 6 33 97 95 25 19 21 65 51 30 74 3 54 92 34 8 20 100 64 24 98 77 13 27 82 45 84 14 56 7 61 1 
102 5 53 57 38 12 67 55 17 31 4 9 29 79 69 2 63 88 10 44 11 28 18 39 47 66 50 59 49 6 33 97 95 25 19 21 65 51 30 74 23 3 54 92 34 8 20 100 64 24 98 77 13 27 82 45 84 14 56 7 61 1 
