1 1 
2 1 2 
3 3 1 2 
4 3 1 2 
5 3 1 2 
6 3 1 2 6 
7 3 7 1 2 6 
8 3 7 1 2 6 8 
9 3 7 1 2 9 6 8 
10 3 7 1 2 9 6 8 
11 3 7 1 2 9 6 8 
12 3 7 1 2 9 12 6 8 
13 3 7 1 2 9 12 6 13 8 
14 3 7 1 2 9 12 6 13 8 14 
15 3 7 1 2 9 12 6 13 8 14 
16 3 7 1 2 9 12 6 13 8 14 
17 17 3 7 1 2 9 12 6 13 8 14 
18 17 3 7 1 2 9 12 6 13 8 14 18 
19 3 7 9 12 6 13 8 19 17 1 2 14 18 
20 3 7 9 12 6 13 8 19 17 1 2 14 18 
21 3 7 9 12 6 13 8 19 17 1 2 14 18 
22 3 7 9 12 22 6 13 8 19 17 1 2 14 18 
23 3 7 9 12 22 23 6 13 8 19 17 1 2 14 18 
24 3 7 9 12 22 23 6 13 8 19 17 1 2 24 14 18 
25 3 7 9 12 22 23 6 13 8 19 17 1 2 24 14 18 
26 3 7 9 12 22 23 6 13 8 19 17 1 2 24 14 18 
27 3 7 9 12 22 23 6 13 8 19 17 1 2 24 27 14 18 
28 3 7 9 12 22 23 6 13 8 19 17 28 1 2 24 27 14 18 
29 3 29 7 9 12 22 23 6 13 8 19 17 28 1 2 24 27 14 18 
30 3 29 7 9 12 22 23 6 13 8 19 17 28 1 2 24 27 14 18 
31 3 29 7 9 12 22 23 6 13 8 19 17 28 1 2 24 27 14 18 
32 3 29 7 9 12 22 23 32 6 13 8 19 17 28 1 2 24 27 14 18 
33 3 29 33 7 9 12 22 23 32 6 13 8 19 17 28 1 2 24 27 14 18 
34 3 29 33 7 9 12 22 23 32 6 13 8 19 34 17 28 1 2 24 27 14 18 
35 3 29 33 7 9 12 22 23 32 6 13 8 19 34 17 28 1 2 24 27 14 18 
36 3 29 33 7 9 12 22 23 32 6 13 8 19 34 17 28 1 2 24 27 14 18 
37 3 29 33 7 9 12 22 23 32 6 13 8 19 34 17 28 1 2 37 24 27 14 18 
38 3 29 33 38 7 9 12 22 23 32 6 13 8 19 34 17 28 1 2 37 24 27 14 18 
39 3 29 9 12 22 23 6 13 8 34 17 28 2 37 24 33 38 7 32 19 39 1 27 14 18 
40 3 29 9 12 22 23 6 13 8 34 17 28 2 37 24 33 38 7 32 19 39 1 27 14 18 
41 3 29 9 12 22 23 6 13 8 34 17 28 2 37 24 33 38 7 32 19 39 1 27 14 18 
42 3 29 9 12 22 23 6 13 8 34 17 28 2 37 24 42 33 38 7 32 19 39 1 27 14 18 
43 3 29 9 12 22 23 6 13 8 34 17 28 2 37 24 42 33 38 7 32 19 39 1 27 14 18 
