1 1 
2 1 2 
3 1 3 2 
4 1 3 2 
5 1 3 2 
6 1 3 2 6 
7 1 3 2 6 7 
8 1 3 2 8 6 7 
9 1 3 9 2 8 6 7 
10 10 1 3 9 2 8 6 7 
11 10 1 3 9 11 2 8 6 7 
12 10 1 3 9 11 2 8 6 7 
13 10 1 13 3 9 11 2 8 6 7 
14 10 1 13 3 9 11 2 8 6 7 
15 10 1 13 15 3 9 11 2 8 6 7 
16 10 1 13 15 3 9 11 16 2 8 6 7 
17 10 1 13 15 3 9 11 16 2 8 6 7 
18 1 18 16 6 10 13 15 3 9 11 2 8 7 
19 1 18 16 6 10 13 15 3 9 11 2 8 7 
20 1 18 16 20 6 10 13 15 3 9 11 2 8 7 
21 1 18 16 20 6 10 13 15 3 9 11 2 8 21 7 
22 1 18 16 20 6 10 22 13 15 3 9 11 2 8 21 7 
23 1 18 16 20 6 10 22 13 15 3 9 11 2 8 21 7 
24 24 1 18 16 20 6 10 22 13 15 3 9 11 2 8 21 7 
25 24 1 18 16 20 6 25 10 22 13 15 3 9 11 2 8 21 7 
26 24 1 18 16 20 6 25 10 22 13 15 3 9 11 2 8 21 7 
27 24 1 27 18 16 20 6 25 10 22 13 15 3 9 11 2 8 21 7 
28 24 1 27 18 16 20 6 25 10 22 13 15 3 9 11 2 8 21 7 
29 24 1 27 18 16 20 6 25 29 10 22 13 15 3 9 11 2 8 21 7 
30 24 1 27 18 16 20 6 25 29 10 22 13 15 3 9 11 2 8 21 7 
31 24 1 27 18 16 20 6 25 29 10 22 13 15 3 9 31 11 2 8 21 7 
32 24 1 27 18 16 20 6 25 29 10 22 13 15 3 9 31 11 2 8 21 7 
33 24 33 1 27 18 16 20 6 25 29 10 22 13 15 3 9 31 11 2 8 21 7 
34 24 33 1 27 18 16 20 6 25 29 10 22 13 15 3 9 31 11 2 8 21 7 
35 24 33 1 27 18 16 20 6 25 29 10 22 13 15 3 9 31 11 2 8 21 7 
36 36 10 1 3 9 11 2 8 6 7 
37 36 10 1 3 9 11 2 8 6 7 
38 36 10 38 1 3 9 11 2 8 6 7 
39 36 10 38 39 1 3 9 11 2 8 6 7 
40 36 38 39 40 1 6 10 3 9 11 2 8 7 
41 36 38 39 40 1 6 10 3 9 11 2 8 7 
42 36 38 39 40 1 6 42 10 3 9 11 2 8 7 
43 36 38 39 40 1 6 42 10 3 9 11 43 2 8 7 
44 36 38 39 40 1 6 42 44 10 3 9 11 43 2 8 7 
45 36 38 39 40 1 6 42 44 10 3 9 11 43 2 8 7 
46 36 38 39 40 1 6 42 44 10 3 9 11 43 2 8 7 
47 36 38 39 40 1 6 10 3 9 11 2 8 7 
48 36 38 39 40 1 48 6 42 44 10 3 9 11 43 2 8 7 
49 36 38 39 40 1 48 6 42 44 10 3 9 11 43 2 8 7 
50 36 38 39 40 1 48 6 50 42 44 10 3 9 11 43 2 8 7 
51 36 38 39 40 1 48 6 50 42 44 10 3 9 11 43 2 8 7 
52 36 38 39 40 1 48 6 50 42 44 10 3 9 11 43 2 8 52 7 
53 36 38 39 40 1 48 6 50 42 44 10 3 9 11 43 2 8 52 7 53 
54 36 38 39 40 1 48 6 50 42 44 10 3 9 11 43 2 8 52 7 53 
55 33 38 39 1 27 18 48 16 6 50 25 44 13 15 9 31 43 8 21 7 53 24 36 40 20 29 42 10 22 3 11 2 52 
