1 1 
2 2 1 
3 2 3 1 
4 2 4 3 1 
5 2 5 4 3 1 
6 2 5 4 6 3 1 
7 2 5 4 6 3 1 7 
8 2 5 8 4 6 3 1 7 
9 2 9 5 8 4 6 3 1 7 
10 2 9 5 8 4 10 6 3 1 7 
11 2 9 11 5 8 4 10 6 3 1 7 
12 12 2 9 11 5 8 4 10 6 3 1 7 
13 5 8 4 6 13 1 12 2 9 11 10 3 7 
14 5 8 4 14 6 13 1 12 2 9 11 10 3 7 
15 5 8 4 14 6 13 1 12 2 9 11 10 3 7 
16 5 8 16 4 14 6 1 12 2 9 11 10 3 7 
17 5 8 16 4 14 6 13 17 1 12 2 9 11 10 3 7 
18 5 8 16 4 14 6 13 17 1 12 2 9 11 10 3 7 
19 5 8 16 4 14 19 6 13 17 1 2 9 11 10 3 7 
20 5 8 16 4 14 19 6 13 17 1 12 2 9 11 10 20 3 7 
21 5 8 16 4 14 19 6 13 17 1 12 2 9 11 10 20 3 7 
22 5 8 16 4 14 19 6 13 17 1 22 12 2 9 10 20 3 7 
23 5 23 8 16 4 14 19 6 13 17 1 22 12 2 9 11 10 20 3 7 
24 5 23 8 16 4 14 19 6 13 17 1 22 12 2 9 11 10 20 3 7 
25 5 23 8 16 4 14 19 6 13 17 1 22 25 12 2 9 11 10 20 3 7 
26 26 5 23 8 16 4 14 19 6 13 17 1 25 12 2 9 10 20 3 7 
27 26 5 23 8 16 4 14 19 27 6 13 17 1 22 25 12 2 9 11 10 20 3 7 
28 26 5 23 8 16 4 14 19 27 6 13 17 1 22 25 12 2 9 11 10 20 3 7 
29 26 5 23 8 16 4 14 19 27 6 13 17 1 22 25 12 2 9 11 10 29 20 3 
30 26 23 8 16 14 19 6 1 30 12 2 10 20 5 4 27 13 17 22 25 9 11 29 3 7 
31 26 23 8 16 14 19 6 1 30 12 2 10 20 5 4 27 13 17 22 25 9 11 29 3 7 
32 26 32 23 8 16 14 19 6 1 30 12 2 10 20 5 4 27 13 17 22 25 9 11 29 3 7 
33 26 32 23 8 16 14 19 6 1 30 12 2 10 33 20 5 4 27 13 17 22 25 9 11 3 
34 26 32 23 8 16 14 19 6 1 30 12 2 10 33 20 5 4 27 13 17 22 25 9 11 29 3 7 
35 26 32 23 8 16 14 19 6 1 30 12 2 10 33 20 5 4 27 13 17 22 25 9 11 29 3 7 
