1 1 
2 2 1 
3 2 3 1 
4 2 4 3 1 
5 2 4 3 5 1 
6 2 4 3 5 1 
7 2 4 3 7 5 1 
8 2 4 3 7 5 8 1 
9 2 4 3 7 5 8 1 
10 2 4 3 7 5 8 1 10 
11 2 4 11 3 7 5 8 1 10 
12 2 4 11 3 7 5 8 1 10 12 
13 2 4 11 3 7 5 8 1 10 12 
14 2 4 11 3 7 5 8 1 10 12 
15 2 4 3 5 1 
16 2 4 3 5 16 1 
17 2 17 4 3 5 16 1 
18 2 17 4 3 5 16 1 
19 2 17 4 19 3 5 16 1 
20 2 17 4 19 3 5 16 1 20 
21 2 17 4 19 21 3 5 16 1 20 
22 2 17 4 19 21 3 5 16 1 20 
23 2 17 4 19 21 3 5 16 1 20 
24 2 24 4 3 5 1 
25 2 24 4 3 5 1 25 
26 2 24 4 26 3 5 1 25 
27 2 24 4 27 26 3 5 1 25 
28 2 24 4 27 26 3 5 1 25 
