1 1 
2 2 1 
3 2 3 1 
4 2 4 3 1 
5 2 4 3 1 
6 2 4 3 1 
7 2 7 4 3 1 
8 2 7 4 3 1 8 
9 2 7 4 3 1 8 9 
10 2 7 4 3 1 8 9 
11 2 7 11 4 3 1 8 9 
12 2 7 11 4 3 1 8 9 12 
13 2 7 11 4 13 3 1 8 9 12 
14 2 7 14 11 4 13 3 1 8 9 12 
15 2 7 14 11 4 13 3 1 8 15 9 12 
16 14 13 3 8 16 9 2 7 11 4 1 15 12 
17 14 13 3 8 16 9 2 7 17 11 4 1 15 12 
18 14 13 3 8 16 9 2 7 17 11 4 1 15 12 
19 14 13 3 8 16 19 9 2 7 17 11 4 1 15 12 
20 14 13 3 8 16 19 9 2 7 17 11 4 1 15 12 
21 14 13 3 8 16 19 9 2 7 17 11 21 4 1 15 12 
22 14 13 3 8 16 19 9 2 7 17 11 21 4 1 15 12 
23 14 13 3 8 16 19 9 2 7 17 11 21 4 1 15 23 12 
24 14 13 3 8 16 19 9 2 7 17 11 24 21 4 1 15 23 12 
25 14 13 3 8 16 19 9 2 7 17 11 24 21 4 25 1 15 23 12 
26 14 13 3 8 16 19 9 2 7 17 11 24 21 26 4 25 1 15 23 12 
27 14 27 13 3 8 16 19 9 2 7 17 11 24 21 26 4 25 1 15 23 12 
28 14 28 27 13 3 8 16 19 9 2 7 17 11 24 21 26 4 25 1 15 23 12 
29 14 28 27 13 3 8 16 19 9 2 7 17 11 29 24 21 26 4 25 1 15 23 12 
30 14 28 27 13 3 8 16 19 9 2 7 17 11 29 24 21 26 4 25 1 15 23 30 12 
31 28 27 13 16 9 7 31 24 21 12 14 3 8 19 2 17 11 29 26 4 25 1 15 23 30 
32 28 27 13 16 9 7 31 24 21 12 14 32 3 8 19 2 17 11 29 26 4 25 1 15 23 30 
33 28 27 13 16 33 9 7 31 24 21 12 14 32 3 8 19 2 17 11 29 26 4 25 1 15 23 30 
34 28 27 13 16 33 9 7 31 24 21 12 14 32 3 8 19 2 17 11 29 26 4 25 1 15 23 30 
35 28 27 13 16 33 9 7 31 24 21 12 14 32 3 8 19 2 17 11 29 26 4 25 1 15 23 30 
36 28 27 13 16 33 9 7 31 24 21 12 14 32 3 8 19 2 17 11 29 26 4 25 1 15 23 30 
37 28 27 13 16 33 9 7 31 24 21 12 14 32 3 8 19 2 17 11 29 26 4 25 1 15 23 30 
