1 1 
2 2 1 
3 2 1 3 
4 2 1 3 
5 2 1 5 3 
6 2 1 5 3 6 
7 2 1 5 3 6 7 
8 2 8 1 5 3 6 7 
9 9 2 8 1 5 3 6 7 
10 10 9 2 8 1 5 3 6 
11 9 8 3 6 15 10 12 2 18 13 1 5 16 
12 9 8 3 6 15 10 12 2 18 13 1 5 16 
13 9 8 3 6 15 10 12 2 18 13 1 5 16 
14 9 8 3 6 15 10 12 2 18 13 1 5 16 
15 9 8 3 6 15 10 12 2 18 13 1 5 16 
16 9 8 3 6 15 10 12 2 18 13 1 5 16 
17 9 8 3 6 15 10 12 2 18 13 1 5 16 
18 12 9 2 18 13 8 1 5 3 6 15 16 
19 12 9 2 18 13 8 1 5 3 6 15 16 
20 9 8 3 6 15 20 10 12 2 18 13 1 5 16 
21 9 8 3 6 15 20 21 12 2 13 1 5 16 
22 9 8 3 6 15 20 21 12 2 13 1 5 16 
23 9 8 3 6 23 15 20 21 12 2 13 1 5 16 
24 9 8 3 6 23 15 20 21 12 2 13 1 5 16 
25 9 8 3 6 23 15 20 21 12 2 13 1 25 5 16 
26 9 8 3 6 23 15 20 21 12 2 13 1 25 5 16 
27 9 8 3 6 23 15 20 21 12 2 13 27 1 5 16 
28 9 28 8 3 6 23 15 20 21 12 2 13 27 1 5 16 
29 9 28 8 3 6 23 15 20 21 12 2 13 27 1 25 5 16 
30 9 28 8 3 6 23 15 20 21 12 2 13 27 1 25 5 30 16 
31 9 28 8 3 6 23 15 20 21 12 2 31 13 27 1 25 5 30 16 
32 9 28 8 3 6 23 15 20 21 12 2 31 13 27 1 25 5 30 16 
33 9 28 8 3 6 23 15 20 21 12 2 31 13 27 1 25 5 30 16 
34 9 28 8 3 6 23 15 20 12 2 31 13 27 1 25 5 30 16 34 
35 9 28 8 3 6 23 15 20 12 2 31 13 27 1 25 5 30 38 16 34 
36 9 28 8 3 6 23 15 20 12 2 31 13 27 1 25 5 30 38 16 34 
37 9 28 8 3 6 23 15 20 12 2 31 13 27 1 25 5 30 38 16 34 
38 9 28 8 3 6 23 15 20 12 2 31 13 27 1 25 5 30 38 16 
39 9 28 8 3 6 23 15 20 12 2 31 13 27 1 25 5 30 38 16 
40 9 28 8 3 6 23 15 20 12 2 31 13 27 1 25 5 30 38 16 34 
41 9 28 8 3 6 23 15 20 12 2 31 13 27 1 25 5 30 38 16 34 
