1 1 
2 1 2 
3 1 2 
4 1 2 4 
5 1 2 5 4 
6 1 2 5 6 4 
7 1 7 2 5 6 4 
8 1 7 2 5 8 6 4 
9 1 7 2 5 8 9 6 4 
10 1 7 2 5 8 9 6 4 10 
11 1 7 2 5 8 9 6 4 11 10 
12 1 7 12 2 5 8 9 6 4 11 10 
13 1 7 12 13 2 5 8 9 6 4 11 10 
14 1 7 12 5 8 9 6 14 4 10 13 2 11 
15 1 7 12 5 8 9 6 14 4 10 13 2 11 15 
16 1 7 12 5 8 9 6 14 4 10 16 13 2 11 15 
17 1 7 12 5 8 9 6 14 4 10 16 13 2 11 15 17 
18 18 1 7 12 5 8 9 6 14 4 10 16 13 2 11 15 17 
19 18 1 7 12 5 8 9 6 14 4 10 16 19 13 2 11 15 17 
20 18 1 7 12 5 8 9 6 14 4 10 16 19 13 2 11 15 17 
