1 1 
2 2 1 
3 2 1 
4 4 2 1 
5 4 2 5 1 
6 6 4 2 5 1 
7 6 7 4 11 10 2 5 1 9 
8 6 7 4 11 10 2 5 1 9 
9 6 7 4 11 10 2 5 1 9 
10 6 7 4 11 10 2 5 1 9 
11 6 7 4 11 10 2 5 1 9 
12 6 7 4 11 10 2 5 1 9 
13 6 7 4 11 10 2 5 1 9 
14 6 7 4 11 10 2 5 14 1 9 
15 6 7 4 11 10 2 5 14 1 9 
16 6 7 4 11 16 10 2 5 14 1 9 
17 6 7 4 11 16 10 2 5 14 1 9 
18 6 7 4 11 16 10 2 5 14 18 1 9 
19 6 7 4 11 16 10 2 14 18 1 9 19 
20 20 7 4 11 16 10 2 14 18 1 19 9 
21 23 10 14 24 20 7 4 11 16 2 21 25 18 1 19 9 
22 23 10 14 24 20 7 4 11 16 2 21 25 18 1 19 9 
23 23 10 14 24 20 7 4 11 16 2 21 25 18 1 19 9 
24 23 14 24 20 7 4 11 16 2 21 25 18 1 19 9 
25 23 14 24 20 7 4 11 16 2 21 25 18 1 19 9 
26 23 14 24 20 7 4 11 16 2 21 25 18 1 19 9 
27 23 14 24 20 7 4 11 16 2 21 25 18 1 19 9 
28 23 10 14 24 20 7 4 11 16 2 21 25 18 28 1 19 9 
29 23 10 14 24 20 7 4 11 16 2 21 25 18 28 1 19 9 
30 23 10 14 24 20 6 7 4 11 16 2 5 21 25 18 28 1 19 9 
31 23 10 14 24 20 6 7 4 11 16 2 5 21 25 18 28 1 19 9 
