1 1 
2 1 2 
3 1 3 2 
4 1 3 4 2 
5 1 3 4 2 5 
6 6 1 3 4 2 5 
7 6 7 1 3 4 2 5 
8 6 7 8 1 3 4 2 5 
9 6 7 8 9 1 3 4 2 5 
10 6 7 8 9 1 3 4 10 2 5 
11 6 7 8 9 11 1 3 4 10 2 5 
12 6 7 8 9 11 1 3 4 10 12 2 5 
13 6 7 8 11 15 3 4 12 23 5 16 24 20 17 9 13 1 10 26 2 21 
14 6 7 8 11 15 3 4 12 23 5 16 24 20 17 9 13 1 10 26 2 21 
15 6 7 8 11 15 3 4 12 23 5 16 24 20 17 9 13 1 10 26 2 21 
16 6 7 8 11 15 3 4 12 23 5 24 16 20 17 9 13 1 10 26 2 21 
17 6 7 8 11 15 3 4 12 23 5 16 24 20 17 9 13 1 10 26 2 21 
18 6 7 8 11 15 3 4 12 23 5 16 24 20 17 9 13 1 10 26 2 21 
19 6 7 8 11 15 3 4 12 23 5 16 24 20 17 9 13 1 10 26 2 21 
20 6 7 8 11 15 3 4 12 23 5 16 24 20 17 9 13 1 26 2 21 
21 6 7 8 11 15 3 4 12 23 5 16 24 20 17 9 13 1 26 2 21 
22 6 7 8 11 15 3 4 12 23 5 16 24 20 17 9 13 1 26 2 21 
23 6 7 8 15 3 4 12 23 5 16 24 20 17 9 13 1 2 21 
24 6 7 8 11 15 3 4 12 23 5 16 24 20 17 9 13 1 26 2 21 
25 6 7 8 11 15 3 4 12 23 5 16 24 20 17 9 13 1 26 2 21 
26 6 7 8 15 3 4 12 5 16 24 20 17 9 13 1 26 2 21 
27 6 7 8 15 3 4 12 5 16 24 20 17 9 13 1 26 2 21 
28 6 7 8 11 15 3 4 12 23 5 16 24 20 17 9 13 1 10 26 2 21 
