1 1 
2 1 2 
3 1 3 2 
4 1 3 2 
5 5 1 3 2 
6 5 1 3 2 
7 5 1 3 2 
8 8 1 3 2 
9 8 9 1 3 2 
10 8 9 10 1 3 2 
11 11 8 9 10 1 3 2 
12 11 8 9 12 10 1 3 2 
13 17 12 1 15 22 11 8 9 21 14 10 19 3 18 20 2 16 
14 17 12 1 15 22 11 8 9 21 14 10 19 3 18 20 2 16 
15 17 12 1 22 15 11 8 9 21 14 10 19 3 18 20 2 16 
16 17 12 1 15 22 11 9 21 14 10 19 3 18 20 2 16 
17 17 12 1 15 22 11 21 14 10 19 3 18 20 2 16 
18 17 12 1 15 22 11 21 14 10 19 3 20 18 2 16 
19 17 12 1 15 22 11 21 14 19 3 18 20 2 16 
20 17 12 1 15 22 11 21 14 19 3 18 20 2 16 
21 17 12 1 15 22 21 14 19 3 18 20 2 16 
22 17 21 14 1 19 3 15 22 18 20 2 16 
23 17 21 14 1 19 3 15 22 18 20 2 16 
24 17 12 1 15 22 11 8 9 21 14 10 24 19 3 18 20 2 16 
25 17 12 25 1 15 22 11 8 9 21 14 10 24 19 3 18 20 2 16 
26 17 12 25 1 15 22 26 11 8 9 21 14 10 24 19 3 18 20 2 16 
27 17 25 27 1 26 15 11 8 9 21 14 10 24 19 3 18 20 2 16 
28 17 25 27 1 26 15 11 8 9 21 14 10 28 24 19 3 18 20 2 16 
29 17 25 27 1 29 26 15 11 8 9 21 14 10 28 24 19 3 18 20 2 16 
30 17 25 27 1 29 26 15 11 8 9 21 30 14 10 28 24 19 3 18 20 2 16 
31 17 25 27 1 29 26 15 11 8 9 30 21 14 10 28 24 19 3 18 20 31 2 16 
32 17 25 27 1 29 26 15 11 8 9 30 21 14 10 28 24 32 19 3 31 18 20 2 16 
33 17 27 1 26 33 8 9 24 32 19 18 2 16 25 29 15 11 30 21 14 10 28 3 31 20 
34 17 27 1 26 33 8 9 24 32 19 18 2 16 25 29 15 11 30 21 14 34 10 28 3 31 20 
35 17 27 1 26 33 8 9 24 32 19 18 2 16 35 25 29 15 11 30 21 14 34 10 28 3 31 20 
36 17 27 1 26 33 8 9 24 36 32 19 18 2 16 35 25 29 15 11 30 21 14 34 10 28 3 31 20 
37 17 27 1 26 33 8 9 24 36 32 19 18 2 16 35 25 29 15 11 30 21 14 34 10 28 37 3 31 20 
38 17 27 1 26 33 8 9 24 36 32 19 18 2 16 35 25 29 15 11 30 21 14 34 10 28 37 3 31 20 
39 17 27 1 26 33 8 9 24 36 32 19 18 2 16 35 25 29 15 11 30 21 39 14 34 10 28 37 3 31 20 
40 17 27 1 26 33 8 9 24 36 32 19 18 2 16 35 25 29 15 11 30 39 21 14 34 10 28 37 3 31 20 40 
41 17 41 27 1 26 33 8 9 24 36 32 19 18 2 16 35 25 29 15 11 30 39 21 14 34 10 28 37 3 31 40 20 
42 17 41 27 1 26 33 8 9 24 36 32 19 18 2 16 35 25 29 15 11 30 39 21 14 34 10 28 37 3 31 40 20 
43 17 41 27 1 26 33 8 9 24 36 32 19 18 2 16 35 25 29 15 11 30 39 21 14 34 10 28 37 3 31 40 20 
