1 1 
2 1 2 
3 3 1 2 
4 4 3 1 2 
5 4 3 5 1 2 
6 4 6 3 5 1 2 
7 4 6 3 5 1 2 
8 4 6 3 5 1 2 
9 4 6 3 5 1 9 2 
10 4 6 3 5 1 9 2 
11 4 6 3 5 1 9 2 
12 4 12 6 3 5 1 9 2 
13 4 12 6 3 5 1 9 2 13 
14 4 12 6 3 5 1 9 2 13 
15 4 12 6 3 5 1 9 2 15 13 
16 4 12 6 3 5 1 9 2 15 13 16 
17 4 12 6 3 5 1 9 2 15 13 16 17 
18 4 18 3 5 1 13 12 6 9 2 15 16 17 
19 4 18 3 5 1 13 12 6 9 2 15 16 17 
20 4 18 3 5 1 13 12 6 9 20 2 15 16 17 
21 4 18 3 5 1 13 12 6 9 20 2 15 16 17 
22 4 18 3 1 22 13 12 6 9 20 2 15 16 17 
23 4 18 3 5 23 1 22 13 12 6 9 20 2 15 16 17 
24 4 18 3 5 23 1 22 13 12 6 9 20 2 15 16 17 
25 4 18 3 5 23 1 22 13 25 12 6 9 20 2 15 16 17 
26 29 4 27 3 5 23 22 39 13 12 26 9 20 32 40 2 15 16 17 18 42 1 35 25 6 37 30 34 31 
27 29 4 27 3 5 23 22 39 13 12 26 9 20 32 40 2 15 16 17 18 42 1 35 25 6 37 30 34 31 
28 29 4 27 3 5 23 22 39 13 12 26 9 20 32 40 2 15 16 17 18 42 1 35 25 6 37 30 34 31 
29 29 4 27 3 5 23 22 39 13 12 26 9 20 32 40 2 15 16 17 18 42 1 35 25 6 37 30 34 31 
30 29 4 27 3 5 23 22 39 13 12 26 9 20 32 40 2 15 16 17 18 42 1 35 25 6 37 30 34 31 
31 29 4 27 3 5 23 22 39 13 12 26 9 20 32 40 2 15 16 17 18 42 1 35 25 6 37 30 34 31 
32 29 4 27 3 5 23 22 39 13 12 26 9 20 32 40 2 15 16 17 18 42 1 35 25 6 30 34 31 
33 29 4 27 3 5 23 22 39 13 12 26 9 20 32 40 2 15 16 17 18 42 1 35 25 6 30 34 31 
34 29 4 27 3 5 23 22 39 13 12 26 9 20 32 40 2 15 16 17 18 42 1 35 25 6 30 34 31 
35 29 4 27 3 5 23 22 39 13 12 26 9 20 32 40 2 15 16 17 18 42 1 35 25 6 30 34 31 
36 29 4 27 3 5 23 22 39 13 12 26 9 20 32 40 2 15 16 17 18 42 1 35 25 6 30 34 31 
37 29 4 27 3 5 23 22 39 13 12 26 9 20 40 2 15 16 17 18 42 1 35 25 6 37 30 34 31 
38 29 4 27 3 5 23 22 39 13 12 26 9 20 40 2 15 16 17 18 42 1 35 25 6 37 30 34 31 
39 29 4 27 3 5 23 22 39 13 12 26 9 20 32 40 2 15 16 17 18 42 1 35 25 6 37 30 34 31 
40 29 4 27 3 5 23 22 39 13 12 26 9 20 32 40 2 15 16 17 18 42 1 35 25 6 37 30 34 31 
41 29 4 27 3 5 23 22 39 13 12 26 9 20 32 40 2 15 16 17 18 42 1 35 25 6 37 30 34 31 
42 29 4 27 3 5 23 22 39 13 12 26 9 20 32 40 2 15 16 17 18 42 1 35 6 37 30 34 31 
43 29 4 27 3 5 23 22 39 13 12 26 9 20 32 40 2 15 16 17 18 42 1 35 6 37 30 34 31 
44 29 4 27 3 5 23 22 39 13 12 26 9 20 32 40 2 15 16 17 18 42 1 35 25 6 37 30 34 31 
45 29 4 27 3 5 23 22 39 13 12 26 9 20 32 40 2 15 16 17 18 42 1 35 25 6 37 30 34 31 
46 29 4 27 3 5 23 22 39 13 12 26 9 20 32 40 2 15 16 17 18 42 1 35 25 6 37 30 34 31 
