1 1 
2 2 1 
3 2 1 3 
4 4 2 1 3 
5 4 2 1 3 5 
6 4 6 2 1 3 5 
7 4 6 2 1 3 5 
8 4 6 8 2 1 3 5 
9 4 6 8 9 2 1 3 5 
10 4 6 8 10 9 2 1 3 5 
11 4 6 8 10 9 11 2 1 3 5 
12 4 6 8 10 9 11 2 1 3 5 
13 4 6 2 13 1 3 5 
14 4 6 14 2 13 1 3 5 
15 4 6 15 14 2 13 1 3 5 
16 16 4 6 15 14 2 13 1 3 5 
17 16 8 2 4 6 10 15 9 11 14 13 1 3 5 
18 16 8 2 4 6 10 15 9 11 14 13 1 3 5 
19 16 8 2 19 4 6 10 15 9 11 14 13 1 3 5 
20 16 8 2 19 4 6 10 15 9 11 14 13 1 3 5 
21 16 8 2 19 4 6 10 15 9 11 14 13 1 3 5 
22 16 8 2 19 4 6 10 15 9 11 14 13 1 3 5 
23 16 8 2 19 4 6 10 15 9 11 14 13 1 3 5 
