1 1 
2 2 
3 3 
4 4 
6 5 
7 6 
8 7 
10 8 
12 9 
14 10 
17 11 
19 12 
21 13 
24 14 
25 15 
26 16 
28 5 
29 14 
30 17 
31 16 
32 18 
33 19 
35 20 
36 21 
37 22 
38 23 
39 18 
40 19 
42 24 
44 19 
45 25 
46 26 
47 27 
49 28 
50 29 
51 30 
52 31 
53 32 
54 26 
56 33 
58 34 
59 35 
60 36 
61 37 
62 38 
63 26 
64 19 
66 39 
67 40 
68 41 
69 42 
71 43 
72 44 
73 45 
74 46 
75 47 
76 48 
77 49 
78 50 
81 51 
82 52 
83 19 
85 53 
87 54 
88 55 
89 56 
90 57 
91 47 
92 58 
93 59 
94 60 
97 61 
98 62 
99 25 
100 63 
101 64 
102 47 
104 19 
