1 1 
2 2 1 
3 2 1 
4 2 1 
5 2 1 5 
6 2 1 5 
7 2 1 5 
8 2 1 8 5 
9 2 1 9 8 5 
10 2 1 9 8 10 5 
11 2 1 9 8 10 11 5 
12 2 1 9 8 10 11 5 
13 2 1 9 8 10 11 5 
14 14 2 1 9 8 10 11 5 
15 14 2 1 9 15 8 10 11 5 
16 14 2 1 9 15 8 10 11 5 
17 14 2 1 9 15 8 10 11 5 
18 14 2 18 1 9 15 8 10 11 5 
19 14 2 18 19 1 9 15 8 10 11 5 
20 14 2 18 19 1 9 15 8 10 11 20 5 
21 14 2 18 19 1 9 15 8 10 11 20 5 
22 14 2 18 19 1 9 15 8 10 11 20 5 
23 14 18 19 10 20 5 2 1 9 15 8 11 23 
24 14 18 19 10 20 5 2 24 1 9 15 8 11 23 
25 14 18 19 10 20 5 2 24 1 9 15 8 11 23 
26 14 18 19 10 20 5 2 24 1 9 15 8 11 23 
27 14 18 19 27 10 20 5 2 24 1 9 15 8 11 23 
28 14 18 19 27 28 10 20 5 2 24 1 9 15 8 11 23 
29 14 18 19 27 28 10 20 5 2 29 24 1 9 15 8 11 23 
30 14 18 19 27 28 10 20 5 2 29 24 1 9 15 8 11 23 
31 14 18 19 27 28 10 20 5 2 29 24 1 9 15 8 11 23 
32 14 18 19 27 28 10 20 5 2 29 24 32 1 9 15 8 11 23 
33 14 18 19 27 28 10 20 5 2 29 33 24 32 1 9 15 8 11 23 
34 14 18 19 27 28 10 20 5 2 29 33 24 32 1 9 15 8 11 23 
35 14 18 19 27 28 10 20 5 2 29 33 24 32 1 9 15 8 11 23 
36 14 18 19 36 27 28 10 20 5 2 29 33 24 32 1 9 15 8 11 23 
37 14 18 19 36 27 28 10 20 5 2 29 33 24 32 1 9 15 8 37 11 23 
38 14 18 19 36 27 28 10 20 5 38 2 29 33 24 32 1 9 15 8 37 11 23 
39 14 18 19 36 27 28 10 20 5 38 2 29 33 24 32 1 9 15 8 37 11 23 
40 14 18 19 36 27 28 10 20 5 38 2 29 33 24 32 1 9 15 8 37 11 23 
41 14 18 19 36 41 27 28 10 20 5 38 2 29 33 24 32 1 9 15 8 37 11 23 
42 14 18 19 36 41 27 28 10 20 5 38 42 2 29 33 24 32 1 9 15 8 37 11 23 
43 14 18 19 36 41 27 28 10 20 5 38 42 2 29 33 24 32 1 9 15 8 37 11 23 
44 14 18 19 36 41 27 28 10 20 5 38 42 2 29 33 24 32 1 9 15 8 37 11 23 
45 14 18 19 28 10 20 5 38 32 1 9 15 8 23 36 41 27 45 42 2 29 33 24 37 11 
46 14 18 19 28 10 20 5 38 32 1 9 15 8 23 36 41 27 45 42 2 29 33 24 46 37 11 
47 14 18 19 28 10 20 5 38 32 1 9 15 8 23 36 41 27 45 42 2 29 33 24 47 46 37 11 
48 14 18 19 28 10 20 5 38 32 1 9 15 8 23 36 41 27 45 42 2 29 33 24 47 46 37 11 
49 14 18 19 28 10 20 5 38 32 1 9 15 8 23 36 41 27 45 42 2 29 33 24 47 46 37 11 
50 14 18 19 28 10 20 5 38 32 50 1 9 15 8 23 36 41 27 45 42 2 29 33 24 47 46 37 11 
51 14 18 19 28 10 20 5 38 32 50 1 9 15 8 23 36 41 27 45 42 2 29 33 24 47 51 46 37 11 
52 14 18 19 28 10 20 5 38 32 50 1 9 15 8 23 36 41 27 45 42 2 29 33 24 47 51 46 37 11 
53 14 18 19 28 10 20 5 38 32 50 1 9 15 8 23 36 41 27 45 42 2 29 33 24 47 51 46 37 11 
54 14 18 19 28 10 20 5 38 32 50 1 9 15 8 23 36 41 27 45 42 2 29 33 24 47 51 46 37 11 
