1 1 
2 1 2 
3 1 2 3 
4 1 2 3 4 
5 1 5 2 3 4 
6 1 5 6 2 3 4 
7 1 5 6 2 7 3 4 
8 1 5 6 2 7 8 3 4 
9 1 5 6 2 7 9 8 3 4 
10 1 5 10 6 2 7 9 8 3 4 
11 1 5 10 6 2 7 9 11 8 3 4 
12 1 5 10 6 2 7 9 11 12 8 3 4 
13 10 6 2 9 11 13 8 3 4 1 5 7 12 
14 10 6 2 9 11 13 8 14 3 4 1 5 7 12 
15 10 6 2 9 11 13 8 14 3 4 1 5 7 12 
16 10 6 2 9 11 13 8 14 3 4 1 5 7 12 
17 10 6 2 9 11 13 8 14 3 4 1 5 7 12 17 
18 10 6 2 9 11 13 8 14 3 4 1 5 7 18 12 17 
19 10 6 2 9 11 13 8 14 3 4 1 5 7 18 12 17 19 
20 10 6 2 9 11 13 8 14 3 4 1 5 7 18 12 17 19 
21 10 6 2 9 11 13 8 14 3 4 1 5 7 18 12 17 19 
22 10 22 6 2 9 11 13 8 14 3 4 1 5 7 18 12 17 19 
23 10 22 6 2 9 11 13 8 14 3 4 1 5 7 23 18 12 17 19 
24 10 22 6 2 9 11 13 8 14 3 4 1 5 7 23 24 18 12 17 19 
25 25 10 22 6 2 9 11 13 8 14 3 4 1 5 7 23 24 18 12 17 19 
26 25 10 22 26 6 2 9 11 13 8 14 3 4 1 5 7 23 24 18 12 17 19 
27 25 10 22 26 6 2 9 11 13 8 14 3 4 1 5 7 23 24 18 12 17 19 27 
28 25 10 22 26 6 2 9 11 13 8 14 3 4 1 5 7 23 24 18 12 17 19 27 
29 25 10 22 26 6 2 9 11 13 8 14 3 4 1 5 29 7 23 24 18 12 17 19 27 
30 25 10 22 26 6 2 9 11 13 8 14 3 4 1 5 29 7 23 24 18 12 17 19 27 
31 25 10 22 26 6 2 9 11 13 8 14 3 4 1 31 5 7 23 24 18 12 17 19 27 
32 10 22 26 6 2 9 8 14 4 1 31 5 29 7 12 19 25 32 11 13 3 23 24 18 17 27 
33 10 22 26 6 2 9 8 14 4 1 31 5 29 7 12 19 25 32 11 13 3 23 24 18 17 27 
34 10 22 26 6 2 9 8 14 4 1 31 5 29 7 12 19 25 32 11 13 3 23 24 18 17 27 
35 10 22 26 6 2 9 35 8 14 4 1 31 5 29 7 12 19 25 32 11 13 3 23 24 18 17 27 
36 10 22 26 6 2 9 35 8 14 4 1 31 5 29 7 12 19 25 32 11 13 3 36 23 24 18 17 27 
37 10 22 26 6 2 9 35 8 14 4 1 31 5 29 37 7 12 19 25 32 11 13 3 36 23 24 18 17 27 
38 10 22 26 6 2 9 35 8 14 4 1 31 5 29 37 7 12 19 25 32 11 13 38 3 36 23 24 18 17 27 
39 10 22 26 6 2 9 35 8 14 4 1 31 5 29 37 7 12 19 25 32 11 13 39 38 3 36 23 24 18 17 27 
40 10 22 26 6 2 9 35 40 8 14 4 1 31 5 29 37 7 12 19 25 32 11 13 39 38 3 36 23 24 18 17 27 
41 10 22 26 6 2 9 35 40 8 14 4 1 31 5 29 37 7 12 19 25 32 11 13 39 38 3 36 23 24 18 17 27 
42 10 22 26 6 2 9 35 40 8 14 4 1 31 5 29 37 7 42 12 19 25 32 11 13 39 38 3 36 23 24 18 17 27 
43 10 22 26 6 2 9 35 40 8 14 4 1 31 5 29 37 7 42 12 19 25 32 11 13 39 38 3 36 23 24 18 17 27 
44 10 22 26 6 2 9 35 40 8 14 4 1 31 5 29 37 7 12 19 25 32 11 13 39 38 3 36 23 24 18 44 17 27 
45 10 22 26 6 2 9 35 40 8 14 4 1 31 5 29 37 7 45 42 12 19 25 32 11 13 39 38 3 36 23 24 18 44 17 27 
46 10 22 26 6 2 9 35 40 8 14 4 1 31 5 29 37 7 45 42 12 19 25 32 11 13 39 38 3 36 23 24 18 44 17 27 
47 10 22 26 6 2 9 35 40 8 14 4 1 31 5 29 37 7 45 42 12 19 25 32 47 11 13 39 38 3 36 23 24 18 44 17 27 
48 10 22 26 6 2 9 35 40 8 14 4 1 31 5 29 37 7 45 42 12 19 25 32 47 11 13 39 38 3 36 23 24 18 44 17 27 
49 10 22 26 6 2 9 35 40 8 14 4 1 31 5 29 37 7 45 42 12 19 25 32 47 11 13 39 38 3 36 23 24 18 44 49 17 27 
50 10 22 26 6 2 9 35 40 8 14 4 1 31 5 29 37 7 45 42 12 19 25 32 47 11 13 39 38 3 36 23 24 18 44 49 17 27 
51 10 22 26 6 2 9 35 40 8 14 4 1 31 5 29 37 7 45 42 12 19 25 32 47 11 13 39 38 3 36 23 24 18 44 49 17 27 
52 10 22 26 6 2 9 35 40 8 14 4 1 31 5 29 37 7 45 42 12 19 25 32 47 52 11 13 39 38 3 36 23 24 18 44 17 27 
53 10 22 26 6 2 9 35 40 8 14 4 1 31 5 29 37 7 45 42 12 19 25 32 47 52 11 13 53 39 38 3 36 23 24 18 44 17 27 
54 10 22 26 6 2 9 35 40 8 14 4 1 31 5 29 37 7 45 42 12 19 25 32 47 52 11 13 53 39 54 38 3 36 23 24 18 44 17 27 
55 10 22 26 6 2 9 35 40 55 8 14 4 1 31 5 29 37 7 45 42 12 19 25 32 47 52 11 13 53 39 54 38 3 36 23 24 18 44 17 27 
56 10 22 26 6 2 9 35 40 55 8 14 4 1 31 5 29 37 7 45 42 56 12 19 25 32 47 52 11 13 53 39 54 38 3 36 23 24 18 44 17 27 
57 10 22 26 6 2 9 35 40 55 8 14 4 1 31 5 29 37 7 45 42 56 12 19 25 32 47 52 11 13 53 39 54 38 3 36 23 24 18 44 17 27 
58 10 22 26 6 2 9 35 40 55 8 14 4 1 31 5 29 37 7 45 42 58 56 12 19 25 32 47 52 11 13 53 39 54 38 3 36 23 24 18 44 17 27 
59 10 22 26 6 2 9 35 40 55 8 14 4 1 31 5 29 37 7 45 42 58 56 12 19 25 32 47 52 11 13 53 39 54 38 3 36 23 24 18 44 17 27 
60 10 22 26 6 2 9 35 40 55 8 14 4 1 31 5 29 37 7 45 42 58 60 56 12 19 25 32 47 52 11 13 53 39 54 38 3 36 23 24 18 44 17 27 
61 10 22 26 6 2 9 35 40 55 8 14 4 1 31 5 29 37 7 45 42 58 60 56 12 19 25 32 47 52 11 13 53 39 54 38 3 36 23 24 18 44 17 27 
62 10 22 26 6 2 9 35 40 55 8 14 4 1 31 5 29 37 7 45 42 58 60 56 12 19 25 32 47 52 11 13 53 39 54 38 3 36 23 24 18 44 17 27 
63 10 22 26 6 2 9 35 40 8 14 4 1 31 5 29 37 7 45 42 63 12 19 25 32 11 13 39 38 3 36 23 24 18 44 17 27 
64 10 22 26 6 2 9 35 40 8 14 4 1 31 5 29 37 7 45 42 63 12 19 25 32 11 13 39 38 3 36 23 24 18 44 17 27 
65 10 22 26 6 2 9 35 40 8 14 4 1 31 5 29 37 7 45 42 63 12 19 25 32 11 13 39 38 3 36 23 24 18 44 65 17 27 
66 10 22 26 6 2 9 35 40 8 14 4 1 31 5 29 37 7 45 42 63 12 19 25 32 11 13 39 38 3 36 23 24 18 44 65 17 27 
67 10 22 26 6 2 9 35 40 67 8 14 4 1 31 5 29 37 7 45 42 63 12 19 25 32 11 13 39 38 3 36 23 24 18 44 65 17 27 
68 10 22 26 6 2 9 35 40 67 8 14 4 1 31 5 29 37 7 45 42 63 12 19 25 32 11 13 39 38 3 36 23 24 18 44 65 17 27 
69 10 22 26 6 2 9 35 40 67 8 14 4 1 31 5 29 37 7 45 42 63 12 19 25 32 11 13 39 38 3 36 23 24 18 44 65 17 27 
70 10 22 26 6 2 9 35 40 8 14 4 1 31 5 29 37 7 45 42 63 12 19 70 25 32 11 13 39 38 3 36 23 24 18 44 65 17 27 
71 10 22 71 26 6 2 9 35 40 8 14 4 1 31 5 29 37 7 45 42 63 12 19 70 25 32 11 13 39 38 3 36 23 24 18 44 65 17 27 
72 10 22 71 26 6 2 9 35 40 8 14 4 1 31 5 29 37 7 45 42 63 12 19 70 25 32 11 13 39 38 3 36 23 24 18 44 65 17 72 27 
73 10 22 71 26 73 6 2 9 35 40 8 14 4 1 31 5 29 37 7 45 42 63 12 19 70 25 32 11 13 39 38 3 36 23 24 18 44 65 17 72 27 
74 10 22 71 26 73 6 2 9 35 40 8 14 4 1 31 5 29 37 74 7 45 42 63 12 19 70 25 32 11 13 39 38 3 36 23 24 18 44 65 17 72 27 
75 10 22 71 26 73 6 2 9 35 40 8 14 4 1 31 5 29 37 74 7 45 42 63 12 19 70 25 32 11 13 39 38 3 36 23 24 18 44 65 17 72 27 
76 10 22 71 26 73 6 2 9 35 40 8 14 4 1 31 5 29 37 74 7 45 42 63 12 19 70 25 32 11 13 76 39 38 3 36 23 24 18 44 65 17 72 27 
77 10 22 71 26 73 6 2 9 35 40 8 14 4 1 31 5 29 37 74 7 45 42 63 12 19 70 25 32 11 13 76 39 38 3 36 23 24 18 44 65 17 72 27 
78 10 22 71 26 73 6 2 9 35 40 8 14 4 1 31 5 29 37 74 7 45 42 63 12 19 70 78 25 32 11 13 76 39 38 3 36 23 24 18 44 65 17 72 27 
79 10 22 71 26 73 6 2 9 35 40 8 14 4 1 31 5 29 37 74 7 45 42 63 12 19 70 78 25 32 11 13 76 39 38 3 36 23 24 18 44 65 17 72 27 
80 10 22 71 2 9 40 4 5 29 74 7 60 19 70 78 47 76 54 3 80 36 23 24 44 17 27 26 6 35 67 8 14 1 31 37 45 42 58 63 56 12 25 32 52 11 13 53 39 38 18 49 65 72 
81 10 22 71 2 9 40 4 5 29 74 7 60 19 70 78 47 76 54 3 80 36 23 24 44 17 27 26 6 35 67 8 14 1 31 37 45 42 58 63 56 12 25 32 52 11 13 53 39 38 18 49 65 72 
82 10 22 71 2 9 40 4 5 29 74 7 60 19 70 78 47 82 76 54 3 80 36 23 24 44 17 27 26 6 35 67 8 14 1 31 37 45 42 58 63 56 12 25 32 52 11 13 53 39 38 18 49 65 72 
83 10 22 71 2 9 40 4 5 29 74 7 60 19 70 78 47 82 76 54 3 80 36 23 24 44 17 27 26 6 35 67 8 14 1 31 37 45 42 58 63 56 12 25 32 52 11 13 53 39 38 18 49 65 72 
84 10 22 71 2 9 40 4 5 29 74 7 60 19 70 78 84 47 82 76 54 3 80 36 23 24 44 17 27 26 6 35 67 8 14 1 31 37 45 42 58 63 56 12 25 32 52 11 13 53 39 38 18 49 65 72 
85 10 22 71 2 9 40 4 5 29 74 7 60 19 70 78 84 47 82 76 54 3 80 36 23 24 44 17 27 26 6 35 67 8 14 1 31 37 45 42 58 63 56 12 25 32 52 11 13 53 39 38 18 49 65 72 
86 10 22 71 2 9 40 4 5 29 74 7 60 19 70 78 84 47 82 76 54 3 80 36 23 24 44 17 27 26 6 35 67 8 14 1 31 37 45 42 58 63 56 12 25 32 52 11 13 53 39 38 18 49 65 72 
87 10 22 71 2 9 40 4 5 29 74 7 60 19 70 78 84 47 82 76 54 3 80 36 23 24 44 17 27 26 6 35 67 8 14 1 31 37 45 42 58 63 56 12 25 32 52 11 13 53 39 38 18 49 65 72 
88 10 22 71 2 9 40 4 5 29 74 7 60 19 70 78 84 47 82 76 54 3 80 36 23 24 44 17 27 26 6 35 67 8 14 1 31 37 45 42 58 63 56 12 25 32 52 11 13 53 39 38 18 49 65 72 
89 10 22 71 2 9 40 4 5 29 74 7 60 19 70 78 84 47 82 76 54 3 80 36 23 24 44 17 27 26 6 35 67 8 14 1 31 37 45 42 58 63 56 12 25 32 52 11 13 53 39 38 18 49 65 72 
90 10 22 71 2 9 40 4 5 29 74 7 60 19 70 78 84 47 82 76 54 3 80 36 23 24 44 17 27 26 6 35 67 90 8 14 1 31 37 45 42 58 63 56 12 25 32 52 11 13 53 39 38 18 49 65 72 
91 10 22 71 2 9 40 4 5 29 74 7 60 19 70 78 84 47 82 76 54 3 80 36 23 24 44 17 27 26 6 35 67 90 8 14 1 31 37 45 42 58 63 56 12 25 32 52 11 13 53 39 38 18 49 65 72 
92 10 22 71 2 9 40 4 5 29 74 7 60 19 70 78 84 47 82 76 54 3 80 23 24 44 17 27 26 6 35 67 90 8 14 1 31 37 45 42 58 63 56 12 25 92 32 52 11 13 53 39 38 18 49 65 72 
93 10 22 71 2 9 40 4 5 29 74 7 60 19 70 78 84 47 82 76 54 3 80 23 24 44 17 27 26 6 35 67 90 8 14 1 31 37 45 42 58 63 56 12 25 92 32 52 11 13 53 39 93 18 49 65 72 
94 10 22 71 2 9 40 4 5 29 74 7 60 19 70 78 84 47 82 76 54 3 80 23 24 44 17 27 26 6 35 67 90 8 14 1 31 37 45 42 58 63 56 12 25 92 32 94 52 11 13 53 39 93 18 49 65 72 
95 10 22 71 2 9 40 4 5 29 74 7 60 19 70 78 84 47 82 76 54 3 80 23 24 44 17 27 26 6 35 67 90 8 14 1 31 37 45 42 58 63 56 12 25 92 32 94 52 11 13 53 39 93 18 49 65 72 
96 10 22 71 2 9 40 4 5 29 74 7 60 19 70 78 84 47 82 76 54 3 80 23 24 44 17 27 26 6 35 67 90 8 14 1 31 37 45 42 58 63 56 12 25 32 94 52 11 13 53 39 93 96 18 49 65 72 
97 10 22 71 2 9 40 97 4 5 29 74 7 60 19 70 78 84 47 82 76 54 3 80 23 24 44 17 27 26 6 35 67 90 8 14 1 31 37 45 42 58 63 56 12 25 32 94 52 11 13 53 39 96 18 49 65 72 
98 10 22 71 2 9 40 97 4 98 5 29 74 7 60 19 70 78 84 47 82 76 54 3 80 23 24 44 17 27 26 6 35 67 90 8 14 1 31 37 45 42 58 63 56 12 25 92 32 94 52 11 13 53 39 93 96 18 49 65 72 
99 10 22 71 2 9 40 97 4 98 5 29 74 7 60 19 70 78 84 47 82 76 99 54 3 80 23 24 44 17 27 26 6 35 67 90 8 14 1 31 37 45 42 58 63 56 12 25 92 32 94 52 11 13 53 39 93 96 18 49 65 72 
100 10 22 71 2 9 40 97 4 98 5 29 74 7 60 19 70 78 84 47 82 76 99 54 3 80 23 24 44 17 27 26 6 35 67 90 100 8 14 1 31 37 45 42 58 63 56 12 25 92 32 94 52 11 13 53 39 93 96 18 49 65 72 
101 10 22 71 2 9 40 97 4 98 5 29 74 7 60 19 70 78 84 47 82 76 99 54 3 80 23 24 44 17 27 26 6 35 67 90 100 8 14 1 31 37 45 42 58 63 56 12 25 92 32 94 52 11 13 53 39 93 96 18 49 65 72 
102 10 22 71 2 9 40 97 4 98 5 29 74 7 60 19 70 78 84 47 82 76 99 54 3 80 102 23 24 44 17 27 26 6 35 67 90 100 8 14 1 31 37 45 42 58 63 56 12 25 92 32 94 52 11 13 53 39 93 96 18 49 65 72 
103 10 22 71 2 9 40 97 4 98 5 29 74 7 60 19 70 78 84 47 82 76 99 54 3 80 102 23 24 44 17 27 26 6 35 67 90 100 8 14 1 31 37 45 42 58 63 56 12 25 92 32 94 52 11 13 53 39 93 96 18 49 65 72 
104 10 22 71 2 9 104 40 97 4 98 5 29 74 7 60 19 70 78 84 47 82 76 99 54 3 80 23 24 44 17 27 26 6 35 67 90 100 8 14 1 31 37 45 42 58 63 56 12 25 92 32 94 52 11 13 53 39 93 96 18 49 65 72 
105 10 22 71 2 9 104 40 97 4 98 5 29 74 7 60 19 70 78 84 47 82 76 99 54 3 80 102 23 24 44 17 27 26 6 35 67 90 100 8 14 1 31 37 45 42 58 63 56 12 25 92 32 94 52 11 13 53 39 93 96 18 49 65 72 
106 10 22 71 2 9 104 40 97 4 98 5 29 74 7 60 19 70 78 84 47 82 76 99 54 3 80 36 102 23 24 44 17 27 26 6 35 67 90 100 8 14 1 31 37 45 42 58 63 56 12 25 92 32 94 52 11 13 53 39 38 93 96 18 49 65 72 
