1 1 
2 2 1 
3 2 1 
4 4 2 1 
5 5 4 2 1 
6 5 4 2 1 
7 5 7 4 2 1 
8 5 7 8 4 2 1 
9 5 7 8 4 2 1 
10 5 7 8 4 2 1 
11 5 4 2 1 11 
12 5 4 2 1 11 12 
13 5 4 2 1 11 12 
14 5 7 8 4 2 14 1 11 12 
15 5 7 8 4 2 14 15 1 11 12 
16 5 7 8 4 2 14 15 16 1 11 12 
17 5 7 8 4 2 14 15 16 1 11 12 
18 5 7 8 4 2 14 15 16 1 11 18 12 
19 5 20 15 16 31 29 33 11 18 12 7 8 24 4 27 2 14 19 22 23 26 1 
20 5 20 15 16 31 29 33 11 18 12 7 8 24 4 27 2 14 19 22 23 26 1 
21 5 20 15 16 31 29 33 11 18 12 7 8 24 4 27 2 14 19 22 23 26 1 
22 5 20 15 16 31 29 33 11 18 12 7 8 24 4 27 2 14 19 23 26 22 1 
23 5 20 15 16 31 29 33 11 18 12 7 8 24 4 27 2 14 19 22 26 23 1 
24 5 20 15 16 31 29 33 11 18 12 7 8 24 4 27 2 14 19 22 23 26 1 
25 5 20 15 16 31 29 33 11 18 12 7 8 24 4 27 2 14 19 22 23 26 1 
26 5 20 15 16 29 33 11 18 12 7 8 24 4 27 2 14 19 22 23 26 1 
27 5 20 15 16 31 29 33 11 18 12 7 8 24 4 27 2 14 19 22 23 26 1 
28 5 20 15 16 31 29 33 11 18 12 7 8 24 4 27 2 14 19 22 23 26 1 
29 5 20 15 16 31 29 33 11 18 12 7 8 24 4 27 2 14 19 22 23 26 1 
30 5 20 15 16 31 29 33 11 18 12 7 8 24 4 27 2 14 19 22 23 26 1 
31 5 20 15 16 31 29 33 11 18 12 7 8 24 4 27 2 14 19 22 23 1 
32 5 20 15 16 31 29 33 11 18 12 7 8 24 4 27 2 14 19 22 23 1 
33 5 20 15 16 31 29 33 11 12 7 8 24 4 27 2 14 19 22 23 26 1 
34 5 20 15 16 31 29 33 11 12 7 8 24 4 27 2 14 19 22 23 26 1 
35 5 20 15 16 31 29 33 11 18 12 7 8 24 4 27 2 14 19 22 23 26 1 
36 5 7 8 4 2 14 36 15 16 1 11 12 
37 5 36 15 16 37 11 12 7 8 4 2 14 1 
38 5 36 15 16 37 11 12 7 8 4 2 38 14 1 
39 5 40 41 44 36 15 16 37 11 12 7 8 4 49 2 38 14 42 45 51 47 1 
40 5 41 40 44 36 15 16 37 11 12 7 8 4 49 2 38 14 42 45 51 47 1 
41 5 40 41 44 36 15 16 37 11 12 7 8 4 49 2 38 14 42 45 51 47 1 
42 5 40 41 44 36 15 16 37 11 12 7 8 4 49 2 38 14 42 45 51 47 1 
43 5 40 41 44 36 15 16 37 11 12 7 8 4 49 2 38 14 42 45 51 47 1 
44 5 40 41 44 36 15 16 37 11 12 7 8 4 49 2 38 14 42 45 51 47 1 
45 5 40 41 44 36 15 16 37 11 12 7 8 4 2 38 14 42 45 51 47 1 
46 5 40 41 44 36 15 16 37 11 12 7 8 4 49 2 38 14 42 45 47 51 1 
47 5 40 41 44 36 15 16 37 11 12 7 8 4 49 2 38 14 42 45 51 47 1 
48 5 40 41 44 36 15 16 37 11 12 7 8 4 49 2 38 14 42 45 47 51 1 
49 5 40 41 44 36 15 16 37 11 12 7 8 4 49 2 38 14 42 47 51 1 
50 5 40 41 44 36 15 16 37 11 12 7 8 4 49 2 38 14 42 47 51 1 
51 5 40 41 44 36 15 16 37 11 12 7 8 4 49 2 14 42 45 47 51 1 
52 5 40 41 44 36 15 16 37 11 12 7 8 4 49 2 14 42 45 51 47 1 
53 40 20 44 15 16 37 31 33 11 12 7 24 27 2 38 14 26 51 1 5 41 36 29 18 8 4 49 42 19 22 23 45 47 
