1 1 
2 2 1 
3 3 2 1 
4 4 3 2 1 
5 4 5 3 2 1 
6 4 5 6 3 2 1 
7 4 7 5 6 3 2 1 
8 4 7 5 6 3 2 1 8 
9 4 7 5 6 3 2 1 8 9 
10 4 7 5 6 3 10 2 1 8 9 
11 4 7 5 6 3 10 2 1 8 9 11 
12 4 7 5 6 3 10 12 2 1 8 9 11 
13 7 6 3 2 1 8 9 11 4 5 10 12 13 
14 7 6 3 2 1 8 9 11 4 5 10 12 13 14 
15 7 6 3 2 1 15 8 9 11 4 5 10 12 13 14 
16 7 6 3 2 1 15 8 9 11 4 5 10 12 13 14 16 
17 7 6 3 2 1 15 8 9 11 4 5 10 12 13 14 16 17 
18 7 6 18 3 2 1 15 8 9 11 4 5 10 12 13 14 16 17 
19 7 6 18 3 2 1 15 8 9 11 4 5 10 12 13 14 16 17 19 
20 7 6 18 3 2 1 15 8 9 11 4 5 10 12 13 20 14 16 17 19 
21 7 6 18 3 2 1 15 8 9 11 4 5 21 10 12 13 20 14 16 17 19 
22 7 6 18 3 2 1 15 8 9 11 4 5 21 10 22 12 13 20 14 16 17 19 
23 7 6 18 3 2 1 15 8 9 11 4 5 21 10 22 12 13 20 14 23 16 17 19 
24 7 6 18 3 2 24 1 15 8 9 11 4 5 21 10 22 12 13 20 14 23 16 17 19 
25 18 3 24 15 21 10 22 25 13 23 7 6 2 1 8 9 11 4 5 12 20 14 16 17 19 
26 18 3 24 15 26 21 10 22 25 13 23 7 6 2 1 8 9 11 4 5 12 20 14 16 17 19 
27 18 3 24 27 15 26 21 10 22 25 13 23 7 6 2 1 8 9 11 4 5 12 20 14 16 17 19 
28 18 3 28 24 27 15 26 21 10 22 25 13 23 7 6 2 1 8 9 11 4 5 12 20 14 16 17 19 
29 18 3 28 24 27 15 26 21 10 22 25 13 23 7 6 29 2 1 8 9 11 4 5 12 20 14 16 17 19 
30 18 3 28 24 27 15 26 21 10 22 25 13 23 7 6 29 2 1 8 9 11 4 5 12 20 14 16 17 19 
31 18 3 28 24 27 15 26 21 10 22 25 13 23 7 6 29 2 1 8 9 11 4 5 12 31 20 14 16 17 19 
32 18 3 28 24 27 15 26 21 10 22 25 13 23 7 6 29 2 1 8 9 11 4 5 12 31 20 14 16 17 19 
33 18 3 28 33 24 27 15 26 21 10 22 25 13 23 7 6 29 2 1 8 9 11 4 12 31 20 14 16 17 19 
34 18 3 28 33 24 27 15 26 21 10 22 25 13 23 7 6 29 2 1 8 9 11 4 12 31 20 14 16 17 19 
35 18 3 28 24 27 15 26 21 10 22 25 13 23 7 6 29 35 2 1 8 9 11 4 5 12 20 14 16 17 19 
36 18 3 28 24 27 15 26 21 10 22 25 13 23 7 6 29 35 2 1 8 9 11 4 5 12 20 14 16 17 19 
37 18 3 28 24 27 15 26 37 21 10 22 25 13 23 7 6 29 35 2 1 8 9 11 4 5 12 20 14 16 17 19 
38 18 3 28 24 27 15 26 37 21 10 22 25 13 23 7 6 29 35 2 1 8 9 11 4 5 12 20 14 16 17 19 
39 18 3 28 24 27 15 26 37 21 10 22 25 13 23 7 6 29 35 2 1 8 9 11 4 12 20 14 16 17 39 19 
40 18 3 28 24 27 15 26 37 21 10 22 25 13 23 7 6 29 35 2 1 8 9 11 4 12 20 14 16 17 39 19 
41 18 3 28 24 27 15 26 21 10 22 25 13 23 7 6 29 35 2 1 8 9 11 4 5 12 20 41 14 16 17 19 
42 18 3 28 24 27 15 26 21 10 22 25 13 23 7 6 29 35 2 1 8 9 11 4 5 12 20 41 14 16 17 19 
43 18 3 28 24 27 15 26 43 21 10 22 25 13 23 7 6 29 35 2 1 8 9 11 4 5 12 20 41 14 16 17 19 
44 18 3 28 24 27 15 26 43 21 10 22 25 13 23 7 6 29 35 2 1 8 9 11 4 5 12 20 41 14 16 17 19 
45 18 3 28 24 27 15 26 43 21 10 22 25 13 23 7 6 29 35 45 2 1 8 9 11 4 12 20 41 14 16 17 19 
46 18 3 28 24 27 15 26 43 21 10 22 25 13 23 7 6 29 35 45 2 1 8 9 11 4 12 20 41 14 16 17 19 
47 18 3 28 24 27 15 26 21 10 22 25 13 47 23 7 6 29 35 2 1 8 9 11 4 5 12 20 41 14 16 17 19 
48 18 3 28 24 27 15 26 21 10 22 25 13 47 23 7 6 29 35 2 1 8 9 11 4 5 12 20 41 14 16 17 19 
49 18 3 28 24 27 15 26 21 10 22 25 13 47 49 23 7 6 29 35 2 1 8 9 11 4 5 12 20 41 14 16 17 19 
50 18 3 28 24 27 15 26 21 10 22 25 13 47 49 23 7 6 29 35 2 1 8 9 11 4 5 12 20 41 14 16 17 19 
51 18 3 28 24 27 15 26 21 10 22 51 25 13 47 49 23 7 6 29 35 2 1 8 9 11 4 12 20 41 14 16 17 19 
52 18 3 28 24 27 15 26 21 10 22 51 25 13 47 49 23 7 6 29 35 2 1 8 9 11 4 12 20 41 14 16 17 19 
53 18 3 28 24 27 15 26 21 10 22 25 13 47 23 7 6 29 35 2 1 8 9 11 4 5 53 12 20 41 14 16 17 19 
54 18 3 28 24 27 15 26 21 10 22 25 13 47 23 7 6 29 35 2 1 8 9 11 4 5 53 12 20 41 14 16 17 19 
55 18 3 28 24 27 15 55 26 21 10 22 25 13 47 23 7 6 29 35 2 1 8 9 11 4 5 53 12 20 41 14 16 17 19 
56 18 3 28 24 27 15 55 26 21 10 22 25 13 47 23 7 6 29 35 2 1 8 9 11 4 5 53 12 20 41 14 16 17 19 
57 18 3 28 24 27 15 55 26 21 10 22 25 13 47 23 7 6 29 35 2 1 8 9 11 4 53 12 57 20 41 14 16 17 19 
58 18 3 28 24 27 15 55 26 21 10 22 25 13 47 23 7 6 29 35 2 1 8 9 11 4 53 12 57 20 41 14 16 17 19 
59 18 3 28 24 27 15 26 21 59 10 22 25 13 47 23 7 6 29 35 2 1 8 9 11 4 5 53 12 20 41 14 16 17 19 
60 18 3 28 24 27 15 26 21 59 10 22 25 13 47 23 7 6 29 35 2 1 8 9 11 4 5 53 12 20 41 14 16 17 19 
61 18 3 28 24 27 15 26 21 59 10 22 25 61 13 47 23 7 6 29 35 2 1 8 9 11 4 5 53 12 20 41 14 16 17 19 
62 18 3 28 24 27 15 26 21 59 10 22 25 61 13 47 23 7 6 29 35 2 1 8 9 11 4 5 53 12 20 41 14 16 17 19 
63 18 3 28 24 27 15 26 63 21 59 10 22 25 61 13 47 23 7 6 29 35 2 1 8 9 11 4 53 12 20 41 14 16 17 19 
64 18 3 28 24 27 15 26 63 21 59 10 22 25 61 13 47 23 7 6 29 35 2 1 8 9 11 4 53 12 20 41 14 16 17 19 
65 18 3 28 24 27 15 26 21 59 10 22 25 13 47 23 65 7 6 29 35 2 1 8 9 11 4 5 53 12 20 41 14 16 17 19 
66 18 3 28 24 27 15 26 21 59 10 22 25 13 47 23 65 7 6 29 35 2 1 8 9 11 4 5 53 12 20 41 14 16 17 19 
67 18 3 28 67 24 27 15 26 21 59 10 22 25 13 47 23 65 7 6 29 35 2 1 8 9 11 4 5 53 12 20 41 14 16 17 19 
68 18 3 28 67 24 27 15 26 21 59 10 22 25 13 47 23 65 7 6 29 35 2 1 8 9 11 4 5 53 12 20 41 14 16 17 19 
69 18 3 28 67 24 27 15 26 21 59 10 22 25 13 47 69 23 65 7 6 29 35 2 1 8 9 11 4 53 12 20 41 14 16 17 19 
70 18 3 28 67 24 27 15 26 21 59 10 22 25 13 47 69 23 65 7 6 29 35 2 1 8 9 11 4 53 12 20 41 14 16 17 19 
71 18 3 28 71 24 27 15 26 21 59 10 22 25 13 47 23 65 7 6 29 35 2 1 8 9 11 4 5 53 12 20 41 14 16 17 19 
72 18 3 28 71 24 27 15 26 21 59 10 22 25 13 47 23 65 7 6 29 35 2 1 8 9 11 4 5 53 12 20 41 14 16 17 19 
73 18 3 28 71 24 27 15 73 26 21 59 10 22 25 13 47 23 65 7 6 29 35 2 1 8 9 11 4 5 53 12 20 41 14 16 17 19 
74 18 3 28 71 24 27 15 73 26 21 59 10 22 25 13 47 23 65 7 6 29 35 2 1 8 9 11 4 5 53 12 20 41 14 16 17 19 
75 18 3 28 71 24 27 15 73 26 21 59 10 22 25 13 47 75 23 65 7 6 29 35 2 1 8 9 11 4 53 12 20 41 14 16 17 19 
76 18 3 28 71 24 27 15 73 26 21 59 10 22 25 13 47 75 23 65 7 6 29 35 2 1 8 9 11 4 53 12 20 41 14 16 17 19 
77 18 3 28 71 24 27 15 26 21 59 10 22 25 13 47 23 65 7 6 29 35 2 1 8 9 11 4 5 53 12 20 41 14 77 16 17 19 
78 18 3 28 71 24 27 15 26 21 59 10 22 25 13 47 23 65 7 6 29 35 2 1 8 9 11 4 5 53 12 20 41 14 77 16 17 19 
79 18 3 28 71 24 27 15 26 21 59 10 22 25 13 47 79 23 65 7 6 29 35 2 1 8 9 11 4 5 53 12 20 41 14 77 16 17 19 
80 18 3 28 71 24 27 15 26 21 59 10 22 25 13 47 79 23 65 7 6 29 35 2 1 8 9 11 4 5 53 12 20 41 14 77 16 17 19 
81 18 3 28 71 24 27 15 26 21 59 10 22 25 13 47 79 23 65 7 81 6 29 35 2 1 8 9 11 4 53 12 20 41 14 77 16 17 19 
82 18 3 28 71 24 27 15 26 21 59 10 22 25 13 47 79 23 65 7 81 6 29 35 2 1 8 9 11 4 53 12 20 41 14 77 16 17 19 
83 18 3 28 71 24 27 15 26 21 59 10 22 25 13 47 23 65 7 6 29 35 2 1 8 9 11 4 5 83 53 12 20 41 14 77 16 17 19 
84 18 3 28 71 24 27 15 26 21 59 10 22 25 13 47 23 65 7 6 29 35 2 1 8 9 11 4 5 83 53 12 20 41 14 77 16 17 19 
85 18 3 28 71 24 27 15 26 21 59 10 22 25 13 47 23 65 85 7 6 29 35 2 1 8 9 11 4 5 83 53 12 20 41 14 77 16 17 19 
86 18 3 28 71 24 27 15 26 21 59 10 22 25 13 47 23 65 85 7 6 29 35 2 1 8 9 11 4 5 83 53 12 20 41 14 77 16 17 19 
87 18 3 28 71 24 27 15 26 21 59 10 22 25 13 47 87 23 65 85 7 6 29 35 2 1 8 9 11 4 83 53 12 20 41 14 77 16 17 19 
88 18 3 28 71 24 27 15 26 21 59 10 22 25 13 47 87 23 65 85 7 6 29 35 2 1 8 9 11 4 83 53 12 20 41 14 77 16 17 19 
89 18 3 28 71 24 27 15 26 21 59 10 22 25 13 47 23 65 7 6 29 35 2 1 8 9 11 4 5 83 89 53 12 20 41 14 77 16 17 19 
90 18 3 28 71 24 27 15 26 21 59 10 22 25 13 47 23 65 7 6 29 35 2 1 8 9 11 4 5 83 89 53 12 20 41 14 77 16 17 19 
91 18 3 28 71 24 27 15 26 91 21 59 10 22 25 13 47 23 65 7 6 29 35 2 1 8 9 11 4 5 83 89 53 12 20 41 14 77 16 17 19 
92 18 3 28 71 24 27 15 26 91 21 59 10 22 25 13 47 23 65 7 6 29 35 2 1 8 9 11 4 5 83 89 53 12 20 41 14 77 16 17 19 
93 18 3 28 93 71 24 27 15 26 91 21 59 10 22 25 13 47 23 65 7 6 29 35 2 1 8 9 11 4 83 89 53 12 20 41 14 77 16 17 19 
94 18 3 28 93 71 24 27 15 26 91 21 59 10 22 25 13 47 23 65 7 6 29 35 2 1 8 9 11 4 83 89 53 12 20 41 14 77 16 17 19 
95 18 3 28 71 24 27 15 26 21 59 10 22 25 13 47 23 65 7 6 29 35 95 2 1 8 9 11 4 5 83 89 53 12 20 41 14 77 16 17 19 
96 18 3 28 71 24 27 15 26 21 59 10 22 25 13 47 23 65 7 6 29 35 95 2 1 8 9 11 4 5 83 89 53 12 20 41 14 77 16 17 19 
97 18 3 28 71 24 27 15 26 21 59 10 22 25 13 47 23 65 7 6 29 35 97 95 2 1 8 9 11 4 5 83 89 53 12 20 41 14 77 16 17 19 
98 18 3 28 71 24 27 15 26 21 59 10 22 25 13 47 23 65 7 6 29 35 97 95 2 1 8 9 11 4 5 83 89 53 12 20 41 14 77 16 17 19 
99 18 3 28 71 99 24 27 15 26 21 59 10 22 25 13 47 23 65 7 6 29 35 97 95 2 1 8 9 11 4 83 89 53 12 20 41 14 77 16 17 19 
100 18 3 28 71 99 24 27 15 26 21 59 10 22 25 13 47 23 65 7 6 29 35 97 95 2 1 8 9 11 4 83 89 53 12 20 41 14 77 16 17 19 
101 18 3 28 71 24 27 15 26 21 59 10 22 25 13 47 23 65 7 6 29 35 95 2 1 8 9 101 11 4 5 83 89 53 12 20 41 14 77 16 17 19 
102 18 3 28 71 24 27 15 26 21 59 10 22 25 13 47 23 65 7 6 29 35 95 2 1 8 9 101 11 4 5 83 89 53 12 20 41 14 77 16 17 19 
103 18 3 28 71 24 27 103 15 26 21 59 10 22 25 13 47 23 65 7 6 29 35 95 2 1 8 9 101 11 4 5 83 89 53 12 20 41 14 77 16 17 19 
104 18 3 28 71 24 27 103 15 26 21 59 10 22 25 13 47 23 65 7 6 29 35 95 2 1 8 9 101 11 4 5 83 89 53 12 20 41 14 77 16 17 19 
105 18 3 28 71 24 27 103 15 105 26 21 59 10 22 25 13 47 23 65 7 6 29 35 95 2 1 8 9 101 11 4 83 89 53 12 20 41 14 77 16 17 19 
106 18 3 28 71 24 27 103 15 105 26 21 59 10 22 25 13 47 23 65 7 6 29 35 95 2 1 8 9 101 11 4 83 89 53 12 20 41 14 77 16 17 19 
107 18 3 28 71 24 27 15 26 21 59 10 22 107 25 13 47 23 65 7 6 29 35 95 2 1 8 9 101 11 4 5 83 89 53 12 20 41 14 77 16 17 19 
108 18 3 28 71 24 27 15 26 21 59 10 22 107 25 13 47 23 65 7 6 29 35 95 2 1 8 9 101 11 4 5 83 89 53 12 20 41 14 77 16 17 19 
109 18 3 28 71 24 27 15 26 21 59 10 22 107 25 13 47 23 65 7 6 29 35 95 2 1 8 9 101 11 4 109 5 83 89 53 12 20 41 14 77 16 17 19 
110 18 3 28 71 24 27 15 26 21 59 10 22 107 25 13 47 23 65 7 6 29 35 95 2 1 8 9 101 11 4 109 5 83 89 53 12 20 41 14 77 16 17 19 
111 18 3 28 71 24 27 15 26 111 21 59 10 22 107 25 13 47 23 65 7 6 29 35 95 2 1 8 9 101 11 4 109 83 89 53 12 20 41 14 77 16 17 19 
112 18 3 28 71 24 27 15 26 111 21 59 10 22 107 25 13 47 23 65 7 6 29 35 95 2 1 8 9 101 11 4 109 83 89 53 12 20 41 14 77 16 17 19 
113 18 3 28 71 24 27 15 26 21 59 10 22 107 25 13 47 23 65 113 7 6 29 35 95 2 1 8 9 101 11 4 5 83 89 53 12 20 41 14 77 16 17 19 
114 18 3 28 71 24 27 15 26 21 59 10 22 107 25 13 47 23 65 113 7 6 29 35 95 2 1 8 9 101 11 4 5 83 89 53 12 20 41 14 77 16 17 19 
115 18 115 3 28 71 24 27 15 26 21 59 10 22 107 25 13 47 23 65 113 7 6 29 35 95 2 1 8 9 101 11 4 5 83 89 53 12 20 41 14 77 16 17 19 
116 18 115 3 28 71 24 27 15 26 21 59 10 22 107 25 13 47 23 65 113 7 6 29 35 95 2 1 8 9 101 11 4 5 83 89 53 12 20 41 14 77 16 17 19 
117 18 115 3 117 28 71 24 27 15 26 21 59 10 22 107 25 13 47 23 65 113 7 6 29 35 95 2 1 8 9 101 11 4 83 89 53 12 20 41 14 77 16 17 19 
118 18 115 3 117 28 71 24 27 15 26 21 59 10 22 107 25 13 47 23 65 113 7 6 29 35 95 2 1 8 9 101 11 4 83 89 53 12 20 41 14 77 16 17 19 
119 18 3 28 71 24 27 15 26 21 59 10 22 107 25 13 47 23 65 113 7 6 29 35 95 2 1 8 9 101 11 4 5 83 89 53 12 20 119 41 14 77 16 17 19 
120 18 3 28 71 24 27 15 26 21 59 10 22 107 25 13 47 23 65 113 7 6 29 35 95 2 1 8 9 101 11 4 5 83 89 53 12 20 119 41 14 77 16 17 19 
121 18 3 28 71 24 27 15 26 121 21 59 10 22 107 25 13 47 23 65 113 7 6 29 35 95 2 1 8 9 101 11 4 5 83 89 53 12 20 119 41 14 77 16 17 19 
122 18 3 28 71 24 27 15 26 121 21 59 10 22 107 25 13 47 23 65 113 7 6 29 35 95 2 1 8 9 101 11 4 5 83 89 53 12 20 119 41 14 77 16 17 19 
123 18 3 28 71 24 27 15 26 121 21 59 10 22 107 25 13 47 23 65 113 7 6 29 35 95 2 1 8 9 101 11 4 83 89 123 53 12 20 119 41 14 77 16 17 19 
124 18 3 28 71 24 27 15 26 121 21 59 10 22 107 25 13 47 23 65 113 7 6 29 35 95 2 1 8 9 101 11 4 83 89 123 53 12 20 119 41 14 77 16 17 19 
125 18 3 28 125 71 24 27 15 26 21 59 10 22 107 25 13 47 23 65 113 7 6 29 35 95 2 1 8 9 101 11 4 5 83 89 53 12 20 119 41 14 77 16 17 19 
126 18 3 28 125 71 24 27 15 26 21 59 10 22 107 25 13 47 23 65 113 7 6 29 35 95 2 1 8 9 101 11 4 5 83 89 53 12 20 119 41 14 77 16 17 19 
127 18 3 28 125 71 24 27 15 26 127 21 59 10 22 107 25 13 47 23 65 113 7 6 29 35 95 2 1 8 9 101 11 4 5 83 89 53 12 20 119 41 14 77 16 17 19 
128 18 3 28 125 71 24 27 15 26 127 21 59 10 22 107 25 13 47 23 65 113 7 6 29 35 95 2 1 8 9 101 11 4 5 83 89 53 12 20 119 41 14 77 16 17 19 
129 18 3 28 125 71 24 27 15 26 127 21 59 10 22 107 25 13 47 23 65 113 129 7 6 29 35 95 2 1 8 9 101 11 4 83 89 53 12 20 119 41 14 77 16 17 19 
130 18 3 28 125 71 24 27 15 26 127 21 59 10 22 107 25 13 47 23 65 113 129 7 6 29 35 95 2 1 8 9 101 11 4 83 89 53 12 20 119 41 14 77 16 17 19 
131 18 3 28 125 71 131 24 27 15 26 21 59 10 22 107 25 13 47 23 65 113 7 6 29 35 95 2 1 8 9 101 11 4 5 83 89 53 12 20 119 41 14 77 16 17 19 
132 18 3 28 125 71 131 24 27 15 26 21 59 10 22 107 25 13 47 23 65 113 7 6 29 35 95 2 1 8 9 101 11 4 5 83 89 53 12 20 119 41 14 77 16 17 19 
133 18 3 28 125 71 131 24 27 15 133 26 21 59 10 22 107 25 13 47 23 65 113 7 6 29 35 95 2 1 8 9 101 11 4 5 83 89 53 12 20 119 41 14 77 16 17 19 
134 18 3 28 125 71 131 24 27 15 133 26 21 59 10 22 107 25 13 47 23 65 113 7 6 29 35 95 2 1 8 9 101 11 4 5 83 89 53 12 20 119 41 14 77 16 17 19 
135 18 3 28 125 71 131 24 27 15 133 26 21 59 10 22 107 25 13 47 23 65 113 7 6 29 35 95 2 1 8 9 101 11 4 83 89 53 12 20 119 41 14 77 16 17 135 19 
136 18 3 28 125 71 131 24 27 15 133 26 21 59 10 22 107 25 13 47 23 65 113 7 6 29 35 95 2 1 8 9 101 11 4 83 89 53 12 20 119 41 14 77 16 17 135 19 
137 18 3 28 125 71 131 24 137 27 15 26 21 59 10 22 107 25 13 47 23 65 113 7 6 29 35 95 2 1 8 9 101 11 4 5 83 89 53 12 20 119 41 14 77 16 17 19 
138 18 3 28 125 71 131 24 137 27 15 26 21 59 10 22 107 25 13 47 23 65 113 7 6 29 35 95 2 1 8 9 101 11 4 5 83 89 53 12 20 119 41 14 77 16 17 19 
139 18 3 28 125 71 131 24 137 27 15 26 21 59 10 22 107 25 13 47 23 65 113 7 6 29 35 139 95 2 1 8 9 101 11 4 5 83 89 53 12 20 119 41 14 77 16 17 19 
140 18 3 28 125 71 131 24 137 27 15 26 21 59 10 22 107 25 13 47 23 65 113 7 6 29 35 139 95 2 1 8 9 101 11 4 5 83 89 53 12 20 119 41 14 77 16 17 19 
141 18 3 28 125 71 131 24 137 27 15 26 141 21 59 10 22 107 25 13 47 23 65 113 7 6 29 35 139 95 2 1 8 9 101 11 4 83 89 53 12 20 119 41 14 77 16 17 19 
142 18 3 28 125 71 131 24 137 27 15 26 141 21 59 10 22 107 25 13 47 23 65 113 7 6 29 35 139 95 2 1 8 9 101 11 4 83 89 53 12 20 119 41 14 77 16 17 19 
143 18 3 28 125 71 131 24 137 27 15 26 143 21 59 10 22 107 25 13 47 23 65 113 7 6 29 35 95 2 1 8 9 101 11 4 5 83 89 53 12 20 119 41 14 77 16 17 19 
144 18 3 28 125 71 131 24 137 27 15 26 143 21 59 10 22 107 25 13 47 23 65 113 7 6 29 35 95 2 1 8 9 101 11 4 5 83 89 53 12 20 119 41 14 77 16 17 19 
145 18 71 131 137 27 26 21 10 13 23 113 6 35 2 1 8 11 4 53 12 20 14 16 3 28 125 145 24 15 143 59 22 107 25 47 65 7 29 95 9 101 5 83 89 119 41 77 17 19 
146 18 71 131 137 27 26 21 10 13 23 113 6 35 2 1 8 11 4 53 12 20 14 16 3 28 125 145 24 15 143 59 22 107 25 47 65 7 29 95 9 101 5 83 89 119 41 77 17 19 
147 18 71 131 137 27 147 26 21 10 13 23 113 6 35 2 1 8 11 4 53 12 20 14 16 3 28 125 145 24 15 143 59 22 107 25 47 65 7 29 95 9 101 83 89 119 41 77 17 19 
148 18 71 131 137 27 147 26 21 10 13 23 113 6 35 2 1 8 11 4 53 12 20 14 16 3 28 125 145 24 15 143 59 22 107 25 47 65 7 29 95 9 101 83 89 119 41 77 17 19 
149 149 18 71 131 137 27 26 21 10 13 23 113 6 35 2 1 8 11 4 53 12 20 14 16 3 28 125 24 15 143 59 22 107 25 47 65 7 29 95 9 101 5 83 89 119 41 77 17 19 
150 149 18 71 131 137 27 26 21 10 13 23 113 6 35 2 1 8 11 4 53 12 20 14 16 3 28 125 24 15 143 59 22 107 25 47 65 7 29 95 9 101 5 83 89 119 41 77 17 19 
151 149 18 71 131 137 27 26 21 10 13 23 113 6 35 2 1 8 11 4 53 12 20 14 16 3 28 125 24 15 143 59 22 107 25 47 65 7 29 95 9 101 151 5 83 89 119 41 77 17 19 
152 149 18 71 131 137 27 26 21 10 13 23 113 6 35 2 1 8 11 4 53 12 20 14 16 3 28 125 24 15 143 59 22 107 25 47 65 7 29 95 9 101 151 5 83 89 119 41 77 17 19 
153 149 18 71 131 137 27 26 21 10 13 23 113 6 35 2 1 8 11 4 53 12 20 14 16 3 28 125 24 15 143 59 22 107 25 47 65 7 29 95 153 9 101 151 83 89 119 41 77 17 19 
154 149 18 71 131 137 27 26 21 10 13 23 113 6 35 2 1 8 11 4 53 12 20 14 16 3 28 125 24 15 143 59 22 107 25 47 65 7 29 95 153 9 101 151 83 89 119 41 77 17 19 
155 149 18 71 131 137 27 26 21 10 13 23 113 6 35 2 1 8 11 4 53 12 20 14 16 3 28 125 24 15 143 59 22 107 25 47 65 7 29 95 9 101 5 83 89 119 41 155 77 17 19 
156 149 18 71 131 137 27 26 21 10 13 23 113 6 35 2 1 8 11 4 53 12 20 14 16 3 28 125 24 15 143 59 22 107 25 47 65 7 29 95 9 101 5 83 89 119 41 155 77 17 19 
157 149 18 71 131 137 27 26 21 10 13 23 113 6 35 2 1 8 11 4 157 53 12 20 14 16 3 28 125 24 15 143 59 22 107 25 47 65 7 29 95 9 101 5 83 89 119 41 155 77 17 19 
158 149 18 71 131 137 27 26 21 10 13 23 113 6 35 2 1 8 11 4 157 53 12 20 14 16 3 28 125 24 15 143 59 22 107 25 47 65 7 29 95 9 101 5 83 89 119 41 155 77 17 19 
159 149 18 71 131 137 27 26 21 10 13 23 113 6 35 2 159 1 8 11 4 157 53 12 20 14 16 3 28 125 24 15 143 59 22 107 25 47 65 7 29 95 9 101 83 89 119 41 155 77 17 19 
160 149 18 71 131 137 27 26 21 10 13 23 113 6 35 2 159 1 8 11 4 157 53 12 20 14 16 3 28 125 24 15 143 59 22 107 25 47 65 7 29 95 9 101 83 89 119 41 155 77 17 19 
161 149 18 71 131 137 27 26 21 10 13 23 113 6 35 2 1 8 11 4 53 12 20 14 16 3 28 125 24 15 143 59 22 107 25 47 161 65 7 29 95 9 101 5 83 89 119 41 155 77 17 19 
162 149 18 71 131 137 27 26 21 10 13 23 113 6 35 2 1 8 11 4 53 12 20 14 16 3 28 125 24 15 143 59 22 107 25 47 161 65 7 29 95 9 101 5 83 89 119 41 155 77 17 19 
163 149 18 71 131 137 27 26 21 10 13 23 113 6 35 2 1 8 11 4 53 12 20 14 16 3 28 125 24 163 15 143 59 22 107 25 47 161 65 7 29 95 9 101 5 83 89 119 41 155 77 17 19 
164 149 18 71 131 137 27 26 21 10 13 23 113 6 35 2 1 8 11 4 53 12 20 14 16 3 28 125 24 163 15 143 59 22 107 25 47 161 65 7 29 95 9 101 5 83 89 119 41 155 77 17 19 
165 149 18 71 131 137 27 26 21 10 13 23 113 6 35 2 1 8 11 4 53 12 20 14 16 3 28 125 24 163 15 143 59 22 107 25 47 161 165 65 7 29 95 9 101 83 89 119 41 155 77 17 19 
166 149 18 71 131 137 27 26 21 10 13 23 113 6 35 2 1 8 11 4 53 12 20 14 16 3 28 125 24 163 15 143 59 22 107 25 47 161 165 65 7 29 95 9 101 83 89 119 41 155 77 17 19 
167 149 18 71 131 137 27 26 21 10 13 23 113 6 35 2 1 8 11 4 53 12 20 14 16 3 28 125 24 15 143 59 22 107 25 47 161 65 7 29 167 95 9 101 5 83 89 119 41 155 77 17 19 
168 149 18 71 131 137 27 26 21 10 13 23 113 6 35 2 1 8 11 4 53 12 20 14 16 3 28 125 24 15 143 59 22 107 25 47 161 65 7 29 167 95 9 101 5 83 89 119 41 155 77 17 19 
169 149 18 169 71 131 137 27 26 21 10 13 23 113 6 35 2 1 8 11 4 53 12 20 14 16 3 28 125 24 15 143 59 22 107 25 47 161 65 7 29 167 95 9 101 5 83 89 119 41 155 77 17 19 
170 149 18 169 71 131 137 27 26 21 10 13 23 113 6 35 2 1 8 11 4 53 12 20 14 16 3 28 125 24 15 143 59 22 107 25 47 161 65 7 29 167 95 9 101 5 83 89 119 41 155 77 17 19 
171 149 18 169 71 131 137 27 26 21 10 13 171 23 113 6 35 2 1 8 11 4 53 12 20 14 16 3 28 125 24 15 143 59 22 107 25 47 161 65 7 29 167 95 9 101 83 89 119 41 155 77 17 19 
172 149 18 169 71 131 137 27 26 21 10 13 171 23 113 6 35 2 1 8 11 4 53 12 20 14 16 3 28 125 24 15 143 59 22 107 25 47 161 65 7 29 167 95 9 101 83 89 119 41 155 77 17 19 
173 149 18 71 131 137 27 26 21 10 13 23 113 6 35 2 1 8 11 4 53 12 20 173 14 16 3 28 125 24 15 143 59 22 107 25 47 161 65 7 29 167 95 9 101 5 83 89 119 41 155 77 17 19 
174 149 18 71 131 137 27 26 21 10 13 23 113 6 35 2 1 8 11 4 53 12 20 173 14 16 3 28 125 24 15 143 59 22 107 25 47 161 65 7 29 167 95 9 101 5 83 89 119 41 155 77 17 19 
175 149 18 71 131 137 27 26 21 10 13 23 113 6 35 2 1 8 11 4 53 12 20 173 14 16 3 28 125 24 15 143 59 22 107 25 47 161 65 7 29 167 95 9 101 5 83 89 175 119 41 155 77 17 19 
176 149 18 71 131 137 27 26 21 10 13 23 113 6 35 2 1 8 11 4 53 12 20 173 14 16 3 28 125 24 15 143 59 22 107 25 47 161 65 7 29 167 95 9 101 5 83 89 175 119 41 155 77 17 19 
177 149 18 71 131 137 27 26 21 10 13 177 23 113 6 35 2 1 8 11 4 53 12 20 173 14 16 3 28 125 24 15 143 59 22 107 25 47 161 65 7 29 167 95 9 101 83 89 175 119 41 155 77 17 19 
178 169 93 131 137 73 26 91 111 21 10 61 171 113 2 8 4 123 53 20 173 14 28 145 24 105 143 43 121 59 22 47 69 49 87 85 129 7 29 167 139 97 101 109 89 5 175 57 41 155 77 17 39 135 149 18 115 117 71 27 103 147 37 141 63 51 13 75 177 79 23 6 35 45 159 1 11 157 12 16 3 33 125 67 99 163 15 133 55 127 107 25 161 165 65 81 95 153 9 151 83 31 119 19 
