1 1 
2 1 2 
3 1 3 2 
4 1 3 2 4 
5 1 3 2 4 5 
6 1 3 2 4 6 5 
7 1 3 2 4 6 5 
8 8 1 3 2 4 6 5 
9 8 1 3 2 4 9 6 5 
10 8 1 3 2 4 9 6 5 
11 8 1 3 2 4 11 9 6 5 
12 8 1 3 2 4 11 9 6 5 
13 8 1 3 2 4 11 13 9 6 
14 8 1 3 2 4 11 13 14 9 6 5 
15 8 1 3 2 4 11 13 15 14 9 6 5 
16 8 1 3 16 2 4 11 13 14 9 6 5 
17 8 1 3 16 2 4 11 13 14 9 6 5 
18 8 1 3 2 4 11 13 14 9 6 18 5 
19 8 1 3 2 4 11 13 14 9 6 18 5 
20 1 11 13 6 18 5 8 3 2 4 14 9 20 
21 1 11 13 6 18 5 21 8 3 2 4 14 9 20 
22 26 28 27 11 22 6 18 35 21 31 3 2 14 9 20 39 29 24 1 33 25 13 34 32 5 8 42 4 41 30 37 
23 26 28 27 11 22 6 18 35 21 31 3 2 14 9 20 39 29 24 1 33 25 13 34 32 5 8 42 4 41 30 37 
24 26 28 27 11 22 6 18 35 21 31 3 2 14 9 20 39 29 24 1 33 25 13 34 32 5 8 42 4 41 30 37 
25 26 28 27 11 22 6 18 35 21 31 3 2 14 9 20 39 29 24 1 33 25 13 34 32 5 8 42 4 41 30 37 
26 26 28 27 11 22 6 18 35 21 31 3 2 14 9 20 39 29 24 1 33 25 13 34 32 5 8 42 4 41 30 37 
27 26 28 27 11 22 6 18 35 21 31 3 2 14 9 20 39 29 24 1 33 25 13 34 32 5 8 42 4 41 30 37 
28 26 28 27 11 22 6 18 35 21 31 3 2 14 9 20 39 29 24 1 33 25 13 34 32 5 8 42 4 41 30 37 
29 26 28 27 11 22 6 18 35 21 31 3 2 14 9 20 39 29 24 1 33 25 13 34 32 5 8 42 4 41 30 37 
30 26 28 27 11 22 6 18 35 21 31 3 2 14 9 20 39 29 24 1 33 25 13 34 32 5 8 42 4 41 30 37 
31 26 28 27 11 22 6 18 35 21 31 3 2 14 9 20 39 29 24 1 33 25 13 34 32 5 8 42 4 41 30 37 
32 26 28 27 11 22 6 18 35 21 31 3 2 14 9 20 39 29 24 1 33 25 13 34 32 5 8 42 4 41 30 37 
33 26 28 27 11 22 6 18 35 21 31 3 2 14 9 20 39 29 24 1 33 25 13 34 32 5 8 42 4 41 30 37 
34 26 28 27 11 22 6 18 35 21 31 3 2 14 9 20 39 29 24 1 33 25 13 34 32 5 8 42 4 41 30 37 
35 26 28 27 11 22 6 18 35 21 31 3 2 14 9 20 39 29 24 1 33 25 13 34 32 5 8 42 4 41 30 37 
36 26 28 27 11 22 6 18 35 21 31 3 2 14 9 20 39 29 24 1 33 25 13 34 32 5 8 42 4 41 30 37 
37 26 28 27 11 22 6 18 35 21 31 3 2 14 9 20 39 29 24 1 33 25 13 34 32 5 8 42 4 41 30 37 
38 26 28 27 11 22 6 18 35 21 31 3 2 14 9 20 39 29 24 1 33 25 13 34 32 5 8 42 4 41 30 37 
39 26 28 27 11 22 6 18 35 21 31 3 2 14 9 20 39 29 24 1 33 25 13 34 32 5 8 42 4 41 30 37 
40 26 28 27 11 22 6 18 35 21 31 3 2 14 9 20 39 29 24 1 33 25 13 34 32 5 8 42 4 41 30 37 
41 26 28 27 11 22 6 18 35 21 31 3 2 14 9 20 39 29 24 1 33 25 13 34 32 5 8 42 4 41 30 37 
42 26 28 27 11 22 6 18 35 21 31 3 2 14 9 20 39 29 24 1 33 25 13 34 32 5 8 42 4 41 30 37 
43 26 28 27 11 22 6 18 35 21 31 3 2 14 9 20 39 29 24 1 33 25 13 34 32 5 8 42 4 41 30 37 
44 26 28 27 11 22 6 18 35 21 31 3 2 14 9 20 39 29 24 1 33 25 13 34 32 5 8 42 4 41 30 37 
45 26 28 27 45 11 22 6 18 35 21 31 3 2 14 9 20 39 29 24 1 33 13 34 32 5 8 42 4 41 30 37 
46 26 28 45 27 11 22 6 18 35 21 31 3 2 14 9 20 39 29 24 1 33 13 34 32 5 8 42 4 41 30 37 
47 26 28 45 27 11 22 6 18 35 21 31 3 2 14 9 20 39 29 24 1 33 13 34 32 5 8 42 4 41 30 37 47 
48 26 28 45 27 11 22 6 18 35 21 31 3 2 14 9 20 39 29 24 1 33 13 34 32 5 8 42 4 41 30 37 47 
49 26 28 27 11 22 6 18 35 21 31 49 3 2 14 9 20 39 29 24 1 33 13 34 32 5 8 42 4 41 30 37 47 
50 26 28 27 11 22 6 18 35 21 31 49 3 2 14 9 20 39 29 24 1 33 13 34 32 5 8 42 4 41 30 37 47 
51 26 28 45 27 11 22 6 18 35 21 31 49 3 2 14 9 20 39 29 24 1 33 13 34 32 5 8 42 4 41 30 37 47 
