1 1 
2 2 1 
3 2 1 3 
4 2 1 3 
5 2 1 3 5 
6 2 1 3 5 
7 2 1 3 5 
8 2 1 8 3 5 
9 2 1 8 3 5 
10 2 1 8 3 10 5 
11 2 1 8 13 14 16 3 10 11 5 
12 2 1 8 13 14 16 3 10 11 5 
13 2 1 8 13 14 16 3 10 11 5 
14 2 1 8 13 16 14 3 10 11 5 
15 2 1 8 13 14 16 3 10 11 5 
16 2 1 8 13 14 16 3 11 5 
17 2 1 8 13 14 16 3 11 5 
18 2 1 8 13 14 16 3 10 11 5 18 
19 2 1 8 13 14 16 3 10 11 5 18 
20 2 1 8 13 14 16 3 10 11 5 18 
21 21 2 1 8 13 14 16 3 10 11 5 18 
22 1 13 14 11 22 18 21 2 8 16 3 10 5 
23 1 13 14 11 22 18 21 2 8 16 3 10 5 
24 1 13 14 24 11 22 18 21 2 8 16 3 10 5 
25 1 13 25 14 24 11 22 18 21 2 8 16 3 10 5 
26 1 25 13 14 24 11 22 18 21 2 8 16 3 10 5 
27 1 25 13 14 24 11 22 18 21 2 8 16 3 10 5 
28 1 25 13 14 24 11 22 18 21 28 2 8 16 3 10 5 
29 1 25 13 14 24 11 22 18 21 28 2 8 16 3 10 5 
30 30 1 25 13 14 24 11 22 18 21 28 2 8 16 3 10 5 
31 31 30 1 25 13 14 24 11 22 18 21 28 2 8 16 3 10 5 
32 31 30 1 25 13 14 24 11 22 18 21 28 2 8 16 3 10 5 
33 31 30 1 25 13 14 24 11 22 18 21 28 2 8 16 3 10 5 
