1 1 
2 2 1 
3 2 1 
4 2 1 
5 2 5 1 
6 2 5 1 
7 2 5 1 
8 8 2 5 1 
9 8 2 9 5 1 
10 8 2 9 5 10 1 
11 8 2 9 5 10 1 
12 8 2 9 5 10 1 
13 8 13 2 9 5 10 1 
14 8 13 2 14 9 5 10 1 
15 8 13 2 14 15 9 5 10 1 
16 8 13 2 14 15 9 5 10 1 
17 8 13 2 14 15 9 5 10 1 
18 8 13 2 14 15 18 9 5 10 1 
19 8 13 2 14 15 19 18 9 5 10 1 
20 8 13 2 14 15 19 18 9 5 10 20 1 
21 8 13 2 14 15 19 18 9 5 10 20 1 
22 8 13 2 14 15 19 18 9 5 10 20 1 
23 13 2 23 15 19 10 8 14 18 9 5 20 1 
24 13 2 23 15 19 10 8 14 18 24 9 5 20 1 
25 13 2 23 15 19 25 10 8 14 18 24 9 5 20 1 
26 13 2 23 15 19 25 10 8 14 18 24 9 5 20 1 
27 13 2 23 15 19 25 10 8 14 18 24 9 5 20 1 
28 13 2 23 15 19 25 10 8 28 14 18 24 9 5 20 1 
29 13 2 23 15 19 25 10 8 28 14 29 18 24 9 5 20 1 
30 13 2 23 15 19 30 25 10 8 28 14 29 18 24 9 5 20 1 
31 13 2 23 15 19 30 25 10 8 28 14 29 18 24 9 5 20 1 
32 13 2 23 15 19 30 25 10 8 28 14 29 18 24 9 5 20 1 
33 13 2 23 15 19 30 25 10 33 8 28 14 29 18 24 9 5 20 1 
34 13 2 23 15 19 30 34 25 10 33 8 28 14 29 18 24 9 5 20 1 
35 13 2 23 15 19 30 34 35 25 10 33 8 28 14 29 18 24 9 5 20 1 
36 13 2 23 15 19 30 34 35 25 10 33 8 28 14 29 18 24 9 5 20 1 
37 13 2 23 15 19 30 34 35 25 10 33 8 28 14 29 18 24 9 5 20 1 
38 13 2 23 15 19 30 34 35 25 38 10 33 8 28 14 29 18 24 9 5 20 1 
39 13 2 23 15 19 30 34 35 25 38 10 33 8 28 14 29 18 39 24 9 5 20 1 
40 13 40 2 23 15 19 30 34 35 25 38 10 33 8 28 14 29 18 39 24 9 5 20 1 
41 13 40 2 23 15 19 30 34 35 25 38 10 33 8 28 14 29 18 39 24 9 5 20 1 
42 13 40 2 23 15 19 30 34 35 25 38 10 33 8 28 14 29 18 39 24 9 5 20 1 
43 40 15 19 30 34 38 10 14 39 9 20 1 13 2 23 35 25 33 8 28 43 29 18 24 5 
44 40 15 19 30 34 38 10 14 39 9 20 1 13 2 23 35 25 33 8 28 43 29 18 24 5 
