1 1 
2 2 1 
3 2 3 1 
4 2 3 1 
5 2 3 1 5 
6 2 3 6 1 5 
7 2 3 6 1 5 7 
8 13 12 3 6 18 1 16 19 15 5 7 2 8 11 9 
9 13 12 3 6 18 1 16 19 15 5 7 2 8 11 9 
10 13 12 3 6 18 1 16 19 15 5 7 2 8 11 9 
11 13 12 3 6 18 1 16 19 15 5 7 2 8 11 9 
12 13 12 3 6 18 1 16 19 15 5 7 2 8 11 9 
13 13 12 3 6 18 1 16 19 15 5 7 2 8 11 9 
14 13 12 3 6 18 1 16 19 15 5 7 2 8 11 9 
15 13 12 3 6 18 1 16 19 15 7 2 8 11 9 
16 13 12 3 6 18 1 19 16 15 5 7 2 8 11 9 
17 13 12 3 6 18 1 16 19 15 5 7 2 8 11 9 
18 13 12 3 18 1 16 19 15 5 7 2 8 11 9 
19 13 12 3 6 18 1 16 19 15 5 2 8 11 9 
20 13 12 3 6 18 1 16 19 15 5 2 8 11 9 
21 13 12 3 6 18 1 16 19 15 5 7 2 8 21 11 9 
22 13 12 3 6 18 1 16 19 15 5 7 2 8 21 11 9 
23 13 12 3 6 18 1 16 19 15 5 7 2 8 21 11 9 23 
24 13 12 24 3 6 18 1 16 19 15 5 7 2 8 21 11 9 23 
25 13 12 24 3 6 18 1 16 19 15 5 7 2 8 21 11 9 25 23 
26 13 12 24 3 6 18 1 16 19 15 5 7 2 8 21 11 9 25 23 
27 13 12 24 6 18 1 16 19 15 5 7 2 27 8 21 11 9 25 23 
28 13 12 24 3 6 18 1 16 19 15 5 7 2 27 8 21 11 9 25 23 
