1 1 
2 1 2 
3 1 3 2 
4 1 4 3 2 
5 5 1 4 3 2 
6 5 6 1 4 3 2 
7 5 6 7 1 4 3 2 
8 5 6 7 1 4 3 2 
9 5 6 7 1 4 3 2 9 
10 10 5 6 7 1 4 3 2 9 
11 10 5 6 7 1 4 3 2 9 
12 10 5 6 7 1 4 3 12 2 9 
13 10 5 6 7 1 4 3 12 2 9 
14 10 5 6 7 1 4 3 14 12 2 9 
15 10 5 6 7 1 4 3 14 12 2 9 
16 10 5 6 7 1 4 3 14 12 16 2 9 
17 1 3 12 10 5 6 7 4 14 16 17 2 9 
18 1 3 12 10 5 6 7 4 14 16 17 2 9 
19 1 3 12 10 5 6 7 4 14 16 17 2 9 
20 10 5 6 7 1 4 3 14 12 2 9 20 
21 10 5 6 7 1 4 3 14 12 2 9 20 
22 22 1 3 12 10 5 6 7 4 14 2 9 20 
23 22 1 3 12 10 5 6 7 23 4 14 2 9 20 
24 22 1 3 12 10 5 6 7 23 4 14 2 9 20 
25 22 1 3 12 10 5 6 7 23 4 14 2 9 20 
26 10 5 6 7 1 4 3 12 26 2 9 
27 10 5 6 7 1 4 3 12 26 2 9 
28 22 1 3 12 10 5 6 7 23 4 14 16 17 26 2 9 20 
29 22 1 3 12 10 5 6 7 23 4 14 29 16 17 26 2 9 20 
30 22 1 3 12 10 5 6 7 23 4 30 14 29 16 17 26 2 9 20 
31 22 1 3 12 10 5 31 6 7 23 4 30 14 29 16 17 26 2 9 20 
32 22 1 3 12 10 5 31 6 7 23 4 30 14 29 32 16 17 26 2 9 20 
33 22 1 3 12 10 5 31 6 7 23 4 30 14 29 32 16 17 33 26 2 9 20 
34 22 1 3 12 10 5 31 6 7 23 4 30 14 29 32 16 17 33 26 2 9 20 
35 22 1 3 12 10 5 31 6 7 23 4 30 14 29 32 16 17 33 26 2 9 20 
