1 1 
2 2 1 
3 2 1 3 
4 2 1 3 4 
5 2 5 1 3 4 
6 2 5 1 3 4 6 
7 2 5 1 3 4 6 
8 8 2 5 1 3 4 6 
9 8 2 5 1 3 9 4 6 
10 8 2 5 1 3 9 10 4 6 
11 8 11 2 5 1 3 9 10 4 6 
12 8 11 2 5 1 3 9 12 10 4 6 
13 8 11 2 5 1 3 9 13 12 10 4 6 
14 8 2 1 12 10 6 11 5 14 3 9 13 4 
15 8 2 1 12 10 6 11 5 14 3 9 13 4 15 
16 8 2 1 12 16 10 6 11 5 14 3 9 13 4 15 
17 8 2 1 12 16 10 6 11 5 14 3 9 13 17 4 15 
18 8 2 18 1 12 16 10 6 11 5 14 3 9 13 17 4 15 
19 8 2 18 1 12 16 10 6 19 11 5 14 3 9 13 17 4 15 
20 8 2 18 1 12 16 10 6 19 20 11 5 14 3 9 13 17 4 15 
21 8 2 18 1 12 16 10 6 19 20 21 11 5 14 3 9 13 17 4 15 
22 8 22 2 18 1 12 16 10 6 19 20 21 11 5 14 3 9 13 17 4 15 
23 8 22 2 18 1 12 16 10 6 19 20 21 11 23 5 14 3 9 13 17 4 15 
24 8 22 2 18 24 1 12 16 10 6 19 20 21 11 23 5 14 3 9 13 17 4 15 
25 8 22 2 18 24 1 12 16 25 10 6 19 20 21 11 23 5 14 3 9 13 17 4 15 
26 8 22 2 1 12 16 6 19 20 11 3 9 4 15 18 24 25 10 21 23 5 14 26 13 17 
27 76 108 32 56 44 123 16 20 79 83 114 11 85 96 120 3 9 121 90 37 43 105 67 72 63 33 70 102 77 87 94 106 25 69 21 54 125 58 101 23 51 5 30 40 116 13 17 41 111 107 8 22 2 112 75 1 73 27 31 12 29 86 128 91 52 6 19 59 98 49 82 38 103 126 81 88 61 4 15 45 18 109 24 36 100 10 74 47 92 14 26 55 93 
28 76 108 32 56 44 123 16 20 79 83 114 11 85 96 120 3 9 121 90 37 43 105 67 72 63 33 70 102 77 87 94 106 25 69 21 54 125 58 101 23 51 5 30 40 116 13 17 41 111 107 8 22 2 112 75 1 27 73 31 12 29 86 128 91 52 6 19 59 98 49 82 38 103 126 81 88 61 4 15 45 18 109 24 36 100 10 74 47 92 14 26 55 93 
29 76 108 32 56 44 123 16 20 79 83 114 11 85 96 120 3 9 121 90 37 43 105 67 72 63 33 70 102 77 87 94 106 25 69 21 54 125 58 101 23 51 5 30 40 116 13 17 41 111 107 8 22 2 112 75 1 27 73 31 12 86 29 128 91 52 6 19 59 98 49 82 38 103 126 81 88 61 4 15 45 18 109 24 36 100 10 74 47 92 14 26 55 93 
30 76 108 32 56 44 123 16 20 79 83 114 11 85 96 120 3 9 121 90 37 43 105 67 72 63 33 70 102 77 87 94 106 25 69 21 54 125 58 101 23 51 5 40 30 116 13 17 41 111 107 8 22 2 112 75 1 27 73 31 12 29 86 128 91 52 6 19 59 98 49 82 38 103 126 81 88 61 4 15 45 18 109 24 36 100 10 74 47 92 14 26 55 93 
31 76 108 32 56 44 123 16 20 79 83 114 11 85 96 120 3 9 121 90 37 43 105 67 72 63 33 70 102 77 87 94 106 25 69 21 54 125 58 101 23 51 5 30 40 116 13 17 41 111 107 8 22 2 112 75 1 27 73 31 12 29 86 128 91 52 6 19 59 98 49 82 38 103 126 81 88 61 4 15 45 18 109 24 36 100 10 74 47 92 14 26 55 93 
32 76 108 32 56 44 123 16 20 79 83 114 11 85 96 120 3 9 121 90 37 43 105 67 72 63 33 70 102 77 87 94 106 25 69 21 54 125 58 101 23 51 5 30 40 116 13 17 41 111 107 8 22 2 112 75 1 27 73 31 12 29 86 128 91 52 6 19 59 98 49 82 38 103 126 81 88 61 4 15 45 18 109 24 36 100 10 74 47 92 14 26 55 93 
33 76 108 32 56 44 123 16 20 79 83 114 11 85 96 120 3 9 121 90 37 43 105 67 72 63 70 102 33 77 87 94 106 25 69 21 54 125 58 101 23 51 5 30 40 116 13 17 41 111 107 8 22 2 112 75 1 27 73 31 12 29 86 128 91 52 6 19 59 98 49 82 38 103 126 81 88 61 4 15 45 18 109 24 36 100 10 74 47 92 14 26 55 93 
34 76 108 32 56 44 123 16 20 79 83 114 11 85 96 120 3 9 121 90 37 43 105 67 72 63 33 70 102 77 87 94 106 25 69 21 54 125 58 101 23 51 5 30 40 116 13 17 41 111 107 8 22 2 112 75 1 27 73 31 12 29 86 128 91 52 6 19 59 98 49 82 38 103 126 81 88 61 4 15 45 18 109 24 36 100 10 74 47 92 14 26 55 93 
35 76 108 32 56 44 123 16 20 79 83 114 11 85 96 120 3 9 121 90 37 43 105 67 72 63 33 70 102 77 87 94 106 25 69 21 54 125 58 101 23 51 5 30 40 116 13 17 41 111 107 8 22 2 112 75 1 27 73 31 12 29 86 128 91 52 6 19 59 98 49 82 38 103 126 81 88 61 4 15 45 18 109 24 36 100 10 74 47 92 14 26 55 93 
36 76 108 32 56 44 123 16 20 79 83 114 11 85 96 120 3 9 121 90 37 43 105 67 72 63 33 70 102 77 87 94 106 25 69 21 54 125 58 101 23 51 5 30 40 116 13 17 41 111 107 8 22 2 112 75 1 27 73 31 12 29 86 128 91 52 6 19 59 98 49 82 38 103 126 81 88 61 4 15 45 18 109 24 36 100 10 74 47 92 14 26 55 93 
37 76 108 32 56 44 123 16 20 79 83 114 11 85 96 120 3 9 121 90 37 43 105 67 72 63 33 70 102 77 87 94 106 25 69 21 54 125 58 101 23 51 5 30 40 116 13 17 41 111 107 8 22 2 112 75 1 27 73 31 12 29 86 128 91 52 6 19 59 98 49 82 38 103 126 81 88 61 4 15 45 18 109 24 36 100 10 74 47 92 14 26 55 93 
38 76 108 32 56 44 123 16 20 79 83 114 11 85 96 120 3 9 121 90 37 43 105 67 72 63 33 70 102 77 87 94 106 25 69 21 54 125 58 101 23 51 5 30 40 116 13 17 41 111 107 8 22 2 112 75 1 27 73 31 12 29 86 128 91 52 6 19 59 98 49 82 38 103 126 81 88 61 4 15 45 18 109 24 36 100 10 74 47 92 14 26 55 93 
39 76 108 32 56 44 123 16 20 79 83 114 11 85 96 120 3 9 121 90 37 43 105 67 72 63 33 70 102 77 87 94 106 25 69 21 54 125 58 101 23 51 5 30 40 116 13 17 41 111 107 8 22 2 112 75 1 27 73 31 12 29 86 128 91 52 6 19 59 98 49 82 38 103 126 81 88 61 4 15 45 18 109 24 36 100 10 74 47 92 14 26 55 93 
40 76 108 32 56 44 123 16 20 79 83 114 11 85 96 120 3 9 121 90 37 43 105 67 72 63 33 70 102 77 87 94 106 25 69 21 54 125 58 101 23 51 5 30 40 116 13 17 41 111 107 8 22 2 112 75 1 27 73 31 12 29 86 128 91 52 6 19 59 98 49 82 38 103 126 81 88 61 4 15 45 18 109 24 36 100 10 74 47 92 14 26 55 93 
41 76 108 32 56 44 123 16 20 79 83 114 11 85 96 120 3 9 121 90 37 43 105 67 72 63 33 70 102 77 87 94 106 25 69 21 54 125 58 101 23 51 5 30 40 116 13 17 41 111 107 8 22 2 112 75 1 27 73 31 12 29 86 128 91 52 6 19 59 98 49 82 38 103 126 81 88 61 4 15 45 18 109 24 36 100 10 74 47 92 14 26 55 93 
42 76 108 32 56 44 123 16 20 79 83 114 11 85 96 120 3 9 121 90 37 43 105 67 72 63 33 70 102 77 87 94 106 25 69 21 54 125 58 101 23 51 5 30 40 116 13 17 41 111 107 8 22 2 112 75 1 27 73 31 12 29 86 128 91 52 6 19 59 98 49 82 38 103 126 81 88 61 4 15 45 18 109 24 36 100 10 74 47 92 14 26 55 93 
43 76 108 32 56 44 123 16 79 83 114 11 85 96 120 3 9 121 37 43 67 72 63 33 70 102 77 87 94 106 25 69 21 125 58 101 23 51 5 30 40 116 13 17 41 111 107 8 22 2 112 75 1 27 73 31 12 29 86 128 91 52 6 19 59 98 49 82 38 103 126 81 88 61 4 15 45 18 109 24 36 100 10 74 47 92 14 26 55 93 
44 76 108 32 56 44 123 16 79 83 114 11 85 96 120 3 9 121 37 43 67 72 63 33 70 102 77 87 94 106 25 69 21 125 58 101 23 51 5 30 40 116 13 17 41 111 107 8 22 2 112 75 1 27 73 31 12 29 86 128 91 52 6 19 59 98 49 82 38 103 126 81 88 61 4 15 45 18 109 24 36 100 10 74 47 92 14 26 55 93 
45 76 108 32 56 44 123 16 79 83 114 11 85 96 120 3 9 121 37 43 67 72 63 33 70 102 77 87 94 106 25 69 21 125 58 101 23 51 5 30 40 116 13 17 41 111 107 8 22 2 112 75 1 27 73 31 12 29 86 128 91 52 6 19 59 98 49 82 38 103 126 81 88 61 4 15 45 18 109 24 36 100 10 74 47 92 14 26 55 93 
46 76 108 32 56 44 123 16 79 83 114 11 85 96 120 3 9 121 37 43 67 72 63 33 70 102 77 87 94 106 25 69 21 125 58 101 23 51 5 30 40 116 13 17 41 111 107 8 22 2 112 75 1 27 73 31 12 29 86 128 91 52 6 19 59 98 49 82 38 103 126 81 88 61 4 15 45 18 109 24 36 100 10 74 47 92 14 26 55 93 
47 76 108 32 56 44 123 16 79 83 114 11 85 120 3 9 121 37 43 67 72 63 33 70 102 77 87 94 106 25 69 125 101 23 51 5 30 40 116 13 17 41 107 8 22 2 112 75 1 27 73 31 12 29 86 128 91 52 6 19 59 98 49 82 38 103 126 81 88 61 4 15 45 18 109 24 36 100 10 74 47 92 14 26 55 93 
48 76 108 32 56 44 123 16 79 83 114 11 85 120 3 9 121 37 43 67 72 63 33 70 102 77 87 94 106 25 69 125 101 23 51 5 30 40 116 13 17 41 107 8 22 2 112 75 1 27 73 31 12 29 86 128 91 52 6 19 59 98 49 82 38 103 126 81 88 61 4 15 45 18 109 24 36 100 10 74 47 92 14 26 55 93 
49 76 108 32 56 44 123 16 20 79 83 114 11 85 96 120 3 9 121 90 37 43 105 67 72 63 33 70 102 77 87 94 106 25 69 21 54 125 58 101 23 51 5 30 40 116 13 17 41 111 107 8 22 2 112 75 1 27 73 31 12 29 86 128 91 52 6 19 59 98 49 82 38 103 126 81 88 61 4 15 45 18 109 24 36 100 10 74 47 92 14 26 55 93 
50 76 108 32 56 44 123 16 20 79 83 114 11 85 96 120 3 9 121 90 37 43 105 67 72 63 33 70 102 77 87 94 106 25 69 21 54 125 58 101 23 51 5 30 40 116 13 17 41 111 107 8 22 2 112 75 1 27 73 31 12 29 86 128 91 52 6 19 59 98 49 82 38 103 126 81 88 61 4 15 45 18 109 24 36 100 10 74 47 92 14 26 55 93 
51 76 108 32 56 44 123 16 20 79 83 114 11 85 96 120 3 9 121 90 37 43 105 67 72 63 33 70 102 77 87 94 106 25 69 21 54 125 58 101 23 51 5 30 40 116 13 17 41 111 107 8 22 2 112 75 1 27 73 31 12 29 86 128 91 52 6 19 59 98 49 82 38 103 126 81 88 61 4 15 45 18 109 24 36 100 10 74 47 92 14 26 55 93 
52 76 108 32 56 44 123 16 20 79 83 114 11 85 96 120 3 9 121 90 37 43 105 67 72 63 33 70 102 77 87 94 106 25 69 21 54 125 58 101 23 51 5 30 40 116 13 17 41 111 107 8 22 2 112 75 1 27 73 31 12 29 86 128 91 52 6 19 59 98 49 82 38 103 126 81 88 61 4 15 45 18 109 24 36 100 10 74 47 92 14 26 55 93 
53 76 108 32 56 44 123 16 20 79 83 114 11 85 96 120 3 9 121 90 37 43 105 67 72 63 33 70 102 77 87 94 106 25 69 21 54 125 58 101 23 51 5 30 40 116 13 17 41 111 107 8 22 2 112 75 1 27 73 31 12 29 86 128 91 52 6 19 59 98 49 82 38 103 126 81 88 61 4 15 45 18 109 24 36 100 10 74 47 92 14 26 55 93 
54 76 108 32 56 44 123 16 79 83 114 11 85 96 120 3 9 121 37 67 72 63 33 70 102 77 87 94 106 25 69 21 54 125 58 101 23 51 5 30 40 116 13 17 41 111 107 8 22 2 112 75 1 27 73 31 12 29 86 128 91 52 6 19 59 98 49 82 38 103 126 81 88 61 4 15 45 18 109 24 36 100 10 74 47 92 14 26 55 93 
55 76 108 32 56 44 123 16 79 83 114 11 85 96 120 3 9 121 37 67 72 63 33 70 102 77 87 94 106 25 69 21 54 125 58 101 23 51 5 30 40 116 13 17 41 111 107 8 22 2 112 75 1 27 73 31 12 29 86 128 91 52 6 19 59 98 49 82 38 103 126 81 88 61 4 15 45 18 109 24 36 100 10 74 47 92 14 26 55 93 
56 76 108 32 56 44 123 16 79 83 114 11 85 96 120 3 9 121 37 67 72 63 33 70 102 77 87 94 106 25 69 21 54 125 58 101 23 51 5 30 40 116 13 17 41 111 107 8 22 2 112 75 1 27 73 31 12 29 86 128 91 52 6 19 59 98 49 82 38 103 126 81 88 61 4 15 45 18 109 24 36 100 10 74 47 92 14 26 55 93 
57 76 108 32 56 44 123 16 79 83 114 11 85 96 120 3 9 121 37 67 72 63 33 70 102 77 87 94 106 25 69 21 54 125 58 101 23 51 5 30 40 116 13 17 41 111 107 8 22 2 112 75 1 27 73 31 12 29 86 128 91 52 6 19 59 98 49 82 38 103 126 81 88 61 4 15 45 18 109 24 36 100 10 74 47 92 14 26 55 93 
58 76 108 32 56 44 123 16 79 83 114 11 85 120 3 9 121 37 67 72 63 33 70 102 77 87 94 106 25 69 54 125 101 58 23 51 5 30 40 116 13 17 41 107 8 22 2 112 75 1 27 73 31 12 29 86 128 91 52 6 19 59 98 49 82 38 103 126 81 88 61 4 15 45 18 109 24 36 100 10 74 92 14 26 55 93 
59 76 108 32 56 44 123 16 20 79 83 114 11 85 96 120 3 9 121 90 37 43 105 67 72 63 33 70 102 77 87 94 106 25 69 21 54 125 58 101 23 51 5 30 40 116 13 17 41 111 107 8 22 2 112 75 1 27 73 31 12 29 86 128 91 52 6 19 98 59 49 82 38 103 126 81 88 61 4 15 45 18 109 24 36 100 10 74 47 92 14 26 55 93 
60 76 108 32 56 44 123 16 20 79 83 114 11 85 96 120 3 9 121 90 37 43 105 67 72 63 33 70 102 77 87 94 106 25 69 21 54 125 58 101 23 51 5 30 40 116 13 17 41 111 107 8 22 2 112 75 1 27 73 31 12 29 86 128 91 52 6 19 59 98 49 82 38 103 126 81 88 61 4 15 45 18 109 24 36 100 10 74 47 92 14 26 55 93 
61 76 108 32 56 44 123 16 20 79 83 114 11 85 96 120 3 9 121 90 37 43 105 67 72 63 33 70 102 77 87 94 106 25 69 21 54 125 58 101 23 51 5 30 40 116 13 17 41 111 107 8 22 2 112 75 1 27 73 31 12 29 86 128 91 52 6 19 59 98 49 82 38 103 126 81 88 61 4 15 45 18 109 24 36 100 10 74 47 92 14 26 55 93 
62 76 108 32 56 44 123 16 20 79 83 114 11 85 96 120 3 9 121 90 37 43 105 67 72 63 33 70 102 77 87 94 106 25 69 21 54 125 58 101 23 51 5 30 40 116 13 17 41 111 107 8 22 2 112 75 1 27 73 31 12 29 86 128 91 52 6 19 59 98 49 82 38 103 126 81 88 61 4 15 45 18 109 24 36 100 10 74 47 92 14 26 55 93 
63 76 108 32 56 44 123 16 20 79 83 114 11 85 96 120 3 9 121 90 37 43 105 67 72 63 33 70 102 77 87 94 106 25 69 21 54 125 58 101 23 51 5 30 40 116 13 17 41 111 107 8 22 2 112 75 1 27 73 31 12 29 86 128 91 52 6 19 59 98 49 82 38 103 126 81 88 61 4 15 45 18 109 24 36 100 10 74 47 92 14 26 55 93 
64 76 108 32 56 44 123 16 20 79 83 114 11 85 96 120 3 9 121 90 37 43 105 67 72 63 33 70 102 77 87 94 106 25 69 21 54 125 58 101 23 51 5 30 40 116 13 17 41 111 107 8 22 2 112 75 1 27 73 31 12 29 86 128 91 52 6 19 59 98 49 82 38 103 126 81 88 61 4 15 45 18 109 24 36 100 10 74 47 92 14 26 55 93 
65 76 108 32 56 44 123 16 20 79 83 114 11 85 96 120 3 9 121 90 37 43 105 67 72 63 33 70 102 77 87 94 106 25 69 21 54 125 58 101 23 51 5 30 40 116 13 17 41 111 107 8 22 2 112 75 1 27 73 31 12 29 86 128 91 52 6 19 59 98 49 82 38 103 126 81 88 61 4 15 45 18 109 24 36 100 10 74 47 92 14 26 55 93 
66 76 108 32 56 44 123 16 20 79 83 114 11 85 96 120 3 9 121 90 37 43 105 67 72 63 33 70 102 77 87 94 106 25 69 21 54 125 58 101 23 51 5 30 40 116 13 17 41 111 107 8 22 2 112 75 1 27 73 31 12 29 86 128 91 52 6 19 59 98 49 82 38 103 126 81 88 61 4 15 45 18 109 24 36 100 10 74 47 92 14 26 55 93 
67 76 108 32 56 44 123 16 20 79 83 114 11 85 96 120 3 9 121 90 37 43 105 72 67 63 33 70 102 77 87 94 106 25 69 21 54 125 58 101 23 51 5 30 40 116 13 17 41 111 107 8 22 2 112 75 1 27 73 31 12 29 86 128 91 52 6 19 59 98 49 82 38 103 126 81 88 61 4 15 45 18 109 24 36 100 10 74 47 92 14 26 55 93 
68 76 108 32 56 44 123 16 20 79 83 114 11 85 96 120 3 9 121 90 37 43 105 67 72 63 33 70 102 77 87 94 106 25 69 21 54 125 58 101 23 51 5 30 40 116 13 17 41 111 107 8 22 2 112 75 1 27 73 31 12 29 86 128 91 52 6 19 59 98 49 82 38 103 126 81 88 61 4 15 45 18 109 24 36 100 10 74 47 92 14 26 55 93 
69 76 108 32 56 44 123 16 20 79 83 114 11 85 96 120 3 9 121 90 37 43 105 67 72 63 33 70 102 77 87 94 106 25 69 21 54 125 58 101 23 51 5 30 40 116 13 17 41 111 107 8 22 2 112 75 1 27 73 31 12 29 86 128 91 52 6 19 59 98 49 82 38 103 126 81 88 61 4 15 45 18 109 24 36 100 10 74 47 92 14 26 55 93 
70 76 108 32 56 44 123 16 20 79 83 114 11 85 96 120 3 9 121 90 37 43 105 67 72 63 33 102 70 77 87 94 106 25 69 21 54 125 58 101 23 51 5 30 40 116 13 17 41 111 107 8 22 2 112 75 1 27 73 31 12 29 86 128 91 52 6 19 59 98 49 82 38 103 126 81 88 61 4 15 45 18 109 24 36 100 10 74 47 92 14 26 55 93 
71 76 108 32 56 44 123 16 20 79 83 114 11 85 96 120 3 9 121 90 37 43 105 67 72 63 33 70 102 77 87 94 106 25 69 21 54 125 58 101 23 51 5 30 40 116 13 17 41 111 107 8 22 2 112 75 1 27 73 31 12 29 86 128 91 52 6 19 59 98 49 82 38 103 126 81 88 61 4 15 45 18 109 24 36 100 10 74 47 92 14 26 55 93 
72 76 108 32 56 44 123 16 20 79 83 114 11 85 96 120 3 9 121 90 37 43 105 67 72 63 33 70 102 77 87 94 106 25 69 21 54 125 58 101 23 51 5 30 40 116 13 17 41 111 107 8 22 2 112 75 1 27 73 31 12 29 86 128 91 52 6 19 59 98 49 82 38 103 126 81 88 61 4 15 45 18 109 24 36 100 10 74 47 92 14 26 55 93 
73 76 108 32 56 44 123 16 20 79 83 114 11 85 96 120 3 9 121 90 37 43 105 67 72 63 33 70 102 77 87 94 106 25 69 21 54 125 58 101 23 51 5 30 40 116 13 17 41 111 107 8 22 2 112 75 1 27 73 31 12 29 86 128 91 52 6 19 59 98 49 82 38 103 126 81 88 61 4 15 45 18 109 24 36 100 10 74 47 92 14 26 55 93 
74 76 108 32 56 44 123 16 20 79 83 114 11 85 96 3 9 121 90 37 43 105 67 72 63 33 70 102 77 87 94 106 25 69 21 54 125 58 101 23 51 5 30 40 116 13 17 41 111 107 8 22 2 112 75 1 27 73 31 12 29 86 128 91 52 6 19 59 98 49 82 38 103 126 81 88 61 4 15 45 18 109 24 36 100 10 74 47 92 14 26 55 93 
75 76 108 32 56 44 16 20 79 83 114 11 85 96 3 9 121 90 37 43 105 67 72 63 33 70 102 77 87 94 106 25 69 21 54 125 58 101 23 51 5 30 40 116 13 17 41 111 107 8 22 2 112 75 1 27 73 31 12 29 86 128 91 52 6 19 59 98 49 82 38 103 126 81 88 61 4 15 45 18 109 24 36 100 10 74 47 92 14 26 55 93 
76 76 108 32 56 44 123 16 20 79 83 114 11 85 96 120 3 9 121 90 37 43 105 67 72 63 33 70 102 77 87 94 106 25 69 21 54 125 58 101 23 51 5 30 40 116 13 17 41 111 107 8 22 2 112 75 1 27 73 31 12 29 86 128 91 52 6 19 59 98 49 82 38 103 81 88 126 61 4 15 45 18 109 24 36 100 10 74 47 92 14 26 55 93 
77 76 108 32 56 44 123 16 20 79 83 114 11 85 96 120 3 9 121 90 37 43 105 67 72 63 33 70 102 77 87 94 106 25 69 21 54 125 58 101 23 51 5 30 40 116 13 17 41 111 107 8 22 2 112 75 1 27 73 31 12 29 86 128 91 52 6 19 59 98 49 82 38 103 81 88 126 61 4 15 45 18 109 24 36 100 10 74 47 92 14 26 55 93 
78 76 108 32 56 44 123 16 20 79 83 114 11 85 96 120 3 9 121 90 37 43 105 67 72 63 33 70 102 77 87 94 106 25 69 21 54 125 58 101 23 51 5 30 40 116 13 17 41 111 107 8 22 2 112 75 1 27 73 31 12 29 86 128 91 52 6 19 59 98 49 82 38 103 81 88 126 61 4 15 45 18 109 24 36 100 10 74 47 92 14 26 55 93 
79 76 108 32 56 44 123 16 20 83 79 114 11 85 96 120 3 9 121 90 37 43 105 67 72 63 33 70 102 77 87 94 106 25 69 21 54 125 58 101 23 51 5 30 40 116 13 17 41 111 107 8 22 2 112 75 1 27 73 31 12 29 86 128 91 52 6 19 59 98 49 82 38 103 81 88 126 61 4 15 45 18 109 24 36 100 10 74 47 92 14 26 55 93 
80 76 108 32 56 44 123 16 20 79 83 114 11 85 96 120 3 9 121 90 37 43 105 67 72 63 33 70 102 77 87 94 106 25 69 21 54 125 58 101 23 51 5 30 40 116 13 17 41 111 107 8 22 2 112 75 1 27 73 31 12 29 86 128 91 52 6 19 59 98 49 82 38 103 81 88 126 61 4 15 45 18 109 24 36 100 10 74 47 92 14 26 55 93 
81 76 108 32 56 44 123 16 20 79 83 114 11 85 96 120 3 9 121 90 37 43 105 67 72 63 33 70 102 77 87 94 106 25 69 21 54 125 58 101 23 51 5 30 40 116 13 17 41 111 107 8 22 2 112 75 1 27 73 31 12 29 86 128 91 52 6 19 59 98 49 82 38 103 88 126 81 61 4 15 45 18 109 24 36 100 10 74 47 92 14 26 55 93 
82 76 108 32 56 44 123 16 20 79 83 114 11 85 96 120 3 9 121 90 37 43 105 67 72 63 33 70 102 77 87 94 106 25 69 21 54 125 58 101 23 51 5 30 40 116 13 17 41 111 107 8 22 2 112 75 1 27 73 31 12 29 86 128 91 52 6 19 59 98 49 82 38 103 81 88 126 61 4 15 45 18 109 24 36 100 10 74 47 92 14 26 55 93 
83 76 108 32 56 44 123 16 20 79 83 114 11 85 96 120 3 9 121 90 37 43 105 67 72 63 33 70 102 77 87 94 106 25 69 21 54 125 58 101 23 51 5 30 40 116 13 17 41 111 107 8 22 2 112 75 1 27 73 31 12 29 86 128 91 52 6 19 59 98 49 82 38 103 81 88 126 61 4 15 45 18 109 24 36 100 10 74 47 92 14 26 55 93 
84 76 108 32 56 44 123 16 20 79 83 114 11 85 96 120 3 9 121 90 37 43 105 67 72 63 33 70 102 77 87 94 106 25 69 21 54 125 58 101 23 51 5 30 40 116 13 17 41 111 107 8 22 2 112 75 1 27 73 31 12 29 86 128 91 52 6 19 59 98 49 82 38 103 81 88 126 61 4 15 45 18 109 24 36 100 10 74 47 92 14 26 55 93 
85 76 108 32 56 44 123 16 20 79 83 114 11 85 96 120 3 9 121 90 37 43 105 67 72 63 33 70 102 77 87 94 106 25 69 21 54 125 58 101 23 51 5 30 40 116 13 17 41 111 107 8 22 2 112 75 1 27 73 31 12 29 86 128 91 52 6 19 59 98 49 82 38 103 81 88 126 61 4 15 45 18 109 24 36 100 10 74 47 92 14 26 55 93 
86 76 108 32 56 44 123 16 20 79 83 114 11 85 96 120 3 9 121 90 37 43 105 67 72 63 33 70 102 77 87 94 106 25 69 21 54 125 58 101 23 51 5 30 40 116 13 17 41 111 107 8 22 2 112 75 1 27 73 31 12 29 86 128 91 52 6 19 59 98 49 82 38 103 81 88 126 61 4 15 45 18 109 24 36 100 10 74 47 92 14 26 55 93 
87 76 108 32 56 44 123 16 20 79 83 114 11 85 96 120 3 9 121 90 37 43 105 67 72 63 33 70 102 77 94 87 106 25 69 21 54 125 58 101 23 51 5 30 40 116 13 17 41 111 107 8 22 2 112 75 1 27 73 31 12 29 86 128 91 52 6 19 59 98 49 82 38 103 81 88 126 61 4 15 45 18 109 24 36 100 10 74 47 92 14 26 55 93 
88 76 108 32 56 44 123 16 20 79 83 114 11 85 96 120 3 9 121 90 37 43 105 67 72 63 33 70 102 77 87 94 106 25 69 21 54 125 58 101 23 51 5 30 40 116 13 17 41 111 107 8 22 2 112 75 1 27 73 31 12 29 86 128 91 52 6 19 59 98 49 82 38 103 81 126 88 61 4 15 45 18 109 24 36 100 10 74 47 92 14 26 55 93 
89 76 108 32 56 44 123 16 20 79 83 114 11 85 96 120 3 9 121 90 37 43 105 67 72 63 33 70 102 77 87 94 106 25 69 21 54 125 58 101 23 51 5 30 40 116 13 17 41 111 107 8 22 2 112 75 1 27 73 31 12 29 86 128 91 52 6 19 59 98 49 82 38 103 81 88 126 61 4 15 45 18 109 24 36 100 10 74 47 92 14 26 55 93 
90 76 108 32 56 44 123 16 79 83 114 11 85 96 120 3 9 121 90 37 67 72 63 33 70 102 77 87 94 106 25 69 21 125 58 101 23 51 5 30 40 116 13 17 41 111 107 8 22 2 112 75 1 27 73 31 12 29 86 128 91 52 6 19 59 98 49 82 38 103 81 88 126 61 4 15 45 18 109 24 36 100 10 74 47 92 14 26 55 93 
91 76 108 32 56 44 123 16 79 83 114 11 85 96 120 3 9 121 90 37 67 72 63 33 70 102 77 87 94 106 25 69 21 125 58 101 23 51 5 30 40 116 13 17 41 111 107 8 22 2 112 75 1 27 73 31 12 29 86 128 91 52 6 19 59 98 49 82 38 103 81 88 126 61 4 15 45 18 109 24 36 100 10 74 47 92 14 26 55 93 
92 76 108 32 56 44 123 16 79 83 114 11 85 96 120 3 9 121 90 37 67 72 63 33 70 102 77 87 94 106 25 69 21 125 58 101 23 51 5 30 40 116 13 17 41 111 107 8 22 2 112 75 1 27 73 31 12 29 86 128 91 52 6 19 59 98 49 82 38 103 81 88 126 61 4 15 45 18 109 24 36 100 10 74 47 92 14 26 55 93 
93 76 108 32 56 44 123 16 79 83 114 11 85 96 120 3 9 121 90 37 67 72 63 33 70 102 77 87 94 106 25 69 21 125 58 101 23 51 5 30 40 116 13 17 41 111 107 8 22 2 112 75 1 27 73 31 12 29 86 128 91 52 6 19 59 98 49 82 38 103 81 88 126 61 4 15 45 18 109 24 36 100 10 74 47 92 14 26 55 93 
94 76 108 32 56 44 123 16 79 83 114 11 85 96 120 3 9 121 90 37 67 72 63 33 70 102 77 87 94 106 25 69 21 125 58 101 23 51 5 30 40 116 13 17 41 111 107 8 22 2 112 75 1 27 73 31 12 29 86 128 91 52 6 19 59 98 49 82 38 103 81 88 126 61 4 15 45 18 109 24 36 100 10 74 47 92 14 26 55 93 
95 76 108 32 56 44 123 16 79 83 114 11 85 96 120 3 9 121 90 37 67 72 63 33 70 102 77 87 94 106 25 69 21 125 58 101 23 51 5 30 40 116 13 17 41 111 107 8 22 2 112 75 1 27 73 31 12 29 86 128 91 52 6 19 59 98 49 82 38 103 81 88 126 61 4 15 45 18 109 24 36 100 10 74 47 92 14 26 55 93 
96 76 108 32 56 44 123 16 79 83 114 11 85 96 120 3 9 121 90 37 67 72 63 33 70 102 77 87 94 106 25 69 125 101 23 51 5 30 40 116 13 17 41 107 8 22 2 112 75 1 27 73 31 12 29 86 128 91 52 6 19 59 98 49 82 38 103 81 88 126 61 4 15 45 18 109 24 36 100 10 74 92 14 26 55 93 
97 76 108 32 56 44 123 16 79 83 114 11 85 96 120 3 9 121 90 37 67 72 63 33 70 102 77 87 94 106 25 69 125 101 23 51 5 30 40 116 13 17 41 107 8 22 2 112 75 1 27 73 31 12 29 86 128 91 52 6 19 59 98 49 82 38 103 81 88 126 61 4 15 45 18 109 24 36 100 10 74 92 14 26 55 93 
98 76 108 32 56 44 123 16 20 79 83 114 11 85 96 120 3 9 121 90 37 43 105 67 72 63 33 70 102 77 87 94 106 25 69 21 54 125 58 101 23 51 5 30 40 116 13 17 41 111 107 8 22 2 112 75 1 27 73 31 12 29 86 128 91 52 6 19 59 98 49 82 38 103 81 88 126 61 4 15 45 18 109 24 36 100 10 74 47 92 14 26 55 93 
99 76 108 32 56 44 123 16 20 79 83 114 11 85 96 120 3 9 121 90 37 43 105 67 72 63 33 70 102 77 87 94 106 25 69 21 54 125 58 101 23 51 5 30 40 116 13 17 41 111 107 8 22 2 112 75 1 27 73 31 12 29 86 128 91 52 6 19 59 98 49 82 38 103 81 88 126 61 4 15 45 18 109 24 36 100 10 74 47 92 14 26 55 93 
100 76 108 32 56 44 123 16 20 79 83 114 11 85 96 120 3 9 121 90 37 43 105 67 72 63 33 70 102 77 87 94 106 25 69 21 54 125 58 101 23 51 5 30 40 116 13 17 41 111 107 8 22 2 112 75 1 27 73 31 12 29 86 128 91 52 6 19 59 98 49 82 38 103 81 88 126 61 4 15 45 18 109 24 36 100 10 74 47 92 14 26 55 93 
101 76 108 32 56 44 123 16 20 79 83 114 11 85 96 120 3 9 121 90 37 43 105 67 72 63 33 70 102 77 87 94 106 25 69 21 54 125 58 101 23 51 5 30 40 116 13 17 41 111 107 8 22 2 112 75 1 27 73 31 12 29 86 128 91 52 6 19 59 98 49 82 38 103 81 88 126 61 4 15 45 18 109 24 36 100 10 74 47 92 14 26 55 93 
102 76 108 32 56 44 123 16 20 79 83 114 11 85 96 120 3 9 121 90 37 43 105 67 72 63 33 70 102 77 87 94 106 25 69 21 54 125 58 101 23 51 5 30 40 116 13 17 41 111 107 8 22 2 112 75 1 27 73 31 12 29 86 128 91 52 6 19 59 98 49 82 38 103 81 88 126 61 4 15 45 18 109 24 36 100 10 74 47 92 14 26 55 93 
103 76 108 32 56 44 123 16 20 79 83 114 11 85 96 120 3 9 121 90 37 43 105 67 72 63 33 70 102 77 87 94 106 25 69 21 54 125 58 101 23 51 5 30 40 116 13 17 41 111 107 8 22 2 112 75 1 27 73 31 12 29 86 128 91 52 6 19 59 98 49 82 38 103 81 88 126 61 4 15 45 18 109 24 36 100 10 74 47 92 14 26 55 93 
104 76 108 32 56 44 123 16 20 79 83 114 11 85 96 120 3 9 121 90 37 43 105 67 72 63 33 70 102 77 87 94 106 25 69 21 54 125 58 101 23 51 5 30 40 116 13 17 41 111 107 8 22 2 112 75 1 27 73 31 12 29 86 128 91 52 6 19 59 98 49 82 38 103 81 88 126 61 4 15 45 18 109 24 36 100 10 74 47 92 14 26 55 93 
105 76 108 32 56 44 123 16 79 83 114 11 85 96 120 3 9 121 37 105 67 72 63 33 70 102 77 87 94 106 25 69 21 125 58 101 23 51 5 30 40 116 13 17 41 111 107 8 22 2 112 75 1 27 73 31 12 29 86 128 91 52 6 19 59 98 49 82 38 103 81 88 126 61 4 15 45 18 109 24 36 100 10 74 47 92 14 26 55 93 
106 76 108 32 56 44 123 16 79 83 114 11 85 96 120 3 9 121 37 105 67 72 63 33 70 102 77 87 94 106 25 69 21 125 58 101 23 51 5 30 40 116 13 17 41 111 107 8 22 2 112 75 1 27 73 31 12 29 86 128 91 52 6 19 59 98 49 82 38 103 81 88 126 61 4 15 45 18 109 24 36 100 10 74 47 92 14 26 55 93 
107 76 108 32 56 44 123 16 79 83 114 11 85 96 120 3 9 121 37 105 67 72 63 33 70 102 77 87 94 106 25 69 21 125 58 101 23 51 5 30 40 116 13 17 41 111 107 8 22 2 112 75 1 27 73 31 12 29 86 128 91 52 6 19 59 98 49 82 38 103 81 88 126 61 4 15 45 18 109 24 36 100 10 74 47 92 14 26 55 93 
108 76 108 32 56 44 123 16 79 83 114 11 85 96 120 3 9 121 37 105 67 72 63 33 70 102 77 87 94 106 25 69 21 125 58 101 23 51 5 30 40 116 13 17 41 111 107 8 22 2 112 75 1 27 73 31 12 29 86 128 91 52 6 19 59 98 49 82 38 103 81 88 126 61 4 15 45 18 109 24 36 100 10 74 47 92 14 26 55 93 
109 76 108 32 56 44 123 16 79 83 114 11 85 96 120 3 9 121 37 105 67 72 63 33 70 102 77 87 94 106 25 69 21 125 58 101 23 51 5 30 40 116 13 17 41 111 107 8 22 2 112 75 1 27 73 31 12 29 86 128 91 52 6 19 59 98 49 82 38 103 81 88 126 61 4 15 45 18 109 24 36 100 10 74 47 92 14 26 55 93 
110 76 108 32 56 44 123 16 79 83 114 11 85 96 120 3 9 121 37 105 67 72 63 33 70 102 77 87 94 106 25 69 21 125 58 101 23 51 5 30 40 116 13 17 41 111 107 8 22 2 112 75 1 27 73 31 12 29 86 128 91 52 6 19 59 98 49 82 38 103 81 88 126 61 4 15 45 18 109 24 36 100 10 74 47 92 14 26 55 93 
111 76 108 32 56 44 123 16 79 83 114 11 85 120 3 9 121 37 105 67 72 63 33 70 102 77 87 94 106 25 69 125 101 23 51 5 30 40 116 13 17 41 111 107 8 22 2 112 75 1 27 73 31 12 29 86 128 91 52 6 19 59 98 49 82 38 103 81 88 126 61 4 15 45 18 109 24 36 100 10 74 92 14 26 55 93 
112 76 108 32 56 44 123 16 79 83 20 114 11 85 96 120 3 9 121 90 37 43 105 67 72 63 33 70 102 77 87 94 106 25 69 21 54 125 58 101 23 51 5 30 40 116 13 17 41 111 107 8 22 2 112 75 1 27 73 31 12 29 86 128 91 52 6 19 59 98 49 82 38 103 81 88 126 61 4 15 45 18 109 24 36 100 10 74 47 92 14 26 55 93 
113 76 108 32 56 44 123 16 79 83 20 114 11 85 96 120 3 9 121 90 37 43 105 67 72 63 33 70 102 77 87 94 106 25 69 21 54 125 58 101 23 51 5 30 40 116 13 17 41 111 107 8 22 2 112 75 1 27 73 31 12 29 86 128 91 52 6 19 59 98 49 82 38 103 81 88 126 61 4 15 45 18 109 24 36 100 10 74 47 92 14 26 55 93 
114 76 108 32 56 44 123 16 79 83 20 114 11 85 96 120 3 9 121 90 37 43 105 67 72 63 33 70 102 77 87 94 106 25 69 21 54 125 58 101 23 51 5 30 40 116 13 17 41 111 107 8 22 2 112 75 1 27 73 31 12 29 86 128 91 52 6 19 59 98 49 82 38 103 81 88 126 61 4 15 45 18 109 24 36 100 10 74 47 92 14 26 55 93 
115 76 108 32 56 44 123 16 79 83 20 114 11 85 96 120 3 9 121 90 37 43 105 67 72 63 33 70 102 77 87 94 106 25 69 21 54 125 58 101 23 51 5 30 40 116 13 17 41 111 107 8 22 2 112 75 1 27 73 31 12 29 86 128 91 52 6 19 59 98 49 82 38 103 81 88 126 61 4 15 45 18 109 24 36 100 10 74 47 92 14 26 55 93 
116 76 108 32 56 44 123 16 79 83 20 114 11 85 96 120 3 9 121 90 37 43 105 67 72 63 33 70 102 77 87 94 106 25 69 21 54 125 58 101 23 51 5 30 40 116 13 17 41 111 107 8 22 2 112 75 1 27 73 31 12 29 86 128 91 52 6 19 59 98 49 82 38 103 81 88 126 61 4 15 45 18 109 24 36 100 10 74 47 92 14 26 55 93 
117 76 108 32 56 44 123 16 79 83 20 114 11 85 96 120 3 9 121 90 37 43 105 67 72 63 33 70 102 77 87 94 106 25 69 21 54 125 58 101 23 51 5 30 40 116 13 17 41 111 107 8 22 2 112 75 1 27 73 31 12 29 86 128 91 52 6 19 59 98 49 82 38 103 81 88 126 61 4 15 45 18 109 24 36 100 10 74 47 92 14 26 55 93 
118 76 108 32 56 44 123 16 79 83 20 114 11 85 96 120 3 9 121 90 37 43 105 67 72 63 33 70 102 77 87 94 106 25 69 21 54 125 58 101 23 51 5 30 40 116 13 17 41 111 107 8 22 2 112 75 1 27 73 31 12 29 86 128 91 52 6 19 59 98 49 82 38 103 81 88 126 61 4 15 45 18 109 24 36 100 10 74 47 92 14 26 55 93 
119 76 108 32 56 44 123 16 79 83 20 114 11 85 96 120 3 9 121 90 37 43 105 67 72 63 33 70 102 77 87 94 106 25 69 21 54 125 58 101 23 51 5 30 40 116 13 17 41 111 107 8 22 2 112 75 1 27 73 31 12 29 86 128 91 52 6 19 59 98 49 82 38 103 81 88 126 61 4 15 45 18 109 24 36 100 10 74 47 92 14 26 55 93 
120 76 108 32 56 44 123 16 79 83 20 114 11 85 96 120 3 9 121 90 37 43 105 67 72 63 33 70 102 77 87 94 106 25 69 21 54 125 58 101 23 51 5 30 40 116 13 17 41 111 107 8 22 2 112 75 1 27 73 31 12 29 86 128 91 52 6 19 59 98 49 82 38 103 81 88 126 61 4 15 45 18 109 24 36 100 10 47 92 14 26 55 93 
121 76 108 32 56 44 123 16 79 83 20 114 11 85 96 120 3 9 121 90 37 43 105 67 72 63 33 70 102 77 87 94 106 25 69 21 54 125 58 101 23 51 5 30 40 116 13 17 41 111 107 8 22 2 112 75 1 27 73 31 12 29 86 128 91 52 6 19 59 98 49 82 38 103 81 88 126 61 4 15 45 18 109 24 36 100 10 47 92 14 26 55 93 
122 76 108 32 56 44 123 16 79 83 20 114 11 85 96 120 3 9 121 90 37 43 105 67 72 63 33 70 102 77 87 94 106 25 69 21 54 125 58 101 23 51 5 30 40 116 13 17 41 111 107 8 22 2 112 75 1 27 73 31 12 29 86 128 91 52 6 19 59 98 49 82 38 103 81 88 126 61 4 15 45 18 109 24 36 100 10 47 92 14 26 55 93 
123 76 108 32 56 44 123 16 79 83 20 114 11 85 96 120 3 9 121 90 37 43 105 67 72 63 33 70 102 77 87 94 106 25 69 21 54 125 58 101 23 51 5 30 40 116 13 17 41 111 107 8 22 2 112 1 27 73 31 12 29 86 128 91 52 6 19 59 98 49 82 38 103 81 88 126 61 4 15 45 18 109 24 36 100 10 47 92 14 26 55 93 
124 76 108 32 56 44 123 16 79 83 20 114 11 85 96 120 3 9 121 90 37 43 105 67 72 63 33 70 102 77 87 94 106 25 69 21 54 125 58 101 23 51 5 30 40 116 13 17 41 111 107 8 22 2 112 1 27 73 31 12 29 86 128 91 52 6 19 59 98 49 82 38 103 81 88 126 61 4 15 45 18 109 24 36 100 10 47 92 14 26 55 93 
125 76 108 32 56 44 123 16 20 79 83 114 11 85 96 120 3 9 121 90 37 43 105 67 72 63 33 70 102 77 87 94 106 25 69 21 54 125 58 101 23 51 5 30 40 116 13 17 41 111 107 8 22 2 112 75 1 27 73 31 12 29 86 128 91 52 6 19 59 98 49 82 38 103 126 81 88 61 4 15 45 109 24 36 100 10 74 47 92 14 26 55 93 
126 76 108 32 56 44 123 16 20 79 83 114 11 85 96 120 3 9 121 90 37 43 105 67 72 63 33 70 102 77 87 94 106 25 69 21 54 125 58 101 23 51 5 30 40 116 13 17 41 111 107 8 22 2 112 75 1 27 73 31 12 29 86 128 91 52 6 19 59 98 49 82 38 103 81 88 126 61 4 15 45 109 24 36 100 10 74 47 92 14 26 55 93 
127 76 108 32 56 44 123 16 20 79 83 114 11 85 96 120 3 9 121 90 37 43 105 67 72 63 33 70 102 77 87 94 106 25 69 21 54 125 58 101 23 51 5 30 40 116 13 17 41 111 107 8 22 2 112 75 1 27 73 31 12 29 86 128 91 52 6 19 59 98 49 82 38 103 126 81 88 61 4 15 45 109 24 36 100 10 74 47 92 14 26 55 93 
128 76 108 32 56 44 123 16 20 79 83 114 11 85 96 120 3 9 121 90 37 43 105 67 72 63 33 70 102 77 87 94 106 25 69 21 54 125 58 101 23 51 5 30 40 116 13 17 41 111 107 8 22 2 112 75 1 27 73 31 12 29 86 128 91 52 6 59 98 49 82 38 103 126 81 88 61 4 15 45 109 24 36 100 10 74 47 92 14 26 55 93 
129 76 108 32 56 44 123 16 20 79 83 114 11 85 96 120 3 9 121 90 37 43 105 67 72 63 33 70 102 77 87 94 106 25 69 21 54 125 58 101 23 51 5 30 40 116 13 17 41 111 107 8 22 2 112 75 1 27 73 31 12 29 86 128 91 52 6 59 98 49 82 38 103 126 81 88 61 4 15 45 109 24 36 100 10 74 47 92 14 26 55 93 
130 76 108 32 56 44 123 130 16 20 79 83 114 11 85 96 120 3 9 121 90 37 43 105 67 72 63 33 70 102 77 87 94 106 25 69 21 54 125 58 101 23 51 5 30 40 116 13 17 41 111 107 8 22 2 112 75 1 27 73 31 12 29 86 128 91 52 6 19 59 98 49 82 38 103 126 81 88 61 4 15 45 18 109 24 36 100 10 74 47 92 14 26 55 93 
131 76 108 32 56 44 123 130 16 20 79 83 114 11 85 96 120 3 9 121 90 37 43 105 67 72 63 33 70 102 77 87 94 106 25 69 21 54 125 58 101 23 51 5 30 40 116 13 17 41 111 107 8 22 2 112 75 1 27 73 31 12 29 86 128 91 52 6 19 59 98 49 82 38 103 126 81 88 61 4 15 45 18 109 24 36 100 10 74 47 92 14 26 55 93 
132 76 108 32 56 44 123 130 16 20 79 83 114 11 85 96 120 3 9 121 90 37 43 105 67 72 63 33 70 102 77 87 94 106 25 69 21 54 125 58 101 23 51 5 30 40 116 13 17 41 111 107 8 22 2 112 75 1 27 73 31 12 29 86 128 91 52 6 19 59 98 49 82 38 103 126 81 88 61 4 15 45 18 109 24 36 100 10 74 47 92 14 26 55 132 93 
133 76 108 32 56 44 123 130 16 20 79 83 114 11 85 96 120 3 9 121 90 37 43 105 67 72 63 33 70 102 77 87 94 106 25 69 21 54 125 58 101 23 51 5 30 40 116 13 17 41 111 107 8 22 2 112 75 1 27 73 31 12 29 86 128 91 52 6 19 59 98 133 49 82 38 103 126 81 88 61 4 15 45 18 109 24 36 100 10 74 47 92 14 26 55 132 93 
134 76 20 85 134 120 121 90 67 63 33 102 94 54 125 101 23 5 30 13 17 41 107 112 75 31 12 91 52 59 98 133 82 103 126 61 4 15 18 24 36 74 47 92 26 55 93 108 32 56 44 123 130 16 79 83 114 11 96 3 9 37 43 105 72 70 77 87 106 25 69 21 58 51 40 116 111 8 22 2 1 27 73 29 86 128 6 19 49 38 81 88 45 109 100 10 14 132 
135 76 20 134 85 120 121 90 67 63 33 102 94 54 125 101 23 5 30 13 17 41 107 112 75 31 12 91 52 59 98 133 82 103 126 61 4 15 18 24 36 74 47 92 26 55 93 108 32 56 44 123 130 16 79 83 114 11 96 3 9 37 43 105 72 70 77 87 106 25 69 21 58 51 40 116 111 8 22 2 1 27 73 29 86 128 6 19 49 38 81 88 45 109 100 10 14 132 
136 76 20 134 85 120 121 90 67 63 33 102 94 54 125 101 23 5 30 13 17 41 107 112 75 31 12 91 52 59 98 133 82 103 126 61 4 15 18 24 36 74 47 92 26 55 93 108 32 56 44 123 130 16 79 83 114 11 96 3 9 37 43 105 72 70 77 87 106 25 69 21 58 51 40 116 111 8 22 2 1 27 73 29 86 128 6 19 49 38 81 88 45 109 100 10 14 132 
137 76 108 32 56 44 123 130 16 20 79 83 114 11 85 96 120 3 9 121 90 37 43 105 67 72 63 33 70 102 77 87 94 106 25 69 21 54 125 58 101 23 51 5 30 40 116 13 17 41 111 107 8 22 2 112 75 1 27 73 31 12 29 86 128 91 52 137 6 19 59 98 49 82 38 103 126 81 88 61 4 15 45 18 109 24 36 100 10 74 47 92 14 26 55 93 
138 76 108 32 56 44 123 130 16 20 79 83 114 11 85 96 120 3 9 121 90 37 43 105 67 72 63 33 70 102 77 87 94 106 25 69 21 54 125 58 101 23 51 5 30 40 116 13 17 41 111 107 8 22 2 112 75 1 27 73 31 12 29 86 128 91 137 52 6 19 59 98 49 82 38 103 126 81 88 61 4 15 45 18 109 24 36 100 10 74 47 92 14 26 55 93 
139 76 108 32 56 44 123 130 16 20 79 83 114 11 85 96 120 3 9 121 90 37 43 105 67 72 63 33 70 102 77 87 94 106 25 69 21 54 125 58 101 23 51 5 30 40 116 13 17 41 111 107 8 139 22 2 112 75 1 27 73 31 12 29 86 128 91 137 52 6 19 59 98 49 82 38 103 126 81 88 61 4 15 45 18 109 24 36 100 10 74 47 92 14 26 55 93 
140 76 20 85 120 121 90 67 63 33 102 94 54 125 101 23 5 30 13 17 41 107 139 112 75 31 12 91 52 59 98 82 103 126 61 4 15 140 18 24 36 74 47 92 26 55 93 108 32 56 44 123 130 16 79 83 114 11 96 3 9 37 43 105 72 70 77 87 106 25 69 21 58 51 40 116 111 8 22 2 1 27 73 29 86 128 137 6 19 49 38 81 88 45 109 100 10 14 
141 76 20 85 120 121 90 67 63 33 102 94 54 125 101 23 5 30 13 17 41 107 139 112 75 141 31 12 91 52 59 98 82 103 126 61 4 15 140 18 24 36 74 47 92 26 55 93 108 32 56 44 123 130 16 79 83 114 11 96 3 9 37 43 105 72 70 77 87 106 25 69 21 58 51 40 116 111 8 22 2 1 27 73 29 86 128 137 6 19 49 38 81 88 45 109 100 10 14 
142 76 20 85 120 121 90 67 63 33 102 94 54 125 101 23 5 30 13 17 41 107 139 112 141 75 31 12 91 52 59 98 82 103 126 61 4 15 140 18 24 36 74 47 92 26 55 93 108 32 56 44 123 130 16 79 83 114 11 96 3 9 37 43 105 72 70 77 87 106 25 69 21 58 51 40 116 111 8 22 2 1 27 73 29 86 128 137 6 19 49 38 81 88 45 109 100 10 14 
143 76 20 134 85 120 121 90 67 63 33 102 94 54 125 101 23 5 30 13 17 41 107 139 112 141 75 31 12 91 52 59 98 133 82 103 126 61 4 15 140 18 24 36 74 47 92 26 55 93 108 32 56 44 123 130 16 79 83 114 11 96 3 9 37 43 105 72 70 77 87 106 25 69 21 58 51 40 116 111 8 22 2 1 27 73 29 86 128 137 6 19 49 38 81 88 45 109 100 10 14 132 
144 76 20 134 85 120 121 90 67 63 33 102 94 54 125 101 23 5 30 13 17 41 107 139 112 141 75 31 12 91 52 59 98 133 82 103 126 61 4 15 140 18 24 36 74 47 92 26 55 93 108 32 56 44 123 130 16 79 83 114 11 96 3 9 37 43 105 72 70 77 87 106 25 69 21 58 51 40 116 111 8 22 2 1 27 73 29 86 128 137 6 19 49 38 81 88 45 109 100 10 14 132 
