1 1 
2 2 1 
3 3 2 1 
4 3 4 2 1 6 7 
5 3 4 2 1 6 7 
6 3 4 2 1 6 7 
7 3 4 2 1 6 7 
8 3 4 2 1 6 7 
9 3 4 2 1 6 7 
10 3 4 10 2 1 6 7 
11 4 10 2 1 11 6 7 
12 4 15 10 2 12 1 11 14 6 7 
13 4 15 10 2 12 1 11 14 6 7 
14 4 15 10 2 12 1 11 14 6 7 
15 4 15 10 2 12 1 11 14 6 
16 4 15 10 2 12 1 11 14 6 
17 4 15 10 2 12 1 11 14 6 
18 4 15 10 2 12 1 11 18 14 6 7 
19 4 15 10 2 12 1 11 18 14 6 7 
20 4 15 10 20 2 12 1 11 18 14 6 7 
21 4 15 10 20 2 12 1 11 18 14 6 7 
22 4 15 10 20 2 12 1 11 18 14 6 7 
23 4 15 10 20 2 12 1 11 18 14 6 7 
