1 1 
2 1 2 
3 1 3 2 
4 1 3 4 2 
5 1 3 4 5 2 
6 1 3 4 5 2 6 
7 1 3 4 5 2 6 7 
8 1 3 8 4 5 2 6 7 
9 1 3 8 9 4 5 6 7 
10 10 1 3 8 9 4 5 6 7 
11 10 1 3 8 9 5 6 11 7 
12 10 12 1 3 8 9 5 6 11 7 
13 10 12 1 3 8 9 5 6 11 7 13 
14 10 12 1 3 8 9 14 5 6 11 7 13 
15 10 1 14 6 11 7 12 3 8 9 5 15 13 
16 10 1 16 14 6 11 7 12 3 8 5 15 13 
17 10 1 16 14 17 6 11 7 12 3 8 5 15 13 
18 10 18 1 16 14 17 6 7 12 3 8 5 15 13 
19 10 18 1 16 14 17 6 7 19 12 3 8 5 15 13 
20 10 18 1 16 14 17 6 20 7 19 12 3 8 5 15 13 
21 10 18 21 1 16 14 17 6 20 7 19 12 3 8 5 15 13 
22 10 18 21 1 16 14 17 6 20 7 19 22 12 3 8 5 15 13 
23 10 18 21 1 14 23 17 6 20 7 19 22 12 3 8 5 15 13 
24 10 18 21 1 14 23 17 6 20 7 19 22 12 3 8 24 5 15 13 
25 10 21 1 25 14 23 17 6 20 7 19 22 12 3 8 24 5 15 13 
26 10 21 1 25 14 23 17 6 20 7 19 22 12 3 8 26 24 5 15 13 
27 10 21 1 25 14 23 17 6 20 7 19 22 12 3 8 26 27 24 5 15 13 
28 10 28 21 1 25 14 23 17 6 20 7 19 22 12 3 8 26 27 24 5 15 13 
29 10 28 21 1 25 14 23 29 17 6 20 7 19 22 12 3 8 26 27 24 5 15 13 
30 10 28 21 1 25 14 30 29 17 6 20 7 19 22 12 3 8 26 27 24 5 15 13 
31 10 28 21 1 25 14 30 29 17 6 20 7 19 22 12 3 8 26 31 27 24 5 15 13 
32 10 28 21 1 14 30 29 17 6 20 7 19 22 12 3 8 26 31 27 32 24 5 15 13 
33 28 1 30 17 6 22 8 26 31 24 15 10 21 14 29 33 20 7 19 12 3 27 32 5 13 
34 28 1 30 17 6 22 8 26 31 24 15 10 21 14 29 33 20 7 19 12 3 27 32 5 34 13 
35 28 1 30 17 6 22 8 35 26 31 24 15 10 21 14 29 33 20 7 19 12 3 27 32 5 34 13 
36 28 1 30 17 6 22 8 35 26 31 24 15 10 21 14 29 33 20 7 19 12 3 27 32 5 36 34 13 
37 28 1 17 6 22 8 35 26 31 24 37 15 10 21 14 29 33 20 7 19 12 3 27 32 5 36 34 13 
38 28 1 17 6 22 38 8 35 26 31 24 37 15 10 21 14 29 33 20 7 19 12 3 27 32 5 36 34 13 
39 28 1 17 6 22 38 8 35 26 31 39 24 37 15 10 21 14 29 33 20 7 19 12 3 27 32 5 36 34 13 
40 28 1 17 6 22 38 8 35 26 31 39 24 37 15 10 21 14 29 33 20 7 19 12 3 40 27 32 5 36 34 13 
41 28 1 17 6 22 38 8 35 26 31 39 24 15 10 21 14 29 33 20 7 19 12 3 40 27 32 41 5 36 34 13 
42 28 1 17 6 22 38 8 35 26 31 39 24 42 15 10 21 14 29 33 20 7 19 12 3 40 27 32 41 5 36 34 13 
43 28 1 17 6 22 38 8 35 26 31 43 39 24 42 15 10 21 14 29 33 20 7 19 12 3 40 27 32 41 5 36 34 13 
44 28 1 17 6 44 22 38 8 35 26 31 43 39 24 42 15 10 21 14 29 33 20 7 19 12 3 40 27 32 41 5 36 34 13 
45 28 1 17 6 44 22 38 45 8 35 26 31 43 39 24 42 15 10 21 14 29 33 20 7 19 12 3 40 27 32 5 36 34 13 
46 28 1 17 6 44 22 38 45 8 35 26 31 43 39 24 42 15 10 21 14 29 33 20 7 19 12 3 46 40 27 32 5 36 34 13 
47 28 1 47 17 6 44 22 38 45 8 35 26 31 43 39 24 42 15 10 21 14 29 33 20 7 19 12 3 46 40 27 5 36 34 13 
48 28 1 47 17 6 44 22 38 45 8 35 26 31 43 39 24 42 15 10 21 14 29 33 20 7 19 12 3 46 48 40 27 5 36 34 13 
49 28 1 47 49 17 6 44 22 38 45 8 35 26 31 43 39 24 42 15 10 21 14 29 33 20 7 19 12 3 46 48 40 27 5 36 34 13 
50 28 1 47 49 17 6 44 22 38 45 8 35 26 31 43 39 24 42 15 10 21 14 29 33 20 50 7 19 12 3 46 48 40 27 5 36 34 13 
51 28 1 47 49 17 6 44 22 38 45 51 8 35 26 31 43 39 24 42 15 10 21 14 29 33 20 50 7 19 12 3 46 48 40 27 5 36 34 13 
52 28 1 47 49 17 6 44 22 38 51 8 35 26 31 43 39 24 42 15 10 21 14 29 33 20 50 7 19 52 12 3 46 48 40 27 5 36 34 13 
53 28 1 47 49 17 6 44 22 38 51 8 35 26 31 43 39 24 42 15 10 21 14 29 33 20 50 7 19 52 12 3 46 48 40 27 5 36 34 13 
