1 1 
2 1 2 
3 1 3 2 
4 1 4 3 2 
5 1 4 3 2 
6 6 1 4 3 2 
7 7 6 1 4 3 2 
8 7 6 1 4 3 2 8 
9 7 6 1 4 3 2 8 
10 7 6 1 4 3 2 8 10 
11 7 6 1 4 3 2 8 10 
12 7 12 6 1 4 3 2 8 10 
13 7 12 6 1 4 3 13 2 8 10 
14 7 12 6 1 4 3 14 13 2 8 10 
15 7 12 6 1 4 3 14 13 2 8 10 
16 7 12 6 1 4 3 16 14 13 2 8 10 
17 7 12 6 1 4 3 16 14 13 2 8 10 
18 1 18 14 13 2 8 7 12 6 4 3 16 10 
19 1 18 14 13 2 8 7 12 6 4 3 19 16 10 
20 1 18 14 13 2 8 7 12 6 20 4 3 19 16 10 
21 1 18 14 13 2 8 7 12 6 20 4 3 19 16 10 
22 1 18 14 13 2 8 7 12 6 20 4 3 19 16 22 10 
23 1 18 14 13 2 8 7 12 6 20 4 3 19 16 22 10 
24 1 18 14 13 2 8 7 12 24 6 20 4 3 19 16 22 10 
25 1 18 25 14 13 2 8 7 12 24 6 20 4 3 19 16 22 10 
26 1 18 25 14 13 2 8 7 12 24 6 20 4 26 3 19 16 22 10 
27 1 18 25 14 13 2 8 7 12 24 6 20 4 26 3 19 16 22 10 
28 1 18 25 14 13 2 8 7 12 24 6 20 4 26 3 19 16 22 10 
