1 1 
2 1 2 
3 1 2 
4 1 2 
5 5 1 2 
6 5 1 2 
7 5 7 1 2 
8 5 7 8 1 2 
9 5 7 8 1 2 
10 5 7 1 2 10 
11 5 7 8 1 2 11 10 
12 5 7 8 1 2 12 11 10 
13 5 7 8 1 2 13 12 11 10 
14 5 7 8 1 2 13 12 14 11 10 
15 5 7 8 1 2 13 12 14 11 10 
16 5 7 8 1 2 13 14 16 11 10 
17 5 7 8 1 2 13 14 16 10 17 
18 5 7 8 1 2 13 14 16 10 17 
19 5 7 8 1 2 13 12 14 11 10 19 
20 5 7 8 1 20 2 13 12 14 11 10 19 
21 5 7 8 1 20 2 13 12 14 11 10 19 
22 5 7 8 1 20 2 13 14 11 22 10 19 
23 5 7 8 1 20 2 13 14 22 23 10 19 
24 7 8 20 13 11 22 10 17 5 1 2 14 12 16 23 19 24 
25 7 8 20 13 11 22 10 17 5 1 2 14 12 16 23 19 24 
26 7 8 20 13 11 10 17 5 1 2 14 23 26 19 24 
27 7 8 20 13 27 10 5 1 2 14 26 19 24 
28 7 8 20 13 11 22 27 10 17 5 1 2 14 12 16 23 26 28 19 24 
29 7 8 20 13 11 22 27 10 17 5 1 2 29 14 12 16 23 26 28 19 24 
30 7 8 20 13 11 22 27 10 17 30 5 1 2 29 14 12 16 23 26 28 19 24 
31 7 8 20 13 11 22 27 10 17 30 5 1 2 29 14 12 16 23 26 28 19 24 
32 7 8 20 13 11 27 10 17 30 5 1 2 29 14 23 28 32 19 24 
33 7 8 20 13 11 27 10 17 30 5 1 2 29 14 23 28 32 19 24 
34 7 8 20 13 11 22 27 10 17 30 34 5 1 2 29 14 12 16 23 26 28 19 24 
35 7 8 20 13 11 22 27 10 17 30 34 5 1 2 29 14 12 35 16 23 26 28 19 24 
36 7 8 20 13 11 22 27 10 17 30 34 5 1 2 29 14 12 35 16 23 26 28 19 24 
37 8 20 11 37 10 1 2 29 14 35 23 26 28 19 7 13 22 27 17 30 34 5 12 16 24 
38 8 20 11 37 10 1 2 29 14 35 23 26 28 38 19 7 13 22 27 17 30 34 5 12 16 24 
39 8 7 20 13 22 37 10 39 30 34 5 1 2 29 14 35 12 16 26 28 38 19 24 
40 8 7 20 13 37 10 39 30 34 40 5 1 2 29 14 35 28 38 19 24 
41 41 8 7 20 13 37 10 39 30 34 40 5 1 2 29 14 35 28 38 19 24 
42 41 8 7 20 13 37 10 39 30 34 40 5 1 2 29 14 35 28 38 19 24 
43 41 8 7 20 13 37 10 39 30 34 40 43 5 1 2 29 14 35 28 38 19 24 
44 41 8 7 20 13 37 44 10 39 30 34 40 43 5 1 2 29 14 35 28 38 19 24 
45 41 8 7 20 13 37 44 10 39 30 34 43 5 1 2 29 14 35 45 28 38 19 24 
46 41 8 7 20 13 37 44 10 30 34 43 5 46 1 2 29 14 35 45 28 38 19 24 
47 8 20 37 44 10 43 46 1 2 29 14 35 28 38 19 41 7 13 39 30 34 40 5 47 45 24 
48 8 20 37 44 10 43 46 1 2 29 14 35 28 38 19 41 7 13 39 30 34 40 5 47 48 45 24 
49 8 20 37 44 10 43 46 1 2 29 14 35 28 38 19 41 7 13 39 30 34 40 5 47 48 45 24 
50 8 20 37 44 10 43 46 1 2 29 14 35 28 38 19 41 7 13 50 39 30 34 40 5 47 48 45 24 
51 8 20 37 44 10 43 46 1 2 29 14 35 28 38 19 41 7 13 50 39 30 34 40 5 47 48 45 24 
52 8 20 37 44 10 43 1 2 29 14 35 28 38 19 41 7 13 50 30 34 40 52 5 47 48 45 24 
53 8 20 37 44 10 43 1 2 29 14 35 28 38 19 41 7 13 50 30 34 52 5 47 48 24 53 
54 8 20 37 44 10 43 1 2 29 14 35 28 38 19 41 7 13 50 30 34 52 5 47 48 24 53 
55 8 20 37 44 10 43 46 1 2 29 14 35 28 38 19 41 7 13 39 30 34 40 5 47 48 45 24 55 
56 8 20 37 44 10 43 46 1 2 29 14 35 28 38 19 41 7 13 39 30 34 40 5 47 48 45 24 55 56 
57 8 20 37 44 10 43 46 1 2 29 14 35 28 38 19 41 7 13 39 30 34 40 5 47 48 45 24 55 56 
58 8 20 37 44 10 43 46 1 2 29 14 35 28 38 19 58 41 7 13 39 30 34 40 5 47 48 45 24 55 56 
59 8 20 37 44 10 43 46 1 2 29 14 35 28 38 19 58 41 7 13 39 30 34 40 5 47 48 45 24 55 56 
60 8 20 37 44 10 43 46 1 2 29 14 35 28 38 19 58 41 7 13 39 30 34 5 47 60 48 24 55 56 
61 8 20 37 44 10 43 1 2 29 14 35 28 38 19 58 41 7 13 30 34 5 47 60 48 61 24 55 56 
62 8 20 11 37 44 10 43 46 1 2 29 14 35 23 26 28 38 19 58 41 7 13 62 22 50 27 39 17 30 34 40 52 5 47 60 12 48 16 45 61 24 53 55 56 
63 8 20 11 37 44 10 43 46 1 2 29 14 35 23 26 28 38 19 58 41 7 13 62 22 50 27 39 17 30 34 40 52 5 47 60 12 48 16 45 61 24 53 55 56 
64 8 20 11 37 44 10 43 46 1 2 29 14 35 23 26 28 38 19 58 41 7 13 62 22 50 27 39 17 30 34 40 52 64 5 47 60 12 48 16 45 61 24 53 55 56 
65 8 20 11 37 44 10 43 46 1 2 29 14 35 23 26 28 38 19 58 41 7 13 62 22 50 27 39 17 30 34 40 52 64 5 47 60 12 48 16 45 61 24 53 55 56 
66 8 20 11 37 44 10 43 46 1 2 29 14 35 23 26 28 38 19 66 58 41 7 13 62 22 50 27 39 17 30 34 40 52 64 5 47 60 12 48 16 45 61 24 53 55 56 
67 8 20 11 37 44 10 67 43 46 1 2 29 14 35 23 26 28 38 19 66 58 41 7 13 62 22 50 27 39 17 30 34 40 52 64 5 47 60 12 48 16 45 61 24 53 55 56 
68 8 20 11 37 44 10 67 43 46 1 2 29 14 35 23 26 28 38 19 66 68 58 41 7 13 62 22 50 27 39 17 30 34 40 52 64 5 47 60 12 48 16 45 61 24 53 55 56 
69 8 20 69 37 44 10 67 43 1 2 29 14 35 26 28 38 19 66 68 58 41 7 13 62 22 50 30 34 40 64 5 47 60 12 48 16 45 24 53 55 56 
70 8 20 69 37 44 10 67 43 1 2 29 14 35 26 28 38 19 66 68 58 41 7 13 62 22 50 30 34 40 64 5 47 60 12 48 16 45 24 53 55 56 
71 8 20 11 37 44 10 43 46 1 2 29 14 35 23 26 28 38 19 58 71 41 7 13 62 22 50 27 39 17 30 34 40 52 64 5 47 60 12 48 16 45 61 24 53 55 56 
72 8 20 11 72 37 44 10 43 46 1 2 29 14 35 23 26 28 38 19 58 71 41 7 13 62 22 50 27 39 17 30 34 40 52 64 5 47 60 12 48 16 45 61 24 53 55 56 
73 8 20 72 37 44 10 73 43 1 2 29 14 35 26 28 38 19 58 71 41 7 13 62 22 50 30 34 40 64 5 47 60 12 48 16 45 24 53 55 56 
74 8 20 69 72 37 44 10 73 67 43 1 2 29 14 35 26 28 38 19 66 68 58 71 41 7 13 62 22 50 30 34 40 64 5 47 60 12 48 16 45 74 24 53 55 56 
75 8 20 69 72 37 44 10 73 67 43 1 2 29 14 35 26 28 38 19 66 68 58 71 41 7 13 62 22 50 30 34 40 64 5 47 60 12 48 16 45 74 24 53 55 56 
76 8 20 69 72 37 44 10 73 67 43 1 2 29 14 35 26 28 38 19 66 68 58 71 41 7 13 62 22 76 50 30 34 40 64 5 47 60 12 48 16 45 74 24 53 55 56 
77 8 20 69 77 72 37 44 10 73 67 43 1 2 29 14 35 26 28 38 19 66 68 58 71 41 7 13 62 22 76 50 30 34 40 64 5 47 60 12 48 16 45 74 24 53 55 56 
78 8 20 69 77 72 37 44 10 73 67 78 43 1 2 29 14 35 26 28 38 19 66 68 58 71 41 7 13 62 22 76 50 30 34 40 64 5 47 60 12 48 16 45 74 24 53 55 56 
79 8 20 69 77 72 37 44 10 73 67 78 43 1 2 29 14 35 28 38 19 66 68 58 71 41 7 13 79 62 76 50 30 34 64 5 47 48 74 24 55 56 
80 8 20 69 77 72 37 44 10 73 67 78 43 1 2 29 14 35 28 38 19 66 68 58 71 41 7 13 79 62 76 50 30 34 64 5 47 48 74 24 55 56 
81 8 20 69 72 37 81 44 10 73 67 43 1 2 29 14 35 26 28 38 19 66 68 58 71 41 7 13 62 22 50 30 34 40 64 5 47 60 12 48 16 45 74 24 53 55 56 
82 8 20 69 72 37 81 44 10 73 67 82 43 1 2 29 14 35 26 28 38 19 66 68 58 71 41 7 13 62 22 50 30 34 40 64 5 47 60 12 48 16 45 74 24 53 55 56 
83 8 20 69 83 72 37 81 44 10 73 67 82 43 1 2 29 14 35 28 38 19 66 68 58 71 41 7 13 62 50 30 34 64 5 47 48 74 24 55 56 
84 8 20 69 83 72 37 81 44 10 73 67 82 43 1 2 29 14 35 28 38 19 66 68 58 71 41 7 13 62 50 30 34 64 5 47 48 74 24 55 56 
85 8 20 11 37 44 10 43 46 1 2 29 14 35 23 26 28 38 19 58 41 7 13 62 22 50 27 39 17 30 34 40 52 5 47 60 85 12 48 16 45 61 24 53 55 56 
86 8 20 11 37 44 10 43 46 1 2 29 14 35 23 26 28 38 19 58 41 7 13 62 22 50 27 39 17 30 34 40 52 5 47 60 85 12 48 86 16 45 61 24 53 55 56 
87 8 20 37 44 10 43 87 1 2 29 14 35 26 28 38 19 58 41 7 13 62 22 50 30 34 40 5 47 60 85 12 48 86 16 45 24 53 55 56 
88 8 20 37 44 10 43 87 1 2 29 14 35 26 28 38 19 58 41 7 13 62 22 50 30 34 40 5 47 60 85 88 12 48 86 16 45 24 53 55 56 
89 8 20 37 44 10 43 87 1 2 29 14 35 26 28 38 89 19 58 41 7 13 62 22 50 30 34 40 5 47 60 85 88 12 48 86 16 45 24 53 55 56 
90 8 20 37 44 10 43 87 1 2 29 14 35 28 38 89 19 58 41 7 13 62 50 30 34 5 47 85 88 48 86 24 55 56 90 
91 8 69 83 77 11 81 43 87 29 14 23 28 89 68 58 71 13 50 64 5 47 48 74 24 55 56 20 72 37 44 10 73 67 78 82 1 2 35 38 19 66 41 7 79 62 76 91 27 17 30 34 85 88 86 32 90 
92 8 69 83 77 11 81 43 87 29 14 23 28 89 68 58 71 13 50 64 5 47 48 74 24 55 56 20 72 37 44 10 73 67 78 82 1 2 35 38 19 66 41 7 79 62 76 91 27 17 30 34 85 88 86 32 90 
93 8 69 83 77 11 81 43 87 29 14 23 28 89 68 58 71 13 50 64 5 47 48 74 24 55 56 20 72 37 44 10 73 67 78 82 1 2 35 38 19 66 41 7 79 62 76 91 27 17 30 34 85 88 86 32 90 
94 8 69 83 77 11 81 43 87 29 14 23 28 89 68 58 71 13 50 64 5 47 48 74 24 55 56 20 72 37 44 10 73 67 78 82 1 2 35 38 19 66 41 7 79 62 76 91 27 17 30 34 85 88 86 32 90 
