1 1 
2 1 2 
3 1 2 3 
4 1 4 2 3 
5 5 1 4 2 3 
6 5 1 4 2 3 6 
7 5 1 4 2 3 6 
8 5 1 4 2 3 6 8 
9 5 1 4 2 3 6 9 8 
10 5 1 4 2 3 6 9 8 
11 5 11 1 4 2 3 6 9 8 
12 5 11 1 12 4 2 3 6 9 8 
13 5 11 1 12 4 2 3 6 9 13 8 
14 5 11 1 12 4 2 3 6 9 13 8 
15 5 11 1 12 4 2 3 6 9 13 8 
16 5 1 4 2 3 6 
17 5 1 4 2 3 6 17 
18 5 1 4 2 3 6 18 17 
19 5 1 4 2 3 6 18 17 
20 5 1 4 2 3 6 18 17 20 
21 5 1 4 2 3 6 18 17 20 21 
22 5 1 4 2 3 6 18 22 17 20 21 
23 5 1 4 2 3 6 18 22 17 20 21 
24 5 1 4 2 3 6 18 22 17 20 21 
25 5 1 4 2 3 6 25 
26 5 1 4 2 3 6 26 25 
27 5 1 4 2 3 6 26 27 25 
28 5 1 4 2 3 6 26 27 25 28 
29 5 1 4 2 3 6 26 27 25 28 
