1 1 
2 1 2 
3 1 2 
4 1 4 2 
5 1 4 5 2 
6 1 4 5 6 2 
7 1 4 5 6 7 2 
8 1 4 5 14 6 7 13 11 10 2 
9 1 4 5 14 6 7 13 11 10 2 
10 1 4 5 14 6 7 13 11 10 2 
11 1 4 5 14 6 7 13 11 10 2 
12 1 4 5 14 6 7 13 11 10 2 
13 1 5 14 6 7 13 11 10 2 
14 1 4 5 14 6 13 11 10 2 
15 1 4 5 14 6 13 11 10 2 
16 1 4 5 14 6 7 13 11 10 2 
17 1 4 5 14 6 7 13 11 10 2 17 
18 1 4 5 14 6 7 13 11 10 2 17 
19 1 4 5 14 6 7 13 11 10 2 17 
20 1 4 5 14 6 7 13 11 10 2 17 
21 1 4 5 14 6 7 13 11 10 2 17 
22 1 4 5 14 6 7 13 11 10 2 17 
23 1 4 5 14 6 7 13 11 10 2 17 
