1 1 
2 1 2 
3 1 2 3 
4 1 2 3 
5 1 2 3 5 
6 1 2 6 3 5 
7 1 2 6 3 7 5 
8 8 1 2 6 3 7 5 
9 8 1 2 6 3 9 7 5 
10 8 10 1 2 6 3 9 7 5 
11 8 10 1 2 6 3 9 7 11 5 
12 17 8 10 1 2 6 3 9 7 11 5 13 
13 17 8 10 1 2 6 3 9 7 11 5 13 
14 17 8 10 1 2 6 3 9 7 11 5 13 
15 17 8 10 15 1 2 6 3 9 7 11 13 
16 17 8 10 15 1 2 6 3 9 7 11 13 
17 17 8 1 2 6 3 9 7 11 5 13 
18 17 8 1 2 6 3 9 7 11 5 13 
19 8 15 1 2 6 3 9 7 11 5 13 17 10 
20 8 15 20 1 2 6 3 9 7 11 5 13 17 10 
21 8 15 20 1 2 6 3 9 7 11 5 13 17 10 
22 8 15 20 1 2 6 3 9 22 7 11 5 13 17 10 
23 8 15 20 1 2 6 3 9 22 7 11 5 13 17 10 
24 8 20 1 2 6 3 9 22 7 11 24 13 17 10 
25 8 20 1 2 6 3 9 22 7 11 24 13 25 
26 8 20 1 2 6 3 9 22 7 11 24 13 26 25 
27 8 20 27 1 2 6 3 9 22 7 24 13 26 25 
28 8 20 27 1 2 6 34 3 9 22 32 7 24 31 13 30 38 26 25 29 
29 8 20 27 1 2 6 34 3 9 22 32 7 24 31 13 30 38 26 25 29 
30 8 20 27 1 2 6 34 3 9 22 32 7 24 31 13 38 30 26 25 29 
31 8 20 27 1 2 6 34 3 22 32 7 24 31 13 30 38 26 25 29 
32 8 20 27 1 2 6 34 3 22 32 7 24 31 13 30 38 26 25 29 
33 8 20 27 1 2 6 34 3 22 32 7 24 31 13 30 38 26 25 29 
34 8 20 27 1 2 6 34 3 22 32 7 24 31 13 30 38 26 25 29 
35 8 20 27 1 2 6 34 3 22 32 7 24 31 13 30 38 26 25 29 
36 8 20 27 36 1 2 6 34 3 22 32 7 31 13 30 38 26 25 29 
37 8 20 27 36 1 2 6 34 3 22 32 7 31 13 30 38 26 25 29 
38 8 20 27 1 2 6 34 3 22 32 7 24 31 13 30 38 26 29 
39 8 20 27 1 2 6 34 3 22 32 7 24 31 13 30 38 26 29 
40 8 20 27 36 1 2 6 34 3 9 22 32 7 24 31 13 30 38 26 25 29 
41 8 20 27 36 1 2 6 34 41 3 9 22 32 7 24 31 13 30 26 29 
42 8 20 27 36 1 2 42 6 34 41 3 9 22 32 7 24 31 13 30 26 29 
43 8 20 36 1 2 42 6 34 41 3 9 22 32 7 24 31 13 30 26 29 43 
44 1 42 34 9 22 32 31 51 48 8 20 36 2 45 6 41 3 46 7 24 13 30 47 26 29 43 
45 1 42 34 9 22 32 31 51 48 8 20 36 2 45 6 41 3 46 7 24 13 30 47 26 29 43 
46 1 42 34 9 22 32 31 51 48 8 20 36 2 45 6 41 3 46 7 24 13 30 47 26 29 43 
47 8 20 36 1 42 2 45 34 6 41 22 3 32 46 7 24 13 30 47 26 29 51 48 43 
48 8 20 36 1 2 42 45 6 34 41 3 22 46 7 24 13 30 47 26 29 51 43 48 
49 8 20 36 1 2 42 45 6 34 41 3 22 46 7 24 13 30 47 26 29 51 43 48 
50 8 20 36 1 2 42 45 6 34 41 3 22 46 7 24 13 30 47 26 29 51 43 48 
51 8 20 36 1 2 42 45 6 34 3 22 46 7 24 13 30 47 26 29 51 43 48 
52 8 20 36 1 2 42 45 6 34 3 22 46 7 24 13 30 47 26 29 51 43 48 
53 53 1 42 34 9 22 32 31 51 48 8 20 36 2 45 6 41 3 46 7 24 13 30 47 26 29 43 
54 53 1 42 34 9 22 32 31 51 48 8 20 36 2 45 6 41 3 46 7 24 13 30 47 26 29 43 
55 53 1 42 34 9 22 32 31 38 25 51 48 8 20 27 36 2 45 6 41 3 46 7 24 13 30 47 26 29 43 
