1 1 
2 1 
3 1 
4 1 4 
5 1 4 
6 1 6 4 
7 1 6 7 4 
8 1 6 7 8 4 
9 1 6 7 8 4 
10 18 1 19 6 10 7 17 13 20 8 4 16 
11 18 1 19 6 10 7 17 13 20 8 4 16 
12 18 1 19 6 10 7 17 13 20 8 4 16 
13 18 1 19 10 7 17 13 20 8 4 16 
14 18 1 19 10 7 17 13 20 8 4 16 
15 18 1 19 6 10 7 17 13 20 8 4 16 
16 18 1 19 6 10 7 17 13 20 8 4 16 
17 18 1 19 6 10 7 17 13 20 8 4 16 
18 18 1 19 6 10 7 17 13 20 8 4 16 
19 18 1 19 6 10 7 17 13 20 8 4 16 
20 18 1 19 6 10 7 17 13 20 8 4 16 
21 18 1 19 6 10 7 17 13 20 8 4 16 
22 18 1 19 6 10 7 17 13 20 8 4 16 
23 18 1 19 6 10 7 17 13 20 8 4 16 
24 24 19 6 7 20 4 18 1 10 17 13 8 16 
25 24 19 6 7 20 4 18 1 10 17 13 8 16 
