1 1 
2 2 1 
3 3 2 1 
4 3 2 4 1 
5 3 2 4 1 5 
6 3 2 4 1 6 5 
7 7 3 2 4 1 6 5 
8 7 3 2 4 1 6 5 
9 7 3 2 9 4 1 6 5 
10 7 3 2 9 10 4 1 6 5 
11 7 3 2 9 10 11 4 1 6 5 
12 7 3 2 9 10 11 4 1 6 5 
13 7 3 2 9 11 4 1 6 13 5 
14 7 3 2 9 11 4 1 6 13 5 
15 15 7 3 2 9 10 11 4 1 6 5 
16 15 7 3 2 9 10 11 4 1 6 5 
17 15 7 3 2 9 11 4 1 6 5 17 
18 7 3 2 9 11 4 6 17 15 10 1 13 18 5 
19 7 3 2 9 11 4 6 17 15 10 19 1 13 18 5 
20 7 3 2 9 11 4 6 17 15 10 19 1 13 18 5 20 
21 7 3 2 9 21 11 4 6 17 15 10 19 1 13 18 5 20 
22 7 3 2 9 21 11 4 6 17 15 10 19 1 13 18 5 20 
23 7 3 2 9 11 4 6 17 15 10 19 23 1 13 18 5 20 
24 7 3 2 9 21 11 4 6 17 15 24 10 19 23 1 13 18 5 20 
25 25 7 3 2 9 21 11 4 6 17 15 24 10 19 23 1 13 18 5 20 
26 25 7 3 2 9 26 21 11 4 6 17 15 24 10 19 23 1 13 18 5 20 
27 25 7 3 2 9 26 21 11 4 6 17 15 24 10 27 19 23 1 13 18 5 20 
28 25 7 3 2 9 26 21 11 4 6 17 15 28 24 10 27 19 23 1 13 18 5 20 
29 25 7 3 2 9 26 21 11 4 6 17 15 28 24 10 27 29 19 23 1 13 18 5 20 
30 25 7 3 2 9 26 21 11 4 6 17 15 28 24 10 27 29 19 23 1 13 18 5 20 
31 25 2 9 26 21 6 15 24 31 18 20 7 3 11 4 17 28 10 27 29 19 23 1 13 5 
32 25 2 9 26 21 6 15 24 31 18 20 7 3 11 4 17 28 10 32 27 29 19 23 1 13 5 
33 25 2 9 26 21 6 15 24 31 33 18 20 7 3 11 4 17 28 10 32 27 29 19 23 1 13 5 
34 25 2 9 26 21 6 15 24 31 33 18 20 7 3 11 4 17 28 10 32 27 29 19 23 1 13 5 
35 25 2 9 26 21 6 15 24 31 33 18 20 7 3 11 4 17 28 10 32 27 29 19 23 1 13 5 
36 25 2 9 36 26 21 6 15 24 18 20 7 3 11 4 17 28 10 27 29 19 23 1 13 5 
37 25 2 9 36 26 21 6 15 24 18 20 7 3 11 4 17 28 10 27 29 19 23 1 13 5 
38 25 2 9 36 26 21 6 15 24 31 33 18 20 7 3 11 4 17 28 10 32 27 29 19 23 1 13 5 
