1 1 
2 1 2 
3 3 1 2 
4 3 1 4 2 
5 3 1 4 2 
6 3 1 6 4 2 
7 3 1 6 4 2 7 
8 3 1 6 4 2 7 
9 3 1 6 4 2 9 7 
10 3 1 6 4 2 9 10 7 
11 3 1 6 4 2 9 10 7 
12 3 1 12 6 4 2 9 10 7 
13 3 13 1 12 6 4 2 9 10 7 
14 3 13 1 14 12 6 4 2 9 10 7 
15 3 13 15 1 14 12 6 4 2 9 10 7 
16 3 13 15 1 14 12 6 4 2 9 10 7 
17 3 13 15 1 14 12 6 4 2 9 10 7 
18 3 18 1 6 4 2 7 
19 3 18 1 6 4 2 7 19 
20 3 18 1 6 4 2 7 19 
21 3 18 21 1 6 4 2 7 19 
22 3 18 21 1 6 4 22 2 7 19 
23 3 23 18 21 1 6 4 22 2 7 19 
24 3 23 18 21 1 6 4 22 2 7 19 
25 3 23 18 21 1 6 4 22 2 7 19 
26 3 23 18 21 26 1 6 4 22 2 7 19 
27 3 18 26 1 27 6 2 7 23 21 4 22 19 
28 3 18 26 1 27 6 2 7 23 21 4 22 19 
29 3 18 26 1 27 6 2 7 29 23 21 4 22 19 
30 3 18 26 1 27 6 2 7 29 30 23 21 4 22 19 
31 3 18 26 1 27 6 2 7 29 30 23 21 4 22 19 
32 3 18 26 1 27 6 2 7 29 30 23 21 4 22 19 
33 3 18 26 1 27 6 2 7 29 30 23 21 4 22 19 
