1 1 
2 1 2 
3 1 2 
4 1 2 
5 1 2 5 
6 1 2 5 
7 1 2 5 
8 1 2 5 8 
9 1 2 5 8 
10 1 2 5 8 
11 1 2 5 8 11 
12 1 2 12 5 8 11 
13 1 2 12 13 5 8 11 
14 1 2 12 13 14 5 8 11 
15 1 2 12 13 14 5 8 11 
16 1 2 12 13 14 5 8 11 
17 17 1 2 12 13 14 5 8 11 
18 17 1 2 12 13 14 5 8 18 11 
19 17 1 2 12 13 14 19 5 8 18 11 
20 17 1 2 12 13 14 19 5 8 18 11 
21 17 1 2 12 13 14 19 5 8 18 11 
22 17 1 2 12 13 14 19 22 5 8 18 11 
23 17 1 12 14 5 11 2 13 19 22 8 18 23 
24 17 1 12 14 5 24 11 2 13 19 22 8 18 23 
25 17 1 12 14 5 24 11 2 13 19 22 8 18 23 
26 17 1 12 14 5 24 11 2 13 19 22 8 18 23 
27 17 27 1 12 14 5 24 11 2 13 19 22 8 18 23 
28 17 27 1 12 14 5 24 28 11 2 13 19 22 8 18 23 
29 17 27 1 12 14 5 24 28 11 2 29 13 19 22 8 18 23 
30 17 27 1 12 14 5 24 28 11 2 29 13 19 22 8 18 23 
31 17 27 1 12 14 5 24 28 11 2 29 13 19 22 8 18 23 
32 17 27 1 12 32 14 5 24 28 11 2 29 13 19 22 8 18 23 
33 17 27 1 12 32 14 5 24 28 11 33 2 29 13 19 22 8 18 23 
34 17 27 1 12 32 14 5 24 34 28 11 33 2 29 13 19 22 8 18 23 
35 17 27 1 12 32 14 5 24 34 28 11 33 2 29 13 19 22 8 18 23 
36 17 27 1 12 32 14 5 24 34 28 11 33 2 29 13 19 22 8 18 23 
37 17 27 1 12 32 14 5 24 34 28 11 33 2 29 13 19 22 37 8 18 23 
38 17 27 1 12 32 14 5 24 34 28 11 38 33 2 29 13 19 22 37 8 18 23 
39 17 27 1 12 32 14 5 24 34 28 11 38 39 33 2 29 13 19 22 37 8 18 23 
40 17 27 1 12 32 14 5 24 34 28 11 38 39 33 2 29 13 19 22 37 8 18 23 
41 17 27 1 12 32 14 5 24 34 28 11 38 39 33 2 29 13 19 22 37 8 18 23 
42 17 27 1 12 32 14 5 24 34 28 11 38 39 33 2 29 13 19 22 37 8 18 23 
