1 2 
2 3 
3 4 
4 5 
5 6 
6 7 
7 8 
8 9 
9 10 
10 11 
11 12 
12 13 
13 14 15 
14 
15 16 
16 17 18 
17 
18 19 
19 20 
20 21 
21 22 25 
22 23 
23 24 
24 25 
25 26 
26 27 
27 28 
28 29 
29 30 
30 31 
31 32 
32 33 
33 34 
34 35 
35 36 51 
36 37 
37 38 49 
38 39 
39 40 49 
40 41 
41 42 
42 43 44 
43 44 
44 45 
45 46 48 
46 47 
47 49 
48 49 
49 50 
50 35 
51 52 
52 53 55 
53 54 
54 56 
55 56 
56 57 
57 58 
58 59 
59 60 68 
60 61 62 
61 62 64 
62 63 66 
63 64 66 
64 65 
65 75 
66 67 
67 75 
68 69 70 
69 70 72 
70 71 74 
71 72 74 
72 73 
73 75 
74 75 
75 76 
76 77 81 
77 78 
78 79 
79 80 
80 84 
81 82 
82 83 
83 84 
84 85 
85 86 
86 87 
87 88 
88 89 
89 90 
90 91 96 
91 92 
92 93 
93 94 
94 95 
95 100 
96 97 
97 98 
98 99 
99 100 
100 101 117 
101 102 
102 103 136 
103 104 107 
104 105 
105 106 
106 107 111 
107 108 113 
108 109 
109 110 
110 111 113 
111 112 
112 114 
113 114 
114 115 
115 116 
116 136 
117 118 124 
118 119 
119 120 
120 121 
121 122 123 
122 123 
123 136 
124 125 136 
125 126 
126 127 136 
127 128 
128 129 136 
129 130 
130 131 
131 132 134 
132 133 
133 135 
134 135 
135 136 
136 
