1 1 
2 2 1 
3 2 1 3 
4 2 4 1 3 
5 2 4 5 1 3 
6 2 4 5 1 6 3 
7 2 4 5 1 6 7 3 
8 2 4 5 1 6 7 3 
9 2 4 5 1 9 6 7 3 
10 2 4 5 10 1 9 6 7 3 
11 2 4 5 10 11 1 9 6 7 3 
12 2 4 5 12 10 11 1 9 6 7 3 
13 2 4 5 12 10 11 1 9 13 6 7 3 
14 2 4 5 12 11 1 9 13 6 7 10 14 3 
15 2 4 5 12 11 1 9 13 6 7 15 10 14 3 
16 2 4 5 12 16 11 1 9 13 6 7 15 10 14 3 
17 2 17 4 5 12 16 11 1 9 13 6 7 15 10 14 3 
18 2 17 4 5 12 16 11 1 9 13 6 7 15 10 14 3 
19 2 17 4 5 12 16 19 11 1 9 13 6 7 15 10 14 3 
20 2 17 4 5 12 16 19 11 1 9 13 6 7 15 10 14 3 
21 2 17 4 5 12 16 11 1 9 13 6 7 21 15 10 14 3 
22 2 17 4 5 12 16 11 1 9 13 6 7 21 22 15 10 14 3 
23 2 17 4 5 12 16 11 1 9 13 6 7 21 22 15 10 14 3 
24 2 17 4 5 12 16 11 1 9 13 6 7 21 22 15 10 14 3 
25 2 17 4 5 12 25 16 11 1 9 13 6 7 21 22 15 10 14 3 
26 2 17 4 5 12 25 16 11 1 9 13 6 7 21 22 15 10 14 3 
27 27 2 17 4 5 12 25 16 11 1 9 13 6 7 21 22 15 10 14 3 
28 27 2 17 4 5 12 25 16 11 1 9 13 6 7 21 22 15 10 14 3 
29 2 17 4 5 12 25 16 11 1 9 13 6 7 21 22 15 10 14 29 3 
30 2 17 4 5 12 25 16 11 1 9 13 6 7 21 22 15 10 14 29 3 
31 2 17 4 5 12 16 11 1 9 13 6 7 21 22 31 15 10 14 3 
32 2 17 4 5 12 16 11 1 9 13 6 7 21 22 32 31 15 10 14 3 
33 2 17 4 5 12 16 11 1 9 13 6 7 21 22 32 31 15 10 14 3 
34 2 17 4 5 12 16 11 1 9 13 6 7 21 22 32 34 31 15 10 14 3 
35 2 17 4 5 12 16 11 1 9 13 6 7 21 22 32 34 31 15 10 14 3 
36 2 17 4 5 12 16 1 9 13 6 7 36 21 22 32 34 31 15 10 14 3 
37 2 17 4 5 12 16 1 9 13 6 7 36 21 22 32 34 31 15 10 14 3 
38 2 17 4 5 12 38 16 11 1 9 13 6 7 21 22 32 31 15 10 14 3 
39 2 17 4 5 12 38 16 11 1 9 13 6 7 21 22 32 31 15 10 14 3 
40 2 17 4 5 12 38 16 11 1 9 13 6 7 21 22 32 31 15 10 14 3 
41 2 4 5 25 11 1 9 21 22 34 31 15 14 29 3 27 17 12 16 19 13 6 7 36 32 10 
42 2 4 5 25 11 1 9 21 22 34 31 15 14 29 3 42 27 17 12 16 19 13 6 7 36 32 10 
43 2 4 5 25 11 1 9 21 22 34 31 15 14 29 3 42 27 17 12 16 19 13 6 7 36 32 10 
44 2 4 5 25 11 1 9 21 22 34 31 15 14 29 3 42 27 17 12 16 19 13 6 7 36 32 10 
45 2 4 5 25 11 1 9 21 22 34 31 15 14 29 3 42 27 17 12 16 19 13 6 7 36 32 10 
