1 1 
2 1 2 
3 1 2 
4 1 2 
5 5 1 2 
6 5 1 2 
7 5 1 2 
8 5 8 1 2 
9 5 8 9 1 2 
10 5 8 9 1 2 10 
11 5 8 9 1 2 11 10 
12 5 8 9 1 2 11 10 
13 5 8 9 1 2 11 10 
14 5 8 9 14 1 2 11 10 
15 31 32 20 36 14 26 19 21 25 1 11 27 33 8 22 23 28 24 5 16 9 18 2 10 15 
16 31 32 20 36 14 26 19 21 25 1 11 27 33 8 22 23 28 24 5 16 9 18 2 10 15 
17 31 32 20 36 14 26 19 21 25 1 11 27 33 8 22 23 28 24 5 16 9 18 2 10 15 
18 31 32 20 36 14 26 19 21 25 1 11 27 33 8 22 23 28 24 5 16 9 18 2 10 15 
19 31 32 20 36 14 26 19 21 25 1 11 27 33 8 22 23 28 24 5 16 9 18 2 10 15 
20 31 32 20 36 14 26 19 21 25 1 11 27 33 8 22 23 28 24 5 16 9 18 2 10 15 
21 31 32 20 36 14 26 19 25 21 1 11 27 33 8 22 23 28 24 5 16 9 18 2 10 15 
22 31 32 20 36 14 26 19 21 25 1 11 27 33 8 22 23 28 24 5 16 9 18 2 10 15 
23 31 32 20 36 14 26 19 21 25 1 11 27 33 8 22 23 28 24 5 16 9 18 2 10 15 
24 31 32 20 36 14 26 19 21 25 1 11 27 33 8 22 23 28 24 5 16 9 18 2 10 15 
25 31 32 20 36 14 26 19 21 25 1 11 27 33 8 22 23 28 24 5 16 9 18 2 10 15 
26 31 32 20 36 14 26 19 21 25 1 11 27 33 8 22 23 28 24 5 16 9 18 2 10 15 
27 31 32 20 36 14 26 19 21 25 1 11 27 33 8 22 23 28 24 5 16 9 18 2 10 15 
28 31 32 20 36 14 26 19 21 25 1 11 27 33 8 22 23 28 24 5 16 9 18 2 10 15 
29 31 32 20 36 14 26 19 21 25 1 11 27 33 8 22 23 28 24 5 16 9 18 2 10 15 
30 31 32 20 36 14 26 19 21 25 1 11 27 33 8 22 23 28 24 5 16 9 18 2 10 15 
31 31 32 20 36 14 26 19 21 25 1 11 27 33 8 22 23 28 24 5 16 9 18 2 10 15 
32 31 32 20 36 14 26 19 21 25 1 11 27 33 8 22 23 28 24 5 16 9 18 2 10 15 
33 31 32 20 36 14 26 19 21 25 1 11 27 33 8 22 23 28 24 5 16 9 18 2 10 15 
34 31 32 20 36 14 26 19 21 25 1 11 27 33 8 22 23 28 24 5 16 9 18 2 10 15 
35 31 32 20 36 14 26 19 21 25 1 11 27 33 8 22 23 28 24 5 16 9 18 2 10 15 
36 31 32 8 20 36 22 23 26 28 24 19 5 21 25 16 9 18 1 2 11 27 10 15 33 
37 31 32 8 20 36 22 23 26 28 24 19 5 21 25 16 9 18 1 2 11 27 10 15 33 
38 31 32 20 36 14 26 19 21 25 1 11 27 33 8 22 23 28 24 5 16 9 18 2 10 15 
