1 1 
2 1 2 
3 1 2 3 
4 1 2 4 3 
5 1 2 4 3 5 
6 1 2 6 4 3 5 
7 1 2 6 4 7 3 5 
8 1 2 6 4 7 8 3 5 
9 1 2 6 4 7 8 3 9 5 
10 1 2 6 4 7 8 3 9 5 
11 1 2 6 11 4 7 8 3 5 
12 1 2 11 4 8 13 31 12 3 32 15 6 16 7 17 9 5 
13 1 2 11 4 8 12 31 13 3 32 15 6 16 7 17 9 5 
14 1 2 11 4 8 12 13 31 3 32 15 6 16 7 17 9 5 
15 1 2 11 4 8 12 13 31 3 32 15 6 16 7 17 9 5 
16 1 2 11 4 8 12 13 31 3 32 15 6 16 17 9 5 
17 1 2 11 4 8 12 13 31 3 32 15 6 16 17 9 5 
18 1 2 11 4 8 12 13 31 3 32 15 6 16 17 9 5 
19 1 2 11 4 8 12 13 31 3 32 15 6 16 17 9 5 
20 1 2 11 21 4 8 12 13 31 3 20 32 15 6 16 17 9 5 23 
21 1 2 11 21 4 8 12 13 31 3 20 32 15 6 16 17 9 5 23 
22 1 2 11 21 4 8 12 13 31 3 20 32 15 6 16 17 9 5 23 
23 1 2 11 21 4 8 12 31 3 20 32 15 6 16 17 9 5 23 
24 1 2 11 21 4 8 12 31 3 20 32 15 6 16 17 9 5 23 
25 1 2 11 21 4 8 12 31 3 20 32 15 6 16 17 9 5 23 
26 1 2 11 21 4 8 12 13 31 3 20 32 15 6 16 17 9 5 23 
27 1 2 11 4 8 12 31 3 32 15 6 16 27 17 9 5 
28 1 2 11 4 8 12 31 3 32 15 6 16 27 17 9 5 
29 1 2 11 4 8 12 13 31 3 32 15 6 16 17 9 5 
30 1 2 11 4 8 12 13 31 3 32 15 6 16 17 9 5 
31 1 2 11 4 12 13 31 3 32 15 6 16 17 9 5 
32 1 2 11 4 12 13 31 3 32 15 16 17 9 5 
33 1 2 11 4 12 13 31 3 32 15 16 17 9 5 
34 1 2 11 4 8 12 13 31 3 32 15 6 16 7 17 9 5 
