1 1 
2 1 2 
3 1 2 3 
4 4 1 2 3 
5 4 5 1 2 3 
6 4 5 6 1 2 3 
7 4 5 6 1 2 3 
8 8 4 5 6 1 2 3 
9 8 4 5 6 9 1 2 3 
10 8 4 5 6 9 1 2 3 
11 8 11 4 5 6 9 1 2 3 
12 8 11 4 5 6 9 1 2 3 12 
13 8 11 4 5 6 9 1 13 2 3 12 
14 8 11 4 5 6 9 1 13 2 3 12 
15 8 11 4 5 6 9 1 13 2 3 12 
16 4 5 6 1 2 3 
17 4 5 6 1 17 2 3 
18 4 5 6 1 17 18 2 3 
19 4 5 6 1 17 18 2 3 
20 4 5 6 1 20 17 18 2 3 
21 4 5 6 1 20 21 17 18 2 3 
22 4 5 6 1 20 21 22 17 18 2 3 
23 4 5 6 1 20 21 22 17 18 2 3 
24 4 5 6 1 20 21 22 17 18 2 3 
25 4 5 6 1 25 2 3 
26 4 5 6 1 25 2 3 26 
27 4 5 6 27 1 25 2 3 26 
28 4 5 6 27 1 28 25 2 3 26 
29 4 5 6 27 1 28 25 2 3 26 
