1 1 
2 1 2 
3 1 2 3 
4 1 2 3 
5 1 2 3 
6 1 2 3 6 
7 1 2 3 6 
8 1 2 3 6 8 
9 1 2 3 6 8 
10 1 2 3 6 8 
11 1 11 2 3 6 
12 1 12 11 2 3 6 
13 1 13 12 11 2 3 6 
14 1 13 14 12 11 2 3 6 
15 1 13 14 12 11 2 3 6 
16 1 13 14 12 11 16 2 3 6 
17 1 13 14 12 11 17 16 2 3 6 
18 1 13 18 14 12 11 17 16 2 3 6 
19 1 13 18 14 12 11 17 16 2 19 3 6 
20 1 13 18 14 12 11 17 16 2 19 3 6 
21 12 16 3 1 13 18 21 14 11 17 2 19 6 
22 12 16 3 1 13 18 21 14 11 17 2 19 6 
23 12 16 3 1 13 18 21 14 11 17 2 19 6 
24 12 24 16 3 1 13 18 14 11 17 2 19 6 
25 12 24 16 3 1 13 18 14 11 17 2 19 6 
26 12 24 16 3 1 13 18 14 11 17 2 19 26 6 
27 12 24 16 3 1 13 18 14 11 17 2 19 26 6 
28 12 24 16 3 28 1 13 18 14 11 17 2 19 26 6 
29 12 24 16 3 28 1 13 18 14 11 17 2 19 26 6 
30 12 24 16 3 28 1 13 18 14 11 17 2 19 26 6 
31 12 24 16 3 1 13 18 31 14 11 17 2 19 6 
32 12 24 16 3 1 13 18 31 14 11 17 2 19 6 
33 12 24 16 3 1 13 18 31 14 11 17 2 19 33 6 
34 12 24 16 3 1 13 18 31 14 11 17 2 19 33 6 
35 12 24 16 3 28 1 13 18 31 14 35 11 17 2 19 26 33 6 
36 12 24 16 3 28 1 13 18 31 14 35 11 17 2 19 26 33 6 
37 12 24 16 3 28 1 13 18 31 14 35 11 17 2 19 26 33 6 
38 12 24 16 3 28 1 13 18 31 14 35 11 17 2 19 26 33 6 
