1 1 
2 1 2 
3 1 2 
4 1 4 2 
5 1 4 2 
6 1 4 2 
7 1 7 2 
8 1 8 7 2 
9 1 8 9 7 2 
10 1 8 10 9 7 2 
11 1 8 10 9 7 11 2 
12 8 20 19 13 16 9 17 1 23 10 7 18 22 25 14 21 24 11 15 2 
13 8 20 19 16 13 9 17 1 23 10 7 18 22 25 14 21 24 11 15 2 
14 8 20 19 13 16 9 17 1 23 10 7 18 22 25 21 24 14 11 15 2 
15 8 20 19 13 16 9 17 1 23 10 7 18 22 25 14 21 24 11 15 2 
16 8 20 19 13 16 9 17 1 23 10 7 18 22 25 14 21 24 11 15 2 
17 8 20 19 13 16 9 17 1 23 10 7 18 22 25 14 21 24 11 15 2 
18 8 20 19 13 16 9 17 1 23 10 7 22 25 18 14 21 24 11 15 2 
19 8 20 19 13 16 9 17 1 23 10 18 22 25 14 21 24 11 15 2 
20 20 19 13 16 9 17 1 23 10 18 22 25 14 21 24 11 15 2 
21 20 19 13 16 9 17 1 23 10 18 22 25 14 24 21 11 15 2 
22 20 19 13 16 17 1 23 10 18 25 22 14 21 24 11 15 2 
23 20 19 13 16 17 1 23 10 18 22 25 14 21 24 11 15 2 
24 20 19 13 16 17 1 23 18 22 25 14 21 24 11 15 2 
25 20 19 13 16 17 1 23 18 22 25 14 21 24 15 2 
26 20 19 13 16 17 1 23 18 22 25 14 21 24 15 2 
27 8 20 19 13 16 9 27 17 1 23 10 7 18 22 25 14 21 24 11 15 2 
28 8 20 19 13 16 9 27 17 1 23 10 7 18 22 25 14 21 24 11 15 28 2 
29 29 8 20 19 13 16 9 27 17 1 23 10 7 18 22 25 14 21 24 11 28 15 2 
30 30 29 8 20 19 13 16 9 27 17 1 23 10 7 18 22 14 21 24 28 15 2 
31 30 29 8 20 19 13 16 9 27 17 1 23 31 10 7 18 22 14 21 24 28 15 2 
32 30 29 8 20 19 13 16 9 32 27 17 1 31 23 10 7 18 22 14 21 24 28 15 2 
33 8 19 9 1 31 23 10 7 18 22 14 21 28 2 33 30 29 20 13 16 32 27 17 24 15 
34 8 19 9 1 31 23 10 34 7 18 22 14 21 28 2 33 30 29 20 13 16 32 27 17 24 15 
35 8 19 9 1 31 23 10 34 35 7 18 22 14 21 28 2 33 30 29 20 13 16 32 27 17 24 15 
36 8 19 36 9 1 31 23 10 34 35 7 18 22 14 21 28 2 33 30 29 20 13 16 32 27 17 24 15 
37 8 19 36 9 1 31 23 10 37 34 35 7 18 22 14 21 28 2 33 30 29 20 13 16 32 27 17 24 15 
38 8 19 36 9 1 31 23 10 37 34 35 7 18 22 14 21 28 2 33 30 29 20 13 16 32 27 17 38 24 15 
39 8 19 39 36 9 1 31 23 10 37 34 35 7 18 22 14 21 28 2 33 30 29 20 13 16 32 27 17 38 24 15 
40 8 19 39 36 9 1 31 23 10 37 34 35 7 18 22 14 21 28 2 33 30 29 20 13 16 32 27 17 38 24 15 40 
41 8 19 39 36 9 1 31 23 10 37 34 35 7 18 22 14 21 28 2 33 30 29 20 13 16 32 27 17 38 24 40 15 
42 8 19 39 36 9 1 31 23 10 37 34 35 7 18 22 14 21 28 2 33 30 29 20 42 13 16 32 27 17 38 24 40 15 
43 8 19 39 43 36 9 1 31 23 10 37 34 35 7 18 22 14 21 28 2 33 30 29 20 42 13 16 32 27 17 38 24 40 15 
44 44 8 19 39 43 36 9 1 31 23 10 37 34 35 7 18 22 14 21 28 2 33 30 29 20 42 13 16 32 27 17 38 24 40 15 
45 44 8 19 39 43 36 9 1 45 31 23 10 37 34 35 7 18 22 14 21 28 2 33 30 29 20 42 13 16 32 27 17 38 24 40 15 
46 44 8 19 39 43 36 9 1 45 31 23 10 37 34 35 7 18 22 14 21 28 2 33 30 29 20 42 13 16 32 27 17 38 46 24 40 15 
47 44 8 19 39 43 36 9 1 45 31 23 10 37 34 35 7 18 22 14 21 28 2 33 30 29 20 42 13 16 32 27 17 38 46 24 40 15 
48 44 8 19 39 43 36 9 1 45 31 23 10 37 34 35 7 18 22 14 21 28 2 33 30 29 20 42 13 16 32 27 17 38 46 24 40 15 
