1 1 
2 1 2 
3 1 2 3 
4 1 2 4 3 
5 1 2 4 3 5 
6 1 2 4 6 3 5 
7 1 2 7 4 6 3 5 
8 1 2 8 7 4 6 3 5 
9 1 2 8 7 4 6 3 5 9 
10 1 2 8 7 10 4 6 3 5 9 
11 1 2 8 7 10 11 4 6 3 5 9 
12 1 2 8 7 10 11 4 6 3 5 9 
13 13 1 2 8 7 10 11 4 6 3 5 9 
14 2 7 11 4 5 9 13 14 1 8 10 6 3 
15 2 11 4 15 5 9 13 14 1 8 10 6 3 
16 2 11 4 15 5 9 13 14 1 8 10 6 3 
17 1 2 17 8 7 10 11 4 6 3 5 9 
18 2 7 11 4 5 9 1 17 8 10 6 3 18 
19 2 7 11 4 5 9 1 17 8 10 19 6 3 18 
20 2 7 11 4 20 5 9 1 17 8 10 19 6 3 18 
21 2 7 11 21 4 20 5 9 1 17 8 10 19 6 3 18 
22 2 7 11 21 4 20 5 9 1 17 8 10 19 6 3 18 
23 2 7 11 21 4 20 5 9 1 17 8 10 23 19 6 3 18 
24 2 7 11 21 4 20 5 9 1 17 8 24 10 23 19 6 3 18 
25 2 7 11 21 4 20 5 9 1 17 8 24 10 23 19 6 3 18 
26 2 7 11 21 4 20 5 9 1 17 8 26 10 19 6 3 18 
27 2 7 11 21 4 27 20 5 9 1 17 8 26 10 19 6 3 18 
28 28 2 7 11 21 4 27 20 5 9 1 17 8 24 26 10 23 19 6 3 18 
29 28 2 7 11 21 4 27 20 5 9 1 17 29 8 24 26 10 23 19 6 3 18 
30 28 2 7 11 21 4 27 20 5 9 1 17 29 8 24 26 10 23 30 19 6 3 18 
31 31 28 2 7 11 21 4 27 20 5 9 1 17 29 8 24 26 10 23 30 19 6 3 18 
32 31 2 7 5 1 17 29 10 32 19 6 18 28 11 21 4 27 20 9 8 24 26 23 30 3 
33 31 2 7 5 1 17 29 10 32 19 6 18 28 11 21 4 27 20 9 8 24 26 23 30 33 3 
34 31 2 34 5 1 17 29 10 32 19 6 18 28 11 21 4 27 20 9 8 24 26 23 30 33 3 
35 31 2 34 5 13 14 1 17 29 10 32 19 6 18 28 11 21 4 15 27 20 9 8 24 26 23 30 33 3 
