1 1 
2 2 1 
3 2 3 1 
4 2 3 4 1 
5 2 3 5 4 1 
6 6 2 3 5 4 1 
7 6 2 7 3 5 4 1 
8 6 8 2 7 3 5 4 1 
9 6 8 2 7 3 5 4 1 9 
10 6 8 10 2 7 3 5 4 1 9 
11 6 8 10 11 2 7 3 5 4 1 9 
12 6 8 10 11 2 12 7 3 5 4 1 9 
13 8 10 2 12 7 3 9 6 11 13 5 4 1 
14 8 10 14 2 12 7 3 9 6 11 13 5 4 1 
15 8 10 14 2 12 7 15 3 9 6 11 13 5 4 1 
16 8 10 14 2 12 7 15 3 9 16 6 11 13 5 4 1 
17 8 10 14 2 12 7 15 3 9 16 6 11 13 5 4 1 
18 8 10 14 2 12 7 15 3 9 16 6 18 11 13 5 4 1 
19 8 10 14 2 12 7 15 3 9 6 18 11 13 5 19 4 1 
20 8 10 14 2 12 7 15 3 9 16 6 18 11 13 5 19 4 1 20 
21 8 10 14 2 12 7 15 3 21 9 16 6 18 11 13 5 19 4 1 20 
22 8 10 14 2 12 7 15 3 21 9 16 6 18 11 13 5 19 22 4 1 20 
23 8 10 14 2 12 7 15 3 21 9 16 6 18 11 13 5 19 22 4 1 20 
24 8 10 14 2 12 7 15 3 21 9 16 6 18 11 13 5 19 22 4 1 20 
25 8 10 14 2 12 7 15 3 21 9 16 6 18 11 13 25 5 19 22 4 1 20 
26 8 10 14 2 12 7 15 3 21 9 16 6 18 11 13 25 5 19 22 4 1 20 26 
27 8 10 14 2 12 7 15 3 21 9 16 6 18 27 11 13 25 5 19 22 4 1 20 26 
28 8 10 14 2 12 7 15 3 21 9 16 6 18 27 11 13 25 5 19 22 4 1 20 26 
29 8 10 15 21 9 6 27 11 13 5 19 20 14 2 12 7 3 16 18 29 25 22 4 1 26 
30 8 10 15 21 9 6 27 11 13 5 19 20 14 2 12 7 3 16 18 29 25 22 4 1 26 
31 8 10 15 21 9 6 27 11 13 5 19 20 2 12 7 3 16 18 29 25 22 4 1 26 31 
32 8 10 32 15 21 9 6 27 11 13 5 19 20 14 2 12 7 3 16 18 29 25 22 4 1 26 31 
33 8 10 32 15 21 33 9 6 27 11 13 5 19 20 14 2 12 7 3 16 18 29 25 22 4 1 26 31 
34 8 10 32 15 21 33 9 6 27 11 13 34 5 19 20 14 2 12 7 3 16 18 29 25 22 4 1 26 31 
35 8 10 32 15 21 35 33 9 6 27 11 13 34 5 19 20 14 2 12 7 3 16 18 29 25 22 4 1 26 31 
36 8 10 32 15 21 35 33 9 6 27 11 13 34 5 19 20 36 14 2 12 7 3 16 18 29 25 22 4 1 26 31 
37 8 10 32 15 21 35 33 9 6 27 11 13 34 5 19 20 36 14 2 12 7 3 16 18 29 25 22 4 1 26 31 
38 8 10 32 15 21 35 33 9 6 27 11 13 34 5 19 20 36 14 2 12 7 3 16 18 29 25 22 38 4 1 26 31 
39 8 10 32 15 21 35 33 9 6 27 11 13 34 5 19 20 36 14 2 12 7 3 16 18 29 25 22 38 4 1 26 31 
40 8 10 32 15 21 35 33 9 6 27 11 13 34 5 19 20 36 14 2 12 7 3 16 18 29 40 25 22 38 4 1 26 31 
41 8 10 32 15 21 35 33 9 6 27 11 13 34 41 5 19 20 36 14 2 12 7 3 16 18 29 40 25 22 38 4 1 26 31 
42 8 10 32 15 21 35 33 9 6 27 11 13 34 41 5 19 20 36 14 2 12 7 3 16 18 29 40 25 22 38 4 1 26 31 
43 8 10 32 15 21 35 33 9 6 27 11 13 34 41 5 19 20 36 14 2 12 7 3 16 18 29 40 25 22 38 4 43 1 26 31 
44 8 10 32 15 21 35 33 9 6 27 11 13 34 41 5 19 20 36 14 2 12 7 3 16 18 29 40 25 22 38 4 43 1 26 31 
45 8 10 32 15 21 35 33 9 6 27 11 13 34 41 5 19 20 36 14 2 12 7 3 16 18 29 40 25 22 38 4 43 1 26 31 
46 8 10 32 15 21 35 33 9 6 27 11 13 34 41 5 19 20 36 14 2 12 7 3 16 18 29 40 25 22 38 4 43 1 26 31 
47 8 10 32 15 21 35 33 9 6 27 11 13 34 41 5 19 20 36 14 2 12 7 3 16 18 29 40 25 22 38 4 43 1 26 31 
48 8 10 32 15 21 35 33 9 6 27 11 13 34 41 5 19 48 20 36 14 2 12 7 3 16 18 29 40 25 22 38 4 43 1 26 31 
49 8 10 32 15 21 35 33 9 6 27 11 13 34 41 5 19 48 20 36 14 2 12 7 3 16 18 29 40 25 22 38 4 43 1 26 31 
50 8 50 10 32 15 21 35 33 9 6 27 11 13 34 41 5 19 48 20 36 14 2 12 7 3 16 18 29 40 25 22 38 4 43 1 26 31 
51 8 50 10 32 15 21 35 33 9 6 27 11 13 34 41 5 19 48 20 36 14 2 12 7 3 16 18 29 40 25 22 38 4 43 1 26 31 
52 8 50 10 32 15 21 35 33 9 6 27 11 13 34 52 41 5 19 48 20 36 14 2 12 7 3 16 18 29 40 25 22 38 4 43 1 26 31 
53 8 50 10 32 15 21 35 33 9 6 27 11 13 34 52 41 53 5 19 48 20 36 14 2 12 7 3 16 18 29 40 25 22 38 4 43 1 26 31 
54 8 50 10 32 15 21 35 33 9 6 27 11 13 34 52 41 53 5 19 48 20 36 14 54 2 12 7 3 16 18 29 40 25 22 38 4 43 1 26 31 
55 8 50 10 32 15 21 35 33 9 6 27 11 13 34 52 41 53 5 19 48 20 36 14 54 2 12 7 3 16 18 29 40 25 22 38 4 43 1 26 31 
56 8 50 10 32 15 21 35 33 9 6 27 11 13 34 41 53 5 19 48 20 36 14 54 2 12 7 3 16 56 18 29 40 25 22 38 4 43 1 26 31 
57 8 50 10 32 15 21 35 33 9 6 27 11 13 34 41 5 19 48 20 36 14 54 2 12 7 3 57 16 56 18 29 40 25 22 38 4 43 1 26 31 
58 8 50 10 58 32 15 21 35 33 9 6 27 11 13 34 52 41 53 5 19 48 20 36 14 54 2 12 7 3 57 16 56 18 29 40 25 22 38 4 43 1 26 31 
59 8 50 10 58 32 15 21 35 33 9 6 27 11 13 34 52 41 53 5 19 48 20 36 14 54 2 12 7 3 57 16 56 18 29 40 25 22 38 4 43 1 26 31 
60 8 50 10 58 32 15 21 35 33 9 6 27 11 13 34 52 41 53 5 19 48 20 36 14 54 2 12 7 3 57 16 56 18 29 40 25 60 22 38 4 43 1 26 31 
61 8 50 10 58 32 15 21 35 33 9 6 27 11 13 34 52 41 53 5 19 48 20 36 14 54 2 12 7 3 57 16 56 18 29 40 25 60 22 38 4 43 1 26 31 
62 8 50 10 58 32 15 21 35 33 9 6 27 11 13 34 52 41 53 5 19 48 20 36 14 54 2 12 7 3 57 16 56 18 29 40 25 60 22 38 4 43 1 26 31 
63 8 63 50 10 58 32 15 21 35 33 9 6 27 11 13 34 52 41 53 5 19 48 20 36 14 54 2 12 7 3 57 16 56 18 29 40 25 22 38 4 43 1 26 31 
64 8 63 50 10 58 32 15 21 35 33 9 6 27 11 13 34 52 41 53 5 19 48 20 36 14 54 2 12 7 3 57 16 56 18 29 40 25 22 38 4 43 1 26 31 
65 8 63 50 10 58 32 15 21 35 33 9 6 27 11 13 34 52 41 53 5 19 48 20 36 14 54 2 12 7 3 57 16 56 18 29 40 25 60 22 38 4 43 1 26 31 
66 8 63 50 10 58 32 15 21 35 33 9 6 27 11 13 34 52 41 53 5 19 48 20 36 14 54 2 12 7 3 57 16 56 18 29 40 25 60 22 38 4 43 1 26 31 
67 8 50 10 32 15 21 35 33 9 6 27 11 13 34 41 5 19 48 20 36 14 2 12 7 3 16 18 29 40 25 22 38 4 43 1 26 31 
68 8 63 50 10 58 32 15 21 35 33 9 6 27 11 13 34 52 41 53 5 19 48 20 36 14 54 2 12 7 3 57 16 68 56 18 29 40 25 60 22 38 4 43 1 26 31 
69 8 63 50 10 58 32 15 21 35 33 9 6 27 11 13 34 52 41 53 5 19 48 20 36 14 54 2 12 7 3 57 16 68 56 18 29 40 25 60 22 38 4 43 1 26 31 69 
70 8 63 50 10 58 32 15 21 35 33 9 6 27 11 13 34 52 41 53 5 19 48 20 36 14 54 2 12 7 3 57 16 68 56 18 29 40 25 60 22 38 4 43 1 26 31 69 
71 8 63 50 10 58 32 15 21 35 33 9 6 27 11 13 34 52 41 53 5 19 48 20 71 36 14 54 2 12 7 3 57 16 68 56 18 29 40 25 60 22 38 4 43 1 26 31 69 
72 8 63 50 10 58 32 15 21 35 33 9 6 27 11 13 34 52 41 53 5 19 48 20 71 36 14 54 2 12 7 3 57 16 68 56 18 29 40 25 60 22 38 4 43 1 26 31 69 
73 8 50 10 58 32 21 35 27 11 13 34 52 41 53 19 48 54 2 12 57 68 56 18 29 40 73 22 26 63 15 33 9 6 5 20 71 36 14 7 3 16 25 60 38 4 43 1 31 69 
74 8 50 10 58 32 21 35 27 11 13 34 52 41 53 19 48 54 2 12 57 68 56 18 29 40 73 22 26 63 15 33 9 6 5 20 71 36 14 7 3 16 25 60 38 4 43 1 31 69 
75 8 50 10 58 32 21 35 75 27 11 13 34 52 41 53 19 48 54 2 12 57 68 56 18 29 40 73 22 26 63 15 33 9 6 5 20 71 36 14 7 3 16 25 60 38 4 43 1 31 69 
76 8 50 10 58 32 21 35 75 27 11 13 34 52 41 53 19 48 54 2 12 57 68 56 18 29 40 73 22 26 63 15 33 9 6 5 20 71 36 14 7 3 16 25 60 38 4 43 1 31 69 
77 8 50 10 58 32 21 35 75 27 11 13 34 52 41 53 19 48 54 2 12 57 68 56 18 29 40 73 22 26 77 63 15 33 9 6 5 20 71 36 14 7 3 16 25 60 38 4 43 1 31 69 
78 8 50 10 58 32 21 35 75 27 11 13 34 52 41 53 19 48 54 2 12 57 68 56 18 29 40 73 22 26 77 63 15 33 9 6 5 20 71 36 14 7 3 16 25 60 38 4 43 1 31 69 
79 8 50 10 58 32 21 35 75 27 11 13 34 52 41 53 19 48 54 2 12 57 68 56 18 29 40 73 22 26 77 63 15 33 9 6 5 20 71 36 14 7 3 16 25 60 38 4 43 1 31 69 
80 8 10 32 15 21 35 33 9 6 27 11 13 34 5 19 20 36 14 2 12 7 3 16 18 29 25 22 38 4 1 26 31 
81 8 10 32 15 21 35 33 9 6 27 11 13 34 5 19 20 36 14 2 12 7 3 16 18 29 25 22 38 4 1 26 31 
82 8 10 32 15 21 35 33 9 6 27 11 13 34 5 19 20 36 14 2 12 7 3 16 18 29 25 82 22 38 4 1 26 31 
83 8 10 32 15 21 35 33 9 6 27 11 13 34 5 19 20 36 14 2 12 7 3 83 16 18 29 25 82 22 38 4 1 26 31 
84 8 10 32 15 21 35 33 84 9 6 27 11 13 34 5 19 20 36 14 2 12 7 3 83 16 18 29 25 82 22 38 4 1 26 31 
85 8 10 32 15 21 35 33 84 9 6 27 11 13 34 5 19 20 36 14 2 12 7 3 83 16 18 29 25 82 22 38 4 85 1 26 31 
86 8 10 32 15 21 35 33 84 9 6 27 86 11 13 34 5 19 20 36 14 2 12 7 3 83 16 18 29 25 82 22 38 4 85 1 26 31 
87 8 10 32 15 21 35 33 84 9 6 27 86 11 13 34 5 19 20 36 14 2 12 7 3 83 16 18 29 25 82 22 38 4 85 1 26 31 
88 8 10 32 15 21 35 33 84 9 6 27 86 11 13 34 88 5 19 20 36 14 2 12 7 3 83 16 18 29 25 82 22 38 4 85 1 26 31 
89 8 10 32 15 21 35 33 84 9 6 27 86 11 13 34 88 5 19 20 36 14 2 12 7 3 83 16 18 29 25 82 22 38 4 85 1 26 31 
90 8 10 32 15 21 35 33 84 9 6 27 86 11 13 34 88 5 19 20 36 14 90 2 12 7 3 83 16 18 29 25 82 22 38 4 85 1 26 31 
91 8 10 32 15 21 35 33 84 9 6 27 86 11 13 34 88 5 19 20 36 14 90 2 12 7 3 83 16 18 29 25 82 91 22 38 4 85 1 26 31 
92 8 10 32 15 21 35 33 84 9 6 27 86 11 13 34 88 5 19 20 36 14 90 2 12 7 3 83 16 18 29 25 82 91 22 38 4 85 1 26 31 
93 8 10 32 15 21 35 33 84 9 6 27 86 11 13 34 88 5 19 20 36 14 90 2 12 7 3 83 16 93 18 29 25 82 91 22 38 4 85 1 26 31 
94 8 10 32 15 21 35 33 84 9 6 27 86 11 13 34 88 5 19 94 20 36 14 90 2 12 7 3 83 16 93 18 29 25 82 91 22 38 4 85 1 26 31 
95 8 10 32 95 15 21 35 33 84 9 6 27 86 11 13 34 88 5 19 94 20 36 14 90 2 12 7 3 83 16 93 18 29 25 82 91 22 38 4 85 1 26 31 
96 8 10 32 95 15 21 35 33 84 9 6 27 86 11 13 34 88 5 19 94 20 36 96 14 90 2 12 7 3 83 16 93 18 29 25 82 91 22 38 4 85 1 26 31 
97 8 10 32 95 15 21 35 33 84 9 6 27 86 11 13 34 88 5 19 94 20 36 96 14 90 2 12 7 3 83 16 93 18 29 25 82 91 22 38 4 85 1 97 26 31 
98 8 10 32 95 15 21 35 33 84 9 6 27 86 11 13 34 88 5 19 98 94 20 36 96 14 90 2 12 7 3 83 16 93 18 29 25 82 91 22 38 4 85 1 97 26 31 
99 8 10 32 95 15 21 35 33 84 9 6 27 86 11 13 34 88 5 19 98 94 20 36 96 14 90 2 12 7 3 83 16 93 18 29 25 82 91 22 38 4 85 1 97 26 31 
100 8 10 32 95 15 21 35 33 84 9 6 27 86 11 13 34 88 5 19 98 94 20 36 96 14 90 2 12 7 3 83 16 93 18 29 25 82 91 22 38 4 85 1 97 26 31 100 
101 8 10 32 95 15 21 35 33 84 9 6 27 86 11 13 34 88 5 19 98 101 94 20 36 96 14 90 2 12 7 3 83 16 93 18 29 25 82 91 22 38 4 85 1 97 26 31 100 
102 8 10 32 95 21 35 27 11 13 34 88 19 101 94 96 90 2 12 18 29 82 91 22 26 100 15 33 84 9 6 86 5 98 20 36 14 102 7 3 83 16 93 25 38 4 85 1 97 31 
103 8 10 32 95 21 35 27 11 13 34 88 103 19 101 94 96 90 2 12 18 29 82 91 22 26 100 15 33 84 9 6 86 5 98 20 36 14 102 7 3 83 16 93 25 38 4 85 1 97 31 
104 8 10 32 95 21 35 27 11 13 34 88 103 19 101 94 96 90 2 12 18 29 82 91 22 26 100 15 33 84 9 6 86 5 98 20 36 14 102 7 3 83 16 93 25 38 4 85 1 97 31 
105 8 10 32 95 21 35 27 11 13 34 88 103 19 101 94 96 90 2 105 12 18 29 82 91 22 26 100 15 33 84 9 6 86 5 98 20 36 14 102 7 3 83 16 93 25 38 4 85 1 97 31 
106 8 10 32 95 21 35 27 11 13 34 88 103 19 101 94 96 90 2 105 12 18 29 82 91 22 26 100 15 33 84 9 6 86 5 98 20 36 14 102 7 3 83 16 93 25 38 4 85 1 97 31 
107 8 10 32 95 21 35 27 11 13 34 88 103 19 101 94 96 90 2 12 107 18 29 82 91 22 26 100 15 33 84 9 6 86 5 98 20 36 14 102 7 3 83 16 93 25 38 4 85 1 97 31 
108 8 10 32 95 21 35 108 27 11 13 34 88 103 19 101 94 96 2 105 12 107 18 29 82 91 22 26 100 15 33 84 9 6 86 5 98 20 36 14 102 7 3 83 16 93 25 38 4 85 1 97 31 
109 8 10 32 95 21 35 108 27 11 13 34 88 103 19 101 94 96 2 105 12 107 18 29 82 91 22 26 100 15 33 84 9 6 86 5 98 20 36 14 102 7 3 83 16 93 25 38 4 85 1 97 31 
110 8 10 32 95 15 21 35 33 84 9 6 27 86 11 13 34 88 5 19 98 94 20 36 96 14 90 2 12 7 3 110 83 16 93 18 29 25 82 91 22 38 4 85 1 97 26 31 
111 8 10 32 95 15 21 35 33 84 9 6 27 86 11 13 34 111 88 5 19 98 94 20 36 96 14 90 2 12 7 3 110 83 16 93 18 29 25 82 91 22 38 4 85 1 97 26 31 
112 8 10 32 95 21 35 27 11 13 34 88 19 94 96 90 2 12 110 18 29 82 91 22 26 15 33 84 9 6 86 111 5 98 20 36 14 7 3 83 112 16 93 25 38 4 85 1 97 31 
113 8 10 32 95 21 35 27 11 13 34 88 19 94 96 90 2 12 110 18 29 82 91 22 26 15 33 84 9 6 86 111 5 98 20 36 14 7 3 83 112 16 93 113 25 38 4 85 1 97 31 
114 8 10 32 95 21 35 27 11 13 34 88 19 94 96 90 2 12 110 18 114 29 82 91 22 26 15 33 84 9 6 86 111 5 98 20 36 14 7 3 83 112 16 93 113 25 38 4 85 1 97 31 
115 8 10 32 95 21 35 27 11 13 34 88 19 94 96 90 2 12 110 18 114 29 82 91 22 26 15 33 84 9 6 86 115 111 5 98 20 36 14 7 3 83 112 16 93 113 25 38 4 85 1 97 31 
116 8 10 32 95 21 35 27 11 13 34 88 19 94 96 90 2 12 110 18 114 29 82 91 22 26 15 116 33 84 9 6 86 115 111 5 98 20 36 14 7 3 83 112 16 93 113 25 38 4 85 1 97 31 
117 8 10 32 95 21 35 27 11 13 34 88 19 94 96 90 2 12 110 18 114 29 82 91 22 26 15 116 33 84 9 6 86 115 111 5 98 20 36 14 7 3 83 112 16 93 113 25 38 117 4 85 1 97 31 
118 8 10 32 95 21 35 27 11 13 34 88 19 94 96 90 2 12 110 18 114 29 82 91 22 26 15 116 33 84 9 6 86 115 111 5 98 20 36 14 7 3 83 112 16 93 113 25 38 117 4 85 1 97 31 
119 8 10 32 95 21 35 27 11 13 34 88 19 94 96 90 2 12 110 119 18 114 29 82 91 22 26 15 116 33 84 9 6 86 115 111 5 98 20 36 14 7 3 83 112 16 93 113 25 38 117 4 85 1 97 31 
120 8 10 32 95 21 35 27 11 13 34 88 19 94 96 90 2 12 110 119 18 114 29 82 91 22 26 15 116 33 84 9 6 86 115 111 5 98 20 36 14 7 3 83 112 16 93 113 25 38 117 4 85 1 97 31 
121 8 10 32 95 21 35 27 11 13 34 88 19 94 96 90 2 121 12 110 18 114 29 82 91 22 26 15 116 33 84 9 6 86 115 111 5 98 20 36 14 7 3 83 112 16 93 113 25 38 117 4 85 1 97 31 
122 8 10 32 95 21 35 27 11 13 34 88 19 94 122 96 2 121 12 110 119 18 114 29 82 91 22 26 15 116 33 84 9 6 86 115 111 5 98 20 36 14 7 3 83 112 16 93 113 25 38 117 4 85 1 97 31 
123 8 10 32 95 21 35 108 27 11 13 34 88 103 19 101 94 122 96 90 2 121 105 12 107 110 119 18 114 29 82 91 22 26 100 15 116 33 84 9 6 86 115 111 5 98 20 36 14 102 7 3 83 112 16 93 113 25 38 117 4 85 1 97 31 
124 8 10 32 95 21 35 108 27 11 13 34 88 103 19 101 94 122 96 90 2 121 105 12 107 110 119 18 114 29 82 91 22 26 100 15 116 33 84 9 6 86 115 111 5 98 20 36 14 102 7 3 83 112 16 113 25 124 38 117 4 85 1 97 31 
125 8 10 32 95 21 35 108 27 11 13 34 88 103 19 101 94 122 96 90 2 121 105 12 107 110 119 18 114 29 82 91 22 26 100 15 116 33 84 9 6 86 115 111 5 98 20 36 14 102 7 3 83 112 16 113 25 125 124 38 117 4 85 1 97 31 
126 8 10 32 95 21 35 108 27 11 13 34 88 103 19 101 94 122 96 90 2 121 105 12 107 110 119 18 114 29 82 91 22 26 100 126 15 116 33 84 9 6 86 115 111 5 98 20 36 14 102 7 3 83 112 16 113 25 125 124 38 117 4 85 1 97 31 
127 8 10 32 95 21 35 108 27 11 13 34 88 103 19 101 94 122 96 90 2 121 105 12 107 110 119 18 114 29 82 91 22 26 100 126 15 116 33 84 9 6 86 115 111 5 98 20 36 14 102 7 3 83 112 16 113 25 125 124 38 117 4 85 1 97 31 
128 8 10 32 95 21 35 108 27 11 13 34 88 103 19 101 94 122 96 90 2 121 105 12 107 110 119 18 114 29 82 91 22 26 100 126 15 116 33 84 9 6 86 115 111 5 98 20 36 14 102 128 7 3 83 112 16 113 25 125 124 38 117 4 85 1 97 31 
129 8 10 32 95 21 35 108 27 11 13 34 88 103 19 101 94 122 96 90 2 121 105 12 107 110 119 18 114 29 82 91 22 26 100 126 15 116 33 84 9 6 86 115 111 5 98 20 36 14 102 128 7 3 83 112 16 113 25 125 124 38 117 4 85 1 97 31 
130 8 10 32 95 21 35 108 27 11 13 34 88 103 19 101 94 122 96 90 2 121 105 12 107 110 119 18 114 29 82 91 22 26 100 126 15 116 33 84 9 6 86 115 111 5 98 20 36 14 102 128 7 3 83 112 16 113 25 125 124 38 117 130 4 85 1 97 31 
131 8 10 32 95 21 35 108 27 11 13 34 88 103 19 101 94 122 96 90 2 121 105 12 107 110 119 18 114 29 82 91 22 26 100 126 15 116 33 84 9 6 86 115 111 5 98 20 36 14 102 128 7 3 83 112 16 113 25 125 124 38 117 130 4 85 1 97 31 
132 8 10 32 95 21 35 132 108 27 11 13 34 88 103 19 101 94 122 96 90 2 121 105 12 107 110 119 18 114 29 82 91 22 26 100 126 15 116 33 84 9 6 86 115 111 5 98 20 36 14 102 128 7 3 83 112 16 113 25 125 124 38 117 130 4 85 1 97 31 
133 8 10 32 95 21 35 132 108 27 11 13 34 88 103 19 101 94 122 96 90 2 121 105 12 107 110 119 18 114 29 82 91 22 26 100 126 15 116 33 84 9 6 86 115 111 5 98 20 36 14 102 128 7 3 83 112 16 113 25 125 124 38 117 130 4 85 1 97 31 
134 8 10 32 95 21 35 132 108 27 11 13 34 88 103 19 101 94 122 96 90 2 121 105 12 107 110 119 18 114 29 82 91 22 26 100 126 15 116 33 84 9 6 86 115 111 5 98 20 36 14 102 128 7 3 83 112 16 113 25 125 124 38 117 130 4 85 1 97 31 
135 8 10 32 95 21 35 132 108 27 11 13 34 88 103 19 101 94 122 96 90 2 121 105 12 107 110 119 18 114 29 135 82 91 22 26 100 126 15 116 33 84 9 6 86 115 111 5 98 20 36 14 102 128 7 3 83 112 16 113 25 125 124 38 117 130 4 85 1 97 31 
136 8 10 32 95 21 35 132 108 27 11 13 34 88 103 19 101 94 122 96 90 2 121 105 12 107 110 119 18 114 29 135 82 91 22 26 100 126 15 116 33 84 9 6 86 115 111 5 98 20 36 14 102 128 7 3 83 112 16 113 25 125 124 38 117 130 4 85 1 97 31 
137 8 10 32 95 21 35 132 108 27 11 13 34 88 103 19 101 94 122 96 90 2 121 105 12 107 110 119 18 114 29 135 82 91 22 26 100 126 15 116 33 84 9 6 86 115 111 5 98 20 36 14 102 128 7 3 137 83 112 16 113 25 125 124 38 117 130 4 85 1 97 31 
138 8 10 32 95 21 35 132 108 27 11 13 34 88 103 19 101 94 122 96 90 2 121 105 12 107 110 119 18 114 29 135 82 91 22 26 100 126 15 116 33 84 9 6 86 115 111 5 98 20 36 14 102 128 7 3 137 83 112 16 113 25 125 124 38 117 130 4 85 1 97 31 
139 8 10 32 95 21 35 132 108 27 11 13 34 88 103 19 101 94 122 96 90 2 121 105 12 107 110 119 18 114 29 135 82 91 22 26 100 126 15 116 33 84 9 6 86 115 111 5 98 20 36 14 102 128 7 3 137 83 112 16 113 25 125 124 38 117 130 4 85 1 97 31 
140 8 10 32 95 21 35 132 108 27 11 13 34 88 103 19 101 94 122 96 90 2 121 105 12 107 110 119 18 114 29 135 82 91 22 26 100 126 15 116 33 84 9 6 86 115 111 5 98 20 36 14 102 128 140 7 3 83 112 16 113 25 125 124 38 117 130 4 85 1 97 31 
141 8 10 32 95 21 35 132 108 27 11 13 34 88 103 19 101 94 122 96 90 2 121 105 12 107 110 119 18 114 29 135 82 91 22 26 100 126 15 116 33 84 9 6 86 115 111 5 98 20 36 14 102 128 140 7 3 83 112 16 113 25 125 124 38 117 130 4 85 1 97 31 
142 8 10 32 95 21 35 132 108 27 11 13 34 88 103 19 101 94 122 96 90 2 121 105 12 107 110 119 18 114 29 135 82 91 22 26 100 126 15 116 33 84 9 6 86 115 111 5 98 20 36 14 102 128 140 142 7 3 83 112 16 113 25 125 124 38 117 130 4 85 1 97 31 
143 8 10 32 95 21 35 132 108 27 11 13 34 88 103 19 101 94 122 96 90 2 121 105 12 107 110 119 18 114 29 135 82 91 22 26 100 126 15 116 33 84 9 6 86 115 111 5 98 20 36 14 102 128 140 142 7 3 83 112 16 113 25 125 124 38 117 130 4 85 1 97 31 
144 8 10 144 32 95 21 35 132 108 27 11 13 34 88 103 19 101 94 122 96 90 2 121 105 12 107 110 119 18 114 29 135 82 91 22 26 100 126 15 116 33 84 9 6 86 115 111 5 98 20 36 14 102 128 140 142 7 3 137 83 112 16 113 25 125 124 38 117 130 4 85 1 97 31 
145 8 10 144 32 95 21 35 132 108 27 11 13 34 88 103 19 101 94 122 96 90 2 121 105 12 107 110 119 18 114 29 145 135 82 91 22 26 100 126 15 116 33 84 9 6 86 115 111 5 98 20 36 14 102 128 140 142 7 3 137 83 112 16 113 25 125 124 38 117 130 4 85 1 97 31 
146 8 10 144 32 95 21 35 132 108 27 11 13 34 88 103 19 101 94 122 96 90 2 121 105 12 107 110 119 18 114 29 145 135 82 91 22 26 100 126 15 116 33 84 9 6 86 115 111 5 98 20 36 14 102 128 140 142 7 3 137 83 112 16 113 25 125 124 38 117 130 4 85 1 97 31 
147 8 10 144 32 95 21 35 132 108 27 11 13 34 88 103 19 101 94 122 96 90 2 121 105 12 107 110 119 18 114 29 145 135 82 91 22 26 100 126 15 116 33 84 9 6 86 115 111 5 98 20 36 147 14 102 128 140 142 7 3 137 83 112 16 113 25 125 124 38 117 130 4 85 1 97 31 
148 8 10 144 32 95 21 35 132 108 27 11 13 34 88 103 19 101 94 122 96 90 2 121 105 12 107 110 119 18 114 29 145 135 82 91 22 26 100 126 15 116 33 84 9 6 86 115 111 5 98 20 36 147 14 102 128 140 142 7 3 137 83 112 16 113 25 125 124 38 117 130 4 85 1 97 31 
149 8 50 10 58 144 32 95 21 35 75 132 108 27 11 13 34 52 88 103 41 53 19 48 101 94 122 96 90 54 2 121 105 12 107 110 119 57 68 56 18 114 29 40 145 135 73 82 91 22 26 100 77 63 126 15 116 33 84 9 6 86 115 111 5 98 20 71 36 147 14 102 128 140 142 7 3 137 83 112 16 93 113 25 60 125 124 38 117 130 4 43 85 1 97 31 69 
150 8 50 10 58 144 32 95 21 35 75 132 108 27 11 13 34 52 88 103 41 53 19 48 101 94 122 96 90 54 2 121 105 12 107 110 119 57 68 56 18 114 29 40 145 135 73 82 91 22 26 100 77 63 126 15 116 33 84 9 6 86 115 111 5 98 20 71 36 147 14 102 128 140 142 7 3 137 83 112 16 93 113 25 60 125 124 38 117 130 4 43 85 1 97 31 69 
151 144 95 21 35 75 132 108 27 11 52 103 101 96 121 107 57 68 18 40 145 82 91 22 26 100 77 63 126 84 6 115 111 5 98 36 14 102 3 137 83 113 25 60 125 124 38 117 43 1 97 31 8 50 10 58 32 13 34 88 41 53 19 48 94 122 90 54 2 151 105 12 110 119 56 114 29 135 73 15 116 33 9 86 20 71 147 128 140 142 7 112 16 93 130 4 85 69 
152 144 95 21 35 75 132 108 27 11 52 103 101 96 121 107 57 68 18 40 145 82 91 22 26 100 77 63 126 84 6 115 111 5 98 36 14 102 3 137 83 113 25 60 125 124 38 117 43 1 97 31 8 50 10 58 32 13 34 88 41 53 19 48 94 122 90 54 2 151 105 12 110 119 56 114 29 135 73 15 116 33 9 86 20 71 147 128 140 142 7 112 16 93 130 4 85 69 
153 8 50 144 10 58 95 32 21 35 75 132 108 27 11 13 52 34 103 88 41 53 19 101 48 94 122 153 96 90 54 121 2 151 105 12 107 110 119 57 68 56 18 114 145 29 135 73 82 91 22 26 100 77 63 126 15 116 84 33 9 6 86 115 111 5 98 20 71 36 147 14 102 128 140 142 7 3 137 112 16 93 113 25 60 125 124 38 117 130 43 4 85 1 97 31 69 
154 144 95 21 35 75 132 108 27 11 52 103 101 96 121 107 57 68 18 145 82 91 22 26 100 77 63 126 84 6 115 111 5 98 36 14 102 3 137 113 25 60 125 124 38 117 43 1 97 31 8 50 10 58 32 154 13 34 88 41 53 19 48 94 122 153 90 54 2 151 105 12 110 119 56 114 29 135 73 15 116 33 9 86 20 71 147 128 140 142 7 112 16 93 130 4 85 69 
155 144 95 21 35 75 132 108 27 11 52 103 101 96 121 107 57 68 18 145 82 91 22 26 100 77 63 126 84 6 115 111 5 98 36 14 102 3 137 113 25 60 125 124 38 117 43 1 97 31 8 50 10 58 32 154 13 34 88 41 53 19 48 94 122 153 90 54 2 151 105 12 110 119 56 114 29 135 73 15 116 33 9 86 20 71 147 128 140 142 7 112 16 93 130 4 85 69 
156 144 95 21 35 75 132 108 27 11 52 103 101 96 121 107 57 68 18 145 82 91 22 26 100 77 63 126 84 6 115 111 5 98 36 14 102 3 137 113 25 60 125 124 38 117 43 1 97 31 8 50 10 58 32 156 154 13 34 88 41 53 19 48 94 122 90 54 2 151 105 12 110 119 56 114 29 135 73 15 116 33 9 86 20 71 147 128 140 142 7 112 16 93 130 4 85 69 
157 144 95 21 35 75 132 108 27 11 52 103 101 96 121 107 57 68 18 145 82 91 22 26 100 77 63 126 84 6 115 111 5 98 36 14 102 3 137 113 25 60 125 124 38 117 43 1 97 31 8 50 10 58 32 156 154 13 34 88 41 53 19 48 94 122 90 54 2 151 105 12 110 119 56 114 29 135 73 15 116 33 9 86 20 71 147 128 140 142 7 112 16 93 130 4 85 69 
158 144 95 21 35 75 132 108 27 11 52 103 101 96 121 107 57 68 18 145 82 91 22 26 100 77 63 126 84 158 6 115 111 5 98 36 14 102 3 137 113 25 60 125 124 38 117 43 1 97 31 8 50 10 58 32 154 13 34 88 41 53 19 48 94 122 153 90 54 2 151 105 12 110 119 56 114 29 135 73 15 116 33 9 86 20 71 147 128 140 142 7 112 16 93 130 4 85 69 
159 144 95 21 35 75 132 108 27 11 52 103 101 96 121 107 57 68 18 145 82 91 22 26 100 77 63 126 84 158 6 115 111 5 98 36 14 102 3 137 113 25 60 125 124 38 117 43 1 97 31 8 50 10 58 32 154 13 34 88 41 53 19 48 94 122 153 90 54 2 151 105 12 110 119 56 114 29 135 73 15 116 33 9 86 20 71 147 128 140 142 7 112 16 93 130 4 85 69 
160 144 95 21 35 75 132 108 27 11 52 103 101 96 121 107 57 68 18 145 82 91 22 26 100 77 63 126 84 158 6 115 111 5 98 36 14 102 160 3 137 113 25 60 125 124 38 117 43 1 97 31 8 50 10 58 32 154 13 34 88 41 53 19 48 94 122 90 54 2 151 105 12 110 119 56 114 29 135 73 15 116 33 9 86 20 71 147 128 140 142 7 112 16 93 130 4 85 69 
161 144 95 21 35 75 132 108 27 11 52 103 101 96 121 107 57 68 18 145 82 91 22 26 100 77 63 126 84 158 6 115 111 5 98 36 14 102 160 3 137 113 25 60 125 124 38 117 43 161 1 97 31 8 50 10 58 32 156 154 13 34 88 41 53 19 48 94 122 153 90 54 2 151 105 12 110 119 56 114 29 135 73 15 116 33 9 86 20 71 147 128 140 142 7 112 16 93 130 4 85 69 
162 144 95 21 35 75 132 108 27 11 52 103 101 96 121 107 57 68 18 145 82 91 22 26 100 77 63 126 84 158 6 115 111 5 98 36 14 102 160 3 137 113 25 60 125 124 38 117 43 161 1 97 31 8 50 10 58 32 156 154 13 34 88 41 53 19 48 94 122 153 90 54 2 151 105 12 110 119 56 114 29 135 73 15 116 33 9 86 20 71 147 128 140 142 7 112 16 93 130 4 85 69 
163 144 95 21 35 75 132 108 27 11 52 103 101 96 121 107 57 68 18 145 82 91 22 26 100 77 63 126 84 158 6 115 111 5 98 36 163 14 102 160 3 137 113 25 60 125 124 38 117 43 161 1 97 31 8 50 10 58 32 156 154 13 34 88 41 53 19 48 94 122 153 90 54 2 151 105 12 110 119 56 114 29 135 73 15 116 33 9 86 20 71 147 128 140 142 7 112 16 93 130 4 85 69 
164 144 95 21 35 75 132 108 27 11 52 103 101 96 121 107 57 68 18 145 82 91 22 26 100 77 63 126 84 158 6 115 111 5 98 36 163 14 102 160 3 137 113 25 60 125 124 38 117 43 161 1 97 31 8 50 10 58 32 156 154 13 34 88 41 53 19 48 94 122 153 90 54 2 151 105 12 110 119 56 114 29 135 73 15 116 33 9 86 20 71 147 128 140 142 7 112 16 93 130 4 85 69 
165 144 95 21 35 75 132 108 27 11 52 103 101 96 121 107 57 68 18 145 82 91 22 26 100 77 63 126 84 158 6 115 111 5 98 36 163 14 102 160 3 137 113 25 60 125 124 38 117 43 161 1 97 31 8 50 10 58 32 156 154 13 34 88 41 53 19 48 94 122 153 90 54 2 151 105 12 110 119 56 114 29 135 73 15 116 33 9 86 20 71 147 128 140 142 7 112 16 93 130 4 85 69 
166 144 95 21 35 75 132 108 27 11 52 103 101 96 121 107 57 68 18 145 82 91 22 26 100 77 63 126 84 158 6 115 111 5 98 36 163 14 102 160 3 137 113 25 60 125 124 38 117 43 161 1 97 31 8 50 10 58 32 156 154 13 34 88 41 53 19 48 94 122 153 90 54 2 151 105 12 110 119 56 114 29 135 73 15 116 33 9 86 20 71 147 128 140 142 7 112 16 93 130 4 85 69 
167 144 95 21 35 75 132 108 27 11 52 103 101 96 121 107 57 68 18 145 82 91 22 26 100 77 63 126 84 158 6 115 111 5 98 36 163 14 102 160 3 137 113 25 60 125 124 38 117 43 161 1 97 31 8 50 10 58 32 156 154 13 34 88 41 53 19 48 94 122 153 90 54 2 151 105 12 110 119 56 114 29 135 73 15 116 33 9 86 20 71 147 128 140 142 7 112 16 93 130 4 85 69 
168 144 95 21 35 75 132 108 27 11 52 103 101 96 121 107 57 68 18 145 82 91 22 26 100 77 63 126 84 158 6 115 111 5 98 36 163 14 102 160 3 137 113 25 60 125 124 38 117 43 161 1 97 31 8 50 10 58 32 156 168 154 13 34 88 41 53 19 48 94 122 153 90 54 2 151 105 12 110 119 56 114 29 135 73 116 33 9 86 20 71 147 128 140 142 7 112 16 93 130 4 85 69 
169 144 95 21 35 75 132 108 27 11 52 103 101 96 121 107 57 68 18 40 145 82 91 22 26 100 77 63 126 84 158 6 115 111 5 98 36 163 14 102 160 3 137 83 113 25 60 125 124 38 117 43 161 1 97 31 8 50 10 58 32 156 168 154 13 34 88 41 53 19 48 94 122 153 90 54 2 151 105 12 110 119 56 114 29 135 73 15 116 33 9 86 20 71 169 147 128 140 142 7 112 16 93 130 4 85 69 
170 144 95 21 35 75 132 108 27 11 52 103 101 96 121 107 57 68 18 40 145 82 91 22 26 100 77 63 126 84 158 6 115 111 5 98 36 163 14 102 160 3 137 83 113 25 60 125 124 38 117 43 161 1 97 31 8 50 10 58 32 156 168 154 13 34 88 41 53 19 48 94 122 153 90 54 2 151 105 12 110 119 56 114 29 135 73 15 116 33 9 86 20 71 169 147 128 140 142 7 112 16 93 130 4 85 69 
171 144 95 21 35 75 132 108 27 11 52 103 101 96 121 107 57 68 18 145 82 91 22 26 100 77 63 126 84 158 6 115 111 5 98 36 163 14 102 3 137 113 25 60 171 125 124 38 117 43 161 1 97 31 8 50 10 58 32 168 154 13 34 88 41 53 19 48 94 122 90 54 2 151 105 12 110 119 56 114 29 135 73 15 116 33 9 86 20 71 169 147 128 140 142 7 112 16 93 130 4 85 69 
172 144 95 21 35 75 132 108 27 11 52 103 101 96 121 107 57 68 18 145 82 91 22 26 100 77 63 126 84 158 6 115 111 5 98 36 163 14 102 3 137 113 25 60 171 125 124 38 117 43 161 1 97 31 8 50 10 58 32 168 154 13 34 88 41 53 19 48 94 122 90 54 2 151 105 12 110 119 56 114 29 135 73 15 116 33 9 86 20 71 169 147 128 140 142 7 112 16 93 130 4 85 69 
173 144 95 21 35 75 132 108 27 11 103 101 96 121 107 57 68 18 145 82 91 22 26 100 77 63 126 84 158 6 115 111 5 98 36 163 14 102 3 137 173 113 25 60 171 125 124 38 117 43 161 1 97 31 8 50 10 58 32 168 154 13 34 88 41 53 19 48 94 122 90 54 2 151 105 12 110 119 114 29 135 73 15 116 33 9 86 20 71 169 147 128 140 142 7 112 16 93 130 4 85 69 
174 144 95 21 35 75 132 108 27 11 103 101 96 121 107 57 68 18 145 82 91 22 26 100 77 63 126 84 158 6 115 111 5 98 174 36 163 14 102 3 137 173 113 25 60 171 125 124 38 117 43 161 1 97 31 8 50 10 58 32 168 154 13 34 88 41 53 19 48 94 122 90 54 2 151 105 12 110 119 114 29 135 73 15 116 33 9 86 20 71 169 147 128 140 142 7 112 16 93 130 4 85 69 
175 144 95 21 35 75 132 108 27 11 103 101 96 121 107 57 68 18 145 82 91 22 26 100 77 63 126 84 158 6 115 111 5 98 174 36 163 14 102 3 137 173 113 25 60 171 125 124 38 117 43 161 1 97 31 8 50 10 58 32 168 154 13 34 88 41 53 19 48 94 122 90 54 2 151 105 12 110 119 114 29 135 73 15 175 116 33 9 86 20 71 169 147 128 140 142 7 112 16 93 130 4 85 69 
176 144 95 21 35 75 132 108 27 11 103 101 96 121 107 57 68 18 145 82 91 22 26 100 77 63 126 84 158 6 115 111 5 98 174 36 163 14 102 3 137 173 176 113 25 60 171 125 124 38 117 43 161 1 97 31 8 50 10 58 32 168 154 13 34 88 41 53 19 48 94 122 90 54 2 151 105 12 110 119 114 29 135 73 15 175 116 33 9 86 20 71 169 147 128 140 142 7 112 16 93 130 4 85 69 
177 144 95 21 35 75 132 108 27 11 103 101 96 121 107 57 68 18 145 82 91 22 26 100 77 63 126 84 158 6 115 111 5 98 174 36 163 14 102 3 137 173 176 113 25 60 171 125 124 38 117 43 161 1 97 31 8 50 10 58 32 168 154 13 34 88 41 53 19 48 94 122 90 54 2 151 105 12 110 119 114 29 135 73 177 15 175 116 33 9 86 20 71 169 147 128 140 142 7 112 16 93 130 4 85 69 
178 144 95 21 35 75 132 108 27 11 103 101 96 121 107 57 68 18 145 82 91 22 26 100 77 63 126 84 158 6 115 111 5 98 174 36 163 14 102 3 137 173 176 113 25 60 171 125 124 38 117 43 161 1 97 31 8 50 10 58 32 168 154 13 34 88 41 53 19 48 94 122 90 54 2 151 105 12 110 119 114 29 135 73 178 177 15 175 116 33 9 86 20 71 169 147 128 140 142 7 112 16 93 130 4 85 69 
179 144 95 21 35 75 132 108 27 11 103 101 96 121 107 57 68 18 145 82 91 22 26 100 77 63 126 84 158 6 115 111 5 98 174 36 163 14 102 3 137 173 176 113 25 60 171 125 124 38 117 43 161 1 97 179 31 8 50 10 58 32 168 154 13 34 88 41 53 19 48 94 122 90 54 2 151 105 12 110 119 114 29 135 73 178 177 15 175 116 33 9 86 20 71 169 147 128 140 142 7 112 16 93 130 4 85 69 
180 144 95 21 35 75 132 108 27 11 103 101 96 121 107 57 68 18 145 82 91 22 26 100 77 63 126 84 158 6 115 111 5 98 174 36 163 14 102 3 137 173 176 113 25 60 171 125 124 38 117 43 161 1 97 179 31 8 50 10 58 32 168 154 13 34 88 41 53 19 48 94 122 90 54 2 151 105 12 110 119 114 29 135 73 178 177 15 175 116 33 9 86 20 71 169 147 128 140 142 7 112 16 93 130 4 85 69 
181 144 95 21 35 75 132 108 27 11 103 101 96 121 107 57 68 18 145 82 91 22 26 100 77 63 126 84 158 6 115 111 5 98 174 36 163 14 102 3 137 173 176 113 25 60 171 125 124 38 117 43 161 1 97 179 31 8 50 10 58 32 168 154 13 34 88 41 53 19 48 94 122 90 54 2 151 105 12 110 119 114 181 29 135 73 178 177 15 175 116 33 9 86 20 71 169 147 128 140 142 7 112 16 93 130 4 85 69 
182 144 95 21 35 75 132 108 27 11 103 101 96 121 107 57 68 18 145 82 91 22 26 100 77 63 126 84 158 6 115 111 5 98 174 36 163 14 102 3 137 173 176 113 25 60 171 125 124 38 117 43 161 1 97 179 31 8 50 10 58 32 168 154 13 34 88 41 53 19 48 94 122 90 54 2 151 105 12 110 119 114 181 29 135 73 182 178 177 15 175 116 33 9 86 20 71 169 147 128 140 142 7 112 16 93 130 4 85 69 
183 144 95 21 35 75 132 108 27 11 103 101 96 121 107 57 68 18 145 82 91 22 183 26 100 77 63 126 84 158 6 115 111 5 98 174 36 163 14 102 3 137 173 176 113 25 60 171 125 124 38 117 43 161 1 97 179 31 8 50 10 58 32 168 154 13 34 88 41 53 19 48 94 122 90 54 2 151 105 12 110 119 114 181 29 135 73 182 178 177 15 175 116 33 9 86 20 71 169 147 128 140 142 7 112 16 93 130 4 85 69 
184 144 95 21 35 75 132 108 27 11 103 101 96 121 107 57 68 18 145 82 91 22 183 26 100 77 63 126 84 158 6 115 111 5 98 174 36 163 14 102 3 137 173 176 113 25 60 171 125 124 38 117 43 161 1 97 179 31 8 50 10 58 32 168 154 13 34 88 41 53 19 48 94 122 90 54 2 151 105 12 110 119 114 181 184 29 135 73 182 178 177 15 175 116 33 9 86 20 71 169 147 128 140 142 7 112 16 93 130 4 85 69 
185 144 95 21 35 75 132 108 27 11 103 101 96 121 107 57 68 18 145 82 91 22 183 26 100 77 63 126 84 158 6 115 111 5 98 174 36 163 14 102 3 137 173 176 185 113 25 60 171 125 124 38 117 43 161 1 97 179 31 8 50 10 58 32 168 154 13 34 88 41 53 19 48 94 122 90 54 2 151 105 12 110 119 114 181 184 29 135 73 182 178 177 15 175 116 33 9 86 20 71 169 147 128 140 142 7 112 16 93 130 4 85 69 
186 144 95 21 35 75 132 108 27 11 103 101 96 121 107 57 68 18 145 82 91 22 183 26 100 77 63 126 84 158 6 115 111 5 98 174 36 163 14 102 3 137 173 176 185 113 25 60 171 125 124 38 117 43 161 1 97 179 31 8 50 10 58 32 168 154 13 34 88 41 53 19 48 94 122 90 54 2 151 105 12 110 119 114 181 184 29 135 73 182 178 177 15 175 116 33 9 86 20 71 169 147 128 140 142 7 112 16 93 186 130 4 85 69 
187 144 95 21 35 75 132 108 27 11 103 101 96 121 107 57 68 18 145 82 91 22 183 26 100 77 63 126 84 158 6 115 111 5 98 174 36 163 14 102 187 3 137 173 176 185 113 25 60 171 125 124 38 117 43 161 1 97 179 31 8 50 10 58 32 168 154 13 34 88 41 53 19 48 94 122 90 54 2 151 105 12 110 119 114 181 184 29 135 73 182 178 177 15 175 116 33 9 86 20 71 169 147 128 140 142 7 112 16 93 186 130 4 85 69 
188 144 95 21 35 75 132 108 27 11 103 101 96 121 107 57 68 18 145 82 91 22 183 26 100 77 63 126 84 188 158 6 115 111 5 98 174 36 163 14 102 187 3 137 173 176 185 113 25 60 171 125 124 38 117 43 161 1 97 179 31 8 50 10 58 32 168 154 13 34 88 41 53 19 48 94 122 90 54 2 151 105 12 110 119 114 181 184 29 135 73 182 178 177 15 175 116 33 9 86 20 71 169 147 128 140 142 7 112 16 93 186 130 4 85 69 
189 144 95 21 35 75 132 108 27 11 103 101 96 121 107 57 68 18 145 82 91 22 183 26 100 77 63 189 126 84 188 158 6 115 111 5 98 174 36 163 14 102 187 3 137 173 176 185 113 25 60 171 125 124 38 117 43 161 1 97 179 31 8 50 10 58 32 168 154 13 34 88 41 53 19 48 94 122 90 54 2 151 105 12 110 119 114 181 184 29 135 73 182 178 177 15 175 116 33 9 86 20 71 169 147 128 140 142 7 112 16 93 186 130 4 85 69 
190 144 95 21 35 75 132 108 27 11 103 101 96 121 107 57 68 18 145 82 91 22 183 26 100 77 63 189 126 84 188 158 6 115 111 5 98 174 36 163 14 102 187 3 137 173 176 185 113 25 60 171 125 124 38 117 43 161 1 97 179 31 8 50 10 58 32 168 154 13 34 88 41 53 19 48 94 122 90 54 2 151 105 12 110 119 114 181 184 29 135 73 182 178 177 15 175 116 33 9 86 20 71 169 147 128 140 142 7 112 16 93 186 130 4 85 69 
191 144 95 21 35 75 132 108 27 11 103 101 96 121 107 57 68 18 191 145 82 91 22 183 26 100 77 63 189 126 84 188 158 6 115 111 5 98 174 36 163 14 102 187 3 137 173 176 185 113 25 60 171 125 124 38 117 43 161 1 97 179 31 8 50 10 58 32 154 13 34 88 41 53 19 48 94 122 90 54 2 151 105 12 110 119 114 181 184 29 135 73 182 178 177 175 116 33 9 86 20 71 169 147 128 140 142 7 112 16 93 186 130 4 85 69 
192 144 95 21 35 75 132 108 27 11 52 103 101 96 121 107 57 192 68 18 191 145 82 91 22 183 26 100 77 63 189 126 84 188 158 6 115 111 5 98 174 36 163 14 102 187 3 137 173 176 185 113 25 60 125 124 38 117 43 161 1 97 179 31 8 50 10 58 32 168 154 13 34 88 41 53 19 48 94 122 90 54 2 151 105 12 110 119 56 114 181 184 29 135 73 182 178 177 15 175 116 33 9 86 20 71 169 147 128 140 142 7 112 16 93 186 130 4 85 69 
193 144 95 21 35 75 132 108 27 11 52 103 101 96 121 107 192 68 18 191 145 82 91 22 183 26 100 77 63 189 126 84 188 158 6 193 115 111 5 98 174 36 163 14 102 187 3 137 173 176 185 113 25 60 125 124 38 117 43 161 1 97 179 31 8 50 10 58 32 168 154 13 34 88 41 19 48 94 122 90 54 2 151 105 12 110 119 56 114 181 184 29 135 73 182 178 177 15 175 116 33 9 86 20 71 169 147 128 140 142 7 112 16 93 186 130 4 69 
194 144 95 21 35 75 132 108 27 11 52 103 101 96 121 107 192 68 18 191 145 82 91 22 183 26 100 77 63 189 126 84 188 158 6 193 115 111 5 98 174 36 163 14 102 187 3 137 173 176 185 113 25 60 125 124 38 117 43 161 1 97 179 31 8 50 10 58 32 168 154 13 34 88 41 19 48 94 122 90 54 2 151 105 12 110 119 56 114 181 184 29 135 73 182 178 177 15 175 116 33 9 86 20 71 169 147 128 140 142 7 112 16 93 186 194 130 4 69 
195 144 95 21 35 75 132 108 27 11 52 103 101 96 121 107 192 68 18 191 145 82 91 22 183 26 100 77 63 189 126 84 188 158 6 193 115 111 5 98 174 36 163 14 102 187 3 137 173 176 185 113 25 60 125 124 38 117 43 161 1 97 179 31 8 50 10 58 32 168 154 13 34 88 41 19 48 94 122 90 54 2 151 105 12 110 119 56 114 181 184 29 135 73 182 178 177 15 175 116 33 9 86 20 71 169 147 128 140 142 7 112 16 93 186 194 130 4 69 
196 144 95 21 35 75 132 108 27 11 52 103 101 96 121 107 68 18 191 145 82 91 22 183 26 100 77 63 189 126 84 188 158 6 193 115 111 5 98 174 36 163 14 102 187 3 137 173 176 185 113 25 60 125 124 38 117 43 161 1 97 179 31 8 50 10 58 32 168 154 13 34 88 41 19 48 94 122 90 54 2 151 105 12 110 119 56 114 181 184 29 135 73 182 178 177 15 175 116 33 9 86 20 71 169 147 196 128 140 142 7 112 16 93 186 194 130 4 69 
197 144 95 21 35 75 132 108 27 11 52 197 103 101 96 121 107 68 18 191 145 82 91 22 183 26 100 77 63 189 126 84 188 158 6 115 111 5 98 174 36 163 14 102 187 3 137 173 176 185 113 25 60 125 124 38 117 43 161 1 97 179 31 8 50 10 58 32 168 154 13 34 88 41 19 48 94 122 90 54 2 151 105 12 110 119 56 114 181 184 29 135 73 182 178 177 15 175 116 33 9 86 20 71 169 147 196 128 140 142 7 112 16 93 186 194 130 4 69 
198 144 95 21 35 75 132 108 27 11 52 197 103 101 96 121 107 192 68 18 191 145 82 91 22 183 26 100 77 63 189 126 84 188 158 6 193 115 111 5 98 174 36 163 14 102 187 3 137 173 176 185 113 25 60 125 124 38 117 43 161 1 97 179 31 8 50 10 58 32 198 168 154 13 34 88 41 19 48 94 122 90 54 2 151 105 12 110 119 56 114 181 184 29 135 73 182 178 177 15 175 116 33 9 86 20 71 169 147 196 128 140 142 7 112 16 93 186 194 130 4 69 
199 144 95 21 35 75 132 108 27 11 52 197 103 101 96 121 107 192 68 18 191 145 82 91 22 183 26 100 77 63 189 126 84 188 158 6 193 115 111 5 98 174 36 163 14 102 187 3 137 173 176 185 113 25 60 125 124 38 117 43 161 1 97 179 31 8 50 10 58 32 198 168 154 13 34 88 41 19 48 94 122 90 54 2 151 105 12 110 119 56 114 181 184 29 135 73 182 178 177 15 175 116 33 9 86 20 71 169 147 196 128 140 142 7 112 16 93 186 194 130 4 69 
200 144 95 21 35 75 132 108 27 11 52 197 103 101 96 121 107 192 68 18 191 145 82 91 22 183 26 100 77 63 189 126 84 188 158 6 193 115 111 5 98 174 36 163 14 102 187 3 137 173 176 185 113 25 60 125 124 38 117 43 161 1 97 179 31 8 50 10 58 32 198 168 154 13 34 88 41 19 48 94 122 90 54 2 151 105 12 110 200 119 56 114 181 184 29 135 73 182 178 177 15 175 116 33 9 86 20 71 169 147 196 128 140 142 7 112 16 93 186 194 130 4 69 
201 144 95 21 35 75 132 108 27 11 52 197 103 101 96 121 107 192 68 18 191 145 82 91 22 183 26 100 77 63 189 126 84 188 158 6 193 115 111 5 98 174 36 163 14 102 187 3 137 173 176 185 113 25 60 125 124 38 117 43 161 1 97 179 31 8 50 10 58 32 198 168 154 13 34 88 41 19 48 94 122 90 54 2 151 105 12 110 200 119 56 114 181 184 29 135 73 182 178 177 15 175 116 33 9 86 20 71 169 147 201 196 128 140 142 7 112 16 93 186 194 130 4 69 
202 144 95 21 35 75 132 108 27 11 52 197 103 101 96 121 107 192 68 18 191 145 82 91 22 183 26 100 77 63 189 126 84 188 158 6 193 115 111 5 98 174 36 163 14 102 187 3 137 173 202 176 185 113 25 60 125 124 38 117 43 161 1 97 179 31 8 50 10 58 32 198 168 154 13 34 88 41 19 48 94 122 90 54 2 151 105 12 110 200 119 56 114 181 184 29 135 73 182 178 177 15 175 116 33 9 86 20 71 169 147 201 196 128 140 142 7 112 16 93 186 194 130 4 69 
203 144 95 21 35 75 132 108 27 11 52 197 103 101 96 121 107 192 68 18 191 145 82 91 22 183 26 100 77 63 189 126 84 188 158 6 193 115 111 5 98 174 36 163 14 102 187 3 137 173 202 176 185 113 25 60 125 124 38 117 43 161 1 97 179 31 8 50 10 58 32 198 168 154 13 34 88 41 19 48 94 122 90 54 2 151 105 12 110 200 119 56 114 181 184 29 135 73 182 178 177 15 175 116 33 9 86 20 71 169 147 201 196 128 140 142 7 112 16 93 186 194 130 4 69 
204 144 95 21 35 75 132 108 27 11 52 197 103 101 96 121 107 192 68 18 191 145 82 91 22 183 26 100 77 63 189 126 84 188 158 6 193 115 111 5 98 174 36 163 14 102 187 3 137 173 202 176 185 113 25 60 125 124 38 117 43 161 1 97 179 31 8 50 10 58 32 198 168 154 13 34 88 41 19 48 94 122 90 54 2 151 105 12 110 200 119 56 114 181 184 29 135 73 182 178 177 15 175 116 33 9 86 20 71 169 147 201 196 128 140 142 7 112 16 93 186 194 130 4 204 69 
205 144 95 21 35 75 132 108 27 11 52 197 103 101 96 121 107 192 68 18 191 145 82 91 22 183 26 100 77 63 189 126 84 188 158 6 193 115 111 5 98 174 36 163 14 102 187 3 137 173 202 176 185 113 25 60 125 124 38 117 43 161 1 97 179 31 8 50 10 58 32 198 168 154 13 34 88 41 19 48 94 122 90 54 2 151 105 12 110 200 119 56 114 181 184 29 135 73 182 178 177 15 175 116 33 9 86 20 71 169 147 201 196 128 140 142 7 112 16 93 186 194 130 4 204 69 
206 144 95 21 35 75 132 108 27 11 52 197 103 101 96 121 107 192 68 18 191 145 82 91 22 183 26 100 77 63 189 126 84 188 158 6 193 115 111 5 98 174 36 163 14 102 187 3 137 173 202 176 185 113 25 60 125 124 38 117 43 161 1 97 179 31 8 50 10 58 32 198 168 154 13 34 88 41 19 48 94 122 90 54 2 151 105 12 206 110 200 119 56 114 181 184 29 135 73 182 178 177 15 175 116 33 9 86 20 71 169 147 201 196 128 140 142 7 112 16 93 186 194 130 4 69 
207 144 95 21 35 75 132 108 27 11 52 197 103 101 96 121 107 192 68 18 191 145 82 91 22 183 26 100 77 63 189 126 84 188 158 6 193 115 111 5 98 174 36 163 14 102 187 3 137 173 202 176 185 113 25 60 125 124 38 117 43 161 1 97 179 31 8 50 10 58 32 198 168 154 13 34 88 41 19 48 94 122 90 54 2 151 105 12 206 110 200 119 56 114 181 184 29 135 73 182 178 177 15 175 116 33 9 86 20 71 169 147 201 196 128 140 142 7 112 16 93 186 194 130 4 204 69 
208 144 95 21 35 75 132 27 208 11 52 197 103 101 96 121 107 192 68 18 191 145 82 91 22 183 26 100 77 63 189 126 84 188 158 6 193 115 111 5 98 174 36 163 14 102 187 3 137 173 202 176 185 113 25 60 125 124 38 117 43 161 1 97 179 31 8 50 10 58 32 198 168 154 13 34 88 41 19 48 94 54 2 151 105 12 206 110 200 119 56 114 181 184 29 135 73 182 178 177 15 175 116 33 9 86 20 71 169 147 201 196 128 140 142 7 112 16 93 186 194 130 4 204 69 
209 144 95 21 35 75 132 27 208 11 52 197 103 101 96 121 107 192 68 18 191 145 82 91 22 183 26 100 77 63 189 126 84 188 158 6 193 115 111 5 98 174 36 163 14 102 187 3 137 173 202 176 185 113 25 60 125 124 38 117 43 161 1 97 179 31 8 50 10 58 32 198 168 154 13 34 88 41 19 48 94 54 2 151 105 12 206 110 200 119 56 114 181 184 29 135 73 182 178 177 15 175 116 33 9 86 20 71 169 147 201 196 128 140 142 7 112 16 93 186 194 130 4 204 69 
210 144 95 21 35 75 132 27 208 11 52 197 103 101 96 121 107 192 68 18 191 145 82 91 22 183 26 100 77 63 189 126 84 188 158 6 193 115 111 5 98 174 36 163 14 102 187 3 137 173 202 176 185 113 25 60 125 124 38 117 43 161 1 97 179 31 8 50 10 58 32 198 168 154 13 34 88 41 19 48 94 54 2 151 105 12 206 110 200 119 56 114 181 184 29 135 73 182 178 177 15 175 116 33 9 86 20 71 169 147 201 196 128 140 142 7 112 16 93 186 194 130 4 204 69 
211 144 95 21 35 75 132 27 208 11 52 197 103 101 96 121 107 192 68 18 191 145 82 91 22 183 26 100 77 63 189 126 84 188 158 6 193 115 111 5 98 174 36 163 14 102 187 3 137 173 202 176 185 113 25 60 125 124 38 117 43 161 1 97 179 31 8 50 10 58 32 198 168 154 13 34 88 41 19 48 94 54 2 151 105 12 206 110 200 119 56 114 181 184 29 135 73 182 178 177 15 175 116 33 9 86 20 71 169 147 201 196 211 128 140 142 7 112 16 93 186 194 130 4 204 69 
212 144 95 21 35 75 132 27 208 11 52 197 103 101 96 121 107 192 68 18 191 145 82 91 22 183 26 100 77 63 189 126 84 188 158 6 193 115 111 5 98 174 36 163 14 102 187 3 137 173 202 176 185 113 25 60 125 124 38 117 43 161 1 97 179 31 8 50 10 58 32 198 168 154 13 34 88 41 19 48 94 54 2 151 105 12 206 110 200 119 56 114 181 184 29 135 73 182 178 177 15 175 116 33 9 86 20 71 169 147 201 196 211 128 140 142 7 112 16 93 186 194 130 4 204 69 
213 144 95 21 35 75 132 27 208 11 52 197 103 101 96 121 107 192 68 18 191 145 82 91 22 183 26 100 77 63 189 126 84 188 158 6 193 115 111 5 98 174 36 163 14 102 187 3 137 173 202 176 185 113 25 60 125 124 38 117 43 161 1 97 179 31 8 50 10 58 32 198 168 154 13 34 88 41 19 48 94 54 2 151 105 12 206 110 200 119 56 114 181 184 29 135 73 182 178 177 15 175 116 33 9 86 20 71 169 147 201 196 211 128 140 142 7 112 16 93 186 194 130 4 204 69 
214 144 95 21 35 75 132 27 208 11 52 197 103 101 96 121 107 192 68 18 191 145 82 91 22 183 26 100 77 63 189 126 84 188 158 6 193 115 111 5 98 174 36 163 14 102 187 3 137 173 202 176 185 113 25 60 125 124 38 117 43 161 1 97 179 31 8 50 10 58 32 198 168 154 13 34 88 41 19 48 94 54 2 151 105 12 206 110 200 119 56 114 181 184 29 135 73 182 178 177 15 175 116 33 9 86 20 71 169 147 201 196 211 128 140 142 7 112 16 93 186 194 130 4 204 69 
