1 1 
2 1 2 
3 1 2 3 
4 1 4 2 3 
5 1 4 2 3 
6 1 4 2 3 6 
7 1 4 2 3 6 
8 1 4 2 8 3 6 
9 1 4 2 8 3 6 9 
10 1 4 2 8 3 6 9 
11 1 4 2 3 6 9 11 
12 1 4 2 3 6 9 12 11 
13 1 4 2 13 3 6 9 12 11 
14 1 4 2 13 3 6 9 12 11 
15 1 4 2 13 3 6 9 12 11 
16 1 4 2 13 3 6 9 16 12 11 
17 1 17 4 2 13 3 6 9 16 12 11 
18 4 20 9 1 21 18 17 2 13 3 6 16 22 12 11 
19 4 20 9 1 18 21 17 2 13 3 6 16 22 12 11 
20 4 20 9 1 18 21 17 2 13 3 6 16 22 12 11 
21 4 20 9 1 18 21 17 2 13 3 6 16 22 12 11 
22 4 20 9 1 18 21 17 2 13 3 6 16 22 12 11 
23 4 20 9 1 18 21 17 2 13 3 6 16 22 12 11 
24 4 20 9 1 18 21 17 2 13 3 6 16 22 12 11 
25 4 20 9 1 18 21 17 2 13 3 6 16 22 12 11 
26 4 8 20 9 26 1 18 21 2 13 3 6 16 22 12 11 
27 4 8 20 9 26 1 18 21 2 13 3 6 16 22 12 11 
28 4 20 9 26 1 18 21 2 13 3 6 16 22 12 28 
29 4 20 9 26 1 18 21 2 13 29 3 6 16 22 12 28 
30 4 20 9 26 1 18 21 2 13 30 29 3 6 16 22 12 28 
31 4 20 9 26 1 18 21 2 13 30 29 3 6 16 22 12 28 
32 4 20 9 26 1 18 21 2 13 30 29 3 6 16 22 12 28 
33 4 20 9 26 1 18 21 2 33 13 30 29 3 6 16 22 12 28 
34 4 20 9 26 34 1 18 2 33 13 30 29 3 6 16 22 12 28 
35 4 37 20 9 26 34 1 18 38 39 2 33 13 30 35 29 3 6 16 22 12 28 
36 4 37 20 9 26 34 1 18 38 39 2 33 13 30 35 29 3 6 16 22 12 28 
37 4 20 37 9 26 34 1 18 38 39 2 33 13 30 35 29 3 6 16 22 12 28 
38 4 37 20 9 26 1 18 39 38 2 33 13 30 35 29 3 6 16 22 12 28 
39 4 37 20 9 26 1 18 38 39 2 33 13 30 35 29 3 6 16 22 12 28 
40 4 37 20 9 26 1 18 38 39 2 33 13 30 35 29 3 6 16 22 12 28 
41 4 37 20 9 26 1 18 38 39 2 33 13 30 35 29 3 6 16 22 12 28 
42 4 37 20 9 26 1 18 38 39 2 33 13 30 35 29 3 6 16 22 12 28 
43 4 8 20 37 9 26 39 1 18 2 33 30 13 35 29 43 3 6 16 22 12 28 11 
44 60 8 70 56 20 37 9 67 55 39 49 30 71 29 43 65 16 22 53 12 11 47 46 59 66 63 4 26 69 44 1 18 2 33 13 35 52 3 6 62 28 
45 60 8 70 56 20 37 9 67 55 39 49 30 71 29 43 65 16 22 53 12 11 47 46 59 66 63 4 26 69 44 1 18 2 33 13 35 52 3 6 62 28 
46 60 8 70 56 20 37 9 67 55 39 49 30 71 29 43 65 16 22 53 12 11 47 59 66 46 63 4 26 69 44 1 18 2 33 13 35 52 3 6 62 28 
47 60 8 56 20 37 9 67 55 39 49 30 71 29 65 16 22 53 12 11 47 46 59 66 63 4 26 69 44 1 18 2 33 13 35 52 3 6 62 28 
48 60 8 56 20 37 9 67 55 39 49 30 71 29 65 16 22 53 12 11 47 46 59 66 63 4 26 69 44 1 18 2 33 13 35 52 3 6 62 28 
49 60 8 56 20 37 9 67 55 39 49 30 71 29 65 16 22 53 12 11 47 46 59 66 63 4 26 69 44 1 18 2 33 13 35 52 3 6 62 28 
50 60 8 56 20 37 9 67 55 39 49 30 71 29 65 16 22 53 12 11 47 46 59 66 63 4 26 69 44 1 18 2 33 13 35 52 3 6 62 28 
51 60 8 56 20 37 9 67 55 39 49 30 71 29 65 16 22 53 12 11 47 46 59 66 63 4 26 69 44 1 18 2 33 13 35 52 3 6 62 28 
52 60 8 56 20 37 9 67 55 39 49 30 71 29 65 16 22 53 12 11 47 46 59 66 63 4 26 69 44 1 18 2 33 13 35 52 3 6 62 28 
53 8 20 37 9 67 55 39 49 30 71 29 65 16 22 53 12 11 47 46 59 66 4 26 69 44 1 18 2 33 13 35 52 6 62 28 
54 8 20 37 9 67 55 39 49 30 71 29 65 16 22 53 12 11 47 46 59 66 4 26 69 44 1 18 2 33 13 35 52 6 62 28 
55 60 8 56 20 37 9 67 39 55 49 30 71 29 65 16 22 53 12 11 47 46 59 66 63 4 26 69 44 1 18 2 33 13 35 52 3 6 62 28 
56 8 20 37 56 9 67 55 39 49 30 71 29 65 16 22 12 11 47 46 59 66 4 26 69 44 1 18 2 33 13 35 52 6 62 28 
57 8 56 20 37 9 67 55 39 49 30 71 29 65 16 22 12 11 47 46 59 66 4 26 69 44 1 18 2 33 13 35 52 6 62 28 
58 60 8 56 20 37 9 67 55 39 49 30 71 29 65 16 22 53 12 11 47 46 59 66 63 4 26 69 44 1 18 2 33 13 35 52 3 6 62 28 
59 60 8 56 20 37 9 67 55 39 49 30 71 29 65 16 22 53 12 11 47 46 66 59 63 4 26 69 44 1 18 2 33 13 35 52 3 6 62 28 
60 60 8 20 37 9 67 55 39 49 30 71 29 65 16 22 12 11 47 46 59 66 4 26 69 44 1 18 2 33 13 35 52 6 62 28 
61 60 8 20 37 9 67 55 39 49 30 71 29 65 16 22 12 11 47 46 59 66 4 26 69 44 1 18 2 33 13 35 52 6 62 28 
62 60 8 56 20 37 9 67 55 39 49 30 71 29 65 16 22 53 12 11 47 46 59 66 63 4 26 69 44 1 18 2 33 13 35 52 3 6 62 28 
63 8 20 37 9 67 55 39 49 30 71 29 65 16 22 12 11 47 46 59 66 63 4 26 69 44 1 18 2 33 13 35 52 6 62 28 
64 60 8 56 20 37 9 67 55 39 49 30 71 29 65 16 22 53 12 11 47 46 59 66 63 4 26 69 44 1 18 2 33 13 35 52 6 62 28 
65 60 8 56 20 37 9 67 55 39 49 30 71 29 65 16 22 53 12 11 47 46 59 66 63 4 26 69 44 1 18 2 33 13 35 52 6 62 28 
66 60 8 56 20 37 9 67 55 39 49 30 71 29 65 16 22 53 12 11 47 46 59 66 63 4 26 69 44 1 18 2 33 13 35 52 6 62 28 
67 60 8 70 56 20 37 9 67 55 39 49 30 71 29 65 16 22 53 12 11 47 46 59 66 63 4 26 69 44 1 18 2 33 13 35 52 6 62 28 
68 60 8 70 56 20 37 9 67 55 39 49 30 71 29 65 16 22 53 12 11 47 46 59 66 63 4 26 69 44 1 18 2 33 13 35 52 6 62 28 
69 60 8 70 56 20 37 9 67 55 39 49 30 71 29 65 16 22 53 12 11 47 46 59 66 63 4 26 69 44 1 18 2 33 13 35 52 6 62 28 
70 60 8 70 56 20 37 9 67 55 39 49 30 71 29 65 16 22 53 12 11 46 59 66 63 4 26 69 44 1 18 2 33 13 35 52 6 62 28 
71 60 8 70 56 20 37 9 67 55 39 49 30 71 29 65 16 22 53 12 11 46 59 66 63 4 26 69 44 1 18 2 33 13 35 52 6 62 28 
72 60 8 70 56 20 37 9 67 55 39 49 30 71 29 65 16 22 53 12 11 46 59 66 63 4 26 69 44 1 18 2 33 13 35 52 6 62 28 
73 60 8 70 56 20 37 9 67 55 39 49 30 71 29 65 16 22 53 12 11 46 59 66 63 4 26 69 44 1 18 2 33 13 35 52 6 62 28 
74 60 8 70 56 20 37 9 67 55 39 49 30 71 29 65 16 22 53 12 11 46 59 66 63 4 26 69 44 1 18 2 33 13 35 52 6 62 28 
75 60 8 70 56 20 37 9 67 55 39 49 30 71 29 65 16 22 53 12 11 47 46 59 66 63 4 26 69 44 1 18 2 33 13 35 52 3 6 62 28 
76 60 8 56 20 37 9 67 55 39 49 30 71 29 65 16 22 53 12 11 46 59 66 63 4 26 69 44 1 18 2 33 13 35 52 76 3 6 62 28 
77 60 79 77 8 56 20 37 9 67 85 87 55 39 49 30 71 29 65 16 22 53 12 11 46 59 66 63 4 88 26 84 69 44 1 18 2 33 13 35 52 76 3 80 6 62 81 28 
78 60 79 77 8 56 20 37 9 67 85 87 55 39 49 30 71 29 65 16 22 53 12 11 46 59 66 63 4 88 26 84 69 44 1 18 2 33 13 35 52 76 3 80 6 62 81 28 
79 60 79 77 8 56 20 37 9 67 85 87 55 39 49 30 71 29 65 16 22 53 12 11 46 59 66 63 4 88 26 84 69 44 1 18 2 33 13 35 52 76 3 80 6 62 81 28 
80 60 79 77 8 56 20 37 9 67 85 87 55 39 49 30 71 29 65 16 22 53 12 11 46 59 66 63 4 88 26 84 69 44 1 18 2 33 13 35 52 3 80 6 62 81 28 
81 60 79 77 8 56 20 37 9 67 85 87 55 39 49 30 71 29 65 16 22 53 12 11 46 59 66 63 4 88 26 84 69 44 1 18 2 33 13 35 52 3 80 6 62 81 28 
82 60 79 77 8 56 20 37 9 67 85 87 55 39 49 30 71 29 65 16 22 53 12 11 46 59 66 63 4 88 26 84 69 44 1 18 2 33 13 35 52 3 80 6 62 81 28 
83 60 79 77 8 56 20 37 9 67 85 87 55 39 49 30 71 29 65 16 22 53 12 11 46 59 66 63 4 88 26 84 69 44 1 18 2 33 13 35 52 3 80 6 62 81 28 
84 60 79 77 8 56 20 37 9 67 85 87 55 39 49 30 71 29 65 16 22 53 12 11 46 59 66 63 4 88 26 69 84 44 1 18 2 33 13 35 52 3 80 6 62 81 28 
85 79 77 8 20 37 9 67 87 85 55 39 49 30 71 29 65 16 22 12 11 46 59 66 4 26 84 69 44 1 18 2 33 13 35 52 80 6 62 81 28 
86 79 77 8 20 37 9 67 85 87 55 39 49 30 71 29 65 16 22 12 11 46 59 66 4 26 84 69 44 1 18 2 33 13 35 52 80 6 62 81 28 
87 60 79 77 8 56 20 37 9 67 85 87 55 39 49 30 71 29 65 16 22 53 12 11 46 59 66 63 4 88 26 84 69 44 1 18 2 33 13 35 52 3 80 6 62 81 28 
88 79 77 8 20 37 9 67 87 55 39 49 30 71 29 65 16 22 12 11 46 59 66 4 88 26 84 69 44 1 18 2 33 13 35 52 80 6 62 81 28 
89 60 79 77 8 56 20 37 9 67 85 87 55 39 49 30 71 29 65 16 22 53 12 11 46 59 66 63 4 88 26 84 69 44 1 18 2 33 13 35 52 3 80 6 62 81 28 
90 60 79 77 8 56 20 37 9 67 85 87 55 39 49 30 71 29 65 16 22 53 12 11 46 59 66 63 4 88 26 84 69 44 1 18 2 33 13 35 52 76 3 80 6 62 81 28 
