1 1 
2 2 1 
3 2 3 1 
4 2 3 1 
5 5 2 3 1 
6 5 2 3 1 
7 5 2 7 3 1 
8 8 5 2 7 3 1 
9 9 8 5 2 7 3 1 
10 9 8 5 2 7 3 1 
11 11 5 2 3 1 
12 11 5 2 3 1 
13 11 5 2 3 1 13 
14 11 5 2 3 1 13 
15 11 5 15 2 3 1 13 
16 16 11 5 15 2 3 1 13 
17 16 17 11 5 15 2 3 1 13 
18 16 17 11 5 15 2 3 1 13 
19 11 19 5 2 3 1 13 
20 11 19 5 2 3 1 13 
21 11 19 5 21 2 3 1 13 
22 11 19 5 21 2 3 1 13 
23 23 11 19 5 21 2 3 1 13 
24 23 24 11 19 5 21 2 3 1 13 
25 23 24 11 19 25 5 21 2 3 1 13 
26 23 24 11 19 25 5 21 2 3 1 13 
27 11 19 5 21 2 27 3 1 13 
28 11 19 5 21 2 27 3 1 13 
29 29 11 19 5 21 2 27 3 1 13 
30 29 11 19 5 21 2 27 3 1 13 
31 29 11 19 31 5 21 2 27 3 1 13 
32 29 11 19 31 5 21 32 2 27 3 1 13 
33 29 11 31 5 21 2 3 33 1 19 32 27 13 
34 29 11 31 5 21 2 3 33 1 19 32 27 13 
35 29 35 11 19 5 21 2 27 3 1 13 
36 29 35 11 19 5 21 2 27 3 1 13 
37 29 35 11 19 5 21 2 37 27 3 1 13 
38 29 35 11 19 5 21 2 37 27 3 1 13 
39 29 35 11 5 21 2 3 1 39 19 37 27 13 
40 29 35 11 40 5 21 2 3 1 39 19 37 27 13 
41 29 35 11 40 5 21 2 3 1 39 19 37 27 41 13 
42 29 35 11 40 5 21 2 3 1 39 19 37 27 41 13 
43 29 35 43 11 5 21 2 3 1 19 37 27 13 
44 29 35 43 11 5 21 2 3 1 19 37 27 13 
