1 1 
2 1 2 
3 1 3 2 
4 1 3 4 2 
5 1 3 4 5 2 
6 1 3 4 5 6 2 
7 5 6 1 15 14 3 17 10 4 7 11 12 2 
8 5 6 1 15 14 3 17 10 4 7 11 12 2 
9 5 6 1 15 14 3 17 10 4 7 11 12 2 
10 5 6 1 15 14 3 17 10 4 7 11 12 2 
11 5 6 1 15 14 3 17 10 4 7 11 12 2 
12 5 6 1 15 14 3 17 10 4 7 11 12 2 
13 5 6 1 15 14 3 17 10 4 7 11 12 2 
14 5 6 1 15 14 3 17 10 4 7 11 12 2 
15 5 6 1 15 14 3 17 10 4 7 11 12 2 
16 5 6 1 15 14 3 17 10 4 7 11 12 2 
17 1 15 14 3 17 10 5 6 7 11 12 2 
18 5 6 1 15 14 3 17 10 4 7 11 12 2 
19 5 6 1 15 14 3 17 10 4 7 11 12 2 
20 5 6 20 1 15 14 3 17 10 4 7 11 12 2 
21 5 6 20 1 15 14 3 17 10 4 7 11 12 2 
22 5 6 20 1 15 14 3 17 10 4 7 11 12 2 
23 5 6 1 15 14 3 17 10 4 7 11 12 2 
24 5 6 1 15 14 24 3 17 10 4 7 11 12 2 
25 5 6 1 15 24 14 3 17 10 4 7 11 12 2 
26 5 6 1 15 24 14 3 17 10 4 7 11 12 2 
27 5 6 1 15 24 14 3 17 10 4 7 11 12 2 
