1 1 
2 2 1 
3 2 1 3 
4 2 1 4 3 
5 2 5 1 4 3 
6 2 5 1 4 6 3 
7 2 5 1 4 6 3 7 
8 2 5 1 4 6 8 3 7 
9 2 5 1 4 6 9 8 3 7 
10 2 5 1 4 6 9 8 3 7 10 
11 2 5 1 4 6 9 8 3 7 10 
12 2 5 1 4 6 9 8 3 7 10 
13 2 5 1 4 6 9 8 3 13 7 10 
14 2 5 1 4 6 9 14 8 3 13 7 10 
15 1 9 14 3 13 10 2 5 4 6 15 8 7 
16 1 9 14 3 13 10 2 5 4 6 15 8 7 
17 1 9 14 3 13 17 10 2 5 4 6 15 8 7 
18 1 9 14 18 3 13 17 10 2 5 4 6 15 8 7 
19 1 9 14 18 3 13 17 10 2 5 4 6 15 8 7 
20 1 9 14 18 3 13 17 20 10 2 5 4 6 15 8 7 
21 1 9 14 18 3 13 17 20 10 2 5 4 6 15 21 8 7 
22 22 1 9 14 18 3 13 17 20 10 2 5 4 6 15 21 8 7 
23 22 1 9 14 18 3 13 17 20 10 2 5 4 6 15 23 21 8 7 
24 22 1 9 14 18 3 13 17 20 10 2 5 4 6 15 23 21 8 7 
25 22 1 9 14 18 3 13 17 20 10 2 5 4 6 15 23 21 8 25 7 
26 22 1 9 14 18 3 13 17 20 10 2 5 4 6 15 23 21 8 26 25 7 
27 22 1 27 9 14 18 3 13 17 20 10 2 5 4 6 15 23 21 8 26 25 7 
28 22 1 27 9 14 18 3 13 17 20 10 2 5 4 6 15 23 21 8 26 25 7 
29 22 1 27 9 14 18 3 13 17 20 29 10 2 5 4 6 15 23 21 8 26 25 7 
30 22 1 27 9 14 18 3 13 17 20 29 10 2 5 4 6 15 23 21 8 26 25 7 
31 22 1 9 14 18 3 13 17 20 10 2 5 4 6 15 23 21 8 7 31 
32 22 1 9 14 18 3 13 17 20 10 2 5 4 6 15 23 21 8 7 31 
33 22 1 9 14 18 3 13 17 20 10 2 5 4 6 15 23 21 8 7 31 33 
34 22 1 9 14 18 3 13 17 20 34 10 2 5 4 6 15 23 21 8 7 31 33 
35 22 1 9 14 18 3 13 17 20 34 10 2 5 4 6 35 15 23 21 8 7 31 33 
36 22 1 9 14 18 3 13 17 20 34 10 2 5 4 6 35 15 23 21 8 7 31 33 
37 37 22 1 9 14 18 3 13 17 20 34 10 2 5 4 6 35 15 23 21 8 7 31 33 
38 37 22 1 9 14 18 3 13 17 20 34 10 2 5 4 6 35 15 23 21 8 7 31 33 
39 22 1 9 14 18 3 13 17 20 10 2 5 39 4 6 15 23 21 8 7 31 
40 22 1 9 14 18 3 13 17 20 10 2 5 39 4 6 15 23 21 8 7 31 
41 22 1 9 14 18 3 13 17 20 10 2 5 39 4 6 15 23 21 8 7 31 
42 9 14 18 17 20 34 29 10 2 5 6 35 15 21 8 26 42 25 7 31 33 37 22 1 27 3 13 4 23 
43 9 14 18 17 20 34 29 10 2 5 6 35 15 21 8 26 42 25 7 31 33 37 22 1 27 3 13 4 23 
44 9 14 44 18 17 20 34 29 10 2 5 6 35 15 21 8 26 42 25 7 31 33 37 22 1 27 3 13 4 23 
45 9 14 44 18 17 20 34 29 10 2 5 6 35 15 21 8 26 42 25 7 31 33 37 22 1 27 3 13 4 23 
46 9 14 44 18 17 20 34 29 10 2 5 6 35 15 21 8 26 42 25 7 31 33 37 22 1 27 3 13 4 23 
47 9 14 44 18 17 20 34 29 10 2 5 6 35 15 21 8 26 47 42 25 7 31 33 37 22 1 27 3 13 4 23 
48 9 14 44 18 17 20 34 29 10 2 5 6 35 15 21 8 26 47 42 25 7 31 33 37 22 1 27 3 13 4 23 
49 1 9 14 18 3 13 17 10 2 5 4 6 15 8 7 49 
50 1 50 9 14 18 3 13 17 10 2 5 4 6 15 8 7 49 
51 1 50 9 14 18 3 13 17 10 2 51 5 4 6 15 8 7 49 
52 52 1 50 9 14 18 3 13 17 10 2 51 5 4 6 15 8 7 49 
53 52 1 50 53 9 14 18 3 13 17 10 2 51 5 4 6 15 8 7 49 
54 52 1 50 53 9 14 18 3 13 17 10 2 51 5 4 6 54 15 8 7 49 
55 52 1 50 53 9 14 18 3 13 17 55 10 2 51 5 4 6 54 15 8 7 49 
56 52 1 50 53 9 14 18 3 13 17 55 10 2 51 5 4 6 54 56 15 8 7 49 
57 52 1 50 53 9 14 18 3 13 17 55 10 2 51 5 4 6 54 56 15 8 7 49 
58 52 58 1 50 53 9 14 18 3 13 17 55 10 2 51 5 4 6 54 56 15 8 7 49 
59 52 50 9 14 18 17 10 2 5 6 54 59 15 8 7 49 58 1 53 3 13 55 51 4 56 
60 52 50 9 14 18 17 60 10 2 5 6 54 59 15 8 7 49 58 1 53 3 13 55 51 4 56 
61 52 50 9 14 18 61 17 60 10 2 5 6 54 59 15 8 7 49 58 1 53 3 13 55 51 4 56 
62 52 50 9 14 18 61 17 60 10 2 5 6 54 59 15 8 7 49 58 1 53 3 13 55 51 4 56 
63 52 50 9 14 18 61 17 60 10 2 5 6 54 59 15 8 63 7 49 58 1 53 3 13 51 4 56 
64 52 50 9 14 18 61 17 60 10 2 5 6 54 59 15 8 63 7 49 58 1 53 3 13 51 4 56 
65 52 65 1 50 53 9 14 18 3 13 17 55 10 2 51 5 4 6 54 56 15 8 7 49 
66 52 65 1 50 53 9 14 18 3 13 17 55 10 2 51 5 4 6 54 56 15 8 7 49 
67 52 50 9 14 18 17 10 2 5 6 54 15 8 67 7 49 65 1 53 3 13 55 51 4 56 
68 52 50 9 14 18 17 10 2 5 6 54 15 8 67 7 49 65 1 53 68 3 13 55 51 4 56 
69 52 50 9 14 18 17 69 10 2 5 6 54 15 8 67 7 49 65 1 53 68 3 13 55 51 4 56 
70 52 50 9 14 18 17 69 10 2 5 6 54 15 8 67 70 7 49 65 1 53 68 3 13 55 51 4 56 
71 52 50 9 14 18 17 69 10 2 5 6 54 15 8 67 70 7 49 65 1 53 68 3 13 55 51 4 56 
72 52 50 9 14 18 17 69 10 2 5 6 54 15 8 67 70 7 49 65 1 53 68 3 13 51 4 72 56 
73 52 50 9 14 18 61 17 69 60 10 2 5 6 54 59 15 8 67 70 63 7 49 65 58 1 53 68 3 13 55 51 4 72 56 73 
74 52 50 9 14 18 61 17 69 60 10 2 5 6 54 59 15 8 67 70 63 7 49 65 58 1 53 68 3 13 55 51 4 72 56 73 
75 52 50 9 14 18 61 17 69 60 10 2 5 6 54 59 15 8 67 70 63 7 49 65 58 1 53 68 3 13 55 51 4 72 56 73 
76 52 50 9 14 18 61 17 69 60 10 2 5 6 54 59 15 8 67 70 63 7 49 65 76 58 1 53 68 3 13 55 51 4 72 56 73 
77 52 9 14 44 69 60 10 5 6 35 54 59 21 26 47 67 70 7 37 76 53 13 77 4 72 56 73 50 18 61 17 20 34 29 2 15 8 42 25 63 31 33 49 65 58 1 27 68 3 55 23 
78 52 9 14 44 69 60 10 5 6 35 54 59 21 26 47 67 70 7 37 76 53 13 77 4 72 56 73 50 18 61 17 20 34 29 78 2 15 8 42 25 63 31 33 49 65 58 1 27 68 3 55 23 
79 52 9 14 44 69 60 10 5 6 35 54 59 21 26 47 67 70 7 37 76 53 13 77 4 72 56 73 50 18 61 17 20 34 29 78 2 15 8 42 25 63 31 33 49 65 58 1 27 68 3 55 23 
80 52 9 14 44 69 60 10 5 6 35 59 21 26 47 67 70 7 76 53 13 77 80 4 72 56 73 50 18 61 17 20 34 78 2 15 8 42 25 63 31 33 49 65 58 1 27 68 3 55 23 
81 52 9 14 44 69 60 10 5 6 35 59 21 26 47 67 70 7 76 53 13 77 80 4 72 56 73 50 18 61 17 20 34 78 2 15 8 42 25 63 31 33 49 65 58 1 27 68 3 55 23 
82 52 9 14 44 69 60 10 5 6 35 59 21 26 47 67 70 7 76 53 13 77 80 4 72 56 73 50 82 18 61 17 20 34 78 2 15 8 42 25 63 31 33 49 65 58 1 27 68 3 55 23 
83 52 9 14 44 69 60 10 5 6 35 59 21 26 47 67 70 7 76 53 13 77 80 4 72 56 73 50 82 18 61 17 20 34 78 2 15 8 42 25 63 31 33 49 65 58 1 27 68 3 55 23 
84 52 9 14 44 69 60 10 5 6 35 59 21 26 47 67 70 84 7 76 53 13 77 80 4 72 56 73 50 82 18 61 17 20 34 78 2 15 8 42 25 63 31 33 49 65 58 1 27 68 3 55 23 
85 52 9 14 44 69 60 10 5 6 35 59 21 26 47 67 70 84 7 76 53 13 77 80 4 72 56 73 50 82 18 61 17 20 34 78 2 15 8 42 25 63 31 33 49 65 85 58 1 27 68 3 55 23 
86 52 9 14 44 69 60 10 5 6 35 59 21 26 47 67 70 84 7 76 53 13 77 80 4 72 56 73 50 82 18 61 17 20 34 86 78 2 15 8 42 25 63 31 33 49 65 85 58 1 27 68 3 55 23 
87 52 9 14 44 69 60 10 5 6 35 59 21 26 47 67 70 84 7 87 76 53 13 77 80 4 72 56 73 50 82 18 61 17 20 34 86 78 2 15 8 42 25 63 31 33 49 65 85 58 1 27 68 3 55 23 
88 52 9 14 44 69 60 10 5 6 35 59 21 26 47 67 70 84 7 87 76 88 53 13 77 80 4 72 56 73 50 82 18 61 17 20 34 86 78 2 15 8 42 25 63 31 33 49 65 85 58 1 27 68 3 55 23 
89 52 9 14 44 69 60 10 5 6 35 59 21 26 47 67 70 84 7 87 76 88 53 13 77 80 4 72 56 73 50 82 18 61 17 20 34 86 78 2 15 8 42 25 63 31 33 49 89 65 85 58 1 27 68 3 55 23 
90 52 90 9 14 44 69 60 10 5 6 35 59 21 26 47 67 70 84 7 87 76 88 53 13 77 80 4 72 56 73 50 82 18 61 17 20 34 86 78 2 15 8 42 25 63 31 33 49 89 65 85 58 1 27 68 3 55 23 
91 52 90 9 14 44 69 60 10 5 6 35 59 21 26 47 67 70 84 7 87 76 88 53 91 13 77 80 4 72 56 73 50 82 18 61 17 20 34 86 78 2 15 8 42 25 63 31 33 49 89 65 85 58 1 27 68 3 55 23 
92 52 90 9 14 44 69 60 10 5 6 35 59 21 26 47 67 70 84 7 87 76 88 53 91 13 77 80 4 72 56 73 50 82 18 61 17 20 34 86 78 2 15 8 42 25 63 31 33 49 89 65 85 58 1 27 68 3 55 23 
93 52 90 9 14 44 69 60 10 5 6 35 54 59 21 26 47 67 70 84 7 87 37 76 88 53 91 13 77 80 4 72 56 73 50 82 18 61 17 20 34 86 29 78 2 15 8 42 25 63 31 33 49 89 65 85 58 1 27 68 3 55 23 
94 52 90 9 14 44 69 60 10 5 6 35 54 59 21 26 47 67 70 84 7 87 37 76 88 53 91 13 77 80 4 72 56 73 50 82 18 61 17 20 34 86 29 78 2 15 8 42 25 63 31 33 49 89 65 85 58 1 27 68 3 55 23 
