1 1 
2 1 2 
3 1 2 3 
4 1 2 3 4 
5 1 2 3 4 5 
6 1 2 3 4 6 5 
7 7 1 2 3 4 6 5 
8 7 1 2 3 4 8 6 5 
9 7 1 2 3 4 8 6 9 5 
10 7 1 2 3 4 8 6 9 5 
11 7 1 2 3 4 8 6 9 5 
12 7 1 2 3 4 8 6 9 5 12 
13 7 1 2 3 4 8 6 9 5 12 
14 7 1 2 3 4 8 6 9 14 5 12 
15 7 1 2 15 3 4 8 6 9 14 5 12 
16 1 2 15 8 6 9 14 7 16 3 4 5 12 
17 1 2 15 17 8 6 9 14 7 16 3 4 5 12 
18 1 2 15 17 8 6 9 14 7 16 3 4 5 18 12 
19 1 2 15 17 8 6 9 14 7 16 3 4 19 5 18 12 
20 1 2 15 17 8 6 9 14 7 16 3 4 19 5 18 12 
21 1 2 15 17 8 6 9 14 7 16 21 3 4 19 5 18 12 
22 1 2 15 17 8 6 9 14 22 7 16 21 3 4 19 5 18 12 
23 1 2 15 17 23 8 6 9 14 22 7 16 21 3 4 19 5 18 12 
24 1 2 15 17 23 8 6 9 14 22 7 16 21 3 4 19 5 18 12 
25 1 2 15 17 23 8 6 9 14 22 7 25 16 21 3 4 19 5 18 
26 1 2 15 17 23 8 6 9 14 22 7 25 16 21 3 4 19 5 18 
27 1 2 15 17 8 6 9 14 27 7 16 3 4 19 5 18 12 
28 1 2 15 17 8 6 9 14 28 27 7 16 3 4 19 5 18 12 
29 1 2 15 17 8 6 9 14 29 28 27 7 16 3 4 19 5 18 12 
30 1 2 15 17 8 6 9 14 29 28 27 7 16 3 4 19 5 18 12 
31 1 2 15 17 8 6 9 14 29 28 27 7 16 3 31 4 19 5 18 
32 1 2 17 23 8 6 9 14 29 32 22 28 27 7 25 16 21 3 31 4 19 5 18 12 
33 2 23 8 6 28 16 21 3 4 19 1 17 9 14 29 32 22 27 7 25 33 31 5 18 12 
34 2 23 8 6 28 16 21 3 4 19 1 17 9 14 29 32 22 27 7 25 33 31 5 18 12 
35 2 23 8 6 28 16 21 3 4 19 1 17 9 14 29 22 27 7 25 35 33 31 5 18 12 
36 2 23 8 6 36 28 21 3 4 19 1 17 9 14 29 32 22 27 7 25 35 33 31 5 18 12 
37 2 23 8 6 36 28 37 21 3 4 19 1 17 9 14 29 32 22 27 7 25 35 33 31 5 18 12 
38 2 23 8 6 36 28 37 21 3 4 19 1 17 9 14 29 32 22 27 7 25 35 33 31 5 18 12 
39 2 23 8 6 36 28 37 21 3 4 19 1 17 9 14 29 39 32 22 27 7 25 35 33 31 5 18 12 
40 2 23 8 6 28 37 21 3 4 19 40 1 17 9 14 29 39 32 22 27 7 25 35 33 31 5 18 12 
41 2 23 8 6 36 28 37 21 3 4 19 40 41 1 17 9 14 29 39 32 22 27 7 25 35 33 31 5 18 12 
42 2 23 8 6 36 28 37 21 3 4 19 40 41 1 17 9 14 29 39 32 22 27 7 25 35 33 31 5 18 12 
43 2 23 8 6 36 28 37 21 3 4 19 40 41 1 17 9 14 29 39 32 22 27 7 25 35 33 31 5 18 12 
44 2 23 8 6 36 28 37 21 3 4 19 40 41 1 17 9 14 29 39 32 22 27 7 25 35 33 31 5 18 12 
