1 1 
2 2 1 
3 3 2 1 
4 3 2 1 
5 3 2 1 5 
6 3 2 1 5 
7 3 2 1 5 7 
8 3 2 1 5 7 
9 3 2 1 5 7 9 
10 3 2 1 5 7 9 
11 3 2 1 11 5 7 9 
12 3 2 1 11 5 7 9 
13 3 2 1 13 11 5 7 9 
14 3 2 14 1 13 11 5 7 9 
15 3 2 14 1 13 11 5 7 9 
16 3 2 14 1 13 16 11 5 7 9 
17 3 17 2 14 1 16 11 5 7 9 
18 3 17 2 14 1 16 11 5 7 9 
19 3 2 14 1 13 11 19 5 7 9 
20 3 2 14 1 13 11 19 5 7 9 
21 3 21 2 14 1 13 11 19 5 7 9 
22 3 21 2 14 1 22 11 19 5 7 9 
23 2 1 13 22 16 11 19 9 3 17 21 14 5 7 
24 2 1 13 22 16 11 19 9 3 17 21 24 14 5 7 
25 2 1 13 22 16 11 19 9 3 17 21 24 14 5 7 
26 2 26 1 13 22 16 11 19 9 3 17 21 24 14 5 7 
27 2 26 1 13 22 16 11 19 9 3 17 21 24 14 5 7 
28 2 26 1 16 28 11 19 9 3 21 24 14 5 7 
29 2 26 1 29 16 28 11 19 9 3 21 24 14 5 7 
30 2 26 1 29 16 28 11 19 9 3 21 24 14 5 7 
31 2 26 1 29 28 11 19 9 3 24 14 31 5 7 
32 32 2 26 1 29 11 19 9 3 24 14 31 5 7 
33 32 2 26 1 29 11 19 9 3 24 14 31 5 7 
34 34 2 26 1 29 16 28 11 19 9 3 21 24 14 5 7 
35 34 2 26 1 29 16 28 11 19 9 3 21 24 14 5 7 
36 34 2 26 1 29 28 11 19 9 3 24 14 36 5 7 
37 34 2 26 1 29 37 11 19 9 3 24 14 36 5 7 
38 34 2 26 1 29 37 11 19 9 3 24 14 36 5 7 
39 34 2 26 1 29 16 28 11 19 9 3 39 21 24 14 5 7 
40 34 2 26 1 29 16 28 11 19 9 3 39 21 24 14 5 7 
41 34 2 41 26 1 29 28 11 19 9 3 39 24 14 5 7 
42 34 2 41 26 1 29 11 19 9 3 39 24 14 42 5 7 
43 32 34 2 41 26 1 29 37 16 28 11 19 9 3 39 21 24 14 31 36 42 5 7 
44 32 34 2 41 26 1 29 37 16 28 11 44 19 9 3 39 21 24 14 31 36 42 5 7 
45 32 34 2 41 26 1 29 37 16 28 11 44 19 9 3 39 21 24 14 31 36 42 5 7 
46 32 26 1 13 16 37 28 19 9 21 24 46 31 36 5 7 34 2 41 22 29 11 44 3 39 17 14 42 
47 32 26 1 13 16 37 28 19 9 21 24 46 31 36 5 7 34 2 41 22 29 11 44 3 39 17 14 42 
48 32 26 1 13 16 37 28 19 9 21 24 46 31 36 48 5 7 34 2 41 22 29 11 44 3 39 17 14 42 
49 32 26 1 13 16 37 28 19 9 21 24 46 31 36 48 5 7 34 2 41 22 29 11 44 3 39 17 14 42 
50 34 2 41 26 1 29 16 50 11 44 19 9 3 39 21 24 14 46 31 36 48 5 7 
51 34 2 41 26 1 29 16 50 11 44 19 9 3 39 21 24 51 14 46 31 36 48 5 7 
52 34 2 41 26 1 29 16 50 11 44 19 9 3 39 21 24 51 14 46 31 36 48 5 7 
53 34 2 41 26 1 29 16 50 11 44 19 9 3 39 21 24 51 14 46 31 36 48 5 7 
54 32 26 1 13 16 37 28 19 9 21 24 46 31 36 48 54 5 7 34 2 41 22 29 11 44 3 39 17 14 42 
55 32 26 1 13 16 37 28 19 9 21 24 46 31 36 48 54 5 7 34 2 41 22 29 11 44 3 39 17 14 42 
56 34 2 56 41 26 1 29 16 11 44 19 9 3 39 21 24 14 46 31 36 48 54 5 7 
57 56 26 1 16 19 9 21 24 46 31 36 48 54 5 7 34 2 41 29 11 44 3 39 57 14 
58 56 26 1 16 19 9 21 24 46 31 36 48 54 5 7 34 2 41 29 11 44 3 39 57 14 
59 32 56 26 1 13 16 37 28 50 19 9 21 24 51 46 31 36 48 54 5 7 34 2 41 22 29 11 44 3 39 57 17 14 59 42 
60 32 56 26 1 13 16 37 28 50 19 9 21 24 51 46 31 36 48 54 5 7 34 2 41 22 29 11 44 3 39 57 17 14 59 42 
61 61 32 56 26 1 13 16 37 28 50 19 9 21 24 51 46 31 36 48 54 5 7 34 2 41 22 29 11 44 3 39 57 17 14 59 42 
62 61 32 56 26 1 13 16 37 28 50 19 9 21 24 51 46 31 36 48 54 5 7 34 2 41 22 29 11 44 3 39 57 17 14 59 42 
63 61 26 1 16 19 9 21 24 51 46 31 36 48 54 5 7 34 2 41 29 11 44 3 39 57 14 63 59 
64 61 34 2 26 1 29 11 44 19 9 3 39 57 24 51 14 63 59 46 48 64 54 5 7 
65 61 26 1 19 9 24 51 46 48 54 5 7 34 2 65 29 11 44 3 39 57 14 63 59 64 
66 61 26 1 19 9 24 51 46 48 54 5 7 34 2 65 29 11 44 3 39 57 14 63 59 64 
67 61 67 26 1 19 9 24 51 46 48 54 5 7 34 2 65 29 11 44 3 39 57 14 63 59 64 
68 61 67 26 1 19 9 24 51 46 48 54 5 7 68 34 2 65 29 11 44 3 39 57 14 63 59 64 
69 61 67 26 1 19 9 24 51 69 46 48 54 5 7 68 34 2 65 29 11 44 3 39 57 14 63 59 64 
70 61 67 26 1 19 9 24 51 69 46 48 54 5 7 68 34 2 65 29 11 44 3 39 57 14 63 59 64 
71 61 67 26 1 19 9 24 51 69 46 48 54 5 7 68 34 2 65 29 11 44 3 39 57 14 63 59 64 
72 61 32 56 26 1 13 72 16 37 28 50 19 9 21 24 51 46 31 36 48 54 5 7 34 2 41 22 29 11 44 3 39 57 17 14 59 42 
73 61 32 56 26 1 13 72 16 37 28 50 19 9 21 24 51 46 31 36 48 54 5 7 34 2 41 22 29 11 44 3 39 57 17 14 59 42 
74 61 26 1 72 16 19 9 21 24 51 46 31 36 48 54 5 7 74 34 2 41 29 11 44 3 39 57 14 59 
75 61 26 1 72 19 75 9 24 51 46 48 54 5 7 74 34 2 29 11 44 3 39 57 14 59 
76 61 26 1 72 19 75 9 24 51 46 48 54 5 7 74 34 2 29 11 44 3 39 57 76 14 59 
77 61 26 1 72 19 75 9 24 51 46 48 54 5 7 74 34 2 29 11 44 3 39 57 76 14 59 
78 61 78 26 1 72 19 75 9 24 51 46 48 54 5 7 74 34 2 29 11 44 3 39 57 76 14 59 
79 61 78 26 1 72 19 75 9 24 51 46 48 54 5 7 74 34 2 29 11 44 79 3 39 57 76 14 59 
80 61 78 26 1 72 19 75 9 80 24 51 46 48 54 5 7 74 34 2 29 11 44 79 3 39 57 76 14 59 
81 61 78 26 1 72 19 75 9 80 24 51 46 48 54 5 7 74 34 2 29 11 44 79 3 39 57 76 14 59 
82 78 56 1 13 72 28 50 19 75 80 51 46 54 7 68 34 2 65 22 29 11 44 3 17 64 61 32 67 26 16 37 9 21 24 69 31 36 48 5 74 41 82 79 39 57 76 14 63 59 42 
83 78 56 1 13 72 28 50 19 75 80 51 46 54 7 68 34 2 65 22 29 11 44 3 17 64 61 32 67 26 16 37 9 21 24 69 31 36 48 5 74 41 82 79 39 57 76 14 63 59 42 
84 78 56 1 13 72 28 50 19 75 80 51 46 54 7 68 34 2 65 22 29 11 44 3 17 64 61 32 67 26 16 37 9 21 24 69 31 36 48 5 74 84 41 82 79 39 57 76 14 63 59 42 
85 78 56 1 13 72 28 50 19 75 80 51 46 54 7 68 34 2 65 22 29 11 44 3 17 64 61 32 67 26 16 37 9 21 24 69 31 36 48 5 74 84 41 82 79 39 57 76 14 63 59 42 
86 61 67 78 26 1 72 16 19 75 9 80 21 24 51 69 46 31 36 48 54 7 5 68 34 2 65 84 41 86 29 82 11 44 79 3 39 57 76 14 59 64 
87 61 67 78 26 1 72 19 9 80 24 51 69 46 48 54 7 5 68 34 2 65 84 86 29 82 11 44 79 3 39 57 76 14 59 87 
88 61 67 78 26 1 72 19 9 80 24 51 69 46 48 54 7 5 68 34 2 65 84 86 29 88 82 11 44 79 3 39 57 76 14 59 87 
89 61 67 78 26 1 72 19 9 80 24 51 69 46 48 54 7 5 68 34 2 65 84 86 29 88 82 11 44 79 3 39 57 76 14 59 87 
90 61 67 78 26 1 72 19 9 80 24 51 69 46 48 54 7 5 68 34 90 2 65 84 86 29 88 82 11 44 79 3 39 57 76 14 59 87 
91 61 67 78 26 1 72 19 9 80 24 51 69 46 48 54 7 5 68 34 90 2 65 84 86 29 88 82 11 44 79 3 39 57 91 76 14 59 87 
92 61 67 78 26 1 72 19 9 80 24 51 69 46 48 54 7 5 68 34 90 2 65 84 86 29 92 88 82 11 44 79 3 39 57 91 76 14 59 87 
93 61 67 78 26 1 72 19 9 80 24 51 69 46 48 54 7 5 68 34 90 2 65 84 86 29 92 88 82 11 44 79 3 39 57 91 76 14 59 87 
94 61 67 78 26 1 72 19 9 80 24 51 69 46 48 54 7 5 68 34 90 2 65 84 86 29 92 88 82 11 44 79 3 39 57 91 76 14 59 87 
95 78 56 1 13 72 28 50 19 75 80 51 46 54 7 68 34 2 65 22 29 11 44 3 95 17 64 61 32 67 26 16 37 9 21 24 69 31 36 48 5 74 84 41 82 79 39 57 76 14 63 59 42 
96 78 56 1 13 72 28 50 19 75 80 51 46 54 7 68 34 2 65 22 29 11 44 3 95 17 64 61 32 67 26 16 37 9 21 24 69 31 36 48 5 74 84 41 82 79 39 57 76 14 63 59 42 
97 61 67 78 26 1 72 97 16 19 75 9 80 21 24 51 69 46 31 36 48 54 7 5 68 34 2 65 84 41 29 82 11 44 79 3 39 95 57 76 14 59 64 
98 61 67 78 26 1 72 97 98 19 9 80 24 51 69 46 48 54 7 5 68 34 2 65 84 29 82 11 44 79 3 39 95 57 76 14 59 
99 61 67 78 26 1 72 97 98 19 9 80 24 51 69 46 48 54 7 5 68 34 2 65 84 29 82 11 44 79 99 3 39 95 57 76 14 59 
100 61 67 78 26 1 72 97 98 19 9 80 24 51 69 46 48 54 7 5 68 34 2 65 84 29 82 11 44 79 99 3 39 95 57 76 14 59 
101 61 67 78 26 1 72 97 98 19 9 101 80 24 51 69 46 48 54 7 5 68 34 2 65 84 29 82 11 44 79 99 3 39 95 57 76 14 59 
102 61 67 78 26 1 72 97 98 19 9 101 80 24 51 69 46 48 54 7 5 68 34 2 65 84 29 102 82 11 44 79 99 3 39 95 57 76 14 59 
103 61 67 78 26 1 72 97 98 19 9 103 101 80 24 51 69 46 48 54 7 5 68 34 2 65 84 29 102 82 11 44 79 99 3 39 95 57 76 14 59 
104 61 67 78 26 1 72 97 98 19 9 103 101 80 24 51 69 46 48 54 7 5 68 34 2 65 84 29 102 82 11 44 79 99 3 39 95 57 76 14 59 
105 78 56 1 13 72 97 28 50 19 75 103 101 80 51 46 54 7 68 34 2 65 22 29 92 102 88 11 44 3 95 17 64 61 32 67 26 16 37 98 9 21 24 69 31 36 48 5 74 90 84 41 86 82 79 99 39 57 91 76 14 63 59 42 87 
