1 1 
2 2 1 
3 3 2 1 
4 3 2 4 1 
5 5 3 2 4 1 
6 5 3 2 6 4 1 
7 5 3 2 7 6 4 1 
8 8 5 3 2 7 6 4 1 
9 8 5 3 2 7 6 4 1 
10 8 10 5 3 2 7 6 4 1 
11 8 10 5 3 2 7 6 4 1 
12 8 10 5 3 2 7 6 4 1 12 
13 8 10 5 3 2 13 7 6 4 1 12 
14 8 10 5 3 2 13 14 7 6 4 1 12 
15 8 10 5 3 2 13 14 7 6 4 1 12 
16 8 10 5 3 13 14 16 1 2 7 6 4 12 
17 8 10 5 3 13 14 16 1 2 7 6 4 12 
18 8 10 5 3 13 14 18 16 1 2 7 6 4 12 
19 8 10 5 3 13 14 18 16 1 2 7 6 4 12 
20 8 10 5 3 13 14 18 16 20 1 2 7 6 4 12 
21 8 10 5 3 13 14 21 18 16 20 1 2 7 6 4 12 
22 22 8 10 5 3 13 14 21 18 16 20 1 2 7 6 4 12 
23 22 8 10 5 3 13 14 21 18 16 20 1 2 23 7 6 4 12 
24 22 8 10 5 3 13 14 21 18 16 20 1 2 23 7 6 4 12 
25 22 8 10 5 3 13 14 21 18 16 20 1 25 2 23 7 6 4 12 
26 22 8 10 5 3 14 21 18 16 20 1 25 2 23 26 7 6 4 12 
27 22 8 10 5 3 14 21 18 16 20 1 25 2 23 26 7 27 6 4 12 
28 22 8 10 5 3 14 21 18 16 20 1 25 2 23 26 7 27 6 4 12 
29 22 8 10 5 3 14 21 18 29 16 20 1 25 2 23 26 7 27 6 4 12 
30 22 8 10 5 3 14 21 18 29 16 20 1 25 2 23 26 7 27 6 4 12 
31 22 8 10 5 3 13 14 21 18 29 16 20 1 25 31 2 23 26 7 27 6 4 12 
32 22 8 10 5 3 13 14 21 18 29 16 20 1 25 31 2 23 26 7 27 6 4 12 32 
33 8 3 14 21 18 29 31 2 23 7 27 4 12 32 22 10 5 13 33 16 20 1 25 26 6 
34 8 3 14 21 18 29 31 2 23 7 27 4 12 32 22 10 5 13 33 16 20 1 25 26 34 6 
35 8 3 14 21 18 29 31 2 23 35 7 27 4 12 32 10 5 13 33 16 20 1 25 26 34 6 
36 8 3 14 21 18 29 31 2 23 35 7 27 4 12 32 36 10 5 13 33 16 20 1 25 26 34 6 
37 8 3 14 21 18 29 31 2 23 35 7 27 4 12 32 36 10 5 13 33 16 20 1 25 26 34 6 
38 8 3 14 21 18 29 31 2 23 35 7 27 4 12 32 36 10 38 5 13 33 16 20 1 25 26 34 6 
39 8 3 14 21 18 29 31 2 23 35 7 27 4 12 32 36 10 38 5 13 33 16 20 1 25 26 34 6 
40 8 40 3 14 21 18 29 31 2 23 35 7 27 4 12 32 36 10 38 5 13 33 16 20 1 25 26 34 6 
41 8 40 3 14 21 18 29 31 2 23 35 7 27 4 12 32 36 10 38 5 33 16 20 1 25 34 6 41 
42 8 40 3 14 21 42 18 29 31 2 23 35 7 27 4 12 32 36 10 38 5 33 16 20 1 25 34 6 41 
43 8 40 3 14 21 42 18 29 31 2 23 35 7 27 4 12 32 36 10 38 5 33 16 20 1 25 34 6 41 
44 8 40 3 14 21 42 18 29 44 31 2 23 35 7 27 4 12 32 36 10 38 5 33 16 20 1 25 34 6 41 
45 8 40 3 14 21 42 18 29 44 31 2 23 35 7 27 4 12 32 36 10 38 5 33 16 20 1 25 34 6 41 
46 8 40 3 14 21 42 18 29 44 31 2 23 35 7 27 4 12 32 36 10 38 46 5 13 33 16 20 1 25 26 34 6 41 
47 47 8 40 3 14 21 42 18 29 44 31 2 23 35 7 27 4 12 32 36 10 38 46 5 13 33 16 20 1 25 26 34 6 41 
48 47 8 40 3 14 21 42 18 29 48 44 31 2 23 35 7 27 4 12 32 36 10 38 46 5 33 16 20 1 25 34 6 
49 47 8 40 3 14 21 42 18 29 48 44 31 2 23 35 7 27 4 12 32 36 10 38 46 5 33 16 20 1 25 34 49 6 
50 47 8 40 3 14 21 42 18 29 48 44 31 2 23 35 7 27 4 12 32 36 10 38 46 5 33 16 20 1 25 34 49 6 
51 47 8 40 3 51 14 21 42 18 29 48 44 31 2 23 35 7 27 4 12 32 36 10 38 46 5 33 16 20 1 25 34 49 6 
52 47 8 40 3 51 14 21 42 18 29 48 44 31 2 23 35 7 27 4 12 32 36 10 38 46 5 33 16 20 1 25 34 49 6 
53 47 8 40 3 51 14 21 42 18 29 48 44 31 2 23 35 7 27 53 4 12 32 36 10 38 46 5 33 16 20 1 25 34 49 6 
54 47 8 40 3 51 14 21 42 18 29 44 54 31 2 23 35 7 27 53 4 12 32 36 10 38 46 5 33 16 20 1 25 34 49 6 
55 47 8 40 55 3 51 14 21 42 18 29 44 54 31 2 23 35 7 27 53 4 12 32 36 10 38 46 5 33 16 20 1 25 34 49 6 
56 47 8 40 55 3 51 14 21 42 18 29 44 54 31 2 23 35 7 27 53 4 12 32 36 10 38 46 5 33 16 20 1 25 34 49 6 
57 47 8 40 55 3 51 14 21 42 18 29 44 54 31 2 23 35 7 27 53 4 12 32 36 10 38 46 5 33 57 16 20 1 25 34 49 6 
58 47 8 40 55 3 51 14 21 42 18 29 44 54 31 2 23 35 7 27 53 4 12 32 36 10 38 46 5 33 57 16 20 1 25 34 49 6 
59 47 8 40 55 3 51 14 21 42 18 29 48 44 54 31 2 23 35 7 27 53 4 12 32 36 10 38 46 5 59 33 57 16 20 1 25 34 49 6 
60 47 8 40 55 3 51 14 21 42 18 29 48 44 54 31 2 23 35 7 27 53 4 12 32 36 10 38 46 5 59 33 57 16 20 1 25 60 34 49 6 
61 47 8 40 55 3 51 14 21 42 18 29 48 44 61 54 31 2 23 35 7 27 53 4 12 32 36 10 38 46 5 59 33 57 16 20 1 25 60 34 49 6 
62 47 8 40 55 3 51 14 21 42 18 29 48 44 61 54 31 2 23 35 7 27 53 4 12 32 36 10 38 46 5 59 33 57 16 20 1 25 60 34 49 6 
63 47 8 40 55 3 51 63 14 21 42 18 29 48 44 61 54 31 2 23 35 7 27 53 4 12 32 36 10 38 46 5 59 33 57 16 20 1 25 60 34 49 6 
64 47 8 40 55 3 51 63 14 21 42 18 29 48 44 61 54 31 2 23 35 7 27 53 4 12 32 36 10 38 46 5 59 33 57 16 20 1 25 60 34 49 6 
65 47 8 40 55 3 51 63 14 21 42 18 29 48 44 61 54 31 2 23 35 7 27 53 4 12 32 36 10 38 46 5 59 33 57 16 20 1 25 60 65 34 49 6 
66 47 8 40 55 66 3 51 63 14 21 42 18 29 48 44 61 54 31 2 23 35 7 27 53 4 12 32 36 10 38 46 5 59 33 57 16 20 1 25 60 65 34 49 6 
67 47 8 40 55 67 66 3 51 63 14 21 42 18 29 48 44 61 54 31 2 23 35 7 27 53 4 12 32 36 10 38 46 5 59 33 57 16 20 1 25 60 65 34 49 6 
68 47 8 40 55 67 66 3 51 63 14 21 42 18 29 48 44 61 54 31 2 23 35 7 27 53 4 12 32 68 36 10 38 46 5 59 33 57 16 20 1 25 60 65 34 49 6 
69 47 8 40 55 67 66 3 51 63 14 21 42 18 29 44 61 31 2 23 35 7 27 53 4 69 12 32 68 36 10 38 46 5 59 33 57 16 20 1 25 60 65 34 49 6 
70 47 8 40 55 67 70 66 3 51 63 14 21 42 18 29 44 61 31 2 23 35 7 27 53 4 69 12 32 68 36 10 38 46 5 59 33 57 16 20 1 25 60 65 34 49 6 
71 47 8 40 55 67 70 66 3 51 63 14 21 42 18 29 44 61 31 2 23 35 7 27 53 4 69 12 32 68 36 10 38 46 5 59 33 57 16 20 1 25 60 65 34 49 6 
72 47 8 40 55 67 70 66 3 51 63 14 21 42 18 29 44 61 31 2 23 35 7 27 53 4 69 12 32 68 36 10 38 46 5 59 72 33 57 16 20 1 25 60 65 34 49 6 
73 47 8 40 55 67 70 66 3 51 63 14 21 42 18 29 44 61 31 2 23 35 7 27 53 4 69 12 32 68 36 10 38 46 5 59 72 33 57 16 20 1 25 60 65 34 49 6 
74 47 8 40 55 67 70 66 3 51 63 14 21 42 18 29 44 61 74 31 2 23 35 7 27 53 4 69 12 32 68 36 10 38 46 5 59 72 33 57 16 20 1 25 60 65 34 49 6 
75 47 8 40 55 67 70 66 3 51 63 14 21 42 18 29 44 61 74 31 2 23 35 7 27 53 4 12 32 68 36 10 38 46 5 75 59 72 33 57 16 20 1 25 60 65 34 49 6 
76 8 67 66 3 63 14 21 18 29 31 23 35 7 27 76 12 32 68 36 10 5 59 16 1 49 47 40 55 70 51 42 44 61 74 2 53 4 38 46 75 72 33 57 20 25 60 65 34 6 
77 8 67 66 3 63 14 21 18 29 31 23 35 7 27 76 12 32 68 36 10 5 59 16 1 49 47 40 55 70 51 42 44 61 74 2 53 4 38 46 75 72 33 57 20 25 60 65 34 6 
78 8 67 66 3 63 14 21 18 29 31 23 35 7 27 76 12 32 68 36 10 5 59 16 1 49 47 40 55 70 51 42 44 61 78 74 2 53 4 38 46 75 72 33 57 20 25 60 65 34 6 
79 8 67 66 3 63 14 21 18 29 31 23 35 7 27 76 12 32 68 36 10 5 59 16 1 49 47 40 55 70 51 42 44 61 78 74 2 53 4 38 46 75 72 33 57 20 25 60 65 34 6 
80 80 8 67 66 3 63 14 21 18 29 31 23 35 7 27 76 69 12 32 68 36 10 5 59 16 1 49 47 40 55 70 51 42 44 61 78 74 2 53 4 38 46 75 72 33 57 20 25 60 65 34 6 
81 80 8 81 67 66 3 63 14 21 18 29 31 23 35 7 27 76 69 12 32 68 36 10 5 59 16 1 49 47 40 55 70 51 42 44 61 78 74 2 53 4 38 46 75 72 33 57 20 25 60 65 34 6 
82 80 8 81 67 66 3 63 14 21 18 29 31 23 35 7 27 76 69 12 32 68 36 10 5 59 16 1 49 82 47 40 55 70 51 42 44 61 78 74 2 53 4 38 46 75 72 33 57 20 25 60 65 34 6 
83 80 8 81 67 66 3 63 14 21 18 29 31 23 35 7 27 76 69 12 32 68 36 10 5 83 59 16 1 49 82 47 40 55 70 51 42 44 61 78 74 2 53 4 38 46 75 72 33 57 20 25 60 65 34 6 
84 80 8 81 67 66 3 63 14 21 18 29 31 23 35 7 27 84 76 69 12 32 68 36 10 5 83 59 16 1 49 82 47 40 55 70 51 42 44 61 78 74 2 53 4 38 46 75 72 33 57 20 25 60 65 34 6 
85 80 8 81 67 66 3 63 14 21 18 29 31 23 35 7 27 84 76 69 12 32 68 36 10 5 83 59 16 1 49 85 82 47 40 55 70 51 42 44 61 78 74 2 53 4 38 46 75 72 33 57 20 25 60 65 34 6 
86 80 8 81 67 66 3 63 14 21 18 29 31 23 35 7 27 84 76 69 12 32 68 36 10 5 83 59 16 1 49 85 82 47 40 55 70 51 42 44 61 78 74 2 53 4 38 46 75 72 33 57 86 20 25 60 65 34 6 
87 80 8 81 67 66 3 63 14 21 18 29 31 23 35 7 27 84 76 69 12 32 68 36 10 5 83 59 16 1 49 85 82 47 40 55 70 51 42 44 61 78 87 74 2 53 4 38 46 75 72 33 57 86 20 25 60 65 34 6 
88 80 8 81 67 66 3 63 14 21 18 29 31 23 35 7 27 84 76 88 12 32 68 36 10 5 83 59 16 1 49 85 82 47 40 55 70 51 42 44 61 78 87 74 2 53 4 38 46 72 33 57 86 20 25 60 65 34 6 
89 80 8 81 67 66 3 63 14 21 18 29 31 23 35 7 27 84 76 88 12 32 68 36 10 5 83 59 16 1 49 85 82 47 40 55 70 51 42 44 61 78 87 74 2 53 4 38 46 72 33 57 86 20 25 60 65 34 6 89 
90 80 8 81 67 66 3 63 14 21 18 29 31 23 35 7 27 84 76 88 12 32 68 36 10 5 83 59 16 1 49 85 82 47 40 55 70 51 42 44 61 78 87 74 2 53 4 90 38 46 72 33 57 86 20 25 60 65 34 6 89 
91 80 8 81 67 66 3 63 14 21 18 29 91 31 23 35 7 27 84 76 88 12 32 68 36 10 5 83 59 16 1 49 85 82 47 40 55 70 51 42 44 61 78 87 74 2 53 4 90 38 46 72 33 57 86 20 25 60 65 34 6 89 
92 80 8 81 67 66 3 63 14 21 18 29 92 91 31 23 35 7 27 84 76 88 12 32 68 36 10 5 83 59 16 1 49 85 82 47 40 55 70 51 42 44 61 78 87 74 2 53 4 90 38 46 72 33 57 86 20 25 60 65 34 6 89 
93 80 8 81 67 66 3 63 14 21 18 29 92 91 31 23 35 7 27 84 76 88 12 32 68 36 10 5 83 59 16 1 49 85 82 47 40 55 70 51 42 44 61 78 87 74 2 93 53 4 90 38 46 72 33 57 86 20 25 60 65 34 6 89 
94 80 8 81 67 66 3 63 14 21 18 29 92 91 31 23 35 7 27 84 76 88 12 32 68 36 10 5 83 59 16 1 49 85 82 47 40 55 70 51 42 44 61 78 87 74 2 93 53 4 90 38 46 72 33 57 86 20 25 94 60 65 34 6 89 
95 80 8 81 67 66 3 63 14 21 18 29 92 91 31 23 35 7 27 84 76 88 12 32 68 36 10 5 83 59 16 1 49 85 82 47 40 55 70 51 42 44 61 78 87 74 2 93 53 4 90 38 46 72 33 57 86 20 25 95 94 60 65 34 6 89 
96 80 8 81 67 66 3 63 14 21 96 18 29 92 91 31 23 35 7 27 84 76 88 12 32 68 36 10 5 83 59 16 1 49 85 82 47 40 55 70 51 42 44 61 78 87 74 2 93 53 4 90 38 46 72 33 57 86 20 25 95 94 60 65 34 6 89 
97 80 8 81 67 66 3 63 14 21 96 18 29 92 91 31 23 35 7 27 84 76 88 12 32 97 68 36 10 5 83 59 16 1 49 85 82 47 40 55 70 51 42 44 61 78 87 74 2 93 53 4 90 38 46 72 33 57 86 20 25 95 94 60 65 34 6 89 
98 80 8 81 67 66 3 63 14 21 96 18 29 92 91 31 23 35 7 27 84 98 76 88 12 32 97 68 36 10 5 83 59 16 1 49 85 82 47 40 55 70 51 42 44 61 78 87 74 2 93 53 4 90 38 46 72 33 57 86 20 25 95 94 60 65 34 6 89 
99 80 8 81 67 66 3 63 14 21 96 18 29 92 91 31 23 35 7 27 84 98 76 88 12 32 97 68 36 10 5 83 59 16 1 49 85 82 47 40 55 70 51 42 44 61 78 87 74 2 93 53 4 90 38 46 72 33 57 86 20 25 95 94 60 65 34 6 89 
100 80 8 100 81 67 66 3 63 14 21 96 18 29 92 91 31 23 35 7 27 84 98 76 88 12 32 97 68 36 10 5 83 59 16 1 49 85 82 47 40 55 70 51 42 44 61 78 87 74 2 93 53 4 90 38 46 72 33 57 86 20 25 95 94 60 65 34 6 89 
101 80 8 100 81 67 66 3 63 14 21 96 18 29 92 91 31 23 35 7 27 84 98 76 88 12 32 97 68 36 10 5 83 59 16 1 49 85 82 47 40 55 70 51 42 101 44 61 78 87 74 2 93 53 4 90 38 46 72 33 57 86 20 25 95 94 60 65 34 6 89 
102 80 8 100 81 67 66 3 63 14 21 96 18 29 92 91 31 23 35 7 27 84 98 76 88 12 32 97 68 36 10 5 83 59 16 1 49 85 82 47 40 55 70 51 42 101 44 61 78 87 74 2 93 53 4 90 38 46 72 33 57 86 20 25 95 102 94 60 65 34 6 89 
103 80 8 100 81 67 66 3 63 14 21 96 18 29 92 91 31 23 35 7 27 84 98 76 88 12 32 97 68 36 10 5 83 59 16 1 49 85 82 47 40 55 70 51 42 101 44 61 78 87 74 2 93 53 4 90 38 46 72 33 57 86 20 25 95 102 94 60 65 34 6 89 
104 80 8 100 81 67 66 3 63 14 21 96 18 29 92 91 31 23 35 7 27 84 98 76 88 12 32 97 68 36 10 5 83 59 16 1 49 85 82 47 40 55 70 51 42 101 44 61 78 87 74 2 93 53 4 90 38 46 72 33 57 86 20 25 95 102 94 60 65 34 6 89 
105 80 8 100 81 67 66 3 63 14 21 96 18 29 92 91 31 23 35 7 27 84 98 76 88 12 32 97 68 36 10 5 83 59 16 1 105 49 85 82 47 40 55 70 51 42 101 44 61 78 87 74 2 93 53 4 90 38 46 72 33 57 86 20 25 95 102 94 60 65 34 6 89 
106 80 8 100 81 67 66 3 63 14 21 96 18 29 92 91 31 23 35 7 27 84 98 76 88 12 32 97 68 36 10 5 83 59 16 1 105 49 85 82 47 40 55 70 51 42 101 44 61 78 87 74 2 93 53 4 90 38 46 72 33 57 86 20 25 95 102 94 60 65 34 6 89 
107 80 8 100 81 67 66 3 63 14 21 96 18 29 92 91 31 23 35 7 27 84 98 76 88 12 32 97 68 36 10 5 107 83 59 16 1 105 49 85 82 47 40 55 70 51 42 101 44 61 78 87 74 2 93 53 4 90 38 46 72 33 57 86 20 25 95 102 94 60 65 34 6 89 
108 80 8 100 81 67 66 3 63 14 21 96 18 29 92 91 31 23 35 7 27 84 98 76 88 12 32 97 68 36 10 5 107 83 59 16 1 105 49 85 82 47 40 55 70 51 42 101 44 61 78 87 74 2 93 53 108 4 90 38 46 72 33 57 86 20 25 95 102 94 60 65 34 6 89 
109 80 8 100 81 67 66 3 63 14 21 96 18 29 92 91 31 23 35 7 27 84 98 76 88 12 32 97 68 36 10 5 107 83 59 16 1 105 49 85 82 47 40 55 70 109 51 42 101 44 61 78 87 74 2 93 53 108 4 90 38 46 72 33 57 86 20 25 95 102 94 60 65 34 6 89 
110 80 8 100 81 67 66 3 63 14 21 96 18 29 92 91 31 23 35 7 27 84 98 76 88 12 32 97 68 36 10 5 107 83 59 16 1 105 110 49 85 82 47 40 55 70 109 51 42 101 44 61 78 87 74 2 93 53 108 4 90 38 46 72 33 57 86 20 25 95 102 94 60 65 34 6 89 
111 80 8 100 81 67 66 3 63 14 21 96 18 29 92 91 31 23 35 7 27 84 98 76 88 12 32 97 68 36 10 5 107 83 59 16 1 105 110 49 85 82 47 40 55 70 109 51 42 101 111 44 61 78 87 74 2 93 53 108 4 90 38 46 72 33 57 86 20 25 95 102 94 60 65 34 6 89 
112 80 8 100 81 67 66 3 63 14 21 96 18 29 92 91 31 23 35 7 27 84 98 76 88 12 32 97 68 36 10 5 107 83 59 16 1 105 110 49 85 82 47 40 55 70 109 51 42 101 111 44 61 78 87 74 2 93 53 108 4 90 38 46 72 33 57 86 20 25 95 102 94 60 65 34 6 89 
113 80 8 100 81 67 66 3 63 14 21 96 18 29 92 91 31 23 35 7 27 84 98 76 88 12 32 97 68 36 10 5 107 83 59 16 1 105 110 49 85 82 47 40 55 70 109 51 42 101 111 44 61 78 87 74 2 93 53 108 4 90 38 46 72 33 57 86 20 25 95 102 94 60 65 34 6 89 
114 80 8 100 81 67 66 3 63 14 21 96 18 29 92 91 31 23 35 7 27 84 98 76 88 12 32 97 114 68 36 10 5 107 83 59 16 1 105 110 49 85 82 47 40 55 70 109 51 42 101 111 44 61 78 87 74 2 93 53 108 4 90 38 46 72 33 57 86 20 25 95 102 94 60 65 34 6 89 
115 80 8 100 81 67 66 3 63 14 21 96 18 29 92 91 31 23 35 7 27 84 98 76 88 12 32 97 114 68 36 10 5 107 83 59 16 1 105 110 49 85 82 47 40 55 70 109 51 42 101 111 44 61 78 87 74 2 93 53 108 4 90 38 46 72 33 57 86 20 25 95 102 94 60 65 34 6 89 
116 80 8 100 81 67 66 3 63 14 21 96 18 29 92 91 116 31 23 35 7 27 84 98 76 88 12 32 97 114 68 36 10 5 107 83 59 16 1 105 110 49 85 82 47 40 55 70 109 51 42 101 111 44 61 78 87 74 2 93 53 108 4 90 38 46 72 33 57 86 20 25 95 102 94 60 65 34 6 89 
117 80 8 100 81 67 66 3 63 14 21 96 18 29 92 91 116 31 23 35 7 27 84 98 76 88 12 32 97 114 68 117 36 10 5 107 83 59 16 1 105 110 49 85 82 47 40 55 70 109 51 42 101 111 44 61 78 87 74 2 93 53 108 4 90 38 46 72 33 57 86 20 25 95 102 94 60 65 34 6 89 
118 80 8 100 81 67 66 3 63 14 21 96 18 29 92 91 116 31 23 35 7 27 84 98 76 88 12 32 97 114 68 117 36 10 5 107 83 59 16 1 105 110 49 85 82 47 40 55 70 109 51 42 101 111 44 61 78 87 74 2 93 53 108 4 90 118 38 46 72 33 57 86 20 25 95 102 94 60 65 34 6 89 
119 80 8 100 81 67 66 3 63 14 21 96 18 29 92 91 116 31 23 35 7 27 84 98 76 88 12 32 97 114 68 117 36 10 5 107 83 59 16 1 105 119 110 49 85 82 47 40 55 70 109 51 42 101 111 44 61 78 87 74 2 93 53 108 4 90 118 38 46 72 33 57 86 20 25 95 102 94 60 65 34 6 89 
120 80 8 100 81 67 66 3 63 14 21 96 18 29 92 91 116 31 23 35 7 27 84 98 76 88 12 32 97 114 68 117 36 10 5 107 83 59 16 1 105 119 110 49 85 82 47 40 55 70 109 51 42 101 111 44 61 78 87 74 2 93 53 108 4 90 118 38 46 72 33 57 86 120 20 25 95 102 94 60 65 34 6 89 
121 80 8 100 81 67 66 3 63 14 21 96 18 29 92 91 116 31 23 35 7 27 84 98 76 88 12 32 97 114 68 117 36 10 5 107 83 59 16 1 105 119 110 49 85 82 47 40 55 70 109 51 42 101 111 44 61 78 87 74 2 93 53 108 4 90 118 38 46 72 33 57 86 120 20 25 95 102 94 60 65 34 6 89 
122 80 8 100 81 67 66 3 63 14 21 96 18 29 92 91 116 31 23 35 7 27 84 98 76 88 12 32 97 114 68 117 36 10 5 107 83 59 16 1 105 119 110 49 85 82 47 40 55 70 109 51 42 101 111 44 61 78 87 74 2 93 53 108 4 90 118 38 46 72 33 57 86 120 20 25 95 102 94 60 65 34 6 89 
123 80 8 100 81 67 66 3 63 14 21 96 18 29 92 91 116 31 23 35 7 27 84 98 76 88 12 32 97 114 68 117 36 10 5 107 83 59 16 1 105 119 110 49 123 85 82 47 40 55 70 109 51 42 101 111 44 61 78 87 74 2 93 53 108 4 90 118 38 46 72 33 57 86 120 20 25 95 102 94 60 65 34 6 89 
124 80 8 100 81 67 66 3 63 14 21 96 18 29 92 91 116 31 23 35 7 27 84 98 76 88 12 32 97 114 68 117 36 10 5 107 83 59 16 1 105 119 110 49 123 85 82 47 40 55 70 109 51 42 101 111 44 61 78 87 74 2 93 53 108 4 90 118 38 46 72 33 57 86 120 20 25 95 102 94 60 65 34 6 89 
125 80 8 100 81 67 66 3 63 14 21 96 18 29 92 91 116 125 31 23 35 7 27 84 98 76 88 12 32 97 114 68 117 36 10 5 107 83 59 16 1 105 119 110 49 123 85 82 47 40 55 70 109 51 42 101 111 44 61 78 87 74 2 93 53 108 4 90 118 38 46 72 33 57 86 120 20 25 95 102 94 60 65 34 6 89 
126 80 8 100 81 67 66 3 63 14 21 96 18 29 92 91 116 125 31 23 35 7 27 84 98 76 88 12 32 97 114 68 117 36 10 5 107 83 59 16 1 105 119 110 49 123 85 82 47 40 55 70 109 51 42 101 111 44 61 78 87 74 2 93 53 108 4 90 118 38 46 72 33 57 86 120 20 25 95 126 102 94 60 65 34 6 89 
127 80 8 100 81 67 66 3 63 14 21 127 96 18 29 92 91 116 125 31 23 35 7 27 84 98 76 88 12 32 97 114 68 117 36 10 5 107 83 59 16 1 105 119 110 49 123 85 82 47 40 55 70 109 51 42 101 111 44 61 78 87 74 2 93 53 108 4 90 118 38 46 72 33 57 86 120 20 25 95 126 102 94 60 65 34 6 89 
128 80 128 8 100 81 67 66 3 63 14 21 127 96 18 29 92 91 116 125 31 23 35 7 27 84 98 76 88 12 32 97 114 68 117 36 10 5 107 83 59 16 1 105 119 110 49 123 85 82 47 40 55 70 109 51 42 101 111 44 61 78 87 74 2 93 53 108 4 90 118 38 46 72 33 57 86 120 20 25 95 126 102 94 60 65 34 6 89 
129 80 128 8 100 81 67 66 3 63 14 21 127 96 18 29 92 91 116 125 31 23 35 7 27 84 98 76 88 12 32 97 114 68 117 36 10 5 107 83 59 16 1 105 119 110 49 123 85 82 47 40 55 70 109 51 42 101 111 44 61 78 87 74 2 93 53 108 4 90 118 38 46 72 33 57 86 120 20 25 95 126 102 94 60 65 34 6 129 89 
130 80 128 8 100 81 67 66 3 63 14 21 130 127 96 18 29 92 91 116 125 31 23 35 7 27 84 98 76 88 12 32 97 114 68 117 36 10 5 107 83 59 16 1 105 119 110 49 123 85 82 47 40 55 70 109 51 42 101 111 44 61 78 87 74 2 93 53 108 4 90 118 38 46 72 33 57 86 120 20 25 95 126 102 94 60 65 34 6 129 89 
131 80 128 8 100 81 67 66 3 63 14 21 130 127 96 18 29 92 91 116 125 31 23 35 7 27 84 98 76 88 12 32 97 114 68 117 36 10 5 107 83 59 16 1 105 119 110 49 123 85 82 47 40 55 70 109 51 42 131 101 111 44 61 78 87 74 2 93 53 108 4 90 118 38 46 72 33 57 86 120 20 25 95 126 102 94 60 65 34 6 129 89 
132 80 128 8 100 81 67 66 3 63 14 21 130 127 96 18 29 92 91 116 125 31 23 35 7 27 84 98 76 88 12 32 97 114 68 117 36 10 5 107 83 59 16 1 105 119 110 49 123 85 82 47 40 55 70 109 51 42 131 101 111 44 61 78 87 74 2 93 53 108 4 90 118 38 46 72 33 57 86 120 20 25 95 126 102 94 60 65 34 6 129 89 
133 80 128 8 100 81 67 66 3 63 14 21 130 127 96 18 29 92 91 116 125 31 23 35 7 27 84 98 76 88 12 32 97 114 68 117 36 10 5 107 83 59 16 1 105 119 110 49 123 85 82 47 40 55 70 109 51 42 131 101 111 44 61 78 87 74 2 93 53 108 4 90 118 38 46 72 33 57 86 120 20 25 95 126 102 94 60 65 34 6 129 89 
134 80 128 8 100 81 67 66 3 134 63 14 21 130 127 96 18 29 92 91 116 125 31 23 35 7 27 84 98 76 88 12 32 97 114 68 117 36 10 5 107 83 59 16 1 105 119 110 49 123 85 82 47 40 55 70 109 51 42 131 101 111 44 61 78 87 74 2 93 53 108 4 90 118 38 46 72 33 57 86 120 20 25 95 126 102 94 60 65 34 6 129 89 
135 80 128 8 100 81 67 66 3 134 63 14 21 130 127 96 18 29 92 91 116 125 31 23 35 7 27 84 98 76 88 12 32 97 114 68 117 36 10 5 107 83 59 16 1 105 119 110 49 123 85 82 47 40 55 70 109 51 42 131 101 111 44 61 78 87 74 2 93 53 108 4 90 118 38 46 72 33 57 86 120 20 25 95 126 102 94 60 65 34 6 129 89 
136 80 128 8 100 81 67 66 3 134 63 14 21 130 127 96 18 29 92 91 116 125 31 23 35 136 7 27 84 98 76 88 12 32 97 114 68 117 36 10 5 107 83 59 16 1 105 119 110 49 123 85 82 47 40 55 70 109 51 42 131 101 111 44 61 78 87 74 2 93 53 108 4 90 118 38 46 72 33 57 86 120 20 25 95 126 102 94 60 65 34 6 129 89 
137 80 128 8 100 81 67 66 3 134 63 14 21 130 127 96 18 29 92 91 116 125 31 23 35 136 7 27 84 98 76 88 12 32 97 114 68 117 36 10 5 107 83 59 16 137 1 105 119 110 49 123 85 82 47 40 55 70 109 51 42 131 101 111 44 61 78 87 74 2 93 53 108 4 90 118 38 46 72 33 57 86 120 20 25 95 126 102 94 60 65 34 6 129 89 
138 80 128 8 100 81 67 66 3 134 63 14 21 130 127 96 18 29 92 91 116 125 31 23 35 136 7 27 84 98 76 88 12 32 97 114 68 117 36 10 5 107 83 59 16 137 1 105 119 110 49 123 85 82 47 40 55 70 109 51 42 131 101 111 44 61 78 87 74 2 93 53 108 4 90 118 38 46 138 72 33 57 86 120 20 25 95 126 102 94 60 65 34 6 129 89 
139 80 128 8 100 81 67 66 3 134 63 14 21 130 127 96 18 29 92 91 116 125 31 23 35 136 7 27 84 98 76 88 12 32 97 114 68 117 36 10 5 107 83 59 16 137 1 105 119 110 49 123 85 82 47 40 55 70 109 51 42 131 101 111 44 61 78 87 74 139 2 93 53 108 4 90 118 38 46 138 72 33 57 86 120 20 25 95 126 102 94 60 65 34 6 129 89 
140 80 128 100 67 3 134 63 14 130 127 96 29 92 125 31 84 98 12 32 97 114 68 117 10 107 83 82 55 51 42 131 111 139 2 93 53 90 140 38 46 138 86 120 20 95 94 60 65 6 8 81 66 21 18 91 116 23 35 136 7 27 76 88 36 5 59 16 137 1 105 119 110 49 123 85 47 40 70 109 101 44 61 78 87 74 108 4 118 72 33 57 25 126 102 34 129 89 
141 80 128 100 67 3 134 63 14 130 127 96 29 92 125 31 84 98 12 32 97 114 141 68 117 10 107 83 82 55 51 42 131 111 139 2 93 53 90 140 38 46 138 86 120 20 95 94 60 65 6 8 81 66 21 18 91 116 23 35 136 7 27 76 88 36 5 59 16 137 1 105 119 110 49 123 85 47 40 70 109 101 44 61 78 87 74 108 4 118 72 33 57 25 126 102 34 129 89 
142 80 128 100 67 3 134 63 14 130 127 96 29 92 125 31 84 98 12 32 97 114 141 68 117 10 107 83 82 55 51 42 131 111 139 2 93 53 90 140 38 46 138 86 120 20 95 94 60 65 6 8 81 66 21 18 91 116 23 35 136 7 27 76 88 36 5 59 16 137 1 105 119 110 49 123 85 47 40 70 109 101 44 61 78 87 74 108 4 142 118 72 33 57 25 126 102 34 129 89 
143 80 128 100 67 3 134 63 14 130 127 96 29 92 125 31 84 98 12 32 97 114 141 68 117 10 107 83 82 55 51 42 131 111 139 2 93 53 90 140 38 46 138 86 120 20 95 94 60 65 6 8 81 66 143 21 18 91 116 23 35 136 7 27 76 88 36 5 59 16 137 1 105 119 110 49 123 85 47 40 70 109 101 44 61 78 87 74 108 4 142 118 72 33 57 25 126 102 34 129 89 
144 80 128 100 67 3 134 63 14 130 127 96 29 92 125 31 84 98 12 32 97 114 141 68 117 10 107 83 144 82 55 51 42 131 111 139 2 93 53 90 140 38 46 138 86 120 20 95 94 60 65 6 8 81 66 143 21 18 91 116 23 35 136 7 27 76 88 36 5 59 16 137 1 105 119 110 49 123 85 47 40 70 109 101 44 61 78 87 74 108 4 142 118 72 33 57 25 126 102 34 129 89 
145 80 128 100 67 3 134 63 14 130 127 96 29 92 125 31 84 98 12 32 97 114 141 68 117 10 107 83 144 82 55 51 42 131 111 139 2 93 53 90 140 38 46 138 86 120 20 95 94 60 65 6 8 81 66 143 21 18 91 116 23 35 136 7 27 76 88 36 5 59 16 137 1 105 145 119 110 49 123 85 47 40 70 109 101 44 61 78 87 74 108 4 142 118 72 33 57 25 126 102 34 129 89 
146 80 128 100 67 3 134 63 14 130 127 96 29 92 125 31 84 98 12 32 97 114 141 68 117 10 107 83 144 82 55 51 42 131 146 111 139 2 93 53 90 140 38 46 138 86 120 20 95 94 60 65 6 8 81 66 143 21 18 91 116 23 35 136 7 27 76 88 36 5 59 16 137 1 105 145 119 110 49 123 85 47 40 70 109 101 44 61 78 87 74 108 4 142 118 72 33 57 25 126 102 34 129 89 
147 80 128 100 67 3 134 63 14 130 127 96 29 92 125 31 84 98 12 32 97 114 141 68 117 10 107 83 144 82 55 51 42 131 146 111 139 2 93 53 90 140 38 46 138 86 120 20 95 94 60 65 6 8 81 66 143 21 18 91 116 23 35 136 7 27 76 88 36 5 59 16 137 1 105 145 119 110 49 123 85 47 40 70 109 101 44 61 78 87 74 108 4 142 118 147 72 33 57 25 126 102 34 129 89 
148 80 128 100 67 3 134 63 14 130 127 96 29 92 125 31 84 98 12 32 97 114 141 68 117 10 107 83 144 82 55 51 42 131 146 111 139 2 93 53 90 140 38 46 138 86 120 20 95 94 60 65 6 8 81 66 143 21 18 91 116 23 35 136 7 27 76 88 36 5 59 16 137 1 105 145 119 110 49 123 85 47 40 70 109 101 44 61 78 87 74 108 4 142 118 147 72 33 57 25 126 102 34 129 89 
149 80 128 100 67 3 134 63 14 130 127 96 29 92 125 31 84 98 12 32 97 114 141 68 117 10 107 83 144 82 55 51 42 131 146 111 139 2 93 53 90 140 38 46 138 86 120 20 95 94 60 65 6 8 81 66 143 21 18 91 116 23 35 136 7 27 76 88 36 5 59 16 137 1 105 145 119 110 49 123 85 47 40 70 109 101 44 61 78 87 74 108 4 142 118 147 72 33 57 25 126 102 34 129 89 
150 80 128 100 67 3 134 63 14 130 127 96 29 92 125 31 84 98 12 32 97 114 141 68 117 10 107 83 144 82 55 51 42 131 146 111 139 2 93 53 90 140 38 46 138 86 120 20 95 94 60 65 6 8 81 66 143 21 18 150 91 116 23 35 136 7 27 76 88 36 5 59 16 137 1 105 145 119 110 49 123 85 47 40 70 109 101 44 61 78 87 74 108 4 142 118 147 72 33 57 25 126 102 34 129 89 
151 80 128 100 67 3 134 63 14 130 127 96 29 92 125 31 84 98 12 32 97 114 141 68 117 10 107 83 144 82 55 51 42 131 146 111 139 2 93 53 90 140 38 46 138 86 120 20 95 94 60 65 6 8 81 66 143 21 18 150 91 116 23 35 136 7 27 76 88 36 5 59 16 137 1 105 145 119 110 49 123 85 47 40 70 109 101 44 61 78 87 74 108 4 142 118 147 72 33 57 25 126 102 34 129 89 
152 80 128 100 67 3 134 63 14 130 127 96 29 92 125 31 84 98 12 32 97 114 141 68 117 10 107 83 144 82 55 51 42 131 146 111 139 2 93 53 90 140 38 46 138 86 120 20 95 94 60 65 6 8 81 66 143 21 18 150 91 116 23 35 136 7 27 76 88 36 5 59 16 137 1 105 145 119 110 49 123 85 47 40 70 109 101 44 61 78 87 74 108 4 142 118 147 72 33 57 25 126 102 34 129 89 
