1 1 
2 2 1 
3 2 1 
4 2 1 4 
5 5 2 1 4 
6 6 5 2 1 4 
7 6 5 2 7 1 4 
8 6 5 2 7 1 4 
9 6 5 2 7 1 4 9 
10 6 5 2 10 7 1 4 9 
11 6 10 25 13 9 16 21 5 2 7 15 1 4 12 23 19 24 18 22 27 
12 6 10 25 13 9 16 21 5 2 7 15 1 4 12 23 19 24 18 22 27 
13 6 10 13 9 16 21 5 2 7 15 1 4 12 23 19 24 18 22 27 
14 6 10 25 13 9 16 21 5 2 7 15 1 4 12 23 19 24 18 22 27 
15 6 10 25 13 9 16 21 5 2 7 15 1 4 12 23 19 24 18 22 27 
16 6 10 25 13 9 21 16 5 2 7 15 1 4 12 23 19 24 18 22 27 
17 6 10 25 13 9 16 21 5 2 7 15 1 4 12 23 19 24 18 22 27 
18 6 10 25 13 9 16 21 5 2 7 15 1 4 12 23 19 24 18 27 
19 6 10 25 13 9 16 5 2 7 15 1 4 12 23 19 24 18 27 
20 6 10 25 13 9 16 5 2 7 15 1 4 12 23 19 24 18 27 
21 6 10 25 13 9 16 21 5 2 7 15 1 4 12 23 24 18 22 27 
22 6 10 25 13 9 16 21 5 2 7 15 1 4 12 23 24 22 27 
23 6 10 25 13 9 16 21 5 2 7 15 1 12 23 19 24 18 22 27 
24 6 10 25 13 9 16 21 2 7 15 1 12 23 19 24 18 22 27 
25 6 10 25 9 16 21 2 7 15 1 12 23 19 24 18 22 27 
26 6 10 25 9 16 21 2 7 15 1 12 23 19 24 18 22 27 
27 6 25 13 9 16 21 5 2 7 15 1 4 12 23 19 24 18 22 27 
28 6 25 13 9 16 21 5 2 7 15 1 4 12 23 19 24 18 22 27 
29 6 10 25 13 9 16 21 5 2 7 15 1 4 12 23 19 24 18 22 27 
30 6 5 2 7 1 4 30 
31 6 40 32 30 33 35 5 2 7 1 4 37 38 36 
32 6 40 32 30 33 35 5 2 7 1 4 37 38 36 
33 6 40 32 30 35 33 5 2 7 1 4 37 36 
34 6 40 32 30 33 35 5 2 7 1 4 37 38 36 
35 6 40 32 30 33 35 5 2 7 1 4 37 38 36 
36 6 40 32 30 33 35 5 2 7 1 37 38 36 
37 6 40 32 2 7 30 1 37 33 35 38 36 
38 6 40 32 2 7 1 30 37 35 38 36 
39 6 40 32 2 7 1 30 37 35 38 36 
40 6 40 32 33 35 5 2 7 1 4 37 38 36 
41 6 40 32 33 35 5 2 7 1 4 37 38 36 
42 40 25 33 13 9 16 2 12 19 38 42 24 27 6 32 10 30 35 21 5 7 15 1 4 23 37 18 22 36 
43 40 25 33 13 9 16 2 12 19 38 42 24 27 6 32 10 30 35 21 5 7 15 1 4 23 37 18 22 36 
44 40 25 33 13 9 16 2 12 19 38 42 24 27 6 32 10 30 35 21 5 7 15 1 4 23 37 18 22 36 
45 40 25 33 13 9 16 2 12 19 45 38 42 24 27 6 32 10 30 35 21 5 7 15 1 4 23 37 18 22 36 
46 40 25 33 13 9 16 2 12 45 19 38 42 24 27 6 32 10 30 35 21 5 7 15 1 4 23 37 18 22 36 
47 40 25 33 13 9 16 2 12 45 19 38 42 24 27 6 32 10 30 35 21 5 7 15 1 4 23 37 18 22 36 
