1 1 
2 1 2 
3 3 1 2 
4 3 1 4 2 
5 3 5 1 4 2 
6 3 5 1 4 6 2 
7 3 5 1 4 6 2 
8 3 5 1 4 6 8 2 
9 3 5 1 6 14 16 9 2 17 10 4 8 13 12 18 22 
10 3 5 1 6 14 16 9 2 17 10 4 8 13 12 18 22 
11 3 5 1 6 14 16 9 2 17 10 4 8 13 12 18 22 
12 3 5 1 6 14 16 9 2 17 10 4 8 13 18 12 22 
13 3 5 1 6 14 16 9 2 17 10 4 8 13 12 18 22 
14 3 5 1 6 16 14 9 2 17 10 4 8 13 12 18 22 
15 3 5 1 6 14 16 9 2 17 10 4 8 13 12 18 22 
16 3 5 1 6 14 16 9 2 17 10 4 8 13 12 18 22 
17 3 5 1 6 14 16 9 2 17 10 4 8 13 12 18 22 
18 3 5 1 6 14 16 9 2 17 10 4 8 13 12 18 22 
19 3 5 1 6 14 16 9 2 17 10 4 8 13 12 18 22 
20 3 5 1 6 14 16 9 2 17 10 4 8 13 12 18 22 
21 3 5 1 6 14 16 9 2 17 10 4 8 13 12 18 22 
22 3 5 1 6 14 16 9 2 17 10 4 13 12 18 22 
23 3 5 1 6 14 16 9 2 17 10 4 13 12 18 22 
24 3 5 1 6 14 16 9 2 17 24 10 4 8 13 12 18 22 
25 3 5 1 6 14 16 9 2 25 17 24 10 4 8 13 12 18 22 
26 3 5 1 6 14 16 26 9 2 25 17 24 10 4 8 13 12 18 22 
27 3 5 1 6 14 16 26 9 2 25 17 24 10 4 8 13 12 18 22 
28 3 5 1 6 14 16 26 9 2 25 17 24 10 28 4 13 12 18 
29 3 5 1 6 14 16 26 9 2 25 17 24 32 10 28 4 30 13 35 12 18 29 
30 3 5 1 6 14 16 26 9 2 25 17 24 32 10 28 4 30 13 35 12 18 29 
31 3 5 1 6 14 16 26 9 2 25 17 24 32 10 28 4 30 13 35 12 18 29 
32 3 5 1 6 16 26 9 2 25 17 24 32 10 28 4 30 13 35 12 18 29 
33 3 5 1 6 16 26 9 2 25 17 24 32 10 28 4 30 13 35 12 18 29 
34 3 5 1 6 16 26 9 2 25 17 24 32 10 28 4 30 13 35 12 18 29 
35 3 5 1 6 16 26 9 2 25 17 24 32 10 4 30 13 12 18 35 29 
36 3 5 1 6 16 26 9 2 25 17 24 32 10 4 30 13 35 12 18 29 
37 3 5 1 6 14 16 26 37 9 2 25 17 24 32 10 28 4 30 13 35 12 18 29 
38 3 5 1 6 14 16 26 37 9 2 25 17 24 32 10 28 4 30 13 38 35 12 18 29 
39 3 1 14 26 37 2 25 32 4 30 13 39 35 5 6 16 9 17 24 10 28 38 12 18 29 
40 3 1 14 26 37 2 25 32 4 30 13 39 35 5 6 16 9 17 24 10 28 38 12 18 29 
41 3 5 1 6 14 16 26 37 9 2 25 17 24 32 10 4 30 41 13 38 39 12 18 29 
42 3 1 14 26 37 2 46 25 32 4 30 41 43 13 39 45 47 57 5 48 6 16 9 52 51 17 24 50 10 38 12 18 53 29 42 
43 3 1 14 26 37 2 46 25 32 4 30 41 13 43 39 45 47 57 5 48 6 16 9 52 51 17 24 50 10 38 12 18 53 29 42 
44 3 1 14 26 37 2 46 25 32 4 30 41 43 13 39 45 47 57 5 48 6 16 9 52 51 17 24 50 10 38 12 18 53 29 42 
45 3 1 14 26 37 2 46 25 32 4 30 41 43 13 39 45 47 57 5 48 6 16 9 52 51 17 24 50 10 38 12 18 53 29 42 
46 3 1 14 26 37 2 46 25 32 4 30 41 43 13 39 45 47 57 5 48 6 16 9 52 51 17 24 50 10 38 12 18 53 29 42 
47 3 1 26 37 2 46 25 4 30 41 43 13 39 45 47 57 5 48 6 16 9 52 51 17 24 50 10 38 12 18 53 29 42 
48 3 1 26 37 2 46 25 4 30 41 43 13 39 45 47 57 5 48 6 16 9 52 51 17 24 50 10 38 12 18 53 29 42 
49 3 1 26 37 2 46 25 4 30 41 43 13 39 45 47 57 5 48 6 16 9 52 51 17 24 50 10 38 12 18 53 29 42 
50 3 1 26 37 2 46 25 4 30 41 43 13 39 45 47 57 5 48 6 16 9 52 51 24 50 10 38 12 18 53 29 42 
51 3 1 26 37 2 46 25 4 30 41 43 13 39 45 47 57 5 48 6 16 9 52 51 24 50 10 38 12 18 53 29 42 
52 3 1 26 37 2 46 25 4 30 41 43 13 39 45 47 57 5 48 6 16 9 52 51 24 50 10 38 12 18 53 29 42 
53 3 1 26 37 2 46 25 4 30 41 43 13 39 45 47 57 5 48 6 16 9 52 51 24 50 10 38 12 18 53 29 42 
54 3 1 26 37 2 46 25 4 30 41 43 13 39 45 47 57 5 48 6 16 9 52 51 24 50 10 38 12 18 53 29 42 
55 3 1 26 37 2 46 25 4 30 41 43 13 39 45 47 57 5 48 6 16 9 52 51 24 50 10 38 12 18 53 29 42 
56 3 1 26 37 2 46 25 4 30 41 43 13 39 45 47 57 5 48 6 16 9 52 51 24 50 10 38 12 18 53 29 42 
57 3 1 26 37 2 46 25 4 30 43 13 39 45 47 57 5 48 6 16 9 52 51 17 24 50 10 38 12 18 53 29 42 
58 3 1 26 37 2 46 25 4 30 43 13 39 45 47 57 5 48 6 16 9 52 51 17 24 50 10 38 12 18 53 29 42 
59 3 1 14 26 37 59 2 46 25 32 4 30 41 43 13 39 45 47 57 5 48 6 16 9 52 51 17 24 50 10 38 12 18 53 29 42 
60 3 1 14 26 37 59 2 46 25 32 4 30 41 43 13 39 45 47 57 5 60 48 6 16 9 52 51 17 24 50 10 38 12 18 53 29 42 
61 3 1 14 26 37 59 2 46 25 32 4 30 41 43 13 39 45 47 57 5 60 48 6 16 9 52 51 17 24 50 10 38 12 18 53 29 42 
62 3 1 14 26 37 59 2 46 25 32 4 30 41 43 13 39 45 47 57 5 60 48 6 16 9 52 51 17 24 50 10 38 12 18 53 29 42 
63 3 1 14 26 37 59 2 46 25 32 4 30 41 43 13 39 45 47 57 5 60 48 6 16 9 52 51 17 24 50 10 38 12 18 53 29 42 
