1 1 
2 1 2 
3 1 2 
4 1 2 
5 1 2 
6 1 2 
7 7 1 2 
8 7 1 2 
9 7 9 1 2 
10 7 10 9 1 2 
11 11 7 10 9 1 2 
12 11 7 10 9 12 1 2 
13 11 7 10 9 12 1 2 
14 11 7 10 9 14 12 1 2 
15 11 7 10 9 14 12 1 2 
16 11 7 10 9 16 12 1 2 
17 11 7 10 9 14 16 12 1 17 2 
18 11 7 10 9 14 16 12 1 17 2 18 
19 11 7 10 9 14 16 12 1 17 2 18 19 
20 10 2 20 11 7 9 14 16 12 1 17 18 19 
21 10 2 20 11 7 9 14 16 12 1 17 18 19 
22 22 10 2 20 11 7 9 14 16 12 1 17 18 19 
23 22 10 2 20 11 7 9 14 16 12 1 17 18 19 
24 10 2 20 11 7 9 14 16 12 24 1 17 18 19 
25 25 22 10 2 20 11 7 9 14 16 12 24 1 17 18 19 
26 25 22 10 2 20 11 7 9 14 16 12 24 26 1 17 18 19 
27 25 22 10 2 20 11 7 27 9 14 16 12 24 26 1 17 18 19 
28 25 22 10 2 20 11 7 27 9 14 16 12 24 26 1 17 18 19 
29 25 22 10 2 20 11 7 27 9 14 16 12 24 26 1 17 18 19 29 
30 25 22 10 2 20 11 7 27 9 14 16 12 24 26 1 17 18 19 29 
31 25 22 10 2 20 11 7 27 9 14 16 31 12 24 26 1 17 18 19 
32 25 22 10 2 20 11 7 27 9 14 16 31 12 24 26 1 17 18 19 29 
33 25 22 10 2 20 11 7 27 9 14 16 31 12 24 26 1 17 18 19 29 
34 25 22 10 2 20 11 7 27 9 14 16 31 12 24 26 1 17 18 19 29 
35 25 22 35 10 2 20 11 7 27 9 14 16 31 12 24 26 1 17 18 19 29 
36 25 22 35 10 2 20 11 7 27 9 14 16 31 12 24 26 1 17 18 19 29 
37 25 22 10 37 2 20 11 7 27 9 14 16 31 12 24 26 1 17 18 19 29 
38 25 22 35 10 37 2 20 11 7 27 9 14 16 31 12 24 26 1 17 18 19 29 
39 7 1 2 
