1 1 
2 2 1 
3 2 1 3 
4 4 2 1 3 
5 4 2 1 3 5 
6 4 6 2 1 3 5 
7 4 6 2 1 7 3 5 
8 4 6 8 2 1 7 3 5 
9 4 6 8 2 1 7 3 5 9 
10 4 6 8 2 1 7 3 5 9 10 
11 4 6 8 2 1 7 3 5 9 10 11 
12 4 6 8 2 1 12 7 3 5 9 10 11 
13 4 6 8 2 1 12 13 7 3 5 9 10 11 
14 4 6 8 2 14 1 12 13 7 3 5 9 10 11 
15 4 6 8 2 14 1 12 15 13 7 3 5 9 10 11 
16 4 6 8 2 14 1 12 16 15 13 7 3 5 9 10 11 
17 4 6 8 2 14 1 12 16 17 15 13 7 3 5 9 10 11 
18 4 6 8 2 14 1 12 16 18 17 15 13 7 3 5 9 10 11 
19 4 6 8 2 14 1 12 16 18 17 15 13 19 7 3 5 9 10 11 
20 4 6 8 2 14 1 12 16 18 17 15 13 19 7 3 5 9 10 20 11 
21 4 6 8 2 14 1 12 16 18 17 15 13 21 19 7 3 5 9 10 20 11 
22 4 6 8 2 14 1 12 16 18 17 15 13 21 19 7 3 5 9 10 20 11 
23 4 6 8 2 14 1 12 16 18 17 15 13 21 19 23 7 3 5 9 10 20 11 
24 4 6 8 2 14 1 12 16 18 17 15 13 21 24 19 23 7 3 5 9 10 20 11 
25 4 6 25 8 2 14 1 12 16 18 17 15 13 21 24 19 23 7 3 5 9 10 20 11 
26 4 25 2 14 12 16 17 15 13 21 19 26 5 9 20 6 8 1 18 24 23 7 3 10 11 
27 4 25 2 27 14 12 16 17 15 13 21 19 26 5 9 20 6 8 1 18 24 23 7 3 10 11 
28 4 25 2 27 14 12 16 17 15 13 21 19 26 5 9 20 6 8 1 28 18 24 23 7 3 10 11 
29 4 25 2 27 14 12 16 17 15 13 21 19 26 5 9 20 6 8 1 28 29 18 24 23 7 3 10 11 
30 4 25 2 27 14 12 16 17 15 13 21 19 26 5 9 20 6 8 1 28 29 18 30 24 23 7 3 10 11 
31 4 25 2 27 14 12 16 17 15 13 21 19 26 5 9 20 6 8 1 28 29 18 31 30 24 23 7 3 10 11 
32 4 25 2 27 14 12 16 17 15 13 21 19 26 5 9 20 6 32 8 1 28 29 18 31 30 24 23 7 3 10 11 
33 4 33 25 2 27 14 12 16 17 15 13 21 19 26 5 9 20 6 32 8 1 28 29 18 31 30 24 23 7 3 10 11 
34 4 33 25 2 27 14 12 16 17 15 13 21 19 26 5 9 20 6 32 8 34 1 28 29 18 31 30 24 23 7 3 10 11 
35 4 33 25 2 27 14 12 16 17 15 13 21 19 26 5 9 20 6 32 8 34 35 1 28 29 18 31 30 24 23 7 3 10 11 
36 4 33 25 2 27 14 12 16 17 15 13 21 19 26 5 9 20 6 32 8 34 35 1 28 29 18 31 30 36 24 23 7 3 10 11 
37 4 33 25 2 27 14 12 16 17 15 13 21 19 26 5 9 37 20 6 32 8 34 35 1 28 29 18 31 30 36 24 23 7 3 10 11 
38 4 33 25 2 27 14 12 16 17 15 13 38 21 19 26 5 9 37 20 6 32 8 34 35 1 28 29 18 31 30 36 24 23 7 3 10 11 
39 4 33 25 2 27 14 12 16 17 15 13 38 21 19 26 5 9 37 20 6 32 8 39 34 35 1 28 29 18 31 30 36 24 23 7 3 10 11 
40 4 33 25 2 27 14 12 16 17 15 13 38 21 19 26 5 9 37 20 6 32 8 39 40 34 35 1 28 29 18 31 30 36 24 23 7 3 10 11 
41 4 33 25 2 27 14 12 16 17 15 13 38 21 19 26 5 41 9 37 20 6 32 8 39 40 34 35 1 28 29 18 31 30 36 24 23 7 3 10 11 
42 4 33 25 2 27 14 12 16 17 15 13 38 21 19 26 5 41 9 37 42 20 6 32 8 39 40 34 35 1 28 29 18 31 30 36 24 23 7 3 10 11 
43 4 33 25 2 43 27 14 12 16 17 15 13 38 21 19 26 5 41 9 37 42 20 6 32 8 39 40 34 35 1 28 29 18 31 30 36 24 23 7 3 10 11 
44 4 33 25 2 43 27 14 12 16 17 15 13 38 21 19 26 5 41 9 37 42 20 6 32 8 39 40 34 35 1 28 29 18 31 44 30 36 24 23 7 3 10 11 
45 4 33 25 2 43 27 14 12 16 17 15 13 38 21 19 26 5 41 9 37 42 20 6 32 8 39 40 34 35 1 28 29 18 31 44 30 36 24 23 7 3 10 11 
46 4 46 6 8 2 14 1 12 16 18 17 15 13 21 19 7 3 5 9 10 20 11 
47 4 46 6 8 2 14 1 12 16 18 17 15 47 13 21 19 7 3 5 9 10 20 11 
48 4 46 6 8 2 14 1 12 16 18 17 15 48 47 13 21 19 7 3 5 9 10 20 11 
49 4 46 2 14 12 16 17 15 48 13 21 19 5 9 20 6 8 1 49 18 47 7 3 10 11 
50 4 33 46 25 2 43 27 14 12 16 17 50 15 48 13 38 21 19 26 5 41 9 37 42 20 6 32 8 39 40 34 35 1 49 28 29 18 31 44 47 30 36 24 23 7 3 10 11 
51 4 33 46 25 2 43 27 14 12 16 17 50 15 48 13 38 21 19 26 5 41 9 37 42 20 6 32 8 39 40 34 35 1 49 28 29 18 31 44 47 30 36 24 23 7 3 10 11 
52 4 33 46 25 2 43 27 14 12 16 17 50 15 13 38 21 19 26 5 41 9 37 42 20 6 32 8 39 40 34 35 1 49 28 18 31 44 47 30 36 24 23 7 52 3 10 11 
53 4 33 46 25 2 43 27 14 12 16 17 50 15 13 38 21 19 26 5 41 9 37 42 20 6 32 8 39 40 34 35 1 49 28 18 31 44 47 30 36 24 23 7 52 3 10 11 
54 4 33 46 25 2 43 27 14 12 16 17 50 15 13 38 21 19 26 5 41 9 37 42 20 6 32 54 8 39 40 34 35 1 49 28 18 31 44 47 30 36 24 23 7 52 3 10 11 
55 4 33 46 25 2 43 27 14 12 16 17 50 15 13 38 21 19 26 5 41 9 37 42 20 55 6 32 54 8 39 40 34 35 1 49 28 18 31 44 47 30 24 23 7 52 3 10 11 
56 12 50 15 13 38 21 5 41 9 37 6 32 8 34 35 1 28 18 31 47 7 10 4 33 46 25 2 43 27 14 16 17 19 26 42 20 55 54 39 40 56 49 44 30 24 23 52 3 11 
57 57 12 50 15 13 21 5 41 9 37 6 32 8 34 35 1 28 18 31 47 7 10 4 33 46 25 2 43 27 14 16 17 19 26 42 20 55 54 39 40 56 49 44 30 24 23 52 3 11 
58 57 12 58 50 15 13 21 5 41 9 37 6 32 8 34 35 1 28 18 31 47 7 10 4 33 46 25 2 43 27 14 16 17 19 26 42 20 55 54 39 40 56 49 44 30 24 23 52 3 11 
59 57 12 58 50 15 13 21 5 41 9 37 6 32 8 34 35 1 28 59 18 31 47 7 10 4 33 46 25 2 43 27 14 16 17 19 26 42 20 55 54 39 40 56 49 44 30 24 23 52 3 11 
60 57 12 58 50 15 13 21 5 41 9 37 6 32 8 34 35 1 28 59 18 31 47 7 10 4 33 46 25 2 43 27 14 16 17 19 26 42 20 55 54 39 40 56 49 44 30 24 23 52 3 11 
61 57 12 58 50 15 13 21 5 41 9 37 6 32 8 34 35 1 28 59 18 31 47 7 10 4 33 46 25 2 43 27 14 16 17 19 26 42 20 55 54 39 40 56 49 44 30 24 23 52 3 11 
62 57 12 58 50 15 13 21 5 41 9 37 6 32 8 34 35 1 28 59 18 31 47 7 10 4 33 46 25 2 43 27 14 16 17 19 26 42 20 55 54 39 40 56 49 44 30 24 23 52 3 11 
63 57 12 58 50 15 13 21 5 41 9 37 6 32 8 34 35 1 28 59 18 31 47 7 10 4 33 46 25 2 43 27 14 16 17 19 26 42 20 55 54 39 40 56 49 44 30 24 23 52 3 11 
64 57 12 58 50 15 13 21 5 41 9 37 6 32 8 34 35 1 28 59 18 31 47 64 7 10 4 33 46 25 2 43 27 14 16 17 19 26 42 20 55 54 39 40 56 49 44 30 24 23 52 3 11 
65 57 12 58 50 15 13 21 5 41 9 37 6 32 8 34 35 1 28 59 18 31 47 64 7 10 4 33 46 25 2 43 27 14 16 17 65 19 26 42 20 55 54 39 40 56 49 44 30 24 23 52 3 11 
66 57 12 58 50 15 13 21 5 41 9 66 37 6 32 8 34 35 1 28 59 18 31 47 64 7 10 4 33 46 25 2 43 27 14 16 17 65 19 26 42 20 55 54 39 40 56 49 44 30 24 23 52 3 11 
67 57 12 58 50 15 13 21 5 41 9 66 37 6 32 8 34 67 35 1 28 59 18 31 47 64 7 10 4 33 46 25 2 43 27 14 16 17 65 19 26 42 20 55 54 39 40 56 49 44 30 24 23 52 3 11 
68 57 12 58 68 50 15 13 21 5 41 9 66 37 6 32 8 34 67 35 1 28 59 18 31 47 64 7 10 4 33 46 25 2 43 27 14 16 17 65 19 26 42 20 55 54 39 40 56 49 44 30 24 23 52 3 11 
69 57 12 58 68 50 15 13 21 5 41 9 66 37 6 32 8 34 67 35 1 28 59 18 31 47 64 7 10 4 33 46 25 2 43 27 14 16 69 17 65 19 26 42 20 55 54 39 40 56 49 44 30 24 23 52 3 11 
70 57 12 58 68 50 15 13 21 5 41 9 66 37 6 32 8 34 67 35 1 28 59 18 31 47 64 70 7 10 4 33 46 25 2 43 27 14 16 69 17 65 19 26 42 20 55 54 39 40 56 49 44 30 24 23 52 3 11 
71 57 12 58 68 50 15 71 13 21 5 41 9 66 37 6 32 8 34 67 35 1 28 59 18 31 47 64 70 7 10 4 33 46 25 2 43 27 14 16 69 17 65 19 26 42 20 55 54 39 40 56 49 44 30 24 23 52 3 11 
72 57 12 58 68 50 15 71 13 21 5 41 9 66 37 6 32 8 34 67 35 1 28 59 18 31 47 64 70 7 10 4 33 46 25 2 43 27 14 16 69 17 65 19 26 42 20 55 72 54 39 40 56 49 44 30 24 23 52 3 11 
73 57 12 58 68 50 15 71 13 21 5 41 9 66 37 6 32 8 73 34 67 35 1 28 59 18 31 47 64 70 7 10 4 33 46 25 2 43 27 14 16 69 17 65 19 26 42 20 55 72 54 39 40 56 49 44 30 24 23 52 3 11 
74 57 12 58 68 50 15 71 13 21 5 41 9 66 37 6 32 8 73 34 67 35 1 28 59 18 31 47 64 70 7 10 4 33 46 25 2 43 27 14 16 69 17 65 19 26 42 20 55 72 54 74 39 40 56 49 44 30 24 23 52 3 11 
75 57 12 58 68 50 15 71 13 21 5 41 9 66 37 6 32 8 73 34 67 35 1 28 59 18 31 47 64 70 7 10 4 33 46 25 2 43 27 14 16 69 17 65 19 26 42 20 55 72 54 74 39 40 56 49 44 30 24 23 52 3 75 11 
76 57 12 58 68 50 15 71 13 21 5 41 9 66 37 6 32 8 73 34 67 35 1 28 59 18 31 47 64 70 7 10 4 33 46 25 2 43 27 14 16 69 17 65 19 26 42 20 55 76 72 54 74 39 40 56 49 44 30 24 23 52 3 75 11 
77 57 12 58 68 50 15 71 13 21 5 41 9 66 37 6 32 8 73 34 67 35 1 28 59 18 31 47 64 70 7 10 4 33 46 25 2 43 27 14 16 69 17 65 19 26 42 20 55 76 72 54 74 39 40 56 49 44 30 24 77 23 52 3 75 11 
78 57 12 58 68 50 15 71 13 21 5 41 9 66 37 6 32 8 73 34 67 35 1 28 59 18 31 47 64 70 7 10 4 33 46 25 2 43 27 14 16 69 17 65 78 19 26 42 20 55 76 72 54 74 39 40 56 49 44 30 24 77 23 52 3 75 11 
79 57 12 58 68 50 15 71 13 21 5 41 9 66 37 6 32 8 73 34 67 35 1 28 59 18 31 47 64 70 7 10 4 33 46 25 2 43 27 14 16 69 79 17 65 78 19 26 42 20 55 76 72 54 74 39 40 56 49 44 30 24 77 23 52 3 75 11 
80 57 12 58 68 50 15 71 13 21 80 5 41 9 66 37 6 32 8 73 34 67 35 1 28 59 18 31 47 64 70 7 10 4 33 46 25 2 43 27 14 16 69 79 17 65 78 19 26 42 20 55 76 72 54 74 39 40 56 49 44 30 24 77 23 52 3 75 11 
81 57 12 58 68 50 15 71 13 21 80 5 41 9 66 37 6 32 8 73 34 67 35 1 28 59 18 31 81 47 64 70 7 10 4 33 46 25 2 43 27 14 16 69 79 17 65 78 19 26 42 20 55 76 72 54 74 39 40 56 49 44 30 24 77 23 52 3 75 11 
82 57 12 58 68 50 15 71 13 21 80 5 41 9 66 37 6 32 8 73 34 67 35 1 28 59 18 31 81 47 64 70 82 7 10 4 33 46 25 2 43 27 14 16 69 79 17 65 78 19 26 42 20 55 76 72 54 74 39 40 56 49 44 30 24 77 23 52 3 75 11 
83 57 12 58 68 50 15 71 13 21 80 5 41 9 66 37 83 6 32 8 73 34 67 35 1 28 59 18 31 81 47 64 70 82 7 10 4 33 46 25 2 43 27 14 16 69 79 17 65 78 19 26 42 20 55 76 72 54 74 39 40 56 49 44 30 24 77 23 52 3 75 11 
84 57 12 58 68 50 15 71 13 21 80 5 41 9 66 37 83 6 32 8 73 34 67 35 1 28 59 18 31 81 47 64 70 82 7 10 4 33 46 25 2 43 27 14 16 69 79 17 65 78 19 26 42 20 55 76 72 54 74 39 40 56 49 44 30 24 77 23 52 3 75 11 
85 57 12 58 68 50 15 71 13 21 80 5 41 9 66 37 83 6 32 8 73 34 67 35 1 28 18 31 81 47 64 70 82 7 85 10 4 33 46 25 2 43 27 14 16 69 79 17 65 78 19 26 42 20 55 76 72 54 74 39 40 56 49 44 30 24 77 23 52 3 75 11 
86 57 12 58 68 50 15 71 13 21 80 5 41 9 66 37 83 6 32 8 73 34 67 35 1 28 18 31 81 47 64 70 82 7 85 10 4 33 46 25 2 43 27 14 16 69 79 86 17 65 78 19 26 42 20 55 76 72 54 74 39 40 56 49 44 30 24 77 23 52 3 75 11 
87 57 12 58 68 50 15 71 13 21 80 5 41 9 66 37 83 6 32 8 73 34 67 35 1 28 18 31 81 47 64 70 82 7 85 10 4 33 46 25 2 43 27 14 16 69 79 86 17 65 78 19 26 42 20 55 76 72 54 74 39 40 56 49 44 30 24 77 23 52 3 75 11 
88 57 12 58 68 50 15 71 13 21 80 5 41 9 66 37 83 6 32 8 73 34 67 35 1 28 18 31 81 47 64 70 82 7 85 10 4 33 46 25 2 43 27 14 16 69 79 86 17 65 78 19 26 42 20 55 76 72 54 74 39 40 56 49 44 30 24 77 23 52 3 75 11 
89 57 12 58 68 50 15 71 13 21 80 5 41 9 66 37 83 6 32 8 73 34 67 35 1 28 18 31 81 47 64 70 82 7 85 10 4 33 46 25 2 43 27 14 16 69 79 86 17 65 78 19 26 42 20 55 76 72 54 89 74 39 40 56 49 44 30 24 77 23 52 3 75 11 
90 57 12 58 68 50 15 71 13 90 21 80 5 41 9 66 37 83 6 32 8 73 34 67 35 1 28 18 31 81 47 64 70 82 7 85 10 4 33 46 25 2 43 27 14 16 69 79 86 17 65 78 19 26 42 20 55 76 72 54 89 74 39 40 56 49 44 30 24 77 23 52 3 75 11 
91 57 12 58 68 50 15 71 13 90 21 80 5 41 9 66 37 83 6 32 8 73 34 67 35 1 28 18 31 81 47 64 70 82 7 85 10 4 33 46 25 2 43 27 14 16 69 79 86 17 65 78 19 26 42 20 55 76 72 54 89 74 39 40 56 49 44 30 24 77 23 52 3 75 11 
92 57 12 58 68 50 15 71 13 90 21 80 5 41 9 66 37 83 6 32 8 73 34 67 35 1 28 18 31 81 47 64 70 82 7 85 10 4 33 46 25 2 43 27 14 16 69 79 86 17 65 78 19 26 42 20 55 76 72 54 89 74 39 40 56 49 44 30 24 77 23 52 3 75 11 
93 57 12 58 68 50 15 71 13 90 21 80 5 41 9 66 37 83 6 32 8 73 34 67 35 1 28 18 31 81 47 93 64 70 82 7 85 10 4 33 46 25 2 43 27 14 16 69 79 86 17 65 78 19 26 42 20 55 76 72 54 89 74 39 40 56 49 44 30 24 77 23 52 3 75 11 
94 57 12 58 68 50 15 71 13 90 21 80 5 41 9 66 37 83 6 32 8 73 34 67 35 1 28 18 31 81 47 93 64 70 82 7 85 10 4 33 46 25 2 43 27 14 16 69 79 86 17 65 78 19 26 42 20 55 76 72 54 89 74 39 40 56 49 44 30 24 77 23 52 3 75 11 
95 57 12 58 68 50 15 71 13 90 21 80 5 41 9 66 37 83 6 32 8 73 34 67 35 1 28 18 31 81 47 93 64 70 82 7 85 10 4 33 46 25 2 43 27 14 16 69 79 86 17 65 78 19 26 42 20 55 76 72 54 89 74 39 40 56 49 44 30 24 77 23 52 3 75 11 
96 57 12 58 68 50 15 71 13 90 21 80 96 5 41 9 66 37 83 6 32 8 73 34 67 35 1 28 18 31 81 47 93 64 70 82 7 85 10 4 33 46 25 2 43 27 14 16 69 79 86 17 65 78 19 26 42 20 55 76 72 54 89 74 39 40 56 49 44 30 24 77 23 52 3 75 11 
97 57 12 58 68 50 15 71 13 90 21 80 96 5 41 9 66 37 83 6 32 8 73 34 67 35 1 28 18 31 81 47 93 64 70 82 7 85 10 4 33 46 25 97 2 43 27 14 16 69 79 86 17 65 78 19 26 42 20 55 76 72 54 89 74 39 40 56 49 44 30 24 77 23 52 3 75 11 
98 57 12 58 68 50 15 71 13 90 21 80 96 5 41 9 66 37 83 6 32 8 73 34 67 35 1 28 18 31 81 47 93 64 70 82 7 85 10 4 33 46 25 97 2 43 27 14 16 69 79 86 17 65 78 19 26 42 20 55 76 72 54 89 74 98 39 40 56 49 44 30 24 77 23 52 3 75 11 
99 57 12 58 68 50 15 71 13 90 21 80 96 5 41 9 66 37 83 6 32 8 73 34 67 35 1 28 18 31 81 47 93 64 70 82 7 85 10 4 33 46 25 97 2 43 27 14 16 69 79 86 17 65 78 19 26 42 20 55 76 72 54 89 74 98 39 40 56 49 44 30 24 77 23 52 3 75 11 
100 57 12 58 68 50 15 71 13 90 21 80 96 5 41 9 66 37 83 6 32 8 73 34 67 35 1 28 18 31 81 47 93 64 70 82 7 85 10 4 33 46 25 97 2 43 27 14 16 69 79 86 17 65 78 19 26 42 20 55 76 72 54 89 74 98 39 40 56 49 44 30 24 77 23 52 3 75 11 
101 57 101 12 58 68 50 15 71 13 90 21 80 96 5 41 9 66 37 83 6 32 8 73 34 67 35 1 28 18 31 81 47 93 64 70 82 7 85 10 4 33 46 25 97 2 43 27 14 16 69 79 86 17 65 78 19 26 42 20 55 76 72 54 89 74 98 39 40 56 49 44 30 24 77 23 52 3 75 11 
102 57 101 12 58 68 50 15 71 13 90 21 80 96 5 41 9 66 37 83 6 32 8 73 34 67 35 1 28 18 31 81 47 93 64 70 82 7 85 10 4 33 46 25 97 2 43 27 14 16 69 79 86 17 65 78 19 26 42 20 55 76 72 54 89 74 98 39 40 56 49 44 30 24 77 23 52 3 75 11 
103 57 101 12 58 68 50 15 71 13 90 21 80 96 5 41 9 66 37 83 6 32 8 73 34 67 35 1 28 18 31 81 47 93 64 70 82 7 85 10 4 33 46 25 97 2 43 27 14 16 69 79 86 17 65 78 19 26 42 20 55 76 72 54 89 74 98 39 40 56 49 44 30 24 77 23 52 3 75 11 
104 57 101 12 58 68 50 15 71 13 90 21 80 96 5 41 9 66 37 83 6 32 8 73 34 67 35 1 28 18 31 81 47 93 64 70 82 7 85 10 4 33 46 25 97 2 43 27 14 16 69 79 86 17 65 78 19 26 42 20 55 76 72 54 104 89 74 98 39 40 56 49 44 30 24 77 23 52 3 75 11 
105 57 101 12 58 68 50 15 71 13 90 21 80 96 5 41 9 66 37 83 6 32 8 73 34 67 35 1 28 18 31 81 47 93 64 70 82 7 85 10 4 33 46 25 97 2 43 27 14 16 69 79 86 17 65 78 19 26 42 20 55 76 72 105 54 104 89 74 98 39 40 56 49 44 30 24 77 23 52 3 75 11 
106 57 101 12 58 68 50 15 71 13 90 21 80 96 5 41 9 66 37 83 6 32 8 73 34 67 35 1 28 18 31 81 47 93 64 70 106 82 7 85 10 4 33 46 25 97 2 43 27 14 16 69 79 86 17 65 78 19 26 42 20 55 76 72 105 54 104 89 74 98 39 40 56 49 44 30 24 77 23 52 3 75 11 
107 57 101 12 58 68 50 15 71 13 90 21 80 96 5 41 9 66 37 83 6 32 8 73 34 67 35 1 28 18 31 81 47 93 64 70 106 82 7 85 10 4 33 46 25 97 2 43 27 14 16 69 79 86 17 65 78 19 26 42 20 55 76 72 105 54 104 89 74 98 39 40 56 49 44 30 24 77 23 52 3 75 11 
108 57 101 12 58 68 50 15 71 13 90 21 80 96 5 41 9 66 37 83 6 32 8 73 34 67 35 1 28 18 31 81 47 93 64 70 106 82 7 85 10 4 33 46 25 97 2 43 27 14 16 69 79 86 17 65 78 19 26 42 20 55 76 72 105 54 104 89 74 98 39 40 56 49 44 30 24 77 23 52 3 75 11 
109 57 101 12 58 68 50 15 71 13 90 21 80 109 96 5 41 9 66 37 83 6 32 8 73 34 67 35 1 28 18 31 81 47 93 64 70 106 82 7 85 10 4 33 46 25 97 2 43 27 14 16 69 79 86 17 65 78 19 26 42 20 55 76 72 105 54 104 89 74 98 39 40 56 49 44 30 24 77 23 52 3 75 11 
110 57 101 12 58 68 50 15 71 13 90 21 80 109 96 5 41 9 66 37 83 6 32 8 73 34 67 35 1 28 18 31 81 47 93 64 70 106 82 7 85 10 4 33 46 25 97 2 43 27 14 16 69 79 86 17 65 78 19 26 42 20 55 76 72 105 54 104 89 74 98 39 40 56 49 44 30 24 77 23 52 3 75 11 
111 57 101 12 58 68 50 15 71 13 90 21 80 109 96 5 41 9 66 37 83 6 32 8 73 34 67 35 1 28 18 31 81 47 93 64 70 106 82 7 85 10 4 33 46 25 97 2 43 27 14 16 69 79 86 17 65 78 19 26 42 20 55 76 72 105 54 104 89 74 98 39 40 56 49 44 30 24 77 23 52 3 75 11 
112 57 101 12 58 68 50 15 71 13 90 21 80 109 96 5 41 9 66 37 83 6 32 8 73 34 67 35 1 28 18 31 81 47 93 64 70 106 82 7 85 10 4 33 46 25 97 2 43 27 14 16 69 79 86 17 65 78 19 26 42 20 55 76 72 105 54 104 89 74 98 39 40 56 49 44 30 24 77 23 52 3 75 11 
113 57 101 12 58 68 113 50 15 71 13 90 21 80 109 96 5 41 9 66 37 83 6 32 8 73 34 67 35 1 28 59 18 31 81 47 93 64 70 106 82 7 85 10 4 33 46 25 97 2 43 27 14 16 69 79 86 17 65 78 19 26 42 20 55 76 72 105 54 104 89 74 98 39 40 56 49 44 30 24 77 23 52 3 75 11 
114 57 101 12 58 68 113 50 15 71 13 90 21 80 109 96 5 41 9 66 37 83 6 32 8 73 34 67 35 1 28 59 18 31 81 47 93 64 70 106 82 7 85 10 4 33 46 25 97 2 43 27 14 16 69 79 86 17 65 78 19 26 42 20 55 76 72 105 54 104 89 74 98 39 40 56 49 44 30 24 77 23 52 3 75 11 
115 57 101 12 58 68 113 50 15 71 13 90 21 80 109 96 5 41 9 66 37 83 6 32 8 73 34 67 35 1 28 59 18 31 81 47 93 64 70 106 82 7 85 10 4 33 46 25 97 2 43 27 14 16 69 79 86 17 65 78 19 26 42 20 55 76 72 105 54 104 89 74 98 39 40 56 115 49 44 30 24 77 23 52 3 75 11 
116 57 101 12 58 68 113 50 15 71 13 90 21 80 109 96 5 41 9 66 37 83 6 32 8 73 34 67 35 1 28 59 18 31 81 47 93 64 70 106 82 7 85 10 4 33 46 25 97 2 43 27 14 16 69 79 86 17 65 78 19 26 42 20 55 76 72 105 54 104 89 74 98 39 40 56 115 49 44 30 24 77 23 52 3 75 11 
117 57 101 12 58 68 113 50 15 71 13 90 21 117 80 109 96 5 41 9 66 37 83 6 32 8 73 34 35 1 28 59 18 31 81 47 93 64 70 106 82 7 85 10 4 33 46 25 97 2 43 27 14 16 69 79 86 17 65 78 19 26 42 20 55 76 72 105 54 104 89 74 98 39 40 56 115 49 44 30 24 77 23 52 3 75 11 
118 57 101 12 58 68 113 50 15 71 13 90 21 117 80 109 96 5 41 9 66 37 83 6 32 8 73 34 35 1 28 59 18 31 81 47 93 64 70 106 82 7 85 10 4 33 46 25 97 2 43 27 14 16 69 79 86 17 65 78 19 26 42 20 55 76 72 105 54 104 89 74 98 39 40 56 115 49 44 30 24 77 23 52 3 75 11 
119 57 101 12 58 68 113 50 15 71 13 90 21 117 80 109 96 5 41 9 66 37 83 6 32 8 73 34 35 1 28 59 18 31 81 47 93 64 70 106 82 7 85 10 4 33 46 25 97 2 43 27 14 16 69 79 86 17 65 78 119 19 26 42 20 55 76 72 105 54 104 89 74 98 39 40 56 115 49 44 30 24 77 23 52 3 75 11 
120 57 120 101 12 58 68 113 50 15 71 13 90 21 117 80 109 96 5 41 9 66 37 83 6 32 8 73 34 35 1 28 59 18 31 81 47 93 64 70 106 82 7 85 10 4 33 46 25 97 2 43 27 14 16 69 79 86 17 65 78 119 19 26 42 20 55 76 72 105 54 104 89 74 98 39 40 56 115 49 44 30 24 77 23 52 3 75 11 
121 57 120 101 12 58 68 113 50 15 71 13 90 21 117 80 109 96 5 41 9 66 37 83 6 32 8 73 34 35 1 28 59 121 18 31 81 47 93 64 70 106 82 7 85 10 4 33 46 25 97 2 43 27 14 16 69 79 86 17 65 78 119 19 26 42 20 55 76 72 105 54 104 89 74 98 39 40 56 115 49 44 30 24 77 23 52 3 75 11 
122 57 120 101 12 58 68 113 50 15 71 13 90 21 117 80 109 96 5 41 9 66 37 83 6 32 8 73 34 35 1 28 59 121 18 31 81 47 93 64 70 106 82 7 85 10 4 33 46 25 97 2 43 27 14 16 69 79 86 17 78 119 19 26 42 20 55 76 72 105 54 104 89 74 98 39 40 56 115 49 44 122 30 24 77 23 52 3 75 11 
123 57 120 123 101 12 58 68 113 50 15 71 13 90 21 117 80 109 96 5 41 9 66 37 83 6 32 8 73 34 35 1 28 59 121 18 31 81 47 93 64 70 106 82 7 85 10 4 33 46 25 97 2 43 27 14 16 69 79 86 17 78 119 19 26 42 20 55 76 72 105 54 104 89 74 98 39 40 56 115 49 44 122 30 24 77 23 52 3 75 11 
124 57 120 123 101 12 58 68 113 50 15 71 13 90 21 117 80 109 96 5 41 9 66 37 83 6 32 8 73 34 35 1 28 59 121 18 31 81 47 93 64 70 106 82 7 85 124 10 4 33 46 25 97 2 43 27 14 16 69 79 86 17 78 119 19 26 42 20 55 76 72 105 54 104 89 74 98 39 40 56 115 49 44 122 30 24 77 23 52 3 75 11 
125 57 120 123 101 12 58 68 113 50 15 71 13 90 21 117 80 109 96 5 41 9 66 37 83 6 32 8 73 34 35 1 28 59 121 18 31 81 47 93 64 70 106 82 7 85 124 10 4 33 46 25 97 2 43 27 14 16 69 79 86 17 78 119 19 26 42 20 55 76 72 105 54 104 89 74 98 39 40 56 115 49 44 125 122 30 24 77 23 52 3 75 11 
126 57 120 123 101 12 58 68 113 50 15 71 13 90 21 117 80 109 96 5 41 9 66 37 83 6 32 8 73 34 35 1 28 59 121 18 31 81 47 93 64 70 106 82 7 85 124 10 4 33 46 25 97 2 43 27 14 16 69 79 86 17 78 119 19 26 42 20 55 76 72 105 54 104 89 74 98 39 40 56 115 49 44 125 122 30 24 77 23 52 3 75 11 
127 57 120 123 101 12 58 68 113 50 15 71 13 90 21 117 80 109 96 5 41 9 66 37 83 6 32 8 73 34 35 1 28 59 121 18 31 81 47 93 64 70 106 82 7 85 124 10 4 33 46 25 97 2 43 27 14 16 69 79 86 17 78 119 19 26 42 20 55 76 72 105 54 104 89 74 98 39 40 56 115 49 44 125 122 127 30 24 77 23 52 3 75 11 
128 57 120 123 101 12 58 68 113 50 15 71 13 90 21 117 80 109 96 5 41 9 66 37 83 6 32 8 73 34 35 1 28 59 121 18 31 81 47 93 64 70 106 82 7 85 124 10 4 33 46 25 97 2 43 27 14 16 69 79 86 17 128 78 119 19 26 42 20 55 76 72 105 54 104 89 74 98 39 40 56 115 49 44 125 122 127 30 24 77 23 52 3 75 11 
129 57 120 123 101 12 58 68 113 50 15 71 13 90 21 117 80 109 96 5 41 9 66 37 83 6 32 8 73 34 129 35 1 28 59 121 18 31 81 47 93 64 70 106 82 7 85 124 10 4 33 46 25 97 2 43 27 14 16 69 79 86 17 128 78 119 19 26 42 20 55 76 72 105 54 104 89 74 98 39 40 56 115 49 44 125 122 127 30 24 77 23 52 3 75 11 
130 57 120 123 101 12 58 68 113 50 15 71 13 90 21 117 80 109 96 5 41 9 66 37 83 6 32 8 73 34 129 35 1 28 59 121 18 31 81 47 93 64 70 106 82 7 85 124 10 4 33 46 25 97 2 43 27 14 16 69 79 86 17 128 78 119 19 26 42 20 55 76 72 105 54 104 89 74 98 39 40 56 115 49 44 125 122 127 30 24 77 23 52 3 75 11 
131 57 120 123 101 12 58 68 113 50 15 71 13 90 21 117 80 109 96 5 41 9 66 37 83 6 32 8 73 34 129 35 1 28 59 121 18 31 81 47 93 64 70 106 82 7 85 124 10 4 33 46 25 97 2 43 27 14 16 69 79 86 17 128 131 78 119 19 26 42 20 55 76 72 105 54 104 89 74 98 39 40 56 115 49 44 125 122 127 30 24 77 23 52 3 75 11 
132 120 123 58 68 113 50 13 90 21 96 5 9 66 37 73 34 129 1 28 59 121 81 47 93 64 82 7 33 46 25 97 2 43 69 79 86 119 42 55 76 72 105 54 56 49 44 125 122 3 11 57 101 12 15 71 117 80 109 41 83 6 32 8 35 132 18 31 70 106 85 124 10 4 27 14 16 17 128 131 78 19 26 20 104 89 74 98 39 40 115 127 30 24 77 23 52 75 
133 120 123 58 68 113 50 13 90 133 21 96 5 9 66 37 73 34 129 1 28 59 121 81 47 93 64 82 7 33 46 25 97 2 43 69 79 86 119 42 55 76 72 105 54 56 49 44 125 122 3 11 57 101 12 15 71 117 80 109 41 83 6 32 8 35 132 18 31 70 106 85 124 10 4 27 14 16 17 128 131 78 19 26 20 104 89 74 98 39 40 115 127 30 24 77 23 52 75 
134 120 123 58 68 113 50 13 90 133 21 96 5 9 66 37 73 34 129 1 28 59 121 81 47 93 64 82 7 33 46 25 97 2 43 69 79 86 119 42 55 76 72 105 54 56 49 44 125 122 3 11 57 101 12 15 71 117 80 109 41 134 83 6 32 8 35 132 18 31 70 106 85 124 10 4 27 14 16 17 128 131 78 19 26 20 104 89 74 98 39 40 115 127 30 24 77 23 52 75 
135 120 123 58 68 113 50 13 90 133 21 96 5 9 66 37 73 34 129 1 28 59 121 81 47 93 64 82 7 33 46 25 97 2 43 69 79 86 119 42 55 76 72 105 54 56 49 44 125 122 3 11 57 101 12 15 71 135 117 80 109 41 134 83 6 32 8 35 132 18 31 70 106 85 124 10 4 27 14 16 17 128 131 78 19 26 20 104 89 74 98 39 40 115 127 30 24 77 23 52 75 
136 120 123 58 68 113 50 13 90 133 21 96 5 9 66 37 73 34 129 1 28 59 121 81 47 93 64 82 7 33 46 25 97 2 43 69 79 86 119 42 55 76 72 105 54 56 49 44 125 122 3 11 57 101 12 15 71 135 117 80 109 41 134 83 6 32 8 35 132 18 31 70 106 85 124 10 4 27 14 16 17 128 131 78 19 26 20 104 89 74 98 39 40 115 127 30 24 77 23 52 75 
137 120 123 58 68 113 50 13 90 133 21 96 5 9 66 37 73 34 129 1 28 59 121 81 47 93 64 82 7 33 46 25 97 2 43 69 79 86 119 42 55 76 72 105 54 56 49 44 125 122 3 11 57 101 12 15 71 135 117 80 109 41 134 83 6 32 8 35 132 18 31 70 106 85 124 10 4 27 14 16 17 128 131 78 19 26 20 104 89 74 98 39 40 115 127 30 24 77 23 52 75 
138 120 123 58 68 113 50 13 90 133 21 96 5 9 66 37 73 34 129 1 28 59 121 81 47 93 64 82 7 33 46 25 97 2 43 69 79 86 119 42 55 76 72 105 54 56 49 44 125 122 3 11 57 101 12 15 71 135 117 80 109 41 134 83 6 32 8 35 132 18 31 70 106 85 124 10 4 27 14 16 17 128 131 78 19 26 20 104 89 74 98 39 40 115 127 30 24 77 23 52 75 
139 120 123 58 68 113 50 13 90 133 139 21 96 5 9 66 37 73 34 67 129 1 28 59 121 81 47 93 64 82 7 33 46 25 97 2 43 69 79 86 119 42 55 76 72 105 54 56 49 44 125 122 3 11 57 101 12 15 71 135 117 80 109 41 134 83 6 32 8 35 132 18 31 70 106 85 124 10 4 27 14 16 17 65 128 131 78 19 26 20 104 89 74 98 39 40 115 127 30 24 77 23 52 75 
140 120 123 58 68 113 50 13 90 133 139 21 96 5 9 66 37 73 34 67 129 1 28 59 121 81 47 93 64 82 7 33 46 25 97 2 43 69 79 86 119 42 55 76 72 105 54 56 49 44 125 122 3 11 57 101 12 15 71 135 117 80 109 41 134 83 6 32 8 35 132 18 31 70 106 85 124 10 4 27 14 16 17 65 128 131 78 19 26 20 104 89 74 98 39 40 115 127 30 24 77 23 52 75 
141 120 123 58 68 113 50 13 90 133 139 21 96 5 9 66 37 73 34 129 1 28 59 121 81 47 93 64 82 7 33 46 25 97 2 43 69 79 86 119 42 55 76 72 105 54 141 56 49 44 125 122 3 11 57 101 12 15 71 135 80 109 41 134 83 6 32 8 35 132 18 31 70 106 85 124 10 4 27 14 16 17 65 128 131 78 19 26 20 104 89 74 98 39 40 115 127 30 24 77 23 52 75 
142 120 123 58 68 113 50 13 90 133 139 21 96 5 9 66 37 73 34 129 1 28 59 121 81 47 93 64 82 7 33 46 25 97 2 43 69 79 86 119 42 55 76 72 105 54 141 56 49 44 125 122 3 11 57 101 12 15 71 135 80 109 41 134 83 6 32 8 35 132 18 31 70 106 85 124 10 4 27 14 16 17 65 128 131 78 19 26 20 104 89 74 98 39 40 115 127 30 24 77 23 52 75 
143 120 123 58 68 113 50 13 90 133 139 21 96 143 5 9 66 37 73 34 129 1 28 59 121 81 47 93 64 82 7 33 46 25 97 2 43 69 79 86 119 42 55 76 72 105 54 141 56 49 44 125 122 3 11 57 101 12 15 71 135 80 109 41 134 83 6 32 8 35 132 18 31 70 106 85 124 10 4 27 14 16 17 65 128 131 78 19 26 20 104 89 74 98 39 40 115 127 30 24 77 23 52 75 
144 123 58 68 113 50 13 90 133 139 21 96 143 5 9 66 37 73 34 129 1 28 59 121 81 47 93 64 82 7 33 46 25 97 2 43 69 79 86 119 42 55 76 72 105 54 141 56 49 44 125 122 3 11 57 101 12 15 71 135 80 109 41 134 83 144 6 32 8 35 132 18 31 70 106 85 124 10 4 27 14 16 17 65 128 131 78 19 26 20 104 89 74 98 39 40 115 127 30 24 77 23 52 75 
145 123 58 68 113 50 13 90 133 139 21 96 143 5 9 66 37 73 34 129 1 28 59 121 81 47 93 64 82 7 33 46 25 97 2 43 69 79 86 119 42 55 76 72 105 54 145 141 56 49 44 125 122 3 11 57 101 12 15 71 135 80 109 41 134 83 144 6 32 8 35 132 18 31 70 106 85 124 10 4 27 14 16 17 65 128 131 78 19 26 20 104 89 74 98 39 40 115 127 30 24 77 23 52 75 
146 123 58 68 113 50 13 90 133 139 21 96 143 5 9 66 37 73 34 129 1 28 59 121 81 47 93 64 82 7 33 46 25 97 2 146 43 69 79 86 119 42 55 76 72 105 54 145 141 56 49 44 125 122 3 11 57 101 12 15 71 135 80 109 41 134 83 144 6 32 8 35 132 18 31 70 106 85 124 10 4 27 14 16 17 65 128 131 78 19 26 20 104 89 74 98 39 40 115 127 30 24 77 23 52 75 
147 123 58 68 113 50 13 90 133 139 21 96 143 5 9 66 37 73 34 129 1 28 59 121 81 47 93 64 82 7 33 46 25 97 2 146 43 69 79 86 119 42 55 76 72 105 54 145 141 56 49 44 125 122 3 11 57 101 12 15 71 135 80 109 41 134 83 144 6 32 8 35 132 18 31 70 106 85 124 10 4 27 14 16 17 65 128 147 131 78 19 26 20 104 89 74 98 39 40 115 127 30 24 77 23 52 75 
148 123 58 68 113 50 13 90 133 139 21 96 143 5 9 66 37 73 34 129 1 28 59 121 81 47 93 64 82 7 33 46 25 97 2 146 43 69 79 86 119 42 55 76 72 105 54 145 141 56 49 44 125 122 3 11 57 101 12 15 71 135 80 109 41 134 83 144 6 32 8 35 132 18 31 70 106 85 124 10 4 27 14 16 17 65 128 147 131 78 19 26 20 104 89 74 98 39 40 115 127 30 24 77 23 52 75 
149 123 58 68 113 50 13 90 133 139 21 96 143 5 9 66 37 73 34 129 1 28 59 121 81 47 93 64 82 7 33 46 25 97 2 146 43 69 79 86 119 42 55 76 72 105 54 145 141 56 49 44 125 122 3 11 57 101 12 15 71 135 80 109 41 134 83 144 6 32 8 35 132 18 31 70 106 85 124 10 4 27 14 16 17 65 128 147 131 78 19 26 20 104 89 74 98 39 40 115 127 30 24 77 23 52 75 
150 120 123 58 68 113 50 13 90 133 139 21 96 143 5 9 66 37 73 34 67 129 1 28 59 121 81 47 93 64 82 7 33 46 25 97 2 146 43 69 79 86 119 42 55 76 72 105 54 145 141 56 49 44 125 122 3 11 57 101 12 15 71 150 135 117 80 109 41 134 83 144 6 32 8 35 132 18 31 70 106 85 124 10 4 27 14 16 17 65 128 147 131 78 19 26 20 104 89 74 98 39 40 115 127 30 24 77 23 52 75 
151 120 123 58 68 113 50 13 90 133 139 21 96 143 5 9 66 37 73 34 67 129 1 28 59 121 81 47 93 64 82 7 33 46 25 97 2 146 43 69 79 86 119 42 55 76 72 105 54 145 141 56 49 44 125 122 3 11 57 101 12 15 71 150 135 117 80 109 41 134 83 144 6 32 8 35 132 18 31 70 106 85 124 10 4 27 14 16 17 65 128 147 131 78 19 26 20 104 89 74 98 39 40 115 127 30 24 77 23 52 75 
152 120 123 58 68 113 50 13 90 133 139 21 96 143 5 9 66 37 73 34 67 129 1 28 59 121 81 47 93 64 82 7 33 46 25 97 2 146 43 69 79 86 119 42 55 76 72 105 54 145 141 56 49 44 125 122 3 11 57 101 12 15 71 150 135 117 80 109 41 134 83 144 6 32 8 35 132 18 31 70 106 85 124 10 4 27 14 16 17 65 128 147 131 78 19 26 20 104 89 74 98 39 40 115 127 30 24 77 23 52 75 
153 120 123 58 68 113 50 13 90 133 139 21 96 143 5 9 66 37 73 34 129 1 28 59 121 81 47 93 64 82 7 33 46 25 97 2 146 43 69 79 86 119 153 42 55 76 72 105 54 145 56 49 44 125 122 3 11 57 101 12 15 71 150 135 80 109 41 134 83 144 6 32 8 35 132 18 31 70 106 85 124 10 4 27 14 16 17 65 128 147 131 78 19 26 20 104 89 74 98 39 40 115 127 30 24 77 23 52 75 
154 120 123 58 68 113 50 13 90 133 139 21 96 143 5 9 66 37 73 34 129 1 28 59 121 81 47 93 64 82 7 33 46 25 97 2 146 43 69 79 86 119 153 42 55 76 72 105 54 145 56 49 44 125 122 3 11 57 101 12 15 71 150 135 80 109 41 134 83 144 6 32 8 35 132 18 31 70 106 85 124 10 4 27 14 16 17 65 128 147 131 78 19 26 20 104 89 74 98 39 40 115 127 30 24 77 23 52 75 
155 120 123 58 68 113 50 13 90 133 139 21 96 143 5 9 66 37 73 34 129 1 28 59 121 81 47 93 64 82 7 33 46 25 97 2 146 43 69 79 86 119 153 42 55 76 72 105 54 145 56 49 44 125 122 3 11 57 101 12 15 71 150 135 80 109 41 134 83 144 6 32 8 35 132 18 31 70 106 85 124 10 4 27 14 16 17 65 128 147 131 78 19 26 20 104 89 74 98 39 40 115 127 30 24 77 23 52 75 
156 120 123 58 68 113 50 13 90 133 139 21 96 143 5 9 66 37 73 34 67 129 1 28 59 121 81 47 93 64 82 7 33 46 25 97 2 146 43 69 79 86 119 153 42 55 76 72 105 54 145 141 56 49 44 125 122 3 11 57 101 12 15 71 150 135 117 80 109 41 134 83 144 6 32 8 35 132 18 31 70 106 85 124 10 4 27 14 16 17 65 128 147 131 78 19 26 20 104 89 74 98 39 40 115 127 30 24 77 23 52 75 
