1 1 
2 2 1 
3 2 3 1 
4 2 4 3 1 
5 2 4 3 1 
6 2 4 3 1 6 
7 2 4 3 1 6 
8 2 4 3 8 1 6 
9 2 9 4 3 8 1 6 
10 2 9 4 3 8 1 6 
11 2 4 3 1 6 11 
12 2 12 4 3 1 6 11 
13 2 12 13 4 3 1 6 11 
14 2 12 9 13 14 4 3 8 1 6 11 
15 2 12 9 13 14 4 3 8 1 6 11 
16 2 12 9 13 14 4 16 3 8 1 6 11 
17 13 14 4 16 3 6 11 2 12 9 8 17 1 
18 13 14 4 16 3 6 11 2 12 9 8 17 1 
19 2 12 9 13 14 4 3 8 1 6 19 11 
20 2 12 9 13 14 4 3 8 1 6 19 11 
21 13 14 4 3 6 19 11 2 12 9 8 21 1 
22 13 14 4 3 6 19 11 2 12 9 22 8 21 1 
23 23 13 14 4 3 6 19 2 12 9 22 8 21 1 
24 23 13 14 4 3 6 19 2 12 9 22 8 21 24 1 
25 23 13 14 4 3 6 19 2 12 9 22 8 21 24 1 
26 2 12 9 13 14 26 4 3 8 1 6 19 
27 27 13 14 26 4 3 6 19 2 12 9 8 1 
28 27 13 14 26 4 3 6 19 2 12 9 8 1 28 
29 27 23 13 14 26 4 16 3 29 6 19 11 2 12 9 22 8 17 21 24 1 28 
30 27 23 13 14 26 4 16 3 29 6 19 11 2 12 9 22 8 17 21 24 1 28 
31 27 23 13 14 26 4 16 3 29 6 19 11 2 12 9 31 22 8 17 21 24 1 28 
32 27 23 13 14 26 4 16 3 32 29 6 19 11 2 12 9 31 22 8 17 21 24 1 28 
33 23 16 3 32 29 6 2 12 22 17 21 27 13 14 26 4 33 19 11 9 31 8 24 1 28 
34 23 16 3 32 29 6 2 12 22 34 17 21 27 13 14 26 4 33 19 11 9 31 8 24 1 28 
35 23 16 3 32 29 6 2 12 35 22 34 17 21 27 13 14 26 4 33 19 11 9 31 8 24 1 28 
36 23 16 3 32 29 6 2 12 35 22 34 17 21 27 13 14 26 4 33 19 11 9 31 8 24 1 28 
