1 1 
2 2 1 
3 3 2 1 
4 3 2 4 1 
5 3 2 4 1 5 
6 3 6 2 4 1 5 
7 3 6 2 4 1 5 7 
8 3 6 2 4 1 5 8 7 
9 3 6 2 4 1 5 8 7 
10 3 6 2 4 1 5 8 10 7 
11 3 6 2 4 1 5 11 8 10 7 
12 3 12 6 2 4 1 5 11 8 10 7 
13 3 12 6 2 4 1 5 13 11 8 10 7 
14 3 2 4 5 14 11 10 7 12 6 1 13 8 
15 3 2 4 5 14 11 10 7 12 6 1 13 8 15 
16 3 2 4 5 14 11 10 7 12 6 1 13 16 8 15 
17 33 14 11 10 19 50 65 68 58 1 49 48 39 31 5 61 12 17 25 13 47 45 2 37 62 6 64 55 21 24 35 16 63 15 3 20 52 4 26 53 22 51 59 29 7 28 57 56 54 46 60 8 43 
18 33 14 11 10 19 50 65 68 58 1 49 48 39 31 5 61 12 17 25 13 47 45 2 37 62 6 64 55 21 24 35 16 63 15 3 20 52 4 26 53 22 51 59 29 7 28 57 56 54 46 60 8 43 
19 33 14 11 10 19 50 65 68 58 1 49 48 39 31 5 61 12 17 25 13 47 45 2 37 62 6 64 55 21 24 35 16 63 15 3 20 52 4 26 53 22 51 59 29 7 28 57 56 54 46 60 8 43 
20 33 14 11 10 19 50 65 68 58 1 49 48 39 31 5 61 12 17 25 13 47 45 2 37 62 6 64 55 21 24 35 16 63 15 3 20 52 4 26 53 22 51 59 29 7 28 57 56 54 46 60 8 43 
21 33 14 11 10 19 50 65 68 58 1 49 48 39 31 5 61 12 17 25 13 47 45 2 37 62 6 64 55 24 35 21 16 63 15 3 20 52 4 26 53 22 51 59 29 7 28 57 56 54 46 60 8 43 
22 33 14 11 10 19 50 65 68 58 1 49 48 39 31 5 61 12 17 25 13 47 45 2 37 62 6 64 55 21 24 35 16 63 15 3 20 52 4 26 53 22 51 59 29 7 28 57 56 54 46 60 8 43 
23 33 14 11 10 19 50 65 68 58 1 49 48 39 31 5 61 12 17 25 13 47 45 2 37 62 6 64 55 21 24 35 16 63 15 3 20 52 4 26 53 22 51 59 29 7 28 57 56 54 46 60 8 43 
24 33 14 11 10 19 50 65 68 58 1 49 48 39 31 5 61 12 17 25 13 47 45 2 37 62 6 64 55 21 35 24 16 63 15 3 20 52 4 26 53 22 51 59 29 7 28 57 56 54 46 60 8 43 
25 33 14 11 10 19 50 65 68 58 1 49 48 39 31 5 61 12 17 25 13 47 45 2 37 62 6 64 55 21 24 35 16 63 15 3 20 52 4 26 53 22 51 59 29 7 28 57 56 54 46 60 8 43 
26 33 14 11 10 19 50 65 68 58 1 49 48 39 31 5 61 12 17 25 13 47 45 2 37 62 6 64 55 21 24 35 16 63 15 3 20 52 4 26 53 22 51 59 29 7 28 57 56 54 46 60 8 43 
27 33 14 11 10 19 50 65 68 58 1 49 48 39 31 5 61 12 17 25 13 47 45 2 37 62 6 64 55 21 24 35 16 63 15 3 20 52 4 26 53 22 51 59 29 7 28 57 56 54 46 60 8 43 
28 33 14 11 10 19 50 65 68 58 1 49 48 39 31 5 61 12 17 25 13 47 45 2 37 62 6 64 55 21 24 35 16 63 15 3 20 52 4 26 53 22 51 59 29 7 28 57 56 54 46 60 8 43 
29 33 14 11 10 19 50 65 68 58 1 49 48 39 31 5 61 12 17 25 13 47 45 2 37 62 6 64 55 21 24 35 16 63 15 3 20 52 4 26 53 22 51 59 29 7 28 57 56 54 46 60 8 43 
30 33 14 11 10 19 50 65 68 58 1 49 48 39 31 5 61 12 17 25 13 47 45 2 37 62 6 64 55 21 24 35 16 63 15 3 20 52 4 26 53 22 51 59 29 7 28 57 56 54 46 60 8 43 
31 33 14 11 10 19 50 65 68 58 1 49 48 39 31 5 61 12 17 25 13 47 45 2 37 62 6 64 55 21 24 35 16 63 15 3 20 52 4 26 53 22 51 59 29 7 28 57 56 54 46 60 8 43 
32 33 14 11 10 19 50 65 68 58 1 49 48 39 31 5 61 12 17 25 13 47 45 2 37 62 6 64 55 21 24 35 16 63 15 3 20 52 4 26 53 22 51 59 29 7 28 57 56 54 46 60 8 43 
33 33 14 11 10 19 50 65 68 58 1 49 48 39 31 5 61 12 17 25 13 47 45 2 37 62 6 64 55 21 24 35 16 63 15 3 20 52 4 26 53 22 51 59 29 7 28 57 56 54 46 60 8 43 
34 33 14 11 10 19 50 65 68 58 1 49 48 39 31 5 61 12 17 25 13 47 45 2 37 62 6 64 55 21 24 35 16 63 15 3 20 52 4 26 53 22 51 59 29 7 28 57 56 54 46 60 8 43 
35 33 14 11 10 19 50 65 68 58 1 49 48 39 31 5 61 12 17 25 13 47 45 2 37 62 6 64 55 21 24 35 16 63 15 3 20 52 4 26 53 22 51 59 29 7 28 57 56 54 46 60 8 43 
36 33 14 11 10 19 50 65 68 58 1 49 48 39 31 5 61 12 17 25 13 47 45 2 37 62 6 64 55 21 24 35 16 63 15 3 20 52 4 26 53 22 51 59 29 7 28 57 56 54 46 60 8 43 
37 33 14 11 10 19 50 65 68 58 1 49 48 39 31 5 61 12 17 25 13 47 45 2 37 62 6 64 55 21 24 35 16 63 15 3 20 52 4 26 53 22 51 59 29 7 28 57 56 54 46 60 8 43 
38 33 14 11 10 19 50 65 68 58 1 49 48 39 31 5 61 12 17 25 13 47 45 2 37 62 6 64 55 21 24 35 16 63 15 3 20 52 4 26 53 22 51 59 29 7 28 57 56 54 46 60 8 43 
39 33 14 11 10 19 50 65 68 58 1 49 48 39 31 5 61 12 17 25 13 47 45 2 37 62 6 64 55 21 24 35 16 63 15 3 20 52 4 26 53 22 51 59 29 7 28 57 56 54 46 60 8 43 
40 33 14 11 10 19 50 65 68 58 1 49 48 39 31 5 61 12 17 25 13 47 45 2 37 62 6 64 55 21 24 35 16 63 15 3 20 52 4 26 53 22 51 59 29 7 28 57 56 54 46 60 8 43 
41 33 14 11 10 19 50 65 68 58 1 49 48 39 31 5 61 12 17 25 13 47 45 2 37 62 6 64 55 21 24 35 16 63 15 3 20 52 4 26 53 22 51 59 29 7 28 57 56 54 46 60 8 43 
42 33 14 11 10 19 50 65 68 58 1 49 48 39 31 5 61 12 17 25 13 47 45 2 37 62 6 64 55 21 24 35 16 63 15 3 20 52 4 26 53 22 51 59 29 7 28 57 56 54 46 60 8 43 
43 33 14 11 10 19 50 65 68 58 1 49 48 39 31 5 61 12 17 25 13 47 45 2 37 62 6 64 55 21 24 35 16 63 15 3 20 52 4 26 53 22 51 59 29 7 28 57 56 54 46 60 8 43 
44 33 14 11 10 19 50 65 68 58 1 49 48 39 31 5 61 12 17 25 13 47 45 2 37 62 6 64 55 21 24 35 16 63 15 3 20 52 4 26 53 22 51 59 29 7 28 57 56 54 46 60 8 43 
45 33 14 11 10 19 50 65 68 58 1 49 48 39 31 5 61 12 17 25 13 47 45 2 37 62 6 64 55 21 24 35 16 63 15 3 20 52 4 26 53 22 51 59 29 7 28 57 56 54 46 60 8 43 
46 33 14 11 10 19 50 65 68 58 1 49 48 39 31 5 61 12 17 25 13 47 45 2 37 62 6 64 55 21 24 35 16 63 15 3 20 52 4 26 53 22 51 59 29 7 28 57 56 54 46 60 8 43 
47 33 14 11 10 19 50 65 68 58 1 49 48 39 31 5 61 12 17 25 13 47 45 2 37 62 6 64 55 21 24 35 16 63 15 3 20 52 4 26 53 22 51 59 29 7 28 57 56 54 46 60 8 43 
48 33 14 11 10 19 50 65 68 58 1 49 48 39 31 5 61 12 17 25 13 47 45 2 37 62 6 64 55 21 24 35 16 63 15 3 20 52 4 26 53 22 51 59 29 7 28 57 56 54 46 60 8 43 
49 33 14 11 10 19 50 65 68 58 1 49 48 39 31 5 61 12 17 25 13 47 45 2 37 62 6 64 55 21 24 35 16 63 15 3 20 52 4 26 53 22 51 59 29 7 28 57 56 54 46 60 8 43 
50 33 14 11 10 19 65 68 50 58 1 49 48 39 31 5 61 12 17 25 13 47 45 2 37 62 6 64 55 21 24 35 16 63 15 3 20 52 4 26 53 22 51 59 29 7 28 57 56 54 46 60 8 43 
51 33 14 11 10 19 50 65 68 58 1 49 48 39 31 5 61 12 17 25 13 47 45 2 37 62 6 64 55 21 24 35 16 63 15 3 20 52 4 26 53 22 59 51 29 7 28 57 56 54 46 60 8 43 
52 33 14 11 10 19 50 65 68 58 1 49 48 39 31 5 61 12 17 25 13 47 45 2 37 62 6 64 55 21 24 35 16 63 15 3 20 52 4 26 53 22 51 59 29 7 28 57 56 54 46 60 8 43 
53 33 14 11 10 19 50 65 68 58 1 49 48 39 31 5 61 12 17 25 13 47 45 2 37 62 6 64 55 21 24 35 16 63 15 3 20 52 4 26 53 22 51 59 29 7 28 57 56 54 46 60 8 43 
54 33 14 11 10 19 50 65 68 58 1 49 48 39 31 5 61 12 17 25 13 47 45 2 37 62 6 64 55 21 24 35 16 63 15 3 20 52 4 26 53 22 51 59 29 7 28 57 56 54 46 60 8 43 
55 33 14 11 10 19 50 65 68 58 1 49 48 39 31 5 61 12 17 25 13 47 45 2 37 62 6 64 55 21 24 35 16 63 15 3 20 52 4 26 53 22 51 59 29 7 28 57 56 54 46 60 8 43 
56 33 14 11 10 19 50 65 68 58 1 49 48 39 31 5 61 12 17 25 13 47 45 2 37 62 6 64 55 21 24 35 16 63 15 3 20 52 4 26 53 22 51 59 29 7 28 57 56 54 46 60 8 43 
57 33 14 11 10 19 50 65 68 58 1 49 48 39 31 5 61 12 17 25 13 47 45 2 37 62 6 64 55 21 24 35 16 63 15 3 20 52 4 26 53 22 51 59 29 7 28 57 56 54 46 60 8 43 
58 33 14 11 10 19 50 65 68 58 1 49 48 39 31 5 61 12 17 25 13 47 45 2 37 62 6 64 55 21 24 35 16 63 15 3 20 52 4 26 53 22 51 59 29 7 28 57 56 54 46 60 8 43 
59 33 14 11 10 19 50 65 68 58 1 49 48 39 31 5 61 12 17 25 13 47 45 2 37 62 6 64 55 21 24 35 16 63 15 3 20 52 4 26 53 22 51 59 29 7 28 57 56 54 46 60 8 43 
60 33 14 11 10 19 50 65 68 58 1 49 48 39 31 5 61 12 17 25 13 47 45 2 37 62 6 64 55 21 24 35 16 63 15 3 20 52 4 26 53 22 51 59 29 7 28 57 56 54 46 60 8 43 
61 33 14 11 10 19 50 65 68 58 1 49 48 39 31 5 61 12 17 25 13 47 45 2 37 62 6 64 55 21 24 35 16 63 15 3 20 52 4 26 53 22 51 59 29 7 28 57 56 54 46 60 8 43 
62 33 14 11 10 19 50 65 68 58 1 49 48 39 31 5 61 12 17 25 13 47 45 2 37 62 6 64 55 21 24 35 16 63 15 3 20 52 4 26 53 22 51 59 29 7 28 57 56 54 46 60 8 43 
63 33 14 11 10 19 50 65 68 58 1 49 48 39 31 5 61 12 17 25 13 47 45 2 37 62 6 64 55 21 24 35 16 63 15 3 20 52 4 26 53 22 51 59 29 7 28 57 56 54 46 60 8 43 
64 33 14 11 10 19 50 65 68 58 1 49 48 39 31 5 61 12 17 25 13 47 45 2 37 62 6 64 55 21 24 35 16 63 15 3 20 52 4 26 53 22 51 59 29 7 28 57 56 54 46 60 8 43 
65 33 14 11 10 19 50 68 65 58 1 49 48 39 31 5 61 12 17 25 13 47 45 2 37 62 6 64 55 21 24 35 16 63 15 3 20 52 4 26 53 22 51 59 29 7 28 57 56 54 46 60 8 43 
66 33 14 11 10 19 50 65 68 58 1 49 48 39 31 5 61 12 17 25 13 47 45 2 37 62 6 64 55 21 24 35 16 63 15 3 20 52 4 26 53 22 51 59 29 7 28 57 56 54 46 60 8 43 
67 33 14 11 10 19 50 65 68 58 1 49 48 39 31 5 61 12 17 25 13 47 45 2 37 62 6 64 55 21 24 35 16 63 15 3 20 52 4 26 53 22 51 59 29 7 28 57 56 54 46 60 8 43 
68 33 14 11 10 19 50 65 68 58 1 49 48 39 31 5 61 12 17 25 13 47 45 2 37 62 6 64 55 21 24 35 63 15 3 20 52 4 26 53 22 51 59 29 7 28 57 56 54 46 60 8 43 
69 33 14 11 10 19 50 65 68 58 1 49 48 39 31 5 61 12 17 25 13 47 45 2 37 62 6 64 55 21 24 35 63 15 3 20 52 4 26 53 22 51 59 29 7 28 57 56 54 46 60 8 43 
70 33 14 11 10 19 50 65 58 1 70 49 48 39 31 5 61 12 17 25 13 47 45 2 37 62 6 64 55 21 24 35 63 15 3 20 52 4 26 53 22 51 59 29 7 28 57 56 54 46 60 8 43 
71 33 14 11 10 19 50 65 58 1 70 71 49 48 39 31 5 61 12 17 25 13 47 45 2 37 62 6 64 55 21 24 35 63 15 3 20 52 4 26 53 22 51 59 29 7 28 57 56 54 46 60 8 43 
72 33 14 11 10 19 50 65 58 1 70 71 49 48 39 31 5 61 12 17 25 13 72 47 45 2 37 62 6 64 55 21 24 35 63 15 3 20 52 4 26 53 22 51 59 29 7 28 57 56 54 46 60 8 43 
73 33 14 11 73 10 19 50 65 58 1 70 71 49 48 39 31 5 61 12 17 25 13 72 47 45 2 37 62 6 64 55 21 24 35 63 15 3 20 52 4 26 53 22 51 59 29 7 28 57 56 54 46 60 8 43 
74 33 14 11 73 10 19 50 65 58 1 70 71 49 48 39 31 5 61 12 17 25 13 72 47 45 2 37 62 6 64 55 21 24 35 63 15 74 3 20 52 4 26 53 22 51 59 29 7 28 57 56 54 46 60 8 43 
75 33 14 11 73 10 19 50 65 58 1 70 71 49 48 39 31 5 61 12 17 25 13 72 47 45 2 37 75 62 6 64 55 21 24 35 63 15 74 3 20 52 4 26 53 22 51 59 29 7 28 57 56 54 46 60 8 43 
76 33 14 11 73 10 19 50 65 58 1 70 71 49 48 39 31 5 61 12 17 25 13 72 47 45 2 37 75 62 6 64 55 21 24 35 63 15 74 3 20 52 4 26 53 22 51 59 29 7 28 57 56 54 46 60 8 43 
77 33 14 11 73 10 19 50 65 58 1 70 71 49 48 39 31 5 61 12 17 25 13 72 77 45 2 37 75 62 6 64 55 21 24 35 63 15 74 3 20 52 4 26 53 22 51 59 29 7 28 57 56 54 46 60 8 43 
78 79 33 14 11 84 73 10 19 50 65 58 1 70 71 49 48 39 31 5 61 12 17 25 13 72 77 82 45 2 78 37 75 62 6 64 55 21 24 35 63 15 74 3 20 52 4 26 53 22 51 59 29 7 28 81 57 56 54 46 60 8 43 
79 33 79 14 11 84 73 10 19 50 65 58 1 70 71 49 48 39 31 5 61 12 17 25 13 72 77 82 45 2 78 37 75 62 6 64 55 21 24 35 63 15 74 3 20 52 4 26 53 22 51 59 29 7 28 81 57 56 54 46 60 8 43 
80 79 33 14 11 84 73 10 19 50 65 58 1 70 71 49 48 39 31 5 61 12 17 25 13 72 77 82 45 2 78 37 75 62 6 64 55 21 24 35 63 15 74 3 20 52 4 26 53 22 51 59 29 7 28 81 57 56 54 46 60 8 43 
81 79 33 14 11 84 73 10 19 50 65 58 1 70 71 49 48 39 31 5 61 12 17 25 13 72 77 82 45 2 78 37 75 62 6 64 55 21 24 35 63 15 74 3 20 52 4 26 53 22 51 59 29 7 28 81 57 56 54 46 60 8 43 
82 79 33 14 11 84 73 10 19 50 65 58 1 70 71 49 48 39 31 5 61 12 17 25 13 72 77 82 45 2 78 37 75 62 6 64 55 21 24 35 63 15 74 3 20 52 4 26 53 22 51 59 29 7 28 81 57 56 54 46 60 8 43 
83 79 33 14 11 84 73 10 19 50 65 58 1 70 71 49 48 39 31 5 61 12 17 25 13 72 77 82 45 2 78 37 75 62 6 64 55 21 24 35 63 15 74 3 20 52 4 26 53 22 51 59 29 7 28 81 57 56 54 46 60 8 43 
84 79 33 14 11 84 73 10 19 50 65 58 1 70 71 49 48 39 31 5 61 12 17 25 13 72 82 45 2 78 37 75 62 6 64 55 21 24 35 63 15 74 3 20 52 4 26 53 22 51 59 29 7 28 81 57 56 54 46 60 8 43 
85 79 33 14 11 84 73 10 19 50 65 58 1 70 71 49 48 39 31 5 61 12 17 25 13 72 82 45 2 78 37 75 62 6 64 55 21 24 35 63 15 74 3 20 52 4 26 53 22 51 59 29 7 28 81 57 56 54 46 60 8 43 
86 79 33 14 11 84 73 10 19 50 65 58 1 70 71 49 48 39 31 5 61 12 17 25 13 72 77 82 45 2 78 37 75 62 6 64 55 21 24 35 63 15 74 3 20 52 4 26 53 22 51 59 29 7 28 81 57 56 54 46 60 8 43 
