1 1 
2 2 1 
3 2 3 1 
4 2 3 1 4 
5 2 3 5 1 4 
6 2 3 5 6 1 4 
7 7 2 3 5 6 1 4 
8 7 2 3 5 6 1 8 4 
9 7 2 9 3 5 6 1 8 4 
10 7 2 9 10 3 5 6 1 8 4 
11 7 2 9 10 3 5 6 11 1 8 4 
12 7 2 9 10 3 5 6 11 1 8 4 
13 13 7 2 9 10 3 5 6 11 1 8 4 
14 13 7 2 9 10 3 5 6 11 1 8 4 
15 13 7 2 9 10 3 5 6 11 1 8 4 
16 9 10 3 6 8 4 13 7 2 5 11 1 16 
17 9 10 3 6 8 4 13 7 2 5 11 1 16 
18 9 10 3 6 8 4 13 7 2 5 11 1 16 
19 9 10 3 6 8 4 13 7 2 5 11 1 16 
20 9 10 3 6 8 4 13 7 2 5 11 1 20 16 
21 9 10 3 6 8 4 13 7 2 5 11 1 20 16 
22 9 10 3 6 8 4 13 7 2 5 11 1 20 16 
23 9 10 3 6 8 4 13 7 2 5 11 1 20 16 
24 9 10 3 6 8 4 13 7 2 5 11 1 20 16 24 
25 9 10 3 6 8 4 13 7 2 5 11 1 20 16 24 
26 9 10 3 6 8 4 13 7 2 5 11 1 20 16 24 
27 9 10 27 3 6 8 4 13 7 2 5 11 1 20 16 24 
28 9 10 27 3 6 8 4 13 7 2 5 11 28 1 20 16 24 
29 9 10 27 3 6 8 4 13 7 2 5 11 28 1 20 16 24 
30 9 10 27 3 6 8 4 13 7 2 5 11 28 1 20 30 16 24 
31 9 10 27 3 6 8 4 13 7 2 5 11 28 1 20 30 16 24 
32 9 10 27 3 6 8 4 32 13 7 2 5 11 1 20 30 16 24 
33 9 10 27 3 6 8 4 32 13 7 2 5 11 28 1 20 33 30 16 24 
34 9 10 27 3 6 8 4 32 13 7 2 5 11 28 1 20 33 30 16 24 34 
35 9 10 27 3 6 8 4 32 13 7 2 5 11 28 1 20 33 35 30 16 24 34 
36 115 44 40 104 116 76 38 107 92 113 1 119 36 110 58 80 65 106 118 39 87 8 4 74 117 2 112 63 11 79 9 70 27 56 84 66 67 32 60 64 108 69 88 20 47 72 30 24 10 114 3 6 41 59 93 97 75 78 85 13 7 68 83 5 28 103 33 35 50 16 34 
37 115 44 40 104 116 76 38 107 92 113 1 119 36 110 58 80 65 106 118 39 87 8 4 74 117 2 112 63 11 79 9 70 27 56 84 66 67 32 60 64 108 69 88 20 47 72 30 24 10 114 3 6 41 59 93 97 75 78 85 13 7 68 83 5 28 103 33 35 50 16 34 
38 115 44 40 104 116 76 38 107 92 113 1 119 36 110 58 80 65 106 118 39 87 8 4 74 117 2 112 63 11 79 9 70 27 56 84 66 67 32 60 64 108 69 88 20 47 72 30 24 10 114 3 6 41 59 93 97 75 78 85 13 7 68 83 5 28 103 33 35 50 16 34 
39 115 44 40 104 116 76 38 107 92 113 1 119 36 110 58 80 65 106 118 39 87 8 4 74 117 2 112 63 11 79 9 70 27 56 84 66 67 32 60 64 108 69 88 20 47 72 30 24 10 114 3 6 41 59 93 97 75 78 85 13 7 68 83 5 28 103 33 35 50 16 34 
40 115 44 40 104 116 76 38 107 92 113 1 119 36 110 58 80 65 106 118 39 87 8 4 74 117 2 112 63 11 79 9 70 27 56 84 66 67 32 60 64 108 69 88 20 47 72 30 24 10 114 3 6 41 59 93 97 75 78 85 13 7 68 83 5 28 103 33 35 50 16 34 
41 115 44 40 104 116 76 38 107 92 113 1 119 36 110 58 80 65 106 118 39 87 8 4 74 117 2 112 63 11 79 9 70 27 56 84 66 67 32 60 64 108 69 88 20 47 72 30 24 10 114 3 6 41 59 93 97 75 78 85 13 7 68 83 5 28 103 33 35 50 16 34 
42 115 44 40 104 116 76 38 107 92 113 1 119 36 110 58 80 65 106 118 39 87 8 4 74 117 2 112 63 11 79 9 70 27 56 84 66 67 32 60 64 108 69 88 20 47 72 30 24 10 114 3 6 41 59 93 97 75 78 85 13 7 68 83 5 28 103 33 35 50 16 34 
43 115 44 40 104 116 76 38 107 92 113 1 119 36 110 58 80 65 106 118 39 87 8 4 74 117 2 112 63 11 79 9 70 27 56 84 66 67 32 60 64 108 69 88 20 47 72 30 24 10 114 3 6 41 59 93 97 75 78 85 13 7 68 83 5 28 103 33 35 50 16 34 
44 115 44 40 104 116 76 38 107 92 113 1 119 36 110 58 80 65 106 118 39 87 8 4 74 117 2 112 63 11 79 9 70 27 56 84 66 67 32 60 64 108 69 88 20 47 72 30 24 10 114 3 6 41 59 93 97 75 78 85 13 7 68 83 5 28 103 33 35 50 16 34 
45 115 44 40 104 116 76 38 107 92 113 1 119 36 110 58 80 65 106 118 39 87 8 4 74 117 2 112 63 11 79 9 70 27 56 84 66 67 32 60 64 108 69 88 20 47 72 30 24 10 114 3 6 41 59 93 97 75 78 85 13 7 68 83 5 28 103 33 35 50 16 34 
46 115 44 40 104 116 76 38 107 92 113 1 119 36 110 58 80 65 106 118 39 87 8 4 74 117 2 112 63 11 79 9 70 27 56 84 66 67 32 60 64 108 69 88 20 47 72 30 24 10 114 3 6 41 59 93 97 75 78 85 13 7 68 83 5 28 103 33 35 50 16 34 
47 115 44 40 104 116 76 38 107 92 113 1 119 36 110 58 80 65 106 118 39 87 8 4 74 117 2 112 63 11 79 9 70 27 56 84 66 67 32 60 64 108 69 88 20 72 47 30 24 10 114 3 6 41 59 93 97 75 78 85 13 7 68 83 5 28 103 33 35 50 16 34 
48 115 44 40 104 116 76 38 107 92 113 1 119 36 110 58 80 65 106 118 39 87 8 4 74 117 2 112 63 11 79 9 70 27 56 84 66 67 32 60 64 108 69 88 20 47 72 30 24 10 114 3 6 41 59 93 97 75 78 85 13 7 68 83 5 28 103 33 35 50 16 34 
49 115 44 40 104 116 76 38 107 92 113 1 119 36 110 58 80 65 106 118 39 87 8 4 74 117 2 112 63 11 79 9 70 27 56 84 66 67 32 60 64 108 69 88 20 47 72 30 24 10 114 3 6 41 59 93 97 75 78 85 13 7 68 83 5 28 103 33 35 50 16 34 
50 115 44 40 104 116 76 38 107 92 113 1 119 36 110 58 80 65 106 118 39 87 8 4 74 117 2 112 63 11 79 9 70 27 56 84 66 67 32 60 64 108 69 88 20 47 72 30 24 10 114 3 6 41 59 93 97 75 78 85 13 7 68 83 5 28 103 33 35 50 16 34 
51 115 44 40 104 116 76 38 107 92 113 1 119 36 110 58 80 65 106 118 39 87 8 4 74 117 2 112 63 11 79 9 70 27 56 84 66 67 32 60 64 108 69 88 20 47 72 30 24 10 114 3 6 41 59 93 97 75 78 85 13 7 68 83 5 28 103 33 35 50 16 34 
52 115 44 40 104 116 76 38 107 92 113 1 119 36 110 58 80 65 106 118 39 87 8 4 74 117 2 112 63 11 79 9 70 27 56 84 66 67 32 60 64 108 69 88 20 47 72 30 24 10 114 3 6 41 59 93 97 75 78 85 13 7 68 83 5 28 103 33 35 50 16 34 
53 115 44 40 53 104 116 76 38 107 92 113 1 119 36 110 58 80 65 106 118 39 87 8 4 74 117 2 112 63 11 79 9 70 27 56 84 66 67 32 60 64 108 69 88 20 47 72 30 24 10 114 3 6 41 59 93 97 75 78 85 13 7 68 83 5 28 103 33 35 50 16 34 
54 115 44 40 53 104 116 76 38 107 92 113 1 119 36 110 58 80 65 106 118 39 87 8 4 74 117 2 112 63 11 79 9 70 27 56 84 66 67 32 60 64 108 69 88 20 47 72 30 24 10 114 3 6 41 59 93 97 75 78 85 13 7 68 83 5 28 103 33 35 50 16 34 
55 115 44 40 53 104 116 76 38 107 92 113 1 119 36 110 58 80 65 106 118 39 87 8 4 74 117 2 112 63 11 79 9 70 27 56 84 66 67 32 60 64 108 69 88 20 47 72 30 24 10 114 3 6 41 59 93 97 75 78 85 13 7 68 83 5 28 103 33 35 50 16 34 
56 115 44 40 104 116 76 38 107 92 113 1 119 36 110 58 80 65 106 118 39 87 8 4 74 117 2 112 63 11 79 9 70 27 56 84 66 67 32 60 64 108 69 88 20 47 72 30 24 10 114 3 6 41 59 93 97 75 78 85 13 7 68 83 5 28 103 33 35 50 16 34 
57 115 44 40 104 116 76 38 107 92 113 1 119 36 110 58 80 65 106 118 39 87 8 4 74 117 2 112 63 11 79 9 70 27 56 84 66 67 32 60 64 108 69 88 20 47 72 30 24 10 114 3 6 41 59 93 97 75 78 85 13 7 68 83 5 28 103 33 35 50 16 34 
58 115 44 40 104 116 76 38 107 92 113 1 119 36 110 58 80 65 106 118 39 87 8 4 74 117 2 112 63 11 79 9 70 27 56 84 66 67 32 60 64 108 69 88 20 47 72 30 24 10 114 3 6 41 59 93 97 75 78 85 13 7 68 83 5 28 103 33 35 50 16 34 
59 115 44 40 104 116 76 38 107 92 113 1 119 36 110 58 80 65 106 118 39 87 8 4 74 117 2 112 63 11 79 9 70 27 56 84 66 67 32 60 64 108 69 88 20 47 72 30 24 10 114 3 6 41 93 59 97 75 78 85 13 7 68 83 5 28 103 33 35 50 16 34 
60 115 44 40 104 116 76 38 107 92 113 1 119 36 110 58 80 65 106 118 39 87 8 4 74 117 2 112 63 11 79 9 70 27 56 84 66 67 32 64 60 108 69 88 20 47 72 30 24 10 114 3 6 41 59 93 97 75 78 85 13 7 68 83 5 28 103 33 35 50 16 34 
61 115 44 40 104 116 76 38 107 92 113 1 119 36 110 58 80 65 106 118 39 87 8 4 74 117 2 112 63 11 79 9 70 27 56 84 66 67 32 60 64 108 69 88 20 47 72 30 24 10 114 3 6 41 59 93 97 75 78 85 13 7 68 83 5 28 103 33 35 50 16 34 
62 115 44 40 104 116 76 38 107 92 113 1 119 36 110 58 80 65 106 118 39 87 8 4 74 117 2 112 63 11 79 9 70 27 56 84 66 67 32 60 64 108 69 88 20 47 72 30 24 10 114 3 6 41 59 93 97 75 78 85 13 7 68 83 5 28 103 33 35 50 16 34 
63 115 44 40 104 116 76 38 107 92 113 1 119 36 110 58 80 65 106 118 39 87 8 4 74 117 2 112 63 11 79 9 70 27 56 84 66 67 32 60 64 108 69 88 20 47 72 30 24 10 114 3 6 41 59 93 97 75 78 85 13 7 68 83 5 28 103 33 35 50 16 34 
64 115 44 40 104 116 76 38 107 92 113 1 119 36 110 58 80 65 106 118 39 87 8 4 74 117 2 112 63 11 79 9 70 27 56 84 66 67 32 60 64 108 69 88 20 47 72 30 24 10 114 3 6 41 59 93 97 75 78 85 13 7 68 83 5 28 103 33 35 50 16 34 
65 115 44 40 104 116 76 38 107 92 113 1 119 36 110 58 80 106 118 65 39 87 8 4 74 117 2 112 63 11 79 9 70 27 56 84 66 67 32 64 60 108 69 88 20 47 72 30 24 10 114 3 6 41 59 93 97 75 78 85 13 7 68 83 5 28 103 33 35 50 16 34 
66 115 44 40 104 116 76 38 107 92 113 1 119 36 110 58 80 65 106 118 39 87 8 4 74 117 2 112 63 11 79 9 70 27 56 84 66 67 32 64 60 108 69 88 20 47 72 30 24 10 114 3 6 41 59 93 97 75 78 85 13 7 68 83 5 28 103 33 35 50 16 34 
67 115 44 40 104 116 76 38 107 92 113 1 119 36 110 58 80 65 106 118 39 87 8 4 74 117 2 112 63 11 79 9 70 27 56 84 66 67 32 64 60 108 69 88 20 47 72 30 24 10 114 3 6 41 59 93 97 75 78 85 13 7 68 83 5 28 103 33 35 50 16 34 
68 115 44 40 104 116 76 38 107 92 113 1 119 36 110 58 80 65 106 118 39 87 8 4 74 117 2 112 63 11 79 9 70 27 56 84 66 67 32 64 60 108 69 88 20 47 72 30 24 10 114 3 6 41 59 93 97 75 78 85 13 7 68 83 5 28 103 33 35 50 16 34 
69 115 44 40 104 116 76 38 107 92 113 1 119 36 110 58 80 65 106 118 39 87 8 4 74 117 2 112 63 11 79 9 70 27 56 84 66 67 32 64 60 108 69 88 20 47 72 30 24 10 114 3 6 41 59 93 97 75 78 85 13 7 68 83 5 28 103 33 35 50 16 34 
70 115 44 40 104 116 76 38 107 92 113 1 119 36 110 58 80 65 106 118 39 87 8 4 74 117 2 112 63 11 79 9 70 27 56 84 66 67 32 64 60 108 69 88 20 47 72 30 24 10 114 3 6 41 59 93 97 75 78 85 13 7 68 83 5 28 103 33 35 50 16 34 
71 115 44 40 104 116 76 38 107 92 113 1 119 36 110 58 80 65 106 118 39 87 8 4 74 117 2 112 63 11 79 9 70 27 56 84 66 67 32 64 60 108 69 88 20 47 72 30 24 10 114 3 6 41 59 93 97 75 78 85 13 7 68 83 5 28 103 33 35 50 16 34 
72 115 44 40 104 116 76 38 107 92 113 1 119 36 110 58 80 65 106 118 39 87 8 4 74 117 2 112 63 11 79 9 70 27 56 84 66 67 32 64 60 108 69 88 20 47 72 30 24 10 114 3 6 41 59 93 97 78 85 13 7 68 83 5 28 103 33 35 50 16 34 
73 115 44 40 104 116 76 38 107 92 113 1 119 36 110 58 80 65 106 118 39 87 8 4 74 117 2 112 63 11 79 9 70 27 56 84 66 67 32 64 60 108 69 88 20 72 47 30 24 10 114 3 6 41 59 93 97 78 85 13 7 68 83 5 28 103 33 35 50 16 34 
74 115 44 40 104 116 76 38 107 92 113 1 119 36 110 58 80 65 106 118 39 87 8 4 74 117 2 112 63 11 79 9 70 27 56 84 66 67 32 64 60 108 69 88 20 47 72 30 24 10 114 3 6 41 59 93 97 75 78 85 13 7 68 83 5 28 103 33 35 50 16 34 
75 115 44 40 104 116 76 38 107 92 113 1 119 36 110 58 80 65 106 118 39 87 8 4 74 117 2 112 63 11 79 9 70 27 56 84 66 67 32 64 60 108 69 88 20 47 30 24 10 114 3 6 41 59 93 97 75 78 85 13 7 68 83 5 28 103 33 35 50 16 34 
76 115 44 40 104 116 76 38 107 92 113 1 119 36 110 58 80 65 106 118 39 87 8 4 74 117 2 112 63 11 79 9 70 27 56 84 66 67 32 64 60 108 69 88 20 72 47 30 24 10 114 3 6 41 59 93 97 75 78 85 13 7 68 83 5 28 103 33 35 50 16 34 
77 115 44 40 104 116 76 38 107 92 113 1 119 36 110 58 80 65 106 118 39 87 8 4 74 117 2 112 63 11 79 9 70 27 56 84 66 67 32 64 60 108 69 88 20 72 47 30 24 10 114 3 6 41 59 93 97 75 78 85 13 7 68 83 5 28 103 33 35 50 16 34 
78 115 44 40 104 116 76 38 107 92 113 1 119 36 110 58 80 65 106 118 39 87 8 4 74 117 2 112 63 11 79 9 70 27 56 84 66 67 32 64 60 108 69 88 20 72 47 30 24 10 114 3 6 41 59 93 97 75 85 78 13 7 68 83 5 28 103 33 35 50 16 34 
79 115 44 40 104 116 76 38 107 92 113 1 119 36 110 58 80 65 106 118 39 87 8 4 74 117 2 112 63 11 79 9 70 27 56 84 66 67 32 64 60 108 69 88 20 72 47 30 24 10 114 3 6 41 59 93 97 75 78 85 13 7 68 83 5 28 103 33 35 50 16 34 
80 115 44 40 104 116 76 38 107 92 113 1 119 36 110 58 80 65 106 118 39 87 8 4 74 117 2 112 63 11 79 9 70 27 56 84 66 67 32 64 60 108 69 88 20 72 47 30 24 10 114 3 6 41 59 93 97 75 78 85 13 7 68 83 5 28 103 33 35 50 16 34 
81 115 44 40 104 116 76 38 107 92 113 1 119 36 110 58 80 65 106 118 39 87 8 4 74 117 2 112 63 11 79 9 70 27 56 84 66 67 32 64 60 108 69 88 20 72 47 30 24 10 114 3 6 41 59 93 97 75 78 85 13 7 68 83 5 28 103 33 35 50 16 34 
82 115 44 40 104 116 76 38 107 92 113 1 119 36 110 58 80 65 106 118 39 87 8 4 74 117 2 112 63 11 79 9 70 27 56 84 66 67 32 64 60 108 69 88 20 72 47 30 24 10 114 3 6 41 59 93 97 75 78 85 13 7 68 83 5 28 103 33 35 50 16 34 
83 115 44 40 104 116 76 38 107 92 113 1 119 36 110 58 80 65 106 118 39 87 8 4 74 117 2 112 63 11 79 9 70 27 56 84 66 67 32 64 60 108 69 88 20 72 47 30 24 10 114 3 6 41 59 93 97 75 78 85 13 7 68 83 5 28 103 33 35 50 16 34 
84 115 44 40 104 116 76 38 107 92 113 1 119 36 110 58 80 65 106 118 39 87 8 4 74 117 2 112 63 11 79 9 70 27 56 84 66 67 32 64 60 108 69 88 20 72 47 30 24 10 114 3 6 41 59 93 97 75 78 85 13 7 68 83 5 28 103 33 35 50 16 34 
85 115 44 40 104 116 76 38 107 92 113 1 119 36 110 58 80 65 106 118 39 87 8 4 74 117 2 112 63 11 79 9 70 27 56 84 66 67 32 64 60 108 69 88 20 72 47 30 24 10 114 3 6 41 59 93 97 75 78 85 13 7 68 83 5 28 103 33 35 50 16 34 
86 115 44 40 104 116 76 38 107 92 113 1 119 36 110 58 80 65 106 118 39 87 8 4 74 117 2 112 63 11 79 9 70 27 56 84 66 67 32 64 60 108 69 88 20 72 47 30 24 10 114 3 6 41 59 93 97 75 78 85 13 7 68 83 5 28 103 33 35 50 16 34 
87 115 44 40 104 116 76 38 107 92 113 1 119 36 110 58 80 65 106 118 39 87 8 4 74 117 2 112 63 11 79 9 70 27 56 84 66 67 32 64 60 108 69 88 20 72 47 30 24 10 114 3 6 41 59 93 97 75 78 85 13 7 68 83 5 28 103 33 35 50 16 34 
88 115 44 40 104 116 76 38 107 92 113 1 119 36 110 58 80 65 106 118 39 87 8 4 74 117 2 112 63 11 79 9 70 27 56 84 66 67 32 64 60 108 69 88 20 72 47 30 24 10 114 3 6 41 59 93 97 75 78 85 13 7 68 83 5 28 103 33 35 50 16 34 
89 115 44 40 104 116 76 38 107 92 113 1 119 36 110 58 80 65 106 118 39 87 8 4 74 117 2 112 63 11 79 9 70 27 56 84 66 67 32 64 60 108 69 88 20 72 47 30 24 10 114 3 6 41 59 93 97 75 78 85 13 7 68 83 5 28 103 33 35 50 16 34 
90 115 44 40 104 116 76 38 107 92 113 1 119 36 110 58 80 65 106 118 39 87 8 4 74 117 2 112 63 11 79 9 70 27 56 84 66 67 32 64 60 108 69 88 20 72 47 30 24 10 114 3 6 41 59 93 97 75 78 85 13 7 68 83 5 28 103 33 35 50 16 34 
91 115 44 40 104 116 76 38 107 92 113 1 119 36 110 58 80 65 106 118 39 87 8 4 74 117 2 112 63 11 79 9 70 27 56 84 66 67 32 64 60 108 69 88 20 72 47 30 24 10 114 3 6 41 59 93 97 75 78 85 13 7 68 83 5 28 103 33 35 50 16 34 
92 115 44 40 104 116 76 38 107 92 113 1 119 36 110 58 80 65 106 118 39 87 8 4 74 117 2 112 63 11 79 9 70 27 56 84 66 67 32 64 60 108 69 88 20 72 47 30 24 10 114 3 6 41 59 93 97 75 78 85 13 7 68 83 5 28 103 33 35 50 16 34 
93 115 44 40 104 116 76 38 107 92 113 1 119 36 110 58 80 65 106 118 39 87 8 4 74 117 2 112 63 11 79 9 70 27 56 84 66 67 32 64 60 108 69 88 20 72 47 30 24 10 114 3 6 41 59 93 97 75 78 85 13 7 68 83 5 28 103 33 35 50 16 34 
94 115 44 40 104 116 76 38 107 92 113 1 119 36 110 58 80 65 106 118 39 87 8 4 74 117 2 112 63 11 79 9 70 27 56 84 66 67 32 64 60 108 69 88 20 72 47 30 24 10 114 3 6 41 93 59 97 75 78 85 13 7 68 83 5 28 103 33 35 50 16 34 
95 115 44 40 104 116 76 38 107 92 113 1 119 36 110 58 80 65 106 118 39 87 8 4 74 117 2 112 63 11 79 9 70 27 56 84 66 67 32 64 60 108 69 88 20 72 47 30 24 10 114 3 6 41 93 59 97 75 78 85 13 7 68 83 5 28 103 33 35 50 16 34 
96 115 44 40 104 116 76 38 107 92 113 1 119 36 110 58 80 65 106 118 39 87 8 4 74 117 2 112 63 11 79 9 70 27 56 84 66 67 32 64 60 108 69 88 20 72 47 30 24 10 114 3 6 41 93 59 97 75 78 85 13 7 68 83 5 28 103 33 35 50 16 34 
97 115 44 40 104 116 76 38 107 92 113 1 119 36 110 58 80 65 106 118 39 87 8 4 74 117 2 112 63 11 79 9 70 27 56 84 66 67 32 64 60 108 69 88 20 72 47 30 24 10 114 3 6 41 93 59 97 75 78 85 13 7 68 83 5 28 103 33 35 50 16 34 
98 115 44 40 104 116 76 38 107 92 113 1 119 36 110 58 80 65 106 118 39 87 8 4 74 117 2 112 63 11 79 9 70 27 56 84 66 67 32 64 60 108 69 88 20 72 47 30 24 10 114 3 6 41 93 59 97 75 78 85 13 7 68 83 5 28 103 33 35 50 16 34 
99 115 44 40 104 116 76 38 107 92 113 1 119 36 110 58 80 65 106 118 39 87 8 4 74 117 2 112 63 11 79 9 70 27 56 84 66 67 32 64 60 108 69 88 20 72 47 30 24 10 114 3 6 41 93 59 97 75 78 85 13 7 68 83 5 28 103 33 35 50 16 34 
100 115 44 40 104 116 76 38 107 92 113 1 119 36 110 58 80 65 106 118 39 87 8 4 74 100 117 2 112 63 11 79 9 70 27 56 84 66 67 32 64 60 108 69 88 20 72 47 30 24 10 114 3 6 41 93 59 97 75 78 85 13 7 68 83 5 28 103 33 35 50 16 34 
101 115 44 40 104 116 76 38 107 92 113 1 119 36 110 58 80 65 106 118 39 87 8 4 74 100 117 2 112 63 11 79 9 70 27 56 84 66 67 32 64 60 108 69 88 20 72 47 30 24 10 114 3 6 41 93 59 97 75 78 85 13 7 68 83 5 28 103 33 35 50 16 34 
102 115 44 40 104 116 76 38 107 92 113 1 119 36 110 58 80 65 106 118 39 87 8 4 74 100 117 2 112 63 11 79 9 70 27 56 84 66 67 32 64 60 108 69 88 20 72 47 30 24 10 114 3 6 41 93 59 97 75 78 85 13 7 68 83 5 28 103 33 35 50 16 34 
103 115 44 40 104 116 76 38 107 92 113 1 119 36 110 58 80 65 106 118 39 87 8 4 74 117 2 112 63 11 79 9 70 27 56 84 66 67 32 64 60 108 69 88 20 72 47 30 24 10 114 3 6 41 93 59 97 75 78 85 13 7 68 83 5 28 103 33 35 50 16 34 
104 115 44 40 116 104 76 38 107 92 113 1 119 36 110 58 80 65 106 118 39 87 8 4 74 117 2 112 63 11 79 9 70 27 56 84 66 67 32 64 60 108 69 88 20 72 47 30 24 10 114 3 6 41 93 59 97 75 78 85 13 7 68 83 5 28 103 33 35 50 16 34 
105 115 44 40 104 116 76 38 107 92 113 1 119 36 110 58 80 65 106 118 39 87 8 4 74 117 2 112 63 11 79 9 70 27 56 84 66 67 32 64 60 108 69 88 20 72 47 30 24 10 114 3 6 41 93 59 97 75 78 85 13 7 68 83 5 28 103 33 35 50 16 34 
106 115 44 40 104 116 76 38 107 92 113 1 119 36 110 58 80 65 118 106 39 87 8 4 74 117 2 112 63 11 79 9 70 27 56 84 66 67 32 64 60 108 69 88 20 72 47 30 24 10 114 3 6 41 93 59 97 75 78 85 13 7 68 83 5 28 103 33 35 50 16 34 
107 115 44 40 104 116 76 38 107 92 113 1 119 36 110 58 80 65 106 118 39 87 8 4 74 117 2 112 63 11 79 9 70 27 56 84 66 67 32 64 60 108 69 88 20 72 47 30 24 10 114 3 6 41 93 59 97 75 78 85 13 7 68 83 5 28 103 33 35 50 16 34 
108 115 44 40 104 116 76 38 107 92 113 1 119 36 110 58 80 65 106 118 39 87 8 4 74 117 2 112 63 11 79 9 70 27 56 84 66 67 32 64 60 108 69 88 20 72 47 30 24 10 114 3 6 41 93 59 97 75 78 85 13 7 68 83 5 28 103 33 35 50 16 34 
109 115 44 40 104 116 76 38 107 92 113 1 119 36 110 58 80 65 106 118 39 87 8 4 74 117 2 112 63 11 79 9 70 27 56 84 66 67 32 64 60 108 69 88 20 72 47 30 24 10 114 3 6 41 93 59 97 75 78 85 13 7 68 83 5 28 103 33 35 50 16 34 
110 115 44 40 104 116 76 38 107 92 113 1 119 36 110 58 80 65 106 118 39 87 8 4 74 117 2 63 11 79 9 70 27 56 84 66 67 32 64 60 108 69 88 20 72 47 30 24 10 114 3 6 41 93 59 97 75 78 85 13 7 68 83 5 28 103 33 35 50 16 34 
111 115 44 40 104 116 76 38 107 92 113 1 119 36 110 58 80 65 106 118 39 87 8 4 74 117 2 63 11 79 9 70 27 56 84 66 67 32 64 60 108 69 88 20 72 47 30 24 10 114 3 6 41 93 59 97 75 78 85 13 7 68 83 5 28 103 33 35 50 16 34 
112 115 44 40 104 116 76 38 107 92 113 1 119 36 58 80 65 106 118 39 87 8 4 74 117 2 112 63 11 79 9 70 27 56 84 66 67 32 64 60 108 69 88 20 72 47 30 24 10 114 3 6 41 93 59 97 75 78 85 13 7 68 83 5 28 103 33 35 50 16 34 
113 115 44 40 104 116 76 38 107 92 113 1 119 36 110 58 80 65 106 118 39 87 8 4 74 117 2 112 63 11 79 9 70 27 56 84 66 67 32 64 60 108 69 88 20 72 47 30 24 10 114 3 6 41 93 59 97 75 78 85 13 7 68 83 5 28 103 33 35 50 16 34 
114 115 44 40 104 116 76 38 107 92 113 1 119 36 110 58 80 65 106 118 39 87 8 4 74 117 2 112 63 11 79 9 70 27 56 84 66 67 32 64 60 108 69 88 20 72 47 30 24 10 114 3 6 41 93 59 97 75 78 85 13 7 68 83 5 28 103 33 35 50 16 34 
115 115 44 40 104 116 76 38 107 92 113 1 119 36 110 58 80 65 106 118 39 87 8 4 74 117 2 112 63 11 79 9 70 27 56 84 66 67 32 64 60 108 69 88 20 72 47 30 24 10 114 3 6 41 93 59 97 75 78 85 13 7 68 83 5 28 103 33 35 50 16 34 
116 115 44 40 104 116 76 38 107 92 113 1 119 36 110 58 80 65 106 118 39 87 8 4 74 117 2 112 63 11 79 9 70 27 56 84 66 67 32 64 60 108 69 88 20 72 47 30 24 10 114 3 6 41 93 59 97 75 78 85 13 7 68 83 5 28 103 33 35 50 16 34 
117 115 44 40 104 116 76 38 107 92 113 1 119 36 110 58 80 65 106 118 39 87 8 4 74 117 2 112 63 11 79 9 70 27 56 84 66 67 32 64 60 108 69 88 20 72 47 30 24 10 114 3 6 41 93 59 97 75 78 85 13 7 68 83 5 28 103 33 35 50 16 34 
118 115 44 40 104 116 76 38 107 92 113 1 119 36 110 58 80 65 106 118 39 87 8 4 74 117 2 112 63 11 79 9 70 27 56 84 66 67 32 64 60 108 69 88 20 72 47 30 24 10 114 3 6 41 93 59 97 75 78 85 13 7 68 83 5 28 103 33 35 50 16 34 
119 115 44 40 104 116 76 38 107 92 113 1 119 36 110 58 80 65 106 118 39 87 8 4 74 117 2 112 63 11 79 9 70 27 56 84 66 67 32 64 60 108 69 88 20 72 47 30 24 10 114 3 6 41 93 59 97 75 78 85 13 7 68 83 5 28 103 33 35 50 16 34 
120 115 44 40 104 116 76 38 107 92 113 1 119 36 110 58 80 65 106 118 39 87 8 4 74 117 2 112 63 11 79 9 70 27 56 84 66 67 32 64 60 108 69 88 20 72 47 30 24 10 114 3 6 41 93 59 97 75 78 85 13 7 68 83 5 28 103 33 35 50 16 34 
121 115 44 40 104 116 76 38 107 92 113 1 119 36 110 58 80 65 106 118 39 87 8 4 74 117 2 112 63 11 79 9 70 27 56 84 66 67 32 60 64 108 69 88 20 47 72 30 24 10 114 3 6 41 59 93 97 75 78 85 13 7 68 83 5 28 103 33 35 50 16 34 
122 115 44 40 104 116 76 38 107 92 113 1 119 36 110 58 80 65 106 118 39 87 8 4 74 117 2 112 63 11 79 9 70 27 56 84 66 67 32 60 64 108 69 88 20 47 72 30 24 10 114 3 6 41 59 93 97 75 78 85 13 7 68 83 5 28 103 33 35 50 16 34 
123 115 44 40 104 116 76 38 107 92 113 1 119 36 110 58 80 65 106 118 39 87 8 4 74 117 2 112 63 11 79 9 70 27 56 84 66 67 32 60 64 108 69 88 20 47 72 30 24 10 114 3 6 41 59 93 97 75 78 85 13 7 68 83 5 28 103 33 35 50 16 34 
124 115 44 40 104 116 124 76 38 107 92 113 1 119 36 110 58 80 65 106 118 39 87 8 4 74 117 2 112 63 11 79 9 70 27 56 84 66 67 32 60 64 108 69 88 20 47 72 30 24 10 114 3 6 41 59 93 97 75 78 85 13 7 68 83 5 28 103 33 35 50 16 34 
125 115 44 40 124 104 116 76 38 107 92 113 1 119 36 110 58 80 65 106 118 39 87 8 4 74 117 2 112 63 11 79 125 9 70 27 56 84 66 67 32 60 64 108 69 88 20 47 72 30 24 10 114 3 6 41 59 93 97 75 78 85 13 7 68 83 5 28 103 33 35 50 16 34 
126 115 44 40 124 104 116 76 38 107 92 113 1 119 36 110 58 80 65 106 118 39 87 8 4 74 117 2 112 63 11 79 125 9 70 27 56 84 66 67 32 60 64 108 69 88 20 47 72 30 24 10 114 3 6 41 59 93 97 75 78 85 13 7 68 83 5 28 103 33 35 50 16 34 
127 115 44 40 124 104 116 76 38 107 92 113 1 119 36 110 58 80 65 106 118 39 87 8 4 74 117 2 112 63 11 79 125 9 70 27 56 84 66 67 32 60 64 108 69 88 20 47 72 30 24 10 114 3 6 41 59 93 97 75 78 85 13 7 68 83 5 28 103 33 35 50 16 34 
128 115 44 40 124 104 116 76 38 107 92 113 1 119 36 110 58 80 65 106 118 39 87 8 4 74 117 2 112 63 11 79 125 9 70 27 56 84 66 67 32 60 64 108 69 88 20 47 72 30 24 10 114 3 6 41 59 93 97 75 78 85 13 7 68 83 5 28 103 33 35 50 128 16 34 
129 115 44 40 124 104 116 76 38 107 92 113 1 119 36 110 58 80 65 106 118 39 87 8 4 74 117 2 112 63 11 79 125 9 70 27 56 84 66 67 32 60 64 108 69 88 20 47 72 30 24 10 114 3 6 41 59 93 129 97 75 78 85 13 7 68 83 5 28 103 33 35 50 128 16 34 
130 115 44 40 124 104 116 76 38 107 92 113 1 119 36 110 58 80 65 106 118 39 87 8 4 74 117 2 112 63 11 79 125 9 70 27 56 84 66 67 32 60 64 108 69 88 20 47 72 30 24 10 114 3 6 41 129 59 93 97 75 78 85 13 7 68 83 5 28 103 33 35 50 128 16 34 
131 115 44 40 124 104 116 76 38 107 92 113 1 119 36 110 58 80 65 106 118 39 87 8 4 74 117 2 112 63 11 79 125 9 70 27 56 84 66 67 32 60 64 108 69 88 20 47 72 30 24 10 114 3 6 41 129 59 93 131 97 75 78 85 13 7 68 83 5 28 103 33 35 50 128 16 34 
132 115 44 40 124 104 116 76 38 107 92 113 1 119 36 110 58 80 65 106 118 39 87 8 4 74 117 2 112 63 11 79 125 9 70 27 56 84 66 67 32 60 64 108 69 88 20 47 72 30 24 10 114 3 6 41 129 59 93 131 97 75 78 85 13 7 68 83 5 28 103 33 35 50 128 16 34 
133 115 44 40 124 104 116 76 38 107 92 113 1 119 36 110 58 80 65 106 118 39 87 8 4 74 117 2 112 63 11 79 133 125 9 70 27 56 84 66 67 32 60 64 108 69 88 20 47 72 30 24 10 114 3 6 41 129 59 93 131 97 75 78 85 13 7 68 83 5 28 103 33 35 50 128 16 34 
134 115 44 40 124 104 116 76 38 107 92 113 1 119 36 110 58 80 65 106 118 39 87 8 4 74 117 2 112 63 11 79 133 125 9 70 27 56 84 66 67 32 60 64 108 69 88 20 47 72 30 24 10 114 3 6 41 129 59 93 131 97 75 78 85 13 7 68 83 5 28 103 33 35 50 128 16 34 
135 115 44 40 124 104 116 76 38 107 92 113 1 119 36 110 58 80 65 106 118 39 87 8 4 74 117 2 112 63 11 79 125 9 70 27 56 84 66 67 32 60 64 108 69 88 20 47 72 30 24 10 114 135 3 6 41 129 59 93 131 97 75 78 85 13 7 68 83 5 28 103 33 35 50 128 16 34 
136 115 44 40 124 104 116 76 38 107 92 113 1 119 36 110 58 80 65 106 118 39 87 8 4 74 117 2 112 63 11 79 133 125 9 70 27 56 84 66 67 32 60 64 108 69 88 20 47 72 30 24 136 10 114 135 3 6 41 129 59 93 131 97 75 78 85 13 7 68 83 5 28 103 33 35 50 128 16 34 
137 115 44 40 124 104 116 76 38 107 92 113 1 119 36 110 58 80 65 106 118 39 87 8 4 74 117 2 112 63 11 79 133 125 9 70 137 27 56 84 66 67 32 60 64 108 69 88 20 47 72 30 24 136 10 114 135 3 6 41 129 59 93 131 97 75 78 85 13 7 68 83 5 28 103 33 35 50 128 16 34 
138 115 138 44 40 124 104 116 76 38 107 92 113 1 119 36 110 58 80 65 106 118 39 87 8 4 74 117 2 112 63 11 79 133 125 9 137 70 27 56 84 66 67 32 60 64 108 69 88 20 47 72 30 24 136 10 114 135 3 6 41 129 59 93 131 97 75 78 85 13 7 68 83 5 28 103 33 35 50 128 16 34 
139 138 115 44 40 124 104 116 76 38 139 107 92 113 1 119 36 110 58 80 65 106 118 39 87 8 4 74 117 2 112 63 11 79 133 125 9 137 70 27 56 84 66 67 32 60 64 108 69 88 20 47 72 30 24 136 10 114 135 3 6 41 129 59 93 131 97 75 78 85 13 7 68 83 5 28 103 33 35 50 128 16 34 
140 138 115 44 40 124 104 116 76 139 38 107 92 113 1 119 36 110 58 80 65 106 118 39 87 8 4 74 117 2 112 63 11 79 133 125 9 137 70 27 56 84 66 67 32 60 64 108 69 88 20 47 72 30 24 136 10 114 135 3 6 41 129 59 93 131 97 75 78 85 13 7 68 83 5 28 103 33 35 50 128 16 34 
141 138 115 44 40 124 104 116 76 139 38 107 92 113 1 119 36 110 58 80 65 106 118 39 87 8 4 74 117 2 112 63 11 79 133 125 9 137 70 27 56 84 66 67 32 60 64 141 108 69 88 20 47 72 30 24 136 10 114 135 3 6 41 129 59 93 131 97 75 78 85 13 7 68 83 5 28 103 33 35 50 128 16 34 
142 138 115 44 40 124 104 116 76 139 38 107 92 113 1 119 36 110 58 80 65 106 118 39 87 8 4 74 117 2 112 63 11 79 133 125 9 137 70 27 56 84 66 67 32 141 60 64 108 69 88 20 47 72 30 24 136 10 114 135 3 6 41 129 59 93 131 97 75 78 85 13 7 68 83 5 28 103 33 35 50 128 16 34 
143 138 115 44 40 124 104 116 76 139 38 107 143 92 113 1 119 36 110 58 80 65 106 118 39 87 8 4 74 117 2 112 63 11 79 133 125 9 137 70 27 56 84 66 67 32 60 64 108 69 88 20 47 72 30 24 136 10 114 135 3 6 41 129 59 93 131 97 75 78 85 13 7 68 83 5 28 103 33 35 50 128 16 34 
144 138 115 44 40 124 104 116 76 139 38 143 107 92 113 1 119 36 110 58 80 65 106 118 39 87 8 4 74 117 2 112 63 11 79 133 125 9 137 70 27 56 84 66 67 32 141 60 64 108 69 88 20 47 72 30 24 144 136 10 114 135 3 6 41 129 59 93 131 97 75 78 85 13 7 68 83 5 28 103 33 35 50 128 16 34 
145 138 115 44 40 124 104 116 76 139 38 143 107 92 113 1 119 36 110 58 80 65 106 118 39 145 87 8 4 74 117 2 112 63 11 79 133 125 9 137 70 27 56 84 66 67 32 141 60 64 108 69 88 20 47 72 30 24 144 136 10 114 135 3 6 41 129 59 93 131 97 75 78 85 13 7 68 83 5 28 103 33 35 50 128 16 34 
146 138 115 44 40 124 104 116 76 139 38 143 107 92 113 1 119 36 110 58 80 65 106 118 145 39 87 8 4 74 117 2 112 63 11 79 133 125 9 137 70 27 56 84 66 67 32 141 60 64 108 69 88 20 47 72 30 146 24 144 136 10 114 135 3 6 41 129 59 93 131 97 75 78 85 13 7 68 83 5 28 103 33 35 50 128 16 34 
147 138 115 44 40 124 104 116 76 139 38 143 107 92 113 1 119 36 110 58 80 65 106 118 145 39 87 8 4 74 117 2 112 63 11 79 133 125 9 137 70 27 56 84 66 67 32 141 60 64 108 69 147 88 20 47 72 30 146 24 144 136 10 114 135 3 6 41 129 59 93 131 97 75 78 85 13 7 68 83 5 28 103 33 35 50 128 16 34 
148 138 115 44 40 124 104 116 76 139 38 143 107 92 113 1 119 36 110 148 58 80 65 106 118 145 39 87 8 4 74 117 2 112 63 11 79 133 125 9 137 70 27 56 84 66 67 32 141 60 64 108 69 147 88 20 47 72 30 146 24 144 136 10 114 135 3 6 41 129 59 93 131 97 75 78 85 13 7 68 83 5 28 103 33 35 50 128 16 34 
149 138 115 44 40 124 104 116 76 139 38 143 107 92 113 1 119 36 110 148 58 80 65 106 118 145 39 87 8 4 74 117 2 112 63 11 79 133 125 9 137 70 27 56 84 66 67 32 141 60 64 108 69 147 88 20 47 72 30 146 24 144 136 10 114 135 3 6 41 129 59 93 131 97 75 78 85 149 13 7 68 83 5 28 103 33 35 50 128 16 34 
150 138 115 44 40 124 104 116 76 139 38 143 107 92 113 1 119 36 110 148 58 80 65 106 118 145 39 87 8 4 74 117 2 112 63 11 79 133 125 9 137 70 27 56 84 66 67 32 141 60 64 108 69 147 88 20 47 72 30 146 24 144 136 10 114 135 3 6 41 129 59 93 131 97 75 149 78 85 13 7 68 83 5 28 103 33 35 50 128 16 34 
151 138 115 44 40 124 104 116 76 139 38 143 107 92 113 1 119 36 110 148 58 80 65 106 118 145 39 87 8 4 74 117 2 112 63 11 79 133 125 9 137 70 27 56 84 66 67 32 141 60 64 108 69 147 88 20 47 72 30 146 24 144 136 10 114 135 3 6 41 129 59 93 131 97 75 149 78 85 13 7 68 83 5 28 103 33 35 50 128 16 34 
152 138 115 44 40 124 104 116 76 139 38 143 107 92 113 1 119 36 110 148 58 80 65 106 118 145 39 87 8 4 74 117 2 112 63 11 79 133 125 9 137 70 27 56 84 66 67 32 141 60 64 108 69 147 88 20 47 72 30 146 24 144 136 10 114 135 3 6 41 129 59 93 131 97 75 149 78 85 13 7 68 83 5 28 103 33 35 50 128 16 34 
153 138 115 44 40 124 104 116 76 139 38 143 107 92 113 1 119 36 110 148 58 80 65 106 118 145 39 87 8 4 74 117 2 112 63 11 153 79 133 125 9 137 70 27 56 84 66 67 32 141 60 64 108 69 147 88 20 47 72 30 146 24 144 136 10 114 135 3 6 41 129 59 93 131 97 75 149 78 85 13 7 68 83 5 28 103 33 35 50 128 16 34 
154 138 115 44 40 124 104 116 76 139 38 143 107 92 113 1 119 36 110 148 58 80 65 106 118 145 39 87 8 4 74 117 2 112 63 11 153 79 133 125 9 137 70 27 56 84 66 67 32 141 60 64 108 69 147 88 20 47 72 30 146 24 144 136 10 114 135 3 6 41 129 59 93 131 97 75 149 78 85 13 7 68 83 5 28 103 33 35 50 128 16 34 
155 138 115 44 40 124 104 116 76 139 38 143 107 92 113 1 119 36 110 148 58 80 65 106 118 145 39 87 8 4 74 117 2 112 63 11 153 79 133 125 9 137 70 27 56 84 66 67 32 141 60 64 108 69 147 88 20 47 72 30 146 24 144 136 10 114 135 3 6 41 129 59 93 131 97 75 149 78 85 13 7 68 83 5 28 103 33 35 50 128 16 34 
