1 1 
2 1 2 
3 1 2 3 
4 4 1 2 3 
5 4 1 2 3 5 
6 4 1 2 3 6 5 
7 4 1 2 3 6 5 
8 4 1 2 8 3 6 5 
9 4 1 2 8 3 6 5 
10 4 1 2 8 3 10 6 5 
11 4 1 2 8 3 10 6 5 
12 4 1 2 12 8 3 10 6 5 
13 4 1 2 12 8 3 10 6 5 
14 4 1 14 2 8 3 10 6 5 
15 15 4 1 14 2 12 8 3 10 6 5 
16 15 4 1 14 2 12 8 3 10 6 5 
17 15 4 1 14 2 12 8 3 10 6 5 
18 15 4 1 14 2 12 8 3 10 6 18 5 
19 15 14 12 8 3 19 5 4 1 2 10 6 18 
20 20 15 14 12 8 3 19 5 4 1 2 10 6 18 
21 20 15 21 14 12 8 3 19 5 4 1 2 10 6 18 
22 20 15 21 14 12 8 3 19 22 5 4 1 2 10 6 18 
23 20 15 21 14 12 8 3 19 22 5 4 1 2 10 6 18 23 
24 20 15 21 14 12 8 3 19 22 5 4 1 2 10 24 6 18 23 
25 20 15 21 14 12 8 3 19 22 5 4 1 2 25 10 24 6 18 23 
26 20 15 21 14 12 8 3 19 22 5 4 1 2 25 10 24 6 18 26 23 
27 20 27 15 21 14 12 8 3 19 22 5 4 1 2 25 10 24 6 18 26 23 
28 20 27 15 21 14 12 8 3 19 22 5 4 1 2 25 28 10 24 6 18 26 23 
29 20 27 15 21 29 14 12 8 3 19 22 5 4 1 2 25 28 10 24 6 18 26 23 
30 20 27 15 21 30 29 14 12 8 3 19 22 5 4 1 2 25 28 10 24 6 18 26 23 
31 15 8 22 4 1 2 28 26 23 20 27 21 30 29 14 12 3 19 31 5 25 10 24 6 18 
32 15 8 22 32 4 1 2 28 26 23 20 27 21 30 29 14 12 3 19 31 5 25 10 24 6 18 
33 15 8 22 32 4 1 2 28 26 23 20 27 21 30 29 14 12 3 19 31 5 25 10 24 6 33 18 
34 15 8 22 32 4 1 2 28 26 23 20 27 21 30 29 14 12 3 19 31 5 25 10 24 6 33 18 
35 15 8 22 32 4 1 2 28 26 23 20 27 21 30 29 14 12 35 3 19 31 5 25 10 24 6 33 18 
36 15 8 22 32 4 1 2 28 26 23 20 27 21 30 29 14 12 35 3 19 31 5 25 10 24 6 33 18 
37 15 8 22 32 4 1 37 2 28 26 23 20 27 21 30 29 14 12 35 3 19 31 5 25 10 24 6 33 18 
38 15 8 22 32 4 1 37 2 28 26 23 20 27 21 30 29 14 12 35 3 19 31 5 25 10 24 6 33 18 
39 15 8 22 32 4 39 1 2 28 26 23 20 27 21 30 29 14 12 35 3 19 31 5 25 10 24 6 33 18 
40 15 40 8 22 32 4 39 1 37 2 28 26 23 20 27 21 30 29 14 12 35 3 19 31 5 25 10 24 6 33 18 
41 15 32 4 68 54 57 42 71 74 23 20 44 67 29 49 14 35 19 31 5 53 61 25 24 33 18 40 8 22 52 63 73 64 39 59 1 37 45 2 28 26 55 27 48 21 30 75 12 62 65 3 56 60 47 10 6 
42 15 32 4 68 54 57 42 71 74 23 20 44 67 29 49 14 35 19 31 5 53 61 25 24 33 18 40 8 22 52 63 73 64 39 59 1 37 45 2 28 26 55 27 48 21 30 75 12 62 65 3 56 60 47 10 6 
43 15 32 4 68 54 57 42 71 74 23 20 44 67 29 49 14 35 19 31 5 53 61 25 24 33 18 40 8 22 52 63 73 64 39 59 1 37 45 2 28 26 55 27 48 21 30 75 12 62 65 3 56 60 47 10 6 
44 15 32 4 68 54 57 42 71 74 23 20 67 44 29 49 14 35 19 31 5 53 61 25 24 33 18 40 8 22 52 63 73 64 39 59 1 37 45 2 28 26 55 27 48 21 30 75 12 62 65 3 56 60 47 10 6 
45 15 32 4 68 54 57 42 71 74 23 20 44 67 29 49 14 35 19 31 5 53 61 25 24 33 18 40 8 22 52 63 73 64 39 59 1 37 45 2 28 26 55 27 48 21 30 75 12 62 65 3 56 60 47 10 6 
46 15 32 4 68 54 57 42 71 74 23 20 44 67 29 49 14 35 19 31 5 53 61 25 24 33 18 40 8 22 52 63 73 64 39 59 1 37 45 2 28 26 55 27 48 21 30 75 12 62 65 3 56 60 47 10 6 
47 15 32 4 68 54 57 42 71 74 23 20 44 67 29 49 14 35 19 31 5 53 61 25 24 33 18 40 8 22 52 63 73 64 39 59 1 37 45 2 28 26 55 27 48 21 30 75 12 62 65 3 56 60 47 10 6 
48 15 32 4 68 54 57 42 71 74 23 20 44 67 29 49 14 35 19 31 5 53 61 25 24 33 18 40 8 22 52 63 73 64 39 59 1 37 45 2 28 26 55 27 48 21 30 75 12 62 65 3 56 60 47 10 6 
49 15 32 4 68 54 57 42 71 74 23 20 44 67 29 49 14 35 19 31 5 53 61 25 24 33 18 40 8 22 52 63 73 64 39 59 1 37 45 2 28 26 55 27 48 21 30 75 12 62 65 3 56 60 47 10 6 
50 15 32 4 68 54 57 42 71 74 23 20 44 67 29 49 14 35 19 31 5 53 61 25 24 33 18 40 8 22 52 63 73 64 39 59 1 37 45 2 28 26 55 27 48 21 30 75 12 62 65 3 56 60 47 10 6 
51 15 32 4 68 54 57 42 71 74 23 20 44 67 29 49 14 35 19 31 5 53 61 25 24 33 18 40 8 22 52 63 73 64 39 59 1 37 45 2 28 26 55 27 48 21 30 75 12 62 65 3 56 60 47 10 6 
52 15 32 4 68 54 57 42 71 74 23 20 44 67 29 49 14 35 19 31 5 53 61 25 24 33 18 40 8 22 52 63 73 64 39 59 1 37 45 2 28 26 55 27 48 21 30 75 12 62 65 3 56 60 47 10 6 
53 15 32 4 68 54 57 42 71 74 23 20 44 67 29 49 14 35 19 31 5 53 61 25 24 33 18 40 8 22 52 63 73 64 39 59 1 37 45 2 28 26 55 27 48 21 30 75 12 62 65 3 56 60 47 10 6 
54 15 32 4 68 54 57 42 71 74 23 20 44 67 29 49 14 35 19 31 5 53 61 25 24 33 18 40 8 22 52 63 73 64 39 59 1 37 45 2 28 26 55 27 48 21 30 75 12 62 65 3 56 60 47 10 6 
55 15 32 4 68 54 57 42 71 74 23 20 44 67 29 49 14 35 19 31 5 53 61 25 24 33 18 40 8 22 52 63 73 64 39 59 1 37 45 2 28 26 55 27 48 21 30 75 12 62 65 3 56 60 47 10 6 
56 15 32 4 68 54 57 42 71 74 23 20 44 67 29 49 14 35 19 31 5 53 61 25 24 33 18 40 8 22 52 63 73 64 39 59 1 37 45 2 28 26 55 27 48 21 30 75 12 62 65 3 56 60 47 10 6 
57 15 32 4 68 54 57 42 74 23 20 44 67 29 49 14 35 19 31 5 53 61 25 24 33 18 40 8 22 52 63 73 64 39 59 1 37 45 2 28 26 55 27 48 21 30 75 12 62 65 3 56 60 47 10 6 
58 15 32 4 68 54 57 42 71 74 23 20 44 67 29 49 14 35 19 31 5 53 61 25 24 33 18 40 8 22 52 63 64 73 39 59 1 37 45 2 28 26 55 27 48 21 30 75 12 62 65 3 56 60 47 10 6 
59 15 32 4 68 54 57 42 71 74 23 20 44 67 29 49 14 35 19 31 5 53 61 25 24 33 18 40 8 22 52 63 64 73 39 59 1 37 45 2 28 26 55 27 48 21 30 75 12 62 65 3 56 60 47 10 6 
60 15 32 4 68 54 57 42 71 74 23 20 44 67 29 49 14 35 19 31 5 53 61 25 24 33 18 40 8 22 52 63 64 73 39 59 1 37 45 2 28 26 55 27 48 21 30 75 12 62 65 3 56 60 47 10 6 
61 15 32 4 68 54 57 42 71 74 23 20 44 67 29 49 14 35 19 31 5 53 61 25 24 33 18 40 8 22 52 63 64 73 39 59 1 37 45 2 28 26 55 27 48 21 30 75 12 62 65 3 56 60 47 10 6 
62 15 32 4 68 54 57 42 71 74 23 20 44 67 29 49 14 35 19 31 5 53 61 25 24 33 18 40 8 22 52 63 64 73 39 59 1 37 45 2 28 26 55 27 48 21 30 75 12 62 65 3 56 60 47 10 6 
63 15 32 4 68 54 57 42 71 74 23 20 44 67 29 49 14 35 19 31 5 53 61 25 24 33 18 40 8 22 52 63 64 73 39 59 1 37 45 2 28 26 55 27 48 21 30 75 12 62 65 3 56 60 47 10 6 
64 15 32 4 68 54 57 42 71 74 23 20 44 67 29 49 14 35 19 31 5 53 61 25 24 33 18 40 8 22 52 63 73 64 39 59 1 37 45 2 28 26 55 27 48 21 30 75 12 62 65 3 56 60 47 10 6 
65 15 32 4 68 54 57 42 71 74 23 20 44 67 29 49 14 35 19 31 5 53 61 25 24 33 18 40 8 22 52 63 64 73 39 59 1 37 45 2 28 26 55 27 48 21 30 75 12 62 65 3 56 60 47 10 6 
66 15 32 4 68 54 57 42 71 74 23 20 44 67 29 49 14 35 19 31 5 53 61 25 24 33 18 40 8 22 52 63 64 73 39 59 1 37 45 2 28 26 55 27 48 21 30 75 12 62 65 3 56 60 47 10 6 
67 15 32 4 68 54 57 42 71 74 23 20 44 67 29 49 14 35 19 31 5 53 61 25 24 33 18 40 8 22 52 63 64 73 39 59 1 37 45 2 28 26 55 27 48 21 30 75 12 62 65 3 56 60 47 10 6 
68 15 32 4 68 54 57 42 71 74 23 20 44 67 29 49 14 35 19 31 5 53 61 25 24 33 18 40 8 22 52 63 64 73 39 59 1 37 45 2 28 26 55 27 48 21 30 75 12 62 65 3 56 60 47 10 6 
69 15 32 4 68 54 57 42 71 74 23 20 44 67 29 49 14 35 19 31 5 53 61 25 24 33 18 40 8 22 52 63 64 73 39 59 1 37 45 2 28 26 55 27 48 21 30 75 12 62 65 3 56 60 47 10 6 
70 15 32 4 68 54 57 42 71 74 23 20 44 67 29 49 14 35 19 31 5 53 61 25 24 33 18 40 8 22 52 63 64 73 39 59 1 37 45 2 28 26 55 27 48 21 30 75 12 62 65 3 56 60 47 10 6 
71 15 32 4 68 54 42 71 74 23 20 44 67 29 49 14 35 19 31 5 53 61 25 24 33 18 40 8 22 52 63 64 73 39 59 1 37 45 2 28 26 55 27 48 21 30 75 12 62 65 3 56 60 47 10 6 
72 15 32 4 68 54 42 71 74 23 20 44 67 29 49 14 35 19 31 5 53 61 25 24 33 18 40 8 22 52 63 64 73 39 59 1 37 45 2 28 26 55 27 48 21 30 75 12 62 65 3 56 60 47 10 6 
73 15 32 4 68 54 57 42 71 74 23 20 44 67 29 49 14 35 19 31 5 53 61 25 24 33 18 40 8 22 52 63 64 73 39 59 1 37 45 2 28 26 55 27 48 21 30 75 12 62 65 3 56 60 47 10 6 
74 15 32 4 68 54 57 42 71 74 23 20 44 67 29 49 14 35 19 31 5 53 61 25 24 33 18 40 8 22 52 63 73 64 39 59 1 37 45 2 28 26 55 27 48 21 30 75 12 62 65 3 56 60 47 10 6 
75 15 32 4 68 54 57 42 71 74 23 20 44 67 29 49 14 35 19 31 5 53 61 25 24 33 18 40 8 22 52 63 73 64 39 59 1 37 45 2 28 26 55 27 48 21 75 12 62 65 3 56 60 47 10 6 
76 15 32 4 68 54 57 42 71 74 23 20 44 67 29 49 14 35 19 31 5 53 61 25 24 33 18 40 8 22 52 63 73 64 39 59 1 37 45 2 28 26 55 27 48 21 75 12 62 65 3 56 60 47 10 6 
77 15 32 4 68 54 57 42 71 74 23 20 44 67 29 49 14 35 19 31 5 53 61 25 24 33 18 40 8 22 52 63 73 64 39 59 1 37 45 2 28 26 55 27 48 21 30 75 12 62 65 3 56 60 47 10 6 
