1 1 
2 2 1 
3 2 1 3 
4 2 1 4 3 
5 2 1 4 5 3 
6 2 1 4 5 3 6 
7 2 1 4 5 3 6 
8 2 1 4 5 3 6 8 
9 2 1 4 5 3 6 8 
10 2 1 4 5 3 6 10 8 
11 2 1 4 5 3 11 6 10 8 
12 2 1 4 5 3 11 6 10 8 
13 2 1 4 5 3 11 6 10 8 13 
14 2 1 4 5 14 3 11 6 10 8 13 
15 2 1 4 5 14 3 11 6 15 10 8 13 
16 2 1 4 5 14 3 11 6 15 10 8 13 
17 2 4 14 10 8 17 1 5 3 11 6 15 13 
18 2 18 4 14 10 8 17 1 5 3 11 6 15 13 
19 2 18 4 14 10 8 17 19 1 5 3 11 6 15 13 
20 2 18 4 14 10 8 17 19 1 5 3 11 6 15 13 
21 2 18 4 14 10 8 17 19 1 5 3 11 6 15 13 
