1 1 
2 2 
3 3 
4 4 
5 5 
6 6 
7 7 
8 8 
9 9 
10 10 
11 11 
12 12 
13 13 
14 14 
15 15 
17 16 
19 17 
21 16 
24 18 
26 19 
27 18 
28 20 
29 21 
30 22 
31 23 
32 24 
33 25 
34 26 
35 27 
36 28 
37 29 
38 30 
39 31 
40 32 
41 33 
42 34 
44 35 
45 36 
47 37 
48 38 
50 39 
52 40 
53 41 
54 37 
56 42 
57 43 
58 37 
60 39 
61 44 
62 37 
63 45 
65 46 
66 47 
67 48 
69 49 
70 50 
71 37 
72 44 
73 45 
76 45 
77 51 
78 52 
79 47 
80 53 
81 54 
82 55 
83 56 
84 37 
85 57 
86 58 
87 37 
88 59 
89 37 
90 60 
91 37 
92 61 
93 62 
94 35 
95 63 
96 64 
97 36 
98 37 
99 65 
100 66 
102 65 
103 39 
105 67 
107 68 
108 44 
109 69 
110 70 
111 71 
113 47 
114 55 
116 47 
117 55 
118 72 
119 73 
120 74 
122 75 
123 76 
126 77 
127 78 
128 79 
132 80 
133 81 
134 82 
135 83 
139 84 
144 44 
145 45 
146 85 
147 86 
148 87 
151 88 
155 89 
158 90 
161 91 
165 92 
168 93 
169 94 
170 95 
172 96 
173 97 
174 98 
175 99 
177 100 
178 101 
179 102 
180 103 
182 75 
184 104 
185 105 
186 106 
187 107 
189 100 
190 108 
191 109 
192 110 
194 75 
195 111 
197 112 
199 113 
205 114 
207 115 
212 116 
