1 1 
2 2 1 
3 2 3 1 
4 2 3 1 
5 5 2 3 1 
6 5 2 3 1 
7 7 2 3 1 
8 7 5 2 3 8 1 
9 7 5 2 3 8 1 
10 7 10 5 3 8 1 
11 7 10 5 2 11 3 8 1 
12 7 10 5 2 11 3 8 1 
13 7 10 5 2 11 3 8 1 13 
14 7 10 5 2 11 14 3 8 1 13 
15 7 5 11 14 3 8 15 1 13 
16 7 10 5 2 11 14 3 8 15 1 13 16 
17 7 10 11 14 8 1 16 17 5 2 3 15 13 
18 7 10 18 11 14 8 1 16 17 5 2 3 15 13 
19 7 10 18 11 14 8 1 16 17 5 2 3 15 13 
20 7 10 18 20 11 14 8 1 16 17 5 2 3 15 13 
21 7 10 18 20 11 14 8 1 16 17 5 2 3 15 13 
22 7 10 22 18 11 14 8 1 16 17 5 2 3 15 13 
23 7 10 22 18 20 11 14 8 1 16 17 5 2 3 15 13 
