1 1 
2 1 2 
3 3 1 2 
4 4 3 1 2 
5 4 3 5 1 2 
6 4 6 3 5 1 2 
7 4 6 3 5 1 2 
8 4 6 3 5 8 1 2 
9 4 6 3 5 8 1 2 
10 10 4 6 3 5 8 1 2 
11 10 4 6 3 5 8 1 11 2 
12 10 4 6 12 3 5 8 1 11 2 
13 10 13 4 6 12 3 5 8 1 11 2 
14 10 13 4 14 6 12 3 5 8 1 11 2 
15 10 4 14 6 5 1 2 15 13 12 3 8 11 
16 10 4 14 6 5 1 2 15 13 12 3 8 16 11 
17 10 4 14 6 5 1 2 15 13 12 3 8 16 11 
18 10 4 14 6 5 1 2 15 13 18 12 3 8 16 11 
19 10 4 14 6 5 1 2 15 13 19 18 12 3 8 16 11 
20 10 4 14 6 5 1 2 15 13 19 18 12 3 8 16 11 
21 10 4 14 6 5 1 2 15 13 19 18 12 3 8 16 11 
22 10 4 14 6 5 1 2 15 13 19 18 12 3 8 16 11 
