1 1 
2 2 1 
3 2 1 3 
4 2 1 3 
5 2 5 1 3 
6 2 5 6 1 3 
7 2 5 6 1 7 3 
8 2 5 6 1 8 7 3 
9 2 5 6 1 8 7 9 3 
10 2 5 6 1 8 10 7 9 3 
11 11 2 5 6 1 8 10 7 9 3 
12 11 2 5 6 1 8 10 12 7 9 3 
13 11 2 5 6 13 1 8 10 12 7 9 3 
14 14 6 1 10 7 9 11 2 5 13 8 12 3 
15 15 14 6 1 10 7 9 11 2 5 13 8 12 3 
16 15 14 6 1 10 7 9 11 2 5 13 8 12 3 
17 15 14 17 6 1 10 7 9 11 2 5 13 8 12 3 
18 15 14 17 6 1 10 7 9 11 18 2 5 13 8 12 3 
19 15 14 17 6 1 10 7 9 11 18 2 19 5 13 8 12 3 
20 15 14 17 6 1 10 7 9 11 18 20 2 19 5 13 8 12 3 
21 15 14 17 6 1 10 7 9 11 18 20 2 19 21 5 13 8 12 3 
22 15 14 17 6 1 10 7 9 11 18 20 2 19 21 5 22 13 8 12 3 
23 15 14 17 6 1 10 7 9 11 18 20 2 19 21 5 22 13 8 12 23 3 
24 15 24 14 17 6 1 10 7 9 11 18 20 2 19 21 5 22 13 8 12 23 3 
25 15 24 14 17 6 1 10 7 9 11 18 25 20 2 19 21 5 22 13 8 12 23 3 
26 26 15 24 14 17 6 1 10 7 9 11 18 25 20 2 19 21 5 22 13 8 12 23 3 
27 26 24 17 6 10 7 25 20 2 19 21 5 12 15 14 1 9 11 18 22 13 27 8 23 3 
28 26 24 17 6 10 7 25 20 2 19 21 5 12 28 15 14 1 9 11 18 22 13 27 8 23 3 
29 26 24 17 6 10 7 25 20 2 19 21 5 12 28 15 14 29 1 9 11 18 22 13 27 8 23 3 
30 26 24 17 6 10 7 25 20 2 19 21 5 12 28 15 14 29 1 9 11 18 22 13 27 8 23 3 
31 26 24 17 6 10 7 25 20 2 19 21 31 5 12 28 15 14 29 1 9 11 18 22 13 27 8 23 3 
32 26 24 17 6 10 7 25 20 2 19 21 31 5 12 28 15 14 29 1 9 11 18 22 13 27 32 8 23 3 
33 26 24 17 6 10 7 25 20 2 19 21 31 5 12 28 15 14 29 1 9 11 18 22 13 27 32 8 23 3 
34 26 24 17 6 10 7 25 20 2 19 21 31 5 34 12 28 15 14 29 1 9 11 18 22 13 27 32 8 23 3 
35 26 24 35 17 6 10 7 25 20 2 19 21 31 5 34 12 28 15 14 29 1 9 11 18 22 13 27 32 8 23 3 
36 26 24 35 17 6 10 7 25 20 2 19 21 31 5 34 12 28 15 14 29 1 9 11 18 22 13 27 32 8 23 3 
37 26 24 35 17 6 10 7 25 20 2 19 21 31 5 34 12 28 15 37 14 29 1 9 11 18 22 13 27 32 8 23 3 
38 26 24 35 17 6 10 7 25 20 2 38 19 21 31 5 34 12 28 15 37 14 29 1 9 11 18 22 13 27 32 8 23 3 
39 26 24 35 17 6 10 7 25 20 2 38 19 21 31 5 34 12 28 15 37 14 29 1 9 11 18 22 13 27 32 8 23 3 
40 26 24 35 17 6 10 7 25 20 2 38 19 21 31 5 34 12 28 15 37 14 29 1 9 11 18 22 13 27 32 8 23 3 
41 26 24 35 17 6 10 7 25 20 2 38 19 21 31 5 34 12 28 15 37 14 29 1 9 11 18 22 13 27 32 8 23 3 
42 15 14 6 1 10 7 9 42 11 2 5 13 8 12 3 
43 15 14 43 6 1 10 7 9 42 11 2 5 13 8 12 3 
44 15 14 43 6 1 10 7 9 42 11 2 5 13 8 12 3 
45 45 15 14 43 6 1 10 7 9 42 11 2 5 13 8 12 3 
46 45 15 46 14 43 6 1 10 7 9 42 11 2 5 13 8 12 3 
47 45 15 46 14 43 6 1 10 7 9 42 11 2 5 13 8 12 3 
48 45 15 46 14 43 6 1 10 7 9 42 11 2 48 5 13 8 12 3 
49 45 15 46 14 43 6 1 10 7 9 42 11 49 2 48 5 13 8 12 3 
50 45 15 46 14 43 6 1 10 7 9 42 11 49 2 48 5 13 8 12 3 
51 45 15 46 14 43 6 1 10 7 9 42 51 11 49 2 48 5 13 8 12 3 
52 45 15 46 14 43 6 52 1 10 7 9 42 51 11 49 2 48 5 13 8 12 3 
53 45 15 46 14 43 6 52 1 10 7 9 42 51 11 49 2 48 5 13 8 12 3 
54 45 15 46 14 43 6 52 1 10 7 9 42 51 11 49 2 48 5 13 8 12 3 
55 26 24 35 17 6 10 7 51 25 20 49 2 38 19 21 31 5 34 12 28 45 15 46 37 14 43 29 52 1 9 42 11 18 48 22 13 27 32 8 23 3 
