1 1 
2 1 2 
3 1 3 2 
4 1 3 4 2 
5 1 3 4 2 5 
6 1 3 4 2 5 
7 1 7 3 4 2 5 
8 1 7 3 4 2 5 
9 1 7 3 4 9 2 5 
10 1 7 10 3 4 9 2 5 
11 1 7 10 3 4 11 9 2 5 
12 1 7 12 10 3 4 11 9 2 5 
13 13 1 7 12 10 3 4 11 9 2 5 
14 13 1 7 12 10 3 4 11 14 9 2 5 
15 13 1 7 12 10 3 4 11 14 9 2 5 
16 10 3 4 11 16 5 13 1 7 12 14 9 2 
17 35 4 11 21 28 19 31 48 27 12 9 68 24 58 49 39 52 5 45 56 29 60 18 53 40 47 2 50 43 66 10 26 62 7 71 65 54 3 20 67 16 34 13 37 1 14 22 33 41 63 
18 35 4 11 21 28 19 31 48 27 12 9 68 24 58 49 39 52 5 45 56 29 60 18 53 40 47 2 50 43 66 10 26 62 7 71 65 54 3 20 67 16 34 13 37 1 14 22 33 41 63 
19 35 4 11 21 28 19 31 48 27 12 9 68 24 58 49 39 52 5 45 56 29 60 18 53 40 47 2 50 43 66 10 26 62 7 71 65 54 3 20 67 16 34 13 37 1 14 22 33 41 63 
20 35 4 11 21 28 19 31 48 27 12 9 68 24 58 49 39 52 5 45 56 29 60 18 53 40 47 2 50 43 66 10 26 62 7 71 65 54 3 20 67 16 34 13 37 1 14 22 33 41 63 
21 35 4 11 28 21 19 31 48 27 12 9 68 24 58 49 39 52 5 45 56 29 60 18 53 40 47 2 50 43 66 10 26 62 7 71 65 54 3 20 67 16 34 13 37 1 14 22 33 41 63 
22 35 4 11 21 28 19 31 48 27 12 9 68 24 58 49 39 52 5 45 56 29 60 18 53 40 47 2 50 43 66 10 26 62 7 71 65 54 3 20 67 16 34 13 37 1 14 33 41 63 22 
23 35 4 11 21 28 19 31 48 27 12 9 68 24 58 49 39 52 5 45 56 29 60 18 53 40 47 2 50 43 66 10 26 62 7 71 65 54 3 20 67 16 34 13 37 1 14 22 33 41 63 
24 43 66 35 10 4 11 21 28 19 31 48 27 62 12 7 71 9 68 65 54 24 58 49 3 20 39 67 52 16 5 34 56 13 37 29 60 18 1 53 14 40 47 22 33 41 63 2 50 
25 43 66 35 10 4 11 21 28 19 31 48 27 62 7 12 71 9 68 65 54 24 58 49 3 20 39 67 52 16 5 34 13 56 37 29 60 1 18 53 14 40 47 22 33 41 63 2 50 
26 43 66 35 10 4 11 21 28 26 19 31 48 27 62 12 7 71 9 68 65 54 58 49 3 20 39 67 52 16 5 34 56 13 37 29 60 18 1 53 14 40 47 22 33 41 63 2 50 
27 35 4 11 21 28 19 31 48 27 12 9 68 24 58 49 39 52 5 56 29 60 18 53 40 47 2 50 43 66 10 26 62 7 71 65 54 3 20 67 16 34 13 37 1 14 22 33 41 63 
28 35 4 11 21 28 19 31 48 27 12 9 68 24 58 49 39 52 5 56 29 60 18 53 40 47 2 50 43 66 10 26 62 7 71 65 54 3 20 67 16 34 13 37 1 14 22 33 41 63 
29 35 4 11 21 28 19 31 48 27 12 9 68 24 58 49 39 52 5 56 29 60 18 53 40 47 2 50 43 66 10 26 62 7 71 65 54 3 20 67 16 34 13 37 1 14 22 33 41 63 
30 35 4 11 21 28 19 31 48 27 12 9 68 24 58 49 39 52 5 56 29 60 18 53 40 47 2 50 43 66 10 26 62 7 71 65 54 3 20 67 16 34 13 37 1 14 22 33 41 63 
31 43 66 35 10 4 11 21 28 26 19 31 48 27 62 12 7 71 9 68 65 54 24 58 49 3 20 39 67 52 16 5 34 56 13 37 29 60 18 1 53 14 40 47 22 41 63 2 50 
32 43 66 35 10 4 11 21 26 28 19 31 48 27 62 7 12 71 9 68 65 54 24 58 49 3 20 39 67 52 16 5 34 13 56 37 29 60 1 18 53 14 40 47 22 41 63 2 50 
33 43 66 35 10 4 11 21 28 26 19 48 27 62 12 7 71 9 68 65 54 24 58 49 3 20 39 67 52 16 5 34 56 13 37 29 60 18 1 53 14 40 47 22 41 63 33 2 50 
34 35 4 11 21 28 19 31 48 27 12 9 68 24 58 49 39 52 5 56 29 60 18 53 40 47 2 50 43 66 10 26 62 7 71 65 54 3 20 67 16 34 13 37 1 14 22 33 41 63 
35 66 35 10 4 11 21 28 26 19 31 48 27 62 12 7 71 9 68 65 54 24 58 49 3 20 39 67 52 16 5 34 56 13 37 29 60 18 1 53 14 40 47 22 33 41 63 2 50 
36 66 35 10 4 11 21 26 28 19 31 48 27 62 7 12 71 9 68 65 54 24 58 49 3 20 39 67 52 16 5 34 13 56 37 29 60 1 18 53 14 40 47 22 33 41 63 2 50 
37 66 35 10 4 11 21 26 28 19 31 48 27 62 7 12 71 9 68 65 54 24 58 49 3 20 39 67 52 16 5 34 13 56 37 29 60 1 18 53 14 40 47 22 33 41 63 2 50 
38 66 35 10 4 11 21 26 28 19 31 48 27 7 12 71 9 38 68 54 24 58 49 3 20 39 67 16 5 34 13 56 37 29 60 1 18 53 14 40 47 22 33 41 63 2 50 
39 66 35 10 4 11 21 26 28 19 31 48 27 7 12 71 9 38 68 54 24 58 49 3 20 67 39 16 5 34 13 56 37 29 60 1 18 53 14 40 47 22 33 41 63 2 50 
40 66 35 10 4 11 21 26 28 19 31 48 27 7 12 71 9 38 68 54 24 58 49 3 20 39 67 16 5 34 13 56 37 29 60 1 18 53 14 40 47 22 33 41 63 2 50 
41 66 35 10 4 11 21 26 28 19 31 48 27 7 12 71 9 38 68 54 24 58 49 3 20 39 67 16 5 34 13 56 37 29 60 1 18 53 14 40 47 22 33 63 41 2 50 
42 66 35 10 4 11 21 26 28 19 31 48 27 7 12 71 9 38 68 54 24 58 49 3 20 39 67 16 5 34 13 56 37 29 60 1 18 53 14 40 47 22 33 41 63 2 50 
43 66 43 10 4 11 21 26 28 19 31 48 27 7 12 71 9 38 68 54 24 58 49 3 20 39 67 16 5 34 13 56 37 29 60 1 18 53 14 40 47 22 33 41 63 2 50 
44 35 4 11 21 28 19 31 48 27 12 9 68 24 58 49 39 52 5 56 29 60 18 53 40 47 2 50 43 66 10 26 62 7 71 38 65 54 3 20 67 16 34 13 37 1 14 22 33 41 63 
45 35 4 11 21 28 19 31 48 27 12 9 68 58 49 39 52 5 56 45 29 60 18 53 40 47 2 50 43 66 10 62 7 71 38 65 54 3 20 67 16 34 13 37 1 14 22 33 41 63 
46 35 4 11 21 28 19 31 48 27 12 9 68 58 49 39 52 5 45 56 29 60 18 53 40 47 2 50 43 66 10 62 7 71 38 65 54 3 20 67 16 34 13 37 1 14 22 33 41 63 
47 35 4 11 21 28 19 31 48 27 12 9 68 24 58 49 39 52 5 56 29 60 18 53 40 47 2 50 43 66 10 26 62 7 71 38 65 54 3 20 67 16 34 37 1 14 22 33 41 63 
48 43 66 35 10 4 11 21 28 26 19 31 48 27 62 12 7 71 9 38 68 65 54 24 58 49 3 20 39 67 52 16 5 34 56 37 29 60 18 1 53 40 47 22 33 41 63 2 50 
49 35 4 11 21 28 19 31 48 27 12 9 68 24 49 39 52 5 45 29 60 18 53 40 47 2 50 43 66 10 26 62 7 71 38 65 54 3 20 67 16 34 13 37 1 14 22 33 41 63 
50 35 4 11 21 28 19 31 48 27 12 9 68 24 49 39 52 5 45 29 60 18 53 40 47 2 50 43 66 10 26 62 7 71 38 65 54 3 20 67 16 34 13 37 1 14 22 33 41 63 
51 35 4 11 21 28 19 31 48 27 12 9 68 24 49 39 52 5 45 29 60 18 53 40 47 2 50 43 66 10 26 62 7 71 38 65 54 3 20 67 16 34 13 37 1 14 22 33 41 63 
52 43 66 35 10 4 11 21 28 26 19 31 48 27 12 7 71 9 68 54 24 49 3 20 39 67 52 16 5 34 45 13 37 29 60 18 1 53 14 40 47 22 33 41 63 2 50 
53 43 35 10 4 11 21 28 26 19 31 48 27 7 12 71 9 68 54 24 49 3 20 39 67 52 16 5 34 13 45 37 29 60 1 18 53 14 40 47 22 33 41 2 50 
54 43 35 10 4 11 21 28 26 19 31 48 27 7 12 71 9 68 54 24 49 3 20 39 67 52 16 5 34 13 45 37 29 60 1 18 53 14 40 47 22 33 41 2 50 
55 43 35 10 4 11 21 28 26 19 31 48 27 7 12 71 9 68 54 24 49 3 20 39 67 52 16 5 34 13 45 37 29 60 1 18 53 14 40 47 22 33 41 2 50 
56 43 35 10 4 11 21 28 26 19 31 48 27 7 12 71 9 68 54 24 3 20 39 67 52 16 5 34 13 45 56 37 29 60 1 18 53 14 40 47 22 33 41 2 50 
57 43 35 10 4 11 21 28 26 19 31 48 27 7 12 71 9 68 54 24 3 20 39 67 52 16 5 34 13 45 56 37 29 60 1 18 53 14 40 47 22 33 41 2 50 
58 43 35 10 4 11 21 28 26 19 31 48 27 7 12 71 9 68 54 24 58 3 20 39 67 52 16 5 34 13 45 37 29 60 1 18 53 14 40 47 22 33 41 2 50 
59 43 35 10 4 11 21 28 26 19 31 48 27 7 12 71 9 68 54 24 58 3 20 39 67 52 16 5 34 13 45 37 29 60 1 18 53 14 40 47 22 33 41 2 50 
60 35 4 11 21 28 19 31 48 27 12 9 68 24 49 39 52 5 45 29 60 18 53 40 47 2 50 43 66 10 26 62 7 71 38 65 54 3 20 67 16 34 13 37 1 14 22 33 41 63 
61 35 4 11 21 28 19 31 48 27 12 9 68 24 49 39 52 5 45 29 60 18 53 40 47 2 50 43 66 10 26 62 7 71 38 65 54 3 20 67 16 34 13 37 1 14 22 33 41 63 
62 43 66 35 10 4 11 21 28 26 19 31 48 27 62 12 7 71 9 68 54 24 49 3 20 39 67 16 5 34 45 13 37 29 60 18 1 53 14 40 47 22 33 41 63 2 50 
63 43 35 10 4 11 21 28 26 19 31 48 27 62 7 12 71 9 68 54 24 49 3 20 39 67 16 5 34 13 45 37 29 60 1 18 14 40 47 22 33 41 63 2 50 
64 43 35 10 4 11 21 28 26 19 31 48 27 62 7 12 71 9 68 54 24 49 3 20 39 67 16 5 34 13 45 37 29 60 1 18 14 40 47 22 33 41 63 2 50 
65 43 66 35 10 4 11 21 28 26 19 31 48 27 12 7 71 9 68 65 54 24 49 3 20 39 67 16 5 34 45 13 37 29 60 18 1 53 14 40 47 22 33 41 63 2 50 
66 43 66 35 10 4 11 21 28 26 19 31 48 27 7 12 71 9 68 65 54 24 49 3 20 39 67 16 5 34 13 45 37 29 60 1 18 14 40 47 22 33 41 2 50 
67 35 4 11 21 28 19 31 48 27 12 9 68 24 58 49 39 52 5 45 56 29 60 18 53 40 47 2 50 43 66 10 26 62 7 71 65 54 3 20 67 16 34 13 37 1 14 22 33 41 63 
68 35 4 11 21 28 19 31 48 27 12 9 68 24 58 49 39 52 5 45 56 29 60 18 53 40 47 2 50 43 66 10 26 62 7 71 65 54 3 20 67 16 34 13 37 1 14 22 33 41 63 
69 35 4 11 21 28 19 31 48 27 12 9 68 24 58 49 39 52 5 45 56 29 60 18 53 40 47 2 50 43 66 10 26 62 7 71 65 54 3 20 67 16 34 13 37 1 14 22 33 41 63 
70 35 4 11 21 28 19 31 48 27 12 9 68 24 58 49 39 52 5 45 56 29 60 18 53 40 47 2 50 43 66 10 26 62 7 71 65 54 3 20 67 16 34 13 37 1 14 22 33 41 63 
71 35 4 11 21 28 19 31 48 27 12 9 68 24 58 49 39 52 5 45 56 29 60 18 53 40 47 2 50 43 66 10 26 62 7 71 65 54 3 20 67 34 13 37 1 14 22 33 41 63 
72 35 4 11 21 28 19 31 48 27 12 9 68 24 58 49 39 52 5 45 56 29 60 18 53 40 47 2 50 43 66 10 26 62 7 71 65 54 3 20 67 34 13 37 1 14 22 33 41 63 
73 35 4 11 21 28 19 31 48 27 12 9 68 24 58 49 39 52 5 45 56 29 60 18 53 40 47 2 50 43 66 10 26 62 7 71 65 54 3 20 67 16 34 13 37 1 14 22 33 41 63 
