1 1 
2 2 1 
3 3 2 1 
4 3 2 4 1 
5 5 3 2 4 1 
6 5 3 2 4 6 1 
7 5 7 3 2 4 6 1 
8 5 7 3 2 8 4 6 1 
9 5 7 3 2 8 4 6 1 9 
10 5 7 10 3 2 8 4 6 1 9 
11 5 7 10 3 2 8 4 11 6 1 9 
12 5 7 10 3 2 8 4 11 6 1 9 
13 5 7 10 13 3 2 8 4 11 6 1 9 
14 5 10 3 6 14 7 13 2 8 4 11 1 9 
15 5 10 3 6 14 7 13 2 8 4 11 15 1 9 
16 5 10 3 6 14 7 13 2 8 4 11 15 16 1 9 
17 5 10 3 6 14 7 13 2 8 4 11 15 16 1 9 17 
18 5 10 3 6 14 7 13 2 8 18 4 11 15 16 1 9 17 
19 5 10 3 6 14 7 13 2 8 18 4 11 15 16 1 9 17 
20 5 10 3 20 6 14 7 13 2 8 18 4 11 15 16 1 9 17 
21 5 10 3 20 6 14 7 13 2 8 18 4 11 15 16 1 9 17 
22 5 10 3 20 6 14 22 7 13 2 8 18 4 11 15 16 1 9 17 
23 5 10 3 20 6 14 22 7 13 2 8 18 4 11 15 16 1 9 17 23 
24 5 10 3 20 6 14 22 24 7 13 2 8 18 4 11 15 16 1 9 17 23 
25 5 10 3 20 25 6 14 22 24 7 13 2 8 18 4 11 15 16 1 9 17 23 
26 5 10 3 20 25 6 14 22 24 7 13 2 8 26 18 4 11 15 16 1 9 17 23 
27 5 10 3 20 25 6 14 22 24 7 13 2 8 26 18 4 11 15 16 1 9 17 23 
28 5 10 3 20 25 6 14 22 24 7 13 2 8 26 18 4 11 15 16 1 9 17 23 
29 5 10 3 20 25 6 14 22 24 7 13 2 8 26 18 4 11 15 16 1 9 17 23 
30 5 10 3 20 25 6 14 22 24 7 13 2 8 26 18 4 11 15 16 1 9 17 23 
31 5 10 3 20 25 6 14 22 24 7 13 2 8 26 18 4 11 15 16 1 9 17 23 
