1 1 
2 2 1 
3 2 1 3 
4 2 1 3 4 
5 2 1 5 3 4 
6 2 1 5 6 3 4 
7 2 7 1 5 6 3 4 
8 2 7 1 5 6 3 4 8 
9 2 9 7 1 5 6 3 4 8 
10 2 9 10 7 1 5 6 3 4 8 
11 2 9 10 7 1 5 6 3 4 8 
12 2 9 10 7 1 5 6 3 4 12 8 
13 2 9 10 7 1 5 6 3 13 4 12 8 
14 2 9 10 7 1 5 6 3 13 4 12 8 
15 2 9 10 7 1 5 6 3 13 4 12 8 
16 2 10 16 6 4 9 7 1 5 3 13 12 8 
17 2 10 16 6 4 9 7 1 5 3 13 12 8 
18 2 10 16 6 4 9 7 1 5 3 13 18 12 8 
19 2 10 16 6 4 9 7 1 5 3 13 18 12 8 
20 2 10 16 6 4 9 7 1 5 20 3 13 12 8 
21 2 10 16 6 21 4 9 7 1 5 20 3 13 18 12 8 
22 2 10 16 6 21 4 9 7 1 5 22 20 3 13 18 12 8 
23 2 10 16 6 21 4 9 7 1 5 22 20 3 13 18 12 8 23 
24 2 10 16 6 24 21 4 9 7 1 5 22 20 3 13 18 12 8 23 
25 2 10 16 25 6 24 21 4 9 7 1 5 22 20 3 13 18 12 8 23 
26 2 10 16 25 6 24 26 21 4 9 7 1 5 22 20 3 13 18 12 8 23 
27 2 10 16 25 6 24 26 21 27 4 9 7 1 5 22 20 3 13 18 12 8 23 
28 2 10 16 25 6 24 26 21 27 28 4 9 7 1 5 22 20 3 13 18 12 8 23 
29 2 10 16 25 6 24 26 21 27 28 4 29 9 7 1 5 22 20 3 13 18 12 8 23 
30 2 10 16 25 6 24 26 21 27 28 4 29 9 7 1 5 22 20 3 13 18 12 8 23 
31 2 10 16 25 6 24 26 21 27 28 4 29 9 7 1 5 22 20 3 13 18 12 8 23 
