1 1 
2 1 2 
3 1 2 3 
4 1 2 3 4 
5 1 2 5 3 4 
6 1 2 5 3 4 6 
7 1 2 5 7 3 4 6 
8 1 2 5 7 8 3 4 6 
9 1 2 9 5 7 8 3 4 6 
10 1 2 9 5 7 8 10 3 4 6 
11 1 2 11 9 5 7 8 10 3 4 6 
12 1 2 11 9 5 7 8 10 3 4 6 
13 1 2 11 9 5 7 13 8 10 3 4 6 
14 5 7 8 10 3 4 6 1 2 11 9 13 14 
15 5 7 8 15 10 3 4 6 1 2 11 9 13 14 
16 5 7 8 15 10 3 4 6 1 2 11 9 13 16 14 
17 17 5 7 8 15 10 3 4 6 1 2 11 9 13 16 14 
18 17 5 7 8 15 10 3 4 6 1 2 11 9 13 18 16 14 
19 17 5 7 8 15 10 3 4 6 1 2 11 9 13 18 16 19 14 
20 17 5 7 8 15 10 3 4 6 20 1 2 11 9 13 18 16 19 14 
21 21 17 5 7 8 15 10 3 4 6 20 1 2 11 9 13 18 16 19 14 
22 21 17 5 7 8 15 10 3 4 6 20 1 2 11 9 13 18 16 19 14 
23 21 17 5 7 8 15 10 3 4 6 23 20 1 2 11 9 13 18 16 19 14 
24 21 17 5 7 8 15 10 3 4 6 23 20 1 2 11 9 13 18 16 19 14 
25 1 2 11 9 5 7 8 10 3 4 6 25 
26 5 7 8 10 3 4 6 1 2 11 9 26 25 
27 5 7 8 10 3 4 6 1 2 11 9 26 25 27 
28 5 7 8 10 3 4 6 1 2 11 9 28 26 25 27 
29 5 7 8 29 10 3 4 6 1 2 11 9 28 26 25 27 
30 5 7 8 30 29 10 3 4 6 1 2 11 9 28 26 25 27 
31 31 5 7 8 30 29 10 3 4 6 1 2 11 9 28 26 25 27 
32 31 5 7 8 30 29 10 3 4 6 1 2 11 9 28 26 25 27 
33 31 5 7 8 30 29 10 3 4 6 1 2 11 9 33 28 26 25 27 
34 21 17 31 8 29 4 23 20 1 2 11 18 28 26 19 5 7 30 15 10 3 6 9 13 33 16 25 27 14 
35 21 17 31 8 29 4 23 20 1 2 11 18 28 26 19 5 7 30 15 10 3 6 9 13 33 16 25 27 14 
