1 1 
2 2 1 
3 2 3 1 
4 2 4 3 1 
5 2 4 3 1 5 
6 2 4 3 1 5 
7 7 2 4 3 1 5 
8 7 2 4 3 8 1 5 
9 9 7 2 4 3 8 1 5 
10 9 7 2 4 3 8 1 5 
11 9 7 2 4 3 8 1 5 11 
12 9 7 2 4 3 8 1 5 11 
13 9 7 2 4 13 3 1 5 11 
14 9 14 7 2 4 13 3 8 1 5 11 
15 9 14 15 7 2 4 13 3 8 1 5 11 
16 9 16 14 7 2 4 5 11 15 13 3 8 1 
17 9 16 14 7 2 4 5 11 17 15 13 3 8 1 
18 9 16 14 7 2 4 5 11 17 15 13 3 8 1 18 
19 9 16 14 7 2 4 5 11 17 15 13 3 8 1 19 18 
20 20 9 16 14 7 2 4 5 11 17 15 13 3 8 1 19 18 
21 20 9 16 14 7 2 4 5 11 17 15 13 3 8 1 19 18 
22 20 9 16 14 7 2 4 5 11 17 15 13 3 8 1 19 18 
23 20 9 16 14 7 2 23 4 5 11 17 15 13 3 8 1 19 18 
24 20 9 16 14 7 2 23 4 5 11 17 15 13 3 8 1 19 24 18 
25 25 20 9 16 14 7 2 23 4 5 11 17 15 13 3 8 1 19 24 18 
26 25 20 9 16 14 7 2 23 4 5 11 17 15 13 3 8 1 19 24 18 
27 25 20 9 16 14 7 2 23 27 4 5 11 15 13 3 8 1 19 24 18 
28 25 20 9 16 14 7 2 23 27 4 5 11 17 15 28 13 3 8 1 19 24 18 
29 25 20 9 16 14 7 2 23 27 4 5 11 29 17 15 28 13 3 8 1 19 24 18 
30 47 86 14 2 52 66 133 108 132 77 99 121 70 153 103 97 20 27 88 92 79 105 78 127 25 91 145 35 23 142 98 29 148 55 101 95 59 42 37 122 85 68 130 9 16 76 82 41 93 106 38 5 87 140 123 89 115 117 129 7 40 90 146 54 45 15 33 138 28 3 71 1 19 57 18 126 31 136 147 84 151 81 8 39 94 134 119 143 80 4 109 64 11 36 17 13 24 
31 47 86 9 16 76 82 14 2 52 41 93 106 38 66 133 5 87 108 132 77 99 121 70 153 103 140 123 89 115 97 117 20 129 7 27 40 90 146 54 88 92 45 79 15 33 138 105 28 78 3 71 127 1 19 57 18 126 25 91 31 145 35 23 136 147 142 84 98 29 148 55 101 81 95 8 39 94 134 59 42 119 143 80 4 37 122 109 64 11 36 85 17 13 68 130 24 
32 47 86 14 2 52 66 133 108 132 77 99 121 70 103 153 97 20 27 88 92 79 105 78 127 25 91 145 35 23 142 98 29 148 55 101 95 59 42 37 122 85 68 130 9 16 76 82 41 93 106 38 5 87 140 123 89 115 117 129 7 40 90 146 54 45 15 33 138 28 3 71 1 19 57 18 126 31 136 147 84 151 81 8 39 94 134 119 143 80 4 109 64 11 36 17 13 24 
33 47 86 14 2 52 66 133 108 132 77 99 121 70 103 153 97 20 27 88 92 79 105 78 127 25 91 145 35 23 142 98 29 148 55 101 95 59 42 37 122 85 68 130 9 16 76 82 41 93 106 38 5 87 140 123 89 115 117 129 7 40 90 146 54 45 15 138 33 28 3 71 1 19 57 18 126 31 136 147 84 151 81 8 39 94 134 119 143 80 4 109 64 11 36 17 13 24 
34 47 86 14 2 52 66 133 108 132 77 99 121 70 103 153 97 20 27 88 92 79 105 78 127 25 91 145 35 23 142 98 29 148 55 101 95 59 42 37 122 85 68 130 9 16 76 82 41 93 106 38 5 87 140 123 89 115 117 129 7 40 90 146 54 45 15 33 138 28 3 71 1 19 57 18 126 31 136 147 84 151 81 8 39 94 134 119 143 80 4 109 64 11 36 17 13 24 
35 47 86 14 2 52 66 133 108 132 77 99 121 70 103 153 97 20 27 88 92 79 105 78 127 25 91 145 35 23 142 98 29 148 55 101 95 59 42 37 122 85 68 130 9 16 76 82 41 93 106 38 5 87 140 123 89 115 117 129 7 40 90 146 54 45 15 33 138 28 3 71 1 19 57 18 126 31 136 147 84 151 81 8 39 94 134 119 143 80 4 109 64 11 36 17 13 24 
36 47 86 14 2 52 66 133 108 132 77 99 121 70 103 153 97 20 27 88 92 79 105 78 127 25 91 145 35 23 142 98 29 148 55 101 95 59 42 37 122 85 68 130 9 16 76 82 41 93 106 38 5 87 140 123 89 115 117 129 7 40 90 146 54 45 15 33 138 28 3 71 1 19 57 18 126 31 136 147 84 151 81 8 39 94 134 119 143 80 4 109 64 11 36 17 13 24 
37 47 86 14 2 52 66 133 108 132 77 99 121 70 103 153 97 20 27 88 92 79 105 78 127 25 91 145 35 23 142 98 29 148 55 101 95 59 42 122 37 85 68 130 9 16 76 82 41 93 106 38 5 87 140 123 89 115 117 129 7 40 90 146 54 45 15 33 138 28 3 71 1 19 57 18 126 31 136 147 84 151 81 8 39 94 134 119 143 80 4 109 64 11 36 17 13 24 
38 47 86 14 2 52 66 133 108 132 77 99 121 70 103 153 97 20 27 88 92 79 105 78 127 25 91 145 35 23 142 98 29 148 55 101 95 59 42 37 122 85 68 130 9 16 76 82 41 93 106 38 5 87 140 123 89 115 117 129 7 40 90 146 54 45 15 33 138 28 3 71 1 19 57 18 126 31 136 147 84 151 81 8 39 94 134 119 143 80 4 109 64 11 36 17 13 24 
39 47 86 14 2 52 66 133 108 132 77 99 121 70 103 153 97 20 27 88 92 79 105 78 127 25 91 145 35 23 142 98 29 148 55 101 95 59 42 37 122 85 68 130 9 16 76 82 41 93 106 38 5 87 140 123 89 115 117 129 7 40 90 146 54 45 15 33 138 28 3 71 1 19 57 18 126 31 136 147 84 151 81 8 94 134 39 119 143 80 4 109 64 11 36 17 13 24 
40 47 86 14 2 52 66 133 108 132 77 99 121 70 103 153 97 20 27 88 92 79 105 78 127 25 91 145 35 23 142 98 29 148 55 101 95 59 42 37 122 85 68 130 9 16 76 82 41 93 106 38 5 87 140 123 89 115 117 129 7 90 40 146 54 45 15 33 138 28 3 71 1 19 57 18 126 31 136 147 84 151 81 8 39 94 134 119 143 80 4 109 64 11 36 17 13 24 
41 47 86 9 16 76 82 14 2 52 93 106 41 38 66 133 5 87 108 132 77 99 121 70 103 153 140 123 89 115 97 117 20 129 7 27 40 90 146 54 88 92 45 79 15 33 138 28 78 3 71 127 1 19 57 18 126 25 91 31 145 35 23 136 147 142 84 98 151 29 148 55 101 81 8 39 94 134 59 42 119 143 80 4 37 122 109 64 11 36 85 17 13 68 130 24 
42 47 86 9 16 76 82 14 2 52 41 93 106 38 66 133 5 87 108 132 77 99 121 70 103 153 140 123 89 115 97 117 20 129 7 27 40 90 146 54 88 92 45 79 15 33 138 28 3 78 71 1 19 127 57 18 126 25 31 91 145 35 23 136 147 142 84 98 151 29 148 55 101 81 8 39 94 134 59 42 119 143 80 4 37 122 109 64 11 36 85 17 13 68 130 24 
43 47 86 9 16 76 82 14 2 52 41 93 106 38 66 133 5 87 108 132 77 99 121 70 103 153 140 123 89 115 97 117 20 129 7 27 40 90 146 54 88 92 45 79 15 33 138 28 3 78 71 1 19 127 57 18 126 25 31 91 145 35 23 136 147 142 84 98 151 29 148 55 101 81 8 39 94 134 59 42 119 143 80 4 37 122 109 64 11 36 85 17 13 68 130 24 
44 47 86 9 16 76 82 14 2 52 41 93 106 38 66 133 5 87 108 132 77 99 121 70 103 153 140 123 89 115 97 117 20 129 7 27 40 90 146 54 88 92 45 79 15 33 138 28 3 78 71 1 19 127 57 18 126 25 31 91 145 35 23 136 147 142 84 98 151 29 148 55 101 81 8 39 94 134 59 42 119 143 80 4 37 122 109 64 11 36 85 17 13 68 130 24 
45 47 86 9 16 76 82 14 2 52 41 93 106 38 66 133 5 87 108 132 77 99 121 70 103 153 140 123 89 115 97 117 20 129 7 27 40 90 146 54 88 92 45 79 15 33 138 28 3 78 71 1 19 127 57 18 126 25 31 91 145 35 23 136 147 142 84 98 151 29 148 55 101 81 8 39 94 134 59 42 119 143 80 4 37 122 109 64 11 36 85 17 13 68 130 24 
46 47 86 9 16 76 82 14 2 52 41 93 106 38 66 133 5 87 108 132 77 99 121 70 103 153 140 123 89 115 97 117 20 129 7 27 40 90 146 54 88 92 45 79 15 33 138 28 3 78 71 1 19 127 57 18 126 25 31 91 145 35 23 136 147 142 84 98 151 29 148 55 101 81 8 39 94 134 59 42 119 143 80 4 37 122 109 64 11 36 85 17 13 68 130 24 
47 86 47 9 16 76 82 14 2 52 41 93 106 38 66 133 5 87 108 132 77 99 121 70 103 153 140 123 89 115 97 117 20 129 7 27 40 90 146 54 88 92 45 79 15 33 138 28 3 78 71 1 19 127 57 18 126 25 31 91 145 35 23 136 147 142 84 98 151 29 148 55 101 81 8 39 94 134 59 42 119 143 80 4 37 122 109 64 11 36 85 17 13 68 130 24 
48 47 86 9 16 76 82 14 2 52 41 93 106 38 66 133 5 87 108 132 77 99 121 70 103 153 140 123 89 115 97 117 20 129 7 27 40 90 146 54 88 92 45 79 15 33 138 28 3 78 71 1 19 127 57 18 126 25 31 91 145 35 23 136 147 142 84 98 151 29 148 55 101 81 8 39 94 134 59 42 119 143 80 4 37 122 109 64 11 36 85 17 13 68 130 24 
49 47 86 9 16 76 82 14 2 52 41 93 106 38 66 133 5 87 108 132 77 99 121 70 103 153 140 123 89 115 97 117 20 129 7 27 40 90 146 54 88 92 45 79 15 33 138 28 3 78 71 1 19 127 57 18 126 25 31 91 145 35 23 136 147 142 84 98 151 29 148 55 101 81 8 39 94 134 59 42 119 143 80 4 37 122 109 64 11 36 85 17 13 68 130 24 
50 47 86 9 16 76 82 14 2 52 41 93 106 38 66 133 5 87 108 132 77 99 121 70 103 153 140 123 89 115 97 117 20 129 7 27 40 90 146 54 88 92 45 79 15 33 138 28 3 78 71 1 19 127 57 18 126 25 31 91 145 35 23 136 147 142 84 98 151 29 148 55 101 81 8 39 94 134 59 42 119 143 80 4 37 122 109 64 11 36 85 17 13 68 130 24 
51 47 86 9 16 76 82 14 2 52 41 93 106 38 66 133 5 87 108 132 77 99 121 70 103 153 140 123 89 115 97 117 20 129 7 27 40 90 146 54 88 92 45 79 15 33 138 28 3 78 71 1 19 127 57 18 126 25 31 91 145 35 23 136 147 142 84 98 151 29 148 55 101 81 8 39 94 134 59 42 119 143 80 4 37 122 109 64 11 36 85 17 13 68 130 24 
52 47 86 9 16 76 82 14 2 52 41 93 106 38 66 133 5 87 108 132 77 99 121 70 103 153 140 123 89 115 97 117 20 129 7 27 40 90 146 54 88 92 45 79 15 33 138 28 3 78 71 1 19 127 57 18 126 25 31 91 145 35 23 136 147 142 84 98 151 29 148 55 101 81 8 39 94 134 59 42 119 143 80 4 37 122 109 64 11 36 85 17 13 68 130 24 
53 47 86 9 16 76 82 14 2 52 41 93 106 38 66 133 5 87 108 132 77 99 121 70 103 153 140 123 89 115 97 117 20 129 7 27 40 90 146 54 88 92 45 79 15 33 138 28 3 78 71 1 19 127 57 18 126 25 31 91 145 35 23 136 147 142 84 98 151 29 148 55 101 81 8 39 94 134 59 42 119 143 80 4 37 122 109 64 11 36 85 17 13 68 130 24 
54 47 86 9 16 76 82 14 2 52 41 93 106 38 66 133 5 87 108 132 77 99 121 70 103 153 140 123 89 115 97 117 20 129 7 27 40 90 146 54 88 92 45 79 15 33 138 28 3 78 71 1 19 127 57 18 126 25 31 91 145 35 23 136 147 142 84 98 151 29 148 55 101 81 8 39 94 134 59 42 119 143 80 4 37 122 109 64 11 36 85 17 13 68 130 24 
55 47 86 9 16 76 82 14 2 52 41 93 106 38 66 133 5 87 108 132 77 99 121 70 103 153 140 123 89 115 97 117 20 129 7 27 40 90 146 54 88 92 45 79 15 33 138 28 3 78 71 1 19 127 57 18 126 25 31 91 145 35 23 136 147 142 84 98 151 29 148 55 101 81 8 39 94 134 59 42 119 143 80 4 37 122 109 64 11 36 85 17 13 68 130 24 
56 47 86 9 16 76 82 14 2 52 41 93 106 38 66 133 5 87 108 132 77 99 121 70 103 153 140 123 89 115 97 117 20 129 7 27 40 90 146 54 88 92 45 79 15 33 138 28 3 78 71 1 19 127 57 18 126 25 31 91 145 35 23 136 147 142 84 98 151 29 148 55 101 81 8 39 94 134 59 42 119 143 80 4 37 122 109 64 11 36 85 17 13 68 130 24 
57 47 86 9 16 76 82 14 2 52 41 93 106 38 66 133 5 87 108 132 77 99 121 70 103 153 140 123 89 115 97 117 20 129 7 27 40 90 146 54 88 92 45 79 15 33 138 28 3 78 1 19 127 57 18 126 25 31 91 145 35 23 136 147 142 84 98 151 29 148 55 101 81 8 39 94 134 42 119 143 80 4 37 109 64 11 36 85 17 13 68 130 24 
58 47 86 9 16 76 82 14 2 52 41 93 106 38 66 133 5 87 108 132 77 99 121 70 103 153 140 123 89 115 97 117 20 129 7 27 40 90 146 54 88 92 45 79 15 33 138 28 3 78 1 19 127 57 18 126 25 31 91 145 35 23 136 147 142 84 98 151 29 148 55 101 81 8 39 94 134 42 119 143 80 4 37 109 64 11 36 85 17 13 68 130 24 
59 47 86 9 16 76 82 14 2 52 41 93 106 38 66 133 5 87 108 132 77 99 121 70 103 153 140 123 89 115 97 117 20 129 7 27 40 90 146 54 88 92 45 79 15 33 138 28 3 78 1 19 127 18 126 25 31 91 145 35 23 136 147 142 84 98 151 29 148 55 101 81 8 39 94 134 59 42 119 143 80 4 37 109 64 11 36 85 17 13 68 130 24 
60 47 86 9 16 76 82 14 2 52 41 93 106 38 66 133 5 87 108 132 77 99 121 70 103 153 140 123 89 115 97 117 20 129 7 27 40 90 146 54 88 92 45 79 15 33 138 28 3 78 1 19 127 18 126 25 31 91 145 35 23 136 147 142 84 98 151 29 148 55 101 81 8 39 94 134 59 42 119 143 80 4 37 109 64 11 36 85 17 13 68 130 24 
61 47 86 9 16 76 82 14 2 52 41 93 106 38 66 133 5 87 108 132 77 99 121 70 103 153 140 123 89 115 97 117 20 129 7 27 40 90 146 54 88 92 45 79 15 33 138 28 3 78 71 1 19 127 57 18 126 25 31 91 145 35 23 136 147 142 84 98 151 29 148 55 101 81 8 39 94 134 59 42 119 143 80 4 37 122 109 64 11 36 85 17 13 68 130 24 
62 47 86 9 16 76 82 14 2 52 41 93 106 38 66 133 5 87 108 132 77 99 121 70 103 153 140 123 89 115 97 117 20 129 7 27 40 90 146 54 88 92 45 79 15 33 138 28 3 78 71 1 19 127 57 18 126 25 31 91 145 35 23 136 147 142 84 98 151 29 148 55 101 81 8 39 94 134 59 42 119 143 80 4 37 122 109 64 11 36 85 17 13 68 130 24 
63 47 86 9 16 76 82 14 2 52 41 93 106 38 66 133 5 87 108 132 77 99 121 70 103 153 140 123 89 115 97 117 20 129 7 27 40 90 146 54 88 92 45 79 15 33 138 28 3 78 71 1 19 127 57 18 126 25 31 91 145 35 23 136 147 142 84 98 151 29 148 55 101 81 8 39 94 134 59 42 119 143 80 4 37 122 109 64 11 36 85 17 13 68 130 24 
64 47 86 9 16 76 82 14 2 52 41 93 106 38 66 133 5 87 108 132 77 99 121 70 103 153 140 123 89 115 97 117 20 129 7 27 40 90 146 54 88 92 45 79 15 33 138 28 3 78 71 1 19 127 57 18 126 25 31 91 145 35 23 136 147 142 84 98 151 29 148 55 101 81 8 39 94 134 59 42 119 143 80 4 37 122 109 64 11 36 85 17 13 68 130 24 
65 47 86 9 16 76 82 14 2 52 41 93 106 38 66 133 5 87 108 132 77 99 121 70 103 153 140 123 89 115 97 117 20 129 7 27 40 90 146 54 88 92 45 79 15 33 138 28 3 78 71 1 19 127 57 18 126 25 31 91 145 35 23 136 147 142 84 98 151 29 148 55 101 81 8 39 94 134 59 42 119 143 80 4 37 122 109 64 11 36 85 17 13 68 130 24 
66 47 86 9 16 76 82 14 2 52 41 93 106 38 133 66 5 87 108 132 77 99 121 70 103 153 140 123 89 115 97 117 20 129 7 27 40 90 146 54 88 92 45 79 15 33 138 28 3 78 71 1 19 127 57 18 126 25 31 91 145 35 23 136 147 142 84 98 151 29 148 55 101 81 8 39 94 134 59 42 119 143 80 4 37 122 109 64 11 36 85 17 13 68 130 24 
67 47 86 9 16 76 82 14 2 52 41 93 106 38 66 133 5 87 108 132 77 99 121 70 103 153 140 123 89 115 97 117 20 129 7 27 40 90 146 54 88 92 45 79 15 33 138 28 3 78 71 1 19 127 57 18 126 25 31 91 145 35 23 136 147 142 84 98 151 29 148 55 101 81 8 39 94 134 59 42 119 143 80 4 37 122 109 64 11 36 85 17 13 68 130 24 
68 47 86 9 16 76 82 14 2 52 41 93 106 38 66 133 5 87 108 132 77 99 121 103 153 140 123 89 115 97 117 20 129 7 27 40 90 146 54 88 92 45 79 15 33 138 28 3 78 71 1 19 127 57 18 126 25 31 91 145 35 23 136 147 142 84 98 151 29 148 55 101 81 8 39 94 134 59 42 119 143 80 4 37 122 109 64 11 36 85 17 13 68 130 24 
69 47 86 9 16 76 82 14 2 52 41 93 106 38 66 133 5 87 108 132 77 99 121 103 153 140 123 89 115 97 117 20 129 7 27 40 90 146 54 88 92 45 79 15 33 138 28 3 78 71 1 19 127 57 18 126 25 31 91 145 35 23 136 147 142 84 98 151 29 148 55 101 81 8 39 94 134 59 42 119 143 80 4 37 122 109 64 11 36 85 17 13 68 130 24 
70 47 86 9 16 76 82 14 2 52 41 93 106 38 66 133 5 87 108 132 77 99 121 70 103 153 140 123 89 115 97 117 20 129 7 27 40 90 146 54 88 92 45 79 15 33 138 28 3 78 71 1 19 127 57 18 126 25 31 91 145 35 23 136 147 142 84 98 151 29 148 55 101 81 8 39 94 134 59 42 119 143 80 4 37 122 109 64 11 36 85 17 13 130 24 
71 47 86 9 16 76 82 14 2 52 41 93 106 38 66 133 5 87 108 132 77 99 121 70 103 153 140 123 89 115 97 117 20 129 7 27 40 90 146 54 88 92 45 79 15 33 138 28 3 78 71 1 19 127 18 126 25 31 91 145 35 23 136 147 142 84 98 151 29 148 55 101 81 8 39 94 134 42 119 143 80 4 37 109 64 11 36 85 17 13 68 130 24 
72 47 86 9 16 76 82 14 2 52 41 93 106 38 66 133 5 87 108 132 77 99 121 70 103 153 140 123 89 115 97 117 20 129 7 27 40 90 146 54 88 92 45 79 15 33 138 28 3 71 78 1 19 127 18 126 25 31 91 145 35 23 136 147 142 84 98 151 29 148 55 101 81 8 39 94 134 42 119 143 80 4 37 109 64 11 36 85 17 13 68 130 24 
73 47 86 14 2 52 66 133 108 132 77 99 121 70 103 153 97 20 27 88 92 79 105 78 127 25 91 145 35 23 142 98 29 148 55 101 95 59 42 37 122 85 68 130 9 16 76 82 41 93 106 38 5 87 140 123 89 115 117 129 7 40 90 146 54 45 15 33 138 28 3 71 1 19 57 18 126 31 136 147 84 151 81 8 39 94 134 119 143 80 4 109 64 11 36 17 13 24 
74 47 86 9 16 76 82 14 2 52 41 93 106 38 66 133 5 87 108 132 77 99 121 70 103 153 140 123 89 115 97 117 20 129 7 27 40 90 146 54 88 92 45 79 15 33 138 105 28 78 3 71 127 1 19 57 18 126 25 91 145 35 23 136 147 142 84 98 29 148 55 101 81 95 8 39 94 134 59 42 119 143 80 4 37 122 109 64 74 11 36 85 17 13 68 130 24 
75 47 86 14 2 52 66 133 108 132 77 99 121 70 103 153 97 20 27 88 92 79 105 78 127 25 91 145 35 23 142 98 29 148 55 101 95 59 42 37 122 85 68 130 9 16 76 82 41 93 106 38 5 87 140 123 89 115 117 129 7 40 90 146 54 45 15 33 138 28 3 71 1 19 57 18 126 31 136 147 84 151 81 8 39 94 134 119 143 80 4 109 64 74 11 36 17 13 24 
76 47 86 14 2 52 66 133 108 132 77 99 121 70 103 153 97 20 27 88 92 79 105 78 127 25 91 145 35 23 142 98 29 148 55 101 95 59 42 37 122 85 68 130 9 16 82 76 41 93 106 38 5 87 140 123 89 115 117 129 7 40 90 146 54 45 15 33 138 28 3 71 1 19 57 18 126 31 136 147 84 151 81 8 39 94 134 119 143 80 4 109 64 74 11 36 17 13 24 
77 47 86 14 2 52 66 133 108 132 99 121 77 70 103 153 97 20 27 88 92 79 105 78 127 25 91 145 35 23 142 98 29 148 55 101 95 59 42 37 122 85 68 130 9 16 76 82 41 93 106 38 5 87 140 123 89 115 117 129 7 40 90 146 54 45 15 33 138 28 3 71 1 19 57 18 126 31 136 147 84 151 81 8 39 94 134 119 143 80 4 109 64 74 11 36 17 13 24 
78 47 86 14 2 52 66 133 108 132 77 99 121 70 103 153 97 20 27 88 92 79 105 78 127 25 91 145 35 23 142 98 29 148 55 101 95 59 42 37 122 85 68 130 9 16 76 82 41 93 106 38 5 87 140 123 89 115 117 129 7 40 90 146 54 45 15 33 138 28 3 71 1 19 57 18 126 31 136 147 84 151 81 8 39 94 134 119 143 80 4 109 64 74 11 36 17 13 24 
79 47 86 14 2 52 66 133 108 132 77 99 121 70 103 153 97 20 27 88 92 79 105 78 127 25 91 145 35 23 142 98 29 148 55 101 95 59 42 37 122 85 68 130 9 16 76 82 41 93 106 38 5 87 140 123 89 115 117 129 7 40 90 146 54 45 15 33 138 28 3 71 1 19 57 18 126 31 136 147 84 151 81 8 39 94 134 119 143 80 4 109 64 74 11 36 17 13 24 
80 47 86 14 2 52 66 133 108 132 77 99 121 70 103 153 97 20 27 88 92 79 105 78 127 25 91 145 35 23 142 98 29 148 55 101 95 59 42 37 122 85 68 130 9 16 76 82 41 93 106 38 5 87 140 123 89 115 117 129 7 40 90 146 54 45 15 33 138 28 3 71 1 19 57 18 126 31 136 147 84 151 81 8 39 94 134 119 143 80 4 109 64 74 11 36 17 13 24 
81 47 86 14 2 52 66 133 108 132 77 99 121 70 103 153 97 20 27 88 92 79 105 78 127 25 91 145 35 23 142 98 29 148 55 101 95 59 42 37 122 85 68 130 9 16 76 82 41 93 106 38 5 87 140 123 89 115 117 129 7 40 90 146 54 45 15 33 138 28 3 71 1 19 57 18 126 31 136 147 84 151 81 8 39 94 134 119 143 80 4 109 64 74 11 36 17 13 24 
82 47 86 14 2 52 66 133 108 132 77 99 121 70 103 153 97 20 27 88 92 79 105 78 127 25 91 145 35 23 142 98 29 148 55 101 95 59 42 37 122 85 68 130 9 16 76 82 41 93 106 38 5 87 140 123 89 115 117 129 7 40 90 146 54 45 15 33 138 28 3 71 1 19 57 18 126 31 136 147 84 151 81 8 39 134 119 143 80 4 109 64 74 11 36 17 13 24 
83 47 86 14 2 52 66 133 108 132 77 99 121 70 103 153 97 20 27 88 92 79 105 78 127 25 91 145 35 23 142 98 29 148 55 101 95 59 42 37 122 85 68 130 9 16 76 82 41 93 106 38 5 87 140 123 89 115 117 129 7 40 90 146 54 45 15 33 138 28 3 71 1 19 57 18 126 31 136 147 84 151 81 8 39 134 119 143 80 4 109 64 74 11 36 17 13 24 
84 47 86 14 2 52 66 133 108 132 77 99 121 70 103 153 97 20 27 88 92 79 105 78 127 25 91 145 35 23 142 98 29 148 55 101 95 59 42 37 122 85 68 130 9 16 76 82 41 93 106 38 5 87 140 123 89 115 117 129 7 40 90 146 54 45 15 33 138 28 3 71 1 19 57 18 126 31 136 147 84 151 81 8 39 94 134 119 143 80 4 109 64 74 11 36 17 13 24 
85 47 86 14 2 52 66 133 108 132 77 99 121 70 103 153 97 20 27 88 92 79 105 78 127 25 91 145 35 23 142 98 29 148 55 101 95 59 42 37 122 85 68 130 9 16 76 82 41 93 106 38 5 87 140 123 89 115 117 129 7 40 90 146 54 45 15 33 138 28 3 71 1 19 57 18 126 31 136 147 84 151 81 8 39 94 134 119 143 80 4 109 64 74 11 36 17 13 24 
86 47 86 14 2 52 66 133 108 132 77 99 121 70 103 153 97 20 27 88 92 79 105 78 127 25 91 145 35 23 142 98 29 148 55 101 95 59 42 37 122 85 68 130 9 16 76 82 41 93 106 38 5 87 140 123 89 115 117 129 7 40 90 146 54 45 15 33 138 28 3 71 1 19 57 18 126 31 136 147 84 151 81 8 39 94 134 119 143 80 4 109 64 74 11 36 17 13 24 
87 86 47 14 2 52 66 133 108 132 77 99 121 70 103 153 97 20 27 88 92 79 105 78 127 25 91 145 35 23 142 98 29 148 55 101 95 59 42 37 122 85 68 130 9 16 76 82 41 93 106 38 5 87 140 123 89 115 117 129 7 40 90 146 54 45 15 33 138 28 3 71 1 19 57 18 126 31 136 147 84 151 81 8 39 94 134 119 143 80 4 109 64 74 11 36 17 13 24 
88 86 47 14 2 52 66 133 108 132 77 99 121 70 103 153 97 20 27 88 92 79 105 78 127 25 91 145 35 23 142 98 29 148 55 101 95 59 42 37 122 85 68 130 9 16 76 82 41 93 106 38 5 87 140 123 89 115 117 129 7 40 90 146 54 45 15 33 138 28 3 71 1 19 57 18 126 31 136 147 84 151 81 8 39 94 134 119 143 80 4 109 64 74 11 36 17 13 24 
89 86 47 14 2 52 66 133 108 132 77 99 121 70 103 153 97 20 27 88 92 79 105 78 127 25 91 145 35 23 142 98 29 148 55 101 95 59 42 37 122 85 68 130 9 16 76 82 41 93 106 38 5 87 140 123 115 89 117 129 7 40 90 146 54 45 15 33 138 28 3 71 1 19 57 18 126 31 136 147 84 151 81 8 39 94 134 119 143 80 4 109 64 74 11 36 17 13 24 
90 86 47 14 2 52 66 133 108 132 77 99 121 70 103 153 97 20 27 88 92 79 105 78 127 25 91 145 35 23 142 98 29 148 55 101 95 59 42 37 122 85 68 130 9 16 76 82 41 93 106 38 5 87 140 123 89 115 117 129 7 40 90 146 54 45 15 33 138 28 3 71 1 19 57 18 126 31 136 147 84 151 81 8 39 94 134 119 143 80 4 109 64 74 11 36 17 13 24 
91 86 47 14 2 52 66 133 108 132 77 99 121 70 103 153 97 20 27 88 92 79 105 78 127 25 91 145 35 23 142 98 29 148 55 101 95 59 42 37 122 85 68 130 9 16 76 82 41 93 106 38 5 87 140 123 89 115 117 129 7 90 40 146 54 45 15 33 138 28 3 71 1 19 57 18 126 31 136 147 84 151 81 8 39 94 134 119 143 80 4 109 64 74 11 36 17 13 24 
92 86 47 14 2 52 66 133 108 132 77 99 121 70 103 153 97 20 27 88 92 79 105 78 127 25 91 145 35 23 142 98 29 148 55 101 95 59 42 37 122 85 68 130 9 16 76 82 41 93 106 38 5 87 140 123 89 115 117 129 7 90 40 146 54 45 15 33 138 28 3 71 1 19 57 18 126 31 136 147 84 151 81 8 39 94 134 119 143 80 4 109 64 74 11 36 17 13 24 
93 86 47 14 2 52 66 133 108 132 77 99 121 70 103 153 97 20 27 88 92 79 105 78 127 25 91 145 35 23 142 98 29 148 55 101 95 59 42 37 122 85 68 130 9 16 76 82 41 106 93 38 5 87 140 123 89 115 117 129 7 90 40 146 54 45 15 33 138 28 3 71 1 19 57 18 126 31 136 147 84 151 81 8 39 94 134 119 143 80 4 109 64 74 11 36 17 13 24 
94 86 47 14 2 52 66 133 108 132 77 99 121 70 103 153 97 20 27 88 92 79 105 78 127 25 91 145 35 23 142 98 29 148 55 101 95 59 42 37 122 85 68 130 9 16 76 93 41 106 38 5 87 140 123 89 115 117 129 7 90 40 146 54 45 15 33 138 28 3 71 1 19 57 18 126 31 136 147 84 151 81 8 39 134 94 119 143 80 4 109 64 74 11 36 17 13 24 
95 86 47 9 16 76 82 14 2 52 93 106 38 66 133 5 87 108 132 77 99 121 70 103 153 140 123 89 115 97 117 20 129 7 27 90 40 146 54 88 92 45 79 15 33 138 28 78 3 71 127 1 19 57 18 126 25 91 31 145 35 23 136 147 142 84 98 151 29 148 55 101 81 95 8 94 39 134 59 42 119 143 80 4 37 122 109 64 74 11 36 85 17 13 68 130 24 
96 86 47 9 16 76 82 14 2 52 93 106 38 66 133 5 87 108 132 77 99 121 70 103 153 140 123 89 115 97 117 20 129 7 27 90 40 146 54 88 92 45 79 15 33 138 28 3 78 71 1 19 127 57 18 126 25 31 91 145 35 23 136 147 84 142 98 151 29 148 55 81 101 95 8 94 39 134 59 42 119 143 80 4 37 122 109 64 74 11 36 85 17 13 68 130 24 
97 86 47 9 16 76 82 14 2 52 93 106 38 66 133 5 87 108 132 77 99 121 70 103 153 140 123 89 115 97 117 20 129 7 27 90 40 146 54 88 92 45 79 15 33 138 28 3 78 71 1 19 127 57 18 126 25 31 91 145 35 23 136 147 84 142 98 151 29 148 55 81 101 95 8 94 39 134 59 42 119 143 80 4 37 122 109 64 74 11 36 85 17 13 68 130 24 
98 86 47 9 16 76 82 14 2 52 93 106 38 66 133 5 87 108 132 77 99 121 70 103 153 140 123 89 115 97 117 20 129 7 27 90 40 146 54 88 92 45 79 15 33 138 28 3 78 71 1 19 127 57 18 126 25 31 91 145 35 23 136 147 84 142 151 98 29 148 55 81 101 95 8 94 39 134 59 42 119 143 80 4 37 122 109 64 74 11 36 85 17 13 68 130 24 
99 86 47 9 16 76 82 14 2 52 93 106 38 66 133 5 87 108 132 77 121 99 70 103 153 140 123 89 115 97 117 20 129 7 27 90 40 146 54 88 92 45 79 15 33 138 28 3 78 71 1 19 127 57 18 126 25 31 91 145 35 23 136 147 84 142 98 151 29 148 55 81 101 95 8 94 39 134 59 42 119 143 80 4 37 122 109 64 74 11 36 85 17 13 68 130 24 
100 86 47 9 16 76 82 14 2 52 93 106 38 66 133 5 87 108 132 77 99 121 70 103 153 140 123 89 115 97 117 20 129 7 27 90 40 146 54 88 92 45 79 15 33 138 28 3 78 71 1 19 127 57 18 126 25 31 91 145 35 23 136 147 84 142 98 151 29 148 55 81 101 95 8 94 39 134 59 42 119 143 80 4 37 122 109 64 74 11 36 85 17 13 68 130 24 
101 86 47 9 16 76 82 14 2 52 93 106 38 66 133 5 87 108 132 77 99 121 70 103 153 140 123 89 115 97 117 20 129 7 27 90 40 146 54 88 92 45 79 15 33 138 28 3 78 71 1 19 127 57 18 126 25 31 91 145 35 23 136 147 84 142 98 151 29 148 55 81 101 95 8 94 39 134 59 42 119 143 80 4 37 122 109 64 74 11 36 85 17 13 68 130 24 
102 86 47 9 16 76 82 14 2 52 93 106 38 66 133 5 87 108 132 77 99 121 70 103 153 140 123 89 115 97 117 20 129 7 27 90 40 146 54 88 92 45 79 15 33 138 28 3 78 71 1 19 127 57 18 126 25 31 91 145 35 23 136 147 84 142 98 151 29 148 55 81 101 95 8 94 39 134 59 42 119 143 80 4 37 122 109 64 74 11 36 85 17 13 68 130 24 
103 86 47 9 16 76 82 14 2 52 93 106 38 66 133 5 87 108 132 77 99 121 70 153 103 140 123 89 115 97 117 20 129 7 27 90 40 146 54 88 92 45 79 15 33 138 28 3 78 71 1 19 127 57 18 126 25 31 91 145 35 23 136 147 84 142 98 151 29 148 55 81 101 95 8 94 39 134 59 42 119 143 80 4 37 122 109 64 74 11 36 85 17 13 68 130 24 
104 86 47 9 16 76 82 14 2 52 93 106 38 66 133 5 87 108 132 77 99 121 70 103 153 140 123 89 115 97 117 20 129 7 27 90 40 146 54 88 92 45 79 15 33 138 28 3 78 71 1 19 127 57 18 126 25 31 91 145 35 23 136 147 84 142 98 151 29 148 55 81 101 95 8 94 39 134 59 42 119 143 80 4 37 122 109 64 74 11 36 85 17 13 68 130 24 
105 86 47 9 16 76 82 14 2 52 93 106 38 66 133 5 87 108 132 77 99 121 70 103 153 140 123 89 115 97 117 20 129 7 27 90 40 146 54 88 92 45 79 15 33 138 105 28 3 78 71 1 19 127 57 18 126 25 31 91 145 35 23 136 147 84 142 98 151 29 148 55 81 101 8 94 39 134 59 42 119 143 80 4 37 122 109 64 74 11 36 85 17 13 68 130 24 
106 86 47 9 16 76 82 14 2 52 93 106 38 66 133 5 87 132 77 99 121 70 103 153 140 123 89 115 97 117 20 129 7 27 90 40 146 54 88 92 45 79 15 33 138 105 3 78 71 1 19 127 57 18 126 25 31 91 145 35 23 136 147 84 142 98 151 29 148 55 81 101 8 94 39 134 59 42 119 143 80 4 37 122 109 64 74 11 36 85 17 13 68 130 24 
107 86 47 9 16 76 82 14 2 52 93 106 38 66 133 5 87 132 77 99 121 70 103 153 140 123 89 115 97 117 20 129 7 27 90 40 146 54 88 92 45 79 15 33 138 105 3 78 71 1 19 127 57 18 126 25 31 91 145 35 23 136 147 84 142 98 151 29 148 55 81 101 8 94 39 134 59 42 119 143 80 4 37 122 109 64 74 11 36 85 17 13 68 130 24 
108 86 47 9 16 76 82 14 2 52 93 38 66 133 5 87 108 132 77 99 121 70 103 153 140 123 89 115 97 117 20 129 7 27 90 40 146 54 88 92 45 79 15 33 138 3 78 71 1 19 127 57 18 126 25 31 91 145 35 23 136 147 84 142 98 151 29 148 55 81 101 95 8 94 39 134 59 42 119 143 80 4 37 122 109 64 74 11 36 85 17 13 68 130 24 
109 86 47 14 2 52 66 133 108 132 77 99 121 70 103 153 97 20 27 88 92 79 105 78 127 25 91 145 35 23 142 98 29 148 55 101 95 59 42 37 122 85 68 130 9 16 76 82 93 106 38 5 87 140 123 89 115 117 129 7 90 40 146 54 45 15 33 138 28 3 71 1 19 57 18 126 31 136 147 84 151 81 8 94 39 134 119 143 80 4 109 64 74 11 36 17 13 24 
110 86 47 14 2 52 66 133 108 132 77 99 121 70 103 153 97 20 27 88 92 79 105 78 127 25 91 145 35 23 142 98 29 148 55 101 95 59 42 37 122 85 68 130 9 16 76 82 93 106 38 5 87 140 123 89 115 117 129 7 90 40 146 54 45 15 33 138 28 3 71 1 19 57 18 126 31 136 147 84 151 81 8 94 39 134 119 143 80 4 109 64 74 11 36 17 13 24 
111 86 47 14 2 52 66 133 108 132 77 99 121 70 103 153 97 20 27 88 92 79 105 78 127 25 91 145 35 23 142 98 29 148 55 101 95 59 42 37 122 85 68 130 9 16 76 82 93 106 38 5 87 140 123 89 115 117 129 7 90 40 146 54 45 15 33 138 28 3 71 1 19 57 18 126 31 136 147 84 151 81 8 94 39 134 119 143 80 4 109 64 74 11 36 17 13 24 
112 86 47 14 2 52 66 133 108 132 77 99 121 70 103 153 97 20 27 88 92 79 105 78 127 25 91 145 35 23 142 98 29 148 55 101 95 59 42 37 122 85 68 130 9 16 76 82 93 106 38 5 87 140 123 89 115 117 129 7 90 40 146 54 45 15 33 138 28 3 71 1 19 57 18 126 31 136 147 84 151 81 8 94 39 134 119 143 80 4 109 64 74 11 36 17 13 24 
113 86 47 14 2 52 66 133 108 132 77 99 121 70 103 153 97 20 27 88 92 79 105 78 127 25 91 145 35 23 142 98 29 148 55 101 95 59 42 37 122 85 68 130 9 16 76 82 93 106 38 5 87 140 123 89 115 117 129 7 90 40 146 54 45 15 33 138 28 3 71 1 19 57 18 126 31 136 147 84 151 81 8 94 39 134 119 143 80 4 109 64 74 11 36 17 13 24 
114 86 47 14 2 52 66 133 108 132 77 99 121 70 103 153 97 20 27 88 92 79 105 78 127 25 91 145 35 23 142 98 29 148 55 101 95 59 42 37 122 85 68 130 9 16 76 82 93 106 38 5 87 140 123 89 115 117 129 7 90 40 146 54 45 15 33 138 28 3 71 1 19 57 18 126 31 136 147 84 151 81 8 94 39 134 119 143 80 4 109 64 74 11 36 17 13 24 
115 86 47 14 2 52 66 133 108 132 77 99 121 70 103 153 97 20 27 88 92 79 105 78 127 25 91 145 35 23 142 98 29 148 55 101 95 59 42 37 122 85 68 130 9 16 76 82 93 106 38 5 87 140 123 89 115 117 129 7 90 40 146 54 45 15 33 138 28 3 71 1 19 57 18 126 31 136 147 84 151 81 8 94 39 134 119 143 80 4 109 64 74 11 36 17 13 24 
116 86 47 14 2 52 66 133 108 132 77 99 121 70 103 153 97 20 27 88 92 79 105 78 127 25 91 145 35 23 142 98 29 148 55 101 95 59 42 37 122 85 68 130 9 16 76 82 93 106 38 5 87 140 123 89 115 117 129 7 90 40 146 54 45 15 33 138 28 3 71 1 19 57 18 126 31 136 147 84 151 81 8 94 39 134 119 143 80 4 109 64 74 11 36 17 13 24 
117 86 47 14 2 52 66 133 108 132 77 99 121 70 103 153 97 20 27 88 92 79 105 78 127 25 91 145 35 23 142 98 29 148 55 101 95 59 42 37 122 85 68 130 9 16 76 82 93 106 38 5 87 140 123 89 115 117 129 7 90 40 146 54 45 15 33 138 28 3 71 1 19 57 18 126 31 136 147 84 151 81 8 94 39 134 119 143 80 4 109 64 74 11 36 17 13 24 
118 86 47 14 2 52 66 133 108 132 77 99 121 70 103 153 97 20 27 88 92 79 105 78 127 25 91 145 35 23 142 98 29 148 55 101 95 59 42 37 122 85 68 130 9 16 76 82 93 106 38 5 87 140 123 89 115 117 129 7 90 40 146 54 45 15 33 138 28 3 71 1 19 57 18 126 31 136 147 84 151 81 8 94 39 134 119 143 80 4 109 64 74 11 36 17 13 24 
119 86 47 9 16 76 82 14 2 52 93 106 38 66 133 5 87 108 132 77 99 70 103 153 140 123 89 115 97 117 20 129 7 27 90 40 146 54 88 92 45 79 15 33 138 105 28 78 3 71 127 1 19 57 18 126 25 91 31 145 35 23 136 147 142 84 98 151 29 148 55 101 81 95 8 94 39 134 59 42 143 119 80 4 37 122 109 64 74 11 36 85 17 13 68 130 24 
120 86 47 9 16 76 82 14 2 52 93 106 38 66 133 5 87 108 132 77 99 70 103 153 140 123 89 115 97 117 20 129 7 27 90 40 146 54 88 92 45 79 15 33 138 105 28 3 78 71 1 19 127 57 18 126 25 31 91 145 35 23 136 147 84 142 98 151 29 148 55 81 101 95 8 94 39 134 59 42 119 143 80 4 37 122 109 64 74 11 36 85 17 13 68 130 24 
121 86 47 9 16 76 82 14 2 52 93 106 38 66 133 5 87 108 132 77 99 121 70 103 153 140 123 89 115 97 117 20 129 7 27 90 40 146 54 88 92 45 79 15 33 138 105 28 78 3 71 127 1 19 57 18 126 25 91 31 145 35 23 136 147 142 84 98 151 29 148 55 101 81 95 8 94 39 134 59 42 143 80 4 37 122 109 64 74 11 36 85 17 13 68 130 24 
122 86 47 9 16 76 82 14 2 52 93 106 38 66 133 5 87 108 132 77 99 121 70 103 153 140 123 89 115 97 117 20 129 7 27 90 40 146 54 88 92 45 79 15 33 138 105 28 78 3 127 1 19 18 126 25 91 31 145 35 23 136 147 142 84 98 151 29 148 55 101 81 95 8 94 39 134 42 119 143 80 4 37 122 109 64 74 11 36 85 17 13 68 130 24 
123 47 86 14 2 52 66 133 108 132 77 99 121 70 103 153 97 20 27 88 92 79 105 78 127 25 91 145 35 23 142 98 29 148 55 101 95 59 42 37 122 85 68 130 9 16 76 82 41 93 106 38 5 87 140 123 89 115 117 129 7 40 90 146 54 45 15 33 138 28 3 71 1 19 57 18 126 31 136 147 84 151 81 8 39 94 134 119 143 80 4 109 64 74 11 36 17 13 24 
124 47 86 14 2 52 66 133 108 132 77 99 121 70 103 153 97 20 27 88 92 79 105 78 127 25 91 145 35 23 142 98 29 148 55 101 95 59 42 37 122 85 68 130 9 16 76 82 41 93 106 38 5 87 140 123 89 115 117 129 7 40 90 146 54 45 15 33 138 28 3 71 1 19 57 18 126 31 136 147 84 151 81 8 39 94 134 119 143 80 4 109 64 74 11 36 17 13 24 
125 47 86 14 2 52 66 133 108 132 77 99 121 70 103 153 97 20 27 88 92 79 105 78 127 25 91 145 35 23 142 98 29 148 55 101 95 59 42 37 122 85 68 130 9 16 76 82 41 93 106 38 5 87 140 123 89 115 117 129 7 40 90 146 54 45 15 33 138 28 3 71 1 19 57 18 126 31 136 147 84 151 81 8 39 94 134 119 143 80 4 109 64 74 11 36 17 13 24 
126 47 86 14 2 52 66 133 108 132 77 99 121 70 103 153 97 20 27 88 92 79 105 78 127 25 91 145 35 23 142 98 29 148 55 101 95 59 42 37 122 85 68 130 9 16 76 82 41 93 106 38 5 87 140 123 89 115 117 129 7 40 90 146 54 45 15 33 138 28 3 71 1 19 57 18 126 31 136 147 84 151 81 8 39 94 134 119 143 80 4 109 64 74 11 36 17 13 24 
127 47 86 14 2 52 66 133 108 132 77 99 121 70 103 153 97 20 27 88 92 79 105 78 127 25 91 145 35 23 142 98 29 148 55 101 95 59 42 37 122 85 68 130 9 16 76 82 41 93 106 38 5 87 140 123 89 115 117 129 7 40 90 146 54 45 15 33 138 28 3 71 1 19 57 18 126 31 136 147 84 151 81 8 39 94 134 119 143 80 4 109 64 74 11 36 17 13 24 
128 47 86 14 2 52 66 133 108 132 77 99 121 70 103 153 97 20 27 88 92 79 105 78 127 25 91 145 35 23 142 98 29 148 55 101 95 59 42 37 122 85 68 130 9 16 76 82 41 93 106 38 5 87 140 123 89 115 117 129 7 40 90 146 54 45 15 33 138 28 3 71 1 19 57 18 126 31 136 147 84 151 81 8 39 94 134 119 143 80 4 109 64 74 11 36 17 13 24 
129 47 86 9 16 76 82 14 2 52 41 93 106 38 66 133 5 87 108 132 77 99 121 70 103 153 140 123 89 115 97 117 20 129 7 27 40 90 146 54 88 92 45 79 15 33 105 28 78 3 71 127 1 19 57 18 126 25 91 31 145 35 23 147 142 84 98 151 29 148 55 101 81 95 8 39 94 134 59 42 119 143 80 4 37 122 109 64 74 11 36 85 17 13 68 130 24 
130 47 86 9 16 76 82 14 2 52 41 93 106 38 66 133 5 87 108 132 77 99 121 70 103 153 140 123 89 115 97 117 20 129 7 27 40 90 146 54 88 92 45 79 15 33 105 28 3 71 78 1 19 127 57 18 126 25 31 91 145 35 23 147 84 142 98 151 29 148 55 81 101 95 8 39 94 134 59 42 119 143 80 4 37 122 109 64 74 11 36 85 17 13 68 130 24 
131 47 86 9 16 76 82 14 2 52 41 93 106 38 66 133 5 87 108 132 77 99 121 70 103 153 140 123 89 115 97 117 20 129 7 27 40 90 146 54 88 92 45 79 15 33 105 28 3 71 78 1 19 127 57 18 126 25 31 91 145 35 23 147 84 142 98 151 29 148 55 81 101 95 8 39 94 134 59 42 119 143 80 4 37 122 109 64 74 11 36 85 17 13 68 130 24 
132 47 86 9 16 76 82 14 2 52 41 93 106 38 66 133 5 87 108 132 77 99 121 70 103 153 140 123 89 115 97 117 20 129 7 27 40 90 146 54 88 92 45 79 15 33 105 28 3 71 78 1 19 127 57 18 126 25 31 91 35 23 147 84 98 151 29 148 55 81 101 95 8 39 94 134 59 42 119 143 80 4 37 122 109 64 74 11 36 85 17 13 68 130 24 
133 47 86 9 16 76 82 14 2 52 41 93 106 38 66 133 5 87 108 132 77 99 121 70 103 153 140 123 89 115 97 117 20 129 7 27 40 90 54 88 92 45 79 15 33 105 28 3 71 78 1 19 127 57 18 126 25 31 91 35 23 147 84 98 151 29 148 55 81 101 95 8 39 94 134 59 42 119 80 4 37 122 109 64 74 11 36 85 17 13 68 130 24 
134 47 86 9 16 76 82 14 2 52 41 93 106 38 66 133 5 87 108 132 77 99 121 70 103 153 140 123 89 115 97 117 20 129 7 27 40 90 54 88 92 45 79 15 33 105 28 3 71 78 1 19 127 57 18 126 25 31 91 35 23 147 84 98 151 29 148 55 81 101 95 8 39 94 134 59 42 119 80 4 37 122 109 64 74 11 36 85 17 13 68 130 24 
135 47 86 9 16 76 82 14 2 52 41 93 106 38 66 133 5 87 108 132 77 99 121 70 103 153 140 123 89 115 97 117 20 129 7 27 40 90 54 88 92 45 79 15 33 105 28 3 71 78 1 19 127 57 18 126 25 31 91 35 23 147 84 98 151 29 148 55 81 101 95 8 39 94 134 59 42 119 80 4 37 122 109 64 74 11 36 85 17 13 68 130 24 
136 47 86 9 16 76 82 14 2 52 41 93 106 38 66 133 5 87 108 132 77 99 121 70 103 153 140 123 89 115 97 117 20 7 27 40 90 54 88 92 45 79 15 33 105 28 3 71 78 1 19 127 57 18 126 25 31 91 35 23 136 147 84 98 151 29 148 55 81 101 95 8 39 94 134 59 42 119 80 4 37 122 109 64 74 11 36 85 17 13 68 130 24 
137 47 86 9 16 76 82 14 2 52 41 93 106 38 66 133 5 87 108 132 77 99 121 70 103 153 140 123 89 115 97 117 20 7 27 40 90 54 88 92 45 79 15 33 105 28 3 71 78 1 19 127 57 18 126 25 31 91 35 23 136 147 84 98 151 29 148 55 81 101 95 8 39 94 134 59 42 119 80 4 37 122 109 64 74 11 36 85 17 13 68 130 24 
138 47 86 9 16 76 82 14 2 52 41 93 106 38 66 133 5 87 108 132 77 99 121 70 103 153 140 123 89 115 97 117 20 7 27 40 90 54 88 92 45 79 15 33 138 105 28 3 71 78 1 19 127 57 18 126 25 31 91 35 23 147 84 98 151 29 148 55 81 101 95 8 39 94 134 59 42 119 80 4 37 122 109 64 74 11 36 85 17 13 68 130 24 
139 47 86 9 16 76 82 14 2 52 41 93 106 38 66 133 5 87 108 132 77 99 121 70 103 153 140 123 89 115 97 117 20 7 27 40 90 54 88 92 45 79 15 33 138 105 28 3 71 78 1 19 127 57 18 126 25 31 91 35 23 147 84 98 151 29 148 55 81 101 95 8 39 94 134 59 42 119 80 4 37 122 109 64 74 11 36 85 17 13 68 130 24 
140 47 86 9 16 76 82 14 2 52 41 93 106 38 66 133 5 87 108 132 77 99 121 70 103 153 140 123 89 115 97 117 20 129 7 27 40 90 146 54 88 92 45 79 15 33 105 28 3 71 78 1 19 127 57 18 126 25 31 91 145 35 23 147 84 142 98 151 29 148 55 81 101 95 8 39 94 134 59 42 119 143 80 4 37 122 109 64 74 11 36 85 17 13 68 130 24 
141 47 86 9 16 76 82 14 2 52 41 93 106 38 66 133 5 87 108 132 77 99 121 70 103 153 140 123 89 115 97 117 20 129 7 27 40 90 146 54 88 92 45 79 15 33 105 28 3 71 78 1 19 127 57 18 126 25 31 91 145 35 23 147 84 142 98 151 29 148 55 81 101 95 8 39 94 134 59 42 119 143 80 4 37 122 109 64 74 11 36 85 17 13 68 130 24 
142 47 86 9 16 76 82 14 2 52 41 93 106 38 66 133 5 87 108 77 99 121 70 103 153 140 123 89 115 97 117 20 129 7 27 40 90 146 54 88 92 45 79 15 33 105 28 3 71 78 1 19 127 57 18 126 25 31 91 35 23 147 84 142 98 151 29 148 55 81 101 95 8 39 94 134 59 42 119 143 80 4 37 122 109 64 74 11 36 85 17 13 68 130 24 
143 47 86 9 16 76 82 14 2 52 41 93 106 38 66 5 87 108 77 99 121 70 103 153 140 123 89 115 97 117 20 129 7 27 40 90 54 88 92 45 79 15 33 105 28 3 71 78 1 19 127 57 18 126 25 31 91 35 23 147 84 142 98 151 29 148 55 81 101 95 8 39 94 134 59 42 119 143 80 4 37 122 109 64 74 11 36 85 17 13 68 130 24 
144 47 86 9 16 76 82 14 2 52 41 93 106 38 66 5 87 108 77 99 121 70 103 153 140 123 89 115 97 117 20 129 7 27 40 90 54 88 92 45 79 15 33 105 28 3 71 78 1 19 127 57 18 126 25 31 91 35 23 147 84 142 98 151 29 148 55 81 101 95 8 39 94 134 59 42 119 143 80 4 37 122 109 64 74 11 36 85 17 13 68 130 24 
145 47 86 9 16 76 82 14 2 52 41 93 106 38 66 133 5 87 108 77 99 121 70 103 153 140 123 89 115 97 117 20 129 7 27 40 90 146 54 88 92 45 79 15 33 105 28 3 71 78 1 19 127 57 18 126 25 31 91 145 35 23 147 84 98 151 29 148 55 81 101 95 8 39 94 134 59 42 119 143 80 4 37 122 109 64 74 11 36 85 17 13 68 130 24 
146 47 86 9 16 76 82 14 2 52 41 93 106 38 66 5 87 108 77 99 121 70 103 153 140 123 89 115 97 117 20 129 7 27 40 90 146 54 88 92 45 79 15 33 105 28 3 71 78 1 19 127 57 18 126 25 31 91 145 35 23 147 84 98 151 29 148 55 81 101 95 8 39 94 134 59 42 119 80 4 37 122 109 64 74 11 36 85 17 13 68 130 24 
147 47 86 14 2 52 66 133 108 132 77 99 121 70 103 153 97 20 27 88 92 79 105 78 127 25 91 145 35 23 142 98 29 148 55 101 95 59 42 37 122 85 68 130 9 16 76 82 41 93 106 38 5 87 140 123 89 115 117 129 7 40 90 146 54 45 15 33 138 28 3 71 1 19 57 18 126 31 136 147 84 151 81 8 39 94 134 119 143 80 4 109 64 74 11 36 17 13 24 
148 47 86 14 2 52 66 133 108 132 77 99 121 70 103 153 97 20 27 88 92 79 105 78 127 25 91 145 35 23 142 98 29 148 55 101 95 59 42 37 122 85 68 130 9 16 76 82 41 93 106 38 5 87 140 123 89 115 117 129 7 40 90 146 54 45 15 33 138 28 3 71 1 19 57 18 126 31 136 147 84 151 81 8 39 94 134 119 143 80 4 109 64 74 11 36 17 13 24 
149 47 86 14 2 52 66 133 108 132 77 99 121 70 103 153 97 20 27 88 92 79 105 78 127 25 91 145 35 23 142 98 29 148 55 101 95 59 42 37 122 85 68 130 9 16 76 82 41 93 106 38 5 87 140 123 89 115 117 129 7 40 90 146 54 45 15 33 138 28 3 71 1 19 57 18 126 31 136 147 84 151 81 8 39 94 134 119 143 80 4 109 64 74 11 36 17 13 24 
150 47 86 14 2 52 66 133 108 132 77 99 121 70 103 153 97 20 27 88 92 79 105 78 127 25 91 145 35 23 142 98 29 148 55 101 95 59 42 37 122 85 68 130 9 16 76 82 41 93 106 38 5 87 140 123 89 115 117 129 7 40 90 146 54 45 15 33 138 28 3 71 1 19 57 18 126 31 136 147 84 151 81 8 39 94 134 119 143 80 4 109 64 74 11 36 17 13 24 
151 47 86 9 16 76 82 14 2 52 41 93 106 38 66 133 5 87 108 132 77 99 121 70 103 153 140 123 89 115 97 117 20 129 7 27 40 90 146 54 88 92 45 79 15 33 138 105 28 78 3 71 127 1 19 57 18 126 25 91 145 35 23 136 147 142 84 98 151 29 148 55 101 81 95 8 39 94 134 59 42 119 143 80 4 37 122 109 64 11 36 85 17 13 68 130 24 
152 47 86 9 16 76 82 14 2 52 41 93 106 38 66 133 5 87 108 132 77 99 121 70 103 153 140 123 89 115 97 117 20 129 7 27 40 90 146 54 88 92 45 79 15 33 138 105 28 3 71 78 1 19 127 57 18 126 25 91 145 35 23 136 147 84 142 98 151 29 148 55 81 101 95 8 39 94 134 59 42 119 143 80 4 37 122 109 64 11 36 85 17 13 68 130 24 
153 47 86 9 16 76 82 14 2 52 41 93 106 38 66 133 5 87 108 132 77 99 121 70 103 153 140 123 89 115 97 117 20 129 7 27 40 90 146 54 88 92 45 79 15 33 138 105 28 78 3 71 127 1 19 57 18 126 25 91 31 145 35 23 136 147 142 84 98 151 148 55 101 81 95 8 39 94 134 59 42 119 143 80 4 37 122 109 64 11 36 85 17 13 68 130 24 
154 47 86 9 16 76 82 14 2 52 41 93 106 38 66 133 5 87 108 132 77 99 121 70 153 103 140 123 89 115 97 117 20 129 7 27 40 90 146 54 88 92 45 79 15 33 138 105 28 3 78 71 1 19 127 57 18 126 25 31 91 145 35 23 136 147 142 84 98 151 148 55 101 81 95 8 39 94 134 59 42 119 143 80 4 37 122 109 64 11 36 85 17 13 68 130 24 
155 47 86 14 2 52 66 133 108 132 77 99 121 70 153 103 97 20 27 88 92 79 105 78 127 25 91 145 35 23 142 98 29 148 55 101 95 59 42 37 122 85 68 130 9 16 76 82 41 93 106 38 5 87 140 123 89 115 117 129 7 40 90 146 54 45 15 33 138 28 3 71 1 19 57 18 126 31 136 147 84 151 81 8 39 94 134 119 143 80 4 109 64 11 36 17 13 24 
