1 1 
2 2 1 
3 3 2 1 
4 3 2 4 1 
5 3 2 4 1 
6 3 2 4 1 6 
7 3 2 4 1 6 7 
8 3 2 4 1 6 7 
9 3 2 4 9 1 6 7 
10 3 2 4 9 1 6 7 
11 3 2 4 1 11 
12 3 2 4 12 1 11 
13 3 2 13 4 12 1 11 
14 3 16 2 13 17 20 4 12 1 11 18 14 
15 3 16 2 13 17 20 4 12 1 11 14 18 
16 3 16 2 13 17 20 4 12 1 11 14 18 
17 3 16 2 13 20 17 4 12 1 11 14 18 
18 3 16 2 13 17 20 4 12 1 11 14 18 
19 3 16 2 13 17 20 4 12 1 11 14 18 
20 3 16 2 13 17 20 4 12 1 14 18 
21 3 16 2 13 17 20 4 12 1 11 14 18 
22 3 16 2 13 17 20 4 12 1 11 14 18 
23 3 2 13 4 23 11 14 16 17 20 12 1 18 
24 3 2 13 4 23 11 14 16 17 20 12 1 24 18 
25 3 2 13 4 23 11 14 16 17 20 12 1 24 18 
26 3 2 13 4 23 26 14 16 17 12 1 24 18 
27 3 2 13 4 23 26 11 14 16 17 20 12 1 24 18 
