1 1 
2 2 
3 3 
4 4 
5 5 
6 6 
7 7 
8 8 
9 9 
10 10 
11 11 
15 12 
17 13 
19 13 
20 14 
21 15 
25 16 
28 17 
30 18 
32 19 
34 20 
36 21 
38 22 
40 23 
41 24 
42 25 
43 26 
44 27 
45 28 
46 29 
47 30 
48 31 
49 32 
50 33 
51 34 
52 35 
53 36 
54 37 
56 31 
57 38 
58 39 
59 40 
61 32 
62 41 
63 42 
64 43 
66 33 
67 44 
69 34 
70 45 
72 35 
73 36 
74 37 
78 38 
79 46 
80 47 
81 48 
82 49 
83 50 
84 51 
85 52 
86 53 
87 54 
88 55 
89 56 
90 57 
91 58 
92 59 
93 60 
94 61 
95 62 
96 63 
98 55 
99 56 
100 64 
101 57 
102 65 
103 58 
104 66 
106 25 
107 67 
109 27 
110 68 
112 26 
113 69 
115 28 
117 59 
118 60 
119 61 
120 62 
122 59 
123 60 
124 70 
125 61 
126 71 
127 62 
128 72 
130 32 
131 73 
133 34 
134 74 
136 33 
137 75 
139 35 
140 76 
142 23 
143 49 
145 77 
147 31 
148 53 
150 78 
152 79 
154 80 
155 81 
156 82 
157 32 
158 83 
159 84 
160 85 
161 86 
162 87 
164 34 
167 88 
169 89 
171 90 
172 91 
173 82 
174 25 
175 92 
176 93 
177 94 
178 95 
179 96 
181 27 
184 29 
185 30 
186 36 
187 37 
188 63 
195 55 
196 56 
197 97 
199 25 
200 98 
202 27 
206 29 
207 30 
208 99 
209 57 
210 100 
211 58 
212 101 
214 26 
215 102 
217 28 
222 59 
223 60 
224 103 
226 32 
227 104 
229 34 
233 36 
234 37 
235 105 
236 61 
237 106 
238 62 
239 107 
241 33 
242 108 
244 35 
245 49 
246 53 
247 82 
248 109 
249 110 
250 48 
251 52 
252 111 
254 112 
256 113 
258 114 
260 54 
262 115 
264 82 
265 116 
267 109 
268 110 
269 48 
270 52 
272 117 
273 118 
274 119 
275 120 
276 121 
277 122 
278 123 
279 124 
280 125 
281 126 
282 127 
283 128 
284 129 
285 130 
286 131 
287 132 
288 133 
289 134 
290 135 
291 136 
293 137 
295 138 
297 54 
306 54 
307 139 
309 140 
311 141 
313 141 
314 142 
316 143 
318 143 
321 144 
323 144 
325 142 
326 145 
327 146 
329 147 
331 148 
333 149 
335 149 
336 150 
337 151 
339 152 
341 153 
343 154 
347 54 
348 155 
349 156 
351 157 
352 158 
353 155 
354 159 
355 160 
356 156 
357 161 
359 82 
360 162 
362 109 
363 110 
364 163 
366 164 
368 165 
370 165 
371 48 
372 166 
374 167 
376 168 
378 168 
379 52 
380 25 
381 27 
382 32 
383 34 
393 169 
395 170 
397 171 
399 171 
407 123 
408 29 
409 36 
410 30 
411 37 
414 172 
416 23 
417 47 
419 47 
420 173 
422 31 
423 51 
425 51 
426 174 
428 175 
430 175 
431 46 
432 176 
434 177 
436 177 
437 50 
440 178 
442 179 
444 180 
445 181 
446 82 
447 33 
448 182 
449 183 
450 184 
451 185 
452 186 
454 35 
456 187 
458 188 
460 189 
461 190 
462 82 
463 26 
464 191 
465 192 
466 193 
467 194 
468 195 
470 28 
471 196 
472 29 
473 197 
474 36 
475 198 
476 30 
477 199 
478 37 
489 200 
491 201 
493 202 
495 202 
