1 1 
2 2 1 
3 2 1 
4 2 1 
5 2 5 1 
6 2 5 1 
7 2 5 1 
8 2 5 1 8 
9 9 2 5 1 8 
10 9 2 5 1 10 8 
11 9 2 5 1 10 11 8 
12 9 2 5 1 10 11 8 
13 9 2 5 1 10 11 8 
14 14 9 2 5 1 10 11 8 
15 14 9 2 15 5 1 10 11 8 
16 14 9 2 16 15 5 1 10 11 8 
17 14 9 2 16 15 5 1 10 11 8 
18 14 9 2 16 15 5 1 10 11 8 
19 14 9 2 16 15 19 5 1 10 11 8 
20 14 9 2 20 16 15 19 5 1 10 11 8 
21 14 9 2 20 16 15 10 11 19 5 1 21 8 
22 14 9 2 20 16 15 10 11 19 5 1 21 8 
23 14 9 2 20 16 15 10 11 19 5 1 21 8 
24 14 9 2 20 16 15 10 11 19 5 1 21 8 
