1 1 
2 1 2 
3 3 1 2 
4 3 4 1 2 
5 5 3 4 1 2 
6 5 6 3 4 1 2 
7 7 5 6 3 4 1 2 
8 7 5 6 3 4 1 2 
9 7 5 6 3 9 4 1 2 
10 7 5 6 3 9 4 10 1 2 
11 7 5 6 3 9 4 10 1 2 11 
12 7 5 6 3 9 4 10 1 2 11 12 
13 13 7 5 6 3 9 4 10 1 2 11 12 
14 13 7 5 10 2 6 3 9 4 14 1 11 12 
15 13 7 5 10 2 6 3 9 15 4 14 1 11 12 
16 13 7 5 16 10 2 6 3 9 15 4 14 1 11 12 
17 13 7 5 16 10 2 6 3 9 15 4 14 1 17 11 12 
18 13 7 5 16 10 2 18 6 3 9 15 4 14 1 17 11 12 
19 13 7 5 16 10 2 18 6 3 9 15 4 14 1 19 17 11 12 
20 13 7 5 16 10 2 20 18 6 3 9 15 4 14 1 19 17 11 12 
21 13 7 5 16 10 2 20 18 6 3 9 15 4 14 1 19 17 11 12 21 
22 13 7 5 16 10 2 20 18 22 6 3 9 15 4 14 1 19 17 11 12 21 
23 13 7 5 16 10 2 20 18 22 6 3 9 15 4 14 1 19 17 11 12 21 
24 13 7 5 16 10 2 20 18 22 6 3 9 15 4 14 1 19 17 11 12 21 
