1 1 
2 2 1 
3 2 1 
4 2 1 
5 2 1 5 
6 2 1 5 
7 2 1 5 
8 2 8 1 5 
9 2 8 1 5 
10 2 8 1 5 
11 11 2 8 1 5 
12 11 2 8 1 5 12 
13 11 2 8 1 5 12 13 
14 11 2 8 1 5 12 13 
15 11 2 8 1 5 12 13 
16 11 2 8 16 1 5 12 13 
17 11 2 8 16 17 1 5 12 13 
18 11 2 8 16 17 18 1 5 12 13 
19 11 2 8 16 17 18 1 5 12 13 
20 11 2 8 16 17 18 1 5 12 13 
21 11 2 8 16 17 18 21 1 5 12 13 
22 11 2 8 16 22 17 18 21 1 5 12 13 
23 11 2 8 16 22 17 18 21 1 5 12 13 
24 11 2 8 16 22 17 18 21 1 5 12 13 
25 11 8 16 18 5 12 2 22 17 25 21 1 13 
26 11 8 16 18 5 12 2 22 17 25 21 26 1 13 
27 11 8 16 18 27 5 12 2 22 17 25 21 26 1 13 
28 11 8 16 18 27 5 12 2 22 17 25 21 26 1 13 
29 11 8 16 18 27 5 12 2 22 17 25 21 26 1 13 
30 11 8 16 18 27 5 12 30 2 22 17 25 21 26 1 13 
31 11 8 16 18 27 5 12 30 2 22 17 25 21 26 1 31 13 
32 11 8 16 18 27 5 12 30 2 22 17 25 21 26 1 31 13 
33 11 8 16 18 27 5 12 30 2 22 17 25 21 26 1 31 13 
34 11 8 34 16 18 27 5 12 30 2 22 17 25 21 26 1 31 13 
35 11 35 8 34 16 18 27 5 12 30 2 22 17 25 21 26 1 31 13 
36 11 35 8 34 16 18 27 5 12 30 2 22 17 25 21 26 1 31 13 
37 11 35 8 34 16 18 27 5 12 30 2 22 17 25 21 26 1 31 13 
38 11 35 8 34 16 18 27 5 12 30 2 22 17 25 21 26 1 38 31 13 
39 11 35 8 34 16 18 27 5 12 30 2 22 17 25 39 21 26 1 38 31 13 
40 11 35 8 34 16 18 27 5 12 30 2 22 17 25 39 21 26 1 38 31 13 
41 11 35 8 34 16 18 27 5 12 30 2 22 17 25 39 21 26 1 38 31 13 
42 11 35 8 34 16 18 27 5 12 30 42 2 22 17 25 39 21 26 1 38 31 13 
43 11 35 43 8 34 16 18 27 5 12 30 42 2 22 17 25 39 21 26 1 38 31 13 
44 11 35 44 43 8 34 16 18 27 5 12 30 42 2 22 17 25 39 21 26 1 38 31 13 
45 11 35 44 43 8 34 16 18 27 5 12 30 42 2 22 17 25 39 21 26 1 38 31 13 
46 11 35 44 43 8 34 16 18 27 5 12 30 42 2 22 17 25 39 21 26 1 38 31 13 
47 35 44 43 34 16 12 30 17 25 39 38 13 11 8 18 27 5 42 2 22 21 26 47 1 31 
48 35 44 43 34 16 12 48 30 17 25 39 38 13 11 8 18 27 5 42 2 22 21 26 47 1 31 
49 35 44 43 34 16 12 48 30 17 25 39 38 13 11 8 18 27 5 42 49 2 22 21 26 47 1 31 
50 35 44 43 34 16 12 48 30 17 25 39 38 13 11 8 18 27 5 42 49 2 22 21 26 47 1 31 
51 35 44 43 34 16 12 48 30 17 25 39 38 13 11 8 18 27 5 42 49 2 22 21 26 47 1 31 
52 35 44 43 34 16 12 48 30 17 25 39 38 13 11 8 18 27 5 52 42 49 2 22 21 26 47 1 31 
53 35 44 43 34 16 12 48 30 17 25 39 38 13 11 53 8 18 27 5 52 42 49 2 22 21 26 47 1 31 
54 35 44 43 34 16 12 48 30 17 25 39 38 13 11 53 8 18 27 5 52 42 49 2 22 21 26 47 1 31 
55 35 44 43 34 16 12 48 30 17 25 39 38 13 11 53 8 18 27 5 52 42 49 2 22 21 26 47 1 31 
56 35 44 43 34 16 12 48 30 17 25 39 38 13 56 11 53 8 18 27 5 52 42 49 2 22 21 26 47 1 31 
57 35 44 43 34 16 57 12 48 30 17 25 39 38 13 56 11 53 8 18 27 5 52 42 49 2 22 21 26 47 1 31 
58 35 44 43 34 16 57 12 48 30 17 25 39 38 58 13 56 11 53 8 18 27 5 52 42 49 2 22 21 26 47 1 31 
59 35 44 43 34 16 57 12 48 30 17 25 39 38 58 13 56 11 53 8 18 27 5 52 42 49 2 22 21 26 47 1 31 
60 35 44 43 34 16 57 12 48 30 17 25 39 38 58 13 56 11 53 8 18 27 5 52 42 49 2 22 21 26 47 1 31 
61 35 44 43 34 16 57 12 48 30 17 25 39 38 58 13 56 11 53 8 18 27 5 52 42 61 49 2 22 21 26 47 1 31 
62 35 44 43 34 16 57 12 48 30 17 25 39 62 38 58 13 56 11 53 8 18 27 5 52 42 61 49 2 22 21 26 47 1 31 
63 35 44 43 34 16 57 12 48 30 63 17 25 39 62 38 58 13 56 11 53 8 18 27 5 52 42 61 49 2 22 21 26 47 1 31 
64 35 44 43 34 16 57 12 48 30 63 17 25 39 62 38 58 13 56 11 53 8 18 27 5 52 42 61 49 2 22 21 26 47 1 31 
65 35 44 43 34 16 57 12 48 30 63 17 25 39 62 38 58 13 56 11 53 8 18 27 5 52 42 61 49 2 22 21 26 47 1 31 
66 35 44 43 34 16 57 12 48 30 63 17 25 39 62 38 66 58 13 56 11 53 8 18 27 5 52 42 61 49 2 22 21 26 47 1 31 
67 35 44 43 34 16 57 12 48 30 63 17 25 39 62 38 66 58 13 56 11 53 8 18 27 5 52 42 61 49 2 22 21 26 47 1 67 31 
68 35 44 43 34 16 57 12 48 30 63 17 25 39 62 38 66 58 13 56 11 53 8 18 68 27 5 52 42 61 49 2 22 21 26 47 1 67 31 
69 35 44 43 34 16 57 12 48 30 63 17 25 39 62 38 66 58 13 56 11 53 8 18 68 27 5 52 42 61 49 2 22 21 26 47 1 67 31 
70 35 44 43 34 16 57 12 48 30 63 17 25 39 62 38 66 58 13 56 11 53 8 18 68 27 5 52 42 61 49 2 22 21 26 47 1 67 31 
71 35 44 43 34 16 57 12 48 30 63 71 17 25 39 62 38 66 58 13 56 11 53 8 18 68 27 5 52 42 61 49 2 22 21 26 47 1 67 31 
72 35 44 43 34 16 57 12 48 30 63 71 17 25 39 62 38 66 58 13 56 11 53 8 72 18 68 27 5 52 42 61 49 2 22 21 26 47 1 67 31 
73 35 44 43 34 16 57 12 48 30 63 71 17 25 39 62 38 66 58 13 56 11 53 8 72 18 68 27 5 52 42 61 49 2 22 21 26 47 1 73 67 31 
74 35 44 43 34 16 57 12 48 30 63 71 17 25 39 62 38 66 58 13 56 11 53 8 72 18 68 27 5 52 42 61 49 2 22 21 26 47 1 73 67 31 
75 35 44 43 34 16 57 12 48 30 63 71 17 25 39 62 38 66 58 13 56 11 53 8 72 18 68 27 5 52 42 61 49 2 22 21 26 47 1 73 67 31 
76 35 44 43 34 16 57 12 48 30 63 71 17 25 39 62 38 66 58 13 56 11 53 8 72 18 68 27 5 52 42 61 49 76 2 22 21 26 47 1 73 67 31 
77 35 44 43 34 16 57 12 48 30 63 77 71 17 25 39 62 38 66 58 13 56 11 53 8 72 18 68 27 5 52 42 61 49 76 2 22 21 26 47 1 73 67 31 
78 35 44 43 34 16 57 12 48 30 63 77 71 17 25 39 62 38 66 58 13 56 11 53 8 72 18 68 78 27 5 52 42 61 49 76 2 22 21 26 47 1 73 67 31 
79 35 44 43 34 16 57 12 48 30 63 77 71 17 25 39 62 38 66 58 13 56 11 53 8 72 18 68 78 27 5 52 42 61 49 76 2 22 21 26 47 1 73 67 31 
80 35 44 43 34 16 57 12 48 30 63 77 71 17 25 39 62 38 66 58 13 56 11 53 8 72 18 68 78 27 5 52 42 61 49 76 2 22 21 26 47 1 73 67 31 
81 35 44 43 34 16 57 12 48 30 63 77 71 17 25 39 62 38 66 81 58 13 56 11 53 8 72 18 68 78 27 5 52 42 61 49 76 2 22 21 26 47 1 73 67 31 
82 35 44 43 34 16 57 12 48 30 63 77 71 17 25 39 62 38 66 81 58 13 56 11 82 53 8 72 18 68 78 27 5 52 42 61 49 76 2 22 21 26 47 1 73 67 31 
83 35 44 43 34 16 57 12 48 30 63 77 71 17 25 39 62 38 66 81 58 13 56 11 82 53 8 72 18 68 78 27 5 52 42 61 49 76 2 22 21 26 47 1 73 67 31 83 
84 35 44 43 34 16 57 12 48 30 63 77 71 17 25 39 62 38 66 81 58 13 56 11 82 53 8 72 18 68 78 27 5 52 42 61 49 76 2 22 21 26 47 1 73 67 31 83 
85 35 44 43 34 16 57 12 48 30 63 77 71 17 25 39 62 38 66 81 58 13 56 11 82 53 8 72 18 68 78 27 5 52 42 61 49 76 2 22 21 26 47 1 73 67 31 83 
86 35 44 43 34 16 57 12 48 30 63 77 71 17 25 39 62 38 66 81 58 13 56 11 82 86 53 8 72 18 68 78 27 5 52 42 61 49 76 2 22 21 26 47 1 73 67 31 83 
87 35 44 43 12 30 63 77 71 25 38 81 58 13 56 11 87 72 18 27 2 21 47 1 73 31 34 16 57 48 17 39 62 66 82 86 53 8 68 78 5 52 42 61 49 76 22 26 67 83 
88 35 44 43 12 30 63 77 71 25 38 81 58 88 13 56 11 87 72 18 27 2 21 47 1 73 31 34 16 57 48 17 39 62 66 82 86 53 8 68 78 5 52 42 61 49 76 22 26 67 83 
89 35 44 43 12 30 63 77 71 25 38 81 58 88 13 56 11 87 72 18 27 2 21 47 1 73 31 34 16 57 48 17 39 62 66 82 86 53 8 68 78 5 52 42 61 49 76 22 26 67 83 
90 35 44 43 12 30 63 77 71 25 38 81 58 88 13 56 11 87 72 18 27 2 21 47 1 73 31 34 16 57 48 17 39 62 66 82 86 53 8 68 78 5 52 42 61 49 76 22 26 67 83 
91 35 44 43 12 30 63 77 71 25 38 81 58 88 13 56 11 87 72 18 91 27 2 21 47 1 73 31 34 16 57 48 17 39 62 66 82 86 53 8 68 78 5 52 42 61 49 76 22 26 67 83 
92 35 44 43 12 30 63 77 71 25 38 81 92 58 88 13 56 11 87 72 18 91 27 2 21 47 1 73 31 34 16 57 48 17 39 62 66 82 86 53 8 68 78 5 52 42 61 49 76 22 26 67 83 
93 35 44 43 12 30 63 77 71 25 38 81 92 58 88 13 56 93 11 87 72 18 91 27 2 21 47 1 73 31 34 16 57 48 17 39 62 66 82 86 53 8 68 78 5 52 42 61 49 76 22 26 67 83 
94 35 44 43 12 30 63 77 71 25 38 81 92 58 88 13 56 93 11 87 72 18 91 27 2 21 47 1 73 31 34 16 57 48 17 39 62 66 82 86 53 8 68 78 5 52 42 61 49 76 22 26 67 83 
95 35 44 43 12 30 63 77 71 25 38 81 92 58 88 13 56 93 11 87 72 18 91 27 2 21 47 1 73 31 34 16 57 48 17 39 62 66 82 86 53 8 68 78 5 52 42 61 49 76 22 26 67 83 
96 35 44 43 12 30 63 77 71 25 38 81 92 58 88 13 56 93 11 87 72 18 91 27 2 21 47 1 73 31 34 16 57 48 17 39 62 66 82 86 53 8 96 68 78 5 52 42 61 49 76 22 26 67 83 
97 35 44 43 12 30 63 77 71 25 38 81 92 58 88 13 56 93 11 87 72 18 91 27 2 21 47 1 73 31 34 16 57 48 97 17 39 62 66 82 86 53 8 96 68 78 5 52 42 61 49 76 22 26 67 83 
98 35 44 43 12 30 63 77 71 25 38 81 92 58 88 13 56 93 11 87 72 18 91 27 98 2 21 47 1 73 31 34 16 57 48 97 17 39 62 66 82 86 53 8 96 68 78 5 52 42 61 49 76 22 26 67 83 
99 35 44 43 12 30 63 77 71 25 38 81 92 58 88 13 56 93 11 87 72 18 91 27 98 2 21 47 1 73 31 34 16 57 48 97 17 39 62 66 82 86 53 8 96 68 78 5 52 42 61 49 76 22 26 67 83 
100 35 44 43 12 30 63 77 71 25 38 81 92 58 88 13 56 93 11 87 72 18 91 27 98 2 21 47 1 73 31 34 16 57 48 97 17 39 62 66 82 86 53 8 96 68 78 5 52 42 61 49 76 22 26 67 83 
101 35 44 43 12 30 63 77 71 25 38 81 92 58 88 13 56 93 11 87 72 18 91 27 98 2 21 47 1 73 31 34 16 57 48 97 17 39 62 101 66 82 86 53 8 96 68 78 5 52 42 61 49 76 22 26 67 83 
102 35 44 43 12 30 63 77 71 25 38 81 92 58 88 13 56 93 11 87 72 18 91 27 98 2 21 47 1 73 31 34 16 57 48 97 17 39 62 101 66 82 86 53 8 96 68 78 5 52 42 61 102 49 76 22 26 67 83 
103 35 44 43 12 30 63 103 77 71 25 38 81 92 58 88 13 56 93 11 87 72 18 91 27 98 2 21 47 1 73 31 34 16 57 48 97 17 39 62 101 66 82 86 53 8 96 68 78 5 52 42 61 102 49 76 22 26 67 83 
104 35 44 43 12 30 63 103 77 71 25 38 81 92 58 88 13 56 93 11 87 72 18 91 27 98 2 21 47 1 73 31 34 16 57 48 97 17 39 62 101 66 82 86 53 8 96 68 78 5 52 42 61 102 49 76 22 26 67 83 
105 35 44 43 12 30 63 103 77 71 25 38 81 92 58 88 13 56 93 11 87 72 18 91 27 98 2 21 47 1 73 31 34 16 57 48 97 17 39 62 101 66 82 86 53 8 96 68 78 5 52 42 61 102 49 76 22 26 67 83 
106 35 44 43 12 30 63 103 77 71 25 38 81 92 58 88 13 56 93 11 87 72 18 91 27 98 2 21 47 1 73 31 34 16 57 48 97 106 17 39 62 101 66 82 86 53 8 96 68 78 5 52 42 61 102 49 76 22 26 67 83 
107 35 44 43 12 30 63 103 77 71 25 38 81 92 58 88 13 56 93 11 87 72 18 91 27 98 107 2 21 47 1 73 31 34 16 57 48 97 106 17 39 62 101 66 82 86 53 8 96 68 78 5 52 42 61 102 49 76 22 26 67 83 
108 35 44 43 12 30 63 103 77 71 25 38 81 92 58 88 13 56 93 11 87 72 18 91 27 98 107 2 21 47 1 73 31 34 16 57 48 97 106 17 39 108 62 101 66 82 86 53 8 96 68 78 5 52 42 61 102 49 76 22 26 67 83 
109 35 44 43 12 30 63 103 77 71 25 38 81 92 58 88 13 56 93 11 87 72 18 91 27 98 107 2 21 47 1 73 31 34 16 57 48 97 106 17 39 108 62 101 66 82 86 53 8 96 68 78 5 52 42 61 102 49 76 22 26 67 83 
110 35 44 43 12 30 63 103 77 71 25 38 81 92 58 88 13 56 93 11 87 72 18 91 27 98 107 2 21 47 1 73 31 34 16 57 48 97 106 17 39 108 62 101 66 82 86 53 8 96 68 78 5 52 42 61 102 49 76 22 26 67 83 
111 35 44 43 12 30 63 103 77 71 25 38 81 92 58 88 13 56 93 11 87 72 18 91 27 98 107 2 21 47 1 73 31 34 16 57 48 97 111 106 17 39 108 62 101 66 82 86 53 8 96 68 78 5 52 42 61 102 49 76 22 26 67 83 
112 35 44 43 12 30 63 103 77 71 25 38 81 92 58 88 13 56 93 11 87 72 18 91 27 98 107 112 2 21 47 1 73 31 34 16 57 48 97 111 106 17 39 108 62 101 66 82 86 53 8 96 68 78 5 52 42 61 102 49 76 22 26 67 83 
113 35 44 43 113 12 30 63 103 77 71 25 38 81 92 58 88 13 56 93 11 87 72 18 91 27 98 107 112 2 21 47 1 73 31 34 16 57 48 97 111 106 17 39 108 62 101 66 82 86 53 8 96 68 78 5 52 42 61 102 49 76 22 26 67 83 
114 35 44 43 113 12 30 63 103 77 71 25 38 81 92 58 88 13 56 93 11 87 72 18 91 27 98 107 112 2 21 47 1 73 31 34 16 57 48 97 111 106 17 39 108 62 101 66 82 86 53 8 96 68 78 5 52 42 61 102 49 76 22 26 67 83 
115 35 44 43 113 12 30 63 103 77 71 25 38 81 92 58 88 13 56 93 11 87 72 18 91 27 98 107 112 2 21 47 1 73 31 34 16 57 48 97 111 106 17 39 108 62 101 66 82 86 53 8 96 68 78 5 52 42 61 102 49 76 22 26 67 83 
116 35 44 43 113 12 30 63 103 77 71 25 38 81 92 58 88 13 56 93 11 87 72 18 91 27 98 107 112 2 21 47 1 73 31 34 16 57 48 97 111 106 17 39 116 108 62 101 66 82 86 53 8 96 68 78 5 52 42 61 102 49 76 22 26 67 83 
117 35 44 43 113 12 30 63 103 77 71 25 38 81 92 58 88 13 56 93 11 87 72 18 91 27 98 107 112 117 2 21 47 1 73 31 34 16 57 48 97 111 106 17 39 116 108 62 101 66 82 86 53 8 96 68 78 5 52 42 61 102 49 76 22 26 67 83 
118 35 44 43 113 12 30 63 103 77 71 25 38 81 92 58 88 13 56 93 11 87 72 18 91 27 98 107 112 117 2 21 47 1 73 31 34 16 57 48 97 111 118 106 17 39 116 108 62 101 66 82 86 53 8 96 68 78 5 52 42 61 102 49 76 22 26 67 83 
119 35 44 43 113 12 30 63 103 77 71 25 38 81 92 58 88 13 56 93 11 87 72 18 91 27 98 107 112 117 2 21 47 1 73 31 34 16 57 48 97 111 118 106 17 39 116 108 62 101 66 82 86 53 8 96 68 78 5 52 42 61 102 49 76 22 26 67 83 
120 35 44 43 113 12 30 63 103 77 71 25 38 81 92 58 88 13 56 93 11 87 72 18 91 27 98 107 112 117 2 21 47 1 73 31 34 16 57 48 97 111 118 106 17 39 116 108 62 101 66 82 86 53 8 96 68 78 5 52 42 61 102 49 76 22 26 67 83 
121 35 44 43 113 12 30 63 103 77 71 25 38 81 92 58 88 13 56 93 11 87 72 18 91 27 98 107 112 117 2 21 47 1 73 31 34 16 57 48 97 111 118 106 17 39 116 108 62 101 121 66 82 86 53 8 96 68 78 5 52 42 61 102 49 76 22 26 67 83 
122 35 44 43 113 12 30 63 103 77 71 25 38 81 92 58 88 13 56 93 11 87 122 72 18 91 27 98 107 112 117 2 21 47 1 73 31 34 16 57 48 97 111 118 106 17 39 116 108 62 101 121 66 82 86 53 8 96 68 78 5 52 42 61 102 49 76 22 26 67 83 
123 35 44 43 113 12 30 63 103 77 71 25 38 81 92 58 88 13 56 93 11 87 122 72 18 91 27 98 107 112 117 123 2 21 47 1 73 31 34 16 57 48 97 111 118 106 17 39 116 108 62 101 121 66 82 86 53 8 96 68 78 5 52 42 61 102 49 76 22 26 67 83 
124 35 44 43 113 12 30 63 103 77 71 25 38 81 92 58 88 13 56 93 11 87 122 72 18 91 27 98 107 112 117 123 2 21 47 1 73 31 34 16 57 48 97 111 118 106 17 39 116 108 62 101 121 66 82 86 53 8 96 68 78 5 52 42 61 102 49 76 22 26 67 83 
125 35 44 43 113 12 30 63 103 77 71 25 38 81 92 58 88 13 56 93 11 87 122 72 18 91 27 98 107 112 117 123 2 21 47 1 73 31 34 16 57 48 97 111 118 106 17 39 116 108 62 101 121 66 82 86 53 8 96 68 78 5 52 42 61 102 49 76 22 26 67 83 
126 35 44 43 113 12 30 63 103 77 71 25 38 81 92 58 88 13 56 93 11 87 122 72 18 91 27 98 107 112 117 123 2 21 47 1 73 126 31 34 16 57 48 97 111 118 106 17 39 116 108 62 101 121 66 82 86 53 8 96 68 78 5 52 42 61 102 49 76 22 26 67 83 
127 35 44 43 113 12 30 63 103 77 127 71 25 38 81 92 58 88 13 56 93 11 87 122 72 18 91 27 98 107 112 117 123 2 21 47 1 73 126 31 34 16 57 48 97 111 118 106 17 39 116 108 62 101 121 66 82 86 53 8 96 68 78 5 52 42 61 102 49 76 22 26 67 83 
128 35 44 43 113 12 30 63 103 77 127 71 25 38 81 92 58 88 13 56 93 11 87 122 72 18 91 27 98 107 112 117 123 2 21 47 1 73 126 31 34 16 57 48 97 111 118 106 17 39 116 108 62 101 121 66 82 86 53 8 96 68 78 5 52 42 61 102 49 76 22 26 67 83 128 
129 35 44 43 113 12 30 63 103 77 127 71 25 38 81 92 58 88 13 56 93 11 87 122 72 18 91 27 98 107 112 117 123 2 21 47 1 73 126 31 34 16 57 48 97 111 118 106 17 39 116 108 62 101 121 66 82 86 53 8 96 68 78 5 52 42 61 102 49 76 22 26 67 83 128 
130 35 44 43 113 12 30 63 103 77 127 71 25 38 81 92 58 88 13 56 93 11 87 122 72 18 91 27 98 107 112 117 123 2 21 47 1 73 126 31 34 16 57 48 97 111 118 106 17 39 116 108 62 101 121 66 82 86 53 8 96 68 78 5 52 42 61 102 49 76 22 26 67 83 128 
131 35 44 43 113 12 30 63 103 77 127 71 25 38 81 92 58 88 13 56 93 11 87 122 72 18 91 27 98 107 112 117 123 2 21 47 1 73 126 31 34 16 131 57 48 97 111 118 106 17 39 116 108 62 101 121 66 82 86 53 8 96 68 78 5 52 42 61 102 49 76 22 26 67 83 128 
132 35 44 43 113 12 30 63 103 77 127 71 25 38 81 92 58 88 13 56 93 11 87 122 72 18 91 27 98 107 112 117 123 2 21 47 1 73 126 31 34 16 131 57 132 48 97 111 118 106 17 39 116 108 62 101 121 66 82 86 53 8 96 68 78 5 52 42 61 102 49 76 22 26 67 83 128 
133 35 44 43 113 12 30 63 103 77 127 71 25 38 81 92 58 88 13 56 93 11 87 122 72 18 91 27 98 107 112 117 123 2 21 47 1 73 126 31 34 16 131 57 132 48 97 111 118 106 17 39 116 108 62 101 121 66 82 86 53 8 96 68 78 5 52 42 61 102 49 76 22 26 67 83 128 
134 35 44 43 113 12 30 63 103 77 127 71 25 38 81 92 58 88 13 56 93 11 87 122 72 18 91 27 98 107 112 117 123 2 21 47 1 73 126 31 34 16 131 57 132 48 97 111 118 106 17 39 116 108 62 101 121 66 82 86 53 8 96 68 78 5 52 42 61 102 49 76 22 26 67 83 128 
135 35 44 43 113 12 30 63 103 77 127 71 25 135 38 81 92 58 88 13 56 93 11 87 122 72 18 91 27 98 107 112 117 123 2 21 47 1 73 126 31 34 16 131 57 132 48 97 111 118 106 17 39 116 108 62 101 121 66 82 86 53 8 96 68 78 5 52 42 61 102 49 76 22 26 67 83 128 
136 35 44 43 113 12 30 63 103 77 127 71 25 135 38 81 92 58 88 13 56 93 11 87 122 72 18 91 27 98 107 112 117 123 2 21 47 1 73 126 31 34 16 131 57 132 48 97 111 118 106 17 39 116 108 62 101 121 136 66 82 86 53 8 96 68 78 5 52 42 61 102 49 76 22 26 67 83 128 
137 35 44 43 113 12 30 63 103 77 127 71 25 135 38 81 92 58 88 13 56 93 11 87 122 72 18 91 27 98 107 112 117 123 2 21 47 1 73 126 31 34 16 131 57 132 48 97 111 118 106 17 39 116 108 62 101 121 136 66 82 86 137 53 8 96 68 78 5 52 42 61 102 49 76 22 26 67 83 128 
138 35 44 43 113 12 30 63 103 77 127 71 25 135 38 81 92 58 88 13 56 93 11 87 122 72 18 91 27 98 107 112 117 123 2 21 47 1 73 126 31 34 16 131 57 132 48 97 111 118 106 17 39 116 108 62 101 121 136 66 82 86 137 53 8 96 68 78 5 52 42 61 102 49 76 22 26 67 83 128 
139 35 44 43 113 12 30 63 103 77 127 71 25 135 38 81 92 58 88 13 56 93 11 87 122 72 18 91 27 98 107 112 117 123 2 21 47 1 73 126 31 34 16 131 57 132 48 97 111 118 106 17 39 116 108 62 101 121 136 66 82 86 137 53 8 96 68 78 5 52 42 61 102 49 76 22 26 67 83 128 
140 35 44 43 113 12 30 63 103 77 127 71 25 135 140 38 81 92 58 88 13 56 93 11 87 122 72 18 91 27 98 107 112 117 123 2 21 47 1 73 126 31 34 16 131 57 132 48 97 111 118 106 17 39 116 108 62 101 121 136 66 82 86 137 53 8 96 68 78 5 52 42 61 102 49 76 22 26 67 83 128 
141 35 44 43 113 12 30 63 103 77 127 71 25 135 140 141 38 81 92 58 88 13 56 93 11 87 122 72 18 91 27 98 107 112 117 123 2 21 47 1 73 126 31 34 16 131 57 132 48 97 111 118 106 17 39 116 108 62 101 121 136 66 82 86 137 53 8 96 68 78 5 52 42 61 102 49 76 22 26 67 83 128 
142 35 44 43 113 142 12 30 63 103 77 127 71 25 135 140 141 38 81 92 58 88 13 56 93 11 87 122 72 18 91 27 98 107 112 117 123 2 21 47 1 73 126 31 34 16 131 57 132 48 97 111 118 106 17 39 116 108 62 101 121 136 66 82 86 137 53 8 96 68 78 5 52 42 61 102 49 76 22 26 67 83 128 
143 35 44 43 113 142 12 30 63 103 77 127 71 25 135 140 141 38 81 92 58 88 13 56 93 11 87 122 72 18 91 27 98 107 112 117 123 2 21 47 1 73 126 31 34 16 131 57 132 48 97 111 118 106 17 39 116 108 62 101 121 136 66 82 86 137 53 8 96 68 78 5 52 42 61 102 49 76 22 26 67 83 128 
144 35 44 43 113 142 12 30 63 103 77 127 71 25 135 140 141 38 81 92 58 88 13 56 93 11 87 122 72 18 91 27 98 107 112 117 123 2 21 47 1 73 126 31 34 16 131 57 132 48 97 111 118 106 17 39 116 108 62 101 121 136 66 82 86 137 53 8 96 68 78 5 52 42 61 102 49 76 22 26 67 83 128 
145 35 44 43 113 142 12 30 63 103 77 127 71 25 135 140 141 38 81 92 58 88 145 13 56 93 11 87 122 72 18 91 27 98 107 112 117 123 2 21 47 1 73 126 31 34 16 131 57 132 48 97 111 118 106 17 39 116 108 62 101 121 136 66 82 86 137 53 8 96 68 78 5 52 42 61 102 49 76 22 26 67 83 128 
146 35 44 43 113 142 12 30 63 103 77 127 71 25 135 140 141 38 81 92 58 88 145 13 56 93 11 87 122 72 18 91 27 98 107 112 117 123 2 21 47 1 73 126 146 31 34 16 131 57 132 48 97 111 118 106 17 39 116 108 62 101 121 136 66 82 86 137 53 8 96 68 78 5 52 42 61 102 49 76 22 26 67 83 128 
147 35 44 43 113 142 12 30 63 103 77 127 71 25 135 140 141 38 81 92 58 88 145 13 56 93 11 87 122 72 18 91 27 98 107 112 117 123 2 21 47 1 73 126 146 147 31 34 16 131 57 132 48 97 111 118 106 17 39 116 108 62 101 121 136 66 82 86 137 53 8 96 68 78 5 52 42 61 102 49 76 22 26 67 83 128 
148 35 44 43 113 142 12 30 63 103 77 127 71 25 135 140 141 38 81 92 58 88 145 13 56 93 11 87 122 72 18 91 27 98 107 112 117 123 2 21 47 1 73 126 146 147 31 34 16 131 57 132 48 97 111 118 106 17 39 116 108 62 101 121 136 66 82 86 137 53 8 96 68 78 5 52 42 61 102 49 76 22 26 67 83 128 
149 35 44 43 113 142 12 30 63 103 77 127 71 25 135 140 141 38 81 92 58 88 145 13 56 93 11 87 122 72 18 91 27 98 107 112 117 123 2 21 47 1 73 126 146 147 31 34 16 131 57 132 48 97 111 118 106 17 39 116 108 62 101 121 136 66 82 86 137 53 8 96 68 78 5 52 42 61 102 49 76 22 26 67 83 128 
150 35 44 43 113 142 12 30 63 103 77 127 71 25 135 140 141 38 81 92 58 88 145 13 56 93 11 87 122 72 18 91 27 98 107 112 117 123 2 21 47 1 73 126 146 147 31 34 16 131 57 132 48 97 111 118 106 17 39 116 108 62 101 121 136 66 82 86 137 53 8 96 68 78 5 52 42 150 61 102 49 76 22 26 67 83 128 
151 35 44 43 113 142 12 30 63 103 77 127 71 25 135 140 141 38 81 92 58 88 145 13 56 93 11 87 122 72 18 91 27 98 107 112 117 123 2 21 47 1 73 126 146 147 31 151 34 16 131 57 132 48 97 111 118 106 17 39 116 108 62 101 121 136 66 82 86 137 53 8 96 68 78 5 52 42 150 61 102 49 76 22 26 67 83 128 
152 35 44 43 113 142 12 30 63 103 152 77 127 71 25 135 140 141 38 81 92 58 88 145 13 56 93 11 87 122 72 18 91 27 98 107 112 117 123 2 21 47 1 73 126 146 147 31 151 34 16 131 57 132 48 97 111 118 106 17 39 116 108 62 101 121 136 66 82 86 137 53 8 96 68 78 5 52 42 150 61 102 49 76 22 26 67 83 128 
153 35 44 43 113 142 12 30 63 103 152 77 127 71 25 135 140 141 38 81 92 58 88 145 13 56 93 11 87 122 72 18 91 27 98 107 112 117 123 2 21 47 1 73 126 146 147 31 151 34 16 131 57 132 48 97 111 118 106 17 39 116 108 62 101 121 136 66 82 86 137 53 8 96 68 78 5 52 42 150 61 102 49 76 22 26 67 83 128 
154 35 44 43 113 142 12 30 63 103 152 77 127 71 25 135 140 141 38 81 92 58 88 145 13 56 93 11 87 122 72 18 91 27 98 107 112 117 123 2 21 47 1 73 126 146 147 31 151 34 16 131 57 132 48 97 111 118 106 17 39 116 108 62 101 121 136 66 82 86 137 53 8 96 68 78 5 52 42 150 61 102 49 76 22 26 67 83 128 
155 35 44 43 113 142 12 30 63 155 103 152 77 127 71 25 135 140 141 38 81 92 58 88 145 13 56 93 11 87 122 72 18 91 27 98 107 112 117 123 2 21 47 1 73 126 146 147 31 151 34 16 131 57 132 48 97 111 118 106 17 39 116 108 62 101 121 136 66 82 86 137 53 8 96 68 78 5 52 42 150 61 102 49 76 22 26 67 83 128 
156 35 44 43 113 142 12 30 63 155 103 152 77 127 71 25 135 140 141 38 81 92 58 88 145 13 56 93 11 87 122 72 18 91 27 98 107 112 117 123 2 21 47 1 73 156 126 146 147 31 151 34 16 131 57 132 48 97 111 118 106 17 39 116 108 62 101 121 136 66 82 86 137 53 8 96 68 78 5 52 42 150 61 102 49 76 22 26 67 83 128 
157 35 44 43 113 142 12 30 63 155 103 152 77 127 71 25 135 140 141 38 81 92 58 88 145 13 56 93 11 87 122 72 18 91 27 98 107 112 117 123 2 21 47 1 73 156 126 146 147 31 151 34 16 131 57 132 48 97 111 118 106 17 39 116 108 62 101 121 136 66 82 86 137 53 8 96 68 78 5 52 42 157 150 61 102 49 76 22 26 67 83 128 
158 35 44 43 113 142 12 30 63 155 103 152 77 127 71 25 135 140 141 38 81 92 58 88 145 13 56 93 11 87 122 72 18 91 27 98 107 112 117 123 2 21 47 1 73 156 126 146 147 31 151 34 16 131 57 132 48 97 111 118 106 17 39 116 108 62 101 121 136 66 82 86 137 53 8 96 68 78 5 52 42 157 150 61 102 49 76 22 26 67 83 128 
159 35 44 43 113 142 12 30 63 155 103 152 77 127 71 25 135 140 141 38 81 92 58 88 145 13 56 93 11 87 122 72 18 91 27 98 107 112 117 123 2 21 47 1 73 156 126 146 147 31 151 34 16 131 57 132 48 97 111 118 106 17 39 116 108 62 101 121 136 66 82 86 137 53 8 96 68 78 5 52 42 157 150 61 102 49 76 22 26 67 83 128 
160 35 44 43 113 142 12 30 63 155 103 152 77 127 71 25 135 140 141 38 81 92 58 88 145 13 56 93 11 87 122 72 18 91 27 98 107 112 117 123 2 21 47 1 73 156 126 146 147 31 151 160 34 16 131 57 132 48 97 111 118 106 17 39 116 108 62 101 121 136 66 82 86 137 53 8 96 68 78 5 52 42 157 150 61 102 49 76 22 26 67 83 128 
161 35 44 43 113 142 12 30 63 155 103 152 77 127 71 25 135 140 141 38 81 92 58 88 145 13 56 93 11 87 122 72 18 91 27 98 107 112 117 123 2 21 47 1 73 156 126 146 147 31 151 160 34 16 131 57 132 48 97 111 118 106 17 39 116 108 62 101 121 136 66 82 86 137 53 8 96 68 78 5 52 42 157 150 61 102 49 76 22 26 67 83 128 161 
162 35 44 43 113 142 12 30 63 155 103 152 77 127 71 25 135 140 141 38 81 92 58 88 145 13 56 93 11 87 122 72 18 91 27 98 107 112 117 123 2 21 47 1 73 156 126 146 147 31 151 160 34 16 131 57 132 48 97 111 118 106 17 39 116 108 62 101 121 136 66 82 86 137 53 8 96 68 78 5 52 42 157 150 61 102 49 76 22 26 67 83 128 161 
163 35 44 43 113 142 12 30 63 155 103 152 77 127 71 25 135 140 141 38 81 92 58 88 145 13 56 93 11 87 122 72 18 91 27 98 107 112 117 123 2 21 47 1 73 156 126 146 147 31 151 160 34 16 131 57 132 48 97 111 118 106 17 39 116 108 62 101 121 136 66 82 86 137 53 8 96 68 78 5 52 42 157 150 61 102 49 76 22 26 67 83 128 161 
164 35 44 43 113 142 12 30 63 155 103 152 77 127 71 25 135 140 141 38 81 92 58 88 145 13 56 93 11 87 122 72 18 91 27 98 107 112 117 123 2 21 47 1 73 156 126 146 147 31 151 160 164 34 16 131 57 132 48 97 111 118 106 17 39 116 108 62 101 121 136 66 82 86 137 53 8 96 68 78 5 52 42 157 150 61 102 49 76 22 26 67 83 128 161 
165 35 44 43 113 142 12 30 63 155 103 152 77 127 71 25 135 140 141 38 81 92 58 88 145 13 56 93 11 87 122 72 18 91 27 98 107 112 117 123 165 2 21 47 1 73 156 126 146 147 31 151 160 164 34 16 131 57 132 48 97 111 118 106 17 39 116 108 62 101 121 136 66 82 86 137 53 8 96 68 78 5 52 42 157 150 61 102 49 76 22 26 67 83 128 161 
166 35 44 43 113 142 12 30 63 155 103 152 77 127 71 25 135 140 141 38 81 92 58 88 145 13 56 93 11 87 122 72 18 91 27 98 107 112 117 123 165 2 21 47 1 73 156 126 146 147 31 151 160 164 34 16 131 57 132 48 97 111 118 166 106 17 39 116 108 62 101 121 136 66 82 86 137 53 8 96 68 78 5 52 42 157 150 61 102 49 76 22 26 67 83 128 161 
167 35 44 43 113 142 12 30 63 155 103 152 77 127 71 25 135 140 141 38 81 92 58 88 145 13 56 93 11 87 122 72 18 91 27 98 107 112 117 123 165 2 21 47 1 73 156 126 146 147 31 151 160 164 34 16 131 57 132 48 97 111 118 166 106 17 39 116 108 62 101 121 136 66 82 86 137 53 8 96 68 78 5 52 42 157 150 61 102 49 76 22 26 67 83 128 161 
168 35 44 43 113 142 12 30 63 155 103 152 77 127 71 25 135 140 141 38 81 92 58 88 145 13 56 93 11 87 122 72 18 91 27 98 107 112 117 123 165 2 21 47 1 73 156 126 146 147 31 151 160 164 34 16 131 57 132 48 97 111 118 166 106 17 39 116 108 62 101 121 136 66 82 86 137 53 8 96 68 78 5 52 42 157 150 61 102 49 76 22 26 67 83 128 161 
169 35 113 142 12 30 103 152 77 135 140 141 38 81 58 88 13 93 87 18 27 112 117 123 165 21 47 1 156 146 151 160 34 106 17 108 121 136 66 169 82 137 53 8 5 52 42 61 102 49 22 26 128 44 43 63 155 127 71 25 92 145 56 11 122 72 91 98 107 2 73 126 147 31 164 16 131 57 132 48 97 111 118 166 39 116 62 101 86 96 68 78 157 150 76 67 83 161 
170 35 113 142 12 30 103 152 77 135 140 141 170 38 81 58 88 13 93 87 18 27 112 117 123 165 21 47 1 156 146 151 160 34 106 17 108 121 136 66 169 82 137 53 8 5 52 42 61 102 49 22 26 128 44 43 63 155 127 71 25 92 145 56 11 122 72 91 98 107 2 73 126 147 31 164 16 131 57 132 48 97 111 118 166 39 116 62 101 86 96 68 78 157 150 76 67 83 161 
171 35 113 142 12 30 103 152 77 135 140 141 170 38 81 58 88 13 93 87 18 27 112 117 123 165 21 47 1 156 146 151 160 34 106 17 108 121 136 66 169 82 137 53 8 171 5 52 42 61 102 49 22 26 128 44 43 63 155 127 71 25 92 145 56 11 122 72 91 98 107 2 73 126 147 31 164 16 131 57 132 48 97 111 118 166 39 116 62 101 86 96 68 78 157 150 76 67 83 161 
172 35 113 142 12 30 103 152 77 135 140 141 170 38 81 58 88 13 93 87 18 27 112 117 123 165 21 47 1 156 146 151 160 34 106 17 108 121 136 66 169 82 137 53 8 171 5 52 42 61 102 49 22 26 128 44 43 63 155 127 71 25 92 145 56 11 122 72 91 98 107 2 73 126 147 31 164 16 131 57 132 48 97 111 118 166 39 116 62 101 86 96 68 78 157 150 76 67 83 161 
173 35 113 142 12 30 103 152 77 135 140 141 170 38 81 58 88 13 93 87 18 27 112 117 123 165 21 47 1 156 146 151 160 34 106 17 108 121 136 66 169 82 137 53 8 171 5 52 42 61 102 49 22 26 128 44 43 63 155 127 71 25 92 145 56 11 122 72 91 98 107 2 73 126 147 31 164 16 131 57 132 48 97 111 118 166 39 116 62 101 86 96 68 78 157 150 76 67 83 161 
174 35 113 142 12 30 103 152 77 135 140 141 170 38 81 58 88 13 93 87 18 27 112 117 123 165 21 47 1 156 146 151 160 34 106 17 108 121 136 66 174 169 82 137 53 8 171 5 52 42 61 102 49 22 26 128 44 43 63 155 127 71 25 92 145 56 11 122 72 91 98 107 2 73 126 147 31 164 16 131 57 132 48 97 111 118 166 39 116 62 101 86 96 68 78 157 150 76 67 83 161 
175 35 113 142 12 30 103 152 77 135 140 141 170 38 81 58 88 13 93 87 18 27 112 117 123 165 21 47 1 156 146 151 160 34 106 17 108 121 136 66 174 169 82 137 53 8 171 5 52 42 61 102 49 22 26 128 44 43 63 155 127 71 25 92 145 56 11 122 72 91 98 107 2 73 126 147 31 164 16 131 57 132 48 97 111 118 166 39 116 62 101 86 96 68 78 157 150 175 76 67 83 161 
176 35 113 142 12 30 103 152 77 135 140 141 170 38 81 58 88 13 93 87 18 27 112 117 123 165 21 47 1 156 146 151 160 34 106 17 108 121 176 136 66 174 169 82 137 53 8 171 5 52 42 61 102 49 22 26 128 44 43 63 155 127 71 25 92 145 56 11 122 72 91 98 107 2 73 126 147 31 164 16 131 57 132 48 97 111 118 166 39 116 62 101 86 96 68 78 157 150 175 76 67 83 161 
177 35 113 142 12 30 103 152 77 135 140 141 170 38 81 58 88 13 93 87 18 27 112 117 123 165 21 47 1 156 146 151 160 34 106 17 108 121 176 136 66 174 169 82 137 53 8 171 5 52 42 61 102 49 22 26 128 44 43 63 155 127 71 25 92 145 56 11 122 72 91 98 107 2 73 126 147 31 164 16 131 57 132 48 97 111 118 166 39 116 62 101 86 96 68 78 157 150 175 76 67 83 161 
178 35 113 142 12 30 103 152 77 135 140 141 170 38 81 58 88 13 93 87 18 27 112 117 123 165 21 47 1 156 146 151 160 34 106 17 108 121 176 136 66 174 169 82 137 53 8 171 5 52 42 61 102 49 22 26 128 44 43 63 155 127 71 25 92 145 56 11 122 72 91 98 107 2 73 126 147 31 164 16 131 57 132 48 97 111 118 166 39 116 62 101 86 96 68 78 157 150 175 76 67 83 161 
179 35 113 142 12 30 103 152 77 135 140 141 170 38 81 58 88 13 93 87 18 27 112 117 123 165 21 47 1 156 146 151 160 34 106 17 108 121 176 136 66 174 169 82 137 53 8 171 5 52 42 61 102 49 22 26 179 128 44 43 63 155 127 71 25 92 145 56 11 122 72 91 98 107 2 73 126 147 31 164 16 131 57 132 48 97 111 118 166 39 116 62 101 86 96 68 78 157 150 175 76 67 83 161 
180 35 113 142 12 30 103 152 77 135 140 141 170 38 81 58 88 13 93 87 18 27 112 117 123 165 21 47 1 156 146 151 160 34 106 17 108 121 176 136 66 174 169 82 137 53 8 171 5 52 42 61 102 49 22 26 179 128 44 43 63 155 127 71 25 92 145 56 11 122 72 91 98 107 2 73 126 180 147 31 164 16 131 57 132 48 97 111 118 166 39 116 62 101 86 96 68 78 157 150 175 76 67 83 161 
181 35 113 142 12 30 103 152 77 135 140 141 170 38 81 58 88 13 93 87 18 27 112 117 123 165 21 47 1 156 146 151 160 34 106 17 108 121 176 136 66 174 169 82 137 53 8 171 5 52 42 61 102 49 22 26 179 128 44 43 63 155 127 71 25 92 145 56 11 122 72 91 98 107 2 73 126 180 147 31 164 181 16 131 57 132 48 97 111 118 166 39 116 62 101 86 96 68 78 157 150 175 76 67 83 161 
182 35 113 142 12 30 103 152 77 135 140 141 170 38 81 58 88 13 93 87 18 27 112 117 123 165 21 47 1 156 146 151 160 34 106 17 108 121 176 136 66 174 169 82 137 53 8 171 5 52 42 61 102 49 22 26 179 128 44 43 63 155 127 71 25 92 145 56 11 122 72 91 98 107 2 73 126 180 147 31 164 181 16 131 57 132 48 97 111 118 166 39 116 62 101 86 96 68 78 157 150 175 76 67 83 161 
183 35 113 142 12 30 103 152 77 135 140 141 170 38 81 58 88 13 93 87 18 27 112 117 123 165 21 47 1 156 146 151 160 34 106 17 108 121 176 136 66 174 169 82 137 53 8 171 5 52 42 61 102 49 22 26 179 128 44 43 63 155 127 71 25 92 145 56 11 122 72 91 98 107 2 73 126 180 147 31 164 181 16 131 57 132 48 97 111 118 166 39 116 62 101 86 96 68 78 157 150 175 76 67 83 161 
184 35 113 142 12 30 103 152 77 135 140 141 170 38 81 58 88 13 93 87 18 27 112 117 123 165 21 47 1 156 146 151 160 34 106 17 108 121 176 136 66 174 169 82 137 53 8 171 5 52 42 61 102 49 22 26 179 128 44 43 184 63 155 127 71 25 92 145 56 11 122 72 91 98 107 2 73 126 180 147 31 164 181 16 131 57 132 48 97 111 118 166 39 116 62 101 86 96 68 78 157 150 175 76 67 83 161 
185 35 113 142 12 30 103 152 77 135 140 141 170 38 81 58 88 13 93 87 18 27 112 117 123 165 21 47 1 156 146 151 160 34 106 17 108 121 176 136 66 174 169 82 137 53 8 171 5 52 42 61 102 49 22 26 179 128 44 43 184 63 155 127 71 25 92 145 56 11 122 72 91 98 107 2 73 126 180 147 31 164 181 16 131 57 132 48 97 111 118 166 39 116 62 101 86 96 68 78 157 150 175 76 185 67 83 161 
186 35 113 142 12 30 103 152 77 135 140 141 170 38 81 58 88 13 93 87 18 27 112 117 123 165 21 47 1 156 146 151 160 34 106 17 108 121 176 136 66 174 169 82 137 53 8 171 5 52 42 61 102 49 22 26 179 128 44 43 184 63 155 127 71 25 92 145 56 11 122 72 91 98 107 186 2 73 126 180 147 31 164 181 16 131 57 132 48 97 111 118 166 39 116 62 101 86 96 68 78 157 150 175 76 185 67 83 161 
187 35 113 142 12 30 103 152 77 135 140 141 170 38 81 58 88 13 93 87 18 27 112 117 123 165 21 47 1 156 146 151 160 34 106 17 108 121 176 136 66 174 169 82 137 53 8 171 5 52 42 61 102 49 22 26 179 128 44 43 184 63 155 127 71 25 92 145 56 11 122 72 91 98 107 186 2 73 126 180 147 31 164 181 16 131 57 132 48 97 111 118 166 39 116 62 101 86 96 68 78 157 150 175 76 185 67 83 161 
188 35 113 142 12 30 103 152 77 135 140 141 170 38 81 58 88 13 93 87 18 27 112 117 123 165 21 47 1 156 146 151 160 34 106 17 108 121 176 136 66 174 169 82 137 53 8 171 5 52 42 61 102 49 22 26 179 128 44 43 184 63 155 127 71 25 92 145 56 11 122 72 91 98 107 186 2 73 126 180 147 31 164 181 16 131 57 132 48 97 111 118 166 39 116 62 101 86 96 68 78 157 150 175 76 185 67 83 161 
189 35 113 142 12 30 103 152 77 135 140 141 170 38 81 58 88 13 93 87 18 27 112 117 123 165 21 47 1 156 146 151 160 34 189 106 17 108 121 176 136 66 174 169 82 137 53 8 171 5 52 42 61 102 49 22 26 179 128 44 43 184 63 155 127 71 25 92 145 56 11 122 72 91 98 107 186 2 73 126 180 147 31 164 181 16 131 57 132 48 97 111 118 166 39 116 62 101 86 96 68 78 157 150 175 76 185 67 83 161 
190 35 113 142 12 30 103 152 77 135 140 141 170 38 81 58 88 13 93 87 18 27 112 117 123 165 21 47 1 156 146 151 160 34 189 106 17 108 121 176 136 66 190 174 169 82 137 53 8 171 5 52 42 61 102 49 22 26 179 128 44 43 184 63 155 127 71 25 92 145 56 11 122 72 91 98 107 186 2 73 126 180 147 31 164 181 16 131 57 132 48 97 111 118 166 39 116 62 101 86 96 68 78 157 150 175 76 185 67 83 161 
191 35 113 142 12 30 103 152 77 191 135 140 141 170 38 81 58 88 13 93 87 18 27 112 117 123 165 21 47 1 156 146 151 160 34 189 106 17 108 121 176 136 66 190 174 169 82 137 53 8 171 5 52 42 61 102 49 22 26 179 128 44 43 184 63 155 127 71 25 92 145 56 11 122 72 91 98 107 186 2 73 126 180 147 31 164 181 16 131 57 132 48 97 111 118 166 39 116 62 101 86 96 68 78 157 150 175 76 185 67 83 161 
192 35 113 142 12 30 103 152 77 191 135 140 141 170 38 81 58 88 13 93 87 18 27 112 117 123 165 21 47 1 156 146 151 160 34 189 106 17 108 121 176 136 66 190 174 169 82 137 53 8 171 5 52 42 61 102 49 22 26 179 128 44 43 184 63 155 127 71 25 92 145 56 11 122 72 91 98 107 186 2 73 126 180 147 31 164 181 16 131 57 132 48 97 111 118 166 39 116 62 101 86 96 68 78 157 150 175 76 185 67 83 161 
193 35 113 142 12 30 103 152 77 191 135 140 141 170 38 81 58 88 13 93 87 18 27 112 117 123 165 21 47 1 156 146 151 160 34 189 106 17 108 121 176 136 66 190 174 169 82 137 53 8 171 5 52 42 61 102 49 22 26 179 128 44 43 184 63 155 127 71 25 92 145 56 11 122 72 91 98 107 186 2 73 126 180 147 31 164 181 16 131 57 132 48 97 111 118 166 39 116 62 101 86 96 68 78 157 150 175 76 185 67 83 161 
194 35 113 142 12 30 103 152 77 191 135 140 141 170 38 81 58 88 13 93 87 18 27 112 117 123 165 21 47 1 156 146 151 160 34 189 106 17 108 121 176 136 66 190 174 169 82 137 194 53 8 171 5 52 42 61 102 49 22 26 179 128 44 43 184 63 155 127 71 25 92 145 56 11 122 72 91 98 107 186 2 73 126 180 147 31 164 181 16 131 57 132 48 97 111 118 166 39 116 62 101 86 96 68 78 157 150 175 76 185 67 83 161 
195 35 113 142 12 30 103 152 77 191 135 140 141 170 38 81 58 88 13 93 87 18 27 112 117 123 165 21 47 1 156 146 151 160 34 189 106 17 108 121 176 136 66 190 174 169 82 137 194 53 8 171 5 52 42 61 102 195 49 22 26 179 128 44 43 184 63 155 127 71 25 92 145 56 11 122 72 91 98 107 186 2 73 126 180 147 31 164 181 16 131 57 132 48 97 111 118 166 39 116 62 101 86 96 68 78 157 150 175 76 185 67 83 161 
196 35 113 142 12 30 196 103 152 77 191 135 140 141 170 38 81 58 88 13 93 87 18 27 112 117 123 165 21 47 1 156 146 151 160 34 189 106 17 108 121 176 136 66 190 174 169 82 137 194 53 8 171 5 52 42 61 102 195 49 22 26 179 128 44 43 184 63 155 127 71 25 92 145 56 11 122 72 91 98 107 186 2 73 126 180 147 31 164 181 16 131 57 132 48 97 111 118 166 39 116 62 101 86 96 68 78 157 150 175 76 185 67 83 161 
197 35 113 142 12 30 196 103 152 77 191 135 140 141 170 38 81 58 88 13 93 87 18 27 112 117 123 165 21 47 1 156 146 151 160 34 189 106 17 108 121 176 136 66 190 174 169 82 137 194 53 8 171 5 52 42 61 102 195 49 22 26 179 128 44 43 184 63 155 127 71 25 92 145 56 11 122 72 91 98 107 186 2 73 126 180 147 31 164 181 16 131 57 132 48 97 111 118 166 39 116 62 101 86 96 68 78 157 150 175 76 185 67 83 161 
198 35 113 142 12 30 196 103 152 77 191 135 140 141 170 38 81 58 88 13 93 87 18 27 112 117 123 165 21 47 1 156 146 151 160 34 189 106 17 108 121 176 136 66 190 174 169 82 137 194 53 8 171 5 52 42 61 102 195 49 22 26 179 128 44 43 184 63 155 127 71 25 92 145 56 11 122 72 91 98 107 186 2 73 126 180 147 31 164 181 16 131 57 132 48 97 111 118 166 39 116 62 101 86 96 68 78 157 150 175 76 185 67 83 161 
199 35 113 142 12 30 196 103 152 77 191 135 140 141 170 38 81 58 88 13 93 87 18 27 112 117 123 165 199 21 47 1 156 146 151 160 34 189 106 17 108 121 176 136 66 190 174 169 82 137 194 53 8 171 5 52 42 61 102 195 49 22 26 179 128 44 43 184 63 155 127 71 25 92 145 56 11 122 72 91 98 107 186 2 73 126 180 147 31 164 181 16 131 57 132 48 97 111 118 166 39 116 62 101 86 96 68 78 157 150 175 76 185 67 83 161 
200 35 113 142 12 30 196 103 152 77 191 135 140 141 170 38 81 58 88 13 93 87 18 27 112 117 123 165 199 21 47 1 156 146 151 160 34 189 106 17 108 121 176 136 66 190 174 169 82 137 194 53 8 171 5 52 42 61 102 195 49 22 200 26 179 128 44 43 184 63 155 127 71 25 92 145 56 11 122 72 91 98 107 186 2 73 126 180 147 31 164 181 16 131 57 132 48 97 111 118 166 39 116 62 101 86 96 68 78 157 150 175 76 185 67 83 161 
201 35 113 142 12 30 196 103 152 77 191 135 140 141 170 38 81 58 88 13 93 87 18 27 112 117 123 165 199 21 47 1 156 146 151 160 34 189 106 17 108 121 176 136 66 190 174 169 82 137 194 53 8 171 5 52 42 61 102 195 49 22 200 26 179 128 44 43 184 63 155 127 71 25 92 145 56 11 122 72 91 98 107 186 2 73 126 180 147 31 164 181 16 131 57 132 48 97 111 118 166 201 39 116 62 101 86 96 68 78 157 150 175 76 185 67 83 161 
202 35 113 142 12 30 196 103 152 77 191 135 140 141 170 38 81 58 88 13 93 87 18 27 112 117 123 165 199 21 47 1 156 146 151 160 34 189 106 17 108 121 176 136 66 190 174 169 82 137 194 53 8 171 5 52 42 61 102 195 49 22 200 26 179 128 44 43 184 63 155 127 71 25 92 145 56 11 122 72 91 98 107 186 2 73 126 180 147 31 164 181 16 131 57 132 48 97 111 118 166 201 39 116 62 101 86 96 68 78 157 150 175 76 185 67 83 161 
203 35 113 142 12 30 196 103 152 77 191 135 140 141 170 38 81 58 88 13 93 87 18 27 112 117 123 165 199 21 47 1 156 146 151 160 34 189 106 17 108 121 176 136 66 190 174 169 82 137 194 53 8 171 5 52 42 61 102 195 49 22 200 26 179 128 44 43 184 63 155 127 71 25 92 145 56 11 122 72 91 98 107 186 2 73 126 180 147 31 164 181 16 131 57 132 48 97 111 118 166 201 39 116 62 101 86 96 68 78 157 150 175 76 185 67 83 161 
204 35 113 142 12 30 196 103 152 77 191 135 140 141 170 38 81 58 88 13 93 87 18 27 112 117 123 165 199 21 47 1 156 146 151 160 34 189 106 17 108 121 176 136 66 190 174 169 82 137 194 53 8 171 5 52 42 61 102 195 49 22 200 26 179 128 44 43 184 63 155 127 71 25 204 92 145 56 11 122 72 91 98 107 186 2 73 126 180 147 31 164 181 16 131 57 132 48 97 111 118 166 201 39 116 62 101 86 96 68 78 157 150 175 76 185 67 83 161 
205 35 113 142 12 30 196 103 152 77 191 135 140 141 170 38 81 58 88 13 93 87 18 27 112 117 123 165 199 21 47 1 156 146 151 160 34 189 106 17 108 121 176 136 66 190 174 169 82 137 194 53 8 171 5 52 42 61 102 195 49 22 200 26 179 128 44 43 184 63 155 127 71 25 204 92 145 56 11 122 205 72 91 98 107 186 2 73 126 180 147 31 164 181 16 131 57 132 48 97 111 118 166 201 39 116 62 101 86 96 68 78 157 150 175 76 185 67 83 161 
206 35 113 142 12 30 196 103 152 77 191 135 140 141 170 38 81 58 88 13 93 87 18 27 112 117 123 165 199 21 47 1 156 146 151 160 34 189 106 17 108 121 176 136 66 190 174 169 82 137 194 53 8 171 5 52 42 61 102 195 49 22 200 26 179 128 44 43 184 63 155 127 71 25 204 92 206 145 56 11 122 205 72 91 98 107 186 2 73 126 180 147 31 164 181 16 131 57 132 48 97 111 118 166 201 39 116 62 101 86 96 68 78 157 150 175 76 185 67 83 161 
207 35 113 142 12 30 196 103 152 77 191 135 140 141 170 38 81 58 88 13 93 87 18 27 112 117 123 165 199 21 47 1 156 146 151 160 34 189 106 17 108 121 176 136 66 190 174 169 82 137 194 53 8 171 5 52 42 61 102 195 49 22 200 26 179 128 44 43 184 63 155 127 71 25 204 92 206 145 56 11 122 205 72 91 98 107 186 2 73 126 180 147 31 164 181 16 131 57 132 48 97 111 118 166 201 39 116 62 101 86 96 68 78 157 150 175 76 185 67 83 161 
208 35 113 142 12 30 196 103 152 77 191 135 140 141 170 38 81 58 88 13 93 87 18 27 112 117 123 165 199 21 47 1 156 146 151 160 34 189 106 17 108 121 176 136 66 190 174 169 82 137 194 53 8 171 5 52 42 61 102 195 49 22 200 26 179 128 44 43 184 63 155 127 71 25 204 92 206 145 56 11 122 205 72 91 98 107 186 2 73 126 180 147 31 164 181 16 131 57 132 48 97 111 118 166 201 39 116 62 101 86 96 68 78 157 150 175 76 185 67 83 161 
209 35 113 142 12 30 196 103 152 77 191 135 140 141 170 38 81 58 88 13 93 87 18 27 112 117 123 165 199 21 47 1 156 146 151 160 34 189 106 17 108 121 176 136 66 190 174 169 82 137 194 53 8 171 5 52 42 61 102 195 49 22 200 26 179 128 44 43 184 63 155 127 71 25 204 92 206 145 56 11 122 205 72 91 98 107 186 2 73 126 180 147 31 164 181 16 131 57 132 48 97 111 118 166 201 39 116 62 101 86 96 68 78 157 150 175 76 185 67 209 83 161 
210 35 113 142 12 30 196 103 152 77 191 135 140 141 170 38 81 58 88 13 93 87 18 210 27 112 117 123 165 199 21 47 1 156 146 151 160 34 189 106 17 108 121 176 136 66 190 174 169 82 137 194 53 8 171 5 52 42 61 102 195 49 22 200 26 179 128 44 43 184 63 155 127 71 25 204 92 206 145 56 11 122 205 72 91 98 107 186 2 73 126 180 147 31 164 181 16 131 57 132 48 97 111 118 166 201 39 116 62 101 86 96 68 78 157 150 175 76 185 67 209 83 161 
211 35 113 142 12 30 196 103 152 77 191 135 140 141 170 38 81 58 88 13 93 87 18 210 27 112 117 123 165 199 21 47 1 156 146 151 160 34 189 106 17 108 121 176 136 66 190 174 169 82 137 194 53 8 171 5 52 42 61 102 195 49 22 200 26 179 128 44 43 184 63 155 127 71 25 204 92 206 145 56 11 122 205 72 91 98 107 186 2 73 126 180 147 31 164 181 16 131 57 132 48 97 111 118 166 211 201 39 116 62 101 86 96 68 78 157 150 175 76 185 67 209 83 161 
212 35 113 142 12 30 196 103 152 77 191 135 140 141 170 38 81 58 88 13 93 87 18 210 27 112 117 123 165 199 21 47 1 156 146 151 160 34 189 106 17 108 121 176 136 66 190 174 169 82 137 194 53 8 171 5 52 42 61 102 195 49 22 200 26 179 128 44 43 184 63 155 127 71 25 204 92 206 145 56 11 122 205 72 91 98 107 186 2 73 126 180 147 31 164 181 16 131 57 132 48 97 111 118 166 211 201 39 116 62 101 86 96 68 78 157 150 175 76 185 67 209 83 161 
213 35 113 142 12 30 196 103 152 77 191 135 140 141 170 38 81 58 88 13 93 87 18 210 27 112 117 123 165 199 21 47 1 156 146 151 160 34 189 106 17 108 121 176 136 66 190 174 169 82 137 194 53 8 171 5 52 42 61 102 195 49 22 200 26 179 128 44 43 184 63 155 127 71 25 204 92 206 145 56 11 122 205 72 91 98 107 186 2 73 126 180 147 31 164 181 16 131 57 132 48 97 111 118 166 211 201 39 116 62 101 86 96 68 78 157 150 175 76 185 67 209 83 161 
214 35 113 142 12 30 196 103 152 77 191 135 140 141 170 38 81 58 88 13 93 87 18 210 27 112 117 123 165 199 21 47 1 156 146 151 160 34 189 214 106 17 108 121 176 136 66 190 174 169 82 137 194 53 8 171 5 52 42 61 102 195 49 22 200 26 179 128 44 43 184 63 155 127 71 25 204 92 206 145 56 11 122 205 72 91 98 107 186 2 73 126 180 147 31 164 181 16 131 57 132 48 97 111 118 166 211 201 39 116 62 101 86 96 68 78 157 150 175 76 185 67 209 83 161 
215 35 113 142 12 30 196 103 152 77 191 135 140 141 170 215 38 81 58 88 13 93 87 18 210 27 112 117 123 165 199 21 47 1 156 146 151 160 34 189 214 106 17 108 121 176 136 66 190 174 169 82 137 194 53 8 171 5 52 42 61 102 195 49 22 200 26 179 128 44 43 184 63 155 127 71 25 204 92 206 145 56 11 122 205 72 91 98 107 186 2 73 126 180 147 31 164 181 16 131 57 132 48 97 111 118 166 211 201 39 116 62 101 86 96 68 78 157 150 175 76 185 67 209 83 161 
216 35 113 142 12 30 196 103 152 77 191 135 140 141 170 215 38 81 58 88 13 93 87 18 210 27 112 117 123 165 199 21 47 1 156 146 151 160 34 189 214 106 17 108 121 176 136 66 190 174 169 82 137 194 53 8 171 5 52 42 61 102 195 49 22 200 26 179 128 44 43 184 63 155 127 71 25 204 92 206 145 56 11 122 205 72 91 98 107 186 2 73 126 180 147 31 164 181 16 131 57 132 48 97 111 118 166 211 201 39 116 62 101 86 96 68 78 157 150 175 76 185 67 209 83 161 
217 35 113 142 12 30 196 103 152 77 191 135 140 141 170 215 38 81 58 88 13 93 87 18 210 27 112 117 123 165 199 21 47 1 156 146 151 160 34 189 214 106 17 108 121 176 136 66 190 174 169 82 137 194 53 8 171 5 52 42 61 102 195 49 22 200 26 179 128 44 43 184 63 155 127 71 25 204 92 206 145 56 11 122 205 72 91 98 107 186 2 73 126 180 147 31 164 181 16 131 57 132 48 97 111 118 166 211 201 39 116 62 101 86 96 68 78 157 150 175 76 185 67 209 83 161 
218 35 113 142 12 30 196 103 152 77 191 135 140 141 170 215 38 81 58 88 13 93 87 18 210 27 112 117 123 165 199 21 47 1 156 146 151 160 34 189 214 106 17 108 121 176 136 66 190 174 169 82 137 194 53 8 171 218 5 52 42 61 102 195 49 22 200 26 179 128 44 43 184 63 155 127 71 25 204 92 206 145 56 11 122 205 72 91 98 107 186 2 73 126 180 147 31 164 181 16 131 57 132 48 97 111 118 166 211 201 39 116 62 101 86 96 68 78 157 150 175 76 185 67 209 83 161 
219 35 113 142 12 30 196 103 152 77 191 135 140 141 170 215 38 81 58 88 13 93 87 18 210 27 112 117 123 165 199 21 47 1 156 146 151 160 34 189 214 106 17 108 121 176 136 66 190 174 169 82 137 194 53 8 171 218 5 52 42 61 102 195 49 22 200 26 179 128 44 43 184 63 155 127 71 25 204 219 92 206 145 56 11 122 205 72 91 98 107 186 2 73 126 180 147 31 164 181 16 131 57 132 48 97 111 118 166 211 201 39 116 62 101 86 96 68 78 157 150 175 76 185 67 209 83 161 
220 35 113 142 12 30 196 103 152 77 191 135 140 141 170 215 38 81 58 88 13 93 87 18 210 27 112 117 123 165 199 21 47 1 156 146 151 160 34 189 214 106 17 108 121 176 136 66 190 174 169 82 137 194 53 8 171 218 5 52 42 61 102 195 49 22 200 26 179 128 44 43 184 63 155 127 71 25 204 219 92 206 145 56 11 122 205 72 91 98 107 186 2 73 126 180 147 31 164 181 16 131 57 132 48 97 111 118 166 211 201 39 116 62 101 86 96 68 78 157 150 175 76 185 67 209 83 161 
221 35 113 142 12 30 196 103 152 77 191 135 140 141 170 215 38 81 58 88 13 93 87 18 210 27 112 117 123 165 199 21 47 1 156 146 151 160 34 189 214 106 17 108 121 176 136 66 190 174 169 82 137 194 53 8 171 218 5 52 42 61 102 195 49 22 200 26 179 128 44 43 184 63 155 127 71 25 204 219 92 206 145 56 11 122 205 72 91 98 107 186 2 73 126 180 147 31 164 181 16 131 57 132 48 97 111 118 166 211 201 39 116 62 101 86 96 68 78 157 150 175 76 185 67 209 83 161 
222 35 113 142 12 30 196 103 152 77 191 135 140 141 170 215 38 81 58 88 13 93 87 18 210 27 112 117 123 165 199 21 47 1 156 146 151 160 34 189 214 106 17 108 121 176 136 66 190 174 169 82 137 194 53 8 171 218 5 52 42 61 102 195 49 22 200 26 179 128 44 43 184 63 155 127 71 25 204 219 92 206 145 56 11 122 205 72 91 98 107 186 2 73 126 180 147 31 164 181 16 131 57 132 48 97 111 118 166 211 201 39 116 62 101 222 86 96 68 78 157 150 175 76 185 67 209 83 161 
223 35 113 142 12 30 196 103 152 77 191 135 140 141 170 215 38 81 58 88 13 93 87 18 210 27 112 117 123 165 199 21 47 1 156 146 151 160 34 189 214 106 17 108 121 176 136 66 190 174 169 82 137 194 53 8 171 218 5 52 42 61 102 195 49 22 200 26 179 128 44 43 184 63 155 127 71 25 204 219 92 206 145 56 11 122 205 72 91 98 107 186 2 73 126 180 147 31 164 181 16 131 57 132 48 97 111 118 166 211 201 39 116 62 101 223 222 86 96 68 78 157 150 175 76 185 67 209 83 161 
224 35 113 142 12 30 196 103 152 77 191 135 140 141 170 215 38 81 58 88 13 93 87 18 210 27 112 117 123 165 199 21 47 1 156 146 151 160 34 189 214 106 17 108 121 176 136 66 190 174 169 82 137 194 53 8 171 218 5 52 42 61 102 195 49 22 200 26 179 128 44 43 184 63 155 127 71 25 204 219 92 206 145 56 11 122 205 72 91 98 107 186 2 73 126 180 147 31 164 181 16 131 57 132 48 97 111 118 166 211 201 39 116 62 101 223 222 86 96 68 78 157 150 175 76 185 67 209 83 161 
225 35 113 142 12 30 196 103 152 77 191 135 140 141 170 215 38 81 58 88 13 93 87 18 210 27 112 117 123 165 199 21 47 1 156 146 151 160 34 189 214 106 17 108 121 176 136 66 190 174 169 82 137 194 53 8 171 218 5 52 42 61 102 195 49 22 200 26 179 128 44 43 184 63 155 127 71 25 204 219 92 206 145 56 11 122 205 72 91 98 107 186 2 73 126 180 147 31 164 181 16 131 57 132 48 97 111 118 166 211 201 39 116 62 101 223 222 86 96 68 78 157 150 175 76 185 67 209 83 161 
226 35 113 142 12 30 196 103 152 77 191 135 140 141 170 215 38 81 58 88 13 93 87 18 210 27 112 117 123 165 199 21 47 1 156 146 151 160 34 189 214 106 17 108 121 176 136 66 190 174 169 82 137 194 53 8 171 218 5 52 42 61 102 195 49 22 200 26 179 128 44 43 184 63 155 127 71 25 204 219 92 206 145 56 11 122 205 72 91 98 107 186 2 73 126 180 147 31 164 181 16 131 57 132 48 97 111 118 166 211 201 39 116 62 101 223 222 86 96 226 68 78 157 150 175 76 185 67 209 83 161 
227 35 113 142 12 30 196 103 152 77 191 135 140 141 170 215 38 81 58 88 13 93 87 18 210 27 112 117 123 165 199 21 47 1 156 146 151 160 34 189 214 106 17 108 121 176 136 227 66 190 174 169 82 137 194 53 8 171 218 5 52 42 61 102 195 49 22 200 26 179 128 44 43 184 63 155 127 71 25 204 219 92 206 145 56 11 122 205 72 91 98 107 186 2 73 126 180 147 31 164 181 16 131 57 132 48 97 111 118 166 211 201 39 116 62 101 223 222 86 96 226 68 78 157 150 175 76 185 67 209 83 161 
228 35 113 142 12 30 196 103 152 77 191 135 140 141 170 215 38 81 58 88 13 93 87 18 210 27 112 117 123 165 199 21 47 1 156 146 151 160 34 189 214 106 17 108 121 176 136 227 66 190 174 169 82 137 194 53 8 171 218 5 52 42 61 102 195 49 22 200 26 179 128 44 43 184 63 155 127 71 25 204 219 92 206 145 56 11 122 205 72 91 98 107 186 2 73 126 180 147 31 164 181 16 131 57 132 48 97 111 118 166 211 201 228 39 116 62 101 223 222 86 96 226 68 78 157 150 175 76 185 67 209 83 161 
229 35 113 142 12 30 196 103 152 77 191 135 140 141 170 215 38 81 58 88 13 93 87 18 210 27 112 117 123 165 199 21 47 1 156 146 151 160 34 189 214 106 17 108 121 176 136 227 66 190 174 169 82 137 194 53 8 171 218 5 52 42 61 102 195 49 22 200 26 179 128 44 43 184 63 155 127 71 25 204 219 92 206 145 56 11 122 205 72 91 98 107 186 2 73 126 180 147 31 164 181 16 131 57 132 48 97 111 118 166 211 201 228 39 116 62 101 223 222 86 96 226 68 78 157 150 175 76 185 67 209 83 161 
230 35 113 142 12 30 196 103 152 77 191 135 140 141 170 215 38 81 58 88 13 93 87 18 210 27 112 117 123 165 199 21 47 1 156 146 151 160 34 189 214 106 17 108 121 176 136 227 66 190 174 169 82 137 194 53 8 171 218 5 52 42 61 102 195 49 22 200 26 179 128 44 43 184 63 155 127 71 25 204 219 92 206 145 56 11 122 205 72 91 98 107 186 2 73 126 180 147 31 164 181 16 131 57 132 48 97 111 118 166 211 201 228 39 116 62 101 223 222 86 96 226 68 78 157 150 175 76 185 67 209 83 161 
231 35 113 142 12 30 196 103 152 77 191 135 140 141 170 215 38 81 58 88 13 93 87 18 210 27 112 117 123 165 199 21 47 1 156 146 151 160 34 189 214 106 17 108 121 176 136 227 66 190 174 169 82 137 194 53 8 171 218 5 52 42 61 102 195 49 22 200 26 179 128 44 43 184 63 155 127 71 25 204 219 92 206 145 56 11 122 205 72 91 98 107 186 2 73 126 180 147 31 164 181 16 131 57 132 48 97 111 118 166 211 201 228 39 116 62 101 223 222 86 96 226 68 78 157 150 175 76 185 67 209 83 161 
