1 1 
2 2 1 
3 2 3 1 
4 4 2 3 1 
5 5 4 2 3 1 
6 5 4 2 3 1 
7 5 4 2 3 7 1 
8 5 4 2 3 7 1 
9 5 4 2 3 7 1 
10 5 4 10 2 3 7 1 
11 5 11 4 10 2 3 7 1 
12 5 11 12 4 10 2 3 7 1 
13 5 11 12 4 10 2 3 13 7 1 
14 14 5 11 12 4 10 2 3 13 7 1 
15 14 5 11 12 4 10 2 3 13 15 7 1 
16 14 5 11 12 4 10 2 3 13 15 7 1 
17 14 5 11 12 4 10 2 3 15 17 7 1 
18 14 11 12 4 18 3 13 15 17 5 10 2 7 1 
19 14 19 11 12 4 18 3 13 15 17 5 10 2 7 1 
20 14 19 11 12 4 18 3 13 15 17 20 5 10 2 7 1 
21 14 19 11 12 4 18 3 13 15 17 20 5 21 10 2 7 1 
22 14 19 11 12 4 18 3 13 15 17 22 20 5 21 10 2 7 1 
23 14 19 11 12 4 18 23 3 13 15 17 22 20 5 21 10 2 7 1 
24 14 19 11 12 4 18 23 3 13 15 17 22 20 5 21 24 10 2 7 1 
25 14 19 11 12 4 18 23 3 13 15 17 22 20 5 21 24 10 2 7 1 
26 14 19 11 12 4 18 23 3 13 15 17 22 20 5 21 24 10 2 7 1 
