1 1 
2 1 2 
3 1 2 
4 1 2 
5 1 5 2 
6 1 5 2 
7 1 5 2 
8 1 5 2 8 
9 9 1 5 2 8 
10 9 10 1 5 2 8 
11 9 10 1 5 2 8 
12 9 10 1 5 2 8 
13 9 10 1 5 2 8 13 
14 9 10 14 1 5 2 8 13 
15 9 10 14 1 5 2 8 15 13 
16 9 10 14 1 5 2 8 15 13 
17 9 10 14 1 5 2 8 15 13 
18 9 10 14 1 5 18 2 8 15 13 
19 9 10 14 19 1 5 18 2 8 15 13 
20 9 10 14 19 1 5 18 2 8 15 20 13 
21 9 10 14 19 1 5 18 2 8 15 20 13 
22 9 10 14 19 1 5 18 2 8 15 20 13 
23 10 14 5 8 9 23 19 1 18 2 15 20 13 
24 10 14 5 8 24 9 23 19 1 18 2 15 20 13 
25 10 14 25 5 8 24 9 23 19 1 18 2 15 20 13 
26 10 14 25 5 8 24 9 23 19 1 18 2 15 20 13 
27 10 14 25 5 8 24 9 23 19 1 18 2 15 20 13 
28 10 14 25 5 8 24 9 23 19 1 18 2 28 15 20 13 
29 10 14 25 5 8 24 9 29 23 19 1 18 2 28 15 20 13 
30 10 14 25 5 8 24 9 29 23 19 1 18 2 28 15 20 13 
31 10 14 25 5 8 24 9 29 23 19 1 18 2 28 15 20 13 
32 10 14 25 5 8 24 9 29 23 19 32 1 18 2 28 15 20 13 
33 10 14 25 5 8 24 9 29 33 23 19 32 1 18 2 28 15 20 13 
34 10 14 25 5 8 34 24 9 29 33 23 19 32 1 18 2 28 15 20 13 
35 10 14 25 5 8 34 24 9 29 33 23 19 32 1 18 2 28 15 20 13 
36 10 14 25 5 8 34 24 9 29 33 23 19 32 1 18 2 28 15 20 13 
37 10 14 25 5 8 34 24 9 29 33 23 19 32 37 1 18 2 28 15 20 13 
38 10 14 25 5 8 34 24 9 29 33 23 19 32 37 1 38 18 2 28 15 20 13 
39 10 14 25 5 8 34 24 9 29 33 23 19 32 37 1 38 18 2 28 39 15 20 13 
40 10 14 25 5 8 34 24 9 29 33 23 19 32 37 1 38 18 2 28 39 15 20 13 
41 10 14 25 5 8 34 24 9 29 33 23 19 32 37 1 38 18 2 28 39 15 20 13 
42 10 42 14 25 5 8 34 24 9 29 33 23 19 32 37 1 38 18 2 28 39 15 20 13 
43 43 10 5 8 34 24 29 32 18 2 28 39 42 14 25 9 33 23 19 37 1 38 15 20 13 
44 43 10 5 8 34 24 29 32 18 2 28 39 42 14 25 9 33 23 19 37 1 38 44 15 20 13 
45 43 10 5 8 34 24 29 32 18 2 28 39 42 14 25 9 33 23 19 37 1 38 44 15 20 13 
46 43 10 5 8 34 24 29 32 18 2 28 39 42 14 25 9 33 23 19 37 1 38 44 15 20 13 
47 43 10 5 8 34 24 29 32 18 2 28 39 42 14 25 47 9 33 23 19 37 1 38 44 15 20 13 
48 43 10 5 8 34 24 29 32 18 2 28 39 48 42 14 25 47 9 33 23 19 37 1 38 44 15 20 13 
49 43 10 5 8 34 24 29 32 18 2 28 39 48 42 14 25 47 9 33 49 23 19 37 1 38 44 15 20 13 
50 43 10 5 8 34 24 29 32 18 2 28 39 48 42 14 25 47 9 33 49 23 19 37 1 38 44 15 20 13 
51 43 10 5 8 34 24 29 32 18 2 28 39 48 42 14 25 47 9 33 49 23 19 37 1 38 44 15 20 13 
52 43 10 5 8 34 24 29 32 18 2 28 39 52 48 42 14 25 47 9 33 49 23 19 37 1 38 44 15 20 13 
53 43 10 5 8 34 24 29 32 18 2 28 39 52 48 42 53 14 25 47 9 33 49 23 19 37 1 38 44 15 20 13 
54 43 10 5 8 34 24 29 32 18 2 28 39 52 48 42 53 14 54 25 47 9 33 49 23 19 37 1 38 44 15 20 13 
55 43 10 5 8 34 24 29 32 18 2 28 39 52 48 42 53 14 54 25 47 9 33 49 23 19 37 1 38 44 15 20 13 
56 43 10 5 8 34 24 29 32 18 2 28 39 52 48 42 53 14 54 25 47 9 33 49 23 19 37 1 38 44 15 20 13 
57 43 10 5 8 34 24 29 32 18 2 28 39 52 48 42 53 14 54 25 47 9 33 49 23 57 19 37 1 38 44 15 20 13 
58 43 10 5 8 34 24 29 32 18 2 28 39 52 48 58 42 53 14 54 25 47 9 33 49 23 57 19 37 1 38 44 15 20 13 
59 43 10 5 8 34 24 29 32 18 2 28 39 52 48 58 42 53 14 54 25 47 9 33 49 23 57 19 37 1 38 44 15 20 13 
60 43 10 5 8 34 24 29 32 18 2 28 39 52 48 58 42 53 14 54 25 47 9 33 49 23 57 19 37 1 38 44 15 20 13 
61 43 10 61 5 8 34 24 29 32 18 2 28 39 52 48 58 42 53 14 54 25 47 9 33 49 23 57 19 37 1 38 44 15 20 13 
62 43 10 61 5 8 34 24 29 32 18 2 28 39 52 48 58 42 53 14 54 25 47 9 33 49 23 57 19 37 1 62 38 44 15 20 13 
63 43 10 61 5 8 34 24 29 32 18 2 28 39 52 48 58 42 53 14 54 25 47 9 33 49 23 57 19 37 1 62 38 44 15 20 13 
64 43 10 61 5 8 34 24 29 32 18 2 28 39 52 48 58 42 53 14 54 25 47 9 33 49 23 57 19 37 1 62 38 44 15 20 13 
65 43 65 10 61 5 8 34 24 29 32 18 2 28 39 52 48 58 42 53 14 54 25 47 9 33 49 23 57 19 37 1 62 38 44 15 20 13 
66 43 65 10 61 5 8 34 24 29 32 18 2 28 39 52 48 58 42 53 14 54 25 47 9 33 49 23 57 19 37 1 62 38 44 66 15 20 13 
67 43 65 10 61 5 8 34 24 29 32 18 2 28 39 52 48 58 42 53 14 54 25 47 9 33 49 23 57 19 37 1 62 38 44 66 15 20 13 
68 43 65 10 61 5 8 34 24 29 32 18 2 28 39 52 48 58 42 53 14 54 25 47 9 33 49 23 57 19 37 1 62 38 44 66 15 20 13 
69 43 65 10 61 5 8 34 24 29 32 18 2 28 39 52 48 58 69 42 53 14 54 25 47 9 33 49 23 57 19 37 1 62 38 44 66 15 20 13 
70 43 65 70 10 61 5 8 34 24 29 32 18 2 28 39 52 48 58 69 42 53 14 54 25 47 9 33 49 23 57 19 37 1 62 38 44 66 15 20 13 
71 43 65 70 10 61 5 8 34 24 29 32 18 2 28 39 52 48 58 69 42 53 14 54 25 47 9 33 49 23 57 19 37 1 62 38 44 66 15 20 13 
72 43 65 70 10 61 5 8 34 24 29 32 18 2 28 39 52 48 58 69 42 53 14 54 25 47 9 33 49 23 57 19 37 1 62 38 44 66 15 20 13 
73 43 65 70 10 73 61 5 8 34 24 29 32 18 2 28 39 52 48 58 69 42 53 14 54 25 47 9 33 49 23 57 19 37 1 62 38 44 66 15 20 13 
74 43 65 70 10 73 61 5 8 34 24 29 32 18 2 28 39 52 48 58 69 42 53 14 54 25 74 47 9 33 49 23 57 19 37 1 62 38 44 66 15 20 13 
75 43 65 70 10 73 61 5 8 34 24 29 32 18 2 28 39 52 48 58 69 42 53 14 54 25 74 47 9 33 49 23 57 19 37 1 62 38 44 66 15 20 13 
76 43 65 70 10 73 61 5 8 34 24 29 32 18 2 28 39 52 48 58 69 42 53 14 54 25 74 47 9 33 49 23 57 19 37 1 62 38 44 66 15 20 13 
77 43 65 70 10 77 73 61 5 8 34 24 29 32 18 2 28 39 52 48 58 69 42 53 14 54 25 74 47 9 33 49 23 57 19 37 1 62 38 44 66 15 20 13 
78 43 65 70 78 10 77 73 61 5 8 34 24 29 32 18 2 28 39 52 48 58 69 42 53 14 54 25 74 47 9 33 49 23 57 19 37 1 62 38 44 66 15 20 13 
79 43 65 70 78 10 77 73 79 61 5 8 34 24 29 32 18 2 28 39 52 48 58 69 42 53 14 54 25 74 47 9 33 49 23 57 19 37 1 62 38 44 66 15 20 13 
80 43 65 70 78 10 77 73 79 61 5 8 34 24 29 32 18 2 28 39 52 48 58 69 42 53 14 54 25 74 47 9 33 49 23 57 19 37 1 62 38 44 66 15 20 13 
81 43 65 70 78 10 77 73 79 61 5 8 34 24 29 32 18 2 28 39 52 48 58 69 42 53 14 54 25 74 47 9 33 49 23 57 19 37 1 62 38 44 66 15 20 13 
82 43 65 70 78 10 77 73 79 61 5 8 34 24 29 82 32 18 2 28 39 52 48 58 69 42 53 14 54 25 74 47 9 33 49 23 57 19 37 1 62 38 44 66 15 20 13 
83 43 65 70 78 10 77 73 79 61 5 8 34 24 29 82 32 18 2 28 39 52 48 58 69 42 53 83 14 54 25 74 47 9 33 49 23 57 19 37 1 62 38 44 66 15 20 13 
84 43 65 70 78 10 77 73 79 61 5 8 34 24 29 82 32 18 2 28 39 52 48 58 69 42 53 83 84 14 54 25 74 47 9 33 49 23 57 19 37 1 62 38 44 66 15 20 13 
85 43 65 70 78 10 77 73 79 61 5 8 34 24 29 82 32 18 2 28 39 52 48 58 69 42 53 83 84 14 54 25 74 47 9 33 49 23 57 19 37 1 62 38 44 66 15 20 13 
86 43 65 70 78 10 77 73 79 61 5 8 34 24 29 82 32 18 2 28 39 52 48 58 69 42 53 83 84 14 54 25 74 47 9 33 49 23 57 19 37 1 62 38 44 66 15 20 13 
87 43 65 73 61 34 32 28 39 52 48 58 42 53 84 14 25 47 9 33 49 57 37 1 62 44 66 15 20 13 70 78 10 77 79 5 8 24 29 82 18 2 69 83 54 87 74 23 19 38 
88 43 88 65 73 61 34 32 28 39 52 48 58 42 53 84 14 25 47 9 33 49 57 37 1 62 44 66 15 20 13 70 78 10 77 79 5 8 24 29 82 18 2 69 83 54 87 74 23 19 38 
89 43 88 65 73 61 34 32 28 39 52 48 58 42 53 84 14 25 47 9 33 49 57 37 1 62 44 66 15 20 13 70 78 10 77 79 5 8 24 29 82 18 2 69 83 54 87 74 23 19 38 
90 43 88 65 73 61 34 32 28 39 52 48 58 42 53 84 14 25 47 9 33 49 57 37 1 62 44 66 15 20 13 70 78 10 77 79 5 8 24 29 82 18 2 69 83 54 87 74 23 19 38 
91 43 88 65 73 61 34 32 28 39 52 48 58 42 53 84 14 91 25 47 9 33 49 57 37 1 62 44 66 15 20 13 70 78 10 77 79 5 8 24 29 82 18 2 69 83 54 87 74 23 19 38 
92 43 88 65 73 61 92 34 32 28 39 52 48 58 42 53 84 14 91 25 47 9 33 49 57 37 1 62 44 66 15 20 13 70 78 10 77 79 5 8 24 29 82 18 2 69 83 54 87 74 23 19 38 
93 43 88 65 73 93 61 92 34 32 28 39 52 48 58 42 53 84 14 91 25 47 9 33 49 57 37 1 62 44 66 15 20 13 70 78 10 77 79 5 8 24 29 82 18 2 69 83 54 87 74 23 19 38 
94 43 88 65 73 93 61 92 34 32 28 39 52 48 58 42 53 84 14 91 25 47 9 33 49 57 37 1 62 44 66 15 20 13 70 78 10 77 79 5 8 24 29 82 18 2 69 83 54 87 74 23 19 38 
95 43 88 65 73 93 61 92 34 32 28 39 52 48 58 42 53 84 14 91 25 47 9 33 49 57 37 1 62 44 66 15 20 13 70 78 10 77 79 5 8 24 29 82 18 2 69 83 54 87 74 23 19 38 
96 43 88 65 73 93 61 92 34 32 28 39 52 48 58 42 53 84 14 91 25 96 47 9 33 49 57 37 1 62 44 66 15 20 13 70 78 10 77 79 5 8 24 29 82 18 2 69 83 54 87 74 23 19 38 
97 43 88 65 73 93 61 92 34 32 28 39 52 48 58 42 53 84 14 91 25 96 47 9 33 49 57 37 1 62 44 66 15 20 13 70 78 10 77 79 5 8 24 29 82 97 18 2 69 83 54 87 74 23 19 38 
98 43 88 65 73 93 61 92 34 32 28 39 52 48 58 42 53 84 14 91 25 96 47 9 33 49 57 37 1 62 44 66 15 20 13 70 78 10 77 79 5 8 24 29 82 97 98 18 2 69 83 54 87 74 23 19 38 
99 43 88 65 73 93 61 92 34 32 28 39 52 48 58 42 53 84 14 91 25 96 47 9 33 49 57 37 1 62 44 66 15 20 13 70 78 10 77 79 5 8 24 29 82 97 98 18 2 69 83 54 87 74 23 19 38 
100 43 88 65 73 93 61 92 34 32 28 39 52 48 58 42 53 84 14 91 25 96 47 9 33 49 57 37 1 62 44 66 15 20 13 70 78 10 77 79 5 8 24 29 82 97 98 18 2 69 83 54 87 74 23 19 38 
101 43 88 65 73 93 61 92 34 32 101 28 39 52 48 58 42 53 84 14 91 25 96 47 9 33 49 57 37 1 62 44 66 15 20 13 70 78 10 77 79 5 8 24 29 82 97 98 18 2 69 83 54 87 74 23 19 38 
102 43 88 65 73 93 61 92 34 32 101 28 39 52 48 58 42 53 84 14 91 25 96 47 9 33 49 57 37 1 62 44 66 15 20 13 70 78 10 77 79 5 8 24 29 102 82 97 98 18 2 69 83 54 87 74 23 19 38 
103 43 88 65 73 93 61 92 34 32 101 28 39 52 48 58 42 53 84 14 91 25 96 47 103 9 33 49 57 37 1 62 44 66 15 20 13 70 78 10 77 79 5 8 24 29 102 82 97 98 18 2 69 83 54 87 74 23 19 38 
104 43 88 65 73 93 61 92 34 32 101 28 39 52 48 58 42 53 84 14 91 25 96 47 103 9 33 49 57 37 1 62 44 66 15 20 13 70 78 10 77 79 5 8 24 29 102 82 97 98 18 2 69 83 54 87 74 23 19 38 
105 43 88 65 73 93 61 92 34 32 101 28 39 52 48 58 42 53 84 14 91 25 96 47 103 9 33 49 57 37 1 62 44 66 15 20 13 70 78 10 77 79 5 8 24 29 102 82 97 98 18 2 69 83 54 87 74 23 19 38 
106 43 88 65 73 93 61 92 34 32 101 28 39 52 48 58 42 53 84 14 91 25 96 47 103 9 33 49 106 57 37 1 62 44 66 15 20 13 70 78 10 77 79 5 8 24 29 102 82 97 98 18 2 69 83 54 87 74 23 19 38 
107 43 88 65 73 93 61 92 34 32 101 28 39 52 48 58 42 53 84 14 91 25 96 47 103 9 33 49 106 57 37 1 62 44 66 15 20 13 70 78 10 77 79 5 8 24 29 102 82 97 98 107 18 2 69 83 54 87 74 23 19 38 
108 43 88 65 73 93 61 92 34 32 101 28 39 52 48 58 42 53 84 14 91 25 96 47 103 9 33 49 106 57 37 1 62 44 66 15 20 13 70 78 10 77 79 5 8 24 29 102 82 97 98 107 18 2 69 83 54 87 74 23 19 38 
109 43 88 65 73 93 61 92 34 32 101 28 39 52 48 58 42 53 84 14 91 25 96 47 103 9 33 49 106 57 37 1 62 44 66 15 20 13 70 78 10 77 79 5 8 24 29 102 82 97 98 107 18 2 69 83 54 87 74 23 19 38 
110 43 88 65 73 93 61 92 34 32 101 28 39 52 48 58 42 53 84 14 91 25 96 47 103 9 33 49 106 57 37 1 62 44 66 15 20 13 70 78 10 77 79 5 8 110 24 29 102 82 97 98 107 18 2 69 83 54 87 74 23 19 38 
111 43 88 65 111 73 93 61 92 34 32 101 28 39 52 48 58 42 53 84 14 91 25 96 47 103 9 33 49 106 57 37 1 62 44 66 15 20 13 70 78 10 77 79 5 8 110 24 29 102 82 97 98 107 18 2 69 83 54 87 74 23 19 38 
112 43 88 65 111 73 93 61 92 34 32 101 28 39 52 48 58 42 53 84 14 91 25 96 47 103 9 33 49 106 57 37 1 62 44 66 15 20 13 70 78 10 77 79 5 8 110 24 29 102 82 97 98 107 18 2 69 83 54 87 74 23 19 112 38 
113 43 88 65 111 73 93 61 92 34 32 101 28 39 52 48 58 42 53 84 14 91 25 96 47 103 9 33 49 106 57 37 1 62 44 66 15 20 13 70 78 10 77 79 5 8 110 24 29 102 82 97 98 107 18 2 69 83 54 87 74 23 19 112 38 
114 43 88 65 111 73 93 61 92 34 32 101 28 39 52 48 58 42 53 84 14 91 25 96 47 103 9 33 49 106 57 37 1 62 44 66 15 20 13 70 78 10 77 79 5 8 110 24 29 102 82 97 98 107 18 2 69 83 54 87 74 23 19 112 38 
115 43 88 65 111 73 93 61 92 34 32 101 28 39 52 48 58 42 53 84 14 91 25 96 115 47 103 9 33 49 106 57 37 1 62 44 66 15 20 13 70 78 10 77 79 5 8 110 24 29 102 82 97 98 107 18 2 69 83 54 87 74 23 19 112 38 
116 43 88 65 116 111 73 93 61 92 34 32 101 28 39 52 48 58 42 53 84 14 91 25 96 115 47 103 9 33 49 106 57 37 1 62 44 66 15 20 13 70 78 10 77 79 5 8 110 24 29 102 82 97 98 107 18 2 69 83 54 87 74 23 19 112 38 
117 43 88 65 116 111 73 93 61 92 34 32 101 28 39 52 48 58 42 53 84 14 91 25 96 115 47 103 9 33 49 106 57 37 1 62 44 66 15 20 13 70 78 10 77 79 5 8 110 24 117 29 102 82 97 98 107 18 2 69 83 54 87 74 23 19 112 38 
118 43 88 65 116 111 73 93 61 92 34 32 101 28 39 52 48 58 42 53 84 14 91 25 96 115 47 103 9 33 49 106 57 37 1 62 44 66 15 20 13 70 78 10 77 79 5 8 110 24 117 29 102 82 97 98 107 18 2 69 83 54 87 74 23 19 112 38 
119 43 88 65 116 111 73 93 61 92 34 32 101 28 39 52 48 58 42 53 84 14 91 25 96 115 47 103 9 33 49 106 57 37 1 62 44 66 15 20 13 70 78 10 77 79 5 8 110 24 117 29 102 82 97 98 107 18 2 69 83 54 87 74 23 19 112 38 
120 43 88 65 116 111 73 93 61 92 34 32 101 28 39 52 48 58 42 53 84 14 91 25 96 115 47 103 9 33 49 106 57 37 1 62 120 44 66 15 20 13 70 78 10 77 79 5 8 110 24 117 29 102 82 97 98 107 18 2 69 83 54 87 74 23 19 112 38 
121 43 88 65 116 111 73 93 61 92 34 32 101 28 39 52 48 58 42 53 84 14 91 25 96 115 47 103 9 33 49 106 57 37 1 62 120 44 66 15 20 121 13 70 78 10 77 79 5 8 110 24 117 29 102 82 97 98 107 18 2 69 83 54 87 74 23 19 112 38 
122 43 88 65 116 111 73 93 61 92 34 32 101 28 39 52 48 58 42 53 84 14 91 25 96 115 47 103 9 33 49 106 57 37 122 1 62 120 44 66 15 20 121 13 70 78 10 77 79 5 8 110 24 117 29 102 82 97 98 107 18 2 69 83 54 87 74 23 19 112 38 
123 43 88 65 116 111 73 93 61 92 34 32 101 28 39 52 48 58 42 53 84 14 91 25 96 115 47 103 9 33 49 106 57 37 122 1 62 120 44 66 15 20 121 13 70 78 10 77 79 5 8 110 24 117 29 102 82 97 98 107 18 2 69 83 54 87 74 23 19 112 38 
124 43 88 65 116 111 73 93 61 92 34 32 101 28 39 52 48 58 42 53 84 14 91 25 96 115 47 103 9 33 49 106 57 37 122 1 62 120 44 66 15 20 121 13 70 78 10 77 79 5 8 110 24 117 29 102 82 97 98 107 18 2 69 83 54 87 74 23 19 112 38 
125 43 88 65 116 111 73 93 61 92 34 32 101 28 39 52 48 58 42 53 84 125 14 91 25 96 115 47 103 9 33 49 106 57 37 122 1 62 120 44 66 15 20 121 13 70 78 10 77 79 5 8 110 24 117 29 102 82 97 98 107 18 2 69 83 54 87 74 23 19 112 38 
126 43 88 65 116 111 73 93 61 92 34 32 101 28 39 52 48 58 42 53 84 125 14 91 25 96 115 47 103 9 33 49 106 57 37 122 1 62 120 44 66 15 20 121 13 70 78 10 77 79 5 8 110 24 117 29 102 82 97 98 107 18 2 69 83 54 87 126 74 23 19 112 38 
127 43 88 65 116 111 73 93 61 92 34 32 101 28 39 52 48 58 42 53 84 125 14 91 25 96 115 47 103 9 33 49 106 57 37 122 1 62 120 44 66 15 20 121 13 70 78 10 77 79 5 8 110 24 117 29 102 82 97 98 107 18 2 69 83 54 87 126 74 23 19 112 38 
128 43 88 65 116 111 73 93 61 92 34 32 101 28 39 52 48 58 42 53 84 125 14 91 25 96 115 47 103 9 33 49 106 57 37 122 1 62 120 44 66 15 20 121 13 70 78 10 77 79 5 8 110 24 117 29 102 82 97 98 107 18 2 69 83 54 87 126 74 23 19 112 38 
129 43 88 65 116 111 73 93 61 92 34 32 101 28 39 52 48 58 42 53 84 125 14 91 25 129 96 115 47 103 9 33 49 106 57 37 122 1 62 120 44 66 15 20 121 13 70 78 10 77 79 5 8 110 24 117 29 102 82 97 98 107 18 2 69 83 54 87 126 74 23 19 112 38 
130 43 88 65 116 111 73 93 61 92 34 32 101 28 39 52 48 58 42 53 84 125 14 91 25 129 96 115 47 103 9 33 49 106 57 37 122 1 62 120 130 44 66 15 20 121 13 70 78 10 77 79 5 8 110 24 117 29 102 82 97 98 107 18 2 69 83 54 87 126 74 23 19 112 38 
131 43 88 65 116 111 73 93 61 92 34 32 101 28 39 52 48 58 42 53 84 125 14 91 25 129 96 115 47 103 9 33 49 106 57 37 122 1 62 120 130 44 66 15 20 121 13 70 78 131 10 77 79 5 8 110 24 117 29 102 82 97 98 107 18 2 69 83 54 87 126 74 23 19 112 38 
132 43 88 65 116 111 73 93 61 92 34 32 101 28 39 52 48 58 42 53 84 125 14 91 25 129 96 115 47 103 9 33 49 106 57 37 122 1 62 120 130 44 66 15 20 121 13 70 78 131 10 77 79 5 8 110 24 117 29 102 82 97 98 107 18 2 69 83 54 87 126 74 23 19 112 38 
133 43 88 65 116 111 73 93 61 92 34 32 101 28 39 52 48 58 42 53 84 125 14 91 25 129 96 115 47 103 9 33 49 106 57 37 122 1 62 120 130 44 66 15 20 121 13 70 78 131 10 77 79 5 8 110 24 117 29 102 82 97 98 107 18 2 69 83 54 87 126 74 23 19 112 38 
134 43 88 65 116 111 73 93 61 92 34 32 101 28 39 52 48 58 42 53 84 125 14 91 25 129 96 115 47 103 9 33 49 106 57 37 122 1 62 120 130 44 66 15 20 121 13 70 78 131 10 77 79 5 8 110 24 117 29 102 82 97 98 107 18 2 69 83 54 87 126 74 23 134 19 112 38 
135 43 88 65 116 111 73 93 61 135 92 34 32 101 28 39 52 48 58 42 53 84 125 14 91 25 129 96 115 47 103 9 33 49 106 57 37 122 1 62 120 130 44 66 15 20 121 13 70 78 131 10 77 79 5 8 110 24 117 29 102 82 97 98 107 18 2 69 83 54 87 126 74 23 134 19 112 38 
136 43 88 65 116 111 73 93 61 135 92 34 32 101 28 39 52 48 58 42 53 84 125 14 91 25 129 96 115 47 103 9 33 49 106 57 37 122 1 62 120 130 44 66 15 20 121 13 70 78 131 10 77 79 5 8 110 24 117 136 29 102 82 97 98 107 18 2 69 83 54 87 126 74 23 134 19 112 38 
137 43 88 65 116 111 73 93 61 135 92 34 32 101 28 39 52 48 58 42 53 84 125 14 91 25 129 96 115 47 103 9 33 49 106 57 37 122 1 62 120 130 44 66 15 20 121 13 70 78 131 10 77 79 5 8 110 24 117 136 29 102 82 97 98 107 18 2 69 83 54 87 126 74 23 134 19 112 38 
138 43 88 65 116 111 73 93 61 135 92 34 32 101 28 39 52 48 58 42 53 84 125 14 91 25 129 96 115 47 103 9 33 49 106 57 37 122 1 62 120 130 44 66 15 20 121 13 70 78 131 10 77 79 5 8 110 24 117 136 29 102 82 97 98 107 18 2 69 83 54 87 126 74 23 134 19 112 38 
139 43 88 65 116 111 73 93 61 135 92 34 32 101 28 39 52 48 58 42 53 84 125 14 91 25 129 96 115 47 103 9 33 49 106 57 37 122 1 62 120 130 44 66 15 20 121 13 70 78 131 10 77 79 5 8 110 24 117 136 29 102 82 97 98 107 18 2 69 83 139 54 87 126 74 23 134 19 112 38 
140 43 88 65 116 111 73 93 61 135 92 34 32 101 28 39 52 140 48 58 42 53 84 125 14 91 25 129 96 115 47 103 9 33 49 106 57 37 122 1 62 120 130 44 66 15 20 121 13 70 78 131 10 77 79 5 8 110 24 117 136 29 102 82 97 98 107 18 2 69 83 139 54 87 126 74 23 134 19 112 38 
141 43 88 65 116 111 73 93 61 135 92 141 34 32 101 28 39 52 140 48 58 42 53 84 125 14 91 25 129 96 115 47 103 9 33 49 106 57 37 122 1 62 120 130 44 66 15 20 121 13 70 78 131 10 77 79 5 8 110 24 117 136 29 102 82 97 98 107 18 2 69 83 139 54 87 126 74 23 134 19 112 38 
142 43 88 65 116 111 73 93 61 135 92 141 34 32 101 28 39 52 140 48 58 42 53 84 125 14 91 25 129 96 115 47 103 9 33 49 106 57 37 122 1 62 120 130 44 66 15 20 121 13 70 78 131 10 77 79 5 8 110 24 117 136 29 102 82 97 98 107 18 2 69 83 139 54 87 126 74 23 134 19 112 38 
143 43 88 65 116 111 73 93 61 135 92 141 34 32 101 28 39 52 140 48 58 42 53 84 125 14 91 25 129 96 115 47 103 9 33 49 106 57 37 122 1 62 120 130 44 66 15 20 121 13 70 78 131 10 77 79 5 8 110 24 117 136 29 102 82 97 98 107 18 2 69 83 139 54 87 126 74 23 134 19 112 38 
144 43 88 65 116 111 73 93 61 135 92 141 34 144 32 101 28 39 52 140 48 58 42 53 84 125 14 91 25 129 96 115 47 103 9 33 49 106 57 37 122 1 62 120 130 44 66 15 20 121 13 70 78 131 10 77 79 5 8 110 24 117 136 29 102 82 97 98 107 18 2 69 83 139 54 87 126 74 23 134 19 112 38 
145 43 88 65 116 111 73 93 61 135 92 141 34 144 32 101 28 39 52 140 48 58 42 53 84 125 14 91 25 129 96 115 47 103 9 33 49 106 57 37 122 1 62 120 130 44 66 15 20 121 13 70 78 131 10 77 79 5 8 110 24 117 136 29 102 82 97 98 107 18 2 69 83 139 54 87 126 74 145 23 134 19 112 38 
146 43 88 65 116 111 73 93 61 135 92 141 34 146 144 32 101 28 39 52 140 48 58 42 53 84 125 14 91 25 129 96 115 47 103 9 33 49 106 57 37 122 1 62 120 130 44 66 15 20 121 13 70 78 131 10 77 79 5 8 110 24 117 136 29 102 82 97 98 107 18 2 69 83 139 54 87 126 74 145 23 134 19 112 38 
147 43 88 65 116 111 73 93 61 135 92 141 34 146 144 32 101 28 39 52 140 48 58 42 53 84 125 14 91 25 129 96 115 47 103 9 33 49 106 57 37 122 1 62 120 130 44 66 15 20 121 13 70 78 131 10 77 79 5 8 110 24 117 136 29 102 82 97 98 107 18 2 69 83 139 54 87 126 74 145 23 134 19 112 38 
148 43 88 65 116 111 73 93 61 135 92 141 34 146 144 32 101 28 39 52 140 48 58 42 53 84 125 14 91 25 129 96 115 47 103 9 33 49 106 57 37 122 1 62 120 130 44 66 15 20 121 13 70 78 131 10 77 79 5 8 110 24 117 136 29 102 82 97 98 107 18 2 69 83 139 54 87 126 74 145 23 134 19 112 38 
149 43 88 65 116 111 73 93 61 135 92 141 34 146 144 32 101 28 39 52 140 48 58 42 53 84 125 14 91 25 129 96 115 47 103 9 33 49 106 57 37 122 1 62 120 130 44 66 15 20 121 13 70 78 131 10 77 79 5 8 110 24 117 136 29 102 82 97 98 107 18 2 69 83 139 54 87 149 126 74 145 23 134 19 112 38 
150 43 88 65 116 111 73 93 61 135 92 141 34 146 144 32 101 28 39 52 140 48 58 42 53 84 125 14 91 25 129 96 115 47 103 9 33 49 106 57 37 122 1 62 120 130 44 66 15 20 121 13 70 78 131 10 77 79 5 8 110 24 117 136 29 102 82 97 98 107 18 2 69 83 139 150 54 87 149 126 74 145 23 134 19 112 38 
151 43 88 65 116 111 73 93 61 135 92 141 34 146 144 32 101 28 39 52 140 48 58 42 53 84 125 14 91 25 129 96 115 47 103 9 33 49 106 57 37 122 1 62 120 130 44 66 151 15 20 121 13 70 78 131 10 77 79 5 8 110 24 117 136 29 102 82 97 98 107 18 2 69 83 139 150 54 87 149 126 74 145 23 134 19 112 38 
152 43 88 65 116 111 73 93 61 135 92 141 34 146 144 32 101 28 39 52 140 48 58 42 53 84 125 14 91 25 129 96 115 47 103 9 33 49 106 57 37 122 1 62 120 130 44 66 151 15 20 121 13 70 78 131 10 77 79 5 8 110 24 117 136 29 102 82 97 98 107 18 2 69 83 139 150 54 87 149 126 74 145 23 134 19 112 38 
153 43 88 65 116 111 73 93 61 135 92 141 34 146 144 32 101 28 39 52 140 48 58 42 53 84 125 14 91 25 129 96 115 47 103 9 33 49 106 57 37 122 1 62 120 130 44 66 151 15 20 121 13 70 78 131 10 77 79 5 8 110 24 117 136 29 102 82 97 98 107 18 2 69 83 139 150 54 87 149 126 74 145 23 134 19 112 38 
154 43 88 65 116 111 73 93 61 135 92 141 34 146 144 32 101 28 39 52 140 48 58 42 53 84 125 14 91 25 129 96 115 47 103 9 33 49 106 57 37 122 1 62 120 130 44 66 151 15 20 121 13 154 70 78 131 10 77 79 5 8 110 24 117 136 29 102 82 97 98 107 18 2 69 83 139 150 54 87 149 126 74 145 23 134 19 112 38 
155 43 88 65 116 111 73 93 61 135 92 141 34 146 144 32 101 28 39 52 140 48 58 42 53 84 125 14 91 25 129 96 115 47 103 9 33 49 106 57 37 122 1 62 120 130 44 66 151 15 20 121 13 154 70 78 131 155 10 77 79 5 8 110 24 117 136 29 102 82 97 98 107 18 2 69 83 139 150 54 87 149 126 74 145 23 134 19 112 38 
156 43 88 65 116 111 73 93 61 135 92 141 34 146 144 32 101 28 39 52 140 156 48 58 42 53 84 125 14 91 25 129 96 115 47 103 9 33 49 106 57 37 122 1 62 120 130 44 66 151 15 20 121 13 154 70 78 131 155 10 77 79 5 8 110 24 117 136 29 102 82 97 98 107 18 2 69 83 139 150 54 87 149 126 74 145 23 134 19 112 38 
157 43 88 65 116 111 73 93 61 135 92 141 34 146 144 32 101 28 39 52 140 156 48 58 42 53 84 125 14 91 25 129 96 115 47 103 9 33 49 106 57 37 122 1 62 120 130 44 66 151 15 20 121 13 154 70 78 131 155 10 77 79 5 8 110 24 117 136 29 102 82 97 98 107 18 2 69 83 139 150 54 87 149 126 74 145 23 134 19 112 38 
158 43 88 65 116 111 73 93 61 135 92 141 34 146 144 32 101 28 39 52 140 156 48 58 42 53 84 125 14 91 25 129 96 115 47 103 9 33 49 106 57 37 122 1 62 120 130 44 66 151 15 20 121 13 154 70 78 131 155 10 77 79 5 8 110 24 117 136 29 102 82 97 98 107 18 2 69 83 139 150 54 87 149 126 74 145 23 134 19 112 38 
159 43 88 65 116 111 73 93 61 135 92 141 34 146 144 32 101 28 39 52 140 156 48 58 42 53 84 125 14 91 25 129 96 115 47 103 9 33 49 106 57 37 122 1 62 120 130 44 66 151 15 20 121 13 154 70 78 131 155 10 77 79 5 8 110 24 117 136 29 102 82 97 98 107 18 2 69 83 139 150 54 87 149 159 126 74 145 23 134 19 112 38 
160 43 88 65 116 111 73 93 61 135 92 141 34 146 144 32 101 28 39 52 140 156 48 58 42 53 84 125 160 14 91 25 129 96 115 47 103 9 33 49 106 57 37 122 1 62 120 130 44 66 151 15 20 121 13 154 70 78 131 155 10 77 79 5 8 110 24 117 136 29 102 82 97 98 107 18 2 69 83 139 150 54 87 149 159 126 74 145 23 134 19 112 38 
161 43 88 65 116 111 73 93 61 135 92 141 34 146 144 32 101 28 39 52 140 156 48 58 42 53 84 125 160 14 91 25 129 96 115 47 103 9 33 49 106 57 37 122 1 62 120 130 44 66 151 15 20 121 13 154 70 78 131 155 10 77 79 5 8 110 24 117 136 29 102 82 97 98 107 18 2 69 83 139 150 54 87 149 159 126 74 145 23 134 19 112 38 
162 43 88 65 116 111 73 93 61 135 92 141 34 146 144 32 101 28 39 52 140 156 48 58 42 53 84 125 160 14 91 25 129 96 115 47 103 9 33 49 106 57 37 122 1 62 120 130 44 66 151 15 20 121 13 154 70 78 131 155 10 77 79 5 8 110 24 117 136 29 102 82 97 98 107 18 2 69 83 139 150 54 87 149 159 126 74 145 23 134 19 112 38 
163 43 88 65 116 111 73 93 61 135 92 141 34 146 144 32 101 28 39 52 140 156 48 58 42 53 84 125 160 14 91 25 129 96 163 115 47 103 9 33 49 106 57 37 122 1 62 120 130 44 66 151 15 20 121 13 154 70 78 131 155 10 77 79 5 8 110 24 117 136 29 102 82 97 98 107 18 2 69 83 139 150 54 87 149 159 126 74 145 23 134 19 112 38 
164 43 88 65 116 111 73 93 61 135 92 141 34 146 144 32 101 28 39 52 140 156 48 58 42 53 84 125 160 14 91 25 129 96 163 115 47 103 9 33 49 106 57 37 122 1 62 120 130 44 66 151 15 20 121 13 154 70 78 131 155 10 77 79 5 8 110 24 117 136 29 102 164 82 97 98 107 18 2 69 83 139 150 54 87 149 159 126 74 145 23 134 19 112 38 
165 43 88 65 116 111 73 93 61 135 92 141 34 146 144 32 101 28 39 52 140 156 48 58 42 53 84 125 160 14 91 25 129 96 163 115 47 103 9 33 49 106 57 37 122 1 62 120 130 44 66 151 15 20 121 13 154 70 78 131 155 10 77 79 5 8 110 24 117 136 29 102 164 82 97 98 107 18 2 69 83 139 150 54 87 149 159 126 74 165 145 23 134 19 112 38 
166 43 88 65 116 111 73 93 61 135 92 141 34 146 144 32 101 28 39 52 140 156 48 58 42 53 84 125 160 14 91 25 129 96 163 115 47 103 9 33 49 106 57 37 122 1 62 120 130 44 66 151 15 20 121 13 154 70 78 131 155 10 77 79 5 8 110 24 117 136 29 102 164 82 97 98 107 18 2 69 83 139 150 54 87 149 159 126 74 165 145 23 134 19 112 38 
167 43 88 65 116 111 73 93 61 135 92 141 34 146 144 32 101 28 39 52 140 156 48 58 42 53 84 125 160 14 91 25 129 96 163 115 47 103 9 33 49 106 57 37 122 1 62 120 130 44 66 151 15 20 121 13 154 70 78 131 155 10 77 79 5 8 110 24 117 136 29 102 164 82 97 98 107 18 2 69 83 139 150 54 87 149 159 126 74 165 145 23 134 19 112 38 
168 43 88 65 116 111 73 93 61 135 92 141 34 146 144 32 101 28 39 52 140 156 48 58 42 53 84 125 160 14 91 25 129 96 168 163 115 47 103 9 33 49 106 57 37 122 1 62 120 130 44 66 151 15 20 121 13 154 70 78 131 155 10 77 79 5 8 110 24 117 136 29 102 164 82 97 98 107 18 2 69 83 139 150 54 87 149 159 126 74 165 145 23 134 19 112 38 
169 88 65 116 111 93 61 135 34 146 144 32 101 28 39 52 140 48 42 53 84 125 160 91 129 96 163 9 49 106 62 15 20 154 131 10 8 102 164 82 107 2 69 139 87 149 159 126 23 112 43 73 92 141 156 58 14 25 168 169 115 47 103 33 57 37 122 1 120 130 44 66 151 121 13 70 78 155 77 79 5 110 24 117 136 29 97 98 18 83 150 54 74 165 145 134 19 38 
170 88 65 116 111 93 61 135 34 146 144 32 101 28 39 52 140 48 42 53 84 125 160 91 129 96 163 9 49 106 62 15 20 154 131 10 8 102 164 82 170 107 2 69 139 87 149 159 126 23 112 43 73 92 141 156 58 14 25 168 169 115 47 103 33 57 37 122 1 120 130 44 66 151 121 13 70 78 155 77 79 5 110 24 117 136 29 97 98 18 83 150 54 74 165 145 134 19 38 
171 88 65 116 111 93 61 135 34 146 144 32 101 28 39 52 140 48 42 53 84 125 160 91 129 96 163 9 49 106 62 15 20 154 131 10 8 102 164 82 170 107 2 69 139 87 149 159 126 23 112 43 73 92 141 156 58 14 25 168 169 115 47 103 33 57 37 122 1 120 130 44 66 151 121 13 70 78 155 77 79 5 110 24 117 136 29 97 98 18 83 150 54 74 165 145 134 19 38 
172 88 65 116 111 93 61 135 34 146 144 32 101 28 39 52 140 48 42 53 84 125 160 91 129 96 163 9 49 106 62 15 20 154 131 10 8 102 164 82 170 107 2 69 139 87 149 159 126 23 112 43 73 92 141 156 58 14 25 168 169 115 47 103 33 57 37 122 1 120 130 44 66 151 121 13 70 78 155 77 79 5 110 24 117 136 29 97 98 18 83 150 54 74 165 145 134 19 38 
173 88 65 116 173 111 93 61 135 34 146 144 32 101 28 39 52 140 48 42 53 84 125 160 91 129 96 163 9 49 106 62 15 20 154 131 10 8 102 164 82 170 107 2 69 139 87 149 159 126 23 112 43 73 92 141 156 58 14 25 168 169 115 47 103 33 57 37 122 1 120 130 44 66 151 121 13 70 78 155 77 79 5 110 24 117 136 29 97 98 18 83 150 54 74 165 145 134 19 38 
174 88 65 116 173 111 93 61 135 34 146 144 32 101 28 39 52 140 48 42 53 84 125 174 160 91 129 96 163 9 49 106 62 15 20 154 131 10 8 102 164 82 170 107 2 69 139 87 149 159 126 23 112 43 73 92 141 156 58 14 25 168 169 115 47 103 33 57 37 122 1 120 130 44 66 151 121 13 70 78 155 77 79 5 110 24 117 136 29 97 98 18 83 150 54 74 165 145 134 19 38 
175 88 65 116 173 111 93 61 135 34 146 144 32 101 28 39 52 140 48 42 53 84 125 174 160 91 129 96 163 9 49 106 62 15 20 154 131 10 8 102 164 82 170 107 2 69 139 87 149 159 175 126 23 112 43 73 92 141 156 58 14 25 168 169 115 47 103 33 57 37 122 1 120 130 44 66 151 121 13 70 78 155 77 79 5 110 24 117 136 29 97 98 18 83 150 54 74 165 145 134 19 38 
176 88 65 116 173 111 93 61 135 34 146 144 32 101 28 39 52 140 48 42 53 84 125 174 160 91 129 96 163 9 49 106 62 15 20 154 131 10 8 102 164 82 170 107 2 69 139 87 149 159 175 126 23 112 43 73 92 141 156 58 14 25 168 169 115 47 103 33 57 37 122 1 120 130 44 66 151 121 13 70 78 155 77 79 5 110 24 117 136 29 97 98 18 83 150 54 74 165 145 134 19 38 
177 88 65 116 173 111 93 61 135 34 146 144 32 101 28 39 52 140 48 42 53 84 125 174 160 91 129 96 163 9 49 106 62 15 20 154 131 10 8 102 164 82 170 107 2 69 139 87 149 159 175 126 23 112 43 73 92 141 156 58 14 25 168 169 115 47 103 33 57 37 122 1 120 130 44 66 151 121 13 70 78 155 77 79 5 110 24 117 136 29 97 98 18 83 150 54 74 165 145 134 19 38 
178 88 65 116 173 111 93 61 135 34 146 144 32 101 28 39 52 140 48 42 53 84 125 174 160 91 129 96 163 9 49 106 62 15 20 154 131 10 8 102 164 82 170 107 2 69 178 139 87 149 159 175 126 23 112 43 73 92 141 156 58 14 25 168 169 115 47 103 33 57 37 122 1 120 130 44 66 151 121 13 70 78 155 77 79 5 110 24 117 136 29 97 98 18 83 150 54 74 165 145 134 19 38 
179 88 65 116 173 111 93 61 135 34 146 144 32 101 28 39 52 140 48 42 53 84 125 174 160 91 129 96 163 9 49 106 62 15 20 154 131 10 8 102 164 82 170 107 2 69 178 139 87 149 159 175 126 23 112 43 73 92 141 156 58 14 25 168 169 115 47 103 33 57 37 122 1 120 130 44 66 151 179 121 13 70 78 155 77 79 5 110 24 117 136 29 97 98 18 83 150 54 74 165 145 134 19 38 
180 88 65 116 173 111 93 61 135 34 146 144 32 101 28 39 52 140 48 42 53 84 125 174 160 91 129 96 163 9 49 106 62 15 20 154 131 10 8 102 164 82 170 107 2 69 178 139 87 149 159 175 126 23 112 43 73 92 141 156 58 14 25 168 169 115 47 103 33 57 37 122 1 120 130 44 66 151 179 121 13 70 78 155 77 79 5 110 24 117 136 29 97 98 18 83 150 54 74 165 145 134 19 38 
181 88 65 116 173 111 93 61 135 34 146 144 32 101 28 39 52 140 48 42 53 84 125 174 160 91 129 96 163 9 49 106 62 15 20 154 131 10 8 102 164 82 170 107 2 69 178 139 87 149 159 175 126 23 112 43 73 92 141 156 58 14 25 168 169 115 47 103 33 57 37 122 1 120 130 44 66 151 179 121 13 70 78 155 77 79 5 110 24 117 136 29 97 98 18 83 150 54 74 165 145 134 19 38 
182 88 65 116 173 111 93 61 135 34 146 144 32 101 28 39 52 140 48 42 53 84 125 174 160 91 129 96 163 9 182 49 106 62 15 20 154 131 10 8 102 164 82 170 107 2 69 178 139 87 149 159 175 126 23 112 43 73 92 141 156 58 14 25 168 169 115 47 103 33 57 37 122 1 120 130 44 66 151 179 121 13 70 78 155 77 79 5 110 24 117 136 29 97 98 18 83 150 54 74 165 145 134 19 38 
183 88 65 116 173 111 93 61 135 34 146 144 32 101 28 39 52 140 48 42 53 84 125 174 160 91 129 96 163 9 182 49 106 62 15 20 154 131 10 8 102 164 82 170 107 2 183 69 178 139 87 149 159 175 126 23 112 43 73 92 141 156 58 14 25 168 169 115 47 103 33 57 37 122 1 120 130 44 66 151 179 121 13 70 78 155 77 79 5 110 24 117 136 29 97 98 18 83 150 54 74 165 145 134 19 38 
184 88 65 116 173 111 93 61 135 34 146 144 32 101 28 39 52 140 48 42 53 84 125 174 160 91 129 96 163 9 182 49 106 62 15 20 154 131 10 8 102 164 82 170 107 2 183 69 178 139 87 149 159 175 126 23 112 43 73 92 141 156 58 14 25 168 169 115 47 103 33 57 37 122 1 120 130 44 66 151 179 121 13 70 78 155 77 79 5 110 24 117 136 29 97 98 18 83 150 54 74 165 145 134 19 38 
185 88 65 116 173 111 93 61 135 34 146 144 32 101 28 39 52 140 48 42 53 84 125 174 160 91 129 96 163 9 182 49 106 62 15 20 154 131 10 8 102 164 82 170 107 2 183 69 178 139 87 149 159 175 126 23 112 43 73 92 141 156 58 14 25 168 169 115 47 103 33 57 37 122 1 120 130 44 66 151 179 121 13 70 78 155 77 79 5 110 24 117 136 29 97 98 18 83 150 54 74 165 145 134 19 38 
186 88 65 116 173 111 93 61 135 34 146 144 32 101 28 39 52 140 48 42 53 84 125 174 160 91 129 96 163 9 182 49 106 62 15 20 154 131 10 8 102 164 82 170 107 2 183 69 178 139 87 149 159 175 126 186 23 112 43 73 92 141 156 58 14 25 168 169 115 47 103 33 57 37 122 1 120 130 44 66 151 179 121 13 70 78 155 77 79 5 110 24 117 136 29 97 98 18 83 150 54 74 165 145 134 19 38 
187 88 65 116 173 111 93 61 135 34 146 144 32 101 28 39 52 140 48 42 53 84 125 174 160 91 129 96 163 9 182 49 106 62 15 20 154 131 10 8 102 164 82 170 107 2 183 69 178 139 87 149 159 175 126 186 23 112 43 73 92 141 156 58 14 25 168 169 115 47 103 33 57 37 122 1 120 130 44 66 151 179 121 13 70 78 155 77 79 5 110 24 117 136 29 97 98 18 187 83 150 54 74 165 145 134 19 38 
188 88 65 116 173 111 93 61 135 34 146 144 32 101 28 39 52 140 48 42 53 84 125 174 160 91 129 96 163 9 182 49 106 62 15 20 154 131 10 8 188 102 164 82 170 107 2 183 69 178 139 87 149 159 175 126 186 23 112 43 73 92 141 156 58 14 25 168 169 115 47 103 33 57 37 122 1 120 130 44 66 151 179 121 13 70 78 155 77 79 5 110 24 117 136 29 97 98 18 187 83 150 54 74 165 145 134 19 38 
189 88 65 116 173 111 93 61 135 34 146 144 32 101 28 39 52 140 48 42 53 84 125 174 160 91 129 96 163 9 182 49 106 62 15 20 154 131 10 8 188 102 164 82 170 107 2 183 69 178 139 87 149 159 175 126 186 23 112 43 73 92 141 156 58 14 25 168 169 115 47 103 33 57 37 122 1 120 130 44 66 151 179 121 13 70 78 155 77 79 5 110 24 117 136 29 97 98 18 187 83 150 54 74 165 145 134 19 38 
190 88 65 116 173 111 93 61 135 34 146 144 32 101 28 39 52 140 48 42 53 84 125 174 160 91 129 96 163 9 182 49 106 62 15 20 154 131 10 8 188 102 164 82 170 107 2 183 69 178 139 87 149 159 175 126 186 23 112 43 73 92 141 156 58 14 25 168 169 115 47 103 33 57 37 122 1 120 130 44 66 151 179 121 13 70 78 155 77 79 5 110 24 117 136 29 97 98 18 187 83 150 54 74 165 145 134 19 38 
191 88 65 116 173 111 93 61 135 34 146 144 32 101 191 28 39 52 140 48 42 53 84 125 174 160 91 129 96 163 9 182 49 106 62 15 20 154 131 10 8 188 102 164 82 170 107 2 183 69 178 139 87 149 159 175 126 186 23 112 43 73 92 141 156 58 14 25 168 169 115 47 103 33 57 37 122 1 120 130 44 66 151 179 121 13 70 78 155 77 79 5 110 24 117 136 29 97 98 18 187 83 150 54 74 165 145 134 19 38 
192 88 65 116 173 111 93 61 135 192 34 146 144 32 101 191 28 39 52 140 48 42 53 84 125 174 160 91 129 96 163 9 182 49 106 62 15 20 154 131 10 8 188 102 164 82 170 107 2 183 69 178 139 87 149 159 175 126 186 23 112 43 73 92 141 156 58 14 25 168 169 115 47 103 33 57 37 122 1 120 130 44 66 151 179 121 13 70 78 155 77 79 5 110 24 117 136 29 97 98 18 187 83 150 54 74 165 145 134 19 38 
193 88 65 116 173 111 93 61 135 192 34 146 144 32 101 191 28 39 52 140 48 42 53 84 125 174 160 91 129 96 163 9 182 49 106 62 15 20 154 131 10 8 188 102 164 82 170 107 2 183 69 178 139 87 149 159 175 126 186 23 112 43 73 92 141 156 58 14 25 168 169 115 47 103 33 57 37 122 1 120 130 44 66 151 179 121 13 70 78 155 77 79 5 110 24 117 136 29 97 98 18 187 83 150 54 193 74 165 145 134 19 38 
194 88 65 116 173 111 93 61 135 192 34 146 144 32 101 191 28 39 52 140 48 42 53 84 125 174 160 91 129 96 163 9 182 49 106 62 15 20 154 131 10 8 188 102 164 82 170 107 2 183 69 178 139 87 149 159 175 126 186 23 112 43 73 92 141 156 58 14 25 168 169 115 47 103 33 57 37 122 1 120 130 44 66 151 179 121 13 70 78 155 77 79 5 110 24 117 136 29 97 98 18 187 83 150 54 193 74 165 145 134 19 38 
195 88 65 116 173 111 93 61 135 192 34 146 144 32 101 191 28 39 52 140 48 42 53 84 125 174 160 91 129 96 163 9 182 49 106 62 15 20 154 131 10 8 188 102 164 82 170 107 2 183 69 178 139 87 149 159 175 126 186 23 112 43 73 92 141 156 58 14 25 168 169 115 47 103 33 57 37 122 1 120 130 44 66 151 179 121 13 70 78 155 77 79 5 110 24 117 136 29 97 98 18 187 83 150 54 193 74 165 145 134 19 38 
196 88 65 116 173 111 93 61 135 192 34 146 144 32 196 101 191 28 39 52 140 48 42 53 84 125 174 160 91 129 96 163 9 182 49 106 62 15 20 154 131 10 8 188 102 164 82 170 107 2 183 69 178 139 87 149 159 175 126 186 23 112 43 73 92 141 156 58 14 25 168 169 115 47 103 33 57 37 122 1 120 130 44 66 151 179 121 13 70 78 155 77 79 5 110 24 117 136 29 97 98 18 187 83 150 54 193 74 165 145 134 19 38 
197 88 65 116 173 111 93 61 135 192 34 146 144 32 196 101 191 28 39 52 140 48 42 53 84 125 174 160 91 129 96 163 9 182 49 106 62 15 20 154 131 10 8 188 102 164 197 82 170 107 2 183 69 178 139 87 149 159 175 126 186 23 112 43 73 92 141 156 58 14 25 168 169 115 47 103 33 57 37 122 1 120 130 44 66 151 179 121 13 70 78 155 77 79 5 110 24 117 136 29 97 98 18 187 83 150 54 193 74 165 145 134 19 38 
198 88 65 116 173 111 93 61 135 192 34 146 144 32 196 101 191 28 39 52 140 48 42 53 84 125 174 160 91 129 96 163 9 182 49 106 62 15 20 154 131 10 198 8 188 102 164 197 82 170 107 2 183 69 178 139 87 149 159 175 126 186 23 112 43 73 92 141 156 58 14 25 168 169 115 47 103 33 57 37 122 1 120 130 44 66 151 179 121 13 70 78 155 77 79 5 110 24 117 136 29 97 98 18 187 83 150 54 193 74 165 145 134 19 38 
199 88 65 116 173 111 93 61 135 192 34 146 144 32 196 101 191 28 39 52 140 48 42 53 84 125 174 160 91 129 96 163 9 182 49 106 62 15 20 154 131 10 198 8 188 102 164 197 82 170 107 2 183 69 178 139 87 149 159 175 126 186 23 112 43 73 92 141 156 58 14 25 168 169 115 47 103 33 57 37 122 1 120 130 44 66 151 179 121 13 70 78 155 77 79 5 110 24 117 136 29 97 98 18 187 83 150 54 193 74 165 145 134 19 38 
200 88 65 116 173 111 93 61 135 192 34 146 144 32 196 101 191 28 39 52 140 48 42 53 84 125 174 160 91 129 96 163 9 182 49 106 62 15 20 154 131 10 198 8 188 102 164 197 82 170 107 2 183 69 178 139 87 149 159 175 126 186 23 112 43 73 92 141 156 58 14 25 168 169 115 47 103 33 57 37 122 1 120 130 44 66 151 179 121 13 70 78 155 77 79 5 110 24 117 136 29 97 98 18 187 83 150 54 193 74 165 145 134 19 38 
201 88 65 116 173 111 93 61 135 192 34 146 144 32 196 101 191 28 39 52 140 48 42 53 84 125 174 160 91 129 96 163 9 182 49 106 62 15 20 154 131 10 198 8 188 102 164 197 82 170 107 2 183 69 178 139 87 149 159 175 126 186 23 112 43 73 92 141 156 58 14 25 168 169 115 47 103 33 57 37 122 1 120 130 44 66 151 179 121 13 70 78 155 77 79 5 110 24 117 136 29 97 98 18 187 83 150 54 193 74 165 201 145 134 19 38 
202 88 65 116 173 111 93 61 135 192 202 34 146 144 32 196 101 191 28 39 52 140 48 42 53 84 125 174 160 91 129 96 163 9 182 49 106 62 15 20 154 131 10 198 8 188 102 164 197 82 170 107 2 183 69 178 139 87 149 159 175 126 186 23 112 43 73 92 141 156 58 14 25 168 169 115 47 103 33 57 37 122 1 120 130 44 66 151 179 121 13 70 78 155 77 79 5 110 24 117 136 29 97 98 18 187 83 150 54 193 74 165 201 145 134 19 38 
203 88 65 116 173 111 93 61 135 192 202 34 146 144 32 196 101 191 28 39 52 140 48 42 53 84 125 174 160 91 129 96 163 9 182 49 106 62 15 20 154 131 10 198 8 188 102 164 197 82 170 107 2 183 69 178 139 203 87 149 159 175 126 186 23 112 43 73 92 141 156 58 14 25 168 169 115 47 103 33 57 37 122 1 120 130 44 66 151 179 121 13 70 78 155 77 79 5 110 24 117 136 29 97 98 18 187 83 150 54 193 74 165 201 145 134 19 38 
204 88 65 116 173 111 93 61 135 192 202 34 146 144 32 196 101 191 28 39 52 140 48 42 53 84 125 174 160 91 129 96 163 9 182 49 106 62 15 20 154 131 10 198 8 188 102 164 197 82 170 107 2 183 69 178 139 203 87 149 159 175 126 186 23 112 43 73 92 141 156 58 14 25 168 169 115 47 103 33 57 37 122 1 120 130 44 66 151 179 121 13 70 78 155 77 79 5 110 24 117 136 29 97 98 18 187 83 150 54 193 74 165 201 145 134 19 38 
205 88 65 116 173 111 93 61 135 192 202 34 146 144 32 196 101 191 28 39 52 140 48 42 53 84 125 174 160 91 129 96 163 9 182 49 106 62 15 20 154 131 10 198 8 188 102 164 197 82 170 107 2 183 69 178 139 203 87 149 159 175 126 186 23 112 43 73 92 141 156 58 14 25 168 169 115 47 103 33 57 37 122 1 120 130 44 66 151 179 121 13 70 78 155 77 79 5 110 24 117 136 29 97 98 18 187 83 150 54 193 74 165 201 145 134 19 38 
206 88 65 116 173 111 93 61 135 192 202 34 146 144 32 196 101 191 28 39 52 140 48 42 53 84 125 174 160 91 129 96 163 9 182 49 106 62 15 20 154 131 10 198 8 188 102 164 197 82 170 107 2 183 69 178 139 203 87 149 159 175 126 186 23 112 43 206 73 92 141 156 58 14 25 168 169 115 47 103 33 57 37 122 1 120 130 44 66 151 179 121 13 70 78 155 77 79 5 110 24 117 136 29 97 98 18 187 83 150 54 193 74 165 201 145 134 19 38 
207 88 65 116 173 111 93 61 135 192 202 34 146 144 32 196 101 191 28 39 52 140 48 42 53 84 125 174 160 91 129 96 163 9 182 49 106 62 15 20 154 131 10 198 8 188 102 164 197 82 170 107 2 183 69 178 139 203 87 149 159 175 126 186 23 112 43 206 73 92 141 156 58 14 25 168 169 115 47 103 33 57 37 122 1 120 130 44 66 151 179 121 13 70 78 155 77 79 5 110 24 117 136 29 97 98 18 187 83 150 54 193 207 74 165 201 145 134 19 38 
208 88 65 116 173 111 93 61 135 192 202 34 146 144 32 196 101 191 28 39 52 140 48 42 53 84 125 174 160 91 129 96 163 9 182 49 106 62 15 20 154 131 10 198 8 188 102 164 197 82 170 107 2 183 69 178 139 203 87 149 159 175 126 186 23 112 43 206 73 92 141 156 58 14 25 168 169 115 47 103 33 57 37 122 1 120 130 44 66 151 179 121 13 70 78 155 77 79 5 110 24 117 136 29 97 98 18 187 83 150 54 193 207 74 165 201 145 134 19 38 
209 88 65 116 173 111 93 61 135 192 202 34 146 144 32 196 101 191 28 39 52 140 48 42 53 84 125 174 160 91 129 96 163 9 182 49 106 62 15 20 154 131 10 198 8 188 102 164 197 82 170 107 2 183 69 178 139 203 87 149 159 175 126 186 23 112 43 206 73 92 141 156 58 14 25 168 169 115 47 103 33 57 37 122 1 120 130 44 66 151 179 121 13 70 78 155 77 79 5 110 24 117 136 29 97 98 18 187 83 150 54 193 207 74 165 201 145 134 19 38 
210 88 65 116 173 111 93 61 135 192 202 34 146 144 32 196 101 191 28 39 52 140 48 42 53 84 125 174 160 91 129 96 210 163 9 182 49 106 62 15 20 154 131 10 198 8 188 102 164 197 82 170 107 2 183 69 178 139 203 87 149 159 175 126 186 23 112 43 206 73 92 141 156 58 14 25 168 169 115 47 103 33 57 37 122 1 120 130 44 66 151 179 121 13 70 78 155 77 79 5 110 24 117 136 29 97 98 18 187 83 150 54 193 207 74 165 201 145 134 19 38 
211 88 65 116 173 111 93 61 135 192 202 34 146 144 32 196 101 191 28 39 52 140 48 42 53 84 125 174 160 91 129 96 210 163 9 182 49 106 62 211 15 20 154 131 10 198 8 188 102 164 197 82 170 107 2 183 69 178 139 203 87 149 159 175 126 186 23 112 43 206 73 92 141 156 58 14 25 168 169 115 47 103 33 57 37 122 1 120 130 44 66 151 179 121 13 70 78 155 77 79 5 110 24 117 136 29 97 98 18 187 83 150 54 193 207 74 165 201 145 134 19 38 
212 88 65 116 173 111 93 61 135 192 202 34 146 144 32 196 101 191 28 39 52 140 48 42 53 84 125 174 160 91 129 96 210 163 9 182 49 106 62 211 15 20 154 131 10 198 8 188 102 164 197 82 170 107 2 183 69 178 139 203 87 149 159 175 126 186 23 112 43 206 73 92 141 156 212 58 14 25 168 169 115 47 103 33 57 37 122 1 120 130 44 66 151 179 121 13 70 78 155 77 79 5 110 24 117 136 29 97 98 18 187 83 150 54 193 207 74 165 201 145 134 19 38 
213 88 65 116 173 111 93 61 135 192 202 34 146 144 32 196 101 191 28 39 52 140 48 42 53 84 125 174 160 91 129 96 210 163 9 182 49 106 62 211 15 20 154 131 10 198 8 188 102 164 197 82 170 107 2 183 69 178 139 203 87 149 159 175 126 186 23 112 43 206 73 92 141 156 212 58 14 25 168 169 115 47 103 33 57 37 122 1 120 130 44 66 151 179 121 13 70 78 155 77 79 5 110 24 117 136 29 97 98 18 187 83 150 54 193 207 74 165 201 145 134 19 38 
214 88 65 116 173 111 93 61 135 192 202 34 146 144 32 196 101 191 28 39 52 140 48 42 53 84 125 174 160 91 129 96 210 163 9 182 49 106 62 211 15 20 154 131 10 198 8 188 102 164 197 82 170 107 2 183 69 178 139 203 87 149 159 175 126 186 23 112 43 206 73 92 141 156 212 58 14 25 168 169 115 47 103 33 57 37 122 1 120 130 44 66 151 179 121 13 70 78 155 77 79 5 110 24 117 136 29 97 98 18 187 83 150 54 193 207 74 165 201 145 134 19 38 
215 88 65 116 173 111 93 61 135 192 202 34 146 144 32 196 101 191 28 39 52 140 48 42 53 84 125 174 160 91 129 96 210 163 9 182 49 106 62 211 15 20 154 131 10 198 8 188 102 164 197 82 170 107 2 183 215 69 178 139 203 87 149 159 175 126 186 23 112 43 206 73 92 141 156 212 58 14 25 168 169 115 47 103 33 57 37 122 1 120 130 44 66 151 179 121 13 70 78 155 77 79 5 110 24 117 136 29 97 98 18 187 83 150 54 193 207 74 165 201 145 134 19 38 
216 88 65 116 173 111 93 61 216 135 192 202 34 146 144 32 196 101 191 28 39 52 140 48 42 53 84 125 174 160 91 129 96 210 163 9 182 49 106 62 211 15 20 154 131 10 198 8 188 102 164 197 82 170 107 2 183 215 69 178 139 203 87 149 159 175 126 186 23 112 43 206 73 92 141 156 212 58 14 25 168 169 115 47 103 33 57 37 122 1 120 130 44 66 151 179 121 13 70 78 155 77 79 5 110 24 117 136 29 97 98 18 187 83 150 54 193 207 74 165 201 145 134 19 38 
217 88 65 116 173 111 93 61 216 135 192 202 34 146 144 32 196 101 191 28 39 52 140 48 42 53 84 125 174 160 91 129 96 210 163 9 182 49 106 62 211 15 20 154 131 10 198 8 188 102 164 197 82 170 107 2 183 215 69 178 139 203 87 149 159 175 126 186 23 112 43 206 73 92 141 156 212 58 14 217 25 168 169 115 47 103 33 57 37 122 1 120 130 44 66 151 179 121 13 70 78 155 77 79 5 110 24 117 136 29 97 98 18 187 83 150 54 193 207 74 165 201 145 134 19 38 
218 88 65 116 173 111 93 61 216 135 192 202 34 146 144 32 196 101 191 28 39 52 140 48 42 53 84 125 174 160 91 129 96 210 163 9 182 49 106 62 211 15 20 154 131 10 198 8 188 102 164 197 82 170 107 2 183 215 69 178 139 203 87 149 159 175 126 186 23 112 43 206 73 92 141 156 212 58 14 217 25 168 169 115 47 103 33 57 37 122 1 120 130 44 66 151 179 121 13 70 78 155 77 79 5 110 24 117 136 29 97 98 18 187 83 150 54 193 207 74 165 201 145 134 19 38 
219 88 65 116 173 111 93 61 216 135 192 202 34 146 144 32 196 101 191 28 39 52 140 48 42 53 84 125 174 160 91 129 96 210 163 9 182 49 106 62 211 15 20 154 131 10 198 8 188 102 164 197 82 170 107 2 183 215 69 178 139 203 87 149 159 175 126 186 23 112 43 206 73 92 141 156 212 58 14 217 25 168 169 115 47 103 33 57 37 122 1 120 130 44 66 151 179 121 13 70 78 155 77 79 5 110 24 117 136 29 97 98 18 187 83 150 54 193 207 74 165 201 145 134 19 38 
220 88 65 116 173 111 93 61 216 135 192 202 34 146 144 32 196 101 191 28 39 52 140 48 42 53 84 125 174 160 91 129 96 210 163 9 182 49 106 62 211 15 20 154 131 10 198 8 188 102 164 197 82 170 107 2 183 215 69 178 139 203 87 149 159 175 126 186 23 112 43 206 73 220 92 141 156 212 58 14 217 25 168 169 115 47 103 33 57 37 122 1 120 130 44 66 151 179 121 13 70 78 155 77 79 5 110 24 117 136 29 97 98 18 187 83 150 54 193 207 74 165 201 145 134 19 38 
221 88 65 116 173 111 93 61 216 135 192 202 34 146 144 32 196 101 191 28 39 52 140 48 42 53 84 125 174 160 91 129 96 210 163 9 182 49 106 62 211 15 20 154 131 10 198 8 188 102 164 197 82 170 107 2 183 215 69 178 139 203 87 149 159 175 126 186 23 112 43 206 73 220 92 141 156 212 58 221 14 217 25 168 169 115 47 103 33 57 37 122 1 120 130 44 66 151 179 121 13 70 78 155 77 79 5 110 24 117 136 29 97 98 18 187 83 150 54 193 207 74 165 201 145 134 19 38 
222 88 65 116 173 111 93 61 216 135 192 202 34 146 144 32 196 101 191 28 39 52 140 48 42 53 84 125 174 160 91 129 96 210 163 9 182 49 106 62 211 15 20 154 131 10 198 8 188 102 164 197 82 170 107 2 183 215 69 178 139 203 87 149 159 175 126 186 23 112 43 206 73 220 92 141 156 212 58 221 14 217 25 168 169 115 47 103 33 57 37 122 1 120 130 44 66 151 179 121 13 70 78 155 77 79 5 110 24 117 136 29 97 98 18 187 83 150 54 193 207 74 165 201 145 134 19 38 
223 88 65 116 173 111 93 61 216 135 192 202 34 146 144 32 196 101 191 28 39 52 140 48 42 53 84 125 174 160 91 129 96 210 163 9 182 49 106 62 211 15 20 154 131 10 198 8 188 102 164 197 82 170 107 2 183 215 69 178 139 203 87 149 159 175 126 186 23 112 43 206 73 220 92 141 156 212 58 221 14 217 25 168 169 115 47 103 33 57 37 122 1 120 130 44 66 151 179 121 13 70 78 155 77 79 5 110 24 117 136 29 97 98 18 187 83 150 54 193 207 74 165 201 145 134 19 38 
224 88 65 116 173 111 93 61 216 135 192 202 34 146 144 32 196 101 191 28 39 52 140 48 42 53 84 125 174 160 91 129 96 210 163 9 182 49 106 224 62 211 15 20 154 131 10 198 8 188 102 164 197 82 170 107 2 183 215 69 178 139 203 87 149 159 175 126 186 23 112 43 206 73 220 92 141 156 212 58 221 14 217 25 168 169 115 47 103 33 57 37 122 1 120 130 44 66 151 179 121 13 70 78 155 77 79 5 110 24 117 136 29 97 98 18 187 83 150 54 193 207 74 165 201 145 134 19 38 
225 88 65 116 173 111 93 61 216 135 192 202 34 146 144 32 196 101 191 28 39 52 140 48 42 53 84 125 174 160 91 129 96 210 163 9 182 49 106 224 62 211 15 20 154 131 10 198 8 188 102 164 197 82 170 107 2 183 215 69 178 139 203 87 149 159 175 126 186 23 112 43 206 73 220 92 141 156 212 58 221 14 217 25 168 169 115 47 103 33 57 37 122 1 120 130 44 66 151 179 121 13 70 78 155 77 79 5 110 24 117 136 29 97 98 225 18 187 83 150 54 193 207 74 165 201 145 134 19 38 
226 88 65 116 173 111 93 61 216 135 192 202 34 146 144 32 196 101 191 28 39 52 140 48 42 53 84 125 174 160 91 129 96 210 163 9 182 49 106 224 62 211 15 20 154 131 10 198 8 188 102 164 197 82 170 107 2 183 215 69 178 139 203 87 149 159 175 126 186 23 112 43 206 73 220 92 141 156 212 58 221 14 217 25 168 169 115 47 103 33 57 37 122 1 120 130 44 66 151 179 121 13 70 78 155 77 79 5 110 24 117 136 29 97 98 225 18 187 226 83 150 54 193 207 74 165 201 145 134 19 38 
227 88 65 116 173 111 93 61 216 135 192 202 34 146 144 32 196 101 191 28 39 52 140 48 42 53 84 125 174 160 91 129 96 210 163 9 182 49 106 224 62 211 15 20 154 131 10 198 8 188 102 164 197 82 170 107 2 183 215 69 178 139 203 87 149 159 175 126 186 23 112 43 206 73 220 92 141 156 212 58 221 14 217 25 168 169 115 47 103 33 57 37 122 1 120 130 44 66 151 179 121 13 70 78 155 77 79 5 110 24 117 136 29 97 98 225 18 187 226 83 150 54 193 207 74 165 201 145 134 19 38 
228 88 65 116 173 111 93 61 216 135 192 202 34 146 144 32 196 101 191 28 39 52 140 48 42 53 84 125 174 160 91 129 96 210 163 9 182 49 106 224 62 211 15 20 154 131 10 198 8 188 102 164 197 82 170 107 2 183 215 69 178 139 203 87 149 159 175 126 186 23 112 43 206 73 220 92 141 156 212 58 221 14 217 25 168 169 115 47 103 33 57 37 122 1 120 130 44 66 151 179 121 13 70 78 155 77 79 5 110 24 117 136 29 97 98 225 18 187 226 83 150 54 193 207 74 165 201 145 134 19 38 
229 88 65 116 173 111 93 61 216 135 192 202 34 146 144 32 196 101 191 229 28 39 52 140 48 42 53 84 125 174 160 91 129 96 210 163 9 182 49 106 224 62 211 15 20 154 131 10 198 8 188 102 164 197 82 170 107 2 183 215 69 178 139 203 87 149 159 175 126 186 23 112 43 206 73 220 92 141 156 212 58 221 14 217 25 168 169 115 47 103 33 57 37 122 1 120 130 44 66 151 179 121 13 70 78 155 77 79 5 110 24 117 136 29 97 98 225 18 187 226 83 150 54 193 207 74 165 201 145 134 19 38 
230 88 65 116 173 111 93 61 216 135 192 202 34 146 144 32 196 101 191 229 28 39 52 140 48 42 53 84 125 174 160 91 129 96 210 163 9 182 49 106 224 62 211 15 20 154 131 10 198 8 188 102 164 197 82 170 107 2 183 215 69 178 139 203 87 149 159 175 126 186 23 112 230 43 206 73 220 92 141 156 212 58 221 14 217 25 168 169 115 47 103 33 57 37 122 1 120 130 44 66 151 179 121 13 70 78 155 77 79 5 110 24 117 136 29 97 98 225 18 187 226 83 150 54 193 207 74 165 201 145 134 19 38 
231 88 65 116 173 111 93 61 216 135 192 202 34 146 144 32 196 101 191 229 28 39 52 140 48 42 53 84 125 174 160 91 129 96 210 163 9 182 49 106 224 62 211 15 20 154 131 10 198 8 188 102 164 197 82 170 107 2 183 215 69 178 139 203 87 149 159 175 126 186 23 112 230 43 206 73 231 220 92 141 156 212 58 221 14 217 25 168 169 115 47 103 33 57 37 122 1 120 130 44 66 151 179 121 13 70 78 155 77 79 5 110 24 117 136 29 97 98 225 18 187 226 83 150 54 193 207 74 165 201 145 134 19 38 
232 88 65 116 173 111 93 61 216 135 192 202 34 146 144 32 196 101 191 229 28 39 52 140 48 42 53 84 125 174 160 91 129 96 210 163 9 182 49 106 224 62 211 15 20 154 131 10 198 8 188 102 164 197 82 170 107 2 183 215 69 178 139 203 87 149 159 175 126 186 23 112 230 43 206 73 231 220 92 141 156 212 58 221 14 217 25 168 169 115 47 103 33 57 37 122 1 120 130 44 66 151 179 121 13 70 78 155 77 79 5 110 24 117 136 29 97 98 225 18 187 226 83 150 54 193 207 74 165 201 145 134 19 38 
233 88 65 116 173 111 93 61 216 135 192 202 34 146 144 32 196 101 191 229 28 39 52 140 48 42 53 84 125 174 160 91 129 96 210 163 9 182 49 106 224 62 211 15 20 154 131 10 198 8 188 102 164 197 82 170 107 2 183 215 69 178 139 203 87 149 159 175 126 186 23 112 230 43 206 73 231 220 92 141 156 212 58 221 14 217 25 168 169 115 47 103 33 57 37 122 1 120 130 44 66 151 179 121 13 70 78 155 77 79 5 110 24 117 136 29 97 98 225 18 187 226 83 150 54 193 207 74 165 201 145 134 19 38 
234 88 65 116 173 111 93 61 216 135 192 202 34 146 144 32 196 101 191 229 28 39 52 140 48 42 53 84 125 174 160 91 129 96 210 163 9 182 49 106 224 62 211 15 20 154 131 10 198 8 188 102 164 197 82 170 107 2 183 215 69 178 139 203 87 149 159 175 126 186 23 112 230 43 206 73 231 220 92 141 156 212 58 221 14 217 25 168 169 115 47 103 33 57 37 122 1 120 130 44 66 151 179 121 13 70 78 155 77 79 5 110 24 117 136 29 97 234 98 225 18 187 226 83 150 54 193 207 74 165 201 145 134 19 38 
235 88 65 116 173 111 93 61 216 135 192 202 34 146 144 32 196 101 191 229 28 39 52 140 48 42 53 84 125 174 160 91 129 96 210 163 9 182 49 106 224 62 211 15 20 154 131 10 198 8 188 102 164 197 82 170 107 2 183 215 235 69 178 139 203 87 149 159 175 126 186 23 112 230 43 206 73 231 220 92 141 156 212 58 221 14 217 25 168 169 115 47 103 33 57 37 122 1 120 130 44 66 151 179 121 13 70 78 155 77 79 5 110 24 117 136 29 97 234 98 225 18 187 226 83 150 54 193 207 74 165 201 145 134 19 38 
236 88 65 116 173 111 93 61 216 135 192 202 34 146 144 32 196 101 191 229 28 39 52 140 48 42 53 84 125 174 160 91 129 96 210 163 9 182 49 106 224 62 211 15 20 154 131 236 10 198 8 188 102 164 197 82 170 107 2 183 215 235 69 178 139 203 87 149 159 175 126 186 23 112 230 43 206 73 231 220 92 141 156 212 58 221 14 217 25 168 169 115 47 103 33 57 37 122 1 120 130 44 66 151 179 121 13 70 78 155 77 79 5 110 24 117 136 29 97 234 98 225 18 187 226 83 150 54 193 207 74 165 201 145 134 19 38 
237 88 65 116 173 111 93 61 216 135 192 202 34 146 144 32 196 101 191 229 28 39 52 140 48 42 53 84 125 174 160 91 129 96 210 163 9 182 49 106 224 62 211 15 20 154 131 236 10 198 8 188 102 164 197 82 170 107 2 183 215 235 69 178 139 203 87 149 159 175 126 186 23 112 230 43 206 73 231 220 92 141 156 212 58 221 14 217 25 168 169 115 47 103 33 57 37 122 1 120 130 44 66 151 179 121 13 70 78 155 77 79 5 110 24 117 136 29 97 234 98 225 18 187 226 83 150 54 193 207 74 165 201 145 134 19 38 
238 88 65 116 173 111 93 61 216 135 192 202 34 146 144 32 196 101 191 229 28 39 52 140 48 42 53 84 125 174 160 91 129 96 210 163 9 182 49 106 224 62 211 15 20 154 131 236 10 198 8 188 102 164 197 82 170 107 2 183 215 235 69 178 139 203 87 149 159 175 126 186 23 112 230 43 206 73 231 220 92 141 156 212 58 221 14 217 25 168 169 115 47 103 33 57 37 122 1 120 130 44 66 151 179 121 13 70 78 155 77 79 5 110 24 117 136 29 97 234 98 225 18 187 226 83 150 54 193 207 74 165 201 145 134 19 38 
239 88 65 116 173 111 93 61 216 135 192 202 34 146 144 32 196 101 191 229 28 39 52 140 48 42 53 84 125 174 160 91 129 96 210 163 9 182 49 106 224 62 211 15 20 154 131 236 10 198 8 188 102 164 197 82 170 107 2 183 215 235 69 178 139 203 87 149 159 175 126 186 23 112 230 43 206 73 231 220 92 141 156 212 58 221 14 217 25 168 169 239 115 47 103 33 57 37 122 1 120 130 44 66 151 179 121 13 70 78 155 77 79 5 110 24 117 136 29 97 234 98 225 18 187 226 83 150 54 193 207 74 165 201 145 134 19 38 
240 88 65 116 173 111 93 61 216 135 192 202 34 146 144 32 196 101 191 229 28 39 52 140 48 42 53 84 125 174 160 91 129 96 210 163 9 182 49 106 224 62 211 15 20 154 131 236 10 198 8 188 102 164 197 82 170 107 2 183 215 235 69 178 139 203 87 149 159 175 126 186 23 112 230 43 206 73 231 220 92 141 156 212 58 221 14 217 25 168 169 239 115 47 103 33 57 37 122 1 120 130 44 66 151 179 121 13 70 78 155 77 79 5 110 24 117 136 29 97 234 98 225 18 187 226 83 150 54 193 207 74 165 201 145 134 19 38 
