1 1 
2 2 1 
3 2 1 3 
4 2 4 1 3 
5 2 4 5 1 3 
6 2 6 4 5 1 3 
7 2 6 4 5 1 7 3 
8 2 6 8 4 5 1 7 3 
9 2 6 8 4 9 5 1 7 3 
10 2 6 8 10 4 9 5 1 7 3 
11 2 6 8 10 11 4 9 5 1 7 3 
12 2 6 8 10 11 4 9 12 5 1 7 3 
13 2 13 9 12 5 7 6 8 10 11 4 1 3 
14 2 13 9 12 5 7 14 6 8 10 11 4 1 3 
15 2 13 9 12 5 7 14 6 8 10 11 4 15 1 3 
16 2 13 9 12 5 7 14 6 8 10 11 4 15 16 1 3 
17 2 13 9 17 12 5 7 14 6 8 10 11 4 15 16 1 3 
18 2 13 9 17 12 5 7 14 6 8 10 11 4 15 16 1 3 
19 2 13 9 17 12 5 19 7 14 6 8 10 11 4 15 16 1 3 
20 2 13 20 9 17 12 5 19 7 14 6 8 10 11 4 15 16 1 3 
21 2 13 20 21 9 17 12 5 19 7 14 6 8 10 11 4 15 16 1 3 
22 2 13 20 21 9 17 12 22 5 19 7 14 6 8 10 11 4 15 16 1 3 
23 2 13 20 21 23 9 17 12 22 5 19 7 14 6 8 10 11 4 15 16 1 3 
24 2 13 20 21 23 9 17 12 22 5 19 24 7 14 6 8 10 11 4 15 16 1 3 
25 2 13 20 21 23 9 17 12 22 25 5 19 24 7 14 6 8 10 11 4 15 16 1 3 
26 2 13 20 21 23 9 22 19 24 8 11 15 1 17 12 25 5 7 14 6 10 4 16 3 26 
27 2 13 20 21 23 9 22 19 24 8 11 15 1 17 12 25 5 7 14 6 10 4 16 3 26 
28 2 13 9 17 12 5 28 7 14 6 8 10 11 4 15 16 1 3 
29 2 13 9 17 12 29 5 28 7 14 6 8 10 11 4 15 16 1 3 
30 2 13 9 17 12 29 5 28 7 14 6 8 10 11 4 15 30 16 1 3 
31 2 13 9 17 31 12 29 5 28 7 14 6 8 10 11 4 15 30 16 1 3 
32 2 13 9 17 31 12 29 5 28 7 14 6 8 10 11 4 15 30 32 16 1 3 
33 2 13 9 17 31 12 29 5 28 7 14 6 8 10 11 33 4 15 30 32 16 1 3 
34 2 13 20 21 23 9 31 22 29 19 24 28 8 11 33 34 15 1 17 12 25 5 7 14 6 10 4 30 32 16 3 26 
35 2 13 20 21 23 9 31 22 29 19 24 28 8 11 33 34 15 1 17 12 25 5 7 14 6 10 4 30 32 16 3 26 
36 2 13 20 21 23 9 31 22 29 19 24 28 8 11 34 15 1 36 17 12 25 5 7 14 6 10 4 30 32 16 3 
37 2 13 20 21 23 9 31 22 29 19 24 28 37 8 11 33 34 15 1 36 17 12 25 5 7 14 6 10 4 30 32 16 3 26 
38 2 13 20 21 23 9 31 22 29 19 24 28 37 8 11 33 34 15 1 36 38 17 12 25 5 7 14 6 10 4 30 32 16 3 26 
39 2 13 20 21 23 9 31 22 29 19 24 28 37 8 11 33 34 15 1 36 38 17 12 25 5 39 7 14 6 10 4 30 32 16 3 26 
40 2 13 20 21 23 9 31 22 29 19 24 28 37 8 11 33 34 15 1 36 40 38 17 12 25 5 39 7 14 6 10 4 30 32 16 3 26 
41 2 13 20 21 23 9 31 22 29 19 24 28 37 41 8 11 33 34 15 1 36 40 38 17 12 25 5 39 7 14 6 10 4 30 32 16 3 26 
42 2 13 20 42 21 23 9 31 22 29 19 24 28 37 41 8 11 33 34 15 1 36 40 38 17 12 25 5 39 7 14 6 10 4 30 32 16 3 26 
43 2 13 20 42 21 23 9 31 22 29 19 24 28 37 41 43 8 11 33 34 15 1 36 40 38 17 12 25 5 39 7 14 6 10 4 30 32 16 3 26 
44 2 13 20 42 21 23 9 31 22 29 19 24 28 37 41 43 8 11 33 34 15 1 36 40 38 17 12 25 5 39 7 14 6 10 4 30 32 16 3 26 
45 2 13 20 42 21 23 9 31 22 29 19 24 28 37 41 43 8 11 33 34 15 1 36 40 38 17 12 25 5 39 7 14 6 10 4 30 32 16 3 26 
46 2 13 20 42 21 23 9 31 22 29 19 24 28 37 41 43 8 11 33 34 15 1 36 40 38 17 12 25 5 39 7 14 6 10 4 30 32 16 3 26 
