1 1 
2 1 2 
3 3 1 2 
4 3 4 1 2 
5 3 5 4 1 2 
6 3 5 6 4 1 2 
7 3 5 6 4 1 2 
8 3 5 6 4 1 2 8 
9 3 5 6 4 1 2 8 
10 3 5 6 4 1 2 8 10 
11 3 5 6 4 1 2 8 10 
12 3 5 12 6 4 1 2 8 10 
13 3 5 12 6 4 1 2 8 13 10 
14 3 5 12 6 4 1 2 8 13 10 
15 3 5 12 6 4 1 2 8 13 15 10 
16 3 5 12 6 16 4 1 2 8 13 15 10 
17 3 5 12 6 16 4 1 2 8 13 15 10 
18 3 5 12 6 4 1 2 8 18 13 10 
19 3 5 12 6 4 1 2 8 18 13 10 19 
20 5 1 8 13 15 20 3 12 6 16 4 2 18 10 19 
21 5 1 8 13 15 20 3 12 6 16 4 2 18 10 19 21 
22 44 1 31 29 13 42 26 20 38 24 6 22 19 21 28 36 5 8 45 40 15 43 3 25 12 34 16 4 33 2 18 39 32 10 27 
23 44 1 31 29 13 42 26 20 38 24 6 22 19 21 28 36 5 8 45 40 15 43 3 25 12 34 16 4 33 2 18 39 32 10 27 
24 44 1 31 29 13 42 26 20 38 24 6 22 19 21 28 36 5 8 45 40 15 43 3 25 12 34 16 4 33 2 18 39 32 10 27 
25 44 1 31 29 13 42 26 20 38 24 6 22 19 21 28 36 5 8 45 40 15 43 3 25 12 34 16 4 33 2 18 39 32 10 27 
26 44 1 31 29 13 42 26 20 38 24 6 22 19 21 28 36 5 8 45 40 15 43 3 25 12 34 16 4 33 2 18 39 32 10 27 
27 44 1 31 29 13 42 26 20 38 24 6 22 19 21 28 36 5 8 45 40 15 43 3 25 12 34 16 4 33 2 18 39 32 10 27 
28 44 1 31 29 13 42 26 20 38 24 6 22 19 21 36 28 5 8 45 40 15 43 3 25 12 34 16 4 33 2 18 39 32 10 27 
29 44 1 31 29 13 42 26 20 38 24 6 22 19 21 28 36 5 8 45 40 15 43 3 25 12 34 16 4 33 2 18 39 32 10 27 
30 44 1 31 29 13 42 26 20 38 24 6 22 19 21 28 36 5 8 45 40 15 43 3 25 12 34 16 4 33 2 18 39 32 10 27 
31 44 1 31 29 13 42 26 20 38 24 6 22 19 21 28 36 5 8 45 40 15 43 3 25 12 34 16 4 33 2 18 39 32 10 27 
32 44 1 31 29 13 42 26 20 38 24 6 22 19 21 28 36 5 8 45 40 15 43 3 25 12 34 16 4 33 2 18 39 32 10 27 
33 44 1 31 29 13 42 26 20 38 24 6 22 19 21 28 36 5 8 45 40 15 43 3 25 12 34 16 4 33 2 18 39 32 10 27 
34 44 1 31 29 13 42 26 20 38 24 6 22 19 21 28 36 5 8 45 40 15 43 3 25 12 34 16 4 33 2 18 39 32 10 27 
35 44 1 31 29 13 42 26 20 38 24 6 22 19 21 28 36 5 8 45 40 15 43 3 25 12 34 16 4 33 2 18 39 32 10 27 
36 44 1 31 29 13 42 26 20 38 24 6 22 19 21 28 36 5 8 45 40 15 43 3 25 12 34 16 4 33 2 18 39 32 10 27 
37 44 1 31 29 13 42 26 20 38 24 6 22 19 21 28 36 5 8 45 40 15 43 3 25 12 34 16 4 33 2 18 39 32 10 27 
38 44 1 31 29 13 42 26 20 38 24 6 22 19 21 28 36 5 8 45 40 15 43 3 25 12 34 16 4 33 2 18 39 32 10 27 
39 44 1 31 29 13 42 26 20 38 24 6 22 19 21 28 36 5 8 45 40 15 43 3 25 12 34 16 4 33 2 18 39 32 10 27 
40 44 1 31 29 13 42 26 20 38 24 6 22 19 21 28 36 5 8 45 40 15 43 3 25 12 34 16 4 33 2 18 39 32 10 27 
41 44 1 31 29 13 42 26 20 38 24 6 22 19 21 28 36 5 8 45 40 15 43 3 25 12 34 16 4 33 2 18 39 32 10 27 
42 44 1 31 29 13 42 26 20 38 24 6 22 19 21 28 36 5 8 45 40 15 43 3 25 12 34 16 4 33 2 18 39 32 10 27 
43 44 1 31 29 13 42 26 20 38 24 6 22 19 21 28 36 5 8 45 40 15 43 3 25 12 34 16 4 33 2 18 39 32 10 27 
44 44 1 31 29 13 42 26 20 38 24 6 22 19 21 28 36 5 8 45 40 15 43 3 25 12 34 16 4 33 2 18 39 32 10 27 
45 44 1 31 29 13 42 26 20 38 24 6 22 19 21 28 36 5 8 45 40 15 43 3 25 12 34 16 4 33 2 18 39 32 10 27 
46 44 1 31 29 13 42 26 20 38 24 6 22 19 21 28 36 5 8 45 40 15 43 3 25 12 34 16 4 33 2 18 39 32 10 27 
47 44 1 31 29 13 42 26 20 38 24 6 22 19 21 28 36 5 8 45 40 15 43 3 25 12 34 16 4 33 2 18 39 32 10 27 
48 44 1 31 29 13 42 26 20 38 24 6 22 19 21 28 36 5 8 45 40 15 43 3 25 12 34 16 4 33 2 18 39 32 10 27 
