1 1 
2 2 1 
3 2 1 3 
4 2 1 4 3 
5 2 1 4 5 3 
6 2 1 4 5 3 
7 2 7 1 4 5 3 
8 2 7 1 4 5 8 3 
9 2 7 1 4 9 5 8 3 
10 2 10 7 1 4 9 5 8 3 
11 2 10 7 1 4 9 5 8 11 3 
12 2 10 7 1 4 9 5 8 11 12 3 
13 2 10 7 1 4 9 5 8 11 12 3 
14 2 10 7 1 4 9 5 8 11 14 12 3 
15 2 7 9 8 11 12 3 10 1 4 15 5 14 
16 2 7 9 8 11 12 3 10 1 4 15 5 14 
17 2 7 9 8 11 12 3 10 1 4 15 5 14 
18 2 7 9 8 11 12 3 10 1 4 15 5 14 
19 2 7 9 8 11 12 3 10 1 4 15 5 14 
20 2 10 7 1 4 9 5 8 11 12 3 
21 2 10 7 1 4 9 5 8 11 12 3 
22 2 10 7 22 1 4 9 5 8 11 12 3 
23 2 7 9 8 11 12 3 23 10 22 1 4 5 
24 2 7 9 8 11 12 3 23 10 22 1 4 5 
25 2 7 9 8 11 12 3 23 10 22 1 4 15 5 14 
