1 1 
2 2 1 
3 2 3 1 
4 2 4 3 1 
5 2 4 5 3 1 
6 2 4 6 5 3 1 
7 2 4 6 5 7 3 1 
8 2 4 6 5 7 3 1 8 
9 2 4 6 5 7 3 1 8 
10 2 4 6 5 7 3 10 1 8 
11 11 2 4 6 5 7 3 10 1 8 
12 12 11 2 4 6 5 7 3 10 1 8 
13 12 11 2 4 6 13 5 7 3 10 1 8 
14 2 4 6 5 12 11 13 14 7 3 10 1 8 
15 2 4 6 5 12 11 13 15 14 7 3 10 1 8 
16 2 4 6 5 16 12 11 13 15 14 7 3 10 1 8 
17 2 4 6 5 16 12 11 17 13 15 14 7 3 10 1 8 
18 2 4 6 18 5 16 12 11 17 13 15 14 7 3 10 1 8 
19 19 2 4 6 18 5 16 12 11 17 13 15 14 7 3 10 1 8 
20 19 2 4 6 18 5 16 20 12 11 17 13 15 14 7 3 10 1 8 
21 19 2 4 6 18 5 16 20 12 11 17 13 15 14 7 3 10 1 8 
22 22 19 2 6 18 5 16 20 12 11 17 13 15 14 7 3 10 1 8 
23 22 19 2 6 18 5 16 20 12 11 17 13 15 14 7 3 10 1 8 
24 2 4 6 24 5 7 3 1 8 
25 2 4 6 24 5 25 7 3 1 8 
26 26 2 4 6 24 5 25 7 3 1 8 
27 26 2 4 6 24 5 25 7 3 1 8 
28 26 2 4 6 24 5 25 7 3 1 8 28 
29 2 4 6 24 5 29 28 26 25 7 3 1 8 
30 2 4 6 24 30 5 29 28 26 25 7 3 1 8 
31 2 4 6 24 30 5 29 31 28 26 25 7 3 1 8 
32 2 4 6 24 30 5 29 31 28 26 32 25 7 3 1 8 
33 2 4 6 24 30 5 29 31 33 28 26 32 25 7 3 1 8 
34 2 4 6 24 30 5 29 31 33 28 26 32 25 7 3 34 1 8 
35 2 4 6 24 30 35 5 29 31 33 28 26 32 25 7 3 34 1 8 
36 2 4 6 24 30 35 5 29 36 31 33 28 26 32 25 7 3 34 1 8 
37 2 4 6 24 30 35 5 29 36 31 33 28 26 37 32 25 7 3 34 1 8 
38 2 4 6 24 30 35 5 29 36 38 31 33 28 26 37 32 25 7 3 34 1 8 
39 2 4 6 24 30 35 5 29 36 38 31 33 28 26 37 32 25 7 3 34 1 8 
40 2 6 24 30 35 5 29 36 38 31 33 28 26 37 32 25 40 7 3 34 1 8 
41 2 6 24 30 35 5 29 36 38 31 33 28 26 37 32 25 40 7 3 34 1 8 
42 26 2 4 6 24 5 25 7 3 42 1 8 
43 2 4 6 24 5 42 43 26 25 7 3 1 8 
44 2 4 6 24 5 42 43 26 44 25 7 3 1 8 
45 2 4 6 24 5 42 43 26 44 25 7 3 1 8 
46 46 2 4 6 24 5 42 43 26 44 25 7 3 1 8 
47 46 2 4 6 24 5 42 43 26 44 25 47 7 3 1 8 
48 46 48 2 4 6 24 5 42 43 26 44 25 47 7 3 1 8 
49 46 48 2 4 6 24 5 42 49 43 26 44 25 47 7 3 1 8 
50 46 50 48 2 4 6 24 5 42 49 43 26 44 25 47 7 3 1 8 
51 46 50 48 2 4 6 24 5 51 42 49 43 26 44 25 47 7 3 1 8 
52 46 50 48 2 4 6 24 5 51 42 49 43 52 26 44 25 47 7 3 1 8 
53 46 50 48 2 4 6 24 5 51 42 49 43 52 26 44 25 47 53 7 3 1 8 
54 46 50 48 2 4 6 24 5 51 42 49 54 43 52 26 44 25 47 53 7 3 1 8 
55 46 50 48 2 4 6 24 5 51 55 42 49 54 43 52 26 44 25 47 53 7 3 1 8 
56 46 48 2 24 5 49 54 43 44 25 7 56 50 4 6 51 55 42 52 26 47 53 3 1 8 
57 46 48 2 24 5 49 54 43 44 25 7 56 50 4 6 51 55 42 52 26 47 53 3 1 8 
58 46 48 2 24 5 49 54 43 44 25 7 56 50 6 51 55 42 52 26 47 53 3 58 1 8 
59 46 48 2 24 5 49 54 43 44 25 7 56 50 6 51 55 42 52 26 47 53 3 58 1 8 
60 2 4 6 24 5 42 43 26 44 60 25 7 3 1 8 
61 2 4 6 24 5 42 43 26 44 60 25 7 61 3 1 8 
62 2 4 6 24 5 42 43 62 26 44 60 25 7 61 3 1 8 
63 2 4 6 24 5 42 43 62 26 44 60 25 7 61 3 1 8 
64 64 2 4 6 24 5 42 43 62 26 44 60 25 7 61 3 1 8 
65 64 2 4 6 24 5 42 43 62 26 44 60 25 7 61 3 1 8 65 
66 64 2 4 6 24 66 5 42 43 62 26 44 60 25 7 61 3 1 8 65 
67 64 2 4 6 24 66 5 42 43 62 26 44 67 60 25 7 61 3 1 8 65 
68 64 68 2 4 6 24 66 5 42 43 62 26 44 67 60 25 7 61 3 1 8 65 
69 64 68 2 4 6 24 69 66 5 42 43 62 26 44 67 60 25 7 61 3 1 8 65 
70 64 68 2 4 6 24 69 66 5 42 43 62 26 44 67 60 25 7 61 3 1 8 65 70 
71 64 2 24 5 43 44 60 71 25 7 61 68 4 6 69 66 42 62 26 67 3 1 8 65 70 
72 64 2 24 5 72 43 44 60 71 25 7 61 68 4 6 69 66 42 62 26 67 3 1 8 65 70 
73 64 2 24 5 72 43 44 60 71 25 7 61 73 68 4 6 69 66 42 62 26 67 3 1 8 65 70 
74 64 2 24 74 5 72 43 44 60 71 25 7 61 73 68 4 6 69 66 42 62 26 67 3 1 8 65 70 
75 64 2 24 74 5 72 43 44 60 71 25 7 61 73 68 4 6 69 66 42 62 26 67 3 1 8 65 70 
76 64 2 24 74 5 76 72 43 44 60 71 25 7 61 73 68 6 69 66 42 62 26 67 3 1 8 65 70 
77 18 74 5 29 38 76 20 49 54 11 44 73 50 19 6 4 69 36 55 33 28 52 37 32 13 15 14 47 53 3 34 58 70 22 46 64 48 2 24 30 31 72 43 17 60 71 25 7 61 10 56 68 35 66 16 51 42 62 12 26 67 40 1 8 65 
