1 1 
2 1 2 
3 1 3 2 
4 1 3 2 4 
5 1 3 2 5 4 
6 1 6 3 2 5 4 
7 1 6 3 2 5 4 
8 1 6 3 2 5 8 4 
9 1 6 9 3 2 5 8 4 
10 1 6 9 3 2 5 8 4 10 
11 1 6 9 3 2 5 8 4 10 
12 1 6 9 3 2 5 8 4 12 10 
13 1 6 3 2 5 8 4 12 13 10 
14 1 6 9 3 2 5 8 4 12 13 10 14 
15 1 6 9 20 5 21 8 19 4 13 15 23 17 3 2 18 26 12 10 14 
16 1 6 9 20 5 21 8 19 4 13 15 23 17 3 2 18 26 12 10 14 
17 1 6 9 20 5 21 8 19 4 13 15 23 17 3 2 18 26 12 10 14 
18 1 6 9 20 5 21 8 19 4 13 15 23 17 3 2 18 26 12 10 14 
19 1 6 9 20 5 21 8 19 4 13 15 23 17 3 2 18 26 12 10 14 
20 1 6 9 20 5 21 8 19 4 13 15 23 17 3 2 18 26 12 10 14 
21 1 6 9 20 5 21 8 19 4 13 15 23 17 3 2 18 26 12 10 14 
22 1 6 9 20 5 21 8 19 4 13 15 23 17 3 2 18 26 12 10 14 
23 1 6 9 20 5 21 19 4 13 15 23 17 3 2 18 26 12 10 14 
24 1 6 9 20 5 21 8 19 4 13 15 23 17 3 2 18 26 12 10 14 
25 1 6 9 20 5 21 8 19 4 13 15 23 17 3 2 18 26 12 10 14 
26 1 6 9 20 5 21 8 19 4 13 15 23 17 3 2 18 26 12 10 
27 1 6 9 20 5 21 8 19 4 13 15 23 17 3 2 18 26 12 10 
28 1 6 9 20 5 21 8 19 4 13 15 23 17 3 2 18 26 12 10 14 
29 1 6 9 20 5 21 8 19 4 13 15 23 17 3 2 18 26 12 10 14 
30 1 6 9 20 5 21 8 19 4 13 30 15 23 17 3 2 18 12 10 
31 1 6 9 20 5 21 31 8 19 4 13 34 30 15 23 35 17 3 2 18 33 12 37 10 
32 1 6 9 20 5 21 31 8 19 4 13 34 30 15 23 35 17 3 2 18 33 12 37 10 
33 1 6 9 20 5 21 31 8 19 4 13 34 30 15 23 35 17 3 2 18 33 12 37 10 
34 1 6 9 20 5 21 31 8 19 4 13 34 30 15 23 35 17 3 2 18 33 12 37 10 
35 1 6 9 20 5 21 31 8 19 4 13 34 30 15 23 35 17 3 2 18 33 12 37 10 
36 1 6 9 20 5 21 31 8 19 4 13 34 30 15 23 35 17 3 2 18 33 12 37 10 
37 1 6 9 20 5 21 31 8 19 4 13 34 15 23 35 17 3 2 18 33 12 37 10 
38 1 6 9 20 5 21 31 8 19 4 13 34 15 23 35 17 3 2 18 33 12 37 10 
39 1 6 9 20 31 19 4 13 30 15 35 17 10 5 21 8 34 23 39 3 2 18 33 12 37 
40 1 6 9 20 31 19 4 13 30 15 35 17 10 5 21 8 34 23 40 39 3 2 18 33 12 37 
41 1 6 9 20 31 19 4 13 30 15 35 17 10 5 21 8 34 23 40 39 3 2 18 33 12 37 
42 1 6 9 20 31 19 4 13 30 15 35 17 10 5 21 42 8 34 23 40 39 3 2 18 33 12 37 
43 1 6 9 20 31 19 4 13 30 15 35 17 43 10 5 21 42 8 34 23 40 39 3 2 18 33 12 37 
44 1 6 9 20 31 19 4 13 30 15 35 17 43 10 5 21 42 8 34 23 40 39 3 2 18 33 12 37 
45 1 6 9 20 31 19 4 13 30 15 35 17 43 10 45 5 21 42 8 34 23 40 39 3 2 18 33 12 37 
46 1 6 9 20 31 19 46 4 13 30 15 35 17 43 10 45 5 21 42 8 34 23 40 39 3 2 18 33 12 37 
47 1 6 9 20 31 19 46 4 13 30 15 35 17 43 10 45 5 21 42 8 34 23 40 39 3 2 18 33 12 37 
48 1 6 9 20 31 19 46 4 13 30 15 35 17 43 10 45 5 21 42 8 34 23 40 39 3 2 18 33 12 37 
49 1 6 9 20 31 19 46 4 13 30 15 35 17 49 43 10 45 5 21 42 8 34 23 40 39 3 2 18 33 12 37 
50 1 6 9 20 31 19 46 4 13 15 35 17 49 43 10 45 5 21 42 8 34 23 40 39 3 2 18 33 50 12 
51 1 6 9 20 31 19 46 4 13 15 35 17 49 43 10 45 5 21 42 8 34 23 40 39 51 3 2 18 50 33 12 
52 1 6 9 20 31 19 46 52 4 13 15 35 17 49 43 10 45 5 21 42 8 34 23 40 39 51 3 2 18 50 33 12 
53 1 6 9 20 31 19 46 52 4 13 15 35 17 49 43 10 45 5 21 42 53 8 34 23 40 39 51 3 2 18 50 33 12 
54 1 6 9 20 31 19 46 52 4 13 15 35 17 49 43 10 45 5 21 42 53 8 34 23 40 39 51 3 2 18 50 33 12 
55 1 6 9 20 31 19 46 52 4 13 15 35 17 49 55 43 10 45 5 21 42 53 8 34 23 40 39 51 3 2 18 50 33 12 
56 1 6 9 20 31 19 46 52 4 13 15 35 17 49 55 43 10 45 5 21 42 53 8 34 23 40 56 39 51 3 2 18 50 33 12 
57 1 6 9 20 31 19 46 52 4 13 15 35 17 49 55 43 57 10 45 5 21 42 53 8 34 23 40 56 39 51 3 2 18 50 33 12 
58 1 6 9 20 31 19 46 52 4 13 15 35 17 49 55 43 57 10 45 5 21 42 53 8 34 23 40 56 39 51 3 2 18 50 33 12 58 
59 1 6 9 20 31 19 46 52 4 13 15 35 17 49 55 43 57 10 45 59 5 21 42 53 8 34 23 40 56 39 51 3 2 18 50 33 12 58 
60 1 6 9 20 31 19 46 52 4 13 15 35 17 49 55 43 57 10 45 59 5 21 42 53 8 34 23 40 56 39 51 3 2 18 50 33 12 58 
61 1 6 9 20 31 19 46 52 4 13 15 35 17 49 55 43 57 10 45 59 5 21 42 53 8 34 23 40 56 39 51 3 2 61 18 50 33 12 58 
62 1 6 9 20 31 19 46 52 4 13 15 35 17 62 49 55 43 57 10 45 59 5 21 42 53 8 34 23 40 56 39 51 3 2 61 18 50 33 12 58 
63 1 6 9 20 31 19 46 52 4 13 15 35 17 62 49 55 43 57 10 45 59 5 21 42 53 8 34 63 23 40 56 39 51 3 2 61 18 50 33 12 58 
64 1 6 9 20 31 19 46 52 4 13 15 35 17 62 49 55 43 57 10 45 59 5 21 42 53 8 34 63 23 40 56 39 51 3 2 61 18 50 33 12 58 
65 1 6 9 20 31 19 46 52 4 13 15 35 17 62 49 55 43 57 10 45 59 5 21 42 53 8 34 63 23 40 56 39 51 3 2 61 18 50 33 12 58 
66 1 6 9 20 31 19 46 52 4 13 15 35 17 62 49 55 43 57 10 45 59 5 21 42 53 8 34 63 23 40 56 39 51 3 2 61 18 50 33 12 58 
67 1 6 9 20 31 19 46 52 4 13 15 35 17 62 49 55 43 57 10 45 59 5 21 42 53 8 34 63 23 40 56 39 51 3 2 61 18 50 33 12 58 
