1 1 
2 2 1 
3 2 3 1 
4 2 3 1 4 
5 2 3 1 4 
6 2 3 1 4 
7 2 3 7 1 4 
8 2 3 7 8 1 4 
9 2 3 7 8 1 4 
10 10 2 3 7 8 1 4 
11 10 2 11 3 7 8 1 4 
12 10 2 11 3 7 8 1 4 
13 10 2 11 3 7 8 13 1 4 
14 10 2 3 22 21 7 8 1 4 18 11 24 16 13 14 17 20 
15 10 2 3 22 21 7 8 1 4 18 11 24 16 13 14 17 20 
16 10 2 3 22 21 7 8 1 4 18 11 24 16 13 14 17 20 
17 10 2 3 22 21 7 8 1 4 18 11 24 16 13 14 17 20 
18 10 2 3 22 21 7 8 1 4 18 11 24 16 13 14 17 20 
19 10 2 3 22 21 7 8 1 4 18 11 24 16 13 14 17 20 
20 10 2 3 22 21 7 8 1 4 18 11 24 16 13 14 17 20 
21 10 2 3 22 21 7 8 1 4 18 11 24 16 13 14 17 20 
22 10 2 3 22 21 7 8 1 4 18 11 24 16 13 14 17 20 
23 10 2 3 22 21 7 8 1 4 18 11 24 16 13 14 17 20 
24 10 2 3 22 21 7 8 1 4 18 11 24 16 14 17 20 
25 10 2 3 22 21 7 8 1 4 18 11 24 16 14 17 20 
26 10 2 3 22 21 7 8 1 4 18 11 24 16 13 14 17 20 
