1 1 
2 2 1 
3 3 2 1 
4 3 4 2 1 
5 3 4 5 2 1 
6 3 4 5 2 6 1 
7 3 4 5 2 6 1 
8 3 4 5 2 6 1 
9 9 3 4 5 2 6 1 
10 9 3 4 5 2 6 1 
11 9 3 11 4 5 2 6 1 
12 9 3 11 4 5 2 6 1 
13 9 3 11 4 5 2 6 1 
14 9 3 11 4 5 2 6 14 1 
15 9 3 11 4 5 2 6 14 1 15 
16 9 16 3 11 4 5 2 6 14 1 15 
17 9 16 3 11 17 4 5 2 6 14 1 15 
18 9 16 11 4 2 14 1 18 3 17 5 6 15 
19 9 16 11 4 2 19 14 1 18 3 17 5 6 15 
20 9 16 11 4 2 19 14 1 18 3 17 5 6 20 15 
21 9 16 11 4 2 19 14 1 18 3 17 5 6 20 15 
22 9 16 11 4 2 19 14 1 22 18 3 17 5 6 15 
23 9 16 11 4 2 19 14 1 18 3 17 5 6 23 15 
24 9 16 11 4 2 19 14 1 18 3 17 5 6 23 15 24 
25 9 16 11 25 4 2 19 14 1 18 3 17 5 6 23 15 24 
26 9 16 11 25 4 2 19 14 1 18 3 17 5 6 23 15 24 26 
27 9 11 25 4 2 19 14 1 18 3 17 5 6 27 23 15 24 26 
28 9 28 11 25 4 2 19 14 1 18 3 17 5 6 27 23 15 24 26 
29 9 28 11 25 4 2 19 14 1 18 3 17 5 6 27 23 15 24 29 26 
30 9 28 11 25 4 2 30 14 1 18 3 17 5 6 27 23 15 24 29 26 
31 9 28 11 25 4 2 30 14 1 31 18 3 17 5 6 27 23 15 24 29 26 
32 9 28 11 25 4 2 30 14 1 31 18 32 3 17 5 6 27 23 15 24 29 26 
33 9 33 28 11 25 4 2 30 14 1 31 18 32 3 17 5 6 27 23 15 24 29 26 
34 9 33 28 11 25 4 2 30 14 1 31 18 32 34 3 17 5 6 27 23 15 24 29 26 
35 9 30 1 31 18 34 35 17 6 23 29 33 28 11 25 4 2 14 32 3 5 27 15 24 26 
36 9 30 1 31 18 34 35 17 6 23 29 33 36 28 11 25 4 2 14 32 3 5 27 15 24 26 
37 9 30 1 31 18 34 35 37 17 6 23 29 33 36 28 11 25 4 2 14 32 3 5 27 15 24 26 
38 9 30 1 31 18 34 35 37 17 6 23 29 33 36 28 11 25 4 2 14 32 3 5 27 15 24 26 
39 9 39 30 1 31 18 34 35 37 17 6 23 29 33 36 28 11 25 4 2 14 32 3 5 27 15 24 26 
40 9 39 30 1 31 18 34 35 37 17 6 23 29 33 36 28 11 25 4 2 14 32 3 5 40 27 15 24 26 
41 9 39 30 1 31 18 34 41 35 37 17 6 23 29 33 36 28 11 25 4 2 14 32 3 5 40 27 15 24 26 
42 9 39 42 30 1 31 18 34 41 35 37 17 6 23 29 33 36 28 11 25 4 2 14 32 3 5 40 27 15 24 26 
43 9 39 42 30 1 31 18 34 41 35 37 17 6 23 29 33 36 28 11 25 4 2 43 14 32 3 5 40 27 15 24 26 
44 9 39 42 30 1 31 18 34 41 35 37 17 6 23 29 44 33 36 28 11 25 4 2 43 14 32 3 5 40 27 15 24 26 
45 9 39 42 30 1 31 18 34 41 35 37 17 6 45 23 29 44 33 36 28 11 25 4 2 43 14 32 3 5 40 27 15 24 26 
46 9 39 42 30 1 31 18 34 41 35 37 17 6 45 23 29 44 33 36 28 11 25 4 2 43 14 46 32 3 5 40 27 15 24 26 
47 9 39 42 30 1 31 18 34 41 35 37 17 47 6 45 23 29 44 33 36 28 11 25 4 2 43 14 46 32 3 5 40 27 15 24 26 
48 9 39 42 30 1 31 18 34 41 35 37 17 47 6 45 23 29 44 33 36 28 11 25 4 2 43 14 46 32 3 5 40 48 27 15 24 26 
49 9 39 42 30 1 31 18 34 41 35 37 17 47 6 45 23 29 44 33 36 28 11 25 4 2 43 14 46 32 3 5 40 48 27 15 24 49 26 
50 9 39 42 30 1 31 18 34 41 35 37 17 47 6 45 23 29 44 33 36 28 11 25 4 2 43 14 46 32 3 5 40 48 27 15 24 49 26 
51 9 39 42 30 1 31 18 34 41 35 37 17 47 6 45 23 29 44 33 36 28 11 25 4 2 43 51 14 46 32 3 5 40 48 27 15 24 49 26 
52 9 39 42 30 1 31 18 34 41 35 37 17 47 6 45 23 29 44 33 36 28 11 25 4 2 43 51 14 46 32 3 5 40 48 27 15 24 49 26 
53 9 39 53 42 30 1 31 18 34 41 35 37 17 47 6 45 23 29 44 33 36 28 11 25 4 2 43 51 14 46 32 3 5 40 48 27 15 24 49 26 
54 9 39 53 42 30 1 31 18 34 41 35 37 17 47 6 45 23 29 44 33 36 28 54 11 25 4 2 43 51 14 46 32 3 5 40 48 27 15 24 49 26 
55 9 39 53 42 30 1 31 18 34 41 35 37 17 47 6 45 23 29 44 33 36 28 54 11 25 4 2 43 51 14 46 32 3 5 40 48 27 15 24 49 26 
56 9 39 53 42 30 1 31 18 34 41 35 37 17 47 6 45 23 29 44 33 36 28 54 11 25 4 2 43 51 14 46 32 3 5 40 48 27 15 24 49 26 
57 9 39 53 42 30 1 31 18 34 41 35 37 17 47 6 45 23 29 44 33 36 28 54 11 25 4 2 43 51 57 14 46 32 3 5 40 48 27 15 24 49 26 
58 9 39 53 42 30 1 31 18 34 41 35 37 17 47 6 45 23 58 29 44 33 36 28 54 11 25 4 2 43 51 57 14 46 32 3 5 40 48 27 15 24 49 26 
59 9 39 53 42 30 1 31 18 34 41 35 37 17 47 6 45 23 58 29 44 33 36 28 54 11 25 4 2 43 51 57 14 46 32 3 5 40 48 27 15 24 49 26 
60 9 39 53 42 30 1 31 18 34 41 35 37 17 47 6 45 23 58 29 44 33 36 28 54 11 25 4 2 43 51 57 14 46 32 3 5 40 48 27 15 24 49 26 
61 9 39 53 42 30 1 31 18 34 41 35 37 17 47 6 45 23 58 29 44 33 36 28 54 11 25 4 2 43 51 57 14 46 32 3 61 5 40 48 27 15 24 49 26 
62 9 39 53 42 30 1 31 18 34 41 35 37 17 47 6 45 23 58 29 44 33 36 28 54 11 25 4 2 43 51 57 62 14 46 32 3 61 5 40 48 27 15 24 49 26 
63 9 39 53 42 30 1 31 18 34 41 35 37 17 47 6 45 23 58 29 44 33 36 28 54 11 25 4 2 43 51 57 62 14 46 32 3 61 5 40 48 27 15 24 49 26 
64 9 39 53 42 30 1 31 18 34 41 35 37 17 64 47 6 45 23 58 29 44 33 36 28 54 11 25 4 2 43 51 57 62 14 46 32 3 61 5 40 48 27 15 24 49 26 
65 9 39 53 42 30 1 31 18 34 41 35 37 17 64 47 6 45 23 58 29 44 33 36 28 54 11 25 4 2 43 51 57 62 14 46 32 3 61 5 40 48 27 15 24 49 26 
66 9 39 53 42 30 1 31 18 34 41 35 37 17 64 47 6 45 23 58 29 44 33 36 28 54 11 66 25 4 2 43 51 57 62 14 46 32 3 61 5 40 48 27 15 24 49 26 
67 9 39 53 42 30 1 31 18 34 41 35 37 17 64 47 6 45 23 58 29 44 33 36 28 54 11 66 25 4 2 43 51 57 62 14 46 32 3 61 5 40 48 27 15 24 49 26 
68 9 68 39 53 42 30 1 31 18 34 41 35 37 17 64 47 6 45 23 58 29 44 33 36 28 54 11 66 25 4 2 43 51 57 62 14 46 32 3 61 5 40 48 27 15 24 49 26 
69 39 53 42 30 31 18 34 41 47 23 44 33 36 28 54 11 69 32 3 40 27 15 26 9 68 1 35 37 17 64 6 45 58 29 66 25 4 2 43 51 57 62 14 46 61 5 48 24 49 
70 39 53 42 30 70 31 18 34 41 47 23 44 33 36 28 54 11 69 32 3 40 27 15 26 9 68 1 35 37 17 64 6 45 58 29 66 25 4 2 43 51 57 62 14 46 61 5 48 24 49 
71 39 53 42 30 70 31 18 34 41 47 23 44 33 36 28 54 11 69 32 3 40 27 15 26 9 68 71 1 35 37 17 64 6 45 58 29 66 25 4 2 43 51 57 62 14 46 61 5 48 24 49 
72 39 53 42 30 70 31 18 34 41 47 72 23 44 33 36 28 54 11 69 32 3 40 27 15 26 9 68 71 1 35 37 17 64 6 45 58 29 66 25 4 2 43 51 57 62 14 46 61 5 48 24 49 
73 39 53 42 30 70 31 18 34 41 47 72 23 44 33 36 28 54 11 69 32 3 40 27 15 26 9 68 71 1 35 37 17 64 6 45 58 29 66 25 4 2 43 51 57 62 14 46 61 5 48 24 49 
74 39 53 42 30 70 31 18 34 41 47 72 23 44 33 36 28 54 11 69 32 3 40 27 15 26 9 68 74 71 1 35 37 17 64 6 45 58 29 66 25 4 2 43 51 57 62 14 46 61 5 48 24 49 
75 39 53 42 30 70 31 18 34 41 47 72 23 44 33 36 28 54 11 69 32 3 40 27 15 26 9 68 74 71 1 35 37 17 64 6 45 58 29 66 25 4 2 43 51 57 62 14 46 61 5 48 24 49 
76 39 53 42 30 70 31 18 34 41 47 72 23 44 33 36 28 54 11 69 32 3 40 27 15 26 9 68 74 71 1 35 37 17 64 6 45 58 29 66 25 4 2 43 51 57 62 14 46 61 5 48 24 49 76 
77 77 39 53 42 30 70 31 18 34 41 47 72 23 44 33 36 28 54 11 69 32 3 40 27 15 26 9 68 74 71 1 35 37 17 64 6 45 58 29 66 25 4 2 43 51 57 62 14 46 61 5 48 24 49 76 
78 77 39 53 42 30 70 31 18 34 41 47 72 23 44 33 36 28 54 11 69 32 3 40 27 15 26 9 68 74 71 1 35 37 17 64 6 45 58 29 66 25 4 2 43 51 57 62 14 46 61 5 48 24 49 76 
79 77 39 53 42 30 70 31 18 34 41 47 72 23 44 33 36 28 54 11 69 32 3 40 27 15 26 9 74 71 1 35 37 17 64 6 45 58 29 79 66 25 4 2 43 51 57 62 14 46 61 5 48 24 49 76 
80 77 39 53 42 80 30 70 31 18 34 41 47 72 23 44 33 36 28 54 11 69 32 3 40 27 15 26 9 74 71 1 35 37 17 64 6 45 58 29 79 66 25 4 2 43 51 57 62 14 46 61 5 48 24 49 76 
81 77 39 53 42 80 30 70 31 18 34 41 47 72 23 44 33 36 28 54 11 69 32 3 40 27 15 26 9 74 71 1 35 37 17 64 6 45 58 29 79 66 25 4 2 43 51 57 62 81 14 46 61 5 48 24 49 76 
82 77 39 53 42 80 30 70 31 18 34 41 47 72 23 44 33 36 28 54 11 69 32 3 40 27 15 26 9 74 71 1 35 37 17 64 6 45 58 29 79 66 25 4 2 43 51 57 62 81 14 46 82 61 5 48 24 49 76 
83 77 39 53 42 80 30 70 31 18 34 41 47 72 23 44 33 36 28 54 11 69 32 3 40 27 15 26 9 74 71 1 35 37 17 64 6 45 58 29 79 66 25 4 2 43 51 57 62 81 14 46 82 83 61 5 48 24 49 76 
84 77 39 53 42 80 30 70 31 18 34 41 47 72 23 44 33 36 28 54 11 69 32 3 40 27 15 26 9 74 71 1 35 37 17 64 6 45 58 29 79 66 25 4 2 43 51 57 62 81 14 46 82 83 61 5 48 24 49 76 
85 77 39 53 42 80 30 70 31 18 34 41 47 72 23 44 33 36 28 54 11 69 32 3 40 27 15 26 9 74 71 1 35 37 85 17 64 6 45 58 29 66 25 4 2 43 51 57 62 81 14 46 82 83 61 5 48 24 49 76 
86 86 77 39 53 42 80 30 70 31 18 34 41 47 72 23 44 33 36 28 54 11 69 32 3 40 27 15 26 9 74 71 1 35 37 85 17 64 6 45 58 29 66 25 4 2 43 51 57 62 81 14 46 82 83 61 5 48 24 49 76 
87 86 77 39 53 42 80 30 70 31 18 34 41 47 87 72 23 44 33 36 28 54 11 69 32 3 40 27 15 26 9 74 71 1 35 37 85 17 64 6 45 58 29 66 25 4 2 43 51 57 62 81 14 46 82 83 61 5 48 24 49 76 
88 86 77 39 53 42 80 30 70 31 18 34 41 47 87 72 23 44 33 36 28 54 11 69 32 3 40 27 15 26 9 88 74 71 1 35 37 85 17 64 6 45 58 29 66 25 4 2 43 51 57 62 81 14 46 82 83 61 5 48 24 49 76 
89 86 77 39 53 89 42 80 30 70 31 18 34 41 47 87 72 23 44 33 36 28 54 11 69 32 3 40 27 15 26 9 88 74 71 1 35 37 85 17 64 6 45 58 29 66 25 4 2 43 51 57 62 81 14 46 82 83 61 5 48 24 49 76 
90 86 77 39 53 89 42 80 30 70 31 18 34 41 47 87 72 23 44 33 36 28 54 11 69 32 3 40 27 15 26 9 88 74 71 1 35 37 85 17 64 6 45 58 29 66 25 4 2 43 51 57 62 81 14 46 82 83 61 5 48 24 49 76 
91 86 77 39 53 89 91 42 80 30 70 31 18 34 41 47 87 72 23 44 33 36 28 54 11 69 32 3 40 27 15 26 9 88 74 71 1 35 37 17 64 6 45 58 29 66 25 4 2 43 51 57 62 81 14 46 82 83 61 5 48 24 49 76 
92 86 77 39 53 89 91 42 80 30 70 31 18 34 41 47 87 72 23 44 33 36 28 54 11 69 32 3 40 27 15 26 9 88 74 71 1 92 35 37 17 64 6 45 58 29 66 25 4 2 43 51 57 62 81 14 46 82 83 61 5 48 24 49 76 
93 86 77 39 53 89 91 42 80 30 70 31 18 34 41 47 87 72 23 44 33 36 28 54 11 69 32 3 40 27 15 26 93 9 88 74 71 1 92 35 37 17 64 6 45 58 29 66 25 4 2 43 51 57 62 81 14 46 82 83 61 5 48 24 49 76 
94 86 77 39 53 89 91 42 80 30 70 31 18 34 41 47 87 72 23 44 33 36 28 54 11 69 32 3 40 27 15 26 93 9 88 74 71 1 92 35 37 17 64 6 45 58 29 66 25 4 2 43 51 57 62 81 14 46 94 82 83 61 5 48 24 49 76 
95 86 77 39 53 89 91 42 80 30 70 31 18 34 41 47 87 72 23 44 33 36 28 54 11 69 32 3 40 27 15 26 93 9 88 74 71 1 92 35 37 17 64 6 45 58 29 95 66 25 4 2 43 51 57 62 81 14 46 94 82 83 61 5 48 24 49 76 
96 86 77 39 53 89 91 42 80 30 70 31 18 34 41 47 87 72 23 44 33 36 28 54 11 69 32 3 40 27 15 26 93 9 88 74 71 1 92 35 37 17 64 6 45 58 29 95 66 25 4 2 43 51 57 62 81 14 46 94 82 83 61 5 48 24 49 76 
97 86 77 39 53 89 91 42 80 30 70 31 18 97 34 41 47 87 72 23 44 33 36 28 54 11 69 32 3 40 27 15 26 93 9 88 74 71 1 92 35 37 17 64 6 45 58 29 95 66 25 4 2 43 51 57 62 81 14 46 94 82 83 61 5 48 24 49 76 
98 86 77 39 53 89 91 42 80 30 70 31 18 97 34 41 47 87 72 23 98 44 33 36 28 54 11 69 32 3 40 27 15 26 93 9 88 74 71 1 92 35 37 17 64 6 45 58 29 95 66 25 4 2 43 51 57 62 81 14 46 94 82 83 61 5 48 24 49 76 
99 86 77 39 53 89 91 42 80 30 70 31 18 97 34 41 47 87 72 23 98 44 33 36 28 54 11 69 32 3 40 27 15 26 93 9 88 74 71 1 99 92 35 37 17 64 6 45 58 29 95 66 25 4 2 43 51 57 62 81 14 46 94 82 83 61 5 48 24 49 76 
100 86 77 39 53 122 89 91 121 42 80 117 30 70 31 108 18 97 34 41 102 118 124 47 87 72 23 98 44 120 33 36 28 54 11 69 105 32 119 110 114 3 107 40 112 103 27 15 26 93 109 9 88 74 71 115 1 101 116 113 99 92 35 37 17 64 104 6 45 58 29 95 66 25 4 2 43 51 57 62 81 14 46 94 106 82 83 61 111 5 48 24 49 76 
101 86 77 39 53 122 89 91 121 42 80 117 30 70 31 108 18 97 34 41 102 118 124 47 87 72 23 98 44 120 33 36 28 54 11 69 105 32 119 110 114 3 107 40 112 103 27 15 26 93 109 9 88 74 71 115 1 116 101 113 99 92 35 37 17 64 104 6 45 58 29 95 66 25 4 2 43 51 57 62 81 14 46 94 106 82 83 61 111 5 48 24 49 76 
102 86 77 39 53 122 89 91 121 42 80 117 30 70 31 108 18 97 34 41 118 102 124 47 87 72 23 98 44 120 33 36 28 54 11 69 105 32 119 110 114 3 107 40 112 103 27 15 26 93 109 9 88 74 71 115 1 101 116 113 99 92 35 37 17 64 104 6 45 58 29 95 66 25 4 2 43 51 57 62 81 14 46 94 106 82 83 61 111 5 48 24 49 76 
103 86 77 39 53 122 89 91 121 42 80 117 30 70 31 108 18 97 34 41 102 118 124 47 87 72 23 98 44 120 33 36 28 54 11 69 105 32 119 110 114 3 107 40 112 103 27 15 26 93 109 9 88 74 71 115 1 101 116 113 99 92 35 37 17 64 104 6 45 58 29 95 66 25 4 2 43 51 57 62 81 14 46 94 106 82 83 61 111 5 48 24 49 76 
104 86 77 39 53 122 89 91 121 42 80 117 30 70 31 108 18 97 34 41 102 118 124 47 87 72 23 98 44 120 33 36 28 54 11 69 105 32 119 110 114 3 107 40 112 103 27 15 26 93 109 9 88 74 71 115 1 101 116 113 99 92 35 37 17 64 104 6 45 58 29 95 66 25 4 2 43 51 57 62 81 14 46 94 106 82 83 61 111 5 48 24 49 76 
105 86 77 39 53 122 89 91 121 42 80 117 30 70 31 108 18 97 34 41 102 118 124 47 87 72 23 98 44 120 33 36 28 54 11 69 105 32 119 110 114 3 107 40 112 103 27 15 26 93 109 9 88 74 71 115 1 101 116 113 99 92 35 37 17 64 104 6 45 58 29 95 66 25 4 2 43 51 57 62 81 14 46 94 106 82 83 61 111 5 48 24 49 76 
106 86 77 39 53 122 89 91 121 42 80 117 30 70 31 108 18 97 34 41 102 118 124 47 87 72 23 98 44 120 33 36 28 54 11 69 105 32 119 110 114 3 107 40 112 103 27 15 26 93 109 9 88 74 71 115 1 101 116 113 99 92 35 37 17 64 104 6 45 58 29 95 66 25 4 2 43 51 57 62 81 14 46 94 106 82 83 61 111 5 48 24 49 76 
107 86 77 39 53 122 89 121 42 80 117 30 70 31 108 18 97 34 41 102 118 124 47 87 72 23 98 44 120 33 36 28 54 11 69 105 32 119 110 114 3 107 40 112 103 27 15 26 93 109 9 88 74 71 115 1 101 116 113 99 92 35 37 17 64 104 6 45 58 29 95 66 25 4 2 43 51 57 62 81 14 46 94 106 82 83 61 111 5 48 24 49 76 
108 86 77 39 53 122 89 121 42 80 117 30 70 31 108 18 97 34 41 102 118 124 47 87 72 23 98 44 120 33 36 28 54 11 69 105 32 119 110 114 3 107 40 112 103 27 15 26 93 109 9 88 74 71 115 1 101 116 113 99 92 35 37 17 64 104 6 45 58 29 95 66 25 4 2 43 51 57 62 81 14 46 94 106 82 83 61 111 5 48 24 49 76 
109 86 77 39 53 122 89 121 42 80 117 30 70 31 108 18 97 34 41 102 118 124 47 87 72 23 98 44 120 33 36 28 54 11 69 105 32 119 110 114 3 107 40 112 103 27 15 26 93 109 9 88 74 71 115 1 101 116 113 99 92 35 37 17 64 104 6 45 58 29 95 66 25 4 2 43 51 57 62 81 14 46 94 106 82 83 61 111 5 48 24 49 76 
110 86 77 39 53 122 89 121 42 80 117 30 70 31 108 18 97 34 41 102 118 124 47 87 72 23 98 44 120 33 36 28 54 11 69 105 32 119 110 114 3 107 40 112 103 27 15 26 93 109 9 88 74 71 115 1 101 116 113 99 92 35 37 17 64 104 6 45 58 29 95 66 25 4 2 43 51 57 62 81 14 46 94 106 82 83 61 111 5 48 24 49 76 
111 86 77 39 53 122 89 121 42 80 117 30 70 31 108 18 97 34 41 102 118 124 47 87 72 23 98 44 120 33 36 28 54 11 69 105 32 119 110 114 3 107 40 112 103 27 15 26 93 109 9 88 74 71 115 1 101 116 113 99 92 35 37 17 64 104 6 45 58 29 95 66 25 4 2 43 51 57 62 81 14 46 94 106 82 83 61 111 5 48 24 49 76 
112 86 77 39 53 122 89 121 42 80 117 30 70 31 108 18 97 34 41 102 118 124 47 87 72 23 98 44 120 33 36 28 54 11 69 105 32 119 110 114 3 107 40 112 103 27 15 26 93 109 9 88 74 71 115 1 101 116 113 99 92 35 37 17 64 104 6 45 58 29 95 66 25 4 2 43 51 57 62 81 14 46 94 106 82 83 61 111 5 48 24 49 76 
113 86 77 39 53 122 89 121 42 80 117 30 70 31 108 18 97 34 41 102 118 124 47 87 72 23 98 44 120 33 36 28 54 11 69 105 32 119 110 114 3 107 40 112 103 27 15 26 93 109 9 88 74 71 115 1 101 116 113 99 92 35 37 17 64 104 6 45 58 29 95 66 25 4 2 43 51 57 62 81 14 46 94 106 82 83 61 111 5 48 24 49 76 
114 86 77 39 53 122 89 121 42 80 117 30 70 31 108 18 97 34 41 102 118 124 47 87 72 23 98 44 120 33 36 28 54 11 69 105 32 119 110 114 3 107 40 112 103 27 15 26 93 109 9 88 74 71 115 1 101 116 113 99 92 35 37 17 64 104 6 45 58 29 95 66 25 4 2 43 51 57 62 81 14 46 94 106 82 83 61 111 5 48 24 49 76 
115 86 77 39 53 122 89 121 42 80 117 30 70 31 108 18 97 34 41 102 118 124 47 87 72 23 98 44 120 33 36 28 54 11 69 105 32 119 110 114 3 107 40 112 103 27 15 26 93 109 9 88 74 71 115 1 101 116 113 99 92 35 37 17 64 104 6 45 58 29 95 66 25 4 2 43 51 57 62 81 14 46 94 106 82 83 61 111 5 48 24 49 76 
116 86 77 39 53 122 89 121 42 80 117 30 70 31 108 18 97 34 41 102 118 124 47 87 72 23 98 44 120 33 36 28 54 11 69 105 32 119 110 114 3 107 40 112 103 27 15 26 93 109 9 88 74 71 115 1 101 116 113 99 92 35 37 17 64 104 6 45 58 29 95 66 25 4 2 43 51 57 62 81 14 46 94 106 82 83 61 111 5 48 24 49 76 
117 86 77 39 53 122 89 121 42 80 117 30 70 31 108 18 97 34 41 102 118 124 47 87 72 23 98 44 120 33 36 28 54 11 69 105 32 119 110 114 3 107 40 112 103 27 15 26 93 109 9 88 74 71 115 1 101 116 113 99 92 35 37 17 64 104 6 45 58 29 95 66 25 4 2 43 51 57 62 81 14 46 94 106 82 83 61 111 5 48 24 49 76 
118 86 77 39 53 122 89 121 42 80 117 30 70 31 108 18 97 34 41 102 118 124 47 87 72 23 98 44 120 33 36 28 54 11 69 105 32 119 110 114 3 107 40 112 103 27 15 26 93 109 9 88 74 71 115 1 101 116 113 99 92 35 37 17 64 104 6 45 58 29 95 66 25 4 2 43 51 57 62 81 14 46 94 106 82 83 61 111 5 48 24 49 76 
119 86 77 39 53 122 89 121 42 80 117 30 70 31 108 18 97 34 41 102 118 124 47 87 72 23 98 44 120 33 36 28 54 11 69 105 32 119 110 114 3 107 40 112 103 27 15 26 93 109 9 88 74 71 115 1 101 116 113 99 92 35 37 17 64 104 6 45 58 29 95 66 25 4 2 43 51 57 62 81 14 46 94 106 82 83 61 111 5 48 24 49 76 
120 86 77 39 53 122 89 121 42 80 117 30 70 31 108 18 97 34 41 102 118 124 47 87 72 23 98 44 120 33 36 28 54 11 69 105 32 119 110 114 3 107 40 112 103 27 15 26 93 109 9 88 74 71 115 1 101 116 113 99 92 35 37 17 64 104 6 45 58 29 95 66 25 4 2 43 51 57 62 81 14 46 94 106 82 83 61 111 5 48 24 49 76 
121 86 77 39 53 122 89 121 42 80 117 30 70 31 108 18 97 34 41 102 118 124 47 87 72 23 98 44 120 33 36 28 54 11 69 105 32 119 110 114 3 107 40 112 103 27 15 26 93 109 9 88 74 71 115 1 101 116 113 99 92 35 37 17 64 104 6 45 58 29 95 66 25 4 2 43 51 57 62 81 14 46 94 106 82 83 61 111 5 48 24 49 76 
122 86 77 39 53 122 89 121 42 80 117 30 70 31 108 18 97 34 41 102 118 124 47 87 72 23 98 44 120 33 36 28 54 11 69 105 32 119 110 114 3 107 40 112 103 27 15 26 93 109 9 88 74 71 115 1 101 116 113 99 92 35 37 17 64 104 6 45 58 29 95 66 25 4 2 43 51 57 62 81 14 46 94 106 82 83 61 111 5 48 24 49 76 
123 86 77 39 53 122 89 121 42 80 117 30 70 31 108 18 97 34 41 102 118 124 47 87 72 23 98 44 120 33 36 28 54 11 69 105 32 119 110 114 3 107 40 112 103 27 15 26 93 109 9 88 74 71 115 1 101 116 113 99 92 35 37 17 64 104 6 45 58 29 95 66 25 4 2 43 51 57 62 81 14 46 94 106 82 83 61 111 5 48 24 49 76 
124 86 77 39 53 122 89 121 42 80 117 30 70 31 108 18 97 34 41 102 118 124 47 87 72 23 98 44 120 33 36 28 54 11 69 105 32 119 110 114 3 107 40 112 103 27 15 26 93 109 9 88 74 71 115 1 101 116 113 92 35 37 17 64 104 6 45 58 29 95 66 25 4 2 43 51 57 62 81 14 46 94 106 82 83 61 111 5 48 24 49 76 
125 86 77 39 53 122 89 121 42 80 117 30 70 31 108 18 97 34 41 102 118 124 47 87 72 23 98 44 120 33 36 28 54 11 69 105 32 119 110 114 3 107 40 112 103 27 15 26 93 109 9 88 74 71 115 1 101 116 113 92 35 37 17 64 104 6 45 58 29 95 66 25 4 2 43 51 57 62 81 14 46 94 106 82 83 61 111 5 48 24 49 76 
126 86 77 39 53 122 89 91 121 42 80 117 30 70 31 108 18 97 34 41 102 118 124 47 87 72 23 98 44 120 33 36 28 54 11 69 105 32 119 110 114 3 107 40 112 103 27 15 26 93 109 9 88 74 71 115 1 101 116 113 99 92 35 37 17 64 104 6 45 58 29 95 126 66 25 4 2 43 51 57 62 81 14 46 94 106 82 83 61 111 5 48 24 49 76 
127 86 77 39 53 122 89 91 121 42 80 117 30 70 31 108 18 97 34 41 102 118 124 47 87 72 23 98 44 120 33 36 28 54 11 69 105 32 119 110 114 3 107 40 112 103 27 15 26 93 109 9 88 74 71 115 1 101 116 113 99 92 35 37 17 64 104 6 45 58 29 95 126 66 25 4 2 43 51 57 62 81 14 46 94 106 82 83 61 111 5 48 24 49 76 
128 86 77 39 53 122 89 91 121 42 80 117 30 70 31 108 18 97 34 41 102 118 124 47 87 72 23 44 120 33 36 28 54 11 69 105 32 119 110 114 3 107 40 112 103 27 15 26 93 109 9 88 74 71 115 1 101 116 113 99 92 35 37 128 17 64 104 6 45 58 29 95 126 66 25 4 2 43 51 57 62 81 14 46 94 106 82 83 61 111 5 48 24 49 76 
129 86 77 39 53 122 89 91 121 42 80 117 30 70 31 108 18 97 34 41 102 118 47 87 129 72 23 44 120 33 36 28 54 11 69 105 32 119 110 114 3 107 40 112 103 27 15 26 93 109 9 88 74 71 115 1 101 116 113 92 35 37 128 17 64 104 6 45 58 29 95 126 66 25 4 2 43 51 57 62 81 14 46 94 106 82 83 61 111 5 48 24 49 76 
130 86 39 53 122 121 42 30 108 34 41 142 102 44 134 120 36 28 144 69 105 110 3 135 15 133 9 116 113 128 17 64 104 45 29 25 2 62 94 132 61 111 143 48 24 76 77 89 91 80 117 70 31 18 97 148 118 47 87 129 72 23 33 54 11 32 119 140 145 146 114 107 40 112 138 103 27 26 93 109 136 88 74 71 115 1 101 92 35 37 6 131 58 95 137 126 66 4 43 51 57 81 14 46 139 106 82 83 141 5 49 
131 86 39 53 122 121 42 30 108 34 41 142 102 44 134 120 36 28 144 69 105 110 3 135 15 133 9 116 113 128 17 64 104 45 29 25 2 62 94 132 61 111 143 48 24 76 77 89 91 80 117 70 31 18 97 148 118 47 87 129 72 23 33 54 11 32 119 140 145 146 114 107 40 112 138 103 27 26 93 109 136 88 74 71 115 1 101 92 35 37 6 131 58 95 137 126 66 4 43 51 57 81 14 46 139 106 82 83 141 5 49 
132 86 39 53 122 121 42 30 108 34 41 142 44 134 120 36 28 144 69 105 110 3 135 15 133 9 116 113 128 17 64 104 45 29 25 2 62 94 132 61 111 143 48 24 76 77 89 91 80 117 70 31 18 97 148 118 47 87 129 72 23 33 54 11 32 119 140 145 146 114 107 40 112 138 103 27 26 93 109 136 88 74 71 115 1 101 92 35 37 6 131 58 95 137 126 66 4 43 51 57 81 14 46 139 106 82 83 141 5 49 
133 86 39 53 122 121 42 30 108 34 41 142 44 134 120 36 28 144 69 105 110 3 135 15 133 9 116 113 128 17 64 104 45 29 25 2 62 94 132 61 111 143 48 24 76 77 89 91 80 117 70 31 18 97 148 118 47 87 129 72 23 33 54 11 32 119 140 145 146 114 107 40 112 138 103 27 26 93 109 136 88 74 71 115 1 101 92 35 37 6 131 58 95 137 126 66 4 43 51 57 81 14 46 139 106 82 83 141 5 49 
134 86 39 53 122 121 42 30 108 34 41 142 44 134 120 36 28 144 69 105 110 3 135 15 133 9 116 113 128 17 64 104 45 29 25 2 62 94 132 61 111 143 48 24 76 77 89 91 80 117 70 31 18 97 148 118 47 87 129 72 23 33 54 11 32 119 140 145 146 114 107 40 112 138 103 27 26 93 109 136 88 74 71 115 1 101 92 35 37 6 131 58 95 137 126 66 4 43 51 57 81 14 46 139 106 82 83 141 5 49 
135 86 39 53 122 121 42 30 108 34 41 142 44 134 120 36 28 144 69 105 110 3 135 15 133 9 116 113 128 17 64 104 45 29 25 2 62 94 132 61 111 143 48 24 76 77 89 91 80 117 70 31 18 97 148 118 47 87 129 72 23 33 54 11 32 119 140 145 146 114 107 40 112 138 103 27 26 93 109 136 88 74 71 115 1 101 92 35 37 6 131 58 95 137 126 66 4 43 51 57 81 14 46 139 106 82 83 141 5 49 
136 86 39 53 122 121 42 30 108 34 41 142 44 134 120 36 28 144 69 105 110 3 135 15 133 9 116 113 128 17 64 104 45 29 25 2 62 94 132 61 111 143 48 24 76 77 89 91 80 117 70 31 18 97 148 118 47 87 129 72 23 33 54 11 32 119 140 145 146 114 107 40 112 138 103 27 26 93 109 136 88 74 71 115 1 101 92 35 37 6 131 58 95 137 126 66 4 43 51 57 81 14 46 139 106 82 83 141 5 49 
137 86 39 53 122 121 42 30 108 34 41 142 44 134 120 36 28 144 69 105 110 3 135 15 133 9 116 113 128 17 64 104 45 29 25 2 62 94 132 61 111 143 48 24 76 77 89 80 117 70 31 18 97 148 118 47 87 129 72 23 33 54 11 32 119 140 145 146 114 40 112 138 103 27 26 93 109 136 88 74 71 115 1 101 92 35 37 6 131 58 95 137 126 66 4 43 51 57 81 14 46 139 106 82 83 141 5 49 
138 86 39 53 122 121 42 30 108 34 41 142 44 134 120 36 28 144 69 105 110 3 135 15 133 9 116 113 128 17 64 104 45 29 25 2 62 94 132 61 111 143 48 24 76 77 89 80 117 70 31 18 97 148 118 47 87 129 72 23 33 54 11 32 119 140 145 146 114 40 112 103 138 27 26 93 109 136 88 74 71 115 1 101 92 35 37 6 131 58 95 137 126 66 4 43 51 57 81 14 46 139 106 82 83 141 5 49 
139 86 39 53 122 121 42 30 108 34 41 142 44 134 120 36 28 144 69 105 110 3 135 15 133 9 116 113 128 17 64 104 45 29 25 2 62 94 132 61 111 143 48 24 76 77 89 80 117 70 31 18 97 148 118 47 87 129 72 23 33 54 11 32 119 140 145 146 114 40 112 138 103 27 26 93 109 136 88 74 71 115 1 101 92 35 37 6 131 58 95 137 126 66 4 43 51 57 81 14 46 139 106 82 83 141 5 49 
140 86 39 53 122 121 42 30 108 34 41 142 44 134 120 36 28 144 69 105 110 3 135 15 133 9 116 113 128 17 64 104 45 29 25 2 62 94 132 61 111 143 48 24 76 77 89 80 117 70 31 18 97 148 118 47 87 129 72 23 33 54 11 32 119 140 145 146 114 40 112 138 103 27 26 93 109 136 88 74 71 115 1 101 92 35 37 6 131 58 95 137 126 66 4 43 51 57 81 14 46 139 106 82 83 141 5 49 
141 86 39 53 122 121 42 30 108 34 41 142 44 134 120 36 28 144 69 105 110 3 135 15 133 9 116 113 128 17 64 104 45 29 25 2 62 94 132 61 111 143 48 24 76 77 89 80 117 70 31 18 97 148 118 47 87 129 72 23 33 54 11 32 119 140 145 146 114 40 112 138 103 27 26 93 109 136 88 74 71 115 1 101 92 35 37 6 131 58 95 137 126 66 4 43 51 57 81 14 46 139 106 82 83 141 5 49 
142 86 39 53 122 121 42 30 108 34 41 142 44 134 120 36 28 144 69 105 110 3 135 15 133 9 116 113 128 17 64 104 45 29 25 2 62 94 132 61 111 143 48 24 76 77 89 80 70 31 18 97 148 118 47 87 129 72 23 33 54 11 32 119 140 145 146 114 40 112 138 103 27 26 93 109 136 88 74 71 115 1 101 92 35 37 6 131 58 95 137 126 66 4 43 51 57 81 14 46 139 106 82 83 141 5 49 
143 86 39 53 122 121 42 30 108 34 41 142 44 134 120 36 28 144 69 105 110 3 135 15 133 9 116 113 128 17 64 104 45 29 25 2 62 94 132 61 111 143 48 24 76 77 89 80 70 31 18 97 148 118 47 87 129 72 23 33 54 11 32 119 140 145 146 114 40 112 138 103 27 26 93 109 136 88 74 71 115 1 101 92 35 37 6 131 58 95 137 126 66 4 43 51 57 81 14 46 139 106 82 83 141 5 49 
144 86 39 53 122 121 42 30 108 34 41 142 44 134 120 36 28 144 69 105 110 3 135 15 133 9 116 113 128 17 64 104 45 29 25 2 62 94 132 61 111 143 48 24 76 77 89 80 70 31 18 97 148 118 47 87 129 72 23 33 54 11 32 119 140 145 146 114 40 112 138 103 27 26 93 109 136 88 74 71 115 1 101 92 35 37 6 131 58 95 137 126 66 4 43 51 57 81 14 46 139 106 82 83 141 5 49 
145 86 39 53 122 121 42 30 108 34 41 142 44 134 120 36 28 144 69 105 110 3 135 15 133 9 116 113 128 17 64 104 45 29 25 2 62 94 132 61 111 143 48 24 76 77 89 80 70 31 18 97 148 118 47 87 129 72 23 33 54 11 32 119 140 145 146 114 40 112 138 103 27 26 93 109 136 88 74 71 115 1 101 92 35 37 6 131 58 95 137 126 66 4 43 51 57 81 14 46 139 106 82 83 141 5 49 
146 86 39 53 122 121 42 30 108 34 41 142 44 134 120 36 28 144 69 105 110 3 135 15 133 9 116 113 128 17 64 104 45 29 25 2 62 94 132 61 111 143 48 24 76 77 89 80 70 31 18 97 148 118 47 87 129 72 23 33 54 11 32 119 140 145 114 146 40 112 138 103 27 26 93 109 136 88 74 71 115 1 101 92 35 37 6 131 58 95 137 126 66 4 43 51 57 81 14 46 139 106 82 83 141 5 49 
147 86 39 53 122 121 42 30 108 34 41 142 44 134 120 36 28 144 69 105 110 3 135 15 133 9 116 113 128 17 64 104 45 29 25 2 62 94 132 61 111 143 48 24 76 77 89 80 70 31 18 97 148 118 47 87 129 72 23 33 54 11 32 119 140 145 146 114 40 112 138 103 27 26 93 109 136 88 74 71 115 1 101 92 35 37 6 131 58 95 137 126 66 4 43 51 57 81 14 46 139 106 82 83 141 5 49 
148 86 39 53 122 121 42 30 108 34 41 142 44 134 120 36 28 144 69 105 110 3 135 15 133 9 116 113 128 17 64 104 45 29 25 2 62 94 132 61 111 143 48 24 76 77 89 80 70 31 18 97 148 118 47 87 72 23 33 54 11 32 119 140 145 146 114 40 112 138 103 27 26 93 109 136 88 74 71 115 1 101 92 35 37 6 131 58 95 137 126 66 4 43 51 57 81 14 46 139 106 82 83 141 5 49 
149 86 39 53 122 121 42 30 108 34 41 142 44 134 120 36 28 144 69 105 110 3 135 15 133 9 116 113 128 17 64 104 45 29 25 2 62 94 132 61 111 143 48 24 76 77 89 80 70 31 18 97 148 118 47 87 72 23 33 54 11 32 119 140 145 146 114 40 112 138 103 27 26 93 109 136 88 74 71 115 1 101 92 35 37 6 131 58 95 137 126 66 4 43 51 57 81 14 46 139 106 82 83 141 5 49 
150 86 39 53 122 121 42 30 108 150 34 41 142 102 44 134 120 36 28 144 69 105 110 3 135 15 133 9 116 113 128 17 64 104 45 29 25 2 62 94 132 61 111 143 48 24 76 77 89 91 80 117 70 31 18 97 118 47 87 72 23 33 54 11 32 119 140 145 146 114 107 40 112 138 103 27 26 93 109 136 88 74 71 115 1 101 92 35 37 6 131 58 95 137 126 66 4 43 51 57 81 14 46 139 106 82 83 141 5 49 
151 86 39 53 163 122 121 42 155 30 150 108 34 153 41 142 102 160 44 134 120 36 28 144 69 105 166 110 3 135 15 162 133 9 116 113 128 17 64 104 45 29 25 2 62 152 94 132 157 61 111 143 48 159 24 76 77 89 91 80 117 70 31 18 97 118 47 87 72 23 33 168 54 11 32 119 154 140 145 146 114 107 170 40 156 112 138 103 27 164 26 93 109 136 88 74 71 158 115 1 101 92 35 37 161 6 131 58 95 137 126 66 4 43 51 57 81 175 14 46 139 106 82 83 141 5 172 49 
152 86 39 53 163 122 121 42 155 30 150 108 34 153 41 142 102 160 44 134 120 36 28 144 69 105 166 110 3 135 15 162 133 9 116 113 128 17 64 104 45 29 25 2 62 152 94 132 157 61 111 143 48 159 24 76 77 89 91 80 117 70 31 18 97 118 47 87 72 23 33 168 54 11 32 119 154 140 145 146 114 107 170 40 156 112 138 103 27 164 26 93 109 136 88 74 71 158 115 1 101 92 35 37 161 6 131 58 95 137 126 66 4 43 51 57 81 175 14 46 139 106 82 83 141 5 172 49 
153 86 39 53 163 122 121 42 155 30 150 108 34 153 41 142 160 44 134 120 36 28 144 69 105 166 110 3 135 15 162 133 9 116 113 128 17 64 104 45 29 25 2 62 152 94 157 61 111 143 48 159 24 76 77 89 91 80 117 70 31 18 97 118 47 87 72 23 33 168 54 11 32 119 154 140 145 146 114 107 170 40 156 112 138 103 27 164 26 93 109 136 88 74 71 158 115 1 101 92 35 37 161 6 131 58 95 137 126 66 4 43 51 57 81 175 14 46 139 106 82 83 141 5 172 49 
154 86 39 53 163 122 121 42 155 30 150 108 34 153 41 142 160 44 134 120 36 28 144 69 105 166 110 3 135 15 162 133 9 116 113 128 17 64 104 45 29 25 2 62 152 94 157 61 111 143 48 159 24 76 77 89 91 80 117 70 31 18 97 118 47 87 72 23 33 168 54 11 32 119 140 154 145 146 114 107 170 40 156 112 138 103 27 164 26 93 109 136 88 74 71 158 115 1 101 92 35 37 161 6 131 58 95 137 126 66 4 43 51 57 81 175 14 46 139 106 82 83 141 5 172 49 
155 86 39 53 163 122 121 42 155 30 150 108 34 153 41 142 160 44 134 120 36 28 144 69 105 166 110 3 135 15 162 133 9 116 113 128 17 64 104 45 29 25 2 62 152 94 157 61 111 143 48 159 24 76 77 89 91 80 117 70 31 18 97 118 47 87 72 23 33 168 54 11 32 119 154 140 145 146 114 107 170 40 156 112 138 103 27 164 26 93 109 136 88 74 71 158 115 1 101 92 35 37 161 6 131 58 95 137 126 66 4 43 51 57 81 175 14 46 139 106 82 83 141 5 172 49 
156 86 39 53 163 122 121 42 155 30 150 108 34 153 41 142 160 44 134 120 36 28 144 69 105 166 110 3 135 15 162 133 9 116 113 128 17 64 104 45 29 25 2 62 152 94 157 61 111 143 48 159 24 76 77 89 91 80 117 70 31 18 97 118 47 87 72 23 33 168 54 11 32 119 154 140 145 146 114 107 170 40 112 156 138 103 27 164 26 93 109 136 88 74 71 158 115 1 101 92 35 37 161 6 131 58 95 137 126 66 4 43 51 57 81 175 14 46 139 106 82 83 141 5 172 49 
157 86 39 53 163 122 121 42 155 30 150 108 34 153 41 142 160 44 134 120 36 28 144 69 105 166 110 3 135 15 162 133 9 116 113 128 17 64 104 45 29 25 2 62 152 94 157 61 111 143 48 159 24 76 77 89 91 80 117 70 31 18 97 118 47 87 72 23 33 168 54 11 32 119 154 140 145 146 114 107 170 40 156 112 138 103 27 164 26 93 109 136 88 74 71 158 115 1 101 92 35 37 161 6 131 58 95 137 126 66 4 43 51 57 81 175 14 46 139 106 82 83 141 5 172 49 
158 86 39 53 163 122 121 42 155 30 150 108 34 153 41 142 160 44 134 120 36 28 144 69 105 166 110 3 135 15 162 133 9 116 113 128 17 64 104 45 29 25 2 62 152 94 157 61 111 143 48 159 24 76 77 89 80 117 70 31 18 97 118 47 87 72 23 33 168 54 11 32 119 154 140 145 146 114 170 40 156 112 138 103 27 164 26 93 109 136 88 74 71 158 115 1 101 92 35 37 161 6 131 58 95 126 66 4 43 51 57 81 175 14 46 139 106 82 83 141 5 172 49 
159 86 39 53 163 122 121 42 155 30 150 108 34 153 41 142 160 44 134 120 36 28 144 69 105 166 110 3 135 15 162 133 9 116 113 128 17 64 104 45 29 25 2 62 152 94 157 61 111 143 48 159 24 76 77 89 80 117 70 31 18 97 118 47 87 72 23 33 168 54 11 32 119 154 140 145 146 114 170 40 156 112 138 103 27 164 26 93 109 136 88 74 71 158 115 1 101 92 35 37 161 6 131 58 95 126 66 4 43 51 57 81 175 14 46 139 106 82 83 141 5 172 49 
160 86 39 53 163 122 121 42 155 30 150 108 34 153 41 142 160 44 134 120 36 28 144 69 105 166 110 3 135 15 162 133 9 116 113 128 17 64 104 45 29 25 2 62 152 94 157 61 111 143 48 159 24 76 77 89 80 117 70 31 18 97 118 47 87 72 23 33 168 54 11 32 119 154 140 145 146 114 170 40 156 112 138 103 27 164 26 93 109 136 88 74 71 158 115 1 101 92 35 37 161 6 131 58 95 126 66 4 43 51 57 81 175 14 46 139 106 82 83 141 5 172 49 
161 86 39 53 163 122 121 42 155 30 150 108 34 153 41 142 160 44 134 120 36 28 144 69 105 166 110 3 135 15 162 133 9 116 113 128 17 64 104 45 29 25 2 62 152 94 157 61 111 143 48 159 24 76 77 89 80 117 70 31 18 97 118 47 87 72 23 33 168 54 11 32 119 154 140 145 146 114 170 40 156 112 138 103 27 164 26 93 109 136 88 74 71 158 115 1 101 92 35 37 161 6 131 58 95 126 66 4 43 51 57 81 175 14 46 139 106 82 83 141 5 172 49 
162 86 39 53 163 122 121 42 155 30 150 108 34 153 41 142 160 44 134 120 36 28 144 69 105 166 110 3 135 15 162 133 9 116 113 128 17 64 104 45 29 25 2 62 152 94 157 61 111 143 48 159 24 76 77 89 80 117 70 31 18 97 118 47 87 72 23 33 168 54 11 32 119 154 140 145 146 114 170 40 156 112 138 103 27 164 26 93 109 136 88 74 71 158 115 1 101 92 35 37 161 6 131 58 95 126 66 4 43 51 57 81 175 14 46 139 106 82 83 141 5 172 49 
163 86 39 53 122 163 121 42 155 30 150 108 34 153 41 160 44 134 120 36 28 144 69 105 166 110 3 135 15 162 133 9 116 113 128 17 64 104 45 29 25 2 62 152 94 157 61 111 143 48 159 24 76 77 89 80 70 31 18 97 118 47 87 72 23 33 168 54 11 32 119 154 140 145 146 114 170 40 156 112 138 103 27 164 26 93 109 136 88 74 71 158 115 1 101 92 35 37 161 6 131 58 95 126 66 4 43 51 57 81 175 14 46 139 106 82 83 141 5 172 49 
164 86 39 53 163 122 121 42 155 30 150 108 34 153 41 160 44 134 120 36 28 144 69 105 166 110 3 135 15 162 133 9 116 113 128 17 64 104 45 29 25 2 62 152 94 157 61 111 143 48 159 24 76 77 89 80 70 31 18 97 118 47 87 72 23 33 168 54 11 32 119 154 140 145 146 114 170 40 156 112 138 103 27 164 26 93 109 136 88 74 71 158 115 1 101 92 35 37 161 6 131 58 95 126 66 4 43 51 57 81 175 14 46 139 106 82 83 141 5 172 49 
165 86 39 53 163 122 121 42 155 30 150 108 34 153 41 160 44 134 120 36 28 144 69 105 166 110 3 135 15 162 133 9 116 113 128 17 64 104 45 29 25 2 62 152 94 157 61 111 143 48 159 24 76 77 89 80 70 31 18 97 118 47 87 72 23 33 168 54 11 32 119 154 140 145 146 114 170 40 156 112 138 103 27 164 26 93 109 136 88 74 71 158 115 1 101 92 35 37 161 6 131 58 95 126 66 4 43 51 57 81 175 14 46 139 106 82 83 141 5 172 49 
166 86 39 53 163 122 121 42 155 30 150 108 34 153 41 160 44 134 120 36 28 144 69 105 166 110 3 135 15 162 133 9 116 113 128 17 64 104 45 29 25 2 62 152 94 157 61 111 143 48 159 24 76 77 89 80 70 31 18 97 118 47 87 72 23 33 168 54 11 32 119 154 140 145 146 114 170 40 156 112 138 103 27 164 26 93 109 136 88 74 71 158 115 1 101 92 35 37 161 6 131 58 95 126 66 4 43 51 57 81 175 14 46 139 106 82 83 141 5 172 49 
167 86 39 53 163 122 121 42 155 30 150 108 34 153 41 160 44 134 120 36 28 144 69 105 166 110 3 135 15 162 133 9 116 113 128 17 64 104 45 29 25 2 62 152 94 157 61 111 143 48 159 24 76 77 89 80 70 31 18 97 118 47 87 72 23 33 168 54 11 32 119 154 140 145 146 114 170 40 156 112 138 103 27 164 26 93 109 136 88 74 71 158 115 1 101 92 35 37 161 6 131 58 95 126 66 4 43 51 57 81 175 14 46 139 106 82 83 141 5 172 49 
168 86 39 53 163 122 121 42 155 30 150 108 34 153 41 160 44 134 120 36 28 144 69 105 166 110 3 135 15 162 133 9 116 113 128 17 64 104 45 29 25 2 62 152 94 157 61 111 143 48 159 24 76 77 89 80 70 31 18 97 118 47 87 72 23 33 168 54 11 32 119 154 140 145 146 114 170 40 156 112 138 103 27 164 26 93 109 136 88 74 71 158 115 1 101 92 35 37 161 6 131 58 95 126 66 4 43 51 57 81 175 14 46 139 106 82 83 141 5 172 49 
169 86 39 53 163 122 121 42 155 30 150 108 34 153 41 160 44 134 120 36 28 144 69 105 166 110 3 135 15 162 133 9 116 113 128 17 64 104 45 29 25 2 62 152 94 157 61 111 143 48 159 24 76 77 89 80 70 31 18 97 118 47 87 72 23 33 168 54 11 32 119 154 140 145 146 114 170 40 156 112 138 103 27 164 26 93 109 136 88 74 71 158 115 1 101 92 35 37 161 6 131 58 95 126 66 4 43 51 57 81 175 14 46 139 106 82 83 141 5 172 49 
170 86 39 53 163 122 121 42 155 30 150 108 34 153 41 160 44 134 120 36 28 144 69 105 166 110 3 135 15 162 133 9 116 113 128 17 64 104 45 29 25 2 62 152 94 157 61 111 143 48 159 24 76 77 89 80 70 31 18 97 118 47 87 72 23 33 168 54 11 32 119 154 140 145 146 114 170 40 156 112 138 103 27 164 26 93 109 136 88 74 71 158 115 1 101 92 35 37 161 6 131 58 95 126 66 4 43 51 57 81 175 14 46 139 106 82 83 141 5 172 49 
171 86 39 53 163 122 121 42 155 30 150 108 34 153 41 160 44 134 120 36 28 144 69 105 166 110 3 135 15 162 133 9 116 113 128 17 64 104 45 29 25 2 62 152 94 157 61 111 143 48 159 24 76 77 89 80 70 31 18 97 118 47 87 72 23 33 168 54 11 32 119 154 140 145 146 114 170 40 156 112 138 103 27 164 26 93 109 136 88 74 71 158 115 1 101 92 35 37 161 6 131 58 95 126 66 4 43 51 57 81 175 14 46 139 106 82 83 141 5 172 49 
172 86 39 53 163 122 121 42 155 30 150 108 34 153 41 160 44 134 120 36 28 144 69 105 166 110 3 135 15 162 133 9 116 113 128 17 64 104 45 29 25 2 62 152 94 157 61 111 143 48 159 24 76 77 89 80 70 31 18 97 118 47 87 72 23 33 168 54 11 32 119 154 140 145 146 114 170 40 156 112 138 103 27 164 26 93 109 136 88 74 71 158 115 1 101 92 35 37 161 6 131 58 95 126 66 4 43 51 57 81 175 14 46 139 106 82 83 141 5 172 49 
173 86 39 53 163 122 121 42 155 30 150 108 34 153 41 160 44 134 120 36 28 144 69 105 166 110 3 135 15 162 133 9 116 113 128 17 64 104 45 29 25 2 62 152 94 157 61 111 143 48 159 24 76 77 89 80 70 31 18 97 118 47 87 72 23 33 168 54 11 32 119 154 140 145 146 114 170 40 156 112 138 103 27 164 26 93 109 136 88 74 71 158 115 1 101 92 35 37 161 6 131 58 95 126 66 4 43 51 57 81 175 14 46 139 106 82 83 141 5 172 49 
174 86 39 53 163 122 121 42 155 30 150 108 34 153 41 160 44 134 120 36 28 144 69 105 166 110 3 135 15 162 133 9 116 113 128 17 64 104 45 29 25 2 62 152 94 157 61 111 143 48 159 24 76 77 89 80 70 31 18 97 118 47 87 72 23 33 168 54 11 32 119 154 140 145 146 114 170 40 156 112 138 103 27 164 26 93 109 136 88 74 71 158 115 1 101 92 35 37 161 6 131 58 95 126 66 4 43 51 57 81 175 14 46 139 106 82 83 141 5 172 49 
175 86 39 53 163 122 121 42 155 30 108 34 153 41 160 44 134 120 36 28 144 69 105 166 110 3 135 15 162 133 9 116 113 128 17 64 104 45 29 25 2 62 152 94 157 61 111 143 48 159 24 76 77 89 80 70 31 18 97 118 47 87 72 23 33 168 54 11 32 119 154 140 145 146 114 170 40 156 112 138 103 27 164 26 93 109 136 88 74 71 158 115 1 101 92 35 37 161 6 131 58 95 126 66 4 43 51 57 81 175 14 46 139 106 82 83 141 5 172 49 
176 86 39 53 163 122 121 42 155 30 108 34 153 41 160 44 134 120 36 28 144 69 105 166 110 3 135 15 162 133 9 116 113 128 17 64 104 45 29 25 2 62 152 94 157 61 111 143 48 159 24 76 77 89 80 70 31 18 97 118 47 87 72 23 33 168 54 11 32 119 154 140 145 146 114 170 40 156 112 138 103 27 164 26 93 109 136 88 74 71 158 115 1 101 92 35 37 161 6 131 58 95 126 66 4 43 51 57 81 175 14 46 139 106 82 83 141 5 172 49 
177 86 39 53 163 122 121 42 155 30 177 150 108 34 153 41 142 102 160 44 134 120 36 28 144 69 105 166 110 3 135 15 162 133 9 116 113 17 64 104 45 29 25 2 62 152 94 132 157 61 111 143 48 159 24 76 77 89 91 80 117 70 31 18 97 118 47 87 72 23 33 168 54 11 32 119 154 140 145 146 114 107 170 40 156 112 138 103 27 164 26 93 109 136 88 74 71 158 115 1 101 92 35 37 161 6 131 58 95 137 126 66 4 43 51 57 81 175 14 46 139 106 82 83 141 5 172 49 
178 86 39 53 163 122 121 42 155 30 177 108 34 153 41 142 102 178 160 44 134 120 36 28 144 69 105 166 110 3 135 15 162 133 9 116 113 17 64 104 45 29 25 2 62 152 94 132 157 61 111 143 48 159 24 76 77 89 91 80 117 70 31 18 97 118 47 87 72 23 33 168 54 11 32 119 154 140 145 146 114 107 170 40 156 112 138 103 27 164 26 93 109 136 88 74 71 158 115 1 101 92 35 37 161 6 131 58 95 137 126 66 4 43 51 57 81 14 46 139 106 82 83 141 5 172 49 
179 86 39 53 163 122 121 42 155 30 177 108 34 153 41 178 142 102 160 44 134 120 36 28 144 69 105 166 110 3 135 15 162 133 9 116 113 17 64 104 45 29 25 2 62 152 94 132 157 61 111 143 48 159 24 76 77 89 91 80 117 70 31 18 97 118 47 87 72 23 33 168 54 11 32 119 154 140 145 146 114 107 170 40 156 112 138 103 27 164 26 93 109 136 88 74 71 158 115 1 101 92 35 37 161 6 131 58 95 137 126 66 4 43 51 57 81 14 46 139 106 82 83 141 5 172 49 
180 86 39 53 163 122 121 42 155 30 177 108 34 153 41 178 142 102 160 44 134 120 36 28 144 69 105 166 110 3 135 15 162 133 9 116 113 17 64 104 45 29 25 2 62 152 94 132 157 61 111 143 48 159 24 76 77 89 91 80 117 70 31 18 97 118 47 87 72 23 33 168 54 11 32 119 154 140 145 146 114 107 170 40 156 112 138 103 27 164 26 93 109 136 88 74 71 158 115 1 101 92 35 37 161 6 131 58 95 137 126 66 4 43 51 57 81 14 46 139 106 82 83 141 5 180 172 49 
181 86 39 53 163 122 121 42 155 30 177 108 34 153 41 178 142 102 160 44 134 120 36 181 28 144 69 105 166 110 3 135 15 162 133 9 116 113 17 64 104 45 29 25 2 62 152 94 132 157 61 111 143 48 159 24 76 77 89 91 80 117 70 31 18 97 118 47 87 72 23 33 168 54 11 32 119 154 140 145 146 114 107 170 40 156 112 138 103 27 164 26 93 109 136 88 74 71 158 115 1 101 92 35 37 161 6 131 58 95 137 126 66 4 43 51 57 81 14 46 139 106 82 83 141 5 180 172 49 
182 86 39 53 163 122 121 42 155 30 177 108 34 153 41 178 142 102 160 44 134 120 36 181 28 144 69 105 166 110 3 135 15 162 133 9 116 113 17 64 104 182 45 29 25 2 62 152 94 132 157 61 111 143 48 159 24 76 77 89 91 80 117 70 31 18 97 118 47 87 72 23 33 168 54 11 32 119 154 140 145 146 114 107 170 40 156 112 138 103 27 164 26 93 109 136 88 74 71 158 115 1 101 92 35 37 161 6 131 58 95 137 126 66 4 43 51 57 81 14 46 139 106 82 83 141 5 180 172 49 
183 86 39 53 163 122 121 42 155 30 177 108 34 153 41 178 142 102 160 44 134 120 36 181 28 144 69 105 166 110 3 135 15 162 133 9 116 113 17 64 104 182 45 29 25 2 62 152 94 132 157 61 111 143 48 183 159 24 76 77 89 91 80 117 70 31 18 97 118 47 87 72 23 33 168 54 11 32 119 154 140 145 146 114 107 170 40 156 112 138 103 27 164 26 93 109 136 88 74 71 158 115 1 101 92 35 37 161 6 131 58 95 137 126 66 4 43 51 57 81 14 46 139 106 82 83 141 5 180 172 49 
184 86 39 53 163 122 121 42 155 30 177 108 34 153 41 178 142 102 160 44 134 120 36 181 28 144 69 105 166 110 3 135 15 162 133 9 184 116 113 17 64 104 182 45 29 25 2 62 152 94 132 157 61 111 143 48 183 159 24 76 77 89 91 80 117 70 31 18 97 118 47 87 72 23 33 168 54 11 32 119 154 140 145 146 114 107 170 40 156 112 138 103 27 164 26 93 109 136 88 74 71 158 115 1 101 92 35 37 161 6 131 58 95 137 126 66 4 43 51 57 81 14 46 139 106 82 83 141 5 180 172 49 
185 86 39 53 163 122 121 42 155 30 177 108 34 153 41 178 142 102 160 44 134 120 36 181 28 144 69 105 166 110 3 135 15 162 133 9 184 116 113 17 64 104 182 45 29 25 2 62 152 94 132 157 61 111 143 48 183 159 24 76 77 89 91 80 117 70 31 18 97 118 47 87 72 23 33 168 54 11 32 119 154 140 145 146 114 185 107 170 40 156 112 138 103 27 164 26 93 109 136 88 74 71 158 115 1 101 92 35 37 161 6 131 58 95 137 126 66 4 43 51 57 81 14 46 139 106 82 83 141 5 180 172 49 
186 86 39 53 163 122 121 42 155 30 177 108 34 153 41 178 142 102 160 44 134 120 36 181 28 144 69 105 166 110 3 135 15 162 133 9 184 116 113 17 64 104 182 45 29 25 2 62 152 94 132 157 61 111 143 48 183 159 24 76 77 89 91 80 117 70 31 18 97 118 47 87 72 23 33 168 54 11 32 119 154 140 145 146 114 185 107 170 40 156 112 138 103 27 164 26 93 109 136 88 74 71 158 115 1 101 92 35 37 161 6 131 58 95 137 126 66 4 43 51 57 81 14 46 139 106 82 83 141 5 180 172 49 
187 86 39 53 163 122 121 42 155 30 177 108 187 34 153 41 178 142 102 160 44 134 120 36 181 28 144 69 105 166 110 3 135 15 162 133 9 184 116 113 17 64 104 182 45 29 25 2 62 152 94 132 157 61 111 143 48 183 159 24 76 77 89 91 80 117 70 31 18 97 118 47 87 72 23 33 168 54 11 32 119 154 140 145 146 114 185 107 170 40 156 112 138 103 27 164 26 93 109 136 88 74 71 158 115 1 101 92 35 37 161 6 131 58 95 137 126 66 4 43 51 57 81 14 46 139 106 82 83 141 5 180 172 49 
188 86 39 53 163 122 121 42 155 30 177 108 187 34 153 41 178 142 102 160 44 134 120 36 181 28 144 69 105 166 110 3 135 15 162 133 9 184 116 113 17 64 104 182 45 29 25 2 62 152 94 132 157 61 111 143 48 183 159 24 76 77 89 91 80 117 70 31 18 97 118 47 87 72 23 33 168 54 11 32 119 154 140 145 146 114 185 107 170 40 156 112 138 103 27 164 26 93 109 136 88 74 71 158 115 1 101 92 35 37 161 6 131 58 95 137 126 66 4 43 51 57 81 14 46 139 106 82 83 141 188 5 180 172 49 
189 86 39 53 163 122 121 42 155 30 177 108 187 34 153 41 178 142 102 160 44 134 120 36 181 28 144 69 105 166 110 3 135 15 162 133 9 184 116 113 17 64 104 182 45 29 25 2 62 152 94 132 157 61 111 143 48 183 159 24 76 77 89 91 80 117 70 31 18 97 118 47 87 72 23 33 168 54 11 32 119 154 140 145 146 114 185 107 170 40 156 112 138 103 27 164 26 93 109 136 88 74 71 158 115 1 101 92 35 37 161 6 131 58 95 137 126 66 4 43 51 57 81 14 189 46 139 106 82 83 141 188 5 180 172 49 
190 86 39 53 163 122 121 42 155 30 177 108 187 34 153 41 178 142 102 160 44 134 120 36 181 28 144 69 105 166 110 3 135 15 162 133 9 184 116 113 17 64 104 182 45 29 25 2 62 152 94 132 157 61 111 143 48 183 159 24 76 77 89 91 80 117 70 31 18 97 118 47 87 72 23 33 168 54 11 32 119 154 140 145 146 114 185 107 190 170 40 156 112 138 103 27 164 26 93 109 136 88 74 71 158 115 1 101 92 35 37 161 6 131 58 95 137 126 66 4 43 51 57 81 14 189 46 139 106 82 83 141 188 5 180 172 49 
191 86 39 53 163 122 121 42 155 30 177 108 187 34 153 41 178 142 102 160 44 134 120 36 181 28 144 191 69 105 166 110 3 135 15 162 133 9 184 116 113 17 64 104 182 45 29 25 2 62 152 94 132 157 61 111 143 48 183 159 24 76 77 89 91 80 117 70 31 18 97 118 47 87 72 23 33 168 54 11 32 119 154 140 145 146 114 185 190 107 170 40 156 112 138 103 27 164 26 93 109 136 88 74 71 158 115 1 101 92 35 37 161 6 131 58 95 137 126 66 4 43 51 57 81 14 189 46 139 106 82 83 141 188 5 180 172 49 
192 86 39 53 163 122 121 42 155 30 177 108 187 34 153 41 178 142 102 160 44 134 120 36 181 28 191 144 69 105 166 110 3 135 15 162 133 9 184 116 113 17 64 104 182 45 29 25 2 62 152 94 132 157 61 111 143 48 183 159 24 76 77 89 91 80 117 70 31 18 97 118 47 87 72 23 33 168 54 11 32 119 154 140 145 146 114 185 190 107 170 40 156 112 138 103 27 164 26 93 109 136 88 74 71 158 115 1 101 92 35 37 161 6 131 58 95 137 126 66 4 43 51 57 81 14 189 46 139 106 82 83 141 188 5 180 172 49 
193 86 39 53 163 122 121 42 155 30 177 108 187 34 153 41 178 142 102 160 44 134 120 36 181 28 191 144 69 105 166 110 3 135 15 162 193 133 9 184 116 113 17 64 104 182 45 29 25 2 62 152 94 132 157 61 111 143 48 183 159 24 76 77 89 91 80 117 70 31 18 97 118 47 87 72 23 33 168 54 11 32 119 154 140 145 146 114 185 190 107 170 40 156 112 138 103 27 164 26 93 109 136 88 74 71 158 115 1 101 92 35 37 161 6 131 58 95 137 126 66 4 43 51 57 81 14 189 46 139 106 82 83 141 188 5 180 172 49 
194 86 39 53 163 122 121 42 155 30 177 108 187 34 153 41 178 142 102 160 44 134 120 36 181 28 191 144 69 105 166 110 3 135 15 193 162 133 9 184 116 113 17 64 104 182 45 29 25 2 62 152 94 132 157 61 111 143 48 183 159 24 76 77 89 91 80 117 70 31 18 97 118 47 87 72 23 33 168 54 11 32 119 154 140 145 146 114 185 190 107 170 40 156 112 138 103 27 164 26 93 109 136 88 74 71 158 115 1 101 92 194 35 37 161 6 131 58 95 137 126 66 4 43 51 57 81 14 189 46 139 106 82 83 141 188 5 180 172 49 
195 86 39 53 163 122 121 42 155 30 177 108 187 34 153 41 178 142 102 160 44 134 120 36 181 28 191 144 69 105 166 110 3 135 15 193 162 133 9 184 116 113 17 64 104 182 45 29 25 2 62 152 94 132 157 61 111 143 48 183 159 24 76 77 89 91 80 117 70 31 18 97 118 47 87 72 195 23 33 168 54 11 32 119 154 140 145 146 114 185 190 107 170 40 156 112 138 103 27 164 26 93 109 136 88 74 71 158 115 1 101 92 194 35 37 161 6 131 58 95 137 126 66 4 43 51 57 81 14 189 46 139 106 82 83 141 188 5 180 172 49 
196 86 39 53 163 122 121 42 155 30 177 108 187 34 153 41 178 142 102 160 44 134 120 36 181 28 191 144 69 105 166 110 3 135 15 193 162 133 9 184 116 113 17 64 104 182 45 29 25 2 62 152 94 132 157 61 111 143 48 183 159 24 76 77 89 91 80 117 70 31 18 97 118 196 47 87 72 195 23 33 168 54 11 32 119 154 140 145 146 114 185 190 107 170 40 156 112 138 103 27 164 26 93 109 136 88 74 71 158 115 1 101 92 194 35 37 161 6 131 58 95 137 126 66 4 43 51 57 81 14 189 46 139 106 82 83 141 188 5 180 172 49 
197 86 39 53 163 122 121 42 155 30 177 108 187 34 153 41 178 142 102 160 44 134 120 36 181 28 191 144 69 105 166 110 3 135 15 193 162 133 9 184 116 113 17 64 104 182 45 29 25 2 62 152 94 132 157 61 111 143 48 183 159 24 76 77 89 91 80 117 70 31 18 97 196 118 47 87 72 195 23 33 168 54 11 32 119 154 140 145 146 114 185 190 107 170 40 156 112 138 103 27 164 26 93 109 136 88 74 71 158 115 1 101 92 194 35 37 161 6 131 58 197 95 137 126 66 4 43 51 57 81 14 189 46 139 106 82 83 141 188 5 180 172 49 
198 86 39 53 163 122 121 42 155 30 177 108 187 34 153 41 178 142 102 160 44 134 120 36 181 28 191 144 69 105 166 110 3 135 15 193 162 133 9 184 116 113 17 64 104 182 45 29 25 2 62 152 94 132 157 61 111 143 48 183 159 24 76 77 89 91 80 117 70 31 18 97 196 118 47 87 72 195 23 33 168 54 11 32 119 154 140 145 146 114 185 190 107 170 40 156 112 138 103 27 164 26 93 109 136 88 74 71 158 115 1 101 92 194 35 37 161 6 131 58 197 95 137 126 66 4 43 51 57 81 14 189 46 139 106 82 83 141 188 5 180 172 49 
199 86 39 53 163 122 121 42 155 30 177 108 187 34 153 41 178 142 102 160 44 134 120 36 181 28 191 144 69 105 166 110 3 135 15 193 162 133 9 199 184 116 113 17 64 104 182 45 29 25 2 62 152 94 132 157 61 111 143 48 183 159 24 76 77 89 91 80 117 70 31 18 97 196 118 47 87 72 195 23 33 168 54 11 32 119 154 140 145 146 114 185 190 107 170 40 156 112 138 103 27 164 26 93 109 136 88 74 71 158 115 1 101 92 194 35 37 161 6 131 58 197 95 137 126 66 4 43 51 57 81 14 189 46 139 106 82 83 141 188 5 180 172 49 
200 86 39 53 163 122 121 42 155 30 177 108 187 34 153 41 178 142 102 160 44 134 120 36 181 28 191 144 69 105 166 110 3 135 15 193 162 133 9 199 184 116 113 17 64 104 182 45 29 25 2 62 152 94 132 157 61 111 143 48 183 159 24 76 77 89 91 80 117 70 31 18 97 196 118 47 87 72 195 23 33 168 54 11 32 119 154 140 145 146 114 185 190 107 170 40 156 112 138 103 27 164 26 93 109 136 88 74 71 158 115 1 101 92 194 35 37 161 6 131 58 197 95 137 126 66 4 43 51 57 81 14 189 46 139 106 82 83 141 200 188 5 180 172 49 
201 86 39 53 163 122 121 42 155 30 177 108 187 34 153 41 201 178 142 102 160 44 134 120 36 181 28 191 144 69 105 166 110 3 135 15 193 162 133 9 199 184 116 113 17 64 104 182 45 29 25 2 62 152 94 132 157 61 111 143 48 183 159 24 76 77 89 91 80 117 70 31 18 97 196 118 47 87 72 195 23 33 168 54 11 32 119 154 140 145 146 114 185 190 107 170 40 156 112 138 103 27 164 26 93 109 136 88 74 71 158 115 1 101 92 194 35 37 161 6 131 58 197 95 137 126 66 4 43 51 57 81 14 189 46 139 106 82 83 200 141 188 5 180 172 49 
202 86 39 53 163 122 121 42 155 30 177 108 187 34 153 41 201 178 142 102 160 44 134 120 36 181 28 191 144 69 105 166 110 3 135 15 193 162 133 9 199 184 116 113 17 64 104 182 45 29 25 2 62 152 94 132 157 61 111 143 48 183 159 24 76 77 89 91 80 117 70 31 18 97 196 118 47 87 72 195 23 202 33 168 54 11 32 119 154 140 145 146 114 185 190 107 170 40 156 112 138 103 27 164 26 93 109 136 88 74 71 158 115 1 101 92 194 35 37 161 6 131 58 197 95 137 126 66 4 43 51 57 81 14 189 46 139 106 82 83 200 141 188 5 180 172 49 
203 86 39 53 163 122 121 42 155 30 177 108 187 34 153 41 201 178 142 102 160 44 134 120 36 181 28 191 144 69 105 166 110 3 135 15 193 162 133 9 199 203 184 116 113 17 64 104 182 45 29 25 2 62 152 94 132 157 61 111 143 48 183 159 24 76 77 89 91 80 117 70 31 18 97 196 118 47 87 72 195 23 202 33 168 54 11 32 119 154 140 145 146 114 185 190 107 170 40 156 112 138 103 27 164 26 93 109 136 88 74 71 158 115 1 101 92 194 35 37 161 6 131 58 197 95 137 126 66 4 43 51 57 81 14 189 46 139 106 82 83 200 141 188 5 180 172 49 
204 86 39 53 163 122 121 42 155 30 177 108 187 34 153 41 201 178 142 102 160 44 134 120 36 181 28 191 144 69 105 166 110 3 135 15 193 162 133 9 199 203 184 116 113 204 17 64 104 182 45 29 25 2 62 152 94 132 157 61 111 143 48 183 159 24 76 77 89 91 80 117 70 31 18 97 196 118 47 87 72 195 23 202 33 168 54 11 32 119 154 140 145 146 114 185 190 107 170 40 156 112 138 103 27 164 26 93 109 136 88 74 71 158 115 1 101 92 194 35 37 161 6 131 58 197 95 137 126 66 4 43 51 57 81 14 189 46 139 106 82 83 200 141 188 5 180 172 49 
205 86 39 53 163 122 121 42 155 30 177 108 187 34 153 41 201 178 142 102 160 44 134 120 36 181 28 191 144 69 105 166 110 3 135 15 193 162 133 9 199 203 184 116 113 204 17 64 104 182 45 29 25 2 62 152 94 132 157 61 111 143 48 183 159 24 76 77 89 91 80 117 70 31 18 97 196 118 47 87 72 195 23 202 33 168 54 11 32 119 154 140 145 146 114 185 190 107 170 40 156 112 138 103 27 164 26 93 109 136 88 74 71 158 115 1 101 92 194 35 37 161 6 131 58 197 95 137 126 66 4 43 51 57 81 14 189 46 139 106 82 83 200 141 188 5 180 172 49 
206 86 39 53 122 121 42 155 30 177 108 187 34 153 41 201 178 102 160 44 134 120 36 181 28 191 144 69 105 166 110 3 206 135 15 193 162 133 9 199 203 184 116 113 204 17 64 104 182 45 29 25 2 62 152 94 132 157 61 111 143 48 183 159 24 76 77 89 91 80 70 31 18 97 196 118 47 87 72 195 23 202 33 168 54 11 32 119 154 140 145 146 114 185 190 107 170 40 156 112 138 103 27 164 26 93 109 136 88 74 71 158 115 1 101 92 194 35 37 161 6 131 58 197 95 137 126 66 4 43 51 57 81 14 189 46 139 106 82 83 200 141 188 5 180 172 49 
207 86 39 53 122 121 42 155 30 177 108 187 34 153 41 201 178 102 160 44 134 120 36 181 28 191 144 69 105 207 166 110 3 206 135 15 193 162 133 9 199 203 184 116 113 204 17 64 104 182 45 29 25 2 62 152 94 132 157 61 111 143 48 183 159 24 76 77 89 80 70 31 18 97 196 118 47 87 72 195 23 202 33 168 54 11 32 119 154 140 145 146 114 185 190 170 40 156 112 138 103 27 164 26 93 109 136 88 74 71 115 1 101 92 194 35 37 161 6 131 58 197 95 126 66 4 43 51 57 81 14 189 46 139 106 82 83 200 141 188 5 180 172 49 
208 86 39 53 122 121 42 155 30 177 108 187 34 153 41 201 178 102 160 44 134 120 36 181 28 191 144 69 105 207 166 110 3 206 135 208 15 193 162 133 9 199 203 184 116 113 204 17 64 104 182 45 29 25 2 62 152 94 132 157 61 111 143 48 183 159 24 76 77 89 80 70 31 18 97 196 118 47 87 72 195 23 202 33 168 54 11 32 119 154 140 145 146 114 185 190 170 40 156 112 138 103 27 164 26 93 109 136 88 74 71 115 1 101 92 194 35 37 161 6 131 58 197 95 126 66 4 43 51 57 81 14 189 46 139 106 82 83 200 141 188 5 180 172 49 
209 86 39 53 122 121 42 155 30 177 108 187 34 153 41 201 178 102 160 44 134 120 36 181 28 191 144 69 105 207 166 110 3 206 135 208 15 193 162 133 9 199 203 184 116 113 204 17 64 104 182 45 29 25 2 62 152 94 132 157 61 111 143 48 183 159 24 76 77 89 80 70 31 18 97 196 118 47 87 72 195 23 202 33 168 54 11 32 119 154 140 209 145 146 114 185 190 170 40 156 112 138 103 27 164 26 93 109 136 88 74 71 115 1 101 92 194 35 37 161 6 131 58 197 95 126 66 4 43 51 57 81 14 189 46 139 106 82 83 200 141 188 5 180 172 49 
210 86 39 53 122 121 42 155 30 177 108 187 34 153 41 201 178 102 160 44 134 120 36 181 28 191 144 69 105 207 166 110 3 206 135 208 15 193 162 133 9 199 203 184 116 113 204 17 64 104 182 45 29 25 2 62 152 94 132 157 61 111 143 48 183 159 24 76 77 210 89 80 70 31 18 97 196 118 47 87 72 195 23 202 33 168 54 11 32 119 209 154 140 145 146 114 185 190 170 40 156 112 138 103 27 164 26 93 109 136 88 74 71 115 1 101 92 194 35 37 161 6 131 58 197 95 126 66 4 43 51 57 81 14 189 46 139 106 82 83 200 141 188 5 180 172 49 
211 86 39 53 122 121 42 155 30 177 108 187 34 153 41 201 178 102 160 44 134 120 36 181 28 191 144 69 105 207 166 110 3 206 135 208 15 193 162 133 9 199 203 184 116 113 204 17 64 104 182 45 29 25 2 62 152 94 132 157 61 111 143 48 183 159 24 76 77 210 89 80 70 31 18 97 196 118 47 87 72 195 23 202 33 168 54 11 32 119 209 154 140 145 146 114 185 190 170 40 156 112 138 103 27 164 26 93 109 136 88 74 71 115 1 101 211 92 194 35 37 161 6 131 58 197 95 126 66 4 43 51 57 81 14 189 46 139 106 82 83 200 141 188 5 180 172 49 
212 86 212 39 53 122 121 42 155 30 177 108 187 34 153 41 201 178 102 160 44 134 120 36 181 28 191 144 69 105 207 166 110 3 206 135 208 15 193 162 133 9 199 203 184 116 113 204 17 64 104 182 45 29 25 2 62 152 94 132 157 61 111 143 48 183 159 24 76 77 210 89 80 70 31 18 97 196 118 47 87 72 195 23 202 33 168 54 11 32 119 209 154 140 145 146 114 185 190 170 40 156 112 138 103 27 164 26 93 109 136 88 74 71 115 1 101 211 92 194 35 37 161 6 131 58 197 95 126 66 4 43 51 57 81 14 189 46 139 106 82 83 200 141 188 5 180 172 49 
213 86 212 39 53 122 121 42 155 30 177 108 187 34 153 41 201 178 102 160 44 134 120 36 181 28 191 144 69 105 207 166 110 3 206 135 208 15 193 162 133 9 199 203 184 116 113 204 17 64 104 182 45 29 25 2 62 152 94 132 157 61 111 143 48 183 159 24 76 77 210 89 80 70 31 18 97 196 118 47 87 72 195 23 202 33 168 54 11 32 119 209 154 140 145 146 114 185 190 170 40 156 112 138 103 27 164 26 93 109 136 88 74 71 115 1 101 211 92 194 35 37 161 6 131 58 197 95 126 66 4 43 51 57 81 14 189 213 46 139 106 82 83 200 141 188 5 180 172 49 
214 86 212 39 53 122 121 42 155 30 177 108 187 34 153 41 201 178 102 160 44 134 120 36 181 28 191 144 69 105 207 166 110 3 206 135 208 15 193 162 133 9 199 203 184 116 113 204 17 64 104 182 45 29 25 2 62 152 94 132 157 61 111 143 48 183 159 24 76 77 210 89 80 70 31 18 97 196 118 47 87 72 195 23 202 33 168 54 11 32 119 209 154 140 145 146 114 185 190 170 40 156 112 138 103 27 164 26 93 109 136 88 74 71 115 1 101 211 92 194 35 37 161 6 131 58 197 95 126 66 4 43 51 57 81 14 189 213 46 139 106 82 83 214 200 141 188 5 180 172 49 
215 86 212 39 53 122 121 42 155 30 177 108 187 34 153 41 201 178 102 160 44 134 120 36 181 28 191 144 69 105 207 166 110 3 206 135 208 15 193 162 133 9 199 203 184 116 113 204 17 64 104 182 45 29 25 2 62 152 94 132 157 61 111 143 48 183 159 24 76 77 210 89 80 70 31 18 97 196 118 47 87 72 195 23 202 33 168 54 11 32 119 209 154 140 145 146 114 185 190 170 40 156 112 138 103 27 215 164 26 93 109 136 88 74 71 115 1 101 211 92 194 35 37 161 6 131 58 197 95 126 66 4 43 51 57 81 14 189 213 46 139 106 82 83 214 200 141 188 5 180 172 49 
216 86 212 39 53 122 121 42 155 30 177 108 187 34 153 41 201 178 102 160 44 134 120 36 181 28 191 144 69 105 207 166 110 3 206 135 208 15 193 162 133 9 199 203 184 116 113 204 17 64 104 182 45 29 25 2 62 152 94 132 157 61 111 143 48 183 159 24 76 77 210 89 80 70 31 18 97 196 118 47 87 72 195 23 202 33 168 54 11 216 32 119 209 154 140 145 146 114 185 190 170 40 156 112 138 103 27 215 164 26 93 109 136 88 74 71 115 1 101 211 92 194 35 37 161 6 131 58 197 95 126 66 4 43 51 57 81 14 189 213 46 139 106 82 83 214 200 141 188 5 180 172 49 
217 86 212 39 53 122 121 42 155 30 177 108 187 34 153 41 201 178 102 160 44 134 120 36 181 28 191 144 69 105 207 166 110 3 206 135 208 15 193 162 133 9 199 203 184 116 113 204 17 64 104 182 45 29 25 2 62 152 94 132 157 61 111 143 48 183 159 24 76 77 210 89 80 70 31 18 97 196 118 47 87 72 195 23 202 33 168 54 11 216 32 119 209 154 140 145 146 114 185 190 170 40 156 112 138 103 27 215 164 26 93 109 136 88 74 71 115 1 101 211 92 194 35 37 161 6 131 58 197 95 126 66 4 43 51 57 81 14 189 213 46 139 106 82 83 214 200 141 188 5 180 172 49 
218 86 212 39 53 122 121 42 155 30 177 108 187 34 153 41 201 178 102 160 44 134 120 36 181 28 191 144 69 105 207 166 110 3 206 135 208 15 193 162 133 9 199 203 184 116 113 204 17 64 104 182 45 29 25 2 62 152 94 132 157 61 111 143 48 183 159 24 76 77 210 89 80 70 31 18 97 196 118 47 87 72 195 23 202 218 33 168 54 11 216 32 119 209 154 140 145 146 114 185 190 170 40 156 112 138 103 27 215 164 26 93 109 136 88 74 71 115 1 101 211 92 194 35 37 161 6 131 58 197 95 126 66 4 43 51 57 81 14 189 213 46 139 106 82 83 214 200 141 188 5 180 172 49 
219 86 212 39 53 122 121 42 155 30 177 108 187 34 153 41 201 178 102 160 44 134 120 36 181 28 191 144 69 105 207 166 110 3 206 135 208 15 193 162 133 9 199 203 184 116 113 204 17 64 104 182 45 29 25 2 62 152 94 132 157 61 111 143 48 183 159 24 76 77 210 89 80 70 31 18 97 196 118 47 87 72 195 23 202 218 33 168 54 11 216 32 119 209 154 140 145 146 114 185 190 219 170 40 156 112 138 103 27 215 164 26 93 109 136 88 74 71 115 1 101 211 92 194 35 37 161 6 131 58 197 95 126 66 4 43 51 57 81 14 189 213 46 139 106 82 83 214 200 141 188 5 180 172 49 
220 86 212 39 53 122 121 42 155 30 177 108 187 34 153 41 201 178 102 160 220 44 134 120 36 181 28 191 144 69 105 207 166 110 3 206 135 208 15 193 162 133 9 199 203 184 116 113 204 17 64 104 182 45 29 25 2 62 152 94 132 157 61 111 143 48 183 159 24 76 77 210 89 80 70 31 18 97 196 118 47 87 72 195 23 202 218 33 168 54 11 216 32 119 209 154 140 145 146 114 185 190 219 170 40 156 112 138 103 27 215 164 26 93 109 136 88 74 71 115 1 101 211 92 194 35 37 161 6 131 58 197 95 126 66 4 43 51 57 81 14 189 213 46 139 106 82 83 214 200 141 188 5 180 172 49 
221 86 212 39 53 122 121 42 155 30 177 108 187 34 153 41 201 178 102 160 220 44 134 120 36 181 28 191 144 69 105 207 166 110 3 206 135 208 15 193 162 133 9 199 203 184 116 113 204 17 64 104 182 45 29 25 2 62 152 94 132 157 61 111 143 48 183 159 24 76 77 210 89 80 70 31 18 97 196 118 47 87 72 195 23 202 218 33 168 54 11 216 32 119 209 154 140 145 146 114 185 190 219 170 40 156 112 138 103 27 215 164 26 93 109 136 221 88 74 71 115 1 101 211 92 194 35 37 161 6 131 58 197 95 126 66 4 43 51 57 81 14 189 213 46 139 106 82 83 214 200 141 188 5 180 172 49 
222 86 212 39 53 122 121 42 155 30 177 108 187 34 153 41 201 178 102 160 220 44 134 120 36 181 28 191 144 69 105 207 166 110 3 206 135 208 15 193 162 133 9 199 203 184 116 113 204 17 64 104 182 45 29 25 2 62 152 94 132 157 61 111 143 48 183 159 24 76 77 210 89 80 70 31 18 97 196 118 47 87 72 195 23 202 218 33 168 54 11 216 32 119 209 154 140 145 146 114 185 190 219 170 40 156 112 222 138 103 27 215 164 26 93 109 221 136 88 74 71 115 1 101 211 92 194 35 37 161 6 131 58 197 95 126 66 4 43 51 57 81 14 189 213 46 139 106 82 83 214 200 141 188 5 180 172 49 
223 86 212 240 39 53 122 229 121 42 155 30 177 108 187 34 153 41 201 178 102 160 220 44 134 120 36 181 28 191 144 224 69 105 207 166 110 3 206 135 208 15 193 162 133 9 231 199 203 184 116 113 204 17 64 104 182 45 29 234 230 225 25 233 2 62 152 94 237 236 132 157 61 111 143 48 183 159 24 76 77 210 89 80 70 31 18 97 196 118 47 87 72 195 23 202 218 33 168 54 11 216 32 119 209 154 140 145 146 114 185 235 190 219 170 40 222 156 112 138 103 27 215 164 26 93 109 221 136 88 74 71 115 1 101 211 92 194 35 37 161 6 131 58 197 95 126 227 66 238 4 43 51 57 81 14 189 213 46 139 106 82 83 214 200 141 188 5 180 172 49 
224 86 212 240 39 53 122 229 121 42 155 30 177 108 187 34 153 41 201 178 102 160 220 44 134 120 36 181 28 191 144 224 69 105 207 166 110 3 206 135 208 15 193 162 133 9 231 199 203 184 116 113 204 17 64 104 182 45 29 234 230 225 25 233 2 62 152 94 237 236 132 157 61 111 143 48 183 159 24 76 77 210 89 80 70 31 18 97 196 118 47 87 72 195 23 202 218 33 168 54 11 216 32 119 209 154 140 145 146 114 185 235 190 219 170 40 222 156 112 138 103 27 215 164 26 93 109 221 136 88 74 71 115 1 101 211 92 194 35 37 161 6 131 58 197 95 126 227 66 238 4 43 51 57 81 14 189 213 46 139 106 82 83 214 200 141 188 5 180 172 49 
225 86 212 240 39 53 122 229 121 42 155 30 177 108 187 34 153 41 201 178 102 160 220 44 134 120 36 181 28 191 144 224 69 105 207 166 110 3 206 135 208 15 193 162 133 9 231 199 203 184 116 113 204 17 64 104 182 45 29 234 230 225 25 233 2 62 152 94 237 236 132 157 61 111 143 48 183 159 24 76 77 210 89 80 70 31 18 97 196 118 47 87 72 195 23 202 218 33 168 54 11 216 32 119 209 154 140 145 146 114 185 235 190 219 170 40 222 156 112 138 103 27 215 164 26 93 109 221 136 88 74 71 115 1 101 211 92 194 35 37 161 6 131 58 197 95 126 227 66 238 4 43 51 57 81 14 189 213 46 139 106 82 83 214 200 141 188 5 180 172 49 
226 86 212 240 39 53 122 229 121 42 155 30 177 108 187 34 153 41 201 178 102 160 220 44 134 120 36 181 28 191 144 224 69 105 207 166 110 3 206 135 208 15 193 162 133 9 231 199 203 184 116 113 204 17 64 104 182 45 29 234 230 225 25 233 2 62 152 94 237 236 132 157 61 111 143 48 183 159 24 76 77 210 89 80 70 31 18 97 196 118 47 87 72 195 23 202 218 33 168 54 11 216 32 119 209 154 140 145 146 114 185 235 190 219 170 40 222 156 112 138 103 27 215 164 26 93 109 221 136 88 74 71 115 1 101 211 92 194 35 37 161 6 131 58 197 95 126 227 66 238 4 43 51 57 81 14 189 213 46 139 106 82 83 214 200 141 188 5 180 172 49 
227 86 212 240 39 53 122 229 121 42 155 30 177 108 187 34 153 41 201 178 102 160 220 44 134 120 36 181 28 191 144 224 69 105 207 166 110 3 206 135 208 15 193 162 133 9 231 199 203 184 116 113 204 17 64 104 182 45 29 234 230 225 25 233 2 62 152 94 237 236 132 157 61 111 143 48 183 159 24 76 77 210 89 80 70 31 18 97 196 118 47 87 72 195 23 202 218 33 168 54 11 216 32 119 209 154 140 145 146 114 185 235 190 219 170 40 222 156 112 138 103 27 215 164 26 93 109 221 136 88 74 71 115 1 101 211 92 194 35 37 161 6 131 58 197 95 126 227 66 238 4 43 51 57 81 14 189 213 46 139 106 82 83 214 200 141 188 5 180 172 49 
228 86 212 240 39 53 122 229 121 42 155 30 177 108 187 34 153 41 201 178 102 160 220 44 134 120 36 181 28 191 144 224 69 105 207 166 110 3 206 135 208 15 193 162 133 9 231 199 203 184 116 113 204 17 64 104 182 45 29 234 230 225 25 233 2 62 152 94 237 236 132 157 61 111 143 48 183 159 24 76 77 210 89 80 70 31 18 97 196 118 47 87 72 195 23 202 218 33 168 54 11 216 32 119 209 154 140 145 146 114 185 235 190 219 170 40 222 156 112 138 103 27 215 164 26 93 109 221 136 88 74 71 115 1 101 211 92 194 35 37 161 6 131 58 197 95 126 227 66 238 4 43 51 57 81 14 189 213 46 139 106 82 83 214 200 141 188 5 180 172 49 
229 86 212 240 39 53 122 121 229 42 155 30 177 108 187 34 153 41 201 178 102 160 220 44 134 120 36 181 28 191 144 224 69 105 207 166 110 3 206 135 208 15 193 162 133 9 231 199 203 184 116 113 204 17 64 104 182 45 29 234 230 225 25 233 2 62 152 94 237 236 132 157 61 111 143 48 183 159 24 76 77 210 89 80 70 31 18 97 196 118 47 87 72 195 23 202 218 33 168 54 11 216 32 119 209 154 140 145 146 114 185 235 190 219 170 40 222 156 112 138 103 27 215 164 26 93 109 221 136 88 74 71 115 1 101 211 92 194 35 37 161 6 131 58 197 95 126 227 66 238 4 43 51 57 81 14 189 213 46 139 106 82 83 214 200 141 188 5 180 172 49 
230 86 212 240 39 53 122 229 121 42 155 30 177 108 187 34 153 41 201 178 102 160 220 44 134 120 36 181 28 191 144 224 69 105 207 166 110 3 206 135 208 15 193 162 133 9 231 199 203 184 116 113 204 17 64 104 182 45 29 234 230 225 25 233 2 62 152 94 237 236 132 157 61 111 143 48 183 159 24 76 77 210 89 80 70 31 18 97 196 118 47 87 72 195 23 202 218 33 168 54 11 216 32 119 209 154 140 145 146 114 185 235 190 219 170 40 222 156 112 138 103 27 215 164 26 93 109 221 136 88 74 71 115 1 101 211 92 194 35 37 161 6 131 58 197 95 126 227 66 238 4 43 51 57 81 14 189 213 46 139 106 82 83 214 200 141 188 5 180 172 49 
231 86 212 240 39 53 122 229 121 42 155 30 177 108 187 34 153 41 201 178 102 160 220 44 134 120 36 181 28 191 144 224 69 105 207 166 110 3 206 135 208 15 193 162 133 9 231 199 203 184 116 113 204 17 64 104 182 45 29 234 230 225 25 233 2 62 152 94 237 236 132 157 61 111 143 48 183 159 24 76 77 210 89 80 70 31 18 97 196 118 47 87 72 195 23 202 218 33 168 54 11 216 32 119 209 154 140 145 146 114 185 235 190 219 170 40 222 156 112 138 103 27 215 164 26 93 109 221 136 88 74 71 115 1 101 211 92 194 35 37 161 6 131 58 197 95 126 227 66 238 4 43 51 57 81 14 189 213 46 139 106 82 83 214 200 141 188 5 180 172 49 
232 86 212 240 39 53 122 229 121 42 155 30 177 108 187 34 153 41 201 178 102 160 220 44 134 120 36 181 28 191 144 224 232 69 105 207 166 110 3 206 135 208 15 193 162 133 9 231 199 203 184 116 113 204 17 64 104 182 45 29 234 230 225 25 233 2 62 152 94 237 236 132 157 61 111 143 48 183 159 24 76 77 210 89 80 70 31 18 97 196 118 47 87 72 195 23 202 218 33 168 54 11 216 32 119 209 154 140 145 146 114 185 190 219 170 40 222 156 112 138 103 27 215 164 26 93 109 221 136 88 74 71 115 1 101 211 92 194 35 37 161 6 131 58 197 95 126 227 66 238 4 43 51 57 81 14 189 213 46 139 106 82 83 214 200 141 188 5 180 172 49 
233 86 212 240 39 53 122 229 121 42 155 30 177 108 187 34 153 41 201 178 102 160 220 44 134 120 36 181 28 191 144 224 232 69 105 207 166 110 3 206 135 208 15 193 162 133 9 231 199 203 184 116 113 204 17 64 104 182 45 29 234 230 225 25 233 2 62 152 94 237 236 132 157 61 111 143 48 183 159 24 76 77 210 89 80 70 31 18 97 196 118 47 87 72 195 23 202 218 33 168 54 11 216 32 119 209 154 140 145 146 114 185 190 219 170 40 222 156 112 138 103 27 215 164 26 93 109 221 136 88 74 71 115 1 101 211 92 194 35 37 161 6 131 58 197 95 126 227 66 238 4 43 51 57 81 14 189 213 46 139 106 82 83 214 200 141 188 5 180 172 49 
234 86 212 240 39 53 122 229 121 42 155 30 177 108 187 34 153 41 201 178 102 160 220 44 134 120 36 181 28 191 144 224 232 69 105 207 166 110 3 206 135 208 15 193 162 133 9 231 199 203 184 116 113 204 17 64 104 182 45 29 234 230 225 25 233 2 62 152 94 237 236 132 157 61 111 143 48 183 159 24 76 77 210 89 80 70 31 18 97 196 118 47 87 72 195 23 202 218 33 168 54 11 216 32 119 209 154 140 145 146 114 185 190 219 170 40 222 156 112 138 103 27 215 164 26 93 109 221 136 88 74 71 115 1 101 211 92 194 35 37 161 6 131 58 197 95 126 227 66 238 4 43 51 57 81 14 189 213 46 139 106 82 83 214 200 141 188 5 180 172 49 
235 86 212 240 39 53 122 229 121 42 155 30 177 108 187 34 153 41 201 178 102 160 220 44 134 120 36 181 28 191 144 224 69 105 207 166 110 3 206 135 208 15 193 162 133 9 231 199 203 184 116 113 204 17 64 104 182 45 29 234 230 225 25 233 2 62 152 94 237 236 132 157 61 111 143 48 183 159 24 76 77 210 89 80 70 31 18 97 196 118 47 87 72 195 23 202 218 33 168 54 11 216 32 119 209 154 140 145 146 114 185 235 190 219 170 40 222 156 112 138 103 27 215 164 26 93 109 221 136 88 74 71 115 1 101 211 92 194 35 37 161 6 131 58 197 95 126 227 66 238 4 43 51 57 81 14 189 213 46 139 106 82 83 214 200 141 188 5 180 172 49 
236 86 212 240 39 53 122 229 121 42 155 30 177 108 187 34 153 41 201 178 102 160 220 44 134 120 36 181 28 191 144 224 69 105 207 166 110 3 206 135 208 15 193 162 133 9 231 199 203 184 116 113 204 17 64 104 182 45 29 234 230 225 25 233 2 62 152 94 237 132 236 157 61 111 143 48 183 159 24 76 77 210 89 80 70 31 18 97 196 118 47 87 72 195 23 202 218 33 168 54 11 216 32 119 209 154 140 145 146 114 185 235 190 219 170 40 222 156 112 138 103 27 215 164 26 93 109 221 136 88 74 71 115 1 101 211 92 194 35 37 161 6 131 58 197 95 126 227 66 238 4 43 51 57 81 14 189 213 46 139 106 82 83 214 200 141 188 5 180 172 49 
237 86 212 240 39 53 122 229 121 42 155 30 177 108 187 34 153 41 201 178 102 160 220 44 134 120 36 181 28 191 144 224 69 105 207 166 110 3 206 135 208 15 193 162 133 9 231 199 203 184 116 113 204 17 64 104 182 45 29 234 230 225 25 233 2 62 152 94 237 236 132 157 61 111 143 48 183 159 24 76 77 210 89 80 70 31 18 97 196 118 47 87 72 195 23 202 218 33 168 54 11 216 32 119 209 154 140 145 146 114 185 235 190 219 170 40 222 156 112 138 103 27 215 164 26 93 109 221 136 88 74 71 115 1 101 211 92 194 35 37 161 6 131 58 197 95 126 227 66 238 4 43 51 57 81 14 189 213 46 139 106 82 83 214 200 141 188 5 180 172 49 
238 86 212 240 39 53 122 229 121 42 155 30 177 108 187 34 153 41 201 178 102 160 220 44 134 120 36 181 28 191 144 224 69 105 207 166 110 3 206 135 208 15 193 162 133 9 231 199 203 184 116 113 204 17 64 104 182 45 29 234 230 225 25 233 2 62 152 94 237 236 132 157 61 111 143 48 183 159 24 76 77 210 89 80 70 31 18 97 196 118 47 87 72 195 23 202 218 33 168 54 11 216 32 119 209 154 140 145 146 114 185 235 190 219 170 40 222 156 112 138 103 27 215 164 26 93 109 221 136 88 74 71 115 1 101 211 92 194 35 37 161 6 131 58 197 95 126 227 66 238 4 43 51 57 81 14 189 213 46 139 106 82 83 214 200 141 188 5 180 172 49 
239 86 212 240 39 53 122 229 121 42 155 30 177 108 187 34 153 41 201 178 102 160 220 44 134 120 36 181 28 191 144 224 69 105 207 166 110 3 206 135 208 15 193 162 133 9 231 199 203 184 116 113 204 17 64 104 182 45 29 234 230 225 25 233 2 62 152 94 237 236 132 157 61 111 143 48 183 159 24 76 77 210 89 80 70 31 18 97 196 118 47 87 72 195 23 202 218 33 168 54 11 216 32 119 209 154 140 145 146 114 185 235 190 219 170 40 222 156 112 138 103 27 215 164 26 93 109 221 136 88 74 71 115 1 101 211 92 194 35 37 161 6 131 58 197 95 126 227 66 238 4 43 51 57 81 14 189 213 46 139 106 82 83 214 200 141 188 5 180 172 49 
240 86 212 240 39 53 122 229 121 42 155 30 177 108 187 34 153 41 201 178 102 160 220 44 134 120 36 181 28 191 144 224 69 105 207 166 110 3 206 135 208 15 193 162 133 9 231 199 203 184 116 113 204 17 64 104 182 45 29 234 230 225 25 233 2 62 152 94 237 236 132 157 61 111 143 48 183 159 24 76 77 210 89 80 70 31 18 97 196 118 47 87 72 195 23 202 218 33 168 54 11 216 32 119 209 154 140 145 146 114 185 235 190 219 170 40 156 112 138 103 27 215 164 26 93 109 221 136 88 74 71 115 1 101 211 92 194 35 37 161 6 131 58 197 95 126 227 66 238 4 43 51 57 81 14 189 213 46 139 106 82 83 214 200 141 188 5 180 172 49 
241 86 212 240 39 53 122 229 121 42 155 30 177 108 187 34 153 41 201 178 102 160 220 44 134 120 36 181 28 191 144 224 69 105 207 166 110 3 206 135 208 15 193 162 133 9 231 199 203 184 116 113 204 17 64 104 182 45 29 234 230 225 25 233 2 62 152 94 237 236 132 157 61 111 143 48 183 159 24 76 77 210 89 80 70 31 18 97 196 118 47 87 72 195 23 202 218 33 168 54 11 216 32 119 209 154 140 145 146 114 185 235 190 219 170 40 156 112 138 103 27 215 164 26 93 109 221 136 88 74 71 115 1 101 211 92 194 35 37 161 6 131 58 197 95 126 227 66 238 4 43 51 57 81 14 189 213 46 139 106 82 83 214 200 141 188 5 180 172 49 
242 86 212 240 39 53 122 229 121 42 155 30 177 108 187 34 153 41 201 178 102 160 220 44 134 120 36 181 28 191 144 224 69 105 207 166 110 3 206 135 208 15 193 162 133 9 231 199 203 184 116 113 204 17 64 104 182 45 29 234 230 225 25 233 2 62 152 94 237 236 132 157 61 111 143 48 183 159 24 76 77 210 89 80 70 31 18 97 196 118 47 87 72 195 23 202 218 33 168 54 11 216 32 119 209 154 140 145 146 114 185 235 190 219 170 40 222 156 112 138 103 27 215 242 164 26 93 109 221 136 88 74 71 115 1 101 211 92 194 35 37 161 6 131 58 197 95 126 227 66 238 4 43 51 57 81 14 189 213 46 139 106 82 83 214 200 141 188 5 180 172 49 
243 86 212 240 39 53 122 229 121 42 155 30 177 108 187 34 153 41 201 178 102 160 220 44 134 120 36 181 28 191 144 224 69 105 207 166 110 3 206 135 208 15 193 162 133 9 231 199 203 184 116 113 204 17 64 104 182 45 29 234 230 225 25 233 2 62 152 94 237 236 132 157 61 111 143 48 183 159 24 76 77 210 89 80 70 31 18 97 196 118 47 87 72 195 23 202 218 33 168 54 11 216 32 119 209 154 140 145 146 114 185 235 190 219 170 40 222 156 112 138 103 27 215 242 164 26 93 109 221 136 88 74 71 115 1 101 211 92 194 35 37 161 6 131 58 197 95 126 227 66 238 4 43 51 57 81 14 189 213 46 139 106 82 83 214 200 141 188 5 180 172 49 
244 86 212 240 39 53 122 229 121 42 155 30 177 108 187 34 153 41 201 178 102 160 220 44 134 120 36 181 28 191 144 224 69 105 207 166 110 3 206 135 208 15 193 162 133 9 231 199 203 184 116 113 204 17 64 104 182 45 29 234 230 225 25 233 2 62 152 94 237 236 132 157 61 111 143 48 183 159 24 76 77 210 89 80 70 31 18 97 196 118 47 87 72 195 23 202 218 33 168 54 11 216 32 119 209 154 140 145 146 114 185 235 190 219 170 40 222 156 112 138 103 27 215 242 164 26 93 109 221 136 88 74 71 115 1 101 211 92 194 35 37 161 6 131 58 197 95 126 227 66 238 4 43 51 57 81 14 189 213 46 139 106 82 83 214 200 141 188 5 180 172 49 
245 86 212 240 39 53 122 229 121 42 155 30 177 108 187 34 153 41 201 178 102 160 220 44 134 120 36 181 28 191 144 224 69 105 207 166 110 3 206 135 208 15 193 162 133 9 231 199 203 184 116 113 204 17 64 104 182 45 29 234 230 225 25 233 2 62 152 94 237 236 132 157 61 111 143 48 183 159 24 76 77 210 89 80 70 31 18 97 196 118 47 87 72 195 23 202 218 33 168 54 11 216 32 119 209 154 140 145 146 114 185 235 190 219 170 40 222 156 112 138 103 27 215 242 164 26 93 109 221 136 88 74 71 115 1 101 211 92 194 35 37 161 6 131 58 197 95 126 227 66 238 4 43 51 57 81 14 189 213 46 139 106 82 83 214 200 141 188 5 180 172 49 
