1 1 
2 2 1 
3 2 3 1 
4 2 3 4 1 
5 2 3 4 1 
6 2 3 4 6 1 
7 2 3 4 6 7 1 
8 2 3 8 4 6 7 1 
9 2 3 8 4 6 7 1 
10 2 3 8 10 4 6 7 1 
11 2 3 11 8 10 4 6 7 1 
12 2 3 12 11 8 10 4 6 7 1 
13 2 13 3 12 11 8 10 4 6 7 1 
14 2 13 3 12 11 8 10 4 6 7 1 
15 2 13 15 3 12 11 8 10 4 6 7 1 
16 2 15 11 8 10 6 7 1 13 3 12 16 4 
17 2 15 11 8 10 6 7 1 13 3 12 16 4 17 
18 2 15 11 8 10 6 7 18 1 13 3 12 16 4 17 
19 2 15 11 8 10 6 7 18 1 13 3 12 16 4 17 
20 2 15 11 8 10 6 7 18 1 13 3 12 16 4 17 
21 2 15 11 8 10 6 7 18 1 13 3 12 16 4 17 
22 2 15 22 11 8 10 6 7 18 1 13 3 12 16 4 17 
23 2 23 15 22 11 8 10 6 7 18 1 13 3 12 16 4 17 
24 2 23 15 22 11 8 10 6 7 18 1 13 3 12 16 4 24 17 
25 2 23 15 22 11 8 10 6 7 18 1 13 25 3 12 16 4 24 17 
26 2 23 15 22 11 8 26 10 6 7 18 1 13 25 3 12 16 4 24 17 
27 2 23 15 22 11 8 26 10 6 7 18 1 13 25 27 3 12 16 4 24 17 
28 2 23 15 22 11 8 26 10 6 7 18 1 13 25 27 3 12 16 4 24 17 
29 2 23 15 22 11 29 8 26 10 6 7 18 1 13 25 27 3 12 16 4 24 17 
30 2 23 15 22 11 29 8 26 10 6 7 18 1 13 25 27 3 12 16 4 24 17 30 
31 2 23 15 22 11 29 8 26 10 31 6 7 18 1 13 25 27 3 12 16 4 24 17 30 
32 8 26 10 1 3 12 16 17 2 23 15 22 11 29 31 6 7 18 32 13 25 27 4 24 30 
33 8 26 10 1 3 12 16 33 17 2 23 15 22 11 29 31 6 7 18 32 13 25 27 4 24 30 
34 8 26 10 1 3 12 16 33 17 2 23 15 22 11 29 31 6 7 18 32 13 25 27 4 24 30 
35 35 8 26 10 1 3 12 16 33 17 2 23 15 22 11 29 31 6 7 18 32 13 25 27 4 24 30 
36 35 8 26 10 1 3 12 16 33 17 2 23 15 22 11 29 36 31 6 7 18 32 13 25 27 4 24 30 
37 35 8 26 10 1 3 12 16 33 17 2 23 15 22 11 29 36 31 6 7 18 32 13 25 27 37 4 24 30 
38 35 8 26 10 1 3 12 16 33 38 17 2 23 15 22 11 29 36 31 6 7 18 32 13 25 27 37 4 24 30 
39 35 8 26 10 1 3 12 16 33 38 17 2 23 15 22 11 29 36 31 6 7 18 39 32 13 25 27 37 4 24 30 
40 35 8 26 10 1 3 12 16 33 38 17 2 23 15 22 11 29 36 31 6 7 18 39 32 13 25 27 37 4 24 30 
41 35 8 26 10 1 3 12 16 33 38 41 17 2 23 15 22 11 29 36 31 6 7 18 39 32 13 25 27 37 4 24 30 
42 35 8 26 10 1 3 12 16 42 33 38 41 17 2 23 15 22 11 29 36 31 6 7 18 39 32 13 25 27 37 4 24 30 
43 35 8 26 10 43 1 3 12 16 42 33 38 41 17 2 23 15 22 11 29 36 31 6 7 18 39 32 13 25 27 37 4 24 30 
44 35 44 8 26 10 43 1 3 12 16 42 33 38 41 17 2 23 15 22 11 29 36 31 6 7 18 39 32 13 25 27 37 4 24 30 
45 35 44 8 26 10 43 1 3 12 16 42 33 38 41 17 2 23 15 22 11 29 36 31 6 7 18 39 32 13 25 27 37 4 24 45 30 
46 35 44 8 26 10 43 1 3 12 16 42 33 38 41 17 2 23 15 22 11 29 36 31 6 7 18 39 32 13 25 27 37 4 24 45 30 
47 35 44 8 26 10 43 1 3 12 16 42 33 38 41 17 2 23 15 22 11 29 36 31 6 7 18 39 32 13 25 27 37 4 24 45 30 
48 35 44 8 26 10 43 1 3 12 16 42 33 38 41 17 2 23 15 22 11 29 36 31 6 7 18 39 32 13 25 27 37 4 24 45 30 
49 35 44 8 26 10 43 1 3 12 16 42 33 38 41 17 2 23 15 22 11 29 36 49 31 6 7 18 39 32 13 25 27 37 4 24 45 30 
50 35 44 8 26 10 43 1 3 12 16 42 33 38 41 17 2 23 15 22 50 11 29 36 49 31 6 7 18 39 32 13 25 27 37 4 24 45 30 
51 35 44 8 26 10 43 1 3 12 16 42 33 38 41 17 2 23 51 15 22 50 11 29 36 49 31 6 7 18 39 32 13 25 27 37 4 24 45 30 
52 35 44 8 26 10 43 1 3 12 16 52 42 33 38 41 17 2 23 51 15 22 50 11 29 36 49 31 6 7 18 39 32 13 25 27 37 4 24 45 30 
53 35 44 8 26 10 43 1 3 12 16 52 42 33 38 41 17 2 23 51 15 22 50 11 29 36 49 31 53 6 7 18 39 32 13 25 27 37 4 24 45 30 
54 35 44 8 26 10 43 1 3 12 16 52 42 54 33 38 41 17 2 23 51 15 22 50 11 29 36 49 31 53 6 7 18 39 32 13 25 27 37 4 24 45 30 
55 35 44 8 26 10 43 1 3 12 16 52 42 54 33 38 41 17 2 23 51 15 22 50 11 29 36 49 31 53 6 7 18 39 32 13 25 27 37 4 24 45 30 
56 35 44 8 26 10 43 1 3 12 56 16 52 42 54 33 38 41 17 2 23 51 15 22 50 11 29 36 49 31 53 6 7 18 39 32 13 25 27 37 4 24 45 30 
57 35 44 8 26 10 43 57 1 3 12 56 16 52 42 54 33 38 41 17 2 23 51 15 22 50 11 29 36 49 31 53 6 7 18 39 32 13 25 27 37 4 24 45 30 
58 35 58 44 8 26 10 43 57 1 3 12 56 16 52 42 54 33 38 41 17 2 23 51 15 22 50 11 29 36 49 31 53 6 7 18 39 32 13 25 27 37 4 24 45 30 
59 35 58 44 8 26 10 43 57 1 3 12 56 16 52 42 54 33 38 41 17 2 23 51 15 22 50 11 29 36 49 31 53 6 59 7 18 39 32 13 25 27 37 4 24 45 30 
60 35 58 44 8 26 10 43 57 1 60 3 12 56 16 52 42 54 33 38 41 17 2 23 51 15 22 50 11 29 36 49 31 53 6 59 7 18 39 32 13 25 27 37 4 24 45 30 
61 35 58 44 8 26 10 43 57 1 60 3 12 56 16 52 42 54 33 38 41 17 2 23 51 15 22 50 11 29 36 49 31 53 6 59 7 18 39 32 13 25 27 37 4 24 45 30 
62 35 58 44 8 26 10 43 57 1 60 3 12 56 62 16 52 42 54 33 38 41 17 2 23 51 15 22 50 11 29 36 49 31 53 6 59 7 18 39 32 13 25 27 37 4 24 45 30 
63 35 44 26 43 60 3 12 56 62 38 41 17 2 51 15 11 29 36 49 31 53 6 59 7 18 13 25 27 37 4 24 45 58 8 10 57 1 16 52 42 54 33 63 23 22 50 39 32 30 
64 35 44 26 43 60 3 12 56 62 38 41 17 2 51 15 11 29 36 49 31 53 6 59 7 18 13 25 27 64 37 4 24 45 58 8 10 57 1 16 52 42 54 33 63 23 22 50 39 32 30 
65 35 44 26 43 60 3 12 56 62 38 41 17 2 51 15 11 29 36 49 31 53 6 59 7 18 65 13 25 27 64 37 4 24 45 58 8 10 57 1 16 52 42 54 33 63 23 22 50 39 32 30 
66 35 44 26 43 60 3 12 56 62 38 41 17 2 51 15 11 29 36 49 31 53 6 59 7 18 65 13 25 27 64 66 37 4 24 45 58 8 10 57 1 16 52 42 54 33 63 23 22 50 39 32 30 
67 35 44 26 43 60 3 12 56 62 38 41 17 2 51 15 11 29 36 49 31 53 6 59 7 18 65 13 25 27 64 66 37 4 24 45 58 8 10 57 1 16 52 42 54 33 63 23 22 50 39 32 30 
68 35 44 26 43 60 3 12 56 62 38 41 17 2 51 15 11 29 36 49 31 53 6 59 7 18 65 13 25 27 64 66 37 4 24 45 58 8 10 57 1 16 52 42 54 33 63 23 22 50 39 32 30 68 
69 35 44 26 43 60 3 12 56 62 69 38 41 17 2 51 15 11 29 36 49 31 53 6 59 7 18 65 13 25 27 64 66 37 4 24 45 58 8 10 57 1 16 52 42 54 33 63 23 22 50 39 32 30 68 
70 35 44 26 43 60 3 12 56 62 69 38 41 17 2 51 15 11 29 36 49 31 53 6 59 7 18 65 13 25 27 64 66 37 4 24 45 58 8 10 57 1 16 52 42 54 33 63 23 22 50 39 32 70 30 68 
71 35 44 26 43 60 3 12 56 62 69 38 41 17 2 51 15 11 29 36 49 31 53 6 59 7 18 65 13 25 27 64 66 37 4 24 45 58 8 10 57 1 16 52 42 54 33 63 23 22 50 39 32 71 70 30 68 
72 35 44 26 43 60 3 12 56 62 69 38 41 17 2 51 15 72 11 29 36 49 31 53 6 59 7 18 65 13 25 27 64 66 37 4 24 45 58 8 10 57 1 16 52 42 54 33 63 23 22 50 39 32 71 70 30 68 
73 35 44 26 43 60 3 12 56 62 69 38 41 17 2 51 15 72 11 29 36 49 31 53 6 59 7 18 65 13 25 27 64 66 37 4 24 45 58 8 10 57 1 16 52 42 54 33 63 23 22 50 39 32 71 70 30 68 
74 35 44 26 43 60 3 12 56 62 69 38 41 17 2 51 15 72 11 29 36 49 31 53 6 59 7 18 65 13 25 27 64 66 37 4 24 45 58 8 10 57 1 16 52 42 54 33 63 23 22 50 39 32 71 70 30 68 
75 35 44 26 43 60 3 12 56 62 69 38 41 17 2 51 15 72 11 29 36 49 31 53 6 59 7 18 65 13 25 27 64 66 37 4 24 45 58 8 10 57 1 16 52 42 54 33 63 23 22 50 39 32 71 70 30 68 
76 35 44 26 43 60 3 12 56 62 69 38 41 17 2 51 15 72 11 29 36 76 49 31 53 6 59 7 18 65 13 25 27 64 66 37 4 24 45 58 8 10 57 1 16 52 42 54 33 63 23 22 50 39 32 71 70 30 68 
77 35 44 26 43 60 3 12 56 62 69 38 41 17 2 51 15 72 11 29 36 76 49 31 53 6 59 7 18 65 13 25 27 64 66 37 4 24 45 58 8 10 57 1 16 52 42 54 33 63 23 22 50 39 32 71 70 30 68 
78 35 44 26 43 60 3 12 56 62 69 38 41 17 2 51 15 72 11 29 36 76 49 31 53 6 59 7 18 65 13 25 27 64 66 37 4 24 45 58 78 8 10 57 1 16 52 42 54 33 63 23 22 50 39 32 71 70 30 68 
79 35 44 26 43 60 3 12 56 62 69 38 41 17 2 51 15 72 11 29 36 76 49 31 53 6 59 7 18 65 13 25 27 64 66 37 4 24 45 58 78 8 10 57 1 16 52 42 54 33 63 23 22 50 39 32 71 70 30 68 
80 35 44 26 43 60 3 12 56 62 69 38 41 17 2 51 15 72 11 29 36 76 49 31 53 6 59 7 18 65 13 25 27 64 66 37 4 24 45 58 78 8 10 57 1 16 52 42 54 33 63 23 22 50 39 32 71 70 30 68 
