1 1 
2 2 1 
3 3 2 1 
4 3 2 4 1 
5 3 2 4 5 1 
6 3 2 4 5 1 
7 7 2 4 5 1 
8 7 2 4 5 1 
9 3 2 4 9 5 1 
10 3 2 4 10 9 5 1 
11 3 2 4 10 9 5 1 
12 2 12 4 10 9 5 1 
13 2 12 4 10 9 5 1 
14 3 14 2 4 10 9 5 1 
15 3 14 2 4 10 9 5 15 1 
16 3 14 2 4 10 9 5 15 1 
17 14 2 4 17 10 9 5 15 1 
18 14 2 4 17 10 9 5 15 1 
19 3 14 2 19 4 10 9 5 15 1 
20 3 14 2 19 20 4 10 9 5 15 1 
21 3 14 2 19 20 4 10 9 5 15 1 
22 22 14 2 19 20 4 10 9 5 15 1 
23 22 14 2 19 20 4 10 9 5 15 1 
24 24 3 14 2 19 20 4 10 9 5 15 1 
25 24 20 25 15 1 3 14 2 19 4 10 9 5 
26 24 20 25 15 1 3 14 2 19 4 10 9 5 
27 24 20 25 15 1 14 2 19 4 10 27 9 5 
28 24 20 25 15 1 14 2 19 4 10 27 9 5 
29 24 20 29 25 15 1 3 14 2 19 4 10 9 5 
30 24 20 29 25 15 1 30 3 14 2 19 4 10 9 5 
31 24 20 29 25 15 1 30 3 14 2 19 4 10 9 5 
32 24 20 29 25 15 1 30 14 2 19 4 10 9 32 5 
33 24 20 29 25 15 1 30 14 2 19 4 10 9 32 5 
34 24 34 20 29 25 15 1 30 3 14 2 19 4 10 9 5 
35 24 34 20 29 25 15 1 30 3 14 2 35 19 4 10 9 5 
36 24 34 20 29 25 15 1 30 3 14 2 35 19 4 10 9 5 
37 24 34 20 29 25 15 1 30 14 2 35 19 4 10 37 9 5 
38 24 34 20 29 25 15 1 30 14 2 35 19 4 10 37 9 5 
39 24 34 39 20 29 25 15 1 30 3 14 2 35 19 4 10 9 5 
40 24 34 39 20 29 40 25 15 1 30 3 14 2 35 19 4 10 9 5 
41 24 34 39 20 29 40 25 15 1 30 3 14 2 35 19 4 10 9 5 
42 24 34 39 20 29 40 25 15 1 30 14 2 35 19 4 10 9 5 42 
43 24 39 29 40 25 15 1 30 7 14 12 19 17 10 27 9 5 22 34 20 3 2 35 4 37 32 42 
