1 1 
2 1 2 
3 1 2 
4 1 4 2 
5 1 5 4 2 
6 1 5 6 4 2 
7 11 24 22 30 17 19 1 27 14 21 4 2 10 5 6 12 9 7 29 15 26 
8 11 24 22 30 17 19 1 27 14 21 4 2 10 5 6 12 7 9 29 15 26 
9 11 24 22 30 17 1 27 14 21 4 2 10 5 6 12 7 9 29 15 26 
10 11 24 22 30 17 1 27 14 4 2 10 5 6 12 7 9 29 15 26 
11 24 22 11 30 17 1 27 14 4 2 10 5 6 12 7 9 29 15 26 
12 11 24 30 17 1 27 14 4 2 10 5 6 12 7 9 29 15 26 
13 11 22 24 30 17 19 1 14 27 21 4 2 10 5 6 12 7 9 15 29 26 
14 11 22 24 30 17 19 1 27 14 21 4 2 10 5 6 12 7 9 15 29 26 
15 11 22 24 30 17 19 1 14 27 21 4 2 10 5 6 12 7 9 29 15 26 
16 11 22 24 30 17 19 1 14 27 21 4 2 10 5 6 12 7 9 15 29 26 
17 11 22 24 30 19 17 1 14 27 21 4 2 10 5 6 12 7 9 15 29 26 
18 11 22 24 30 17 19 1 14 27 21 4 2 10 5 6 12 7 9 15 29 26 
19 11 22 24 30 17 19 1 14 27 21 4 2 10 5 6 12 7 15 29 26 
20 11 22 24 30 17 19 1 14 27 21 4 2 10 5 6 12 7 15 29 26 
21 11 22 24 30 17 19 1 14 27 21 4 2 5 6 12 7 9 15 29 26 
22 11 24 22 30 17 19 1 14 27 21 4 2 10 5 6 7 9 15 29 26 
23 11 22 24 30 17 19 1 14 27 21 4 2 10 5 6 7 9 15 29 26 
24 11 22 24 30 17 19 1 14 27 21 4 2 10 5 6 12 7 9 15 29 26 
25 11 24 22 30 17 19 1 14 27 21 4 2 10 5 6 12 7 9 15 29 26 
26 11 24 22 30 17 19 1 14 27 21 4 2 10 6 12 7 9 15 29 26 
27 11 24 22 30 17 19 1 14 27 21 4 2 10 5 6 12 7 9 15 29 26 
28 11 24 22 30 17 19 1 27 14 21 4 2 10 5 6 12 7 9 15 29 26 
29 11 24 22 30 17 19 1 27 14 21 2 10 5 6 12 7 9 15 29 26 
30 11 24 22 30 17 19 1 27 14 21 4 2 10 5 12 7 9 29 15 26 
31 11 24 22 30 17 19 1 27 14 21 4 2 10 5 12 7 9 29 15 26 
32 11 24 22 30 17 19 1 27 14 32 21 4 2 10 5 6 12 7 9 29 15 26 
33 11 24 22 30 17 19 1 32 27 14 21 4 2 10 5 6 12 7 9 29 15 26 
34 11 24 22 30 17 19 1 32 27 14 21 4 2 10 5 6 34 12 7 9 29 15 26 
35 11 24 22 30 17 19 1 32 27 14 21 4 2 10 5 6 34 12 7 9 29 15 26 
36 11 24 22 30 17 19 1 32 27 14 21 4 2 10 5 6 34 12 7 9 29 15 26 
37 11 24 22 30 17 19 1 32 27 14 21 4 2 10 5 6 12 7 9 29 15 26 
