1 1 
2 2 
3 3 
4 4 
5 5 
6 6 
7 6 
8 7 
10 8 
13 9 
15 10 
16 11 
18 6 
19 12 
20 13 
21 14 
22 15 
23 16 
24 17 
25 18 
26 19 
27 20 
29 21 
30 22 
32 23 
33 24 
34 25 
35 26 
37 27 
38 28 
40 29 
41 30 
42 31 
43 32 
44 33 
45 34 
46 35 
47 36 
48 37 
49 38 
50 39 
51 40 
52 41 
53 42 
54 43 
55 44 
56 45 
57 46 
58 47 
59 48 
63 27 
65 49 
67 50 
69 51 
71 52 
72 53 
73 54 
74 55 
75 56 
76 57 
77 58 
80 59 
81 60 
82 61 
83 62 
84 63 
85 64 
86 65 
89 66 
91 27 
92 67 
94 68 
95 69 
96 31 
97 70 
98 33 
99 71 
100 72 
101 36 
102 73 
103 74 
104 75 
105 40 
106 76 
107 77 
108 43 
109 78 
110 79 
111 80 
115 27 
117 81 
119 82 
121 83 
123 84 
124 85 
125 86 
126 87 
127 88 
130 89 
131 90 
132 91 
133 92 
134 93 
135 94 
136 95 
139 96 
140 97 
141 25 
142 98 
144 27 
145 99 
147 100 
148 101 
149 31 
150 102 
151 33 
152 103 
153 104 
154 36 
155 105 
156 106 
157 107 
158 40 
159 108 
160 109 
161 43 
162 110 
163 111 
164 112 
165 113 
166 114 
170 27 
172 115 
174 116 
176 117 
178 118 
179 119 
180 120 
181 121 
182 122 
183 123 
184 124 
187 125 
188 126 
189 127 
190 128 
191 129 
192 130 
193 131 
196 132 
198 27 
199 133 
201 134 
202 135 
203 31 
204 136 
205 33 
206 137 
207 138 
208 36 
209 139 
210 140 
211 141 
212 40 
213 142 
214 143 
215 43 
216 144 
217 145 
218 146 
222 27 
224 147 
226 148 
228 149 
230 150 
231 151 
232 152 
233 153 
234 154 
237 155 
238 156 
239 157 
240 158 
241 159 
242 160 
243 161 
