1 1 
2 1 2 
3 1 2 
4 1 2 
5 5 1 2 
6 5 1 2 
7 5 1 2 
8 8 5 1 2 
9 8 9 5 1 2 
10 8 9 10 5 1 2 
11 8 9 10 5 1 2 
12 8 9 10 5 1 2 
13 8 13 9 10 5 1 2 
14 8 13 14 9 10 5 1 2 
15 8 13 14 9 10 5 1 2 
16 8 13 14 9 10 5 1 2 
17 17 8 13 14 9 10 5 1 2 
18 17 18 8 13 14 9 10 5 1 2 
19 17 18 8 13 14 19 9 10 5 1 2 
20 17 18 8 13 14 19 9 10 5 1 2 
21 17 18 8 13 14 19 9 10 5 1 2 
22 22 17 18 8 13 14 19 9 10 5 1 2 
23 22 18 8 13 10 5 2 17 14 19 9 23 1 
24 22 18 8 13 10 24 5 2 17 14 19 9 23 1 
25 22 18 8 13 10 24 5 2 17 14 19 9 23 1 
26 22 18 8 13 10 24 5 2 17 14 19 9 23 1 
27 22 18 8 13 10 24 5 2 17 14 19 9 23 27 1 
28 22 18 28 8 13 10 24 5 2 17 14 19 9 23 27 1 
29 22 18 28 8 29 13 10 24 5 2 17 14 19 9 23 27 1 
30 22 18 28 8 29 13 10 24 5 2 17 14 19 9 23 27 1 
31 22 18 28 8 29 13 10 24 5 2 17 14 19 9 23 27 1 
32 22 18 28 8 29 13 32 10 24 5 2 17 14 19 9 23 27 1 
33 22 18 28 8 29 13 32 10 24 5 2 17 33 14 19 9 23 27 1 
34 22 18 28 8 29 13 32 10 24 5 2 17 33 14 19 9 23 27 1 
35 22 18 28 8 29 13 32 10 24 5 2 17 33 14 19 9 23 27 1 
36 22 18 28 8 29 13 32 10 24 5 2 17 33 14 19 9 23 27 36 1 
37 22 18 28 8 29 13 37 32 10 24 5 2 17 33 14 19 9 23 27 36 1 
38 22 18 38 28 8 29 13 37 32 10 24 5 2 17 33 14 19 9 23 27 36 1 
39 22 18 38 28 8 29 13 37 32 10 24 5 2 17 33 14 19 9 23 27 36 1 
40 22 18 38 28 8 29 13 37 32 10 24 5 2 17 33 14 19 9 23 27 36 1 
41 22 18 38 28 8 29 13 37 32 10 24 5 2 41 17 33 14 19 9 23 27 36 1 
42 22 18 38 28 8 29 13 37 32 10 24 5 2 41 17 33 14 19 9 23 27 36 1 42 
43 22 18 38 28 8 29 13 37 32 10 24 5 2 41 17 33 14 19 9 23 27 36 1 42 
44 22 18 38 28 8 29 13 37 32 10 24 5 2 41 17 33 14 19 9 23 27 36 1 42 
45 8 29 13 32 41 33 19 9 45 23 27 42 22 18 38 28 37 10 24 5 2 17 14 36 1 
46 8 29 13 32 46 41 33 19 9 45 23 27 42 22 18 38 28 37 10 24 5 2 17 14 36 1 
47 47 8 29 13 32 46 41 33 19 9 45 23 27 42 22 18 38 28 37 10 24 5 2 17 14 36 1 
48 47 8 29 13 32 46 41 33 19 9 45 23 27 42 22 18 38 28 37 10 24 5 2 17 14 36 1 
49 47 8 29 13 32 46 41 33 19 9 45 23 27 42 22 18 38 28 37 10 24 5 2 17 14 36 1 
50 47 8 29 13 32 46 50 41 33 19 9 45 23 27 42 22 18 38 28 37 10 24 5 2 17 14 36 1 
51 47 8 29 13 32 46 50 41 33 19 9 45 23 27 42 22 18 38 28 37 10 24 5 2 17 14 36 1 51 
52 47 8 29 13 32 46 50 41 33 19 9 45 23 27 42 22 18 38 28 37 10 24 5 2 17 14 36 1 51 52 
53 47 8 29 13 32 46 50 41 33 19 9 45 23 27 42 22 18 38 28 37 10 24 5 2 17 14 36 1 51 52 
54 47 8 29 13 32 46 50 41 33 19 9 45 23 27 42 22 18 38 28 37 10 24 5 2 17 14 36 1 51 52 
55 47 8 29 13 32 46 50 41 33 19 9 45 23 27 42 22 18 38 55 28 37 10 24 5 2 17 14 36 1 51 52 
56 47 56 8 29 13 32 46 50 41 33 19 9 45 23 27 42 22 18 38 55 28 37 10 24 5 2 17 14 36 1 51 52 
57 47 56 8 29 13 32 46 50 41 33 19 9 45 23 27 42 22 18 38 55 28 37 10 24 5 2 17 14 36 1 51 52 
58 47 56 8 29 13 32 46 50 41 33 19 9 45 23 27 42 22 18 38 55 28 37 10 24 5 2 17 14 36 1 51 52 
59 47 56 8 29 13 32 46 50 41 33 19 9 45 23 27 42 22 18 38 55 28 37 10 24 5 2 17 14 36 59 1 51 52 
60 47 56 8 29 13 32 46 50 41 33 19 9 45 23 27 42 22 18 38 55 28 37 10 24 5 2 17 14 36 59 60 1 51 52 
61 47 56 8 29 13 32 46 50 41 61 33 19 9 45 23 27 42 22 18 38 55 28 37 10 24 5 2 17 14 36 59 60 1 51 52 
62 47 56 8 29 13 32 46 50 41 61 33 19 9 45 23 27 42 22 18 38 55 28 37 10 24 5 2 17 14 36 59 60 1 51 52 
63 47 56 8 29 13 32 46 50 41 61 33 19 9 45 23 27 42 22 18 38 55 28 37 10 24 5 2 17 14 36 59 60 1 51 52 
64 47 56 64 8 29 13 32 46 50 41 61 33 19 9 45 23 27 42 22 18 38 55 28 37 10 24 5 2 17 14 36 59 60 1 51 52 
65 47 56 64 8 29 13 32 46 50 41 61 33 19 9 45 23 27 42 65 22 18 38 55 28 37 10 24 5 2 17 14 36 59 60 1 51 52 
66 47 56 64 8 29 13 32 46 50 41 61 33 19 9 45 23 27 42 65 22 18 38 55 28 37 10 24 5 2 17 14 66 36 59 60 1 51 52 
67 47 56 64 8 29 13 32 46 50 41 61 33 19 9 45 23 27 42 65 22 18 38 55 28 37 10 24 5 2 17 14 66 36 59 60 1 51 52 
68 47 56 64 8 29 13 32 46 50 41 61 33 19 9 45 23 27 42 65 22 18 38 55 28 37 10 24 5 2 17 14 66 36 59 60 1 51 52 
69 47 56 64 8 29 13 32 46 50 41 61 33 19 9 45 23 27 42 65 22 18 38 55 28 37 10 24 5 2 17 14 69 66 36 59 60 1 51 52 
70 47 56 64 8 29 13 32 46 50 41 61 33 19 9 45 23 27 42 65 22 18 38 55 28 37 10 24 5 2 17 14 69 66 36 59 60 1 51 52 
71 47 56 64 8 29 13 32 46 50 41 61 33 19 9 45 23 27 42 65 22 18 38 55 28 37 10 24 5 2 17 14 69 66 36 59 60 1 51 52 71 
72 47 56 64 8 29 13 32 46 50 41 61 33 19 9 45 23 27 42 65 22 18 38 55 28 37 10 24 5 2 17 14 69 66 36 59 60 1 51 52 71 
73 47 56 64 8 29 13 32 46 50 41 61 33 19 9 45 23 27 42 73 65 22 18 38 55 28 37 10 24 5 2 17 14 69 66 36 59 60 1 51 52 
74 47 56 64 8 29 13 32 46 50 41 61 33 19 9 45 23 27 42 73 65 22 18 38 55 28 37 74 10 24 5 2 17 14 69 66 36 59 60 1 51 52 71 
75 47 56 64 8 29 13 32 46 50 41 61 33 19 9 45 23 27 42 73 65 22 18 38 55 28 37 74 10 24 5 2 17 14 69 66 36 59 60 1 51 52 71 
76 47 56 64 8 29 13 32 46 50 41 61 33 19 9 45 23 27 42 73 65 22 18 38 55 28 37 74 10 24 5 2 17 14 69 66 36 59 60 1 51 52 71 
77 47 56 64 8 29 13 32 46 77 50 41 61 33 19 9 45 23 27 42 73 65 22 18 38 55 28 37 74 10 24 5 2 17 14 69 66 36 59 60 1 51 52 71 
78 47 56 64 8 29 13 32 46 77 50 41 61 33 19 9 45 23 27 42 73 65 22 18 38 55 28 37 74 10 24 78 5 2 17 14 69 66 36 59 60 1 51 52 71 
79 47 56 64 8 29 13 79 32 46 77 50 41 61 33 19 9 45 23 27 42 73 65 22 18 38 55 28 37 74 10 24 78 5 2 17 14 69 66 36 59 60 1 51 52 71 
80 47 56 64 8 29 13 79 32 46 77 50 41 61 33 19 9 45 23 27 42 73 65 22 18 38 55 28 37 74 10 24 78 5 2 17 14 69 66 36 59 60 1 51 52 71 
81 47 56 64 8 29 13 79 32 46 77 50 41 61 33 19 9 45 23 27 42 73 65 22 18 38 55 28 37 74 10 24 78 5 2 17 14 69 66 36 59 60 1 51 52 71 
82 47 56 64 8 29 13 79 32 46 77 50 41 61 33 19 9 45 23 27 42 73 65 22 18 38 55 28 37 74 10 24 78 5 2 17 82 14 69 66 36 59 60 1 51 52 71 
83 47 56 64 8 29 13 79 32 46 77 83 50 41 61 33 19 9 45 23 27 42 73 65 22 18 38 55 28 37 74 10 24 78 5 2 17 82 14 69 66 36 59 60 1 51 52 71 
84 47 56 64 8 29 13 79 32 46 77 83 50 41 61 33 19 9 45 23 27 42 73 84 65 22 18 38 55 28 37 74 10 24 78 5 2 17 82 14 69 66 36 59 60 1 51 52 71 
85 47 56 64 8 29 13 79 32 46 77 83 50 41 61 33 19 9 45 23 27 42 73 84 65 22 18 38 55 28 37 74 10 24 78 5 2 17 82 14 69 66 36 59 60 1 51 52 71 
86 47 56 64 8 29 13 79 32 46 77 83 50 41 61 33 19 9 45 23 27 42 73 84 65 22 18 38 55 28 37 74 10 24 78 5 2 17 82 14 69 66 36 59 60 1 51 52 71 
87 47 56 8 13 77 50 41 61 19 23 27 73 65 22 37 74 10 24 5 2 82 14 69 66 59 60 52 64 29 79 32 46 83 33 9 45 42 84 87 18 38 55 28 78 17 36 1 51 71 
88 47 56 8 13 77 50 41 61 19 23 27 73 65 22 37 74 10 24 5 88 2 82 14 69 66 59 60 52 64 29 79 32 46 83 33 9 45 42 84 87 18 38 55 28 78 17 36 1 51 71 
89 47 56 8 13 77 50 41 61 19 23 27 73 65 22 37 74 10 24 5 88 89 2 82 14 69 66 59 60 52 64 29 79 32 46 83 33 9 45 42 84 87 18 38 55 28 78 17 36 1 51 71 
90 47 56 8 13 77 50 41 61 19 23 27 73 65 22 37 74 10 24 5 88 89 2 82 14 69 66 59 60 52 64 29 79 32 46 83 33 9 45 42 84 87 18 38 55 28 78 17 36 1 51 71 
91 47 56 8 13 77 50 41 61 19 23 27 73 65 22 37 74 10 24 5 88 89 2 82 14 69 66 59 60 52 64 29 79 32 46 83 33 9 45 42 84 87 18 38 55 28 78 17 36 1 51 71 
92 92 47 56 8 13 77 50 41 61 19 23 27 73 65 22 37 74 10 24 5 88 89 2 82 14 69 66 59 60 52 64 29 79 32 46 83 33 9 45 42 84 87 18 38 55 28 78 17 36 1 51 71 
93 92 47 56 8 13 77 50 41 61 19 23 27 73 65 22 37 74 10 24 5 88 89 2 82 14 69 66 59 60 93 52 64 29 79 32 46 83 33 9 45 42 84 87 18 38 55 28 78 17 36 1 51 71 
94 92 47 56 8 13 77 50 41 61 19 23 27 73 65 22 37 74 10 24 5 88 89 2 82 14 69 66 59 60 93 52 64 29 79 32 46 83 33 9 45 42 84 87 18 38 55 28 78 17 36 1 51 71 94 
95 92 47 56 8 13 77 50 41 61 19 23 27 73 65 22 37 74 10 24 5 88 89 2 82 14 69 66 59 60 93 52 64 29 79 32 46 83 33 9 45 42 84 87 18 38 55 28 78 17 36 1 51 71 94 
96 92 47 56 8 13 77 50 41 61 19 23 27 73 65 22 37 74 10 24 5 88 89 2 82 14 69 66 59 60 93 52 64 29 79 32 46 83 33 9 45 42 84 87 18 38 55 28 78 17 36 1 51 71 94 
97 92 47 56 8 13 77 50 41 61 19 23 27 73 65 22 37 74 10 24 5 88 89 2 82 14 69 66 59 60 93 52 64 29 79 32 46 83 33 97 9 45 42 84 87 18 38 55 28 78 17 36 1 51 71 94 
98 92 47 56 8 13 77 50 41 61 19 23 27 98 73 65 22 37 74 10 24 5 88 89 2 82 14 69 66 59 60 93 52 64 29 79 32 46 83 33 97 9 45 42 84 87 18 38 55 28 78 17 36 1 51 71 94 
99 92 47 56 8 13 77 50 41 61 19 23 27 98 73 65 22 37 74 10 24 5 88 89 2 82 14 69 66 59 60 93 52 64 29 79 32 46 83 33 97 9 45 42 84 99 87 18 38 55 28 78 17 36 1 51 71 94 
100 92 47 56 8 13 77 50 41 61 19 23 27 98 73 65 22 37 74 10 24 5 88 89 2 82 14 69 66 59 60 93 52 64 29 79 32 46 83 33 97 9 45 42 84 99 87 18 38 55 28 78 17 36 1 51 71 94 
101 92 47 56 8 13 77 50 41 61 19 23 27 98 73 65 22 37 74 10 24 5 88 89 2 82 14 69 66 59 60 93 52 64 29 79 32 46 83 33 97 9 45 42 84 99 87 18 38 55 28 78 17 36 1 51 71 94 
102 92 47 56 8 13 77 50 41 61 19 23 27 98 73 65 22 37 74 10 24 5 88 89 2 82 14 69 66 59 60 93 52 64 29 79 32 46 83 33 97 9 45 42 84 99 87 18 38 55 28 78 17 36 1 51 71 94 
