1 1 
2 2 1 
3 2 3 1 
4 2 3 1 
5 2 3 5 1 
6 6 2 3 5 1 
7 6 2 3 7 5 1 
8 8 6 2 3 7 5 1 
9 8 14 24 3 5 23 18 28 16 20 1 13 10 6 32 2 15 27 25 7 17 21 12 30 
10 8 14 24 3 5 23 18 28 16 20 1 13 10 6 32 2 15 27 25 7 17 21 12 
11 8 14 24 3 5 23 18 28 16 20 1 13 10 6 32 2 15 27 25 7 17 21 12 30 
12 8 14 24 3 5 23 18 28 16 20 1 13 10 6 32 2 15 27 25 7 17 21 30 12 
13 8 14 24 3 5 23 18 28 16 20 1 13 10 6 32 2 15 27 25 7 17 21 12 30 
14 8 24 14 3 5 23 18 28 16 20 1 13 10 6 32 2 15 27 25 7 17 21 12 30 
15 8 14 24 3 5 23 18 28 16 20 1 13 10 6 32 2 27 15 25 7 17 21 12 30 
16 8 14 24 3 5 23 18 28 20 16 1 13 10 6 32 2 15 27 25 7 17 21 12 30 
17 8 14 24 3 5 23 18 28 16 20 1 13 10 6 32 2 15 27 25 7 21 17 12 30 
18 8 14 24 3 5 23 28 18 16 20 1 13 10 6 32 2 15 27 25 7 17 21 12 30 
19 8 14 24 3 5 23 18 28 16 20 1 13 10 6 32 2 15 27 25 7 17 21 12 30 
20 8 14 24 3 5 23 18 28 16 20 1 13 10 6 32 2 15 27 25 7 17 21 12 30 
21 8 14 24 3 5 23 18 28 16 20 1 13 10 6 32 2 15 27 25 7 17 21 12 30 
22 8 14 24 3 5 23 18 28 16 20 1 13 10 6 32 2 15 27 25 7 17 21 12 30 
23 8 14 24 3 5 23 18 28 16 20 1 13 10 6 32 2 15 27 25 7 17 21 12 30 
24 8 14 24 3 5 23 18 28 16 20 1 13 10 6 32 2 15 27 25 7 17 21 12 30 
25 8 14 24 3 5 23 18 28 16 20 1 13 10 6 32 2 15 27 25 7 17 21 12 30 
26 8 14 24 3 5 23 18 28 16 20 1 13 10 6 32 2 15 27 25 7 17 21 12 30 
27 8 14 24 3 5 23 18 28 16 20 1 13 10 6 32 2 15 27 25 7 17 21 12 30 
28 8 14 24 3 5 23 18 28 16 20 1 13 10 6 32 2 15 27 25 7 17 21 12 30 
29 8 14 24 3 5 23 18 28 16 20 1 13 10 6 32 2 15 27 25 7 17 21 12 30 
30 8 14 24 3 5 23 18 28 16 20 1 13 6 32 2 15 27 25 7 17 21 12 30 
31 8 14 24 3 5 23 18 28 16 20 1 13 6 32 2 15 27 25 7 17 21 12 30 
32 14 24 3 5 23 18 28 16 20 1 13 10 6 32 2 15 27 25 7 17 21 12 30 
33 14 24 3 5 23 18 28 16 20 1 13 10 6 32 2 15 27 25 7 17 21 12 30 
34 8 14 24 3 5 23 18 28 16 20 1 13 34 6 32 2 15 27 25 7 17 21 12 
35 8 14 28 38 16 1 32 15 7 17 21 24 37 3 5 23 18 20 13 34 6 2 27 25 36 12 
36 8 14 28 38 16 1 32 15 7 17 21 24 37 3 5 23 18 20 13 34 6 2 27 25 36 12 
37 8 14 28 38 16 1 32 15 7 17 21 24 37 3 5 23 18 20 13 34 6 2 27 25 36 12 
38 8 14 28 38 16 1 32 15 7 17 21 24 37 3 5 23 18 20 13 6 2 27 25 36 12 
39 8 14 28 38 16 1 32 15 7 17 21 24 37 3 5 23 18 20 13 6 2 27 25 36 12 
40 8 14 28 38 16 1 32 15 7 17 21 24 37 3 5 23 18 20 13 34 6 2 27 25 36 40 12 
41 8 14 28 38 16 1 32 15 7 17 21 24 37 3 5 23 18 20 13 34 6 2 27 25 36 40 41 12 
42 8 14 42 28 38 16 1 32 15 7 17 21 24 37 3 5 23 18 20 13 34 6 2 27 25 36 40 41 12 
43 8 14 42 28 38 16 1 32 15 7 17 21 24 37 3 5 23 18 20 13 34 6 2 27 25 36 40 41 43 12 
44 8 14 42 28 38 16 1 32 15 7 44 17 21 24 37 3 5 23 18 20 13 34 6 2 27 25 36 40 41 43 12 
45 8 14 42 28 38 16 1 32 15 7 44 17 21 24 45 37 3 5 23 18 20 13 34 6 2 27 25 36 40 41 43 12 
46 8 14 42 28 38 16 1 46 32 15 7 44 17 21 24 45 37 3 5 23 18 20 13 34 6 2 27 25 36 40 41 43 12 
47 8 14 42 28 16 1 46 32 15 7 44 17 21 47 24 45 37 3 5 23 18 20 13 6 2 27 25 36 40 41 43 12 
48 8 14 42 28 16 1 46 48 32 15 7 44 17 21 47 24 45 37 3 5 23 18 20 13 6 2 27 25 36 40 41 43 12 
49 8 14 42 28 16 1 46 49 48 32 15 7 44 17 21 47 24 45 37 3 5 23 18 20 13 6 2 27 25 36 40 41 43 12 
50 8 14 42 28 16 1 46 49 48 32 15 7 44 17 21 50 47 24 45 37 3 5 23 18 20 13 6 2 27 25 36 40 41 43 12 
51 8 14 42 28 16 1 46 49 48 32 15 7 44 17 21 50 47 24 45 37 3 5 23 18 51 20 13 6 2 27 25 36 40 41 43 12 
52 8 14 42 28 16 1 46 49 48 52 32 15 7 44 17 21 50 47 24 45 37 3 5 23 51 18 20 13 6 2 27 25 36 40 41 43 12 
53 8 14 42 28 16 1 46 49 48 52 32 15 53 7 44 17 21 50 47 24 45 37 3 5 23 51 18 20 13 6 2 27 25 36 40 41 43 12 
54 8 14 42 28 16 1 46 49 48 52 32 15 53 7 44 17 21 50 47 24 45 37 3 5 23 51 18 20 13 6 2 27 25 36 40 41 43 12 54 
55 8 14 42 28 55 16 1 46 49 48 52 32 15 53 7 44 17 21 50 47 24 45 37 3 5 23 51 18 20 13 6 2 27 25 36 40 41 43 54 12 
56 8 42 55 28 16 1 46 49 48 52 32 15 53 7 44 17 21 50 47 56 24 45 37 3 5 23 51 18 20 13 6 2 27 25 36 40 41 43 54 12 
57 8 42 55 28 16 1 46 49 48 52 32 15 53 7 44 17 21 57 50 47 56 24 45 37 3 5 23 51 18 20 13 6 2 27 25 36 40 41 43 54 12 
58 8 58 42 55 28 16 1 46 49 48 52 32 15 53 7 44 17 21 57 50 47 56 24 45 37 3 5 23 51 18 20 13 6 2 27 25 36 40 41 43 54 12 
59 8 58 42 55 28 16 1 46 49 48 52 32 15 53 59 7 44 17 21 57 50 47 56 24 45 37 3 5 23 51 18 20 13 6 2 27 25 36 40 41 43 54 12 
60 8 58 42 55 28 16 1 46 49 48 52 32 15 53 59 7 44 17 21 57 50 47 56 24 45 37 3 5 23 51 18 20 13 6 2 27 25 60 36 40 41 43 54 12 
61 8 58 42 55 28 16 1 46 49 48 52 32 15 53 59 7 44 17 21 57 50 47 56 24 45 37 3 5 23 51 18 20 13 61 6 2 27 25 60 36 40 41 43 54 12 
62 8 58 42 55 28 16 1 46 49 48 52 32 15 53 59 7 44 17 21 57 50 47 56 24 45 37 3 5 23 51 18 20 13 61 6 2 27 25 60 36 40 41 43 54 12 
63 8 58 42 55 28 16 1 46 49 48 52 32 53 59 7 44 17 21 57 50 47 56 24 45 37 63 3 5 23 51 18 20 13 61 6 2 27 25 60 36 40 41 43 54 12 
64 58 42 55 28 16 1 46 49 48 52 53 59 7 44 17 21 57 64 50 47 56 24 45 63 37 3 5 23 51 18 20 13 61 6 2 27 25 60 36 40 41 43 54 12 
65 89 78 42 87 28 77 16 1 84 48 82 53 59 67 76 7 96 64 24 45 37 86 5 23 18 98 2 99 81 25 60 41 43 95 58 93 74 55 85 46 49 52 80 72 75 91 44 17 21 57 50 47 56 63 3 88 51 20 13 61 92 6 70 27 100 36 69 79 40 54 66 12 
66 89 78 42 87 28 77 16 1 84 48 82 53 59 67 76 7 96 64 24 45 37 86 5 23 18 98 2 99 81 25 60 41 43 95 58 93 74 55 85 46 49 52 80 72 75 91 44 17 21 57 50 47 56 63 3 51 20 13 61 92 6 70 27 100 36 69 79 40 54 12 66 
67 78 42 87 28 77 16 1 84 48 82 53 59 76 67 7 96 64 24 45 37 86 5 23 18 98 2 99 81 25 60 41 43 95 58 93 74 55 85 46 49 52 80 72 75 91 44 17 21 57 50 56 63 3 51 20 13 61 92 6 70 27 100 36 69 79 40 54 66 12 
68 89 78 42 87 28 77 16 1 84 48 82 53 59 67 76 7 96 64 24 45 86 37 5 23 18 98 2 99 81 25 60 41 43 95 58 74 93 55 73 85 46 49 52 80 72 75 91 44 17 21 57 50 56 63 3 88 51 20 13 61 92 6 70 27 100 69 36 79 40 54 66 12 
69 89 78 42 87 28 77 16 1 84 48 82 53 59 67 76 7 96 64 24 45 86 37 5 23 18 98 2 99 81 25 60 41 43 95 58 74 93 55 73 85 46 49 52 80 72 75 91 44 17 21 57 50 56 63 3 88 51 20 13 61 92 6 70 27 100 36 69 79 40 54 66 12 
70 89 78 42 87 28 77 16 1 84 48 82 53 59 67 76 7 96 64 24 45 86 37 5 23 18 98 2 99 81 25 60 41 43 95 58 74 93 55 73 85 46 49 52 80 72 75 91 44 17 21 57 50 56 63 3 88 51 20 13 61 92 6 70 27 100 69 36 79 40 54 66 12 
71 89 78 42 87 28 77 16 1 84 48 82 53 59 67 76 7 96 64 24 45 86 37 5 23 18 98 2 99 81 25 60 41 43 95 58 74 93 55 73 85 46 49 52 80 72 75 91 44 17 21 57 50 56 63 3 88 51 20 13 61 92 6 70 27 100 69 36 79 40 54 66 12 
72 89 78 42 87 28 77 16 1 84 48 82 53 59 67 76 7 96 64 24 45 86 37 5 23 18 98 2 99 81 25 60 41 43 95 58 74 93 55 73 85 46 49 52 80 75 72 91 44 17 21 57 50 63 3 88 51 20 13 61 92 6 70 27 100 69 36 79 40 54 66 12 
73 89 78 42 87 28 77 16 1 84 48 82 53 59 67 76 7 64 24 45 86 37 5 23 18 98 2 81 25 60 41 43 95 58 74 55 85 73 46 49 52 80 72 75 91 44 17 21 57 50 3 88 51 20 13 61 92 6 70 27 100 69 36 79 40 54 66 12 
74 89 78 42 87 28 77 16 1 84 48 82 53 59 67 76 7 64 24 45 86 37 5 23 18 98 2 81 25 60 41 43 95 58 74 55 73 85 46 49 52 80 72 75 91 44 17 21 57 50 3 88 51 20 13 61 92 6 70 27 100 69 36 79 40 54 66 12 
75 89 78 42 87 28 77 16 1 84 48 82 53 59 67 76 7 64 24 45 86 37 5 23 18 98 2 81 25 60 41 43 95 58 74 55 73 85 46 49 52 80 72 75 91 44 17 21 57 50 3 88 51 20 13 61 92 6 70 27 100 69 36 79 40 54 66 12 
76 89 78 42 87 28 77 16 1 84 48 82 53 59 67 76 7 64 24 45 86 37 5 23 18 98 2 81 25 60 41 43 95 58 74 55 73 85 46 49 52 80 72 75 91 44 17 21 57 50 3 88 51 20 13 61 92 6 70 27 100 69 36 79 40 54 66 12 
77 89 78 42 87 28 77 16 1 84 48 82 53 59 67 76 7 64 24 45 86 37 5 23 18 98 2 81 25 60 41 43 95 58 74 55 73 85 46 49 52 80 72 75 91 44 17 21 57 50 3 88 51 20 13 61 92 6 70 27 100 69 36 79 40 54 66 12 
78 89 78 42 87 28 77 16 1 84 48 82 53 59 67 76 7 64 24 45 86 37 5 23 18 98 2 81 25 60 41 43 95 58 74 55 73 85 46 49 52 80 72 75 91 44 17 21 57 50 3 88 51 20 13 61 92 6 70 27 100 69 36 79 40 54 66 12 
79 89 78 42 87 28 77 16 1 84 48 82 53 59 67 76 7 64 24 45 86 37 5 23 18 98 2 81 25 60 41 43 95 58 74 55 73 85 46 49 52 80 72 75 91 44 17 21 57 50 3 88 51 20 13 61 92 6 70 27 100 69 36 79 40 54 66 12 
80 89 78 42 87 28 77 16 1 84 48 82 53 59 67 76 7 64 24 45 86 37 5 23 18 98 2 81 25 60 41 43 95 58 74 55 73 85 46 49 52 80 72 75 91 44 17 21 57 50 3 88 51 20 13 61 92 6 70 27 100 69 36 79 40 54 66 12 
81 89 78 42 87 28 77 16 1 84 48 82 53 59 67 76 7 64 24 45 86 37 5 23 18 98 2 81 25 60 41 43 95 58 74 55 73 85 46 49 52 80 72 75 91 44 17 21 57 50 3 88 51 20 13 61 92 6 70 27 100 69 36 79 40 54 66 12 
82 89 78 42 87 28 77 16 1 84 48 82 53 59 67 76 7 64 24 45 86 37 5 23 18 98 2 81 25 60 41 43 95 58 74 55 73 85 46 49 52 80 72 75 91 44 17 21 57 50 3 88 51 20 13 61 92 6 70 27 100 69 36 79 40 54 66 12 
83 89 78 42 87 28 77 16 1 84 48 82 53 59 67 76 7 64 24 45 86 37 5 23 18 98 2 81 25 60 41 43 95 58 74 55 73 85 46 49 52 80 72 75 91 44 17 21 57 50 3 88 51 20 13 61 92 6 70 27 100 69 36 79 40 54 66 12 
84 89 78 42 87 28 77 16 1 84 48 82 53 59 67 76 7 96 64 24 45 86 37 5 23 18 98 2 99 81 25 60 41 43 95 58 74 93 55 73 85 46 49 52 80 72 75 91 44 17 21 57 50 56 63 3 88 51 20 13 61 92 6 70 27 100 69 36 79 40 54 66 12 
85 89 78 42 87 28 77 16 1 84 48 82 53 59 67 76 7 96 64 24 45 86 37 5 23 18 98 2 99 81 25 60 41 43 95 58 74 93 55 73 85 46 49 52 80 72 75 91 44 17 21 57 50 56 63 3 88 51 20 13 61 92 6 70 27 100 69 36 79 40 54 66 12 
86 89 78 42 87 28 77 16 1 84 48 82 53 59 67 76 7 96 64 24 45 37 86 5 23 18 98 2 99 81 25 60 41 43 95 58 74 93 55 73 85 46 49 52 80 72 75 91 44 17 21 57 50 56 63 3 88 51 20 13 61 92 6 70 27 100 69 36 79 40 54 66 12 
87 89 78 42 87 28 77 16 1 84 48 82 53 59 67 76 7 96 64 24 45 86 37 5 23 18 98 2 99 81 25 60 41 43 95 58 74 93 55 73 85 46 49 52 80 72 75 91 44 17 21 57 50 56 63 3 88 51 20 13 61 92 6 70 27 100 69 36 79 40 54 66 12 
88 89 78 42 87 28 77 16 1 84 48 82 53 59 67 76 7 96 64 24 45 86 37 5 23 18 98 2 99 81 25 60 41 43 95 58 74 93 55 73 85 46 49 52 80 72 75 91 44 17 21 57 50 56 63 3 88 51 20 13 61 92 6 70 27 100 69 36 79 40 54 12 
89 89 78 42 87 28 77 16 1 84 48 82 53 59 76 7 96 64 24 45 86 37 5 23 18 98 2 99 81 25 60 41 43 95 58 74 93 55 73 85 46 49 52 80 72 75 91 44 17 21 57 50 56 63 3 88 51 20 13 61 92 6 70 27 100 69 36 79 40 54 12 
90 89 78 42 87 28 77 16 1 84 48 82 53 59 76 7 96 64 24 45 86 37 5 23 18 98 2 99 81 25 60 41 43 95 58 74 93 55 73 85 46 49 52 80 72 75 91 44 17 21 57 50 56 63 3 88 51 20 13 61 92 6 70 27 100 69 36 79 40 54 12 
91 89 78 42 87 28 77 16 1 84 48 82 53 59 67 76 7 96 64 24 45 86 37 5 23 18 98 2 99 81 25 60 41 43 95 58 74 93 55 73 85 46 49 52 80 72 75 91 44 17 21 57 50 56 63 3 88 51 20 13 61 92 6 70 27 100 69 36 79 40 54 66 12 
92 89 78 42 87 28 77 16 1 84 48 82 53 59 67 76 7 96 64 24 45 86 37 5 23 18 98 2 99 81 25 60 41 43 95 58 74 93 55 73 85 46 49 52 80 72 75 91 44 17 21 57 50 56 63 3 88 51 20 13 61 92 6 70 27 100 69 36 79 40 54 66 12 
93 89 78 42 87 28 77 16 1 84 48 82 53 59 67 76 7 64 24 45 86 37 5 23 18 98 2 81 25 60 41 43 95 58 74 93 55 85 46 49 52 80 72 75 91 44 17 21 57 50 56 3 88 51 20 13 61 92 6 70 27 100 69 36 79 40 54 66 12 
94 89 78 42 87 28 77 16 1 84 48 82 53 59 67 76 7 64 24 45 86 37 5 23 18 98 2 81 25 60 41 43 95 58 93 74 55 85 46 49 52 80 72 75 91 44 17 21 57 50 56 3 88 51 20 13 61 92 6 70 27 100 69 36 79 40 54 66 12 
95 89 78 42 87 28 77 16 1 84 48 82 53 59 67 76 7 64 24 45 86 37 5 23 18 98 2 81 25 60 41 43 95 58 93 74 55 85 46 49 52 80 72 75 91 44 17 21 57 50 56 3 88 51 20 13 61 92 6 70 27 100 69 36 79 40 54 66 12 
96 89 78 42 87 28 77 16 1 84 48 82 53 59 67 76 7 96 64 24 45 86 37 5 23 18 98 2 81 25 60 41 43 95 58 74 55 85 46 49 52 80 72 75 91 44 17 21 57 50 56 3 88 51 20 13 61 92 6 70 27 100 69 36 79 40 54 66 12 
97 89 78 42 87 28 77 16 1 84 48 82 53 59 67 76 7 96 64 24 45 86 37 5 23 18 98 2 81 25 60 41 43 95 58 93 74 55 85 46 49 52 80 72 75 91 44 17 21 57 50 56 3 88 51 20 13 61 92 6 70 27 100 69 36 79 40 54 66 12 
98 89 78 42 87 28 77 16 1 84 48 82 53 59 67 76 7 96 64 24 45 86 37 5 23 18 98 2 81 25 60 41 43 95 58 93 74 55 85 46 49 52 80 72 75 91 44 17 21 57 50 56 3 88 51 20 13 61 92 6 70 27 100 69 36 79 40 54 66 12 
99 89 78 42 87 28 77 16 1 84 48 82 53 59 67 76 7 64 24 45 86 37 5 23 18 98 2 99 81 25 60 41 43 95 58 74 55 85 46 49 52 80 72 75 91 44 17 21 57 50 56 3 88 51 20 13 61 92 6 70 27 100 69 36 79 40 54 66 12 
100 89 78 42 87 28 77 16 1 84 48 82 53 59 67 76 7 96 24 45 86 37 5 23 18 98 2 99 81 25 60 41 43 95 58 93 74 55 85 46 49 52 80 72 75 91 44 17 21 57 50 56 3 88 51 20 13 61 92 6 70 27 100 69 36 79 40 54 66 12 
101 89 78 42 87 28 77 16 1 84 48 82 53 59 67 76 7 96 24 45 86 37 5 23 18 98 2 99 81 25 60 41 43 95 58 93 74 55 85 46 49 52 80 72 75 91 44 17 21 57 50 56 3 88 51 20 13 61 92 6 70 27 100 69 36 79 40 54 66 12 
102 89 78 42 87 28 77 16 1 84 48 82 53 59 67 76 7 96 64 24 45 37 86 5 23 18 98 2 99 81 25 60 41 43 95 58 93 74 55 85 46 49 52 80 72 75 91 44 17 21 57 50 47 56 63 3 88 51 20 13 61 92 6 70 27 100 36 69 79 40 54 66 12 
103 89 78 42 87 28 77 16 1 84 48 82 53 59 67 76 7 96 64 24 45 37 86 5 23 18 98 2 99 81 25 60 41 43 95 58 93 74 55 85 46 49 52 80 72 75 91 44 17 21 57 50 47 56 63 3 88 51 20 13 61 92 6 70 27 100 36 69 79 40 54 66 12 
104 104 
105 104 
106 104 
107 89 78 42 87 28 77 16 1 84 48 82 53 59 67 76 7 96 64 24 45 37 86 5 23 18 98 2 99 81 25 60 41 43 95 58 93 74 55 85 46 49 52 80 72 75 91 44 17 21 57 50 47 56 63 3 88 51 20 13 61 92 6 70 27 100 36 69 79 40 54 66 12 
