1 1 
2 2 1 
3 3 2 1 
4 3 2 1 
5 3 2 1 
6 3 2 1 6 
7 3 2 1 6 
8 3 2 1 6 8 
9 3 2 1 6 8 
10 3 2 1 6 8 
11 3 2 1 6 11 8 
12 3 2 1 12 6 11 8 
13 13 3 2 1 12 6 11 8 
14 13 3 2 1 12 6 11 8 14 
15 13 3 2 1 12 6 11 8 14 
16 13 3 2 1 12 6 11 8 14 
17 13 3 2 1 12 6 11 17 8 14 
18 13 3 2 1 12 6 11 17 8 14 
19 13 19 3 2 1 12 6 11 17 8 14 
20 13 19 3 2 1 12 6 11 17 8 14 
21 13 19 3 2 1 12 6 11 17 21 8 14 
22 13 19 3 2 1 12 6 11 17 21 8 14 
23 13 17 23 14 19 3 2 1 12 6 11 21 8 
24 13 17 23 14 19 3 2 1 12 6 11 21 8 
25 13 17 23 14 19 3 2 1 12 6 11 21 8 
26 13 17 23 14 19 3 2 1 12 6 11 21 8 
