1 1 
2 1 2 
3 1 2 3 
4 1 2 4 3 
5 1 5 2 4 3 
6 1 5 2 4 3 
7 1 5 2 4 3 
8 1 5 2 4 3 8 
9 1 9 5 2 4 3 8 
10 1 10 9 5 2 4 3 8 
11 1 10 11 9 5 2 4 3 8 
12 1 10 11 9 5 2 4 3 8 
13 1 10 11 9 5 13 2 4 3 8 
14 1 10 11 9 5 13 2 4 3 8 
15 1 10 11 9 5 13 2 4 3 8 
16 16 1 10 11 9 5 2 4 3 8 
17 16 1 10 11 9 5 17 2 4 3 8 
18 16 1 10 11 9 5 17 2 4 18 3 8 
19 16 1 10 11 9 5 17 2 4 18 3 8 
20 16 1 11 9 5 17 20 10 2 4 18 3 8 
21 16 1 11 9 5 17 20 10 2 4 18 3 8 
22 16 1 11 9 5 17 20 10 2 4 18 3 8 
23 16 1 10 11 9 5 17 2 4 18 3 8 
