1 1 
2 1 2 
3 1 2 3 
4 1 4 2 3 
5 1 4 2 3 
6 1 4 2 3 
7 1 4 2 7 3 
8 1 4 2 7 3 
9 1 4 2 7 3 
10 1 10 4 2 7 3 
11 11 1 10 4 2 7 3 
12 11 1 10 4 2 7 12 3 
13 11 13 1 10 4 2 7 12 3 
14 11 13 1 10 4 2 7 12 3 
15 11 15 13 1 10 4 2 7 12 3 
16 11 15 13 1 10 4 2 7 16 3 
17 11 15 13 1 10 4 17 2 7 12 16 3 
18 15 13 1 10 17 7 3 11 4 18 2 12 16 
19 15 13 1 10 17 7 3 11 4 18 2 12 16 
20 15 13 20 1 10 17 7 3 11 4 18 2 12 16 
21 15 13 20 21 1 10 7 3 11 4 18 2 12 16 
22 15 13 20 21 1 10 22 17 7 3 11 4 18 2 12 16 
23 15 13 20 21 1 10 22 17 7 3 11 23 4 18 2 12 16 
24 15 13 20 21 1 24 10 22 17 7 3 11 23 4 18 2 12 16 
25 15 13 20 21 1 24 10 22 17 7 25 3 11 23 4 18 2 12 16 
26 15 13 20 21 1 24 10 22 17 7 25 3 11 23 26 4 18 2 12 16 
27 15 13 20 21 1 24 10 22 17 7 25 3 11 23 26 4 18 2 12 16 
28 15 13 20 21 1 24 10 22 28 17 7 25 3 11 23 26 4 18 2 12 16 
29 15 13 20 21 1 24 10 22 28 17 7 25 3 11 23 26 4 18 2 12 16 
30 15 13 20 21 1 30 24 10 22 28 17 7 25 3 11 23 26 4 18 2 12 16 
31 15 13 20 21 1 30 24 10 22 28 17 7 25 3 11 23 26 4 18 2 12 16 
32 15 13 20 21 1 24 10 22 17 7 25 3 32 11 23 26 4 18 2 12 16 
33 15 13 20 21 1 24 10 22 17 7 25 3 32 11 23 26 4 18 2 12 16 
34 15 13 20 21 1 24 10 22 17 7 25 3 32 11 23 26 34 4 18 2 12 16 
35 35 20 21 1 30 10 22 25 3 32 11 2 15 13 24 28 17 7 23 26 34 4 18 12 16 
36 35 20 21 1 30 10 22 25 3 32 11 2 15 13 24 28 17 7 23 26 34 4 18 12 16 
37 35 20 21 1 30 37 10 22 25 3 32 11 2 15 13 24 28 17 7 23 26 34 4 18 12 16 
38 35 20 21 1 30 37 10 22 25 3 32 11 2 15 13 24 28 17 7 23 26 34 4 18 12 16 
39 35 20 21 1 30 37 10 22 25 3 32 11 2 15 13 24 28 17 7 23 26 34 4 18 12 16 
40 35 20 21 1 30 37 10 22 25 3 32 11 2 15 13 24 28 17 7 23 26 34 4 18 12 16 
41 35 20 21 1 30 37 10 22 25 3 32 11 2 15 13 24 28 17 7 23 26 34 4 18 12 16 
42 35 20 21 1 30 37 10 22 25 3 32 11 2 15 13 42 24 28 17 7 23 26 34 4 18 12 16 
43 35 20 21 1 30 37 10 22 25 3 32 11 2 15 13 42 24 28 17 7 23 26 34 4 18 12 16 
44 35 20 21 1 30 37 10 22 25 3 32 11 2 15 13 42 24 28 17 7 23 26 34 4 18 12 16 
45 35 20 21 1 30 37 10 22 45 25 3 32 11 2 15 13 42 24 28 17 7 23 26 34 4 18 12 16 
46 35 20 21 1 30 37 10 22 45 25 3 32 11 2 15 13 42 24 28 17 7 23 26 34 4 18 12 16 
47 35 20 21 1 30 37 10 22 45 25 3 32 11 2 15 13 42 24 47 28 17 7 23 26 34 4 18 12 16 
48 35 20 21 1 30 37 10 22 45 25 3 32 11 2 15 13 42 24 47 28 17 7 23 26 34 4 18 12 16 
49 35 20 21 1 30 37 10 22 45 25 3 32 11 2 15 13 42 24 47 28 17 7 23 26 34 4 18 12 16 
