1 1 
2 1 2 
3 1 3 2 
4 1 4 3 2 
5 1 4 3 5 2 
6 1 4 3 5 6 2 
7 1 4 3 5 6 2 
8 1 4 3 5 6 2 8 
9 1 4 3 5 6 2 8 
10 1 4 3 5 2 8 10 
11 1 4 3 5 6 11 2 8 10 
12 1 4 3 5 6 11 2 8 10 
13 1 4 3 5 6 11 2 8 10 
14 1 4 3 5 6 11 2 8 10 14 
15 1 15 4 3 5 6 11 2 8 10 14 
16 1 15 16 4 3 5 6 11 2 8 10 14 
17 1 15 16 4 3 5 6 11 2 8 10 14 
18 16 4 5 18 11 2 8 1 15 3 6 10 14 
19 16 4 5 18 11 2 8 1 15 3 6 10 14 
20 16 4 5 18 11 2 8 20 1 15 3 6 10 14 
21 16 4 5 18 11 2 8 20 1 15 3 6 10 14 
22 16 4 5 18 11 2 8 20 1 15 3 6 10 14 
23 16 4 5 18 11 2 8 20 23 1 15 3 6 10 14 
24 16 4 5 18 11 2 8 20 23 1 15 3 6 10 14 
25 25 16 4 5 18 11 2 8 20 23 1 15 3 6 10 
26 25 16 4 5 18 11 2 8 20 23 1 15 3 6 10 
27 16 4 5 18 11 2 8 20 23 1 15 27 3 6 10 14 
28 16 4 5 18 11 2 8 20 23 1 15 27 3 6 10 14 
29 16 4 5 18 29 11 2 8 20 23 1 15 27 3 6 10 
30 16 4 5 18 29 11 2 8 20 23 1 15 27 3 6 10 
31 16 31 4 5 18 11 2 8 20 23 1 15 27 3 6 10 14 
32 16 31 4 5 18 11 2 8 20 23 1 15 27 3 6 10 14 
33 16 31 4 5 18 11 2 8 20 23 33 1 27 3 6 10 14 
34 16 31 4 5 18 11 2 8 20 23 33 1 27 3 6 10 14 
35 16 31 4 5 18 11 2 8 20 35 23 1 15 27 3 6 10 14 
36 16 31 4 5 18 11 2 8 20 35 23 1 15 27 3 6 10 14 
37 16 31 4 5 18 11 2 8 20 35 23 1 37 27 3 6 10 14 
38 25 16 31 4 5 18 29 11 2 8 20 35 23 33 1 37 15 27 38 3 6 10 14 
39 25 16 31 4 5 18 29 11 2 8 20 35 23 33 1 37 15 27 38 3 6 39 10 14 
40 25 16 31 4 5 18 29 11 2 8 20 35 23 33 1 37 15 27 38 3 6 39 10 14 
41 25 5 11 2 8 23 37 15 3 6 39 41 10 16 31 4 18 29 20 35 33 1 27 38 14 
42 25 5 11 2 8 23 37 15 3 6 39 41 10 16 31 4 18 29 20 35 33 1 27 42 38 14 
43 25 5 11 2 8 23 37 15 3 6 39 41 10 43 16 31 4 18 29 20 35 33 1 27 42 38 14 
44 25 5 11 2 8 23 37 15 3 6 39 41 10 43 16 31 4 18 29 20 35 33 1 27 42 38 14 44 
45 25 5 45 11 2 8 23 37 15 3 6 39 41 10 43 16 31 4 18 29 20 35 33 1 27 42 38 14 44 
46 25 5 45 11 2 8 23 37 15 3 6 39 41 10 43 16 31 4 18 29 20 35 33 1 27 42 38 14 44 
47 25 5 45 11 2 8 23 37 15 3 6 39 41 10 43 16 31 4 18 29 20 35 33 1 27 42 38 14 44 
48 25 5 11 2 8 23 37 15 3 6 39 10 16 31 4 18 29 20 35 33 1 27 38 48 14 
49 25 5 11 2 8 23 37 15 3 6 39 10 16 31 4 18 29 20 35 33 1 27 38 48 14 
50 25 5 50 11 2 8 23 37 15 3 6 39 10 16 31 4 18 29 20 35 33 1 27 38 48 14 
51 25 5 50 11 2 8 23 37 15 3 6 39 10 51 16 31 4 18 29 20 35 33 1 27 38 48 14 
52 25 5 50 11 2 8 23 37 15 3 6 39 52 10 51 16 31 4 18 29 20 35 33 1 27 38 48 14 
53 25 5 50 11 2 8 23 37 15 3 6 39 52 10 51 16 31 4 18 29 20 35 33 53 1 27 38 48 14 
54 25 5 50 11 2 8 23 37 15 3 6 39 52 10 54 51 16 31 4 18 29 20 35 33 53 1 27 38 48 14 
55 25 5 50 11 2 8 23 37 15 3 6 39 52 10 54 51 16 31 4 18 29 20 35 33 53 1 27 38 48 14 
56 25 5 45 50 11 2 8 23 37 15 3 6 39 41 52 10 43 54 51 16 31 4 18 29 20 35 33 53 1 27 42 38 48 14 44 
