1 1 
2 1 2 
3 1 2 3 
4 1 2 3 4 
5 1 2 3 4 5 
6 1 2 3 4 6 5 
7 1 2 14 4 16 6 17 9 13 3 10 8 12 5 
8 1 2 14 4 16 6 17 9 13 3 10 12 8 5 
9 1 2 14 4 16 6 17 9 13 3 10 8 12 5 
10 1 2 14 4 16 6 17 9 13 3 10 8 12 5 
11 1 2 14 4 16 6 17 9 13 3 10 8 12 5 
12 1 2 14 4 16 6 17 9 13 10 8 12 5 
13 1 2 14 4 16 6 17 9 13 3 10 8 12 5 
14 1 2 14 4 16 6 17 9 13 3 10 8 12 5 
15 1 2 14 4 16 6 17 9 13 3 10 8 12 5 
16 1 2 14 16 6 17 9 13 3 10 8 12 5 
17 1 2 14 4 16 17 9 13 3 10 8 12 5 
18 1 2 14 4 16 17 9 13 3 10 8 12 5 
19 1 2 14 19 4 16 6 17 9 13 3 10 8 12 5 
20 1 2 14 19 4 16 6 17 9 13 3 10 8 12 5 
21 1 2 14 19 4 16 6 17 9 13 3 10 8 12 5 
22 1 2 14 19 4 16 6 17 9 13 3 10 8 12 22 5 
23 1 2 14 19 4 16 6 17 9 13 3 10 22 8 12 5 
24 1 2 14 19 4 16 6 17 9 13 3 10 22 8 12 5 
