1 1 
2 2 1 
3 2 1 
4 2 1 
5 2 5 1 
6 2 5 1 
7 2 5 1 
8 8 2 5 1 
9 8 2 5 9 1 
10 8 2 10 5 9 1 
11 8 11 2 10 5 9 1 
12 8 11 2 10 5 9 1 
13 8 11 2 10 5 9 1 
14 8 11 2 10 14 5 9 1 
15 8 11 2 10 14 5 9 15 1 
16 8 11 2 10 14 5 9 15 1 16 
17 8 11 2 10 14 5 9 15 1 16 
18 8 11 2 10 14 5 9 15 1 16 
19 8 11 2 10 14 5 9 15 1 16 19 
20 8 11 2 10 14 5 20 9 15 1 16 19 
21 11 10 21 14 20 19 8 2 5 9 15 1 16 
22 11 10 21 14 20 19 8 2 5 9 15 1 16 
23 11 10 21 14 20 19 8 2 5 9 15 1 16 
24 11 10 21 14 20 19 8 2 5 9 15 1 16 
