1 1 
2 2 
3 3 
4 4 
5 5 
6 6 
7 7 
8 8 
9 9 
10 10 
11 11 
12 12 
15 13 
19 14 
22 15 
23 16 
24 17 
27 18 
28 19 
30 20 
31 21 
32 22 
33 23 
35 24 
36 25 
37 23 
38 26 
39 27 
40 28 
41 29 
44 30 
45 31 
46 32 
47 33 
48 34 
49 35 
50 36 
52 37 
53 38 
54 39 
56 40 
57 41 
58 39 
59 42 
60 43 
61 44 
62 45 
63 46 
65 47 
66 48 
67 49 
69 50 
70 51 
71 49 
72 52 
74 53 
77 54 
79 55 
81 56 
84 57 
86 58 
88 59 
92 60 
93 61 
96 62 
97 63 
103 64 
104 65 
107 66 
108 67 
111 30 
113 68 
115 31 
116 69 
118 31 
120 70 
122 31 
123 30 
124 71 
126 72 
128 73 
131 74 
134 75 
136 76 
138 77 
141 78 
143 79 
146 80 
148 81 
150 82 
151 83 
152 84 
154 85 
156 85 
159 86 
161 87 
162 88 
163 89 
165 90 
167 90 
170 91 
173 92 
174 31 
176 93 
177 94 
179 95 
180 96 
181 97 
182 98 
183 99 
185 100 
186 101 
187 102 
188 99 
189 103 
190 104 
191 105 
192 106 
194 107 
196 105 
198 108 
200 109 
202 105 
203 110 
205 111 
209 31 
