1 1 
2 1 2 
3 3 1 2 
4 3 1 2 4 
5 3 1 2 4 
6 3 1 2 4 
7 3 1 2 4 7 
8 8 3 1 2 4 7 
9 8 3 1 2 4 7 
10 8 10 3 1 2 4 7 
11 8 10 3 1 2 4 7 
12 8 10 3 12 1 2 4 7 
13 8 10 3 12 13 1 2 4 7 
14 8 10 3 12 13 1 2 4 7 14 
15 8 10 3 12 13 1 2 4 7 14 15 
16 8 10 3 12 13 1 2 4 7 14 15 
17 8 10 3 12 13 1 2 4 17 7 14 15 
18 8 10 3 12 13 1 18 2 4 17 7 15 
19 8 3 12 1 18 2 4 14 15 10 19 13 17 7 
20 8 3 12 1 18 2 4 14 15 10 19 20 13 17 7 
21 8 3 12 1 18 2 4 14 15 10 19 20 13 17 7 
22 8 22 3 12 1 18 2 4 14 15 10 19 20 13 17 7 
23 8 22 3 12 1 18 2 4 14 15 23 10 20 13 17 7 
24 8 22 3 12 1 18 2 4 14 15 23 10 19 20 13 17 24 7 
25 8 22 3 12 1 18 2 4 14 15 23 10 25 19 20 13 17 24 7 
26 8 22 3 12 1 18 2 4 14 15 23 10 25 19 20 13 17 24 7 26 
27 8 22 3 12 27 1 18 2 4 14 15 23 10 25 19 20 13 17 24 7 26 
28 8 22 3 12 27 1 18 2 4 14 15 23 10 25 19 20 28 13 17 24 7 26 
29 8 22 3 12 27 1 18 2 4 14 15 23 29 10 25 19 20 28 13 17 24 7 26 
30 8 22 3 12 27 1 18 2 4 14 15 23 29 30 10 25 19 20 28 13 17 24 7 26 
31 1 2 4 14 15 31 30 10 19 20 24 7 8 22 3 12 27 18 23 29 25 28 13 17 26 
32 1 2 4 14 15 31 30 10 19 20 24 7 8 22 3 12 27 18 23 29 25 28 13 17 26 
33 1 2 4 14 15 31 30 10 19 20 24 7 33 8 22 3 12 27 18 23 29 25 28 13 17 26 
34 1 2 4 14 15 31 30 10 19 20 24 7 33 8 22 3 12 27 18 23 29 25 28 13 17 26 
35 1 2 4 14 15 31 30 10 19 20 24 7 8 22 3 12 27 18 35 23 29 25 28 13 17 26 
36 1 2 4 14 15 31 30 10 19 20 24 7 33 8 22 3 12 27 18 36 35 23 29 25 28 13 17 26 
37 37 1 2 4 14 15 31 30 10 19 20 24 7 33 8 22 3 12 27 18 36 35 23 29 25 28 13 17 26 
38 37 1 2 4 14 15 31 30 10 19 20 24 7 33 8 22 3 12 27 18 36 35 23 29 25 28 13 17 26 
39 39 37 1 2 4 14 15 31 30 10 19 20 24 33 8 22 3 12 27 18 36 35 23 29 25 28 13 17 26 
40 39 37 1 2 4 14 15 31 30 10 19 20 24 33 8 22 3 12 27 18 36 35 23 29 25 28 13 17 40 26 
41 39 37 1 2 4 14 15 31 30 10 19 20 24 33 8 22 3 12 27 18 36 35 23 29 25 28 13 17 40 26 
42 39 37 1 2 4 14 15 31 30 10 19 20 24 33 8 22 3 42 12 27 18 36 35 23 29 25 28 13 17 40 26 
43 39 37 1 2 4 14 15 31 30 10 19 20 24 33 8 22 3 42 12 27 18 36 35 23 29 25 28 13 17 40 26 
44 39 37 1 2 4 14 15 31 30 10 19 20 24 33 8 22 3 42 12 27 18 36 35 23 29 25 28 13 17 40 26 
45 39 37 1 2 4 14 15 31 30 10 19 20 24 33 8 22 3 42 12 27 18 36 35 23 29 25 28 13 17 40 26 
46 39 37 1 2 4 14 15 31 30 10 19 20 24 33 8 22 3 42 12 27 18 36 35 23 29 25 28 13 17 40 26 
47 39 37 1 2 4 14 15 31 30 10 19 20 24 33 8 22 3 42 12 27 18 36 35 23 29 25 28 13 17 40 26 47 
48 39 37 1 2 4 14 15 31 30 10 19 20 24 33 8 22 3 42 12 27 18 36 35 23 29 25 28 13 17 40 26 47 
49 39 37 1 2 4 14 15 31 30 10 19 20 24 33 8 22 3 42 12 27 18 36 35 23 29 25 28 13 17 40 26 47 
50 39 37 1 2 4 14 15 31 30 10 19 20 24 7 33 8 22 3 42 12 27 18 36 35 23 29 25 28 13 17 40 26 47 
