1 1 
2 2 1 
3 2 3 1 
4 2 4 3 1 
5 2 4 3 1 5 
6 2 4 6 3 1 5 
7 2 4 6 7 3 1 5 
8 2 4 6 7 8 3 1 5 
9 2 4 6 7 8 3 1 5 
10 2 4 6 7 8 3 1 5 
11 2 4 6 7 8 3 1 5 11 
12 2 4 6 7 12 8 3 1 5 11 
13 2 4 6 7 12 8 3 1 5 11 
14 2 4 6 7 12 8 3 1 5 11 14 
15 2 4 6 7 12 15 8 3 1 5 11 14 
16 2 4 6 7 12 15 8 3 1 5 11 14 
17 2 4 6 7 12 15 8 3 1 5 11 14 
18 2 4 6 7 12 15 8 3 1 5 11 14 
19 2 4 6 7 12 15 8 3 1 5 11 14 
20 2 4 6 7 12 15 8 3 1 5 11 14 
21 2 4 6 21 7 12 8 3 1 5 11 
22 2 4 6 21 7 12 8 22 3 1 5 11 
23 2 4 6 21 7 12 8 22 3 1 5 11 
24 2 4 6 21 7 12 8 22 3 1 5 11 
25 2 4 6 21 3 14 7 12 15 8 22 1 5 11 
