1 1 
2 1 2 
3 1 3 2 
4 1 3 2 4 
5 1 3 2 4 5 
6 6 1 3 2 4 5 
7 6 1 3 2 4 5 
8 6 8 1 3 2 4 5 
9 6 8 1 3 2 4 5 
10 6 8 1 3 2 4 5 
11 6 8 1 3 2 4 5 11 
12 6 8 1 3 2 4 5 11 
13 6 8 1 3 2 4 5 11 
14 6 8 1 3 2 4 5 11 
15 6 15 8 1 3 2 4 5 11 
16 6 15 8 1 3 2 4 5 11 
17 6 15 8 1 3 2 4 5 11 
18 6 15 8 1 3 2 4 5 11 
19 6 15 8 1 3 2 4 5 19 11 
20 6 15 8 1 3 2 4 5 19 11 
21 6 15 8 1 3 2 4 5 19 11 
22 6 15 8 22 1 3 2 4 5 19 11 
23 6 15 23 8 22 1 3 2 4 5 19 11 
24 6 15 23 8 22 1 3 2 4 5 19 11 
25 6 22 2 4 5 11 15 23 8 1 25 3 19 
26 6 22 2 4 5 11 15 23 8 1 25 3 19 
27 6 22 2 4 5 11 15 23 8 1 25 3 19 
