1 1 
2 1 2 
3 1 3 2 
4 1 3 4 2 
5 5 1 3 4 2 
6 5 1 3 6 4 2 
7 5 1 3 6 4 7 2 
8 5 1 3 6 4 7 8 2 
9 5 1 3 6 4 9 7 8 2 
10 5 1 6 4 9 7 10 8 2 
11 5 1 6 4 9 7 10 8 2 11 
12 5 1 6 12 4 9 7 10 8 2 11 
13 5 1 6 12 4 13 9 7 10 8 2 11 
14 6 12 13 9 7 8 5 1 4 14 10 2 11 
15 6 12 13 9 15 7 5 1 4 14 10 2 11 
16 6 12 13 9 15 7 5 1 4 14 10 2 11 16 
17 6 12 13 9 15 7 5 1 4 14 17 2 11 16 
18 6 12 13 9 15 7 18 5 1 4 14 17 2 11 16 
19 6 12 13 9 15 7 18 5 1 4 14 17 19 2 11 16 
20 6 12 13 9 15 7 18 5 1 4 14 17 20 19 2 11 16 
21 6 12 13 9 15 7 18 5 21 1 4 14 17 20 19 2 11 16 
22 6 12 22 13 9 7 18 5 21 1 4 14 17 20 19 2 11 16 
23 6 12 22 13 9 7 18 5 21 23 1 4 14 17 20 19 2 11 16 
24 6 12 22 24 13 9 7 18 5 21 23 1 4 14 20 19 2 11 16 
25 6 12 22 24 13 9 7 18 5 21 23 1 4 25 14 20 19 2 11 16 
26 6 12 22 24 13 9 7 18 5 21 23 1 4 25 14 20 19 26 2 11 16 
27 6 12 22 24 13 9 7 18 5 21 23 1 4 25 14 27 20 19 26 2 11 16 
28 6 12 22 24 28 13 9 7 18 5 21 23 1 4 25 14 27 20 19 26 2 11 16 
29 6 12 24 29 28 13 9 7 18 5 21 23 1 4 25 14 27 20 19 26 2 11 16 
30 6 12 24 29 28 13 9 7 18 5 21 23 1 4 25 14 27 20 19 26 2 11 16 
