1 1 
2 1 2 
3 1 2 3 
4 1 2 3 4 
5 1 5 2 3 4 
6 1 5 6 2 3 4 
7 1 5 6 7 2 3 4 
8 1 5 8 6 7 2 3 4 
9 1 5 8 6 9 7 2 3 4 
10 10 1 5 8 6 9 7 2 3 4 
11 10 1 5 8 6 9 7 2 3 4 
12 10 1 5 8 6 9 7 2 3 4 
13 10 1 5 8 6 9 13 7 2 3 4 
14 10 1 5 14 8 6 9 13 7 2 3 4 
15 15 14 9 7 2 4 10 1 5 8 6 13 3 
16 15 16 14 9 7 2 4 10 1 5 8 6 13 3 
17 15 16 14 9 7 2 4 10 1 5 8 6 13 3 
18 15 16 14 9 7 2 18 4 10 1 5 8 6 13 3 
19 15 16 14 9 7 2 18 4 10 1 5 8 6 13 3 
20 15 16 14 9 7 2 18 4 10 1 5 20 8 6 13 3 
21 15 16 14 9 7 2 18 4 10 1 5 20 8 21 6 13 3 
22 15 16 14 9 7 2 18 4 22 10 1 5 20 8 21 6 13 3 
23 15 16 14 9 7 2 18 4 22 10 1 5 20 23 8 21 6 13 3 
24 15 16 14 9 7 2 18 4 22 10 1 5 20 23 8 21 24 6 13 3 
25 15 16 14 9 7 2 18 4 22 10 1 5 20 23 8 21 24 6 13 3 
26 15 16 14 26 9 7 2 18 4 22 10 1 5 20 23 8 21 24 6 13 3 
27 15 16 14 26 9 7 2 18 4 22 10 1 5 20 23 8 21 24 6 13 3 
28 15 16 14 9 7 2 18 4 10 1 5 8 6 13 3 28 
29 15 16 14 9 7 2 18 4 10 1 5 29 8 6 13 3 28 
30 15 16 14 30 9 7 2 18 4 10 1 5 29 8 6 13 3 28 
31 15 16 14 30 9 7 2 18 4 31 10 1 5 29 8 6 13 3 28 
32 15 16 14 30 9 7 2 18 4 31 10 1 5 29 8 32 6 13 3 28 
33 15 16 14 30 9 7 2 18 4 31 10 1 5 29 8 32 6 13 3 28 
34 15 16 34 14 30 9 7 2 18 4 31 10 1 5 29 8 32 6 13 3 28 
35 34 14 30 9 2 18 10 1 20 29 8 24 6 15 16 26 7 4 31 22 5 23 21 32 13 3 28 
36 34 14 30 9 2 18 10 1 20 29 8 24 6 15 16 26 7 4 31 22 5 23 21 32 13 3 28 
37 34 14 30 9 2 18 10 1 20 29 8 24 6 15 16 26 7 4 31 22 5 23 21 32 13 3 28 
38 34 14 30 9 2 18 10 1 20 29 8 24 6 15 16 26 7 4 31 22 38 5 23 21 32 13 3 28 
39 34 14 30 9 2 18 10 1 20 29 8 24 6 15 16 26 7 4 31 22 38 5 23 21 32 13 3 28 
40 34 14 30 9 2 18 10 1 20 29 8 24 6 15 16 26 7 4 31 22 38 5 23 21 32 13 3 28 
