1 2 
2 3 
3 4 
4 5 
5 6 
6 7 
7 8 
8 9 
9 10 28 
10 11 
11 12 18 
12 13 
13 14 
14 15 
15 16 
16 17 
17 63 
18 19 
19 20 23 
20 21 
21 22 
22 
23 24 
24 25 63 
25 26 
26 27 
27 
28 29 
29 30 46 
30 31 
31 32 35 
32 33 
33 34 
34 
35 36 
36 37 41 
37 38 
38 39 
39 40 
40 63 
41 42 
42 43 63 
43 44 
44 45 
45 
46 47 
47 48 63 
48 49 
49 50 53 
50 51 
51 52 
52 
53 54 
54 55 58 
55 56 
56 57 
57 
58 59 
59 60 63 
60 61 
61 62 
62 
63 64 
64 65 69 
65 66 69 
66 67 
67 68 
68 
69 70 
70 71 
71 72 
72 73 
73 74 
74 75 
75 
