1 1 
2 2 1 
3 2 1 
4 2 1 
5 2 1 5 
6 2 1 5 
7 2 1 5 
8 2 8 1 5 
9 9 2 8 1 5 
10 9 10 2 8 1 5 
11 9 10 2 8 1 5 
12 9 10 2 8 1 5 
13 9 10 13 2 8 1 5 
14 9 10 13 14 2 8 1 5 
15 9 10 13 14 2 8 1 5 
16 9 10 13 14 2 8 1 5 
17 9 10 13 14 17 2 8 1 5 
18 9 18 10 13 14 17 2 8 1 5 
19 9 18 10 13 14 17 2 19 8 1 5 
20 9 18 10 13 14 17 2 19 8 1 5 
21 9 18 10 13 14 17 2 19 8 1 5 
22 9 18 22 10 13 14 17 2 19 8 1 5 
23 9 18 22 10 2 19 8 23 1 5 13 14 17 
24 9 18 22 10 2 19 8 23 1 5 13 14 17 24 
25 9 18 22 10 2 19 8 23 1 5 13 14 17 24 
26 9 18 22 10 2 19 8 23 1 5 13 14 17 24 
27 9 18 22 10 2 19 8 23 1 5 13 14 17 24 27 
28 9 18 22 10 2 19 8 23 1 5 13 14 17 24 27 28 
29 9 18 22 10 2 19 8 23 1 5 13 14 17 29 24 27 28 
30 9 18 22 10 2 19 8 23 1 5 13 14 17 29 24 27 28 
31 9 18 22 10 2 19 8 23 1 5 13 14 17 29 24 27 28 
32 9 18 22 10 2 19 8 23 1 5 13 14 17 32 29 24 27 28 
33 9 18 22 10 2 19 8 23 1 5 13 14 17 32 29 24 27 28 
