1 1 
2 1 2 
3 1 3 2 
4 4 1 3 2 
5 4 5 1 3 2 
6 4 5 1 3 2 
7 4 5 7 1 3 2 
8 4 5 7 1 3 8 2 
9 4 5 7 1 3 8 2 9 
10 4 5 7 1 3 8 2 9 
11 4 5 7 1 3 8 2 9 11 
12 20 5 7 1 12 14 15 18 9 11 19 16 4 3 8 2 
13 20 5 7 1 12 14 15 18 9 11 19 16 4 3 8 2 
14 20 5 7 1 12 14 15 18 9 11 19 16 4 3 8 2 
15 20 5 7 1 12 14 15 18 9 11 19 16 4 3 8 2 
16 20 5 7 1 12 14 15 18 9 11 19 16 4 3 8 2 
17 20 5 7 1 12 14 15 18 9 11 19 16 4 3 8 2 
18 20 5 7 1 12 14 15 18 9 11 19 16 4 3 8 2 
19 20 5 7 1 12 14 15 18 9 11 19 16 4 3 8 2 
20 20 5 7 1 12 14 15 18 9 11 19 16 4 3 8 2 
21 20 5 7 1 12 14 15 18 9 11 19 16 4 3 8 2 
22 20 5 7 1 12 14 15 18 9 11 19 16 4 3 8 2 
23 20 5 7 1 12 14 15 18 9 11 19 16 4 3 8 2 
24 20 5 7 1 12 14 15 18 9 19 16 4 3 8 2 24 
25 20 5 7 1 12 14 18 9 19 16 4 3 8 25 2 24 
26 26 20 32 5 7 36 1 12 37 14 18 9 19 30 28 16 4 34 3 8 29 25 2 24 
27 26 20 32 5 7 36 1 12 37 14 18 9 19 30 28 16 4 34 3 8 29 25 2 24 
28 26 20 32 5 7 36 1 12 37 14 18 9 19 30 16 28 4 34 3 8 29 25 2 24 
29 26 20 32 5 7 36 1 12 37 14 9 19 30 28 16 4 34 3 8 29 25 2 24 
30 26 20 32 5 7 36 1 12 37 14 9 19 30 28 4 34 3 8 29 25 2 24 
31 26 20 32 5 7 36 1 12 37 14 9 19 30 28 4 34 3 8 29 25 2 24 
32 26 20 32 5 7 36 1 12 37 14 9 19 30 28 4 34 3 8 29 25 2 24 
33 26 20 32 5 7 36 1 12 37 14 9 19 30 28 4 34 3 8 29 25 2 24 
34 26 20 32 5 7 36 1 12 37 14 9 19 30 28 4 34 3 8 29 25 2 24 
35 26 20 32 5 7 36 1 12 37 14 9 19 30 28 4 34 3 8 29 25 2 24 
36 26 20 32 5 7 36 1 12 37 14 9 19 30 28 4 34 3 8 29 25 2 24 
37 26 20 32 5 7 36 1 12 14 37 9 19 30 28 4 34 3 8 29 2 24 
38 26 20 32 5 7 36 1 12 37 14 9 19 30 28 4 34 3 8 29 2 24 
39 26 20 32 5 7 36 1 12 37 14 9 19 30 28 4 34 3 8 29 25 2 24 
40 26 20 32 5 7 36 1 12 37 14 9 19 30 28 4 34 3 8 29 25 2 24 
41 26 20 1 12 19 28 16 34 8 41 32 5 7 36 37 14 18 9 30 4 3 29 25 2 24 
42 26 20 1 12 19 28 16 34 8 41 32 5 7 36 37 14 18 9 30 4 3 29 25 2 24 
43 26 20 1 12 19 28 16 34 8 41 32 5 7 36 37 14 18 9 30 4 3 29 25 2 24 
44 26 20 1 12 19 28 16 34 8 41 32 5 7 36 37 14 18 9 30 4 3 29 25 2 24 
