1 1 
2 1 2 
3 3 1 2 
4 3 4 1 2 
5 3 4 5 1 2 
6 3 4 5 1 2 6 
7 3 4 5 1 2 6 7 
8 3 4 5 1 8 2 6 7 
9 3 4 5 1 8 2 6 7 
10 3 4 5 1 8 10 2 6 7 
11 3 4 5 1 8 10 11 2 6 7 
12 3 12 4 5 1 8 10 11 2 6 7 
13 3 12 4 5 1 8 10 11 2 6 7 
14 3 12 4 5 14 1 8 10 11 2 7 
15 3 12 4 5 14 1 8 10 11 2 7 
16 3 4 5 1 8 2 16 6 7 
17 3 4 5 1 8 2 16 6 7 
18 3 4 5 1 8 2 16 18 6 7 
19 3 4 5 1 8 19 2 16 18 6 7 
20 20 3 4 5 1 8 19 2 16 18 6 7 
21 20 3 4 5 1 8 19 2 16 18 6 7 
22 20 3 4 5 1 8 19 2 16 18 7 22 
23 3 12 4 19 2 18 6 22 20 5 14 1 8 10 11 23 16 7 
24 3 12 4 19 2 18 6 22 20 5 14 1 8 10 11 23 16 7 
25 3 12 4 19 2 18 6 22 20 5 14 1 8 10 11 16 25 7 
26 3 12 4 19 2 18 6 22 20 5 14 1 8 10 11 23 16 25 7 
27 3 12 4 19 2 18 6 22 20 5 14 1 8 10 11 23 16 25 27 7 
28 3 12 4 19 2 18 6 22 20 5 14 1 8 10 11 23 16 25 27 7 
29 3 12 4 19 2 18 6 22 20 5 14 1 8 10 11 29 23 16 25 7 
30 3 12 4 19 2 18 6 22 20 5 14 1 8 10 11 29 23 16 25 27 7 
31 3 12 4 19 2 18 6 31 22 20 5 14 1 8 10 11 29 23 16 25 27 7 
32 3 12 4 19 2 18 6 31 22 20 5 14 1 8 10 11 29 23 16 32 25 27 7 
33 33 3 12 4 19 2 18 6 31 22 20 5 14 1 8 10 11 29 23 16 32 25 27 7 
34 12 4 2 6 31 5 11 32 27 7 33 3 19 18 22 20 14 1 8 10 29 23 34 16 25 
35 12 4 2 6 31 5 11 32 27 7 33 3 19 18 22 20 14 1 8 10 29 23 34 16 25 
36 12 4 2 6 31 5 11 32 27 7 33 3 19 18 22 20 14 1 8 10 29 23 34 16 25 
37 12 4 2 6 31 5 11 32 27 7 33 3 37 19 18 22 20 14 1 8 10 29 23 34 16 25 
38 12 4 2 6 31 5 11 32 27 7 33 3 37 19 18 22 20 14 1 8 10 29 23 34 16 25 
39 12 4 2 6 31 5 11 32 27 7 33 3 37 19 18 22 20 14 1 8 10 29 23 34 16 25 
