1 1 
2 1 2 
3 1 2 3 
4 1 2 3 4 
5 1 2 5 3 4 
6 1 2 5 6 3 4 
7 1 2 5 6 3 4 7 
8 1 2 5 6 3 8 4 7 
9 1 2 9 5 6 3 8 4 7 
10 1 2 9 5 6 10 3 8 4 7 
11 1 2 9 5 6 10 3 8 4 7 
12 1 2 9 5 6 10 3 8 4 7 
13 1 2 9 5 6 13 10 3 8 4 7 
14 1 2 9 14 5 6 13 10 3 8 4 7 
15 1 5 13 10 3 8 4 7 2 9 14 15 6 
16 1 5 16 13 10 3 8 4 7 2 9 14 15 6 
17 1 5 16 13 10 3 8 4 7 2 9 17 14 15 6 
18 1 5 16 13 10 3 8 4 7 2 18 9 17 14 15 6 
19 1 5 16 13 10 3 8 4 7 2 18 9 17 14 15 6 
20 1 5 16 13 10 3 8 4 7 2 18 20 9 17 14 15 6 
21 1 5 16 13 10 3 8 4 7 2 18 20 9 17 14 15 21 6 
22 1 5 16 13 10 3 8 4 7 2 18 20 9 17 14 22 15 21 6 
23 1 5 16 13 10 3 8 4 7 23 2 18 20 9 17 14 22 15 21 6 
24 1 5 16 13 10 3 8 4 7 23 2 18 24 20 9 17 14 22 15 21 6 
25 1 5 16 13 10 3 8 4 7 23 2 18 24 20 9 17 14 22 15 21 6 25 
26 1 5 16 13 10 3 8 4 7 23 2 18 24 26 20 9 17 14 22 15 21 6 25 
27 1 5 16 13 10 3 8 4 7 23 2 18 24 26 20 9 17 14 22 15 21 6 25 
28 1 5 16 13 10 3 28 8 4 7 23 2 18 24 26 20 9 17 14 22 15 21 6 25 
29 5 16 13 3 28 9 14 22 15 29 25 1 10 8 4 7 23 2 18 24 26 20 17 21 6 
30 5 16 13 3 28 9 14 22 15 29 25 1 10 8 4 7 23 2 18 24 26 20 17 21 6 
31 5 16 13 3 28 9 14 22 15 29 31 25 1 10 8 4 7 23 2 18 24 26 20 17 21 6 
32 38 5 16 13 3 28 39 9 14 22 15 29 45 33 42 43 31 25 36 1 40 10 8 4 7 23 37 2 18 24 26 20 17 41 21 6 35 32 
33 38 5 16 13 3 28 39 9 14 22 15 29 45 33 42 43 31 25 36 1 40 10 8 4 7 23 37 2 18 24 26 20 17 41 21 6 35 32 
34 38 5 16 13 3 28 39 9 14 22 15 29 45 33 42 43 31 25 36 1 40 10 8 4 7 23 37 2 18 24 26 20 17 41 21 6 35 32 
35 38 5 16 13 3 28 39 9 14 22 15 29 45 33 42 43 31 25 36 1 40 10 8 4 7 23 37 2 18 24 26 20 17 41 21 6 35 32 
36 38 5 16 13 3 28 39 9 14 22 15 29 45 33 42 43 31 25 36 1 40 10 8 4 7 23 37 2 18 24 26 20 17 41 21 6 35 32 
37 38 5 16 13 3 28 39 9 14 15 29 45 33 42 43 31 25 36 1 40 10 8 4 7 23 37 2 18 24 26 20 17 41 21 6 35 32 
38 38 5 16 13 3 28 39 9 14 15 29 45 33 42 43 31 25 36 1 40 10 8 4 7 23 37 2 18 24 26 20 17 41 21 6 35 32 
39 38 5 16 13 3 28 39 9 14 15 29 45 33 42 43 31 25 36 1 40 10 8 4 7 23 37 2 18 24 26 20 17 41 21 6 35 32 
40 38 5 16 13 3 28 39 9 14 15 29 45 33 42 43 31 25 36 1 40 10 8 4 7 23 37 2 18 24 26 20 17 41 21 6 35 32 
41 38 5 16 13 3 28 39 9 14 15 29 45 33 42 43 31 36 1 40 10 8 4 7 23 37 2 18 24 26 20 17 41 21 6 35 32 
42 38 5 16 13 3 28 39 9 14 15 29 45 33 43 42 31 36 1 40 10 8 4 7 23 37 2 18 24 26 20 17 41 21 6 35 32 
43 38 5 16 13 3 28 39 9 14 15 29 45 33 42 43 31 36 1 40 10 8 4 7 23 37 2 18 24 26 20 17 41 21 6 35 32 
44 38 5 16 13 3 28 39 9 14 15 29 45 33 42 43 31 36 1 40 10 8 4 7 23 37 2 18 24 26 20 17 41 21 6 35 32 
45 38 5 16 13 3 28 39 9 14 15 29 45 33 42 43 36 1 40 10 8 4 7 23 37 2 18 24 26 20 17 41 21 6 35 32 
46 38 5 16 13 3 28 39 9 14 15 29 45 33 42 43 36 1 40 10 8 4 7 23 37 2 18 24 26 20 17 41 21 6 35 32 
47 38 5 16 13 3 28 39 9 14 22 15 29 45 33 42 43 31 25 36 1 40 10 8 4 7 23 37 2 18 24 26 20 17 41 21 6 35 32 
48 38 5 16 13 3 28 39 9 14 22 15 29 45 33 42 43 31 25 36 1 40 10 8 4 7 23 37 2 18 24 26 20 17 41 21 6 35 32 
49 1 5 16 13 10 3 8 4 7 23 2 18 24 26 20 9 17 14 22 15 21 6 25 49 
50 1 5 16 13 10 3 8 4 7 23 2 18 24 26 20 9 17 14 22 15 21 6 25 49 
51 5 16 13 3 9 14 22 15 25 49 1 10 8 4 7 23 2 18 24 26 20 17 21 6 51 
52 5 16 13 3 9 14 22 15 25 49 1 52 10 8 4 7 23 2 18 24 26 20 17 21 6 51 
53 5 16 13 3 9 14 22 15 25 49 1 52 10 8 4 7 23 2 18 24 26 20 17 21 6 51 
54 5 16 13 3 9 14 22 15 25 49 1 52 10 8 4 7 23 2 18 24 26 20 17 21 54 6 51 
55 55 5 16 13 60 62 59 3 66 9 14 22 15 58 25 49 1 52 63 68 10 8 64 4 7 23 2 18 24 26 56 65 20 17 21 61 54 6 51 
56 55 5 16 13 60 62 59 3 66 9 14 22 15 58 25 49 1 52 63 68 10 8 64 4 7 23 2 18 24 26 65 56 20 17 21 61 54 6 51 
57 55 5 16 13 60 62 59 3 66 9 14 22 15 58 25 49 1 52 63 68 10 8 64 4 7 23 2 18 24 26 56 65 20 17 21 61 54 6 51 
58 55 5 16 13 60 62 59 3 66 9 14 22 15 58 25 49 1 52 63 68 10 8 64 4 7 23 2 18 24 26 56 65 20 17 21 61 54 6 51 
59 55 5 16 13 60 62 59 3 66 9 14 22 15 58 25 49 1 52 63 68 10 8 64 4 7 23 2 18 24 26 56 65 20 17 21 61 54 6 51 
60 55 5 16 13 62 60 59 3 66 9 14 15 58 25 49 1 52 63 68 10 8 64 4 7 23 2 18 24 26 56 65 20 17 21 61 54 6 51 
61 55 5 16 13 60 62 59 3 66 9 14 15 58 25 49 1 52 63 68 10 8 64 4 7 23 2 18 24 26 56 65 20 17 21 61 54 6 51 
62 55 5 16 13 60 62 59 3 66 9 14 15 58 25 49 1 52 63 68 10 8 64 4 7 23 2 18 24 26 56 65 20 17 21 61 54 6 51 
63 55 5 16 13 60 62 59 3 66 9 14 15 58 25 49 1 52 63 68 10 8 64 4 7 23 2 18 24 26 56 65 20 17 21 61 54 6 51 
64 55 5 16 13 60 62 59 3 66 9 14 15 58 49 1 52 63 68 10 8 64 4 7 23 2 18 24 26 56 65 20 17 21 61 54 6 51 
65 55 5 16 13 60 62 59 3 66 9 14 15 58 49 1 52 63 68 10 8 64 4 7 23 2 18 24 26 56 65 20 17 21 61 54 6 51 
66 55 5 16 13 60 62 59 3 66 9 14 15 58 49 1 52 63 68 10 8 64 4 7 23 2 18 24 26 56 65 20 17 21 61 54 6 51 
67 55 5 16 13 60 62 59 3 66 9 14 15 58 49 1 52 63 68 10 8 64 4 7 23 2 18 24 26 56 65 20 17 21 61 54 6 51 
68 55 5 16 13 60 62 59 3 66 9 14 15 58 49 1 52 63 68 10 8 64 4 7 23 2 18 24 26 56 65 20 17 21 61 6 51 
69 55 5 16 13 60 62 59 3 66 9 14 15 58 49 1 52 63 68 10 8 64 4 7 23 2 18 24 26 56 65 20 17 21 61 6 51 
70 55 5 16 13 60 62 59 3 66 9 14 22 15 58 25 49 1 52 63 68 10 8 64 4 7 23 2 18 24 26 56 65 20 17 21 61 54 6 51 
71 38 16 60 62 71 59 3 28 9 14 22 45 58 43 31 36 1 52 10 64 4 23 24 26 20 17 41 21 54 6 35 32 55 5 13 39 66 15 29 33 42 25 49 40 63 68 8 7 37 2 18 56 65 61 51 
72 38 16 71 60 62 59 3 28 9 14 22 45 58 43 31 36 1 52 10 64 4 23 24 26 20 17 41 21 54 6 35 32 55 5 13 39 66 15 29 33 42 25 49 40 63 68 8 7 37 2 18 56 65 61 51 
73 38 16 71 60 62 59 3 28 9 14 22 45 58 43 31 36 1 52 10 64 4 23 24 26 20 17 41 21 54 6 35 32 55 5 13 39 66 15 29 33 42 25 49 40 63 68 73 8 7 37 2 18 56 65 61 51 
74 38 16 71 60 62 59 3 28 9 14 22 45 58 43 31 36 1 52 10 64 4 23 24 26 20 17 41 21 54 6 35 32 55 5 13 39 66 15 29 33 42 25 49 40 63 68 73 8 7 37 2 18 56 65 61 51 
75 38 16 71 60 62 59 3 28 9 14 22 45 58 43 31 36 1 52 10 64 4 23 24 26 20 17 41 21 54 6 35 32 55 5 13 39 66 15 29 33 42 25 49 40 63 68 73 8 7 37 2 18 56 65 61 51 
76 38 16 71 60 62 59 3 28 9 14 22 45 58 43 31 76 36 1 52 10 64 4 23 24 26 20 17 41 21 54 6 35 32 55 5 13 39 66 15 29 33 42 25 49 40 63 68 73 8 7 37 2 18 56 65 61 51 
77 38 16 71 60 62 59 3 28 9 14 22 45 58 43 31 76 36 1 52 10 64 4 23 24 26 20 17 41 21 54 6 35 32 55 5 13 39 66 15 29 33 42 25 49 40 63 68 73 8 7 37 2 18 56 65 61 51 
78 38 16 71 60 62 78 59 3 28 9 14 22 45 58 43 31 76 36 1 52 10 64 4 23 24 26 20 17 41 21 54 6 35 32 55 5 13 39 66 15 29 33 42 25 49 40 63 68 73 8 7 37 2 18 56 65 61 51 
79 38 16 71 78 60 62 59 3 28 9 14 22 45 58 43 31 76 36 1 52 10 64 4 23 24 26 20 17 41 21 54 6 35 32 55 5 13 39 66 15 29 33 42 25 49 40 63 68 73 8 7 37 2 18 56 65 61 51 
80 38 16 71 78 60 62 59 3 28 9 14 22 45 58 43 31 76 36 1 52 80 10 64 4 23 24 26 20 17 41 21 54 6 35 32 55 5 13 39 66 15 29 33 42 25 49 40 63 68 73 8 7 37 2 18 56 65 61 51 
81 38 16 71 78 60 62 59 3 28 9 14 22 45 58 43 31 76 36 1 52 80 10 64 4 23 24 26 20 17 41 21 54 6 35 32 55 5 13 39 66 15 29 33 42 25 49 40 63 68 73 8 7 37 2 18 56 65 61 51 
82 38 16 71 78 60 62 59 3 28 9 14 22 45 58 43 31 76 36 1 52 80 10 64 4 23 24 26 20 17 41 21 54 6 35 32 82 55 5 13 39 66 15 29 33 42 25 49 40 63 68 73 8 7 37 2 18 56 65 61 51 
83 38 16 71 78 60 62 59 3 28 9 14 22 45 58 43 31 76 36 1 52 80 10 64 4 23 24 26 20 17 41 21 54 6 35 32 82 55 5 13 39 66 15 29 33 42 25 49 40 63 68 73 8 7 37 2 18 56 65 61 51 
84 38 16 71 78 60 62 59 3 28 9 14 22 45 58 43 31 76 36 1 52 80 10 64 4 23 24 26 20 17 41 21 54 6 35 32 82 55 5 13 39 66 15 29 33 42 25 49 40 63 68 73 8 7 37 2 18 56 65 61 51 
85 38 16 71 78 60 62 59 3 28 9 14 22 45 58 43 31 76 36 1 52 80 10 64 4 23 24 26 20 17 41 21 54 6 35 32 82 55 5 13 39 66 15 29 85 33 42 25 49 40 63 68 73 8 7 37 2 18 56 65 61 51 
86 38 16 71 78 60 62 59 3 28 9 14 22 45 58 43 31 76 36 1 52 80 10 64 4 23 24 26 20 17 41 21 54 6 35 32 82 55 5 13 39 66 15 29 85 33 42 25 49 40 63 68 73 8 7 37 2 18 56 65 86 61 51 
87 38 16 71 78 60 62 59 3 28 9 14 22 45 58 43 31 76 36 1 52 80 10 64 4 23 24 26 20 17 41 21 54 6 35 32 82 55 5 13 39 66 15 29 85 33 42 25 49 40 63 68 73 8 7 37 2 18 56 86 65 61 51 
88 38 16 71 78 60 62 59 3 28 9 14 22 45 58 43 31 76 36 1 52 80 10 64 4 23 24 26 20 17 41 21 54 6 35 32 82 55 5 13 39 66 15 29 85 33 42 25 49 40 63 68 73 8 7 37 2 18 56 86 65 61 51 
