1 1 
2 1 2 
3 1 2 
4 1 2 4 
5 1 2 4 
6 1 2 4 
7 1 2 4 
8 1 2 4 8 
9 1 2 4 8 9 
10 1 2 4 8 10 9 
11 1 2 4 8 10 9 
12 1 2 4 8 12 10 9 
13 1 2 4 8 13 12 10 9 
14 1 2 14 4 8 13 12 10 9 
15 1 15 2 14 4 8 13 12 10 9 
16 1 15 2 14 4 13 12 10 16 9 
17 1 15 2 14 4 13 17 12 10 16 9 
18 1 15 2 14 18 4 13 17 12 10 16 9 
19 1 14 17 12 16 9 15 2 18 4 13 10 19 
20 1 14 17 12 16 9 15 2 18 4 13 10 19 
21 1 14 17 12 16 9 15 2 18 4 21 13 10 19 
22 1 14 17 12 16 9 15 2 18 22 4 21 13 10 19 
23 1 14 17 12 16 9 15 2 18 22 4 21 13 10 19 
24 1 14 24 17 12 16 9 15 2 18 22 4 21 13 10 19 
25 1 14 24 25 17 12 16 9 15 2 18 22 4 21 13 10 19 
26 1 14 24 25 17 12 16 9 15 2 18 22 4 21 13 10 19 
27 1 14 24 25 17 12 16 9 15 2 18 22 4 21 13 10 19 27 
28 1 14 24 25 17 12 16 9 15 2 18 22 4 21 13 10 19 27 
29 1 14 24 25 17 12 16 9 15 2 18 22 4 21 13 29 10 19 
30 1 30 14 24 25 12 16 9 15 2 18 22 4 21 13 29 10 19 27 
31 1 31 30 14 24 25 17 12 16 9 15 2 18 22 4 21 13 29 10 19 27 
32 1 31 30 14 24 25 17 12 16 9 15 2 18 22 4 21 13 29 10 19 27 
33 1 31 30 14 24 25 17 12 16 9 15 2 18 22 4 21 13 29 10 19 27 
34 1 31 30 14 24 25 17 12 16 9 15 2 18 22 4 21 13 29 10 19 27 
35 1 31 30 14 24 25 17 12 16 9 15 2 18 22 4 21 13 29 10 19 27 
36 1 31 30 14 24 25 17 12 16 36 9 15 2 18 22 4 21 13 29 10 19 27 
37 1 31 30 14 24 25 17 12 16 36 9 15 2 18 22 4 21 13 29 10 19 27 
38 1 31 30 14 24 25 17 12 16 36 9 15 2 18 22 4 21 13 29 10 38 19 27 
39 1 31 30 14 24 25 17 12 16 36 9 39 15 2 18 22 4 21 13 29 10 38 19 27 
40 1 30 24 25 17 12 40 36 39 2 18 4 13 10 27 31 14 16 9 15 22 21 29 38 19 
41 1 30 24 25 17 12 40 36 39 2 18 4 13 10 27 31 14 41 16 9 15 22 21 29 38 19 
42 1 30 24 25 17 12 40 36 39 2 18 4 13 10 27 31 14 41 16 9 15 22 21 29 38 19 
43 1 30 24 25 43 17 12 40 36 39 2 18 4 13 10 27 31 14 41 16 9 15 22 21 29 38 19 
44 1 30 24 25 43 17 12 40 36 39 2 18 4 13 10 27 31 44 14 41 16 9 15 22 21 29 38 19 
45 1 30 24 25 43 17 12 40 36 39 2 18 4 13 10 27 31 44 14 41 16 9 15 22 21 29 38 19 
46 1 30 24 25 43 17 12 40 36 39 2 18 4 13 10 27 31 44 14 41 16 9 15 22 21 29 38 19 
47 1 2 4 8 10 47 9 
48 1 4 8 48 10 47 9 
49 1 4 49 8 48 10 47 9 
50 1 4 49 8 48 10 47 9 
51 1 4 49 8 48 51 10 47 9 
52 1 4 49 52 8 48 51 10 47 9 
53 1 4 49 52 8 48 51 10 53 47 9 
54 1 4 49 52 8 48 51 10 53 47 9 
55 1 4 49 52 8 48 51 10 53 47 9 
56 1 56 4 49 8 48 10 47 9 
57 1 56 4 49 8 48 10 47 9 
58 1 56 4 49 52 8 48 51 10 53 47 9 
59 1 49 52 51 53 47 9 56 4 8 48 10 59 
60 1 49 52 60 51 53 47 9 56 4 8 48 10 59 
61 1 49 52 60 51 53 47 9 56 4 8 48 10 59 
62 1 49 52 60 51 53 47 9 56 4 8 48 62 10 59 
63 1 49 52 60 51 53 47 9 56 4 8 48 62 10 59 63 
64 1 49 52 60 51 53 47 9 56 4 8 48 62 10 59 63 64 
65 1 49 52 60 51 53 47 9 56 4 8 48 62 10 59 63 64 
66 1 30 49 24 25 43 17 51 12 40 36 39 56 2 18 4 48 13 10 63 64 27 31 44 14 41 52 60 53 16 47 9 15 22 21 8 29 62 38 59 19 
67 1 30 49 24 25 43 17 51 12 40 36 39 56 2 18 4 48 13 10 63 64 27 31 44 14 41 52 60 53 16 47 9 15 22 21 8 29 62 38 59 19 
