1 1 
2 1 2 
3 1 3 2 
4 1 4 3 2 
5 1 4 3 2 
6 6 1 4 3 2 
7 6 1 4 3 2 7 
8 6 8 1 4 3 2 7 
9 6 8 1 4 3 2 7 
10 6 8 1 4 3 10 2 7 
11 6 8 1 4 3 10 2 7 
12 6 8 1 4 3 10 12 2 7 
13 6 8 1 4 3 10 12 2 7 
14 6 8 1 4 3 10 12 2 7 14 
15 6 8 1 4 3 10 12 2 7 14 
16 6 8 1 4 3 10 12 2 7 14 
17 6 17 8 1 4 3 10 2 7 
18 6 17 8 1 4 3 10 2 7 
19 6 17 8 1 4 3 10 2 7 19 
20 6 17 8 1 4 3 10 2 7 19 
21 6 17 8 1 4 3 10 2 21 7 19 
22 6 17 8 1 4 3 10 2 21 7 19 
23 6 17 8 1 4 3 10 2 21 7 19 
24 24 6 8 1 4 3 2 7 
25 24 6 8 25 1 4 3 2 7 
26 24 6 8 25 1 4 3 2 7 26 
27 24 6 8 25 1 4 3 2 7 26 
28 24 8 25 1 4 3 2 28 7 26 
29 29 25 1 28 7 26 6 17 8 4 3 10 12 2 21 14 19 
30 29 30 25 1 28 7 26 6 17 8 4 3 10 12 2 21 14 19 
31 29 30 25 1 31 28 7 6 17 8 4 3 10 12 2 21 14 19 
32 29 30 25 1 31 32 28 7 6 17 8 4 3 10 12 2 21 14 19 
33 29 30 25 1 31 32 28 33 7 6 17 8 4 3 10 12 2 21 14 19 
34 29 40 25 39 1 31 32 33 37 6 38 35 36 3 2 30 28 7 17 8 4 10 12 21 14 19 
35 29 40 25 39 1 31 32 33 37 6 38 36 35 3 2 30 28 7 17 8 4 10 12 21 14 19 
36 29 40 25 39 1 31 32 33 37 6 38 35 36 3 2 30 28 7 17 8 4 10 12 21 14 19 
37 29 40 25 39 1 31 32 33 37 6 38 35 36 3 2 30 28 7 17 8 4 10 12 21 14 19 
38 29 40 25 39 1 31 32 33 37 6 38 35 36 3 2 30 28 7 17 8 4 10 12 21 14 19 
39 29 40 25 39 1 31 33 37 6 38 35 36 3 2 30 28 7 17 8 4 10 12 21 14 19 
40 29 30 40 25 39 1 31 28 7 37 6 17 8 38 4 35 36 3 10 12 2 21 14 19 
41 29 30 40 25 39 1 31 28 7 37 6 17 8 38 4 35 36 3 10 12 2 21 14 19 
42 29 40 25 39 1 31 32 33 37 6 38 35 36 3 2 30 28 7 17 8 42 4 10 12 21 14 19 
43 29 40 25 39 1 31 32 33 37 6 38 35 36 3 2 30 28 7 17 8 42 4 10 12 21 14 19 
44 29 25 39 1 31 32 37 6 38 35 36 3 2 30 44 28 7 17 8 42 4 10 12 21 14 19 
45 29 25 39 1 31 32 37 6 38 35 36 3 2 30 45 44 28 7 17 8 42 4 10 12 21 14 19 
46 29 25 39 1 31 32 37 6 38 35 36 3 2 46 30 45 44 28 7 17 8 42 4 10 12 21 14 19 
47 29 25 39 1 31 32 37 6 38 35 36 3 2 46 47 30 45 44 28 7 17 8 42 4 10 12 21 14 19 
48 29 25 39 1 31 32 37 6 38 35 36 3 2 46 47 30 45 44 28 7 17 8 42 4 10 12 21 14 19 
49 29 25 39 1 31 32 37 6 38 35 36 3 2 46 47 30 45 44 28 7 17 49 8 42 4 10 12 21 14 19 
50 29 25 39 1 31 32 37 6 38 35 36 3 2 46 47 30 45 44 28 7 50 17 49 8 42 4 10 12 21 14 19 
51 29 25 39 1 31 32 37 6 38 35 36 3 2 46 47 30 45 44 51 28 7 50 17 49 8 42 4 10 12 21 14 19 
52 29 25 39 1 31 32 37 6 38 35 36 3 2 46 47 52 30 45 44 51 28 7 50 17 49 8 42 4 10 12 21 14 19 
53 29 25 39 1 31 32 37 6 53 38 35 36 3 2 46 47 52 30 45 44 51 28 7 50 17 49 8 42 4 10 12 21 14 19 
54 29 54 25 39 1 31 32 37 6 53 38 35 36 3 2 47 52 30 45 44 51 28 7 50 17 49 8 42 4 10 12 21 14 19 
55 29 54 25 39 1 31 32 37 6 53 38 35 36 3 2 47 52 30 45 44 51 28 7 50 17 49 8 42 4 10 12 21 14 19 
56 29 25 39 1 31 32 37 6 38 35 36 3 2 46 47 30 45 44 28 7 17 8 56 42 4 10 12 21 14 19 
57 29 25 39 1 31 32 37 6 38 35 36 3 2 46 47 30 45 44 28 7 17 8 56 42 4 10 12 21 14 19 
58 29 25 39 1 31 32 37 6 38 35 36 3 2 46 47 30 45 58 44 28 7 17 8 56 42 4 10 12 21 14 19 
59 29 25 39 1 31 32 37 6 38 35 36 3 2 46 47 30 45 58 44 28 7 17 8 56 42 59 4 10 12 21 14 19 
60 29 25 39 1 31 32 37 6 38 60 35 36 3 2 46 47 30 45 58 44 28 7 17 8 56 42 59 4 10 12 21 14 19 
61 29 25 39 1 31 32 37 6 60 38 35 36 3 2 46 47 30 45 58 61 44 28 7 17 8 56 42 59 4 10 12 21 14 19 
62 29 25 39 1 31 32 62 37 6 60 38 35 36 3 2 46 47 30 45 58 61 44 28 7 17 8 56 42 59 4 10 12 21 14 19 
63 29 25 39 1 31 32 62 37 6 60 38 35 36 3 2 47 30 45 58 61 63 44 28 7 17 8 56 42 59 4 10 12 21 14 19 
64 29 64 54 25 39 1 31 32 62 37 6 53 60 38 35 36 3 2 47 46 52 30 45 58 61 63 51 28 7 50 17 49 8 56 42 59 4 10 12 21 14 19 
65 29 104 64 54 25 73 92 1 66 62 67 101 6 60 88 71 98 2 87 94 47 46 51 28 78 85 100 102 82 81 8 56 4 12 14 19 76 39 89 31 99 32 37 90 93 53 77 38 35 36 3 72 52 30 45 58 61 63 69 7 50 17 49 42 97 59 10 21 74 68 
66 29 104 64 54 25 73 92 1 66 62 67 101 6 60 88 71 98 2 87 94 47 46 51 28 78 85 100 102 82 81 8 56 4 12 14 19 76 39 89 31 99 32 37 90 93 53 77 38 35 36 3 72 52 30 45 58 61 63 69 7 50 17 49 42 97 59 10 21 74 68 
67 29 104 64 54 25 73 92 1 66 62 67 101 6 60 88 71 98 2 87 94 47 46 51 28 78 85 100 102 82 81 8 56 4 12 14 19 76 39 89 31 99 32 37 90 93 53 77 38 35 36 3 72 52 30 45 58 61 63 69 7 50 17 49 42 97 59 10 21 74 68 
68 29 104 64 54 25 73 92 1 66 62 67 101 6 60 88 71 98 2 87 94 47 46 51 28 78 85 100 102 82 81 8 56 4 12 14 19 76 39 89 31 99 32 37 90 93 53 77 38 35 36 3 72 52 30 45 58 61 63 69 7 50 17 49 42 97 59 10 21 74 68 
69 29 104 64 54 25 73 92 1 66 62 67 101 6 60 88 71 98 2 87 94 47 46 51 28 78 85 100 102 82 81 8 56 4 12 14 19 76 39 89 31 99 32 37 90 93 53 77 38 35 36 3 72 52 30 45 58 61 63 69 7 50 17 49 42 97 59 10 21 74 68 
70 29 104 64 54 25 73 92 1 66 62 67 101 6 60 88 71 98 2 87 94 47 46 51 28 78 85 100 102 82 81 8 56 4 12 14 19 76 39 89 31 99 32 37 90 93 53 77 38 35 36 3 72 52 30 45 58 61 63 69 7 50 17 49 42 97 59 10 21 74 68 
71 29 104 64 54 25 73 92 1 66 62 67 101 6 60 88 98 71 2 87 94 47 46 51 28 78 85 100 102 82 81 8 56 4 12 14 19 76 39 89 31 99 32 37 90 93 53 77 38 35 36 3 72 52 30 45 58 61 63 69 7 50 17 49 42 97 59 10 21 74 68 
72 29 104 64 54 25 73 92 1 66 62 67 101 6 60 88 71 98 2 87 94 47 46 51 28 78 85 100 102 82 81 8 56 4 12 14 19 76 39 89 31 99 32 37 90 93 53 77 38 35 36 3 72 52 30 45 58 61 63 69 7 50 17 49 42 97 59 10 21 74 68 
73 29 104 64 54 25 92 73 1 66 62 67 101 6 60 88 71 98 2 87 94 47 46 51 28 78 85 100 102 82 81 8 56 4 12 14 19 76 39 89 31 99 32 37 90 93 53 77 38 35 36 3 72 52 30 45 58 61 63 69 7 50 17 49 42 97 59 10 21 74 68 
74 29 104 64 54 25 73 92 1 66 62 67 101 6 60 88 71 98 2 87 94 47 46 51 28 78 85 100 102 82 81 8 56 4 12 14 19 76 39 89 31 99 32 37 90 93 53 77 38 35 36 3 72 52 30 45 58 61 63 69 7 50 17 49 42 97 59 10 21 74 68 
75 29 104 64 54 25 73 92 1 66 62 67 101 6 60 88 71 98 2 87 94 47 46 51 28 78 85 100 82 81 8 56 4 12 14 19 75 76 39 89 31 99 32 37 90 93 53 77 38 35 36 3 72 52 30 45 58 61 63 69 7 50 17 49 42 97 59 10 21 74 68 
76 29 104 64 54 25 73 92 1 66 62 67 101 6 60 88 71 98 2 87 94 47 46 51 28 78 85 100 82 81 8 56 4 12 14 19 75 76 39 89 31 99 32 37 90 93 53 77 38 35 36 3 72 52 30 45 58 61 63 69 7 50 17 49 42 97 59 10 21 74 68 
77 29 104 64 54 25 73 92 1 66 62 67 101 6 60 88 71 98 2 87 94 47 46 51 28 78 85 100 82 81 8 56 4 12 14 19 75 76 39 89 31 99 32 37 90 93 53 38 77 35 36 3 72 52 30 45 58 61 63 69 7 50 17 49 42 97 59 10 21 74 68 
78 29 104 64 54 25 73 92 1 66 62 67 101 6 60 88 71 98 2 87 94 47 46 51 28 78 85 100 82 81 8 56 4 12 14 19 75 76 39 89 31 99 32 37 90 93 53 77 38 35 36 3 72 52 30 45 58 61 63 69 7 50 17 49 42 97 59 10 21 74 68 
79 29 104 64 54 25 73 92 1 66 62 67 101 6 60 88 71 98 2 87 94 47 46 51 28 78 85 100 82 81 8 56 4 12 14 19 75 76 39 89 31 99 32 37 90 93 53 77 38 35 36 3 72 52 30 45 58 61 63 69 7 50 17 49 42 97 59 10 21 74 68 
80 29 104 64 54 25 73 92 1 66 62 67 101 6 60 88 71 98 2 87 94 47 46 51 28 78 85 100 82 81 8 56 4 12 14 19 75 76 39 89 31 99 32 37 90 93 53 77 38 35 36 3 72 52 30 45 58 61 63 69 7 50 17 49 42 97 59 10 21 74 68 
81 29 104 64 54 25 73 92 1 66 62 67 101 6 60 88 71 98 2 87 94 47 46 51 28 78 85 100 82 81 8 56 4 12 14 19 75 76 39 89 31 99 32 37 90 93 53 77 38 35 36 3 72 52 30 45 58 61 63 69 7 50 17 49 42 97 59 10 21 74 68 
82 29 104 64 54 25 73 92 1 66 62 67 101 6 60 88 71 98 2 87 94 47 46 51 28 78 85 100 82 81 8 56 4 12 14 19 75 76 39 89 31 99 32 37 90 93 53 77 38 35 36 3 72 52 30 45 58 61 63 69 7 50 17 49 42 97 59 10 21 74 68 
83 29 54 25 73 92 1 66 62 67 101 6 60 88 71 98 2 87 94 47 46 51 28 78 85 100 82 81 8 56 4 12 14 19 75 76 39 89 31 99 32 37 90 93 53 77 38 83 35 36 3 72 52 30 45 58 61 63 69 7 50 17 49 42 97 59 10 21 74 68 
84 29 54 25 73 92 1 66 62 67 101 6 60 88 71 98 2 87 94 47 46 51 28 78 85 100 82 81 8 56 4 12 14 19 75 76 39 89 31 99 32 37 90 93 53 77 83 38 35 36 3 72 52 30 45 58 61 63 69 7 50 17 49 42 97 59 10 21 74 68 
85 29 104 64 54 25 73 92 1 66 62 67 101 6 60 88 71 98 2 87 94 47 46 51 28 78 85 100 102 82 81 8 56 4 12 14 19 76 39 89 31 99 32 37 90 93 53 77 38 35 36 3 72 52 30 45 58 61 63 69 7 50 17 49 42 97 59 10 21 74 68 
86 29 104 64 54 25 73 92 1 66 62 67 101 6 60 88 71 98 2 87 94 47 46 51 28 78 85 100 102 82 81 8 56 4 12 14 19 76 39 89 31 99 32 37 90 93 53 77 38 35 36 3 72 52 30 45 58 61 63 69 7 50 17 49 42 97 59 10 21 74 68 
87 29 104 64 54 25 73 92 1 66 62 67 101 6 60 88 71 98 2 94 87 47 46 51 28 78 85 100 102 82 81 8 56 4 12 14 19 76 39 89 31 99 32 37 90 93 53 77 38 35 36 3 72 52 30 45 58 61 63 69 7 50 17 49 42 97 59 10 21 74 68 
88 29 104 64 54 25 73 92 1 66 62 67 101 6 60 88 71 98 2 87 94 47 46 51 28 78 85 100 102 82 81 8 56 4 12 14 19 76 39 89 31 99 32 37 90 93 53 77 38 35 36 3 72 52 30 45 58 61 63 69 7 50 17 49 42 97 59 10 21 74 68 
89 29 104 64 54 25 73 92 1 66 62 67 101 6 60 88 71 98 2 87 94 47 46 51 28 78 85 100 102 82 81 8 56 4 12 14 19 76 39 89 31 99 32 37 90 93 53 77 38 35 36 3 72 52 30 45 58 61 63 69 7 50 17 49 42 97 59 10 21 74 68 
90 29 104 64 54 25 73 92 1 66 62 67 101 6 60 88 71 98 2 87 94 47 46 51 28 78 85 100 102 82 81 8 56 4 12 14 19 76 39 89 31 99 32 37 93 90 53 77 38 35 36 3 72 52 30 45 58 61 63 69 7 50 17 49 42 97 59 10 21 74 68 
91 29 104 64 54 25 73 92 1 66 62 67 101 6 60 88 71 98 2 87 94 47 46 51 28 78 85 100 82 81 8 56 4 12 14 19 76 39 89 31 99 32 91 37 90 93 53 77 38 35 36 3 72 52 30 45 58 61 63 69 7 50 17 49 42 97 59 10 21 74 68 
92 29 104 64 54 25 73 92 1 66 62 67 101 6 60 88 71 98 2 87 94 47 46 51 28 78 85 100 82 81 8 56 4 12 14 19 76 39 89 31 99 32 91 37 90 93 53 77 38 35 36 3 72 52 30 45 58 61 63 69 7 50 17 49 42 97 59 10 21 74 68 
93 29 104 64 54 25 92 73 1 66 62 67 101 6 60 88 71 98 2 87 94 47 46 51 28 78 85 100 82 81 8 56 4 12 14 19 76 39 89 31 99 32 91 37 90 93 53 77 38 35 36 3 72 52 30 45 58 61 63 69 7 50 17 49 42 97 59 10 21 74 68 
94 29 104 64 54 25 92 73 1 66 62 67 101 6 60 88 71 98 2 87 94 47 46 51 28 78 85 100 82 81 8 56 4 12 14 19 76 39 89 31 99 32 91 37 90 93 53 77 38 35 36 3 72 52 30 45 58 61 63 69 7 50 17 49 42 97 59 10 21 74 68 
95 29 104 64 54 25 92 73 1 66 62 67 101 6 60 88 71 98 2 87 94 47 46 51 28 78 85 100 82 81 8 56 4 12 14 19 76 39 89 31 99 32 91 37 90 93 53 77 38 35 36 3 72 52 30 45 58 61 63 69 7 50 17 49 42 97 59 10 21 74 68 
96 29 104 64 54 25 92 73 1 66 62 67 101 6 60 88 71 98 2 87 94 47 46 51 28 78 85 100 82 81 8 56 4 12 14 19 76 39 89 31 99 32 91 37 90 93 53 77 38 35 36 3 72 52 30 45 58 61 63 69 7 50 17 49 42 97 59 10 21 74 68 
97 29 104 64 54 25 92 73 1 66 62 67 101 6 60 88 71 98 2 87 94 47 46 51 28 78 85 100 82 81 8 56 4 12 14 19 76 39 89 31 99 32 91 37 90 93 53 77 38 35 36 3 72 52 30 45 58 61 63 69 7 50 17 49 42 97 59 10 21 74 68 
98 29 104 64 54 25 92 73 1 66 62 67 101 6 60 88 71 98 2 87 94 47 46 51 28 78 85 100 82 81 8 56 4 12 14 19 76 39 89 31 99 32 91 37 90 93 53 77 38 35 36 3 72 52 30 45 58 61 63 69 7 50 17 49 42 97 59 10 21 74 68 
99 29 104 64 54 25 92 73 1 66 62 67 101 6 60 88 98 71 2 87 94 47 46 51 28 78 85 100 82 81 8 56 4 12 14 19 76 39 89 31 99 32 91 37 90 93 53 77 38 35 36 3 72 52 30 58 61 63 69 7 50 17 49 42 97 59 10 21 74 68 
100 29 104 64 54 25 73 92 1 66 62 67 101 6 60 88 71 98 2 87 94 47 46 51 28 78 85 102 100 82 81 8 56 4 12 14 19 75 76 39 89 31 99 32 91 37 90 93 53 77 83 38 35 36 3 72 52 30 45 58 61 63 69 7 50 17 49 42 97 59 10 21 74 68 
101 29 104 64 54 25 73 92 1 66 62 67 101 6 60 88 71 98 2 87 94 47 46 51 28 78 85 100 102 82 81 8 56 4 12 14 19 75 76 39 89 31 99 32 91 37 90 93 53 77 83 38 35 36 3 72 52 30 45 58 61 63 69 7 50 17 49 42 97 59 10 21 74 68 
102 29 104 64 54 25 73 92 1 66 62 67 101 6 60 88 71 98 2 87 94 47 46 51 28 78 85 100 102 82 81 8 56 4 12 14 19 76 39 89 31 99 32 37 90 93 53 77 83 38 35 36 3 72 52 30 45 58 61 63 69 7 50 17 49 42 97 59 10 21 74 68 
103 29 104 64 54 25 73 92 1 66 62 67 101 6 60 88 71 98 2 87 94 47 46 51 28 78 85 100 102 82 81 8 56 4 12 14 19 76 39 89 31 99 32 37 90 93 53 77 83 38 35 36 3 72 52 30 45 58 61 63 69 7 50 17 49 42 97 59 10 21 74 68 
104 29 104 54 25 73 92 1 66 62 67 101 6 60 88 71 98 2 87 94 47 46 51 28 78 85 100 102 82 81 8 56 4 12 14 19 76 39 89 31 99 32 37 90 93 53 77 38 35 36 3 72 52 30 45 58 61 63 69 7 50 17 49 42 97 59 10 21 74 68 
105 29 104 54 25 73 92 1 66 62 67 101 6 60 88 71 98 2 87 94 47 46 51 28 78 85 100 102 82 81 8 56 4 12 14 19 76 39 89 31 99 32 37 90 93 53 77 38 35 36 3 72 52 30 45 58 61 63 69 7 50 17 49 42 97 59 10 21 74 68 
106 29 104 64 54 25 73 92 1 66 62 67 101 6 60 88 71 98 2 87 94 47 46 51 28 78 85 100 102 82 81 8 56 4 12 14 19 76 39 89 31 99 32 37 90 93 53 77 38 35 36 3 72 52 30 45 58 61 63 69 7 50 17 49 42 97 59 10 21 74 68 
