1 1 
2 1 2 
3 3 1 2 
4 3 1 4 2 
5 3 1 5 4 2 
6 3 6 1 5 4 2 
7 3 6 1 5 4 7 2 
8 3 6 1 5 4 7 8 2 
9 3 6 1 9 4 7 8 2 
10 3 6 1 9 10 4 7 8 2 
11 3 6 1 9 10 4 7 8 2 11 
12 3 6 12 1 9 10 4 7 8 2 11 
13 3 6 12 13 1 10 4 7 8 2 11 
14 3 6 12 13 14 1 10 4 7 8 2 11 
15 3 14 4 15 7 8 2 6 12 13 1 10 11 
16 3 14 4 15 7 8 2 6 12 13 1 10 16 11 
17 3 14 4 15 7 8 17 2 6 12 1 10 16 11 
18 18 3 14 4 15 7 8 17 2 6 12 1 10 16 11 
19 18 3 14 4 19 15 7 8 17 2 6 12 1 10 16 11 
20 18 3 14 4 19 15 7 8 17 2 6 12 1 10 16 20 11 
21 18 3 14 21 4 19 15 7 8 2 6 12 1 10 16 20 11 
22 18 3 14 21 4 19 15 7 8 2 6 12 1 10 16 22 20 11 
23 18 3 14 21 4 19 23 15 7 8 2 6 12 1 10 16 22 20 11 
24 18 3 14 21 24 4 19 23 15 7 8 2 6 12 1 10 16 22 20 11 
25 18 3 14 24 4 19 23 15 7 8 25 2 6 12 1 10 16 22 20 11 
26 18 3 14 24 4 19 23 15 7 8 25 2 6 12 1 10 16 22 26 20 11 
27 18 3 14 24 4 19 23 15 7 8 25 2 6 12 27 1 10 16 22 26 20 11 
28 18 3 14 24 4 19 23 15 7 8 25 2 6 12 27 1 10 16 22 26 20 28 11 
29 18 3 14 24 4 19 23 15 7 8 2 6 12 27 1 10 16 22 26 20 28 11 29 
30 18 3 14 24 4 19 23 15 7 8 2 6 12 27 1 10 16 22 26 20 30 28 11 29 
31 14 24 8 2 12 1 10 16 22 28 18 3 4 19 23 15 7 6 27 31 26 20 30 11 29 
32 14 24 8 2 12 1 10 16 22 28 32 18 3 4 19 23 15 7 6 27 31 26 20 30 11 29 
33 14 24 8 2 33 12 1 10 16 22 28 32 18 3 4 19 23 15 7 6 27 31 26 20 30 11 
34 14 24 8 2 33 34 12 1 10 16 22 28 32 18 3 4 19 23 15 7 6 27 31 26 20 30 11 
35 14 24 8 2 33 34 12 1 10 16 22 28 32 18 3 4 19 23 15 7 35 6 27 31 26 20 30 11 
36 14 24 8 2 33 34 12 1 10 16 22 28 36 32 18 3 4 19 23 15 7 35 6 27 31 26 20 30 11 
37 14 24 8 2 34 12 1 10 16 22 37 28 36 32 18 3 4 19 23 15 7 35 6 27 31 26 20 30 11 
38 14 24 8 38 2 34 12 1 10 16 22 37 28 36 32 18 3 4 19 23 15 7 35 6 27 31 26 20 30 11 
39 14 24 8 38 2 34 12 1 10 16 22 37 39 28 36 32 18 3 4 19 23 15 7 35 6 27 31 26 20 30 11 
40 14 24 8 38 2 34 12 1 10 16 22 37 39 40 28 36 32 18 3 4 19 23 15 7 35 6 27 31 26 20 30 11 
41 14 24 8 38 2 34 12 1 10 16 22 39 40 28 36 32 18 3 4 19 23 41 15 7 35 6 27 31 26 20 30 11 
42 14 24 8 38 2 34 42 12 1 10 16 22 39 40 28 36 32 18 3 4 19 23 41 15 7 35 6 27 31 26 20 30 11 
43 14 24 43 8 38 2 34 42 12 1 10 16 22 39 40 28 36 32 18 3 4 19 23 41 15 7 35 6 27 31 26 20 30 11 
44 14 24 43 8 38 2 34 42 12 1 10 16 22 39 40 28 36 32 18 3 4 19 23 41 15 7 35 6 27 31 26 44 20 30 11 
45 14 24 43 45 8 38 2 34 42 12 1 10 16 22 39 40 28 36 32 18 3 4 19 23 15 7 35 6 27 31 26 44 20 30 11 
46 14 24 43 45 8 38 2 34 42 12 1 10 16 22 39 40 46 28 36 32 18 3 4 19 23 15 7 35 6 27 31 26 44 20 30 11 
47 14 24 43 45 8 38 2 34 42 12 1 10 16 22 39 40 46 28 36 32 18 3 47 4 19 23 15 7 35 6 27 31 26 44 20 30 11 
48 14 24 43 45 8 38 2 34 42 12 1 10 16 22 39 40 46 28 36 32 18 3 47 4 19 23 15 7 35 6 27 31 26 44 20 30 11 
49 14 24 43 45 49 8 38 2 34 42 12 1 10 16 22 39 40 46 28 36 32 18 3 47 4 19 23 15 7 35 6 27 31 26 44 20 30 11 
50 14 24 43 45 49 8 38 2 34 42 12 1 10 16 22 39 40 46 28 36 32 18 3 47 4 19 23 15 7 35 6 27 31 26 44 20 30 11 
51 14 24 43 45 51 8 38 2 34 42 12 1 10 16 22 39 40 46 28 36 32 18 3 47 4 19 23 15 7 35 6 27 31 26 44 20 30 11 
52 14 24 43 52 51 49 8 38 2 34 42 12 1 10 16 22 39 40 46 28 36 32 18 3 47 4 19 23 15 7 35 6 27 31 26 44 20 30 11 
53 14 24 53 43 52 51 49 8 38 2 34 42 12 1 10 16 22 39 40 46 28 36 32 18 3 47 4 19 23 15 7 35 6 27 31 26 44 20 30 11 
54 14 24 53 43 52 51 49 8 38 2 34 42 12 1 10 16 22 39 40 46 28 36 32 18 3 47 4 19 23 15 7 35 6 27 31 26 44 20 30 54 11 
55 14 24 53 43 52 51 49 8 38 2 34 42 12 1 10 16 22 39 40 46 28 36 32 18 3 47 4 19 23 15 7 35 55 6 27 31 26 44 20 30 54 11 
56 56 14 24 53 43 51 49 8 38 2 34 42 12 1 10 16 22 39 40 46 28 36 32 18 3 47 4 19 23 15 7 35 55 6 27 31 26 44 20 30 54 11 
57 56 14 24 53 43 51 49 8 38 2 34 42 57 12 1 10 16 22 39 40 46 28 36 32 18 3 47 4 19 23 15 7 35 55 6 27 31 26 44 20 30 54 11 
58 56 14 24 53 43 51 49 8 38 2 34 42 57 12 1 58 10 16 22 39 40 46 28 36 32 18 3 47 4 19 23 15 7 35 55 6 27 31 26 44 20 30 54 11 
59 56 14 24 53 43 51 49 8 38 2 34 42 57 12 1 58 10 16 22 39 40 46 28 36 32 18 3 47 4 19 23 15 7 35 55 6 27 31 26 44 20 59 30 54 11 
60 14 24 53 43 51 49 8 38 2 34 42 57 60 12 1 58 10 16 22 39 40 46 28 36 32 18 3 47 4 19 23 15 7 35 55 6 27 31 26 44 20 59 30 54 11 
61 14 24 53 43 51 49 8 38 2 34 42 57 60 12 1 58 10 16 22 39 40 46 28 36 32 18 3 47 4 19 23 15 7 35 55 61 6 27 31 26 44 20 59 30 54 11 
62 14 24 53 43 51 49 8 38 2 34 42 57 60 12 1 58 10 16 22 39 40 46 28 36 32 18 3 47 4 19 23 15 7 35 55 61 6 27 62 31 26 44 20 59 30 54 11 
63 14 24 53 43 51 49 8 38 2 34 42 57 60 12 1 58 10 16 22 39 40 46 28 36 32 18 3 47 4 19 23 15 7 35 55 61 6 27 62 31 26 44 20 59 30 54 11 
64 14 24 53 43 51 49 8 38 2 34 42 57 60 12 1 58 10 16 22 39 40 46 28 36 32 18 3 47 4 19 23 15 7 35 64 55 61 6 27 62 31 26 44 20 59 30 54 11 
65 14 24 53 43 51 49 8 38 2 34 42 57 60 12 1 58 10 16 22 39 40 46 28 36 32 18 3 47 4 19 23 15 7 35 64 55 61 6 27 62 31 26 44 20 59 30 54 11 
66 14 24 53 43 51 49 66 8 38 2 34 42 57 60 12 1 58 10 16 22 39 40 46 28 36 32 18 3 47 4 19 23 15 7 35 55 61 6 27 62 31 26 44 20 59 30 54 11 
67 51 66 34 12 1 10 22 39 40 46 28 36 47 15 64 6 27 62 20 59 30 54 14 24 53 43 49 8 38 2 42 57 58 67 16 32 18 3 4 19 23 7 35 55 61 31 26 44 11 
68 51 66 34 12 1 10 22 39 40 46 28 36 47 15 64 6 27 62 20 59 30 54 14 24 53 43 49 8 38 2 42 57 58 67 16 68 32 18 3 4 19 23 7 35 55 61 31 26 44 11 
69 51 66 34 12 1 69 10 22 39 40 46 28 36 47 15 64 6 27 62 20 59 30 54 14 24 53 43 49 8 38 2 42 57 58 67 16 68 32 18 3 4 19 23 7 35 55 61 31 26 44 11 
70 51 66 34 12 1 69 10 22 39 40 46 70 28 36 47 15 64 6 27 62 20 59 30 54 14 24 53 43 49 8 38 2 42 57 58 67 16 68 32 18 3 4 19 23 7 35 55 61 31 26 44 11 
71 51 66 34 12 1 69 10 22 39 40 46 70 28 36 47 15 64 6 27 62 20 59 30 54 14 24 53 43 49 8 38 2 42 57 58 16 71 68 32 18 3 4 19 23 7 35 55 61 31 26 44 11 
72 51 66 34 12 1 69 10 22 39 40 46 70 28 36 47 15 64 6 27 62 20 59 30 54 72 14 24 53 43 49 8 38 2 42 57 58 16 71 68 32 18 3 4 19 23 7 35 55 61 31 26 44 11 
73 51 66 34 12 1 69 10 22 39 40 46 70 28 36 47 15 73 64 6 27 62 20 59 30 54 72 14 24 53 43 49 8 38 2 42 57 58 16 71 68 32 18 3 4 19 23 7 35 55 61 31 26 44 11 
74 51 66 34 12 1 69 10 22 39 40 46 70 28 36 47 15 73 64 6 27 62 20 59 30 54 72 14 24 53 43 49 8 38 2 42 57 58 16 71 68 74 32 18 3 4 19 23 7 35 55 61 31 26 44 11 
75 51 66 34 12 1 69 10 22 39 40 46 70 28 36 47 15 73 64 6 27 62 20 59 30 54 72 14 24 53 43 49 8 38 2 42 57 58 16 68 74 32 18 75 3 4 19 23 7 35 55 61 31 26 44 11 
76 51 66 34 12 1 69 10 22 39 40 46 70 28 36 47 15 73 64 6 27 62 20 59 30 54 72 14 76 24 53 43 49 8 38 2 42 57 58 16 68 74 32 18 75 3 4 19 23 7 35 55 61 31 26 44 11 
77 51 66 34 12 1 69 10 22 39 40 46 70 28 36 47 15 73 64 77 6 27 62 20 59 30 54 72 14 76 24 53 43 49 8 38 2 42 57 58 16 68 74 32 18 75 3 4 19 23 7 35 55 61 31 26 44 11 
78 51 66 34 12 1 69 10 22 39 40 46 70 28 36 47 15 73 64 77 6 27 62 20 59 30 54 72 14 76 24 53 43 49 8 38 2 42 57 58 16 68 74 32 18 75 3 4 19 23 7 35 55 61 31 26 44 11 
79 51 66 34 12 1 69 10 22 39 40 46 70 28 36 47 15 73 64 77 6 27 62 20 59 30 54 72 14 76 24 53 43 49 8 38 2 42 57 58 16 68 74 32 18 75 3 4 79 19 23 7 35 55 61 31 26 44 11 
80 51 66 34 12 1 69 10 22 39 40 46 70 28 36 47 15 73 64 77 6 27 62 20 59 30 54 72 14 76 24 53 43 49 8 38 2 42 57 58 16 68 74 32 18 75 3 4 79 19 23 7 35 55 61 31 26 44 11 
81 81 51 66 34 12 1 69 10 22 39 40 46 70 28 36 47 15 73 64 77 6 27 62 20 59 30 54 72 14 76 24 53 43 49 8 38 2 42 57 58 16 68 74 32 18 75 3 4 19 23 7 35 55 61 31 26 44 11 
82 81 51 66 34 12 1 69 10 22 39 40 46 70 28 36 47 15 73 64 77 6 27 62 20 59 30 54 72 14 76 24 53 43 49 8 38 2 42 57 58 16 82 68 74 32 18 3 4 79 19 23 7 35 55 61 31 26 44 11 
83 83 81 51 66 34 12 1 69 10 22 39 40 46 70 28 36 47 15 73 64 77 6 27 62 20 59 30 54 72 14 76 24 53 43 49 8 38 2 42 57 58 16 82 68 74 32 18 3 4 79 19 23 7 35 55 61 31 26 44 11 
84 83 81 51 66 34 12 1 69 10 22 39 40 46 70 28 36 47 15 73 64 77 6 27 62 20 59 30 54 72 14 76 24 53 43 49 8 38 2 42 57 58 16 84 82 68 74 32 18 3 4 79 19 23 7 35 55 61 31 26 44 11 
85 83 81 51 66 34 12 1 69 10 22 39 40 46 70 28 36 47 15 73 64 77 6 27 62 20 59 30 54 72 85 14 76 24 53 43 49 8 38 2 42 57 58 16 84 82 68 74 32 18 3 4 79 19 23 7 35 55 61 31 26 44 11 
86 83 81 51 66 34 12 1 69 10 22 39 40 46 70 28 36 47 15 73 64 77 6 27 62 20 59 30 54 72 85 14 76 24 53 43 49 8 38 2 42 57 58 16 84 68 74 32 18 3 4 79 19 23 86 7 35 55 61 31 26 44 11 
87 83 81 51 66 34 12 1 69 10 22 39 40 46 70 28 36 47 15 73 64 77 6 27 62 20 59 30 54 72 85 87 14 76 24 53 43 49 8 38 2 42 57 58 16 84 68 74 32 18 3 4 79 19 23 86 7 35 55 61 31 26 44 11 
88 83 81 51 66 34 12 1 69 10 22 39 40 46 70 28 36 47 15 73 64 77 88 6 27 62 20 59 30 54 72 85 87 14 76 24 53 43 49 8 38 2 42 57 58 16 84 68 74 32 18 3 4 79 19 23 86 7 35 55 61 31 26 44 11 
89 83 81 51 66 34 12 1 69 89 10 22 39 40 46 70 28 36 47 15 73 64 77 88 6 27 62 20 59 30 54 72 85 87 14 76 24 53 43 49 8 38 2 42 57 58 16 84 68 74 32 18 3 4 79 19 23 86 7 35 55 61 31 26 44 11 
90 83 81 51 66 34 12 1 69 89 10 22 39 40 46 70 28 36 47 15 73 64 77 88 6 27 62 20 59 30 54 72 85 87 14 76 24 53 43 49 8 38 2 42 57 58 16 84 90 68 74 32 18 3 4 79 19 23 7 35 55 61 31 26 44 11 
91 83 81 51 66 34 12 1 69 89 91 10 22 39 40 46 70 28 36 47 15 73 64 77 88 6 27 62 20 59 30 54 72 85 87 14 76 24 53 43 49 8 38 2 42 57 58 16 84 90 68 74 32 18 3 4 79 19 23 7 35 55 61 31 26 44 11 
92 83 81 51 66 34 12 1 69 89 91 10 22 39 40 46 70 28 36 47 15 73 64 77 88 6 27 62 20 59 30 54 72 85 87 14 76 24 53 43 49 8 38 2 42 57 58 16 84 90 68 74 32 92 18 3 4 79 19 23 7 35 55 61 31 26 44 11 
93 83 81 51 66 34 12 1 69 89 91 10 22 39 40 46 70 28 36 47 15 73 64 77 88 6 27 62 20 59 30 54 72 85 87 14 76 24 53 43 49 8 38 2 42 57 58 16 84 90 68 74 32 92 18 3 4 79 19 23 7 35 55 61 31 26 44 11 
94 83 81 51 66 34 12 1 69 89 91 10 22 39 40 46 70 28 36 47 15 73 64 77 88 6 27 62 20 59 30 54 72 85 87 14 76 24 53 43 49 8 38 2 42 57 58 16 84 90 68 74 32 92 18 94 3 4 79 19 23 7 35 55 61 31 26 44 11 
95 83 81 51 66 34 12 1 69 89 91 10 22 39 40 46 70 28 36 47 15 73 64 77 88 6 27 62 20 59 30 54 72 85 87 14 76 24 53 43 49 8 38 2 42 57 58 16 84 90 68 74 32 92 18 94 3 4 79 19 23 7 35 55 61 31 26 44 11 
96 83 81 51 66 34 12 1 69 89 91 10 22 39 40 46 70 28 36 47 15 73 64 77 88 6 27 62 20 59 30 54 72 85 87 14 76 24 53 43 49 8 38 2 42 57 58 16 84 90 68 74 32 92 18 3 4 79 19 23 7 35 55 61 31 26 44 96 11 
97 83 97 81 51 66 34 12 1 69 89 91 10 22 39 40 46 70 28 36 47 15 73 64 77 88 6 27 62 20 59 30 54 72 85 87 14 76 24 53 43 49 8 38 2 42 57 58 16 84 68 74 32 92 18 94 3 4 79 19 23 7 35 55 61 31 26 44 96 11 
98 83 97 81 51 66 34 12 1 69 89 91 10 22 39 40 46 70 28 36 47 15 73 64 77 88 6 27 62 20 59 30 54 72 85 87 14 76 24 53 43 49 8 38 2 42 57 58 16 84 68 74 32 92 18 94 3 4 79 19 23 7 35 55 98 61 31 26 44 96 11 
99 83 97 81 51 66 34 12 1 69 89 91 10 22 39 40 46 99 70 28 36 47 15 73 64 77 88 6 27 62 20 59 30 54 72 85 87 14 76 24 53 43 49 8 38 2 42 57 58 16 84 68 74 32 92 18 94 3 4 79 19 23 7 35 55 98 61 31 26 44 96 11 
100 83 97 81 51 66 34 12 1 69 89 91 10 22 39 40 46 99 70 28 36 47 15 73 64 77 88 6 27 62 20 59 30 54 72 85 87 14 76 24 53 43 49 8 38 2 42 57 58 16 84 68 74 32 92 18 94 3 4 79 19 23 7 35 55 98 61 31 26 44 100 96 11 
101 83 81 51 66 34 12 1 69 89 91 10 22 39 40 46 99 70 28 36 47 15 73 64 77 88 6 27 62 101 20 59 30 54 72 85 87 14 76 24 53 43 49 8 38 2 42 57 58 16 84 68 74 32 92 18 94 3 4 79 19 23 7 35 55 98 61 31 26 44 100 96 11 
102 83 81 51 66 34 12 1 69 89 91 10 22 39 40 46 99 70 28 36 47 15 73 64 77 88 6 27 62 101 20 59 30 54 72 85 87 14 76 24 53 43 49 102 8 38 2 42 57 58 16 84 68 74 32 92 18 94 3 4 79 19 23 7 35 55 98 61 31 26 44 100 96 11 
103 83 81 51 66 34 12 1 69 89 91 10 22 39 40 46 99 70 28 36 47 103 15 73 64 77 88 6 27 62 101 20 59 30 54 72 85 87 14 76 24 53 43 49 102 8 38 2 42 57 58 16 84 68 74 32 92 18 94 3 4 79 19 23 7 35 55 98 61 31 26 44 100 96 11 
104 83 81 51 66 34 12 1 69 89 91 10 22 39 40 46 99 70 28 36 47 103 15 73 64 77 88 6 27 62 101 20 59 30 54 72 85 87 14 76 24 53 43 49 102 8 38 2 42 57 58 16 84 68 74 32 92 18 94 3 4 79 19 23 7 35 55 98 61 104 31 26 44 100 96 11 
105 83 81 51 66 34 12 1 69 105 89 91 10 22 39 40 46 99 70 28 36 47 103 15 73 64 77 88 6 27 62 20 59 30 54 72 85 87 14 76 24 53 43 49 102 8 38 2 42 57 58 16 84 68 74 32 92 18 94 3 4 79 19 23 7 35 55 98 61 104 31 26 44 100 96 11 
106 83 81 51 66 34 12 1 69 105 89 91 10 22 39 40 46 99 70 28 36 47 103 15 73 106 64 77 88 6 27 62 20 59 30 54 72 85 87 14 76 24 53 43 49 102 8 38 2 42 57 58 16 84 68 74 32 92 18 94 3 4 79 19 23 7 35 55 98 61 104 31 26 44 100 96 11 
107 83 81 51 66 34 12 1 69 105 89 91 10 22 39 40 46 99 70 28 36 47 103 15 73 106 64 77 88 6 27 62 20 59 30 54 72 85 87 14 76 24 53 43 49 102 8 38 2 42 57 58 16 84 68 74 32 92 18 94 3 4 79 19 23 107 7 35 55 98 61 104 31 26 44 100 96 11 
108 83 81 51 66 34 12 1 69 105 89 91 10 22 39 40 46 99 70 28 36 47 103 15 73 106 64 77 88 6 27 62 20 59 30 54 72 85 87 14 76 24 53 43 49 102 8 38 2 42 57 58 16 84 68 74 32 92 18 94 3 4 79 19 23 107 7 35 55 98 61 104 31 26 44 100 96 11 
109 83 81 51 66 34 12 1 69 105 89 91 10 22 39 40 46 99 70 28 36 47 103 15 73 106 64 77 88 6 27 62 20 59 30 54 72 85 87 14 76 24 53 43 49 102 8 38 2 109 42 57 58 16 84 68 74 32 92 18 94 3 4 79 19 23 107 7 35 55 98 61 104 31 26 44 100 96 11 
110 83 81 51 66 34 12 1 69 105 89 91 10 22 39 40 46 99 70 28 36 47 103 15 73 106 64 77 88 6 27 62 20 59 30 54 72 85 87 14 76 24 53 43 49 102 8 38 2 109 42 57 58 16 84 68 74 32 92 18 94 3 4 79 19 23 107 7 35 55 98 61 104 31 26 44 100 96 11 
111 83 81 51 66 34 12 1 69 105 89 91 10 22 39 40 46 99 70 28 36 47 103 15 73 106 64 77 88 6 27 62 20 59 30 54 72 85 87 14 76 24 53 43 49 102 8 38 2 42 57 58 16 84 68 74 32 92 18 94 3 111 4 79 19 23 107 7 35 55 98 61 104 31 26 44 100 96 11 
112 83 81 51 66 34 12 1 69 89 91 10 22 39 40 46 99 70 28 36 47 103 15 73 106 64 77 88 6 27 62 20 59 30 54 72 85 87 14 76 24 53 43 49 102 8 38 2 112 109 42 57 58 16 84 68 74 32 92 18 94 3 111 4 79 19 23 107 7 35 55 98 61 104 31 26 44 100 96 11 
113 83 81 51 66 34 12 1 69 89 91 10 22 39 40 46 99 70 28 36 47 103 15 73 106 64 77 88 6 27 62 20 59 30 54 72 113 85 87 14 76 24 53 43 49 102 8 38 2 112 109 42 57 58 16 84 68 74 32 92 18 94 3 111 4 79 19 23 107 7 35 55 98 61 104 31 26 44 100 96 11 
114 83 81 51 66 114 34 12 1 69 89 91 10 22 39 40 46 99 70 28 36 47 103 15 73 106 64 77 88 6 27 62 20 59 30 54 72 113 85 87 14 76 24 53 43 49 102 8 38 2 112 109 42 57 58 16 84 68 74 32 92 18 94 3 111 4 79 19 23 107 7 35 55 98 61 104 31 26 44 100 96 11 
115 83 81 51 66 114 34 12 1 69 89 91 10 22 39 40 46 99 70 28 36 115 47 103 15 73 106 64 77 88 6 27 62 20 59 30 54 72 113 85 87 14 76 24 53 43 49 102 8 38 2 112 109 42 57 58 16 84 68 74 32 92 18 94 3 111 4 79 19 23 107 7 35 55 98 61 104 31 26 44 100 96 11 
116 83 81 51 66 114 34 12 1 69 89 91 10 22 39 40 46 99 70 28 36 115 47 103 15 73 106 64 77 88 6 27 62 20 59 30 54 72 113 85 87 14 76 24 53 43 49 102 8 38 2 109 42 57 58 16 84 68 74 32 92 18 94 3 111 4 79 19 23 107 7 35 55 98 61 104 31 26 44 100 96 116 11 
117 83 81 51 66 114 34 12 1 69 89 91 10 22 39 40 46 99 70 28 36 115 47 103 15 73 106 64 77 88 6 27 62 20 59 30 54 72 113 85 87 14 76 24 53 43 117 49 102 8 38 2 109 42 57 58 16 84 68 74 32 92 18 94 3 111 4 79 19 23 107 7 35 55 98 61 104 31 26 44 100 96 116 11 
118 83 81 118 51 66 114 34 12 1 69 89 91 10 22 39 40 46 99 70 28 36 115 47 103 15 73 106 64 77 88 6 27 62 20 59 30 54 72 113 85 87 14 76 24 53 43 117 49 102 8 38 2 109 42 57 58 16 84 68 74 32 92 18 94 3 111 4 79 19 23 107 7 35 55 98 61 104 31 26 44 100 96 116 11 
119 83 81 118 51 66 114 34 12 1 69 89 91 10 22 39 40 46 99 70 28 36 115 47 103 15 73 106 64 77 88 6 27 62 20 59 30 54 72 113 85 87 14 76 24 53 43 117 49 102 8 38 2 109 42 57 58 16 84 119 68 74 32 92 18 94 3 111 4 79 19 23 107 7 35 55 98 61 104 31 26 44 100 96 116 11 
120 83 81 118 51 66 114 34 12 1 69 89 91 10 22 39 40 46 99 70 28 36 115 47 103 15 73 106 64 120 77 88 6 27 62 20 59 30 54 72 113 85 87 14 76 24 53 43 117 49 102 8 38 2 109 42 57 58 16 84 119 68 74 32 92 18 94 3 111 4 79 19 23 107 7 35 55 98 61 104 31 26 44 100 96 11 
121 83 81 118 51 66 114 34 12 1 69 89 91 10 22 39 40 46 99 70 28 36 115 47 103 15 73 106 64 120 77 88 6 27 62 121 20 59 30 54 72 113 85 87 14 76 24 53 43 117 49 102 8 38 2 109 42 57 58 16 84 119 68 74 32 92 18 94 3 111 4 79 19 23 107 7 35 55 98 61 104 31 26 44 100 96 11 
122 83 81 118 51 66 114 34 12 1 69 89 91 10 22 39 122 40 46 99 70 28 36 115 47 103 15 73 106 64 120 77 88 6 27 62 121 20 59 30 54 72 113 85 87 14 76 24 53 43 117 49 102 8 38 2 109 42 57 58 16 84 119 68 74 32 92 18 94 3 111 4 79 19 23 107 7 35 55 98 61 104 31 26 44 100 96 11 
123 83 81 118 51 66 114 34 12 1 69 89 91 10 22 39 122 40 46 99 70 28 36 115 47 103 15 73 106 64 120 77 88 6 27 62 121 20 59 30 54 72 113 85 87 14 76 24 53 43 117 49 102 8 38 2 109 42 57 58 16 84 119 68 74 32 92 18 94 3 111 4 79 19 23 107 7 35 55 98 61 104 31 26 44 100 96 11 
124 83 124 81 118 51 66 114 34 12 1 69 89 91 10 22 39 122 40 46 99 70 28 36 115 47 103 15 73 106 64 120 77 88 6 27 62 121 20 59 30 54 72 113 85 87 14 76 24 53 43 117 49 102 8 38 2 109 42 57 58 16 84 119 68 74 32 92 18 94 3 111 4 79 19 23 107 7 35 55 98 61 104 31 26 44 100 96 11 
125 83 124 81 118 51 66 114 34 12 1 69 89 91 10 22 39 122 40 46 99 70 28 36 115 47 103 15 73 106 64 120 77 88 6 27 62 121 20 59 30 54 72 113 85 87 14 76 24 53 43 117 49 102 8 38 2 109 42 57 58 16 84 119 68 74 32 92 18 94 3 111 4 79 19 23 107 7 35 55 98 61 104 31 26 44 100 96 11 
126 83 81 118 51 66 114 34 12 1 69 89 91 10 22 39 122 40 46 99 70 28 36 115 47 103 15 73 106 64 120 77 88 6 27 62 121 20 59 30 54 72 113 85 87 14 76 24 53 43 117 49 102 8 38 2 109 42 57 58 16 126 84 119 68 74 32 92 18 94 3 111 4 79 19 23 107 7 35 55 98 61 104 31 26 44 100 96 11 
127 83 124 81 118 51 66 114 34 12 1 69 89 91 10 22 39 122 40 46 99 70 28 36 115 47 127 103 15 73 106 64 77 88 6 27 62 121 20 59 30 54 72 113 85 87 14 76 24 53 43 117 49 102 8 38 2 109 42 57 58 16 126 84 119 68 74 32 92 18 94 3 111 4 79 19 23 107 7 35 55 98 61 104 31 26 44 100 96 11 
128 83 124 81 118 51 66 114 34 12 1 69 89 91 10 22 39 122 40 46 99 70 28 36 115 47 127 103 15 73 106 64 77 88 6 27 62 121 20 59 30 54 72 113 85 87 14 76 24 53 43 117 49 102 8 38 2 109 128 42 57 58 16 126 84 119 68 74 32 92 18 94 3 111 4 79 19 23 107 7 35 55 98 61 104 31 26 44 100 96 11 
129 83 124 81 118 51 66 114 129 34 12 1 69 89 91 10 22 39 122 40 46 99 70 28 36 115 47 127 103 15 73 106 64 77 88 6 27 62 121 20 59 30 54 72 113 85 87 14 76 24 53 43 117 49 102 8 38 2 109 128 42 57 58 16 126 84 119 68 74 32 92 18 94 3 111 4 79 19 23 107 7 35 55 98 61 104 31 26 44 100 96 11 
130 83 124 81 118 130 51 66 114 129 34 12 1 69 89 91 10 22 39 122 40 46 99 70 28 36 115 47 127 103 15 73 106 64 77 88 6 27 62 121 20 59 30 54 72 113 85 87 14 76 24 53 43 117 49 102 8 38 2 109 128 42 57 58 16 126 84 119 68 74 32 92 18 94 3 111 4 79 19 23 107 7 35 55 98 61 104 31 26 44 100 96 11 
131 83 124 81 118 130 51 66 114 129 34 12 1 69 89 91 10 22 39 122 40 46 99 70 28 36 115 47 103 15 73 106 64 77 88 6 27 62 121 131 20 59 30 54 72 113 85 87 14 76 24 53 43 117 49 102 8 38 2 109 128 42 57 58 16 126 84 119 68 74 32 92 18 94 3 111 4 79 19 23 107 7 35 55 98 61 104 31 26 44 100 96 11 
132 83 124 132 81 118 130 51 66 114 129 34 12 1 69 89 91 10 22 39 122 40 46 99 70 28 36 115 47 103 15 73 106 64 77 88 6 27 62 121 131 20 59 30 54 72 113 85 87 14 76 24 53 43 117 49 102 8 38 2 109 128 42 57 58 16 126 84 119 68 74 32 92 18 94 3 111 4 79 19 23 107 7 35 55 98 61 104 31 26 44 100 96 11 
133 133 83 124 132 81 118 130 51 66 114 129 34 12 1 69 89 91 10 22 39 122 40 46 99 70 28 36 115 47 103 15 73 106 64 77 88 6 27 62 121 131 20 59 30 54 72 113 85 87 14 76 24 53 43 117 49 102 8 38 2 109 128 42 57 58 16 126 84 119 68 74 32 92 18 94 3 111 4 79 19 23 107 7 35 55 98 61 104 31 26 44 100 96 11 
134 133 83 124 132 81 118 130 51 66 114 129 34 12 1 69 89 91 10 22 39 122 134 40 46 99 70 28 36 115 47 103 15 73 106 64 77 88 6 27 62 121 131 20 59 30 54 72 113 85 87 14 76 24 53 43 117 49 102 8 38 2 109 128 42 57 58 16 126 84 119 68 74 32 92 18 94 3 111 4 79 19 23 107 7 35 55 98 61 104 31 26 44 100 96 11 
135 133 83 124 132 81 118 130 51 66 114 129 34 12 1 69 89 91 10 22 39 122 134 40 46 99 70 28 36 115 47 103 15 73 106 64 77 88 6 27 62 121 20 59 30 54 72 113 85 87 14 76 24 53 43 117 49 102 8 38 2 109 128 42 57 58 16 126 84 119 68 74 32 92 18 94 3 111 4 79 19 23 107 7 35 55 98 61 104 31 26 44 100 96 135 11 
136 133 83 124 132 81 118 130 51 66 114 129 34 12 1 69 89 91 10 22 39 122 134 40 46 99 70 28 36 115 47 103 15 73 106 64 77 88 6 27 62 121 20 59 30 136 54 72 113 85 87 14 76 24 53 43 117 49 102 8 38 2 109 128 42 57 58 16 126 84 119 68 74 32 92 18 94 3 111 4 79 19 23 107 7 35 55 98 61 104 31 26 44 100 96 135 11 
137 133 124 132 118 66 114 129 12 91 10 22 39 122 40 99 70 36 115 47 103 15 73 106 64 77 6 27 62 121 20 54 72 113 24 53 117 102 42 58 16 84 74 32 92 18 94 4 79 19 107 7 35 55 61 104 31 26 100 96 11 83 137 81 130 51 34 1 69 89 134 46 28 88 59 30 136 85 87 14 76 43 49 8 38 2 109 128 57 126 119 68 3 111 23 98 44 135 
138 133 124 132 118 66 114 129 12 91 10 22 39 122 40 99 70 36 115 47 103 15 73 106 64 77 6 27 62 121 20 54 72 113 24 53 117 102 42 58 16 84 74 32 92 18 94 4 79 19 107 7 35 55 61 104 31 26 100 96 11 83 137 81 130 51 34 1 69 89 134 46 28 88 59 30 136 85 87 14 76 43 49 8 38 2 109 128 57 126 119 68 3 111 23 98 44 135 
139 133 124 132 118 66 114 129 12 91 10 22 39 122 40 99 70 36 115 47 103 15 73 106 64 139 77 6 27 62 121 20 54 72 113 24 53 117 102 42 58 16 84 74 32 92 18 94 4 79 19 107 7 35 55 61 104 31 26 100 96 11 83 137 81 130 51 34 1 69 89 134 46 28 88 59 30 136 85 87 14 76 43 49 8 38 2 109 128 57 126 119 68 3 111 23 98 44 135 
140 133 124 132 118 66 114 129 12 91 10 22 39 122 40 99 70 36 115 47 103 15 73 106 64 139 77 6 27 62 121 20 54 72 113 24 53 117 102 42 58 16 84 74 32 92 18 94 4 79 19 107 7 35 55 61 104 31 26 100 96 11 83 137 81 130 51 34 1 69 89 134 46 28 88 59 30 136 85 87 14 76 43 49 8 38 2 109 128 57 126 119 68 3 111 23 98 44 135 
141 133 124 132 118 66 114 129 12 91 10 22 39 122 40 99 70 36 115 47 103 15 73 106 64 77 6 27 62 121 20 54 72 113 24 53 117 102 42 58 16 84 74 32 92 18 94 4 79 19 107 7 35 55 61 104 31 26 100 96 11 83 137 81 130 51 34 1 69 89 134 46 28 141 88 59 30 136 85 87 14 76 43 49 8 38 2 109 128 57 126 119 68 3 111 23 98 44 135 
142 133 124 132 118 66 114 129 12 91 10 22 39 122 40 99 70 36 115 47 103 15 73 106 64 139 77 6 27 62 121 20 54 72 113 24 53 117 102 42 58 16 84 74 32 92 18 94 4 79 19 107 7 35 55 61 104 31 26 100 96 11 83 137 81 130 51 34 1 69 89 142 134 46 28 141 88 59 30 136 85 87 14 76 43 49 8 38 2 109 128 57 126 119 68 3 111 23 98 44 
143 133 124 132 118 66 114 129 12 91 10 22 39 122 40 99 70 36 115 47 103 15 73 106 64 139 77 6 27 62 121 20 54 72 113 24 53 117 102 42 58 16 84 74 32 92 18 94 4 79 19 107 7 35 55 61 104 31 26 100 96 11 83 137 81 130 51 34 1 69 89 142 134 46 28 141 88 59 30 136 85 87 143 14 76 43 49 8 38 2 109 128 57 126 119 68 3 111 23 98 44 
144 133 124 132 118 66 114 129 12 91 10 22 39 122 40 99 70 36 115 47 103 15 73 106 64 139 77 6 27 62 121 20 54 72 113 24 53 117 102 42 58 16 84 74 32 92 18 94 4 79 19 107 7 35 55 61 104 31 26 100 96 11 83 137 81 130 51 34 1 69 89 142 134 46 28 141 88 59 30 136 85 87 143 144 14 76 43 49 8 38 2 109 128 57 126 119 68 3 111 23 98 44 
145 133 124 132 118 66 114 129 12 91 10 22 39 122 40 99 70 36 115 47 103 15 73 106 64 139 77 6 27 62 121 20 54 72 113 24 53 117 102 42 145 58 16 84 74 32 92 18 94 4 79 19 107 7 35 55 61 104 31 26 100 96 11 83 137 81 130 51 34 1 69 89 142 134 46 28 141 88 59 30 136 85 87 143 144 14 76 43 49 8 38 2 109 128 57 126 119 68 3 111 23 98 44 
146 133 124 132 118 66 114 146 129 12 91 10 22 39 122 40 99 70 36 115 47 103 15 73 106 64 139 77 6 27 62 121 20 54 72 113 24 53 117 102 42 145 58 16 84 74 32 92 18 94 4 79 19 107 7 35 55 61 104 31 26 100 96 11 83 137 81 130 51 34 1 69 89 142 134 46 28 141 88 59 30 136 85 87 143 144 14 76 43 49 8 38 2 109 128 57 126 119 68 3 111 23 98 44 
147 133 124 132 118 66 114 146 129 12 91 10 22 39 122 40 99 70 36 115 47 103 15 73 106 64 139 77 6 27 62 121 20 54 72 113 24 53 117 102 42 145 58 16 84 74 32 92 18 94 4 79 19 107 7 35 55 61 104 31 26 100 96 11 83 137 81 130 51 34 147 1 69 89 142 134 46 28 141 88 59 30 136 85 87 143 144 14 76 43 49 8 38 2 109 128 57 126 119 68 3 111 23 98 44 
148 133 124 132 118 66 114 146 129 12 91 10 22 39 122 40 99 70 36 115 47 103 15 73 106 64 139 77 6 27 62 121 20 54 72 113 24 53 117 102 42 145 58 16 84 74 32 92 18 94 4 79 19 107 7 35 55 61 104 31 26 100 96 11 83 137 81 130 51 34 147 1 69 89 142 134 46 28 141 88 59 30 136 85 87 143 144 14 76 43 49 8 38 2 109 128 57 126 119 148 68 3 111 23 98 44 
149 133 124 132 118 66 114 146 129 12 91 10 22 39 122 40 99 70 36 115 47 103 15 73 106 64 139 149 77 6 27 62 121 20 54 72 113 24 53 117 102 42 145 58 16 84 74 32 92 18 94 4 79 19 107 7 35 55 61 104 31 26 100 96 11 83 137 81 130 51 34 147 1 69 89 142 134 46 28 141 88 59 30 136 85 87 143 144 14 76 43 49 8 38 2 109 128 57 126 119 148 68 3 111 23 98 44 
150 133 124 132 118 66 114 146 129 12 91 10 22 39 122 40 99 70 36 115 47 103 15 73 106 64 139 149 77 6 27 62 121 20 54 72 113 24 53 117 102 42 145 58 16 84 74 32 92 18 94 4 79 19 107 7 35 55 61 104 31 26 100 96 150 11 83 137 81 130 51 34 147 1 69 89 142 134 46 28 141 88 59 30 136 85 87 143 144 14 76 43 49 8 38 2 109 128 57 126 119 148 68 3 111 23 98 44 
151 133 124 132 118 66 114 146 129 12 91 10 22 39 122 40 99 70 36 115 47 103 15 73 106 64 139 149 77 6 27 62 121 20 54 72 113 151 24 53 117 102 42 145 58 16 84 74 32 92 18 94 4 79 19 107 7 35 55 61 104 31 26 100 96 150 11 83 137 81 130 51 34 147 1 69 89 134 46 28 141 88 59 30 136 85 87 143 144 14 76 43 49 8 38 2 109 128 57 126 119 148 68 3 111 23 98 44 
152 133 124 132 118 66 114 146 129 12 91 10 22 39 122 40 99 70 36 115 47 103 15 73 106 64 139 149 77 6 27 62 121 152 20 54 72 113 151 24 53 117 102 42 145 58 16 84 74 32 92 18 94 4 79 19 107 7 35 55 61 104 31 26 100 96 150 11 83 137 81 130 51 34 147 1 69 89 134 46 28 141 88 59 30 136 85 87 143 144 14 76 43 49 8 38 2 109 128 57 126 119 148 68 3 111 23 98 44 
153 133 124 132 118 66 114 146 129 12 91 10 22 39 122 40 99 70 36 115 47 103 15 73 106 64 139 149 77 6 27 62 121 152 20 54 72 113 151 24 53 117 102 42 145 58 16 84 74 32 92 18 94 4 79 19 107 7 35 55 61 104 31 26 100 96 150 11 83 137 81 130 51 34 147 1 69 89 134 46 28 141 88 153 59 30 136 85 87 143 144 14 76 43 49 8 38 2 109 128 57 126 119 148 68 3 111 23 98 44 
154 133 124 132 118 66 114 146 129 12 91 10 22 39 122 40 99 70 36 115 47 103 15 73 106 64 139 149 77 6 27 62 121 152 20 54 72 113 151 24 53 117 102 42 145 58 16 84 74 32 92 18 94 4 79 19 107 7 35 55 61 104 31 26 100 96 150 11 83 137 81 130 51 34 147 1 69 89 134 46 154 28 141 88 153 59 30 136 85 87 143 144 14 76 43 49 8 38 2 109 128 57 126 119 148 68 3 111 23 98 44 
155 133 124 132 118 66 114 146 129 12 91 10 22 39 122 40 99 70 36 115 47 103 15 73 106 64 139 149 77 6 27 62 121 152 20 54 72 113 24 53 117 102 42 145 58 16 84 74 32 92 18 94 4 79 19 107 7 35 55 61 104 31 26 100 96 150 11 83 137 81 130 51 34 147 1 69 89 134 46 154 28 141 88 153 59 30 136 85 87 143 144 14 76 43 49 8 38 2 109 128 57 126 119 148 68 3 111 23 98 44 155 
156 133 124 132 118 66 114 146 129 12 91 10 22 39 122 40 99 70 36 115 47 103 15 73 106 64 139 149 77 6 27 62 121 152 20 54 72 113 24 53 117 102 42 145 58 16 84 74 32 92 18 94 4 79 19 107 7 35 55 61 104 31 26 100 96 150 11 83 137 81 130 51 34 147 1 69 89 134 46 154 28 156 141 88 153 59 30 136 85 87 143 144 14 76 43 49 8 38 2 109 128 57 126 119 148 68 3 111 23 98 44 155 
157 133 124 132 118 66 114 146 129 12 91 10 22 39 122 40 99 70 36 115 47 103 15 73 106 64 139 149 77 6 27 62 121 152 20 54 72 113 24 53 117 102 42 145 58 16 84 74 32 92 18 94 4 79 19 107 7 35 55 61 104 31 26 100 96 150 11 83 137 81 130 51 34 147 1 69 89 134 46 154 28 156 141 88 153 59 30 136 85 87 143 144 14 76 43 49 8 38 2 109 128 57 126 119 148 68 3 111 23 98 157 44 155 
158 133 124 132 118 66 114 146 129 12 91 10 22 39 122 40 99 70 36 115 47 103 15 73 106 64 139 149 77 6 27 62 121 152 20 54 72 113 24 53 117 102 42 145 58 16 84 74 32 92 18 94 4 79 19 107 7 35 55 61 104 31 26 100 96 150 11 83 137 81 130 51 34 147 1 69 89 134 46 154 28 156 141 88 153 158 59 30 136 85 87 143 144 14 76 43 49 8 38 2 109 128 57 126 119 148 68 3 111 23 98 157 44 155 
159 133 124 132 118 66 114 146 129 12 91 10 22 39 122 40 99 70 36 115 47 103 15 73 106 64 139 149 77 6 27 62 121 152 20 54 72 113 24 53 117 102 42 145 58 16 84 74 32 92 18 94 4 79 19 107 7 35 55 61 104 31 26 100 96 150 11 83 137 81 130 51 34 147 1 69 89 159 134 46 154 28 156 141 88 153 158 59 30 136 85 87 143 144 14 76 43 49 8 38 2 109 128 57 126 119 148 68 3 111 23 98 157 44 
160 133 124 132 118 66 114 146 129 12 91 10 22 39 122 40 99 70 36 115 47 103 15 73 106 64 139 149 77 6 27 62 121 152 20 54 72 113 24 53 117 102 42 145 58 16 84 74 32 92 18 94 4 79 19 107 7 35 55 61 104 31 26 100 96 150 11 83 137 81 130 51 34 147 1 69 89 159 134 46 154 28 156 141 88 153 158 59 160 30 136 85 87 143 144 14 76 43 49 8 38 2 109 128 57 126 119 148 68 3 111 23 98 157 44 
161 133 124 132 118 66 114 146 129 12 91 10 22 39 122 40 99 70 36 115 47 103 15 73 106 64 139 149 77 6 27 62 121 152 20 54 72 113 24 53 117 102 42 145 58 16 84 74 32 92 18 94 4 79 19 107 7 35 55 61 104 31 26 100 161 96 150 11 83 137 81 130 51 34 147 1 69 89 159 134 46 154 28 156 141 88 153 158 59 160 30 136 85 87 143 144 14 76 43 49 8 38 2 109 128 57 126 119 148 68 3 111 23 98 157 44 
162 133 124 132 118 66 114 146 129 12 91 10 22 39 122 40 99 70 36 115 47 103 15 73 106 64 139 149 77 6 27 62 121 152 20 54 72 113 24 53 117 102 42 145 58 16 84 74 32 92 18 94 4 79 19 107 7 35 55 61 104 31 26 100 161 96 150 11 83 137 81 130 51 34 147 1 69 89 159 134 46 154 28 156 141 88 153 158 59 160 30 136 85 87 143 144 14 76 43 49 8 38 2 109 128 57 126 119 148 68 3 111 23 98 157 44 
163 133 124 132 118 66 114 146 129 12 91 10 22 39 122 40 99 70 36 115 47 163 103 15 73 106 64 139 149 77 6 27 62 121 152 20 54 72 113 24 53 117 102 42 145 58 16 84 74 32 92 18 94 4 79 19 107 7 35 55 61 104 31 26 100 161 96 150 11 83 137 81 130 51 34 147 1 69 89 159 134 46 154 28 156 141 88 153 158 59 160 30 136 85 87 143 144 14 76 43 49 8 38 2 109 128 57 126 119 148 68 3 111 23 98 157 44 
164 133 124 132 118 66 114 146 129 12 91 10 22 39 122 40 99 70 36 115 47 163 103 15 73 106 64 139 149 77 6 27 62 121 152 20 54 72 113 24 53 117 102 42 145 58 16 84 74 32 92 18 94 4 79 19 107 7 35 55 61 104 31 26 100 161 96 150 11 83 137 81 130 51 34 147 1 69 89 159 134 46 154 28 156 141 88 153 158 59 160 30 136 85 87 143 144 14 76 43 49 8 38 2 109 128 57 126 119 148 68 3 111 23 98 157 44 
165 133 124 132 118 66 114 146 129 12 91 10 22 39 122 40 99 70 36 115 47 103 15 73 106 64 139 149 77 6 27 62 121 152 20 54 72 113 24 53 117 102 42 145 58 16 84 74 32 92 18 94 4 79 19 107 7 35 55 61 104 31 26 100 161 96 150 11 83 137 81 130 51 34 147 1 69 89 159 134 46 154 28 156 141 88 153 158 59 160 30 136 85 87 143 144 14 76 43 49 8 38 2 109 128 57 165 126 119 148 68 3 111 23 98 157 44 
166 133 124 132 118 66 114 146 129 12 91 10 22 39 122 40 99 70 36 115 47 163 103 15 73 106 64 139 149 77 6 27 62 121 152 20 54 72 113 24 53 117 102 42 145 58 16 84 74 32 92 18 94 166 4 79 19 107 7 35 55 61 104 31 26 100 161 96 150 11 83 137 81 130 51 34 147 1 69 89 134 46 154 28 156 141 88 153 158 59 160 30 136 85 87 143 144 14 76 43 49 8 38 2 109 128 57 165 126 119 148 68 3 111 23 98 157 44 
167 133 124 132 118 66 114 146 129 12 91 10 22 39 122 40 99 70 36 115 47 163 103 15 73 106 64 139 149 77 6 27 62 121 152 20 54 72 113 24 53 117 102 42 145 58 16 84 74 32 92 18 94 166 4 79 19 107 7 35 55 61 167 104 31 26 100 161 96 150 11 83 137 81 130 51 34 147 1 69 89 134 46 154 28 156 141 88 153 158 59 160 30 136 85 87 143 144 14 76 43 49 8 38 2 109 128 57 165 126 119 148 68 3 111 23 98 157 44 
168 133 124 132 118 66 114 146 129 12 91 10 22 39 122 40 99 70 36 115 47 163 103 15 73 106 64 139 149 77 6 27 62 121 152 20 54 72 113 24 53 117 102 42 145 58 16 84 74 32 92 168 18 94 166 4 79 19 107 7 35 55 61 167 104 31 26 100 161 96 150 11 83 137 81 130 51 34 147 1 69 89 134 46 154 28 156 141 88 153 158 59 160 30 136 85 87 143 144 14 76 43 49 8 38 2 109 128 57 165 126 119 148 68 3 111 23 98 157 44 
169 133 124 132 118 66 114 146 129 12 91 10 22 39 122 40 99 70 36 115 47 163 103 15 73 106 64 139 149 77 6 27 62 121 152 20 54 72 113 24 53 117 102 42 145 58 16 84 74 32 92 168 18 94 166 4 79 19 107 7 35 55 61 167 104 31 26 100 161 96 150 11 83 137 81 130 51 34 147 1 69 89 134 46 154 28 156 141 88 153 158 59 160 30 136 85 87 143 144 14 76 43 49 8 38 2 109 128 57 165 126 119 148 68 3 111 23 98 157 44 
170 133 124 132 118 66 114 146 129 12 91 10 22 39 122 40 99 70 36 115 47 163 103 15 73 106 64 139 149 77 6 27 62 121 152 20 54 72 113 24 53 117 102 42 145 58 16 84 74 32 92 168 18 94 166 4 79 19 107 7 35 55 61 167 104 31 26 100 161 96 150 11 83 137 81 130 51 34 147 1 69 89 134 46 154 28 156 141 88 153 158 59 160 30 136 85 87 143 144 14 76 170 43 49 8 38 2 109 128 57 165 126 119 148 68 3 111 23 98 157 44 
171 133 124 132 118 66 114 146 129 12 91 10 22 39 122 40 99 70 36 115 47 163 103 15 73 106 64 139 149 77 6 27 62 121 152 20 54 72 113 24 53 117 102 42 145 58 16 84 74 32 92 168 18 94 166 4 79 19 107 7 35 55 61 167 104 31 26 100 161 96 150 11 83 137 81 130 51 34 147 1 69 89 134 46 154 28 156 141 88 153 158 59 160 30 136 85 87 143 144 14 76 170 43 49 8 38 2 109 128 57 165 126 119 148 68 3 111 23 98 157 44 
172 133 124 132 118 66 114 146 129 12 91 10 22 39 122 40 99 70 36 115 47 163 103 15 73 106 64 139 149 77 6 27 62 121 152 20 54 72 113 24 53 117 102 42 145 58 16 84 74 32 92 168 18 94 166 4 79 19 107 7 35 55 61 167 104 31 26 100 161 96 150 11 83 137 81 130 51 34 147 1 69 89 134 46 154 28 156 141 88 153 158 59 160 30 136 85 87 143 144 14 76 43 172 49 8 38 2 109 128 57 165 126 119 148 68 3 111 23 98 157 44 
173 133 124 132 118 66 114 146 129 12 91 10 22 39 122 40 99 70 36 115 47 163 103 15 73 106 64 139 149 77 6 27 62 121 152 20 54 72 113 24 53 117 102 42 145 58 16 84 74 32 92 168 18 94 4 79 19 107 7 35 55 61 167 104 31 26 100 161 96 150 11 83 137 81 130 51 34 147 1 69 89 134 46 154 28 156 141 88 153 158 59 160 30 136 85 87 143 144 14 76 170 43 172 49 8 38 2 109 128 57 165 126 119 148 68 3 111 23 173 98 157 44 
174 133 124 132 118 66 114 146 129 12 91 10 22 39 122 40 99 70 36 115 47 163 103 15 73 106 64 139 149 77 6 27 62 121 152 20 54 72 113 24 53 117 102 42 145 58 16 84 174 74 32 92 168 18 94 4 79 19 107 7 35 55 61 167 104 31 26 100 161 96 150 11 83 137 81 130 51 34 147 1 69 89 134 46 154 28 156 141 88 153 158 59 160 30 136 85 87 143 144 14 76 170 43 172 49 8 38 2 109 128 57 165 126 119 148 68 3 111 23 173 98 157 44 
175 133 124 132 118 66 114 146 129 12 91 10 22 39 122 40 99 70 36 115 47 163 103 15 73 106 64 139 149 77 6 27 62 121 152 20 54 72 113 24 53 117 102 42 145 58 16 84 174 74 32 92 168 18 94 4 79 19 107 7 35 55 61 167 104 31 26 100 161 96 150 11 83 137 81 130 51 34 147 1 69 89 134 46 154 28 156 141 88 153 158 59 160 30 136 85 87 143 144 14 76 170 43 172 49 8 38 2 109 128 57 165 126 119 148 68 3 111 23 173 98 175 157 44 
176 133 124 132 118 66 114 146 129 12 91 10 22 39 122 40 99 70 36 115 47 163 103 15 73 106 64 139 149 77 6 27 62 121 152 20 54 72 113 24 53 117 102 176 42 145 58 16 84 174 74 32 92 168 18 94 4 79 19 107 7 35 55 61 167 104 31 26 100 161 96 150 11 83 137 81 130 51 34 147 1 69 89 134 46 154 28 156 141 88 153 158 59 160 30 136 85 87 143 144 14 76 170 43 172 49 8 38 2 109 128 57 165 126 119 148 68 3 111 23 173 98 175 157 44 
177 133 124 132 118 66 114 146 129 12 91 10 22 39 122 40 99 70 36 115 47 163 103 15 73 106 64 139 149 77 6 27 62 121 152 20 54 72 113 24 53 117 102 176 42 145 58 16 84 174 74 32 92 168 18 94 4 79 19 107 7 35 55 61 167 104 31 26 100 161 96 150 11 83 137 81 130 51 34 147 1 69 89 134 46 154 28 156 141 88 153 177 158 59 160 30 136 85 87 143 144 14 76 170 43 172 49 8 38 2 109 128 57 165 126 119 148 68 3 111 23 173 98 175 157 44 
178 133 124 132 118 66 114 146 129 12 91 10 22 39 122 40 99 70 36 115 47 163 103 15 73 106 64 139 149 77 6 27 62 121 152 20 54 72 113 24 53 117 102 176 42 145 58 16 84 174 178 74 32 92 168 18 94 4 79 19 107 7 35 55 61 167 104 31 26 100 161 96 150 11 83 137 81 130 51 34 147 1 69 89 134 46 154 28 156 141 88 153 177 158 59 160 30 136 85 87 143 144 14 76 170 43 172 49 8 38 2 109 128 57 165 126 119 148 68 3 111 23 173 98 175 157 44 
179 133 124 132 118 66 114 146 129 12 91 10 22 39 122 40 99 70 36 115 47 163 103 15 73 106 64 139 149 77 6 27 62 121 152 20 54 72 113 24 53 117 102 176 42 145 58 16 84 174 179 178 74 32 92 168 18 94 4 79 19 107 7 35 55 61 167 104 31 26 100 161 96 150 11 83 137 81 130 51 34 147 1 69 89 134 46 154 28 156 141 88 153 177 158 59 160 30 136 85 87 143 144 14 76 170 43 172 49 8 38 2 109 128 57 165 126 119 148 68 3 111 23 173 98 175 157 44 
180 133 124 132 118 66 114 146 129 12 91 10 22 39 122 40 99 70 36 115 47 163 103 15 73 106 64 139 149 77 6 27 62 121 152 20 54 72 113 24 53 117 102 176 42 145 58 16 84 174 179 178 74 32 92 168 18 94 4 79 19 107 7 35 55 61 167 104 31 26 100 161 96 150 11 83 137 81 130 51 34 147 1 69 89 134 46 154 28 156 141 180 88 153 177 158 59 160 30 136 85 87 143 144 14 76 170 43 172 49 8 38 2 109 128 57 165 126 119 148 68 3 111 23 173 98 175 157 44 
181 133 124 132 118 66 114 146 129 12 91 10 22 39 122 40 99 70 36 115 47 163 103 15 73 106 64 139 149 77 6 27 62 121 152 20 54 72 113 24 53 117 102 176 42 145 58 16 84 174 179 178 74 32 92 168 18 181 94 4 79 19 107 7 35 55 61 167 104 31 26 100 161 96 150 11 83 137 81 130 51 34 147 1 69 89 134 46 154 28 156 141 180 88 153 177 158 59 160 30 136 85 87 143 144 14 76 170 43 172 49 8 38 2 109 128 57 165 126 119 148 68 3 111 23 173 98 175 157 44 
182 133 124 132 118 66 114 146 129 12 91 10 22 39 122 40 99 70 36 115 47 163 103 15 73 106 64 139 149 77 6 27 62 121 152 20 54 72 113 24 53 117 102 176 42 145 58 16 84 174 179 178 74 32 92 168 18 181 94 4 79 19 107 7 35 55 61 182 167 104 31 26 100 161 96 150 11 83 137 81 130 51 34 147 1 69 89 134 46 154 28 156 141 180 88 153 177 158 59 160 30 136 85 87 143 144 14 76 170 43 172 49 8 38 2 109 128 57 165 126 119 148 68 3 111 23 98 175 157 44 
183 133 124 132 118 66 114 146 129 12 91 10 22 39 122 40 99 70 36 115 47 163 103 15 73 106 64 139 149 77 6 27 62 121 152 20 54 72 113 24 53 117 102 176 42 145 58 16 84 174 179 178 74 32 92 168 18 181 94 4 79 19 107 7 35 55 61 182 167 104 31 26 100 161 96 150 11 83 137 81 130 51 34 147 1 69 89 134 46 154 28 183 156 141 180 88 153 177 158 59 160 30 136 85 87 143 144 14 76 170 43 172 49 8 38 2 109 128 57 165 126 119 148 68 3 111 23 98 175 157 44 
184 133 124 132 118 66 114 146 129 12 91 10 22 39 122 40 99 70 36 115 47 163 103 15 73 106 64 139 149 77 6 27 62 121 152 20 184 54 72 113 24 53 117 102 176 42 145 58 16 84 174 179 178 74 32 92 168 18 181 94 4 79 19 107 7 35 55 61 182 167 104 31 26 100 161 96 150 11 83 137 81 130 51 34 147 1 69 89 134 46 154 28 183 156 141 180 88 153 177 158 59 160 30 136 85 87 143 144 14 76 170 43 172 49 8 38 2 109 128 57 165 126 119 148 68 3 111 23 98 175 157 44 
185 133 124 132 118 66 114 146 129 12 91 10 22 39 122 40 99 70 36 115 47 163 103 15 73 106 64 139 149 77 6 27 62 121 152 20 184 54 72 113 24 53 185 117 102 176 42 145 58 16 84 174 179 178 74 32 92 168 18 181 94 4 79 19 107 7 35 55 61 182 167 104 31 26 100 161 96 150 11 83 137 81 130 51 34 147 1 69 89 134 46 154 28 183 156 141 180 88 153 177 158 59 160 30 136 85 87 143 144 14 76 170 43 172 49 8 38 2 109 128 57 165 126 119 148 68 3 111 23 98 175 157 44 
186 133 124 132 118 66 114 146 129 12 91 10 22 39 122 40 99 70 36 115 47 163 103 15 73 106 64 139 149 77 6 27 62 121 152 20 184 54 72 113 24 53 185 117 102 176 42 145 58 16 84 174 179 178 74 32 92 168 18 181 94 4 79 19 107 7 35 55 61 167 104 31 26 100 161 96 150 11 83 137 81 130 51 34 147 1 69 89 134 46 154 28 183 156 141 180 186 88 153 177 158 59 160 30 136 85 87 143 144 14 76 170 43 172 49 8 38 2 109 128 57 165 126 119 148 68 3 111 23 98 175 157 44 
187 133 124 132 118 66 114 146 129 12 91 10 22 39 122 40 99 70 36 115 47 163 103 15 73 106 64 139 149 187 77 6 27 62 121 152 20 184 54 72 113 24 53 185 117 102 176 42 145 58 16 84 174 179 178 74 32 92 168 18 181 94 4 79 19 107 7 35 55 61 167 104 31 26 100 161 96 150 11 83 137 81 130 51 34 147 1 69 89 134 46 154 28 183 156 141 180 186 88 153 177 158 59 160 30 136 85 87 143 144 14 76 170 43 172 49 8 38 2 109 128 57 165 126 119 148 68 3 111 23 98 175 157 44 
188 133 124 132 118 66 114 146 129 12 91 10 22 39 122 40 99 70 36 115 47 163 103 15 73 106 64 139 149 187 77 6 27 62 121 152 20 184 54 72 113 24 53 185 117 102 176 42 145 58 16 84 174 179 178 74 32 92 168 18 181 94 4 79 19 107 7 35 55 61 167 104 31 26 100 161 96 150 11 83 137 81 130 51 34 147 1 69 89 188 134 46 154 28 183 156 141 180 186 88 153 177 158 59 160 30 136 85 87 143 144 14 76 170 43 172 49 8 38 2 109 128 57 165 126 119 148 68 3 111 23 98 175 157 44 
189 133 124 132 118 66 114 146 129 12 91 10 22 39 122 40 99 70 36 115 47 163 103 15 73 106 64 139 149 187 77 6 27 62 121 152 20 184 54 72 113 24 53 185 117 102 176 189 42 145 58 16 84 174 179 178 74 32 92 168 18 181 94 4 79 19 107 7 35 55 61 167 104 31 26 100 161 96 150 11 83 137 81 130 51 34 147 1 69 89 188 134 46 154 28 183 156 141 180 186 88 153 177 158 59 160 30 136 85 87 143 144 14 76 170 43 172 49 8 38 2 109 128 57 165 126 119 148 68 3 111 23 98 175 157 44 
190 133 124 132 190 118 66 114 146 129 12 91 10 22 39 122 40 99 70 36 115 47 163 103 15 73 106 64 139 149 187 77 6 27 62 121 152 20 184 54 72 113 24 53 185 117 102 176 189 42 145 58 16 84 174 179 178 74 32 92 168 18 181 94 4 79 19 107 7 35 55 61 167 104 31 26 100 161 96 150 11 83 137 81 130 51 34 147 1 69 89 188 134 46 154 28 183 156 141 180 88 153 177 158 59 160 30 136 85 87 143 144 14 76 170 43 172 49 8 38 2 109 128 57 165 126 119 148 68 3 111 23 98 175 157 44 
191 133 124 132 190 118 66 114 146 129 12 91 10 22 39 122 40 99 70 36 115 47 163 103 15 73 106 64 139 149 187 77 6 27 62 121 152 20 184 54 72 113 24 191 53 185 117 102 176 189 42 145 58 16 84 174 179 178 74 32 92 168 18 181 94 4 79 19 107 7 35 55 61 167 104 31 26 100 161 96 150 11 83 137 81 130 51 34 147 1 69 89 188 134 46 154 28 183 156 141 180 88 153 177 158 59 160 30 136 85 87 143 144 14 76 170 43 172 49 8 38 2 109 128 57 165 126 119 148 68 3 111 23 98 175 157 44 
192 133 124 132 190 118 66 114 146 129 12 91 10 22 39 122 40 99 70 36 115 47 163 103 15 73 106 64 139 149 187 77 6 27 62 121 152 20 184 54 72 113 24 191 53 185 117 102 176 189 42 145 58 16 84 174 179 178 74 32 92 168 18 181 94 4 79 19 107 7 35 55 61 167 104 31 26 100 161 96 150 11 83 137 81 130 51 34 147 1 69 89 188 134 46 154 28 183 156 141 180 88 153 177 158 59 160 30 136 85 87 143 144 14 76 170 43 172 49 8 38 2 192 109 128 57 165 126 119 148 68 3 111 23 98 175 157 44 
193 133 124 132 190 118 66 114 146 129 12 91 10 22 39 122 40 99 70 36 115 47 163 103 15 73 106 64 139 149 187 77 6 27 62 121 152 20 184 54 72 113 24 191 53 185 117 102 176 189 42 145 58 16 84 174 179 178 74 32 92 168 18 181 94 4 79 19 107 7 35 55 61 167 104 31 26 100 161 96 150 11 83 137 81 130 51 34 147 1 69 89 188 134 46 154 28 183 156 141 180 88 153 177 158 59 160 30 136 85 87 143 144 14 76 170 43 172 49 8 38 2 192 109 128 57 165 126 119 148 68 3 111 23 98 175 157 44 
194 133 124 132 190 118 66 114 146 129 12 91 10 22 39 122 40 99 70 36 194 115 47 163 103 15 73 106 64 139 149 187 77 6 27 62 121 152 20 184 54 72 113 24 191 53 185 117 102 176 189 42 145 58 16 84 174 179 178 74 32 92 168 18 181 94 4 79 19 107 7 35 55 61 167 104 31 26 100 161 96 150 11 83 137 81 130 51 34 147 1 69 89 188 134 46 154 28 183 156 141 180 88 153 177 158 59 160 30 136 85 87 143 144 14 76 170 43 172 49 8 38 2 192 109 128 57 165 126 119 148 68 3 111 23 98 175 157 44 
195 133 124 132 190 118 66 114 146 129 12 91 10 22 39 122 40 99 70 36 194 115 47 163 103 15 73 106 64 139 149 187 77 6 27 62 121 152 20 184 54 72 113 24 191 53 185 117 102 176 189 42 145 58 16 84 174 179 178 74 32 92 168 18 181 94 4 79 19 107 7 35 55 61 167 104 31 26 100 161 96 150 11 83 137 81 130 51 34 147 1 69 89 188 134 46 154 28 183 156 141 180 88 153 177 158 59 160 30 136 85 87 143 144 14 76 170 43 172 49 8 38 2 192 109 128 57 165 126 119 148 68 3 111 23 98 175 157 44 
196 133 124 132 190 118 66 114 146 129 12 91 10 22 39 122 40 99 70 36 115 47 163 103 15 73 106 64 139 149 187 77 6 27 62 121 152 20 184 54 72 113 24 191 53 185 117 102 176 189 42 145 58 16 84 174 179 178 74 32 92 168 18 181 94 4 79 19 107 7 35 55 61 167 104 31 26 100 161 96 150 11 83 137 81 130 51 196 34 147 1 69 89 188 134 46 154 28 183 156 141 180 88 153 177 158 59 160 30 136 85 87 143 144 14 76 170 43 172 49 8 38 2 192 109 128 57 165 126 119 148 68 3 111 23 98 175 157 44 
197 133 124 132 118 66 114 146 129 12 91 10 22 197 39 122 40 99 70 36 194 115 47 163 103 15 73 106 64 139 149 187 77 6 27 62 121 152 20 184 54 72 113 24 191 53 185 117 102 176 189 42 145 58 16 84 174 179 178 74 32 92 168 18 181 94 4 79 19 107 7 35 55 61 167 104 31 26 100 161 96 150 11 83 137 81 130 51 196 34 147 1 69 89 188 134 46 154 28 183 156 141 180 88 153 177 158 59 160 30 136 85 87 143 144 14 76 170 43 172 49 8 38 2 192 109 128 57 165 126 119 148 68 3 111 23 98 175 157 44 
198 133 124 132 118 66 114 146 129 12 91 10 22 197 39 122 40 99 70 36 194 115 47 163 103 15 73 106 64 139 149 187 77 6 27 62 121 152 20 184 54 72 113 24 191 53 185 117 102 176 189 42 145 58 16 84 174 179 178 74 32 92 168 18 181 94 4 79 19 107 7 35 55 61 167 104 31 26 100 161 96 150 11 83 137 81 130 51 196 34 147 1 69 89 188 134 46 154 28 183 156 141 180 88 153 177 158 59 160 30 136 85 87 143 144 14 76 170 198 43 172 49 8 38 2 192 109 128 57 165 126 119 148 68 3 111 23 98 175 157 44 
199 133 124 132 118 66 114 146 129 12 91 10 22 197 39 122 40 99 70 36 194 115 47 163 103 15 73 106 64 139 149 187 77 6 27 62 121 152 20 184 54 72 113 24 191 53 185 117 102 176 189 199 42 145 58 16 84 174 179 178 74 32 92 168 18 181 94 4 79 19 107 7 35 55 61 167 104 31 26 100 161 96 150 11 83 137 81 130 51 196 34 147 1 69 89 188 134 46 154 28 183 156 141 180 88 153 177 158 59 160 30 136 85 87 143 144 14 76 170 198 43 172 49 8 38 2 192 109 128 57 165 126 119 148 68 3 111 23 98 175 157 44 
200 133 124 132 118 66 114 146 129 12 91 10 22 197 39 122 40 99 70 36 194 115 47 163 103 15 73 106 64 139 149 187 77 6 27 62 121 152 20 184 54 72 113 24 191 53 185 117 102 176 189 199 42 145 58 16 84 174 179 178 74 32 92 168 18 181 94 4 79 19 107 7 35 55 61 167 104 31 26 100 161 96 150 11 83 137 81 130 51 196 200 34 147 1 69 89 188 134 46 154 28 183 156 141 180 88 153 177 158 59 160 30 136 85 87 143 144 14 76 170 198 43 172 49 8 38 2 192 109 128 57 165 126 119 148 68 3 111 23 98 175 157 44 
201 133 124 132 118 66 114 146 129 12 91 10 22 39 122 40 99 70 36 194 115 47 163 103 15 73 106 64 139 149 187 77 6 27 62 121 152 20 184 54 72 113 24 191 53 185 117 102 176 189 199 42 145 58 16 84 174 179 178 74 32 92 168 18 181 94 4 79 19 107 7 35 55 61 167 201 104 31 26 100 161 96 150 11 83 137 81 130 51 196 200 34 147 1 69 89 188 134 46 154 28 183 156 141 180 88 153 177 158 59 160 30 136 85 87 143 144 14 76 170 198 43 172 49 8 38 2 192 109 128 57 165 126 119 148 68 3 111 23 98 175 157 44 
202 133 124 132 118 66 114 146 129 12 91 10 22 39 122 40 99 70 36 194 115 47 163 103 15 73 106 64 139 149 187 77 6 27 62 121 152 20 184 54 72 113 24 191 53 185 117 102 176 189 199 42 145 58 16 84 174 179 178 74 32 92 168 18 181 94 4 79 19 107 7 35 55 61 167 201 104 31 26 100 161 96 150 11 83 137 81 130 51 196 200 34 147 1 69 89 188 134 46 154 28 183 156 141 180 88 153 177 158 59 160 30 136 85 87 143 144 14 76 170 198 43 172 202 49 8 38 2 192 109 128 57 165 126 119 148 68 3 111 23 98 175 157 44 
203 133 124 132 118 66 114 146 129 12 91 10 22 39 122 40 99 70 36 194 115 47 163 103 15 73 106 64 139 149 187 77 6 27 62 121 152 20 184 54 72 113 203 24 191 53 185 117 102 176 189 199 42 145 58 16 84 174 179 178 74 32 92 168 18 181 94 4 79 19 107 7 35 55 61 167 201 104 31 26 100 161 96 150 11 83 137 81 130 51 196 200 34 147 1 69 89 188 134 46 154 28 183 156 141 180 88 153 177 158 59 160 30 136 85 87 143 144 14 76 170 198 43 172 202 49 8 38 2 192 109 128 57 165 126 119 148 68 3 111 23 98 175 157 44 
204 133 124 132 118 66 114 146 129 12 91 10 22 39 122 40 99 70 36 194 115 47 163 103 15 73 106 64 139 149 187 77 6 27 62 121 152 20 184 54 72 113 203 24 191 53 185 117 102 176 189 199 42 145 58 16 84 174 179 178 74 32 92 168 18 181 94 4 79 19 107 7 35 55 61 167 201 104 31 26 100 161 96 150 11 83 137 81 130 51 196 200 204 34 147 1 69 89 188 134 46 154 28 183 156 141 180 88 153 177 158 59 160 30 136 85 87 143 144 14 76 170 198 43 172 202 49 8 38 2 192 109 128 57 165 126 119 148 68 3 111 23 98 175 157 44 
205 133 124 132 118 66 114 146 129 12 91 10 22 39 122 40 99 70 36 194 115 205 47 163 103 15 73 106 64 139 149 187 77 6 27 62 121 152 20 184 54 72 113 203 24 191 53 185 117 102 176 189 199 42 145 58 16 84 174 179 178 74 32 92 168 18 181 94 4 79 19 107 7 35 55 61 167 104 31 26 100 161 96 150 11 83 137 81 130 51 196 200 204 34 147 1 69 89 188 134 46 154 28 183 156 141 180 88 153 177 158 59 160 30 136 85 87 143 144 14 76 170 198 43 172 202 49 8 38 2 192 109 128 57 165 126 119 148 68 3 111 23 98 175 157 44 
206 133 124 132 118 66 114 146 129 12 91 10 22 39 122 40 99 70 206 36 194 115 205 47 163 103 15 73 106 64 139 149 187 77 6 27 62 121 152 20 184 54 72 113 203 24 191 53 185 117 102 176 189 199 42 145 58 16 84 174 179 178 74 32 92 168 18 181 94 4 79 19 107 7 35 55 61 167 104 31 26 100 161 96 150 11 83 137 81 130 51 196 200 204 34 147 1 69 89 188 134 46 154 28 183 156 141 180 88 153 177 158 59 160 30 136 85 87 143 144 14 76 170 198 43 172 202 49 8 38 2 192 109 128 57 165 126 119 148 68 3 111 23 98 175 157 44 
207 133 124 132 118 66 114 146 129 12 91 10 22 39 122 40 99 70 206 36 194 115 205 47 163 103 15 73 106 64 139 149 187 77 6 27 62 121 152 20 184 54 72 113 203 24 191 53 185 117 102 176 189 199 42 145 58 16 84 174 179 178 74 32 92 168 18 181 94 4 79 19 107 7 35 55 61 167 104 31 26 100 161 96 150 11 83 137 81 130 51 196 200 204 34 147 1 69 89 188 134 46 154 28 183 156 141 180 88 153 177 158 59 160 30 136 85 87 143 144 14 76 170 198 43 172 202 49 8 38 2 192 109 128 57 165 126 119 148 68 3 111 23 98 175 157 207 44 
208 133 124 132 118 66 114 146 129 12 91 10 22 39 122 40 99 70 206 36 194 115 205 47 163 103 15 73 106 64 139 149 187 77 6 27 62 121 152 20 184 54 72 113 203 24 191 53 185 117 102 176 189 199 42 145 58 16 84 174 179 178 74 32 92 168 18 181 94 4 79 19 107 7 35 55 61 167 104 31 26 100 161 96 150 11 83 137 81 130 51 196 200 204 34 147 1 69 89 188 134 46 154 28 183 156 141 180 88 153 177 158 59 160 30 136 85 87 143 144 14 76 170 198 43 172 202 49 8 38 2 192 109 128 57 165 126 119 148 68 3 111 23 208 98 175 157 207 44 
209 133 124 132 118 66 114 146 129 12 91 10 22 39 122 40 99 70 206 36 194 115 47 163 103 15 73 106 64 139 149 187 77 6 27 62 121 152 20 184 54 72 113 203 24 191 53 185 117 102 176 189 199 42 145 58 16 84 174 179 178 74 32 92 168 18 181 94 4 79 19 107 7 35 55 61 167 104 31 26 100 161 96 150 209 11 83 137 81 130 51 196 200 204 34 147 1 69 89 188 134 46 154 28 183 156 141 180 88 153 177 158 59 160 30 136 85 87 143 144 14 76 170 198 43 172 202 49 8 38 2 192 109 128 57 165 126 119 148 68 3 111 23 208 98 175 157 207 44 
210 133 124 132 118 66 114 146 129 12 91 10 22 39 122 40 99 70 206 36 194 115 47 163 103 15 73 106 64 139 149 187 77 6 27 62 121 152 20 184 54 72 113 203 24 191 53 185 117 102 176 189 199 42 145 58 16 84 174 179 178 74 32 92 168 18 181 94 4 79 19 107 7 35 55 61 167 104 31 26 100 161 96 150 209 11 83 137 81 130 51 196 200 204 210 34 147 1 69 89 188 134 46 154 28 183 156 141 180 88 153 177 158 59 160 30 136 85 87 143 144 14 76 170 198 43 172 202 49 8 38 2 192 109 128 57 165 126 119 148 68 3 111 23 208 98 175 157 207 44 
211 133 124 132 118 66 114 146 129 12 91 10 22 39 122 40 99 70 206 36 194 115 47 163 103 15 73 106 64 139 149 187 77 6 27 62 121 152 20 184 54 72 113 203 24 191 53 185 117 102 176 189 199 42 145 58 16 84 174 179 178 74 32 92 168 18 181 94 4 79 19 107 7 35 55 61 167 104 31 26 100 161 96 150 209 11 83 137 81 130 51 196 200 204 210 34 147 1 69 89 188 134 46 154 211 28 183 156 141 180 88 153 177 158 59 160 30 136 85 87 143 144 14 76 170 198 43 172 202 49 8 38 2 192 109 128 57 165 126 119 148 68 3 111 23 208 98 175 157 207 44 
212 133 124 132 118 66 114 146 129 12 91 10 22 39 122 40 99 70 206 36 194 115 47 163 103 15 73 106 64 139 149 187 77 6 27 62 121 152 20 184 54 72 113 203 24 191 53 185 117 102 176 189 199 42 145 58 16 84 174 179 178 74 32 92 168 18 181 94 4 79 19 107 7 35 55 61 167 104 31 26 100 161 96 150 209 11 83 137 81 130 51 196 200 204 210 34 147 1 69 89 188 134 46 154 211 28 183 156 141 180 88 153 177 158 59 160 30 136 85 87 143 144 14 76 170 198 43 172 202 49 8 38 2 192 109 128 57 165 126 119 148 68 3 111 23 208 98 175 157 212 207 44 
213 133 124 132 118 66 114 146 129 12 91 213 10 22 39 122 40 99 70 206 36 194 115 47 163 103 15 73 106 64 139 149 187 77 6 27 62 121 152 20 184 54 72 113 203 24 191 53 185 117 102 176 189 199 42 145 58 16 84 174 179 178 74 32 92 168 18 181 94 4 79 19 107 7 35 55 61 167 104 31 26 100 161 96 150 11 83 137 81 130 51 196 200 204 210 34 147 1 69 89 188 134 46 154 211 28 183 156 141 180 88 153 177 158 59 160 30 136 85 87 143 144 14 76 170 198 43 172 202 49 8 38 2 192 109 128 57 165 126 119 148 68 3 111 23 208 98 175 157 212 207 44 
214 133 124 132 118 66 114 146 129 12 91 213 10 22 39 122 40 99 70 206 36 194 115 47 163 103 15 73 106 64 139 149 187 77 6 27 62 121 152 20 184 54 72 113 203 24 191 53 185 117 102 176 189 199 42 145 58 16 84 174 179 178 74 32 92 168 18 181 94 4 79 19 107 7 35 55 61 167 104 31 26 214 100 161 96 150 11 83 137 81 130 51 196 200 204 210 34 147 1 69 89 188 134 46 154 211 28 183 156 141 180 88 153 177 158 59 160 30 136 85 87 143 144 14 76 170 198 43 172 202 49 8 38 2 192 109 128 57 165 126 119 148 68 3 111 23 208 98 175 157 212 207 44 
215 133 124 132 118 66 114 146 129 12 91 213 10 22 39 122 40 99 70 206 36 194 115 47 163 103 15 73 106 64 139 149 187 77 6 27 62 121 152 20 184 54 72 113 203 24 191 53 185 117 102 176 189 199 42 145 58 16 84 174 179 178 74 32 92 168 18 181 94 4 79 19 107 7 35 55 61 167 104 31 26 214 100 161 96 150 11 83 137 81 130 51 196 200 204 210 34 147 1 69 89 188 134 46 154 211 28 183 156 141 180 88 153 177 158 59 160 30 136 85 87 143 144 14 76 170 198 43 172 202 49 8 38 2 192 109 128 57 165 126 119 148 68 3 111 23 208 98 175 157 212 207 215 44 
216 133 124 132 118 66 114 146 129 12 91 213 10 22 39 122 40 99 70 206 36 194 115 47 163 103 15 73 106 64 139 149 187 77 6 27 62 121 152 20 184 54 72 113 203 24 191 53 185 117 102 176 189 199 42 145 58 16 84 174 179 178 74 32 92 168 18 181 94 4 79 19 107 7 35 55 61 167 104 31 26 214 100 161 96 150 11 83 137 81 130 51 196 200 204 210 34 147 216 1 69 89 188 134 46 154 211 28 183 156 141 180 88 153 177 158 59 160 30 136 85 87 143 144 14 76 170 198 43 172 202 49 8 38 2 192 109 128 57 165 126 119 148 68 3 111 23 208 98 175 157 212 207 215 44 
217 133 124 132 118 66 114 146 129 12 91 10 22 39 122 40 99 70 206 36 194 115 47 163 103 15 73 106 64 139 149 187 77 6 27 62 121 152 20 184 54 72 113 203 24 191 53 185 117 102 176 189 217 199 42 145 58 16 84 174 179 178 74 32 92 168 18 181 94 4 79 19 107 7 35 55 61 167 104 31 26 214 100 161 96 150 11 83 137 81 130 51 196 200 204 210 34 147 216 1 69 89 188 134 46 154 211 28 183 156 141 180 88 153 177 158 59 160 30 136 85 87 143 144 14 76 170 198 43 172 202 49 8 38 2 192 109 128 57 165 126 119 148 68 3 111 23 208 98 175 157 212 207 215 44 
218 133 124 132 118 66 114 146 129 12 91 10 22 39 122 40 99 70 206 36 194 115 47 163 103 15 73 106 64 139 149 187 77 6 27 62 121 152 20 184 54 72 113 203 24 191 53 185 117 102 176 189 217 199 42 145 58 16 84 174 179 178 74 32 92 168 18 181 94 4 79 19 107 7 35 55 61 167 104 31 26 214 100 161 96 150 218 11 83 137 81 130 51 196 200 204 210 34 147 216 1 69 89 188 134 46 154 211 28 183 156 141 180 88 153 177 158 59 160 30 136 85 87 143 144 14 76 170 198 43 172 202 49 8 38 2 192 109 128 57 165 126 119 148 68 3 111 23 208 98 175 157 212 207 215 44 
219 133 124 132 118 66 114 146 129 12 91 10 22 39 122 40 99 219 70 206 36 194 115 47 163 103 15 73 106 64 139 149 187 77 6 27 62 121 152 20 184 54 72 113 203 24 191 53 185 117 102 176 189 217 199 42 145 58 16 84 174 179 178 74 32 92 168 18 181 94 4 79 19 107 7 35 55 61 167 104 31 26 214 100 161 96 150 218 11 83 137 81 130 51 196 200 204 210 34 147 216 1 69 89 188 134 46 154 211 28 183 156 141 180 88 153 177 158 59 160 30 136 85 87 143 144 14 76 170 198 43 172 202 49 8 38 2 192 109 128 57 165 126 119 148 68 3 111 23 208 98 175 157 212 207 215 44 
220 133 124 132 118 66 114 146 129 12 220 91 10 22 39 122 40 99 219 70 206 36 194 115 47 163 103 15 73 106 64 139 149 187 77 6 27 62 121 152 20 184 54 72 113 203 24 191 53 185 117 102 176 189 217 199 42 145 58 16 84 174 179 178 74 32 92 168 18 181 94 4 79 19 107 7 35 55 61 167 104 31 26 214 100 161 96 150 218 11 83 137 81 130 51 196 200 204 210 34 147 216 1 69 89 188 134 46 154 211 28 183 156 141 180 88 153 177 158 59 160 30 136 85 87 143 144 14 76 170 198 43 172 202 49 8 38 2 192 109 128 57 165 126 119 148 68 3 111 23 208 98 175 157 212 207 215 44 
221 133 124 132 118 66 114 146 129 12 220 91 10 22 39 122 40 99 219 70 206 36 194 115 47 163 103 15 73 106 64 139 149 187 77 6 27 62 121 152 20 184 54 72 113 203 24 191 53 185 117 102 176 189 199 42 145 58 16 84 174 179 178 74 32 92 168 18 181 94 4 79 19 107 7 35 55 61 167 104 31 26 214 100 161 96 150 218 11 83 137 81 130 51 196 200 204 210 34 147 216 221 1 69 89 188 134 46 154 211 28 183 156 141 180 88 153 177 158 59 160 30 136 85 87 143 144 14 76 170 198 43 172 202 49 8 38 2 192 109 128 57 165 126 119 148 68 3 111 23 208 98 175 157 212 207 215 44 
222 133 124 132 118 66 114 146 129 12 220 91 10 22 39 122 40 99 219 70 206 36 194 115 47 163 103 15 73 106 64 139 149 187 77 6 27 62 121 152 20 184 54 72 113 203 24 191 53 185 117 102 176 189 199 42 145 58 16 84 174 179 178 74 32 92 168 18 181 94 4 79 19 107 7 35 55 61 167 104 31 26 214 100 161 96 150 218 11 83 137 81 130 51 196 200 204 210 34 147 216 221 1 69 89 188 134 46 154 211 28 183 156 141 180 222 88 153 177 158 59 160 30 136 85 87 143 144 14 76 170 198 43 172 202 49 8 38 2 192 109 128 57 165 126 119 148 68 3 111 23 208 98 175 157 212 207 215 44 
223 133 124 132 118 66 114 146 129 12 220 91 10 22 39 122 40 99 219 70 206 36 194 115 47 163 103 15 73 106 64 139 149 187 77 6 27 62 121 152 20 184 54 72 113 203 24 191 53 185 117 102 176 189 199 42 145 58 16 84 174 179 178 74 32 92 168 18 181 94 4 79 19 107 7 35 55 61 167 104 31 26 214 100 161 96 150 218 223 11 83 137 81 130 51 196 200 204 210 34 147 216 221 1 69 89 188 134 46 154 211 28 183 156 141 180 222 88 153 177 158 59 160 30 136 85 87 143 144 14 76 170 198 43 172 202 49 8 38 2 192 109 128 57 165 126 119 148 68 3 111 23 208 98 175 157 212 207 215 44 
224 133 124 132 118 66 114 146 129 12 220 91 10 22 39 122 40 99 219 70 206 36 194 115 47 163 103 15 73 106 64 139 149 187 77 6 27 62 121 152 20 184 54 72 113 203 24 191 53 185 117 102 176 189 199 42 145 58 16 84 174 179 224 178 74 32 92 168 18 181 94 4 79 19 107 7 35 55 61 167 104 31 26 214 100 161 96 150 218 223 11 83 137 81 130 51 196 200 204 210 34 147 216 221 1 69 89 188 134 46 154 211 28 183 156 141 180 222 88 153 177 158 59 160 30 136 85 87 143 144 14 76 170 198 43 172 202 49 8 38 2 192 109 128 57 165 126 119 148 68 3 111 23 208 98 175 157 212 207 215 44 
225 133 124 132 118 66 114 146 129 12 220 91 10 22 39 122 40 99 219 70 206 36 194 115 47 163 103 15 73 106 64 139 149 187 77 6 27 62 121 152 20 184 54 72 113 203 24 191 53 185 117 102 176 189 199 42 145 58 16 84 174 179 225 224 178 74 32 92 168 18 181 94 4 79 19 107 7 35 55 61 167 104 31 26 214 100 161 96 150 218 223 11 83 137 81 130 51 196 200 204 210 34 147 216 1 69 89 188 134 46 154 211 28 183 156 141 180 222 88 153 177 158 59 160 30 136 85 87 143 144 14 76 170 198 43 172 202 49 8 38 2 192 109 128 57 165 126 119 148 68 3 111 23 208 98 175 157 212 207 215 44 
226 133 124 132 118 66 114 146 129 12 220 91 10 22 39 122 40 99 219 70 206 36 194 115 47 163 103 15 73 106 64 139 149 187 77 6 27 62 121 152 20 184 54 72 113 203 24 191 53 185 117 102 176 189 199 42 145 58 16 84 174 179 225 224 178 74 32 92 168 18 181 94 4 79 19 107 7 35 55 61 167 104 31 26 214 100 161 96 150 218 223 226 11 83 137 81 130 51 196 200 204 210 34 147 216 1 69 89 188 134 46 154 211 28 183 156 141 180 222 88 153 177 158 59 160 30 136 85 87 143 144 14 76 170 198 43 172 202 49 8 38 2 192 109 128 57 165 126 119 148 68 3 111 23 208 98 175 157 212 207 215 44 
227 133 124 132 118 66 114 146 129 12 220 91 10 22 39 122 40 99 219 70 206 36 194 115 47 163 103 15 73 106 64 139 149 187 77 6 27 62 121 152 20 184 54 72 113 203 24 191 53 185 117 102 176 189 199 42 145 58 16 84 174 179 225 224 178 74 32 92 168 18 181 94 4 79 19 107 7 35 55 61 167 104 31 26 214 100 161 96 150 218 223 226 11 83 137 81 130 51 196 200 204 210 34 147 216 1 69 89 188 134 46 154 211 28 183 156 141 180 222 88 153 177 158 59 160 30 136 85 227 87 143 144 14 76 170 198 43 172 202 49 8 38 2 192 109 128 57 165 126 119 148 68 3 111 23 208 98 175 157 212 207 215 44 
228 133 124 132 118 66 114 146 129 12 220 91 10 22 39 122 40 99 219 70 206 36 194 115 47 163 103 15 73 106 64 139 149 187 77 6 27 62 121 152 20 184 54 72 113 203 24 191 53 185 117 102 176 189 199 42 145 58 16 84 174 179 224 178 74 32 92 168 18 181 94 4 79 19 107 7 35 55 61 167 104 31 26 214 100 161 96 150 218 223 226 11 83 137 81 130 51 196 200 204 210 34 147 216 1 69 89 188 134 46 154 211 28 183 156 141 180 222 88 153 177 158 59 160 30 136 85 227 87 143 144 14 76 170 198 43 172 202 49 8 38 2 192 109 128 57 165 126 228 119 148 68 3 111 23 208 98 175 157 212 207 215 44 
229 133 124 132 118 66 114 146 129 12 220 91 10 22 39 122 40 99 219 70 206 36 194 115 47 163 103 15 73 106 64 139 149 187 77 6 27 62 121 152 20 184 54 72 113 203 24 191 53 185 117 102 176 189 199 42 145 58 16 84 174 179 224 178 74 32 92 168 18 181 94 4 79 19 107 7 35 55 61 167 104 31 26 214 100 161 96 150 218 223 226 11 83 137 81 130 51 196 200 204 210 34 147 216 1 69 89 188 134 46 154 211 28 183 156 141 180 222 88 153 177 158 59 160 30 136 85 227 87 143 144 14 76 170 198 43 172 202 49 8 38 2 192 109 128 57 165 126 228 119 148 68 3 111 229 23 208 98 175 157 212 207 215 44 
230 133 124 132 118 66 114 146 129 12 220 91 10 22 39 122 40 99 219 70 206 36 194 115 47 163 103 15 73 106 64 139 149 187 77 6 27 62 121 152 20 184 54 72 113 203 24 191 53 185 117 102 176 189 199 42 145 58 16 84 174 179 224 178 74 32 92 168 18 181 94 4 79 19 107 7 35 55 61 167 104 31 26 214 100 161 96 150 218 223 226 11 83 137 81 130 51 196 200 204 210 34 147 216 1 69 89 188 134 46 154 211 28 183 156 141 180 222 88 153 177 158 59 160 30 136 85 227 87 143 144 14 76 170 198 43 172 202 49 8 38 2 192 109 128 57 165 126 228 119 148 68 3 230 111 229 23 208 98 175 157 212 207 215 44 
231 133 124 132 118 66 114 146 129 12 220 91 10 22 39 122 40 99 219 70 206 36 194 115 47 163 103 15 73 106 64 139 149 187 77 6 27 62 121 152 20 184 54 72 113 203 24 191 53 185 117 102 176 189 199 42 145 58 16 84 174 179 224 178 74 32 92 168 18 181 94 4 79 19 107 7 35 55 61 167 104 231 31 26 214 100 161 96 150 218 223 226 11 83 137 81 130 51 196 200 204 210 34 147 216 1 69 89 188 134 46 154 211 28 183 156 141 180 222 88 153 177 158 59 160 30 136 85 227 87 143 144 14 76 170 198 43 172 202 49 8 38 2 192 109 128 57 165 126 228 119 148 68 3 230 111 229 23 208 98 175 157 212 207 215 44 
232 133 124 132 118 66 114 146 129 12 220 91 10 22 39 122 40 99 219 70 206 36 194 115 47 163 103 15 73 106 64 139 149 187 77 6 27 62 121 152 20 184 54 72 113 203 24 191 53 185 117 102 176 189 199 42 145 58 16 84 174 179 224 178 74 32 92 168 18 181 94 4 79 19 107 7 35 55 61 167 104 231 31 26 214 100 161 96 150 218 223 226 11 83 137 81 130 51 196 200 204 210 34 147 216 1 69 89 188 134 46 154 211 28 183 156 141 180 222 88 153 177 158 59 160 30 136 85 227 87 143 144 14 76 170 198 43 172 202 49 8 38 2 192 109 128 57 165 126 119 148 68 3 230 111 229 23 208 98 232 175 157 212 207 215 44 
233 133 124 132 118 66 114 146 129 12 220 91 10 22 39 122 40 99 219 70 206 36 194 115 47 163 103 15 73 106 64 139 149 187 77 6 27 62 121 152 20 184 54 72 113 203 24 191 53 185 117 102 176 189 199 42 145 58 16 84 174 179 224 178 74 32 92 168 18 181 94 4 79 19 107 7 35 55 61 233 167 104 231 31 26 214 100 161 96 150 218 223 226 11 83 137 81 130 51 196 200 204 210 34 147 216 1 69 89 188 134 46 154 211 28 183 156 141 180 222 88 153 177 158 59 160 30 136 85 227 87 143 144 14 76 170 198 43 172 202 49 8 38 2 192 109 128 57 165 126 119 148 68 3 230 111 229 23 208 98 232 175 157 212 207 215 44 
234 133 124 132 118 66 114 146 129 12 220 91 10 22 39 122 40 99 219 70 206 36 194 115 47 163 103 15 73 106 64 139 149 187 77 6 27 62 121 152 20 184 54 72 113 203 24 191 53 185 117 102 176 189 199 42 145 58 16 84 174 179 224 178 74 32 92 168 18 181 94 4 79 19 107 7 35 55 61 233 167 104 231 31 26 214 100 161 96 150 218 223 226 11 83 137 81 130 51 196 200 204 210 34 147 216 1 69 89 188 134 46 154 211 28 183 156 141 180 222 88 153 177 158 59 160 30 136 85 227 87 143 144 14 76 170 198 43 172 202 49 8 38 2 192 109 128 57 234 165 126 119 148 68 3 230 111 229 23 208 98 232 175 157 212 207 215 44 
235 133 124 132 118 66 114 146 129 12 220 91 10 22 39 122 40 99 219 70 206 36 194 115 47 163 103 15 73 106 64 139 149 187 77 6 27 62 121 152 20 184 54 72 113 203 235 24 191 53 185 117 102 176 189 199 42 145 58 16 84 174 179 224 178 74 32 92 168 18 181 94 4 79 19 107 7 35 55 61 233 167 104 231 31 26 214 100 161 96 150 218 223 226 11 83 137 81 130 51 196 200 204 210 34 147 216 1 69 89 188 134 46 154 211 28 183 156 141 180 222 88 153 177 158 59 160 30 136 85 227 87 143 144 14 76 170 198 43 172 202 49 8 38 2 192 109 128 57 234 165 126 119 148 68 3 230 111 229 23 208 98 232 175 157 212 207 215 44 
236 133 124 132 118 66 114 146 129 12 220 91 10 22 39 122 40 99 219 70 206 36 194 115 47 163 103 15 73 106 64 139 149 187 77 6 27 236 62 121 152 20 184 54 72 113 203 235 24 191 53 185 117 102 176 189 199 42 145 58 16 84 174 179 224 178 74 32 92 168 18 181 94 4 79 19 107 7 35 55 61 233 167 104 231 31 26 214 100 161 96 150 218 223 226 11 83 137 81 130 51 196 200 204 210 34 147 216 1 69 89 188 134 46 154 211 28 183 156 141 180 222 88 153 177 158 59 160 30 136 85 227 87 143 144 14 76 170 198 43 172 202 49 8 38 2 192 109 128 57 234 165 126 119 148 68 3 230 111 229 23 208 98 175 157 212 207 215 44 
237 133 124 132 118 66 114 146 129 12 220 91 10 22 39 122 40 99 219 70 206 36 194 115 47 163 103 15 73 106 64 139 149 187 77 6 27 236 62 121 152 20 184 54 72 113 203 235 24 191 53 185 117 102 176 189 199 42 145 58 16 84 174 179 224 178 74 32 92 168 18 181 94 4 79 19 107 7 35 55 61 233 167 104 231 31 26 214 100 161 96 150 218 223 226 11 83 137 81 130 51 196 200 204 210 34 147 216 1 69 89 188 134 46 154 211 28 183 156 141 180 222 88 153 177 158 59 160 30 136 85 227 87 143 144 14 76 170 198 43 172 202 49 8 38 2 192 109 128 57 234 165 126 119 148 68 3 230 111 229 23 208 98 175 157 212 207 215 44 
