1 1 
2 2 1 
3 2 1 
4 2 1 
5 2 5 1 
6 2 6 5 1 
7 2 7 6 5 1 
8 2 7 6 8 5 1 
9 2 7 6 8 5 1 
10 2 7 6 8 10 5 1 
11 2 7 6 8 10 5 1 
12 2 7 6 8 10 12 1 
13 2 7 6 8 10 12 1 
14 2 7 6 8 10 14 5 1 
15 2 7 6 8 10 14 5 1 
16 16 2 7 6 8 10 14 1 
17 16 2 7 6 8 10 14 1 
18 2 7 6 8 5 1 18 
19 2 7 6 8 5 1 18 
20 2 7 6 8 20 1 18 
21 2 7 6 8 20 1 18 
22 22 2 7 6 8 5 1 18 
23 22 2 7 6 8 5 1 18 
24 22 2 7 6 8 24 1 18 
25 22 2 7 6 8 24 1 18 
26 2 7 6 8 26 5 1 
27 2 7 6 8 26 5 1 
28 2 7 6 8 26 28 1 
29 2 7 6 8 26 28 1 
30 30 2 7 6 8 26 5 1 
31 30 2 7 6 8 26 5 1 
32 30 2 32 7 6 8 26 1 
33 30 2 32 7 6 8 26 1 
34 2 7 6 8 5 1 34 
35 2 7 6 8 5 1 34 
36 2 7 6 8 1 34 36 
37 2 7 6 8 1 34 36 
38 2 7 6 8 38 5 1 34 
39 2 7 6 8 38 5 1 34 
40 2 7 6 8 38 40 1 34 
41 2 7 6 8 38 40 1 34 
42 22 32 10 26 38 24 28 5 1 36 16 30 2 7 6 8 14 20 12 40 34 18 
43 22 32 10 26 38 24 28 5 1 36 16 30 43 2 7 6 8 14 20 12 40 34 18 
44 22 32 10 26 38 24 28 5 1 36 16 30 43 2 7 6 8 14 20 12 40 34 18 
45 22 32 10 26 38 24 28 5 1 36 16 30 43 2 7 6 8 14 20 12 40 34 18 
46 22 32 10 26 38 24 28 5 1 36 16 30 2 7 6 8 14 20 12 40 34 18 
