1 1 
2 2 1 
3 2 1 3 
4 4 2 1 3 
5 5 4 2 1 3 
6 5 6 4 2 1 3 
7 5 7 6 4 2 1 3 
8 5 8 7 6 4 2 1 3 
9 5 8 7 6 4 2 1 3 9 
10 5 8 7 6 4 2 1 3 9 
11 5 8 7 6 4 2 1 3 9 
12 5 8 7 6 4 2 12 1 3 9 
13 5 8 7 6 4 2 12 1 3 9 
14 5 8 7 6 4 14 2 12 1 3 9 
15 5 8 7 6 4 14 2 12 1 3 9 
16 5 8 7 16 6 4 2 1 3 9 
17 5 8 7 16 6 4 2 1 3 9 
18 5 8 7 16 6 4 2 1 3 9 
19 5 8 7 16 19 6 4 2 1 3 9 
20 5 20 19 6 14 1 8 7 16 4 2 12 3 9 
21 5 20 19 6 14 1 8 7 16 4 2 12 3 9 
22 5 20 19 6 14 1 22 8 7 16 4 2 12 3 9 
23 5 20 19 6 14 1 22 8 7 16 4 2 12 3 9 
24 5 20 19 6 14 1 22 8 7 16 4 2 12 3 9 
25 5 20 19 6 14 1 22 8 7 16 4 2 12 3 9 
26 5 20 19 6 14 1 22 26 8 7 16 4 2 12 3 9 
27 5 20 19 6 14 1 22 26 8 7 16 4 2 12 3 9 
28 5 20 19 6 14 28 1 22 8 7 16 4 2 12 3 9 
29 5 20 19 6 14 28 1 22 8 7 16 4 2 12 3 9 
30 5 20 19 6 14 28 1 22 8 7 16 30 4 2 12 3 9 
31 5 20 19 6 14 28 1 22 26 8 7 16 30 4 2 12 3 9 
32 5 20 19 6 14 28 1 22 26 8 7 16 30 4 2 12 3 9 
33 5 20 19 33 6 14 28 1 22 26 8 7 16 30 4 2 12 3 9 
34 5 20 19 33 6 14 28 1 22 26 8 7 16 30 4 2 12 3 9 
35 5 20 19 33 6 14 28 1 22 26 8 7 16 30 4 2 12 3 9 
36 5 20 19 33 6 14 28 1 36 22 26 8 7 16 30 4 2 12 3 9 
37 5 20 19 33 6 14 28 1 36 22 26 8 7 16 30 4 2 12 3 9 
38 5 20 19 33 6 14 28 1 36 22 26 8 7 16 30 4 2 12 3 9 
39 5 20 19 33 6 14 28 1 36 22 26 8 7 16 30 4 39 2 12 3 9 
40 5 20 19 33 6 14 28 1 36 22 26 8 7 16 30 40 4 39 2 12 3 9 
41 5 20 19 33 6 14 28 1 36 22 26 8 7 16 30 40 4 39 2 12 3 9 
42 5 20 19 33 6 14 28 1 36 22 26 42 8 7 16 30 40 4 39 2 12 3 9 
43 5 20 19 33 6 14 28 1 36 22 26 42 8 7 16 30 40 4 39 2 12 3 9 
44 5 20 19 33 6 14 28 1 36 22 26 42 8 7 16 30 40 4 39 2 12 3 9 
