1 1 
2 2 1 
3 2 1 3 
4 2 1 4 3 
5 2 5 1 4 3 
6 2 5 6 1 4 3 
7 7 2 5 6 1 4 3 
8 7 2 5 6 1 4 3 
9 7 2 9 5 6 1 4 3 
10 7 2 9 5 10 6 1 4 3 
11 7 2 9 5 10 6 1 4 11 3 
12 7 2 9 5 10 6 1 4 11 12 3 
13 13 7 2 9 5 10 6 1 4 11 12 3 
14 13 7 2 9 5 10 6 1 4 11 12 3 
15 7 4 3 13 15 2 9 5 10 6 1 11 12 
16 7 4 3 13 15 2 9 5 10 16 6 1 11 12 
17 17 7 4 3 13 15 2 9 5 10 16 6 1 11 12 
18 17 7 4 3 13 18 15 2 9 5 10 16 6 1 11 12 
19 17 7 4 3 13 18 15 2 9 5 10 16 6 1 19 11 12 
20 17 7 4 3 13 18 15 2 9 5 10 16 6 1 19 11 12 
21 17 7 21 4 3 13 18 15 2 9 5 10 16 6 1 19 11 12 
22 17 7 21 22 4 3 13 18 15 2 9 5 10 16 6 1 19 11 12 
23 17 7 21 22 4 3 13 23 18 15 2 9 5 10 16 6 1 19 11 12 
24 17 7 21 22 4 24 3 13 23 18 15 2 9 5 10 16 6 1 19 11 12 
25 17 7 21 22 4 24 3 25 13 23 18 15 2 9 5 10 16 6 1 19 11 12 
26 17 7 21 22 4 24 3 25 13 23 18 15 2 9 5 10 16 6 1 19 11 12 
27 17 7 21 22 4 24 3 25 13 23 18 15 2 9 5 10 16 6 1 19 11 12 
28 17 7 21 22 4 24 3 25 13 23 18 15 2 9 5 10 16 6 1 19 11 12 
