1 1 
2 1 2 
3 1 2 
4 4 1 2 
5 4 1 2 5 
6 4 6 1 2 5 
7 4 7 6 1 2 5 
8 4 7 6 1 2 11 14 10 13 5 
9 4 7 6 1 2 11 14 10 13 5 
10 4 7 6 1 2 11 14 13 10 5 
11 4 7 6 1 2 14 11 10 13 5 
12 4 7 6 1 2 11 14 10 13 5 
13 7 6 1 2 11 14 10 13 5 
14 4 6 1 2 11 14 10 13 5 
15 4 6 1 2 11 14 10 13 5 
16 4 7 6 1 2 11 14 10 13 5 
17 4 7 6 1 2 11 14 10 13 17 5 
18 4 7 6 1 2 11 14 10 13 17 5 
19 4 7 6 1 2 11 14 10 13 17 5 
20 4 7 6 1 2 11 14 10 13 17 5 
21 4 7 6 1 2 11 14 10 13 21 17 5 
22 4 7 6 1 2 11 14 10 13 21 17 5 
23 4 7 6 1 2 11 14 10 13 21 17 5 
24 2 11 14 13 21 17 4 7 6 1 10 24 5 
25 2 11 14 13 21 17 4 7 6 1 24 10 5 
26 2 11 14 13 21 17 4 7 6 1 24 10 5 
27 2 11 14 13 21 17 4 7 6 1 24 10 5 
28 2 11 14 13 21 17 4 7 6 1 24 10 5 
