1 1 
2 1 2 
3 3 1 2 
4 4 3 1 2 
5 4 3 1 5 2 
6 4 3 1 5 2 6 
7 4 3 1 5 2 6 
8 4 3 1 5 2 6 
9 4 3 1 5 2 6 9 
10 4 3 1 5 2 6 9 
11 4 3 1 5 2 6 11 9 
12 4 3 12 1 5 2 6 11 9 
13 4 3 12 1 5 2 6 11 9 
14 4 3 12 1 5 2 6 11 9 14 
15 4 15 3 12 1 5 2 6 11 9 14 
16 4 15 3 12 1 16 5 2 6 11 9 14 
17 4 17 15 3 12 16 5 2 6 11 1 9 14 
18 4 17 15 3 12 16 5 2 6 11 1 9 14 
19 4 17 15 3 12 19 16 5 2 6 11 1 9 14 
20 4 17 15 3 12 19 16 5 2 6 11 1 9 14 
21 4 17 15 3 12 19 16 21 2 6 11 1 9 14 
22 4 17 15 3 12 19 16 5 21 2 6 11 1 22 9 14 
23 4 17 15 3 12 19 16 5 21 2 6 11 1 22 9 14 
24 24 4 17 15 3 12 19 16 5 21 2 6 11 1 22 9 14 
25 24 33 4 17 25 15 30 3 21 2 11 31 39 36 26 34 9 41 28 12 19 16 5 6 29 38 1 22 14 
26 24 33 4 17 25 15 30 3 21 2 11 31 39 36 34 26 9 41 28 12 19 16 5 6 29 38 1 22 14 
27 24 33 4 17 25 15 30 3 21 2 11 31 39 36 26 34 9 41 28 12 19 16 5 6 29 38 1 22 14 
28 24 33 4 17 25 15 30 3 21 2 11 31 39 36 26 34 9 41 28 12 19 16 5 6 29 38 1 22 14 
29 24 33 4 17 25 15 30 3 21 2 11 31 39 36 26 34 9 41 28 12 19 16 5 6 29 38 1 22 14 
30 24 33 4 17 25 15 30 3 21 2 11 31 39 36 26 34 9 41 28 12 19 16 5 6 29 38 1 22 14 
31 24 33 4 17 25 15 30 3 21 2 11 39 31 26 34 9 41 28 12 19 16 5 6 29 38 1 22 14 
32 24 33 4 17 25 15 30 3 21 2 11 31 39 26 34 9 41 28 12 19 16 5 6 29 38 1 22 14 
33 24 33 4 17 25 15 30 3 21 2 11 31 39 26 34 9 41 28 12 19 16 5 6 29 38 1 22 14 
34 24 33 4 17 25 15 30 3 21 2 11 31 39 26 34 9 41 28 12 19 16 5 6 29 38 1 22 14 
35 24 33 4 17 25 15 30 3 21 2 11 31 39 26 34 9 41 28 12 19 16 5 6 29 38 1 22 14 
36 24 33 4 17 25 15 30 3 21 2 11 39 36 26 34 9 41 28 12 19 16 5 6 29 38 1 22 14 
37 24 33 4 17 25 15 30 3 21 2 11 39 36 26 34 9 41 28 12 19 16 5 6 29 38 1 22 14 
38 24 33 4 17 25 15 30 3 21 2 11 31 39 36 26 34 9 41 28 12 19 16 5 6 29 38 1 22 14 
39 24 33 4 17 25 15 30 3 21 2 11 31 39 36 26 34 9 41 28 12 19 16 5 6 29 38 1 22 14 
40 24 33 4 17 25 15 30 3 21 2 11 31 39 36 26 34 9 41 28 12 19 16 5 6 29 38 1 22 14 
41 33 4 17 25 15 30 3 21 2 11 31 39 36 26 34 9 41 28 12 19 16 5 6 29 38 1 22 14 
42 33 4 17 25 15 30 3 21 2 11 31 39 36 26 34 9 41 28 12 19 16 5 6 29 38 1 22 14 
43 24 33 4 17 25 15 30 3 21 2 11 31 39 36 26 34 9 41 28 12 19 16 5 6 29 38 1 22 14 
44 24 33 4 17 25 15 30 3 21 2 11 31 39 36 26 34 9 41 28 12 19 16 5 6 29 38 1 22 14 
45 24 33 4 17 25 15 30 3 21 2 11 31 39 36 26 34 9 41 28 12 19 16 5 6 29 38 1 22 14 
