1 1 
2 1 2 
3 1 2 
4 1 2 
5 1 5 2 
6 1 5 2 
7 1 5 2 
8 1 5 8 2 
9 9 1 5 8 2 
10 9 10 1 5 8 2 
11 9 10 1 5 8 2 11 
12 9 10 1 5 8 2 11 
13 9 10 1 5 8 2 11 
14 14 9 10 1 5 8 2 11 
15 14 9 10 1 5 8 2 11 15 
16 14 9 10 1 5 8 16 2 11 15 
17 14 9 10 1 5 8 16 2 11 15 
18 14 9 10 1 5 8 16 2 11 15 
19 14 9 10 1 5 8 16 19 2 11 15 
20 14 20 9 10 1 5 8 16 19 2 11 15 
21 14 20 10 1 5 8 16 11 9 21 19 2 15 
22 14 20 10 1 5 8 16 11 9 21 19 2 15 
23 14 20 10 1 5 8 16 11 9 21 19 2 15 
24 14 24 20 10 1 5 8 16 11 9 21 19 2 15 
25 14 24 20 10 1 5 25 8 16 11 9 21 19 2 15 
26 14 24 20 10 1 5 25 8 16 11 9 26 21 19 2 15 
27 14 24 20 10 1 5 25 8 16 11 9 26 21 19 2 15 
28 14 24 20 10 1 5 25 8 16 11 9 26 21 19 2 15 
29 14 24 29 20 10 1 5 25 8 16 11 9 26 21 19 2 15 
30 14 24 29 20 10 30 1 5 25 8 16 11 9 26 21 19 2 15 
31 14 24 29 20 10 30 1 5 25 8 16 31 11 9 26 21 19 2 15 
32 14 24 29 20 10 30 1 5 25 8 16 31 11 9 26 21 19 2 15 
33 14 24 29 20 10 30 1 5 25 8 16 31 11 9 26 21 19 2 15 
34 14 24 29 20 10 30 1 5 25 8 16 31 11 9 26 34 21 19 2 15 
35 14 24 29 20 10 30 1 5 25 8 16 31 11 35 9 26 34 21 19 2 15 
36 14 24 29 20 10 30 1 5 25 8 16 31 11 35 9 36 26 34 21 19 2 15 
37 14 24 29 20 10 30 1 5 25 8 16 31 11 35 9 36 26 34 21 19 2 15 
38 14 24 29 20 10 30 1 5 25 8 16 31 11 35 9 36 26 34 21 19 2 15 
39 14 24 29 20 10 30 39 1 5 25 8 16 31 11 35 9 36 26 34 21 19 2 15 
40 14 24 29 20 10 30 39 1 5 25 8 16 31 11 35 9 36 26 34 21 40 19 2 15 
41 14 39 5 25 16 35 26 34 19 2 15 24 29 20 10 30 1 8 31 11 41 9 36 21 40 
42 14 39 5 25 16 35 26 34 19 2 15 24 29 20 10 30 1 8 31 11 41 9 36 21 40 
43 14 39 5 25 16 35 26 34 19 2 15 24 29 20 10 30 1 8 31 11 41 9 36 21 40 
44 14 39 5 25 16 35 26 34 19 2 15 24 29 20 10 30 1 8 31 11 41 9 36 21 40 44 
45 14 39 5 25 16 35 26 34 19 2 15 24 29 20 45 10 30 1 8 31 11 41 9 36 21 40 44 
46 14 39 5 25 16 35 26 34 19 2 15 24 29 20 45 10 30 1 46 8 31 11 41 9 36 21 40 44 
47 14 39 5 25 16 35 26 34 19 2 15 24 29 20 45 10 30 1 46 8 31 11 41 9 36 21 40 44 
48 14 39 5 25 16 35 26 34 19 2 15 24 29 20 45 10 30 1 46 8 31 11 41 9 36 21 40 44 
49 14 39 5 25 16 35 26 34 19 2 15 24 29 20 45 10 30 1 46 8 31 11 41 9 36 21 40 44 
