1 1 
2 1 2 
3 1 2 
4 4 1 2 
5 16 7 10 5 12 1 17 11 8 4 2 9 15 
6 16 7 10 5 12 1 17 11 8 4 2 9 15 
7 16 7 10 5 12 1 17 11 8 4 2 9 15 
8 16 7 10 5 12 1 17 11 8 4 2 9 15 
9 16 7 10 5 12 1 17 11 8 4 2 9 15 
10 16 7 10 5 12 1 17 11 8 4 2 9 15 
11 16 7 10 5 12 1 17 11 8 4 2 9 15 
12 16 7 10 5 12 1 17 11 8 4 2 9 15 
13 16 7 10 5 12 1 17 11 8 4 2 9 15 
14 16 7 10 5 12 1 17 11 8 4 2 9 15 
15 16 7 10 5 12 1 17 11 8 4 2 9 15 
16 16 7 10 5 12 1 17 11 8 4 2 9 15 
17 16 17 11 7 8 10 5 12 1 2 9 15 
18 16 17 11 7 8 10 5 12 1 2 9 15 
19 16 7 10 5 12 1 17 11 8 4 2 9 15 
