1 1 
2 2 1 
3 2 1 3 
4 2 1 4 3 
5 5 2 1 4 3 
6 5 2 1 4 3 
7 5 2 1 4 3 
8 5 2 8 1 4 3 
9 5 2 8 1 4 3 
10 5 2 8 1 4 3 10 
11 11 5 2 8 1 4 3 10 
12 11 12 5 2 8 1 4 3 10 
13 11 12 13 5 2 8 1 4 3 10 
14 11 12 13 5 2 8 14 1 4 3 10 
15 11 12 13 5 2 8 14 1 4 3 10 15 
16 12 13 2 14 3 15 11 5 8 1 4 10 16 
17 12 13 2 14 17 3 15 11 5 8 1 4 10 16 
18 12 13 2 14 17 3 15 11 5 8 1 4 10 16 
19 12 13 2 14 17 3 15 11 5 8 1 4 10 16 
20 12 13 2 14 17 3 15 11 5 8 1 20 4 10 16 
21 12 13 2 14 17 3 15 11 5 8 21 1 20 4 10 16 
22 12 13 2 14 17 3 15 11 5 8 21 1 20 4 10 16 
23 12 13 2 14 17 3 23 15 11 5 8 21 1 20 4 10 16 
24 12 13 2 14 17 3 23 15 11 5 8 21 24 1 20 4 10 16 
25 12 13 2 14 17 3 23 15 11 5 8 21 24 1 20 4 10 25 16 
26 12 13 2 14 17 3 23 15 11 5 8 21 24 1 20 4 10 25 16 
27 12 13 2 14 17 3 23 15 11 5 8 21 24 1 20 4 10 25 16 
28 12 13 2 14 17 3 23 15 11 5 8 21 24 1 20 4 10 25 16 
29 12 13 2 14 17 3 23 15 11 5 8 21 29 24 1 20 4 10 25 16 
30 12 13 2 14 17 3 23 15 30 11 5 8 21 29 24 1 20 4 10 25 16 
31 12 13 2 14 17 3 23 15 30 11 5 8 21 29 31 24 1 20 4 10 25 16 
32 12 13 2 14 17 3 23 15 30 11 5 8 21 29 31 24 1 20 4 10 25 16 
33 12 13 2 14 17 3 23 15 30 11 5 8 21 29 31 24 1 20 4 10 25 16 
34 12 13 2 14 17 3 23 15 30 11 5 8 21 29 31 24 1 20 4 10 25 16 
35 12 13 2 14 17 3 23 15 30 11 5 8 21 29 35 31 24 1 20 4 10 25 16 
36 12 13 2 14 17 3 23 36 15 30 11 5 8 21 29 35 31 24 1 20 4 10 25 16 
37 13 2 14 17 11 31 24 1 4 10 25 12 37 3 23 36 15 30 5 8 21 29 35 20 16 
38 13 2 14 17 11 31 24 1 4 10 25 12 37 3 23 36 15 30 5 8 21 29 35 20 16 
39 13 2 14 17 11 31 24 1 4 10 25 12 37 3 23 36 15 30 5 8 21 29 35 20 16 
40 13 2 14 17 11 31 24 1 4 10 25 12 37 3 23 36 15 30 5 8 21 29 35 20 16 
41 13 2 14 17 11 31 24 1 4 10 25 12 41 37 3 23 36 15 30 5 8 21 29 35 20 16 
42 13 2 14 17 11 31 24 1 42 4 10 25 12 41 37 3 23 36 15 30 5 8 21 29 35 20 16 
43 13 2 14 17 43 11 31 24 1 42 4 10 25 12 41 37 3 23 36 15 30 5 8 21 29 35 20 16 
44 13 2 14 17 43 11 31 24 1 42 4 10 25 12 41 37 3 23 36 15 30 5 8 21 29 35 20 16 
45 13 2 14 17 43 11 31 24 1 42 4 10 25 12 41 37 3 23 36 15 30 5 8 21 29 35 20 16 
46 13 2 14 17 43 11 31 24 1 42 4 10 25 12 41 37 3 23 36 15 30 5 8 21 29 35 20 16 
47 13 2 14 17 43 11 31 24 1 42 4 10 25 12 41 47 37 3 23 36 15 30 5 8 21 29 35 20 16 
48 13 2 48 14 17 43 11 31 24 1 42 4 10 25 12 41 47 37 3 23 36 15 30 5 8 21 29 35 20 16 
49 13 2 48 14 17 43 11 31 24 1 42 4 10 25 12 41 47 37 3 23 49 36 15 30 5 8 21 29 35 20 16 
50 13 2 48 14 17 43 11 31 24 1 42 4 10 25 12 41 47 37 3 23 49 36 15 30 5 8 21 29 35 20 16 
51 13 51 2 48 14 17 43 11 31 24 1 42 4 10 25 12 41 47 37 3 23 49 36 15 30 5 8 21 29 35 20 16 
52 13 51 2 48 14 17 43 11 31 24 1 42 4 10 25 12 41 47 37 3 23 49 36 15 30 5 8 21 29 35 20 16 
