1 1 
2 1 2 
3 3 1 2 
4 4 3 1 2 
5 4 3 1 2 5 
6 4 6 3 1 2 5 
7 4 6 7 3 1 2 5 
8 4 6 7 3 1 2 5 8 
9 4 6 7 9 3 1 2 5 8 
10 4 6 7 9 3 1 2 10 5 8 
11 4 6 7 11 9 3 1 2 10 5 8 
12 4 12 6 7 11 9 3 1 2 10 5 8 
13 4 12 6 11 2 10 5 8 7 9 3 1 13 
14 4 12 6 11 2 10 14 5 8 7 9 3 1 13 
15 4 12 6 11 2 10 14 5 8 7 9 3 1 13 
16 4 12 6 11 2 10 14 5 8 7 9 3 1 13 16 
17 4 12 6 11 2 17 10 14 5 8 7 9 3 1 13 16 
18 4 12 6 11 2 17 10 14 5 8 7 9 3 18 1 13 16 
19 4 12 6 11 19 2 17 10 14 5 8 7 9 3 18 1 13 16 
20 4 12 6 11 19 2 17 10 14 20 5 8 7 9 3 18 1 13 16 
21 4 12 6 11 19 2 17 10 14 20 5 8 21 7 9 3 18 1 13 16 
22 4 12 6 11 19 2 17 10 14 20 5 8 21 7 9 3 18 1 13 16 
23 4 12 6 11 19 2 17 10 14 20 5 8 21 7 23 9 3 18 1 13 16 
24 4 24 12 6 11 19 2 17 10 14 20 5 8 21 7 23 9 3 18 1 13 16 
25 4 24 12 6 11 19 2 17 10 14 20 25 5 8 21 7 23 9 3 18 1 13 16 
26 4 24 12 6 11 19 26 2 17 10 14 20 25 5 8 21 7 23 9 3 18 1 13 16 
27 6 11 26 27 2 10 5 8 21 7 23 9 4 24 12 19 17 14 20 25 3 18 1 13 16 
28 6 11 26 27 2 10 5 8 21 7 23 9 4 24 12 19 17 28 14 20 25 3 18 1 13 16 
29 6 11 26 27 2 10 5 8 21 7 23 9 4 24 12 19 17 28 14 20 25 29 3 18 1 13 16 
30 6 11 26 27 2 10 5 8 21 7 23 9 4 24 12 19 17 28 14 20 25 29 3 18 1 13 16 
31 6 11 26 27 2 10 5 8 31 21 7 23 9 4 24 12 19 17 28 14 20 25 29 3 18 1 13 16 
32 6 11 26 27 2 10 5 8 31 21 7 23 9 4 24 12 19 17 28 14 20 25 29 3 18 1 13 16 
33 6 11 26 27 2 10 5 8 31 21 7 23 9 4 24 12 19 17 28 14 20 25 29 3 18 1 13 16 
34 6 11 26 27 2 10 5 8 31 21 7 23 9 4 24 12 19 17 28 14 20 25 34 29 3 18 1 13 16 
35 6 11 26 27 2 10 5 8 31 21 7 23 9 4 24 12 19 17 28 14 20 25 34 29 3 18 1 13 16 
36 6 11 36 26 27 2 10 5 8 31 21 7 23 9 4 24 12 19 17 28 14 20 25 34 29 3 18 1 13 16 
37 6 11 36 26 27 2 10 5 8 31 21 7 23 9 4 24 12 19 17 28 14 20 25 34 29 3 18 1 13 16 
38 6 11 36 26 27 2 10 5 8 31 21 7 23 9 4 24 12 19 17 28 14 20 25 34 29 3 18 1 13 16 
39 6 11 36 26 27 2 10 5 8 31 21 7 23 9 4 24 12 19 39 17 28 14 20 25 34 29 3 18 1 13 16 
40 6 11 36 26 27 2 10 5 8 31 21 7 23 9 4 24 12 19 39 17 28 14 20 25 34 29 3 18 1 13 16 
41 6 11 36 26 27 2 10 5 8 31 21 7 23 9 4 24 12 19 39 17 28 14 20 25 41 34 29 3 18 1 13 16 
42 6 11 36 26 27 2 10 5 8 31 21 7 23 9 4 24 12 19 39 17 28 14 20 25 41 34 29 3 18 1 13 16 
43 6 11 36 26 27 2 10 5 8 31 21 7 23 9 43 4 24 12 19 39 17 28 14 20 25 41 34 29 3 18 1 13 16 
44 6 11 36 26 27 2 10 5 8 31 21 7 23 9 43 4 24 12 19 39 17 28 14 20 25 41 34 29 3 18 1 13 16 
45 6 11 36 26 27 2 10 5 8 31 21 7 23 9 43 4 24 12 19 45 39 17 28 14 20 25 41 34 29 3 18 1 13 16 
46 6 11 36 26 27 2 10 5 8 31 21 7 23 9 43 4 24 12 19 45 39 17 28 14 20 25 41 34 29 3 18 1 13 16 
47 6 11 36 26 27 2 10 5 8 31 21 7 23 9 43 4 24 12 19 45 39 17 28 14 20 25 41 34 29 3 18 1 13 16 
48 6 11 36 26 27 2 10 5 8 31 21 7 23 9 43 48 4 24 12 19 45 39 17 28 14 20 25 41 34 29 3 18 1 13 16 
49 6 11 36 26 27 2 10 5 8 31 21 7 23 9 43 48 4 24 12 19 45 39 17 28 14 20 25 41 34 29 3 18 1 13 16 49 
50 6 11 36 26 27 2 10 50 5 8 31 21 7 23 9 43 48 4 24 12 19 45 39 17 28 14 20 25 41 34 29 3 18 1 13 16 49 
51 6 11 36 26 27 2 10 50 5 8 31 21 7 23 9 43 48 4 24 12 19 45 39 17 28 14 20 25 51 41 34 29 3 18 1 13 16 49 
52 6 11 36 26 27 2 10 50 5 8 31 21 52 7 23 9 43 48 4 24 12 19 45 39 17 28 14 20 25 51 41 34 29 3 18 1 13 16 49 
53 6 11 36 26 27 2 10 50 5 8 31 21 52 53 7 23 9 43 48 4 24 12 19 45 39 17 28 14 20 25 51 41 34 29 3 18 1 13 16 49 
54 6 11 36 26 27 2 10 50 5 8 31 54 21 52 53 7 23 9 43 48 4 24 12 19 45 39 17 28 14 20 25 51 41 34 29 3 18 1 13 16 49 
55 6 11 36 26 27 2 10 50 5 8 31 54 21 52 53 7 23 55 9 43 48 4 24 12 19 45 39 17 28 14 20 25 51 41 34 29 3 18 1 13 16 49 
56 6 11 36 26 27 2 10 50 5 8 31 54 56 21 52 53 7 23 55 9 43 48 4 24 12 19 45 39 17 28 14 20 25 51 41 34 29 3 18 1 13 16 49 
57 6 11 36 57 26 27 2 10 50 5 8 31 54 56 21 52 53 7 23 55 9 43 48 4 24 12 19 45 39 17 28 14 20 25 51 41 34 29 3 18 1 13 16 49 
58 6 11 36 57 26 27 2 10 50 5 8 31 54 56 21 52 53 7 23 55 9 43 48 4 24 12 19 45 39 17 28 14 20 25 51 41 34 29 3 18 1 13 16 49 
59 6 11 36 57 26 27 2 10 50 5 8 31 54 56 21 52 53 7 23 55 9 43 48 4 24 12 19 45 39 17 28 14 20 25 51 41 34 29 3 18 1 13 16 49 
