1 1 
2 2 1 
3 3 2 1 
4 3 2 4 1 
5 3 2 4 1 5 
6 3 2 4 6 1 5 
7 7 3 2 4 6 1 5 
8 7 3 2 4 6 1 5 
9 9 7 3 2 4 6 1 5 
10 9 7 3 2 4 6 10 1 5 
11 9 11 7 3 2 4 6 10 1 5 
12 9 11 7 3 2 4 6 10 1 5 
13 9 11 7 3 2 4 10 1 5 13 
14 9 11 7 3 2 4 10 1 5 13 
15 7 3 2 4 15 6 1 5 
16 7 3 2 4 15 6 1 5 
17 7 3 17 2 4 15 6 1 5 
18 7 3 17 2 4 15 18 6 1 5 
19 7 3 17 2 4 15 18 19 6 1 5 
20 7 3 17 2 4 15 18 19 6 1 5 
21 21 7 3 17 2 4 15 18 19 1 5 
22 21 7 3 17 2 4 15 18 19 1 5 
23 7 3 2 4 15 23 6 1 5 
24 7 3 2 4 15 23 6 1 5 
25 25 7 3 2 4 15 23 6 1 5 
26 25 7 3 2 26 4 15 23 6 1 5 
27 25 7 3 2 26 4 15 23 6 27 1 5 
28 25 7 3 2 26 4 15 23 6 27 1 5 
29 29 25 7 3 2 26 4 15 23 27 1 5 
30 29 25 7 3 2 26 4 15 23 27 1 5 
31 31 7 3 2 4 15 23 6 1 5 
32 31 7 3 2 4 15 23 6 1 5 
33 31 7 3 2 4 15 23 6 33 1 5 
34 31 7 3 2 4 15 23 6 33 1 5 34 
35 35 15 23 6 1 34 31 7 3 2 4 33 5 
36 35 15 23 6 1 34 31 7 3 2 4 33 5 
37 35 37 15 23 1 34 31 7 3 2 4 33 5 
38 26 35 19 27 6 1 34 17 2 33 10 5 38 21 25 37 15 23 13 9 29 11 31 7 3 4 18 
39 26 35 19 27 6 1 34 17 2 33 10 5 38 21 25 37 15 23 13 9 29 11 31 7 3 4 18 
40 26 35 19 27 6 1 34 17 2 33 10 5 38 21 25 37 15 23 13 9 29 11 31 40 7 3 4 18 
41 26 35 19 27 6 1 34 17 2 33 10 5 38 21 25 37 15 23 13 9 29 11 31 40 7 3 4 18 
42 26 35 19 27 6 1 34 17 2 33 10 5 38 21 25 37 15 23 42 13 9 29 11 31 40 7 3 4 18 
43 26 35 19 27 6 1 34 17 2 43 33 10 5 38 21 25 37 15 23 42 13 9 29 11 31 40 7 3 4 18 
44 26 35 19 27 6 1 34 17 2 43 33 10 5 38 21 25 37 15 23 42 13 9 29 11 31 40 7 3 4 44 18 
45 26 35 19 27 6 1 34 17 2 43 33 10 5 38 21 25 37 15 23 42 13 9 29 11 31 40 7 3 4 44 18 45 
46 26 35 19 27 6 1 34 17 2 43 33 10 5 38 21 25 37 15 23 42 13 9 29 11 31 40 7 3 4 44 18 45 
47 26 35 19 27 6 1 34 17 2 43 33 10 5 38 21 25 37 15 23 42 13 9 29 11 31 40 7 3 4 44 18 45 
48 26 35 19 27 6 1 34 17 2 43 33 10 5 38 21 25 37 15 23 42 13 9 29 11 31 40 7 3 4 44 18 48 45 
49 26 35 19 27 6 1 34 17 2 43 33 10 5 38 21 25 37 15 23 42 13 9 29 11 31 40 7 3 4 44 18 48 45 
50 50 26 35 19 27 6 1 34 17 2 43 33 10 5 38 21 25 37 15 23 42 13 9 29 11 31 40 7 3 4 44 18 48 45 
51 50 26 35 51 19 27 6 1 34 17 2 43 33 10 5 38 21 25 37 15 23 42 13 9 29 11 31 40 7 3 4 44 18 48 45 
52 50 26 35 51 19 27 6 1 34 17 2 43 52 33 10 5 38 21 25 37 15 23 42 13 9 29 11 31 40 7 3 4 44 18 48 45 
53 50 26 35 51 19 27 6 1 34 17 2 43 52 33 10 5 38 21 25 37 15 23 42 13 9 29 11 31 40 7 3 4 44 18 48 45 
54 50 26 35 51 19 27 6 1 34 17 2 43 52 33 10 5 38 21 25 37 15 23 42 13 9 29 11 31 40 7 3 4 44 18 48 54 45 
55 50 26 35 51 19 27 6 1 34 17 2 43 52 33 10 5 38 21 25 37 15 23 42 13 9 29 11 31 40 7 3 4 44 18 48 54 45 
56 50 26 35 19 27 6 1 34 17 2 43 52 33 10 5 38 21 25 37 15 23 42 13 9 29 11 31 40 7 56 3 4 44 18 48 54 45 
57 50 26 35 19 27 6 1 34 17 2 43 52 33 10 5 38 21 25 37 15 23 42 13 9 29 11 31 40 7 56 3 4 44 18 48 54 45 
58 26 35 51 19 27 6 1 34 17 2 43 52 33 10 5 38 21 25 37 15 23 42 13 9 29 11 31 40 7 58 3 4 44 18 48 54 45 
59 50 26 35 51 19 27 6 1 34 59 17 2 43 52 33 10 5 38 21 25 37 15 23 42 13 9 29 11 31 40 7 56 58 3 4 44 18 48 54 45 
60 50 26 35 51 19 27 6 1 34 59 17 2 43 52 33 10 5 38 21 25 37 15 23 42 13 9 29 11 31 40 7 56 58 3 4 44 18 48 54 45 
61 50 26 35 51 19 27 6 1 34 61 59 17 2 43 52 33 10 5 38 21 25 37 15 23 42 13 9 29 11 31 40 7 56 58 3 4 44 18 48 54 45 
62 50 26 35 51 19 27 6 1 34 61 59 17 2 43 52 33 10 5 38 21 25 37 15 23 42 13 9 29 11 31 40 7 56 58 3 4 44 18 48 54 45 
63 63 26 35 51 19 27 6 1 34 61 59 17 2 43 52 33 10 5 38 21 25 37 15 23 42 13 9 29 11 31 40 7 56 3 4 44 18 48 54 45 
64 63 26 35 51 19 27 6 1 34 61 59 17 2 43 52 33 10 5 38 21 25 37 15 23 42 13 9 29 11 31 40 7 56 3 4 44 18 48 54 45 
65 50 26 35 19 27 6 1 34 61 59 17 2 43 52 33 10 5 38 21 25 37 15 23 42 13 9 29 11 31 40 7 58 3 65 4 44 18 48 54 45 
66 50 63 26 35 51 19 27 6 1 34 61 59 17 2 43 52 33 10 5 38 21 25 37 15 23 42 13 9 29 11 31 40 7 56 58 3 65 4 44 18 48 54 45 
67 50 63 26 35 51 19 27 6 1 34 61 59 17 67 2 43 52 33 10 5 38 21 25 37 15 23 42 13 9 29 11 31 40 7 56 58 3 65 4 44 18 48 54 45 
68 50 63 26 35 51 19 27 6 1 34 61 59 17 67 2 43 68 52 33 10 5 38 21 25 37 15 23 42 13 9 29 11 31 40 7 56 58 3 65 4 44 18 48 54 45 
69 50 63 26 35 51 19 27 6 1 34 61 59 17 67 2 43 68 52 33 10 5 38 69 21 25 37 15 23 42 13 9 29 11 31 40 7 56 58 3 65 4 44 18 48 54 45 
70 50 63 26 35 51 19 27 6 1 34 61 59 17 67 2 43 68 52 33 10 5 38 69 21 25 37 15 70 23 42 13 9 29 11 31 40 7 56 58 3 65 4 44 18 48 54 45 
71 50 63 26 35 51 19 27 6 1 34 61 59 17 67 2 43 68 52 33 10 5 38 69 21 25 37 15 70 23 42 13 9 29 11 31 40 7 56 58 3 65 4 44 18 48 54 45 
72 50 63 26 35 51 19 27 6 1 34 61 59 17 67 2 43 68 52 33 10 5 38 69 21 25 37 15 70 23 42 72 13 9 29 11 31 40 7 56 58 3 65 4 44 18 48 54 45 
73 50 63 26 35 51 19 27 6 1 34 61 59 17 67 2 43 68 52 33 10 5 38 69 21 25 37 15 70 23 42 72 13 9 29 11 31 40 7 56 58 3 65 4 44 18 48 54 45 
74 50 63 26 35 51 19 27 6 1 34 74 61 59 17 2 43 68 52 33 10 5 38 69 21 25 37 15 70 23 42 72 13 9 29 11 31 40 7 56 58 3 65 4 44 18 48 54 45 
75 50 63 26 35 51 19 27 6 1 34 74 61 59 17 2 43 52 33 10 5 38 69 21 25 37 15 70 23 42 72 13 9 29 11 31 40 75 7 56 58 3 65 4 44 18 48 54 45 
76 50 63 26 35 51 19 27 6 1 34 74 61 59 17 2 43 52 33 10 5 38 76 21 25 37 15 70 23 42 72 13 9 29 11 31 40 75 7 56 58 3 65 4 44 18 48 54 45 
77 50 63 26 35 51 19 27 6 1 34 74 61 59 17 2 43 52 33 10 5 38 76 21 25 37 15 70 23 42 72 13 9 29 11 31 40 75 7 56 58 3 65 4 44 18 48 54 45 
78 50 63 35 51 1 61 17 68 33 10 5 69 37 15 70 29 11 40 7 56 65 54 45 26 19 27 6 34 59 67 2 43 52 38 21 25 23 42 72 13 9 31 58 3 78 4 44 18 48 
79 50 63 35 51 1 61 17 68 33 10 5 69 37 15 70 29 11 40 7 56 65 54 45 26 19 27 6 34 59 67 2 43 52 38 21 25 23 42 72 13 9 31 58 3 78 4 44 18 48 
80 50 63 35 51 1 61 17 80 68 33 10 5 69 37 15 70 29 11 40 7 56 65 54 45 26 19 27 6 34 59 67 2 43 52 38 21 25 23 42 72 13 9 31 58 3 78 4 44 18 48 
81 50 63 35 51 1 61 17 80 68 33 10 5 69 37 15 70 29 11 40 7 56 65 54 45 26 19 27 6 34 59 67 2 43 52 38 21 25 23 42 72 13 9 31 58 3 78 4 44 18 48 
82 50 63 35 51 1 61 17 80 68 33 10 5 69 37 15 70 82 29 11 40 7 56 65 54 45 26 19 27 6 34 59 2 43 52 38 21 25 23 42 72 13 9 31 58 3 78 4 44 18 48 
83 50 63 35 51 1 61 17 80 33 10 5 69 37 15 70 82 29 11 40 7 56 65 54 45 26 19 27 6 34 59 2 43 52 83 38 21 25 23 42 72 13 9 31 58 3 78 4 44 18 48 
84 50 63 35 51 1 61 17 80 33 10 5 84 37 15 70 82 29 11 40 7 56 65 54 45 26 19 27 6 34 59 2 43 52 83 38 21 25 23 42 72 13 9 31 58 3 78 4 44 18 48 
85 50 63 35 51 1 74 61 17 80 68 33 10 5 69 85 84 37 15 70 82 29 11 40 7 56 65 54 45 26 19 27 6 34 59 67 2 43 52 83 38 76 21 25 23 42 72 13 9 31 75 58 3 78 4 44 18 48 
86 50 63 35 51 1 74 61 17 80 68 33 10 5 69 85 84 37 15 70 82 29 11 40 7 56 65 54 45 26 19 27 6 34 59 67 2 43 52 83 38 76 21 25 23 42 72 13 9 31 75 58 3 78 4 44 18 48 
87 50 63 35 51 1 74 61 17 80 68 33 10 5 69 85 84 37 15 70 82 29 11 40 7 56 65 54 45 26 19 27 6 34 59 67 2 43 52 83 38 76 21 25 23 42 72 13 9 31 75 58 3 78 4 44 18 48 
88 50 63 35 51 1 74 61 17 80 68 33 10 5 69 85 84 37 15 70 82 29 11 40 7 56 65 54 45 26 88 19 27 6 34 59 67 2 43 52 83 38 76 21 25 23 42 72 13 9 31 75 58 3 78 4 44 18 48 
89 50 63 35 51 1 74 61 17 80 68 33 10 5 69 85 84 37 15 70 82 29 11 40 7 56 65 54 45 26 88 19 27 6 34 59 67 2 43 52 83 38 76 21 25 23 42 72 13 9 31 75 58 3 78 4 44 18 48 
90 50 63 35 51 1 74 61 17 80 68 33 10 5 69 85 84 37 15 70 82 29 11 40 7 56 65 54 45 26 88 19 27 6 34 59 67 2 43 52 83 38 76 21 25 23 42 72 13 9 31 75 58 3 78 4 44 18 48 
91 50 63 35 51 1 74 61 17 80 68 33 10 5 69 85 84 37 15 70 82 29 11 40 7 56 65 54 45 26 88 19 27 6 34 59 67 2 43 52 83 38 76 21 25 23 42 72 13 9 31 75 58 3 78 4 44 18 48 
92 50 63 35 51 1 61 17 80 68 33 10 5 69 92 85 84 37 15 70 29 11 40 7 56 65 54 45 26 88 19 27 6 34 59 2 43 52 83 38 76 21 25 23 42 72 13 9 31 75 58 3 78 4 44 18 48 
93 50 63 35 51 1 61 17 80 33 10 5 69 92 85 84 37 15 70 29 11 40 7 56 65 54 45 26 88 19 27 6 34 59 2 43 52 93 38 76 21 25 23 42 72 13 9 31 58 3 78 4 44 18 48 
94 50 63 35 51 1 61 17 80 33 10 5 92 85 37 15 70 29 11 40 7 56 65 54 45 26 88 19 27 6 94 34 59 2 43 52 93 38 21 25 23 42 72 13 9 31 58 3 78 4 44 18 48 
95 50 63 35 51 1 61 17 80 33 10 5 92 85 37 15 70 29 11 40 7 56 65 54 45 26 88 95 19 27 6 94 34 59 2 43 52 93 38 21 25 23 42 72 13 9 31 58 3 78 4 44 18 48 
96 50 63 35 51 1 61 17 80 33 10 5 92 85 37 15 70 29 11 40 7 56 65 54 45 26 88 95 19 27 6 94 34 59 2 43 52 93 38 21 25 23 42 72 13 9 31 58 3 78 4 44 18 48 
97 50 63 35 51 1 61 17 80 33 10 5 92 85 37 15 70 29 11 40 7 56 65 54 45 26 88 95 19 97 27 6 94 34 59 2 43 52 93 38 21 25 23 42 72 13 9 31 58 3 78 4 44 18 48 
98 50 63 35 51 1 61 17 80 33 10 5 92 85 37 15 70 29 11 40 7 56 65 54 45 26 88 95 19 97 27 6 94 34 59 2 43 52 93 38 21 25 23 42 72 13 9 31 58 3 78 4 44 18 48 
99 50 63 35 51 99 1 61 17 80 33 10 5 85 37 15 70 29 11 40 7 56 65 54 45 26 88 95 19 97 27 6 94 34 59 2 43 52 93 38 21 25 23 42 72 13 9 31 58 3 78 4 44 18 48 
100 50 63 35 51 99 1 61 100 17 80 33 10 5 85 37 15 70 29 11 40 7 56 65 54 45 26 88 95 19 97 27 6 94 34 59 2 43 52 38 21 25 23 42 72 13 9 31 58 3 78 4 44 18 48 
101 50 63 35 51 99 1 61 100 17 80 33 10 5 85 37 15 70 29 11 40 7 56 65 54 45 26 88 95 19 97 27 6 34 59 2 43 52 101 38 21 25 23 42 72 13 9 31 58 3 78 4 44 18 48 
102 50 63 35 51 99 1 61 100 17 80 33 10 5 85 37 15 70 29 11 40 7 56 65 54 45 26 88 95 19 97 27 6 34 59 2 43 52 101 38 21 25 23 42 72 13 9 31 58 3 78 4 44 18 48 
103 50 63 35 51 1 61 17 80 33 10 5 92 85 37 15 70 29 11 40 7 56 65 54 45 26 88 95 19 97 27 6 94 34 59 2 43 52 93 38 21 25 23 42 72 13 9 31 58 3 78 4 103 44 18 48 
104 50 63 35 51 1 61 17 80 33 10 5 92 85 37 15 70 29 11 40 7 56 65 54 45 26 88 95 19 97 27 6 94 34 59 2 43 52 93 38 21 25 23 42 72 13 9 31 58 3 78 4 103 44 18 48 
105 50 63 35 51 1 61 17 80 33 10 5 92 85 105 37 15 70 29 11 40 7 56 65 54 45 26 88 95 19 97 27 6 94 34 59 2 43 52 93 38 21 25 23 42 72 13 9 31 58 3 78 4 103 44 18 48 
106 50 63 35 51 1 61 17 80 33 10 5 92 85 105 37 15 70 29 11 40 7 56 65 54 45 26 88 95 19 97 27 6 94 34 59 2 43 52 93 38 21 25 23 42 72 13 9 31 58 3 78 4 103 44 18 48 
107 50 63 35 51 1 61 107 17 80 33 10 5 85 105 37 15 70 29 11 40 7 56 65 54 45 26 88 95 19 97 27 6 94 34 59 2 43 52 93 38 21 25 23 42 72 13 9 31 58 3 78 4 103 44 18 48 
108 50 63 35 51 1 61 107 17 80 33 10 5 85 105 37 15 70 29 11 40 7 56 65 54 45 108 26 88 95 19 97 27 6 94 34 59 2 43 52 38 21 25 23 42 72 13 9 31 58 3 78 4 103 44 18 48 
109 50 63 35 51 109 1 61 107 17 80 33 10 5 85 105 37 15 70 29 11 40 7 56 65 54 45 108 26 88 95 19 97 27 6 34 59 2 43 52 38 21 25 23 42 72 13 9 31 58 3 78 4 103 44 18 48 
110 50 63 35 51 99 109 1 61 100 107 17 80 33 10 5 92 85 105 37 15 70 110 29 11 40 7 56 65 54 45 108 26 88 95 19 97 27 6 94 34 59 2 43 52 101 93 38 21 25 23 42 72 13 9 31 58 3 78 4 103 44 18 48 
111 50 63 35 51 99 109 1 61 100 107 17 80 33 10 5 92 85 105 37 15 70 110 29 11 40 7 56 65 54 45 108 26 88 95 19 97 27 6 94 34 59 2 43 52 101 93 38 21 25 23 42 72 13 9 31 58 3 78 4 103 44 18 48 
112 50 63 35 51 99 109 1 61 100 107 17 80 33 10 5 92 85 105 37 15 70 110 29 11 40 7 56 65 54 45 108 26 88 95 19 97 27 6 94 34 59 2 43 52 101 93 38 21 25 23 42 72 13 9 31 58 3 78 4 103 44 18 48 
113 50 63 35 51 99 109 1 61 100 107 17 80 33 10 5 92 85 105 37 15 70 110 29 11 40 7 56 65 54 45 108 26 95 19 97 27 6 94 113 34 59 2 43 52 101 93 38 21 25 23 42 72 13 9 31 58 3 78 4 103 44 18 48 
114 50 63 35 51 99 109 1 61 100 107 17 80 33 10 5 92 85 105 37 15 70 110 29 11 40 7 56 65 54 45 108 26 95 19 97 27 6 94 113 34 59 2 43 52 101 93 38 21 25 23 42 72 13 9 31 58 3 78 4 103 44 18 48 
115 50 63 35 51 99 109 1 61 100 107 17 80 33 10 5 92 85 105 37 15 70 110 29 11 40 7 56 65 54 45 108 26 95 19 97 27 6 94 113 34 59 2 43 52 101 93 38 21 25 23 42 72 13 9 31 58 3 78 4 103 44 18 48 
116 50 63 35 51 99 109 1 74 61 100 107 17 80 68 33 10 5 69 92 85 105 84 37 15 70 82 110 29 11 40 7 56 65 54 45 108 26 88 95 19 97 27 6 94 113 34 59 67 2 43 52 101 83 93 38 76 21 25 23 42 72 13 9 31 75 58 3 78 4 103 44 18 48 
