1 1 
2 2 1 
3 2 1 3 
4 2 1 3 4 
5 2 5 1 3 4 
6 2 5 6 1 3 4 
7 2 5 6 1 3 4 
8 2 5 6 1 3 4 8 
9 2 5 6 9 1 3 8 
10 2 5 10 6 9 1 3 8 
11 2 10 6 9 11 1 3 8 
12 2 5 10 12 6 9 11 1 3 4 8 
13 2 5 10 12 6 9 11 1 3 4 8 
14 2 5 10 12 6 9 11 1 3 4 8 
15 2 5 10 12 6 9 11 1 3 4 8 
16 2 5 10 12 6 9 11 1 16 3 4 8 
17 2 5 10 12 6 9 11 1 16 3 4 8 
18 2 5 10 12 6 9 11 1 16 3 4 8 
19 2 5 10 12 6 9 11 1 16 3 4 8 
20 5 9 20 11 1 4 2 10 12 6 16 3 8 
21 5 9 20 11 1 4 2 10 12 6 16 3 8 
22 5 9 20 11 1 4 2 10 12 6 16 3 8 
23 5 9 20 11 1 4 2 10 12 6 16 3 8 
24 24 
25 24 25 
26 24 26 25 
27 24 26 25 
28 24 26 25 
29 5 9 20 11 1 4 2 10 12 29 6 16 3 8 
30 5 9 20 11 1 4 2 10 12 29 6 16 3 8 
31 5 9 20 11 1 4 2 10 12 29 6 31 16 3 8 
32 5 9 20 11 1 4 2 10 12 29 6 32 31 16 3 8 
33 5 9 20 11 1 4 2 33 10 12 29 6 32 31 16 3 8 
34 5 9 20 11 1 4 34 2 33 10 12 29 6 32 31 16 3 8 
35 5 9 20 11 1 4 34 2 33 10 12 29 6 32 31 16 3 8 
36 5 9 20 11 1 4 34 2 33 10 12 29 6 32 31 16 3 8 
37 37 
38 38 37 
39 38 39 37 
40 38 39 37 
41 38 39 37 
42 5 42 9 20 11 1 4 2 10 12 29 6 16 3 8 
43 5 42 9 20 11 1 4 2 10 12 29 6 16 3 8 
44 5 42 9 20 11 1 4 2 10 12 29 6 16 3 8 
45 5 42 9 20 11 1 4 2 10 12 29 6 16 3 8 
46 46 
47 46 47 
48 46 47 48 
49 46 47 48 
50 46 47 48 
51 5 42 9 20 11 1 4 2 51 10 12 29 6 16 3 8 
52 5 42 9 20 11 1 4 2 51 10 12 29 6 16 3 8 
53 5 42 9 20 11 1 4 2 51 10 12 29 6 16 3 8 
54 5 42 9 20 11 1 4 2 51 10 12 29 6 16 3 8 
55 5 42 9 20 11 1 4 2 51 55 10 12 29 6 16 3 8 
56 5 42 9 20 11 1 4 2 51 55 10 12 29 6 16 3 8 
57 5 42 9 20 11 1 4 2 51 55 10 12 29 6 16 3 8 
58 5 42 9 20 11 1 4 2 51 55 10 12 29 6 16 3 8 
59 5 59 42 9 20 11 1 4 2 51 55 10 12 29 6 16 3 8 
60 5 59 42 9 20 11 1 4 2 51 55 10 12 29 6 16 3 8 
61 5 59 42 9 20 11 1 4 2 51 55 10 12 29 6 16 3 8 
62 5 59 42 9 20 11 1 4 2 51 55 10 12 29 6 16 3 8 
63 5 59 42 9 20 11 1 4 2 51 55 10 12 29 6 63 16 3 8 
64 5 59 42 9 20 11 1 4 2 51 55 10 12 29 6 63 16 3 8 
65 5 59 42 9 20 11 1 4 2 51 55 10 12 29 6 63 16 3 8 
66 5 59 42 9 20 11 1 4 2 51 55 10 12 29 6 63 16 3 8 
67 5 59 42 9 20 11 1 4 2 51 55 10 12 29 6 63 16 67 3 8 
68 5 59 42 9 20 11 1 4 2 51 55 10 12 29 6 63 16 67 3 8 
69 5 59 42 9 20 11 1 4 2 51 55 10 12 29 6 63 16 67 3 8 
70 5 59 42 9 20 11 1 4 2 51 55 10 12 29 6 63 16 67 3 8 
71 5 59 42 9 20 11 1 4 2 51 55 10 12 29 6 63 16 67 3 71 8 
72 5 59 42 9 20 11 1 4 2 51 55 10 12 29 6 63 16 67 3 71 8 
73 5 59 42 9 20 11 1 4 2 51 55 10 12 29 6 63 16 67 3 71 8 
74 5 59 42 9 20 11 1 4 2 51 55 10 12 29 6 63 16 67 3 71 8 
75 5 59 42 9 20 11 1 4 2 51 55 10 12 29 6 75 63 16 67 3 71 8 
76 5 59 42 9 20 11 1 4 2 51 55 10 12 29 6 75 63 16 67 3 71 8 
77 5 59 42 9 20 11 1 4 2 51 55 10 12 29 6 75 63 16 67 3 71 8 
78 5 59 42 9 20 11 1 4 2 51 55 10 12 29 6 75 63 16 67 3 71 8 
79 5 59 42 9 79 20 11 1 4 2 51 55 10 12 29 6 75 63 16 67 3 71 8 
80 5 59 42 9 79 20 11 1 4 2 51 55 10 12 29 6 75 63 16 67 3 71 8 
81 5 59 42 9 79 20 11 1 4 2 51 55 10 12 29 6 75 63 16 67 3 71 8 
82 5 59 42 9 79 20 11 1 4 2 51 55 10 12 29 6 75 63 16 67 3 71 8 
83 5 59 42 9 79 20 11 1 4 2 51 55 10 12 29 6 75 83 63 16 67 3 71 8 
84 5 59 42 9 79 20 11 1 4 2 51 55 10 12 29 6 75 83 63 16 67 3 71 8 
85 5 59 42 9 79 20 11 1 4 2 51 55 10 12 29 6 75 83 63 16 67 3 71 8 
86 5 59 42 9 79 20 11 1 4 2 51 55 10 12 29 6 75 83 63 16 67 3 71 8 
87 5 59 9 11 1 4 2 55 12 29 87 63 8 42 79 20 51 10 6 75 83 16 67 3 71 
88 5 59 9 11 1 4 2 55 12 29 87 63 8 42 79 20 51 10 6 75 83 16 67 3 71 
89 5 59 9 11 1 4 2 55 12 29 87 63 8 42 79 20 51 10 6 75 83 16 67 3 71 
90 5 59 9 11 1 4 2 55 12 29 87 63 8 42 79 20 51 10 6 75 83 16 67 3 71 
91 5 59 9 11 1 4 2 55 12 29 87 63 8 42 79 20 51 10 6 75 91 83 16 67 3 71 
92 5 59 9 11 1 4 2 55 12 29 87 63 8 42 79 20 51 10 6 75 91 83 16 67 3 71 
93 5 59 9 11 1 4 2 55 12 29 87 63 8 42 79 20 51 10 6 75 91 83 16 67 3 71 
94 5 59 47 39 9 11 48 1 4 34 2 38 55 33 46 12 29 87 63 8 42 26 79 20 25 51 10 24 6 32 75 31 91 83 16 67 3 71 37 
