1 1 
2 2 1 
3 2 3 1 
4 2 3 4 1 
5 5 2 3 4 1 
6 5 2 3 4 1 
7 5 2 3 4 1 
8 5 8 2 3 4 1 
9 5 8 2 3 9 4 1 
10 5 8 2 3 10 9 4 1 
11 5 8 2 11 3 10 9 4 1 
12 5 8 2 11 3 12 10 9 4 1 
13 5 8 2 11 3 12 10 9 13 4 1 
14 5 8 2 11 3 12 10 9 13 4 1 
15 5 8 2 11 15 3 12 10 9 13 4 1 
16 5 8 2 11 15 3 12 10 9 13 4 1 
17 11 10 17 13 1 5 8 2 15 3 12 9 4 
18 11 10 17 13 1 18 5 8 2 15 3 12 9 4 
19 11 10 17 13 1 18 5 8 2 15 3 12 9 19 4 
20 11 10 20 17 13 1 18 5 8 2 15 3 12 9 19 4 
21 11 10 20 17 13 1 18 5 8 2 15 3 12 21 9 19 4 
22 11 10 20 17 13 1 18 5 8 2 15 3 12 21 9 19 4 
23 11 10 20 17 13 1 18 5 8 2 15 3 12 21 9 19 4 
24 11 10 13 1 5 8 2 15 3 12 9 24 4 
25 11 10 13 25 1 5 8 2 15 3 12 9 24 4 
26 11 10 13 26 25 1 5 8 2 15 3 12 9 24 4 
27 11 10 27 13 26 25 1 5 8 2 15 3 12 9 24 4 
28 11 28 10 27 13 26 25 1 5 8 2 15 3 12 9 24 4 
29 11 28 10 27 29 13 26 25 1 5 8 2 15 3 12 9 24 4 
30 11 28 10 27 29 13 26 25 1 5 8 30 2 15 3 12 9 24 4 
31 11 28 10 27 29 13 26 25 1 5 8 30 2 15 3 12 9 24 4 
32 11 28 10 27 29 13 26 25 1 5 8 30 2 15 3 12 9 24 4 
