1 1 
2 1 2 
3 1 2 
4 1 2 
5 1 5 2 
6 1 5 2 
7 1 7 5 2 
8 1 7 5 2 
9 1 7 5 2 9 
10 1 7 5 2 9 10 
11 1 7 5 2 11 9 10 
12 12 1 7 5 2 11 9 10 
13 12 1 7 5 2 11 9 10 
14 12 1 7 5 2 11 9 10 
15 12 1 7 5 2 15 11 9 10 
16 12 1 7 5 16 2 15 11 9 10 
17 12 1 7 5 16 2 15 11 17 9 10 
18 12 1 7 5 16 2 15 11 17 9 10 
19 12 1 7 5 16 2 15 11 17 9 10 
20 12 1 7 5 16 2 15 11 20 17 9 10 
21 5 2 15 11 17 12 1 7 16 20 21 9 10 
22 5 2 15 22 11 17 12 1 7 16 20 21 9 10 
23 5 2 15 22 11 17 12 1 7 16 20 21 9 10 
24 5 2 15 22 11 17 12 1 7 16 20 21 9 10 
25 5 2 15 22 11 17 12 1 7 16 20 21 9 10 
26 1 7 5 2 
