1 1 
2 2 1 
3 2 1 
4 2 1 
5 2 1 5 
6 6 2 1 5 
7 6 7 2 1 5 
8 6 7 2 1 5 
9 6 7 2 1 5 9 
10 6 7 10 2 1 5 9 
11 18 15 7 2 1 5 9 6 17 12 22 14 10 20 
12 18 15 7 2 1 5 9 6 17 22 12 14 10 
13 18 15 7 2 1 5 9 6 17 12 22 14 10 20 
14 18 15 7 2 1 5 9 6 17 12 22 14 10 20 
15 18 15 7 2 1 5 9 6 17 12 22 14 10 20 
16 18 15 7 2 1 5 9 6 17 12 22 14 10 20 
17 18 15 7 2 1 5 9 6 17 12 22 14 10 20 
18 18 15 7 2 1 5 9 6 17 12 22 14 10 20 
19 18 15 7 2 1 5 9 6 17 12 22 14 10 20 
20 18 15 7 2 1 5 9 6 17 22 14 10 20 
21 18 15 7 2 1 5 9 6 17 22 14 10 20 
22 18 15 7 2 1 5 9 6 17 12 22 14 20 
23 18 15 7 2 1 5 9 6 17 12 22 14 20 
24 18 15 7 2 1 5 9 6 17 12 22 14 10 20 
