1 1 
2 2 1 
3 2 1 
4 2 1 
5 2 1 5 
6 2 1 5 
7 2 1 7 
8 2 1 5 7 
9 2 1 
10 2 1 
11 2 1 11 
12 2 1 11 12 
13 2 1 11 12 13 
14 2 1 11 12 13 
15 2 1 11 12 13 
16 2 16 1 11 12 13 
17 2 16 1 11 12 17 13 
18 2 16 18 1 11 12 17 13 
19 2 16 18 1 11 12 17 13 
20 2 16 18 1 11 12 17 13 
21 2 16 18 21 1 11 12 17 13 
22 22 2 16 18 21 1 11 12 17 13 
23 22 2 16 18 23 21 1 11 12 17 13 
24 22 2 16 18 23 21 1 11 12 17 13 
25 22 2 16 18 23 21 1 11 12 17 13 
26 22 2 16 18 23 21 26 1 11 12 17 13 
27 2 18 21 11 12 13 22 16 23 27 26 1 17 
28 2 18 21 11 12 13 22 16 23 27 26 1 17 
29 2 18 21 11 12 13 22 16 23 27 26 1 17 
30 2 18 21 11 12 13 22 16 23 27 26 1 17 
