1 1 
2 2 1 
3 2 3 1 
4 2 3 1 4 
5 2 3 1 5 4 
6 6 2 3 1 5 4 
7 6 7 2 3 1 5 4 
8 6 7 8 2 3 1 5 4 
9 6 7 8 2 3 1 5 9 4 
10 6 7 8 2 3 1 5 9 4 
11 6 8 2 3 1 5 9 4 11 
12 6 8 2 3 12 1 5 9 4 11 
13 6 8 2 3 12 1 5 9 4 11 13 
14 6 8 2 3 12 1 5 9 4 11 13 
15 6 8 2 3 12 1 5 9 4 11 13 
16 6 8 2 3 12 1 5 9 4 11 13 
17 6 17 8 2 3 12 1 5 9 4 11 13 
18 6 17 8 2 3 12 1 5 9 4 11 13 
19 6 19 8 2 3 12 1 5 9 4 11 13 
20 6 19 8 2 3 12 1 5 9 4 11 13 
21 6 19 8 2 3 12 1 5 9 4 11 13 
22 17 22 8 3 1 4 11 13 6 19 2 12 5 9 
23 17 22 23 8 3 1 4 11 13 6 19 2 12 5 9 
24 17 22 23 8 3 1 4 11 13 6 19 24 2 12 5 9 
25 17 22 23 8 3 1 4 11 13 6 25 19 24 2 12 5 9 
26 17 22 23 8 3 1 4 11 13 6 25 19 24 2 12 5 9 
27 17 22 23 8 3 1 4 11 13 27 6 25 19 24 2 12 5 9 
28 22 46 57 8 49 43 3 1 11 13 37 42 30 19 29 45 47 2 12 44 5 9 34 17 33 23 52 55 4 27 6 25 24 32 39 40 
29 22 46 57 8 49 43 3 1 11 13 37 42 30 19 45 47 29 2 12 44 5 9 34 17 33 23 52 55 4 27 6 25 24 32 39 40 
30 22 46 57 8 49 43 3 1 11 13 37 42 30 19 29 45 47 2 12 44 5 9 34 17 33 23 52 4 27 6 25 24 32 39 40 
31 22 46 57 8 49 43 3 1 11 13 37 42 30 19 29 45 47 2 12 44 5 9 34 17 33 23 52 55 4 27 6 25 24 32 39 40 
32 22 46 57 8 49 43 3 1 11 13 37 42 30 19 29 45 47 2 12 5 9 34 17 33 23 52 55 4 27 6 25 24 39 40 32 
33 22 46 57 8 49 43 3 1 11 13 37 42 30 19 29 45 47 2 12 5 9 34 17 33 23 52 55 4 27 6 25 24 32 39 40 
34 22 46 57 8 49 43 3 1 11 13 37 42 30 19 29 45 2 12 5 9 34 17 33 23 52 55 4 27 6 25 24 32 39 40 
35 22 46 57 8 49 43 3 1 11 13 37 42 30 19 29 45 2 12 5 9 34 17 33 23 52 55 4 27 6 25 24 32 39 40 
36 22 46 57 8 49 43 3 1 11 13 37 42 30 19 29 45 2 12 5 9 34 17 33 23 52 55 4 27 6 25 24 32 39 40 
37 22 46 57 8 49 43 3 1 11 13 37 42 30 19 29 45 2 12 5 9 34 17 33 23 52 55 4 27 6 25 24 32 39 40 
38 22 46 57 8 49 43 3 1 11 13 37 42 30 19 29 45 2 12 5 9 34 17 33 23 52 55 4 27 6 25 24 32 39 40 
39 22 46 57 8 49 43 3 1 11 13 37 42 30 19 29 45 2 12 5 9 34 17 33 23 52 55 4 27 6 25 24 32 40 39 
40 22 46 57 8 49 43 3 1 11 13 37 42 30 19 29 45 2 12 5 9 34 17 33 23 52 55 4 27 6 25 24 32 39 40 
41 22 46 57 8 43 3 1 11 13 37 42 30 41 19 29 45 2 12 5 9 34 17 33 23 55 4 27 6 25 24 32 39 40 
42 22 46 57 8 43 3 1 11 13 37 42 30 41 19 29 45 2 12 5 9 34 17 33 23 55 4 27 6 25 24 32 39 40 
43 22 46 57 8 43 3 1 11 13 37 42 30 41 19 29 45 2 12 5 9 34 17 33 23 55 4 27 6 25 24 32 39 40 
44 22 46 57 8 43 3 1 11 13 37 42 30 41 19 29 45 2 12 44 5 9 34 17 33 23 55 4 27 6 25 24 39 40 
45 22 46 57 8 43 3 1 11 13 37 42 30 41 19 29 45 2 12 44 5 9 34 17 33 23 55 4 27 6 25 24 39 40 
46 22 46 57 8 43 3 1 11 13 37 42 30 41 19 29 45 2 12 44 5 9 34 17 33 23 55 4 27 6 25 24 39 40 
47 22 46 57 8 43 3 1 11 13 37 42 30 41 19 29 45 47 2 12 44 5 9 17 33 23 55 4 27 6 25 24 39 40 
48 22 46 57 8 49 43 3 1 11 13 37 42 30 41 19 29 45 47 2 12 44 5 9 34 17 33 23 52 55 4 27 6 25 24 32 39 40 
49 22 46 57 8 49 43 3 1 11 13 37 42 30 19 29 45 47 2 12 44 5 9 34 17 33 23 55 4 27 6 25 24 32 39 40 
50 22 46 57 8 49 43 3 1 11 13 37 42 30 19 29 45 47 2 12 44 5 9 34 17 33 23 52 55 4 27 6 25 24 32 39 40 
51 22 46 57 8 49 43 3 1 11 13 37 42 30 19 29 45 47 2 12 44 5 9 34 17 33 23 52 55 4 27 6 25 24 32 39 40 
52 22 46 57 8 43 3 1 11 13 37 42 30 19 29 45 47 2 12 44 5 9 34 17 33 23 52 55 4 27 6 25 24 32 39 40 
53 22 46 57 8 43 3 1 11 13 37 42 30 19 29 45 47 2 12 44 5 9 34 17 33 23 52 55 4 27 6 25 24 32 39 40 
54 22 46 57 8 49 43 3 1 11 13 37 42 30 19 29 45 47 2 12 44 5 9 34 17 33 23 52 55 4 27 6 25 24 32 39 40 
55 22 46 57 8 49 43 3 1 11 13 37 42 19 29 45 47 2 12 44 5 9 34 17 33 23 52 55 4 27 6 25 24 32 39 40 
56 22 46 57 8 49 43 3 1 11 13 37 42 19 29 45 47 2 12 44 5 9 34 17 33 23 52 55 4 27 6 25 24 32 39 40 
57 22 46 57 8 49 43 3 1 11 13 37 42 30 19 29 45 47 2 12 44 5 9 34 17 33 23 52 55 4 6 25 24 32 39 40 
58 22 46 57 8 49 43 3 1 11 13 37 42 30 19 29 45 47 2 12 44 5 9 34 17 33 23 52 55 4 6 25 24 32 39 40 
59 22 46 57 8 49 43 3 1 11 13 37 42 30 19 29 45 47 2 12 44 5 9 34 17 33 23 52 55 4 27 6 25 24 32 39 40 
60 17 22 23 8 3 1 4 11 13 6 25 19 24 2 12 5 9 60 
61 22 77 83 8 88 65 67 3 78 1 11 13 74 19 75 2 12 5 9 17 23 80 68 66 4 73 6 63 76 62 25 24 70 86 71 60 
62 22 77 83 8 88 65 67 3 78 1 11 13 74 19 75 2 12 5 9 17 23 80 68 66 4 73 6 63 76 62 25 24 70 86 71 60 
63 22 77 83 8 88 65 67 3 78 1 11 13 74 19 75 2 12 5 9 17 23 80 68 66 4 73 6 76 63 62 25 24 70 71 60 
64 22 77 83 8 65 88 67 3 78 1 11 13 74 19 75 2 12 5 9 17 23 80 68 66 4 73 6 63 76 62 25 24 70 86 71 60 
65 22 77 83 8 88 65 67 3 78 1 11 13 74 19 2 12 5 9 17 23 80 68 66 4 73 6 63 76 62 25 24 70 86 71 60 
66 22 77 83 8 65 88 67 3 78 1 11 13 74 19 2 12 5 9 17 23 80 68 66 4 73 6 63 76 62 25 24 70 86 71 60 
67 22 77 83 8 65 88 67 3 1 11 13 74 19 2 12 5 9 17 23 80 68 66 4 73 6 63 76 62 25 24 70 86 71 60 
68 22 77 83 8 65 88 67 3 1 11 13 74 19 2 12 5 9 17 23 80 68 66 4 73 6 63 76 62 25 24 70 86 71 60 
69 22 77 83 8 65 88 67 3 1 11 13 74 19 2 12 5 9 17 23 80 68 66 4 73 6 63 76 62 25 24 70 86 71 60 
70 22 77 83 8 65 88 67 3 1 11 13 74 19 2 12 5 9 17 23 80 68 66 4 73 6 63 76 62 25 24 70 86 71 60 
71 22 77 83 8 65 88 67 3 1 11 13 74 19 2 12 5 9 17 23 80 68 66 4 73 6 63 76 62 25 24 70 86 71 60 
72 22 77 8 65 88 67 3 1 11 13 74 19 2 12 5 9 17 23 72 68 66 4 73 6 63 76 62 25 24 70 86 71 60 
73 22 77 8 65 88 67 3 1 11 13 74 19 2 12 5 9 17 23 72 68 66 4 73 6 63 76 62 25 24 70 86 71 60 
74 22 77 8 65 88 67 3 1 11 13 74 19 2 12 5 9 17 23 72 68 66 4 73 6 63 76 62 25 24 70 86 71 60 
75 22 77 8 88 67 3 1 11 13 74 19 75 2 12 5 9 17 23 72 68 66 4 73 6 63 76 62 25 24 70 86 71 60 
76 22 77 8 88 67 3 1 11 13 74 19 75 2 12 5 9 17 23 72 68 66 4 73 6 63 76 62 25 24 70 86 71 60 
77 22 77 8 88 67 3 1 11 13 74 19 75 2 12 5 9 17 23 72 68 66 4 73 6 63 76 62 25 24 70 86 71 60 
78 22 77 8 88 3 78 1 11 13 74 19 75 2 12 5 9 17 23 72 68 66 4 73 6 63 76 62 25 24 70 86 71 60 
79 22 77 83 8 65 88 67 3 78 1 11 13 74 19 75 2 12 5 9 17 23 72 80 68 66 4 73 6 63 76 62 25 24 70 86 71 60 
80 22 77 8 65 88 67 3 78 1 11 13 74 19 75 2 12 5 9 17 23 80 68 66 4 73 6 63 76 62 25 24 70 86 71 60 
81 22 77 83 8 65 88 67 3 78 1 11 13 74 19 75 2 12 5 9 17 23 80 68 66 4 73 6 63 76 62 25 24 70 86 71 60 
82 22 77 83 8 65 88 67 3 78 1 11 13 74 19 75 2 12 5 9 17 23 80 68 66 4 73 6 63 76 62 25 24 70 86 71 60 
83 22 77 83 8 65 88 67 3 78 1 11 13 74 19 75 2 12 5 9 17 23 68 66 4 73 6 63 76 62 25 24 70 86 71 60 
84 22 77 83 8 65 88 67 3 78 1 11 13 74 19 75 2 12 5 9 17 23 68 66 4 73 6 63 76 62 25 24 70 86 71 60 
85 22 77 83 8 65 88 67 3 78 1 11 13 74 19 75 2 12 5 9 17 23 80 68 66 4 73 6 63 76 62 25 24 70 86 71 60 
86 22 77 83 8 65 88 67 3 78 1 11 13 74 19 75 2 12 5 9 17 23 80 68 66 4 73 6 76 62 25 24 70 86 71 60 
87 22 77 83 8 65 88 67 3 78 1 11 13 74 19 75 2 12 5 9 17 23 80 68 66 4 73 6 76 62 25 24 70 86 71 60 
88 22 77 83 8 65 88 67 3 78 1 11 13 74 19 75 2 12 5 9 17 23 80 68 66 4 73 6 63 76 62 25 24 70 86 71 
89 22 77 83 8 88 65 67 3 78 1 11 13 74 19 75 2 12 5 9 17 23 80 68 66 4 73 6 63 76 62 25 24 70 86 71 
90 22 46 77 8 65 3 11 13 37 30 19 47 75 44 5 80 66 55 4 27 63 76 62 25 32 40 71 60 57 83 88 49 67 43 78 1 42 74 29 45 2 12 9 34 17 33 23 68 52 73 6 7 24 70 39 86 
