1 1 
2 1 2 
3 3 1 2 
4 3 1 2 4 
5 3 1 2 4 5 
6 23 25 29 28 5 27 17 3 1 4 31 6 33 8 26 20 15 34 9 19 30 10 18 2 14 13 11 21 
7 23 25 29 28 5 27 17 3 1 4 31 6 33 8 26 20 15 34 9 19 30 10 18 2 14 13 11 21 
8 23 25 29 28 5 27 17 3 1 4 31 6 33 26 8 20 15 34 9 19 30 10 18 2 14 13 11 21 
9 23 25 29 28 5 27 17 3 1 4 31 6 33 8 26 20 15 34 19 9 30 10 18 2 14 13 11 21 
10 23 25 29 28 5 27 17 3 1 4 31 6 33 8 26 20 15 34 9 19 30 10 18 2 14 13 11 21 
11 23 25 29 28 5 27 17 3 1 4 31 6 33 8 26 20 15 34 9 19 30 10 18 2 14 13 21 11 
12 23 25 29 28 5 27 17 3 1 4 31 6 33 8 26 20 15 34 9 19 30 10 18 2 14 13 11 21 
13 23 25 29 28 5 27 17 3 1 4 31 6 33 8 26 20 15 34 9 19 30 10 18 2 14 13 11 21 
14 23 25 29 28 5 27 17 3 1 4 31 6 33 8 26 20 15 34 9 19 30 10 18 2 14 13 11 21 
15 23 25 29 28 5 27 17 3 1 4 31 6 33 8 26 20 34 15 9 19 30 10 18 2 14 13 11 21 
16 23 25 29 28 5 27 17 3 1 4 31 6 33 8 26 20 15 34 9 19 30 10 18 2 14 13 11 21 
17 23 25 29 28 5 27 17 3 1 4 31 6 33 8 26 20 15 34 9 19 30 10 18 2 14 13 11 21 
18 23 25 29 28 5 27 17 3 1 4 31 6 33 8 26 20 15 34 9 19 30 10 18 2 14 13 11 21 
19 23 25 29 28 5 27 17 3 1 4 31 6 33 8 26 20 15 34 9 19 30 10 18 2 14 13 11 21 
20 23 25 29 28 5 27 17 3 1 4 31 6 33 8 26 20 15 34 9 19 30 10 18 2 14 13 11 21 
21 23 25 29 28 5 27 17 3 1 4 31 6 33 8 26 20 15 34 9 19 30 10 18 2 14 13 11 21 
22 23 25 29 28 5 27 17 3 1 4 31 6 33 8 26 20 15 34 9 19 30 10 18 2 14 13 11 21 
23 23 25 29 28 5 27 17 3 1 4 31 6 8 26 20 15 34 9 19 30 10 18 2 14 13 11 21 
24 23 25 29 28 5 27 17 3 1 4 31 6 8 26 20 15 34 9 19 30 10 18 2 14 13 11 21 
25 23 25 29 28 5 27 17 3 1 4 31 6 33 8 26 20 15 34 9 19 30 10 18 2 14 13 11 21 
26 23 25 29 28 5 27 17 3 1 4 31 6 33 8 26 20 15 34 9 19 30 10 18 2 14 13 11 21 
27 23 25 29 28 5 27 17 3 1 4 31 6 33 8 26 20 15 34 9 19 30 10 18 2 14 13 11 21 
28 23 25 29 28 5 27 17 3 1 4 31 6 33 8 26 20 15 34 9 19 30 10 18 2 14 13 11 21 
29 23 25 29 28 5 27 17 3 1 4 31 6 33 8 26 20 15 34 9 19 30 10 18 2 14 13 11 21 
30 23 25 29 28 5 27 17 3 1 4 31 6 33 8 26 20 15 34 9 19 30 10 18 2 14 13 11 21 
31 23 25 29 28 5 27 17 3 1 4 31 6 33 8 26 20 15 34 9 19 30 10 18 2 14 13 11 21 
32 23 25 29 28 5 27 17 3 1 4 31 6 33 8 26 20 15 34 9 19 30 10 18 2 14 13 11 21 
33 25 29 28 5 27 17 3 1 4 31 6 33 8 26 20 15 34 9 19 30 10 18 2 14 13 11 21 
34 23 25 29 28 5 27 17 3 1 31 6 33 8 26 20 15 34 9 19 30 10 18 2 14 13 11 21 
35 23 25 29 28 5 27 17 3 1 4 31 6 33 8 26 20 15 34 9 19 30 10 18 2 14 13 11 21 
36 23 25 29 28 5 27 17 3 1 4 31 6 33 8 26 20 15 34 9 19 30 10 18 2 14 13 11 21 
