1 1 
2 2 1 
3 2 1 
4 2 1 
5 2 5 1 
6 2 5 1 
7 2 5 1 
8 2 5 1 8 
9 2 9 5 1 8 
10 2 10 9 5 1 8 
11 2 10 9 5 1 8 
12 2 10 9 5 1 8 
13 2 10 9 5 1 8 13 
14 2 10 9 5 1 14 8 13 
15 2 10 9 5 1 14 8 13 
16 2 10 9 5 1 14 8 13 
17 2 10 9 5 1 17 14 8 13 
18 2 10 9 18 5 1 17 14 8 13 
19 2 10 9 18 5 1 19 17 14 8 13 
20 2 10 9 18 5 1 19 17 14 8 13 
21 2 10 9 18 5 1 19 17 14 8 13 
22 2 10 22 9 18 5 1 19 17 14 8 13 
23 10 18 1 23 17 8 13 2 22 9 5 19 14 
24 10 18 1 23 17 8 13 2 22 9 24 5 19 14 
25 10 18 1 23 17 8 13 2 22 9 24 5 19 14 
26 10 18 1 23 17 8 13 2 22 9 24 5 19 14 
27 10 18 1 23 17 8 13 27 2 22 9 24 5 19 14 
28 10 18 28 1 23 17 8 13 27 2 22 9 24 5 19 14 
29 10 18 28 1 23 17 8 13 27 2 22 9 24 5 19 29 14 
30 10 18 28 1 23 17 8 13 27 2 22 9 24 5 19 29 14 
31 10 18 28 1 23 17 8 13 27 2 22 9 24 5 19 29 14 
32 10 18 28 1 23 17 8 13 27 2 22 9 24 5 19 29 14 32 
33 10 18 28 1 23 17 8 13 27 2 22 9 24 5 19 29 33 14 32 
34 10 18 28 1 23 17 8 13 27 2 22 9 24 34 5 19 29 33 14 32 
35 10 18 28 1 23 17 8 13 27 2 22 9 24 34 5 19 29 33 14 32 
36 10 18 28 1 23 17 8 13 27 2 22 9 24 34 5 19 29 33 14 32 
37 10 18 28 37 1 23 17 8 13 27 2 22 9 24 34 5 19 29 33 14 32 
38 10 18 28 37 1 23 17 8 13 27 2 22 9 24 34 5 19 29 38 33 14 32 
39 39 10 18 28 37 1 23 17 8 13 27 2 22 9 24 34 5 19 29 38 33 14 32 
40 39 10 18 28 37 1 23 17 8 13 27 2 22 9 24 34 5 19 29 38 33 14 32 
41 39 10 18 28 37 1 23 17 8 13 27 2 22 9 24 34 5 19 29 38 33 14 32 
42 39 10 18 28 37 1 23 17 8 13 27 2 22 9 24 34 5 19 29 38 33 14 32 
