1 1 
2 1 2 
3 1 2 
4 4 1 2 
5 5 4 1 2 
6 5 4 1 2 
7 7 1 2 
8 8 5 4 7 1 2 
9 8 5 9 4 7 1 2 
10 8 5 10 9 4 7 1 2 
11 8 5 10 9 4 7 1 2 
12 12 8 5 10 9 4 7 1 2 
13 12 8 5 10 9 4 7 1 2 13 
14 12 8 5 10 9 4 7 1 2 13 
15 15 8 5 10 9 4 7 1 2 
16 15 12 8 5 10 9 16 4 7 1 2 13 
17 12 8 10 16 17 1 2 13 15 5 9 4 7 
18 12 8 10 16 17 1 2 13 18 15 5 9 4 7 
19 12 8 10 16 17 1 2 13 19 18 15 5 9 4 7 
20 12 10 16 17 1 2 13 19 18 15 5 20 9 4 7 
21 12 10 16 17 1 2 13 19 18 15 21 5 20 9 4 7 
22 22 12 10 16 17 1 2 13 19 18 15 21 5 20 9 4 7 
23 22 12 10 16 17 1 2 13 19 18 15 21 5 20 9 4 7 
24 22 12 10 16 17 1 2 13 19 18 15 21 5 24 20 9 4 7 
25 22 12 10 25 16 17 1 2 13 19 18 15 21 5 24 20 9 4 7 
26 22 12 10 25 16 17 1 2 13 19 18 15 21 5 24 20 9 4 7 
27 22 12 10 27 16 17 1 2 13 19 18 15 21 5 20 9 4 7 
28 22 12 10 25 27 16 17 1 2 13 19 18 15 21 5 24 28 20 9 4 7 
29 22 12 10 25 27 16 17 1 2 13 19 29 18 15 21 5 24 28 20 9 4 7 
30 22 12 10 25 27 16 17 1 2 30 13 19 29 18 15 21 5 24 28 20 9 4 7 
31 22 12 31 10 25 27 16 17 1 2 30 13 19 29 18 15 21 5 24 28 20 9 4 7 
32 22 32 12 31 10 25 27 16 17 1 2 30 13 19 29 18 15 21 5 24 28 9 4 7 
33 22 32 10 27 2 13 29 21 5 9 4 12 31 25 16 17 1 33 30 19 18 15 24 28 7 
34 22 32 10 27 2 13 29 21 5 9 4 12 31 25 16 17 1 33 30 34 19 18 15 24 28 7 
35 22 32 10 27 2 13 29 21 5 9 4 12 31 25 16 17 1 33 30 34 19 18 15 24 28 7 
36 22 32 10 27 2 13 29 21 5 9 4 12 31 25 16 17 36 1 33 30 34 19 18 15 24 28 7 
37 22 32 37 10 27 2 13 29 21 5 9 4 12 31 25 16 17 36 1 33 30 34 19 18 15 24 28 7 
38 22 32 37 10 27 2 13 29 21 5 9 4 12 31 25 16 17 36 1 33 30 34 19 18 15 24 28 7 
39 22 32 39 10 27 2 13 29 21 5 9 4 12 31 25 16 17 1 33 30 34 19 18 15 24 28 7 
40 22 32 37 39 10 27 2 13 29 21 5 9 4 40 12 31 25 16 17 36 1 33 30 34 19 18 15 24 28 7 
41 22 32 37 39 10 27 2 13 29 41 21 5 9 4 40 12 31 25 16 17 36 1 33 30 34 19 18 15 24 28 7 
42 22 32 37 39 10 27 2 13 29 41 21 5 42 9 4 40 12 31 25 16 17 36 1 33 30 34 19 18 15 24 28 7 
43 22 32 37 39 10 27 2 13 29 41 21 5 42 9 4 40 12 31 25 16 17 36 1 33 30 34 19 18 15 24 28 7 43 
44 22 37 39 10 27 44 2 13 29 41 21 5 42 9 4 40 12 31 25 16 17 36 1 33 30 34 19 18 15 24 28 7 43 
45 22 37 39 10 27 44 2 13 29 41 21 5 42 45 9 4 40 12 31 25 16 17 36 1 33 30 34 19 18 15 24 28 7 43 
46 22 37 39 10 27 44 2 46 13 29 41 21 5 42 45 9 4 40 12 31 25 16 17 36 1 33 30 34 19 18 15 24 28 7 43 
47 22 37 39 10 27 44 2 46 13 29 41 21 5 42 45 9 4 40 12 31 25 16 17 36 1 33 30 34 19 18 15 24 28 7 43 
48 22 37 39 10 27 44 2 46 13 29 41 21 5 42 45 9 4 40 48 12 31 25 16 17 36 1 33 30 34 19 18 15 24 28 7 43 
49 22 37 39 10 27 44 2 46 13 29 41 21 5 42 45 9 4 40 48 12 31 25 16 17 36 1 33 30 34 19 18 15 24 28 49 7 43 
50 22 37 39 10 27 44 2 46 13 29 41 21 5 42 45 9 4 40 48 12 31 25 16 17 36 1 33 30 34 19 18 15 24 28 49 7 43 
51 22 37 39 10 27 44 2 46 13 29 41 21 5 42 45 9 4 40 12 31 25 51 16 17 36 1 33 30 34 19 18 15 24 28 7 43 
52 22 52 37 39 10 27 44 2 46 13 29 41 21 5 42 45 9 4 40 48 12 31 25 51 16 17 36 1 33 30 34 19 18 15 24 28 49 7 43 
53 22 52 37 39 10 27 44 2 46 13 29 41 21 53 5 42 45 9 4 40 48 12 31 25 51 16 17 36 1 33 30 34 19 18 15 24 28 49 7 43 
54 22 52 37 39 10 27 44 2 46 13 29 41 21 53 5 42 54 45 9 4 40 48 12 31 25 51 16 17 36 1 33 30 34 19 18 15 24 28 49 7 43 
55 22 52 37 39 10 27 44 2 46 13 29 41 21 53 5 42 54 45 9 4 55 40 48 12 31 25 51 16 17 36 1 33 30 34 19 18 15 24 28 49 7 43 
56 22 52 37 39 10 27 2 46 13 29 41 21 53 5 42 54 45 9 4 55 40 48 12 31 56 25 51 16 17 36 1 33 30 34 19 18 15 24 28 49 7 43 
57 22 52 37 39 10 27 2 46 13 29 41 21 53 5 42 54 45 9 4 55 40 48 12 31 56 25 51 16 17 36 1 33 30 34 19 18 15 24 28 49 7 43 
