1 1 
2 2 1 
3 2 1 3 
4 2 1 3 4 
5 2 1 3 4 5 
6 2 6 1 3 4 5 
7 2 6 1 3 4 7 5 
8 2 6 1 3 4 7 8 5 
9 2 6 9 1 3 4 7 8 5 
10 2 10 6 9 1 3 4 7 8 5 
11 2 10 6 9 1 3 4 7 11 8 5 
12 2 10 6 9 1 12 3 4 7 11 8 5 
13 2 6 7 11 8 5 10 9 1 12 13 3 4 
14 2 6 7 11 8 5 14 10 9 1 12 13 3 4 
15 2 6 7 11 8 5 14 10 9 1 12 13 3 4 
16 2 6 7 11 8 5 14 10 9 1 12 13 3 4 
17 2 6 7 17 11 8 5 14 10 9 1 12 13 3 4 
18 2 6 7 17 11 8 5 14 10 9 1 12 13 3 4 
19 2 6 19 7 17 11 8 5 14 10 9 1 12 13 3 4 
20 2 6 19 7 11 8 5 14 10 9 1 12 13 3 4 20 
21 2 6 19 7 17 11 8 5 14 10 9 21 1 12 13 3 4 20 
22 2 6 19 7 17 11 8 5 14 10 9 21 1 12 13 3 4 22 20 
23 2 23 6 19 7 17 11 8 5 14 10 9 21 1 12 13 3 4 22 20 
24 2 23 6 24 19 7 17 11 8 5 14 10 9 21 1 12 13 3 4 22 20 
25 2 23 6 24 19 7 17 11 8 5 14 10 9 21 1 12 13 25 3 4 22 20 
26 2 23 6 26 24 19 7 17 11 8 5 14 10 9 21 1 12 13 25 3 4 22 20 
27 2 23 6 26 27 24 19 7 17 11 8 5 14 10 9 21 1 12 13 25 3 4 22 20 
28 23 19 5 9 21 1 12 25 3 4 22 28 2 6 26 27 24 7 17 11 8 14 10 13 20 
29 23 19 5 9 21 1 12 25 3 4 22 28 2 6 26 27 24 7 17 11 8 14 29 10 13 20 
30 23 30 19 5 9 21 1 12 25 3 4 22 28 2 6 26 27 24 7 17 11 8 14 29 10 13 20 
31 23 30 19 5 9 21 1 12 25 3 4 22 28 2 6 26 27 31 24 7 17 11 8 14 29 10 13 20 
32 23 30 19 5 9 21 1 12 25 3 4 22 28 2 6 26 27 31 24 32 7 17 11 8 14 29 10 13 20 
33 23 30 19 5 9 21 1 12 33 25 3 4 22 28 2 6 26 27 31 24 32 7 17 11 8 14 29 10 13 20 
34 23 30 19 5 9 21 1 12 33 25 3 4 34 22 28 2 6 26 27 31 24 32 7 17 11 8 14 29 10 13 20 
35 23 30 19 5 9 21 1 12 33 25 3 4 34 22 28 2 6 26 27 31 24 32 7 17 11 8 14 29 10 13 20 
36 23 30 19 5 36 9 21 1 12 33 25 3 4 34 22 28 2 6 26 27 31 24 32 7 17 11 8 14 29 10 13 20 
37 23 30 19 5 36 9 21 1 12 33 25 3 4 34 22 28 2 6 26 27 31 24 32 7 17 11 8 14 29 10 13 20 
38 23 30 19 5 36 9 21 1 12 33 25 3 4 34 22 28 2 6 38 26 27 31 24 32 7 17 11 8 14 29 10 13 20 
39 23 30 19 5 36 9 21 1 12 33 25 3 4 34 22 28 2 6 38 26 27 31 24 32 7 17 11 8 14 29 39 10 13 20 
40 23 30 19 5 36 9 21 1 12 33 25 3 4 34 40 22 28 2 6 38 26 27 31 24 32 7 17 11 8 14 29 39 10 13 20 
41 23 30 19 5 36 9 21 1 12 33 25 3 4 34 40 22 28 2 6 38 26 27 31 24 32 7 17 11 8 14 29 39 10 13 20 
42 23 30 19 5 9 21 1 12 33 25 3 4 34 22 28 2 6 26 27 31 24 32 7 17 11 8 14 29 42 10 13 20 
43 23 30 19 5 9 21 1 12 33 25 3 4 34 22 28 2 6 26 27 31 24 32 7 17 11 8 14 29 42 10 13 20 
44 23 30 19 5 44 9 21 1 12 33 25 3 4 34 22 28 2 6 26 27 31 24 32 7 17 11 8 14 29 42 10 13 20 
45 23 30 19 5 44 9 21 1 12 33 25 3 4 34 22 28 2 6 26 27 31 24 32 7 17 11 8 14 29 42 10 13 20 
46 23 30 19 5 44 9 21 1 12 33 25 3 4 34 22 28 46 2 6 26 27 31 24 32 7 17 11 8 14 29 42 10 13 20 
47 23 30 19 5 44 9 21 1 12 33 25 3 4 34 22 28 46 2 47 6 26 27 31 24 32 7 17 11 8 14 29 42 10 13 20 
48 23 30 19 5 44 9 21 1 12 33 25 3 4 34 22 28 46 2 47 6 26 27 31 24 32 7 17 11 8 14 29 42 10 13 48 20 
49 23 30 19 5 44 9 21 1 12 33 25 3 4 34 22 28 46 2 47 6 26 27 31 24 32 7 17 11 8 14 29 42 10 13 48 20 
50 23 50 30 19 5 9 21 1 12 33 25 3 4 34 22 28 2 6 26 27 31 24 32 7 17 11 8 14 29 42 10 13 20 
51 23 50 30 19 5 9 21 1 12 33 25 3 4 34 22 28 2 6 26 27 31 24 32 7 17 11 8 14 29 42 10 13 20 
52 23 50 30 19 5 9 21 1 12 33 25 3 4 34 22 28 2 6 26 27 31 24 32 7 17 11 8 14 29 42 10 13 20 
53 23 30 19 5 44 36 9 21 1 12 33 25 3 4 34 40 22 28 46 2 47 6 38 26 27 31 24 32 7 17 11 8 14 29 39 42 10 13 48 20 
54 23 30 19 5 44 36 9 21 1 12 33 25 3 4 34 40 22 28 46 2 47 6 38 26 27 31 24 32 7 17 11 8 14 29 39 42 10 13 48 20 
55 23 30 19 5 44 36 9 21 1 12 33 25 3 4 34 40 22 28 46 2 47 6 38 26 27 31 24 32 7 17 11 8 14 29 39 42 10 13 48 20 
56 23 30 19 5 44 36 9 21 1 12 33 25 3 4 34 40 22 28 46 2 47 6 38 26 27 31 24 32 7 17 11 8 14 29 39 42 10 13 48 20 
57 23 30 19 5 44 36 9 21 1 12 33 25 3 4 34 40 22 28 46 2 47 6 38 26 27 31 24 32 7 17 11 8 14 29 39 42 10 13 48 20 
58 23 30 19 5 44 36 9 21 1 12 33 25 3 4 58 34 40 22 28 46 2 47 6 38 26 27 31 24 32 7 17 11 8 14 29 39 42 10 13 48 20 
59 23 30 19 5 44 36 9 21 1 12 33 25 3 4 58 34 40 22 28 46 2 47 6 38 26 27 31 24 32 7 17 11 8 14 29 39 42 10 13 48 20 
60 23 30 19 5 44 36 9 21 1 12 33 25 3 4 58 34 40 22 28 46 2 47 6 38 26 27 31 24 32 7 17 11 8 14 29 39 42 10 13 48 20 
61 23 30 19 5 44 36 9 21 1 12 33 25 3 4 58 34 40 22 28 46 2 47 6 38 26 27 31 24 32 7 17 11 8 14 29 39 42 10 13 48 20 
62 23 30 19 5 44 36 9 21 1 12 33 25 3 4 58 34 40 22 28 46 2 47 6 38 26 27 31 24 32 7 17 11 8 14 29 39 42 10 13 48 62 20 
63 23 30 19 5 44 36 9 21 1 12 33 25 3 4 58 34 40 22 28 46 2 47 6 38 26 27 31 24 32 7 17 11 8 14 29 39 42 10 13 48 62 20 
64 23 30 19 5 44 36 9 21 1 12 33 25 3 4 58 34 40 22 28 46 2 47 6 38 26 27 31 24 32 7 17 11 8 14 29 39 42 64 10 13 48 62 20 
65 23 30 19 5 44 36 9 21 1 12 33 25 3 4 58 34 40 22 28 46 2 47 6 38 26 27 31 24 32 7 17 11 8 14 29 39 42 64 10 13 48 62 20 
66 23 30 19 5 44 36 9 21 1 12 33 25 3 4 58 34 40 22 28 46 2 47 6 38 26 27 31 24 32 7 17 11 8 14 29 39 42 64 10 13 48 62 20 
67 23 30 19 5 44 36 9 21 1 12 33 25 3 4 58 34 40 22 28 46 2 47 6 38 26 27 31 24 32 7 17 11 8 14 29 39 42 64 10 13 48 62 20 
