1 1 
2 1 2 
3 1 2 
4 1 2 
5 1 2 5 
6 1 2 5 
7 1 2 5 
8 1 2 5 8 
9 1 2 5 9 8 
10 1 2 5 9 8 10 
11 1 2 5 11 9 8 10 
12 1 2 5 11 9 8 10 
13 1 2 5 11 9 8 10 
14 1 2 14 5 11 9 8 10 
15 1 15 2 14 5 11 9 8 10 
16 1 15 2 14 5 11 16 9 8 10 
17 1 15 2 14 5 11 16 9 8 10 
18 1 15 2 14 5 11 16 9 8 10 
19 1 15 2 14 5 11 16 9 8 10 19 
20 1 15 20 2 14 5 11 16 9 8 10 19 
21 1 15 2 5 16 9 8 19 20 14 11 10 21 
22 1 15 2 5 16 9 8 19 20 14 11 10 21 
23 1 15 2 5 16 9 8 19 20 14 11 10 21 
24 1 15 2 5 16 9 8 19 20 14 11 10 21 24 
25 1 15 2 5 16 9 8 19 20 14 25 11 10 21 24 
26 1 15 2 5 16 9 8 19 20 14 25 26 11 10 21 24 
27 1 15 2 5 16 9 8 19 20 14 25 26 11 10 21 24 
28 1 15 2 5 16 9 8 19 20 14 25 26 11 10 21 24 
29 1 15 2 5 16 9 8 19 20 14 25 26 11 10 21 29 24 
30 1 15 2 5 16 9 8 30 19 20 14 25 26 11 10 21 29 24 
31 1 15 2 5 16 9 8 30 19 31 20 14 25 26 11 10 21 29 24 
32 1 15 2 5 16 9 8 30 19 31 20 14 25 26 11 10 21 29 24 
33 1 15 2 5 16 9 8 30 19 31 20 14 25 26 11 10 21 29 24 
34 1 15 2 5 16 9 8 30 19 31 20 14 25 26 11 10 21 29 24 
