1 1 
2 2 1 
3 2 1 
4 4 2 1 
5 4 2 5 1 
6 4 2 5 6 1 
7 7 4 2 11 5 6 10 1 9 
8 7 4 2 11 5 6 10 1 9 
9 7 4 2 11 5 6 10 1 9 
10 7 4 2 11 5 6 10 1 9 
11 7 4 2 11 5 6 10 1 9 
12 7 4 2 11 5 6 10 1 9 
13 7 4 2 11 5 6 10 1 9 
14 7 4 2 11 14 5 6 10 1 9 
15 7 4 2 14 11 5 6 10 1 9 
16 16 7 4 2 14 11 5 6 10 1 9 
17 16 7 4 2 14 11 5 6 10 1 9 
18 16 7 4 2 14 11 5 6 10 1 9 18 
19 19 16 7 4 2 14 11 6 10 1 9 18 
20 19 16 7 4 2 14 11 20 10 1 9 18 
21 19 7 2 25 14 20 11 10 9 16 4 24 23 21 1 18 
22 19 7 2 25 14 20 11 10 9 16 4 24 23 21 1 18 
23 19 7 2 25 14 20 11 10 9 16 4 24 23 21 1 18 
24 19 7 2 25 14 20 11 9 16 4 24 23 21 1 18 
25 19 7 2 25 14 20 11 9 16 4 24 23 21 1 18 
26 19 7 2 25 14 20 11 9 16 4 24 23 21 1 18 
27 19 7 2 25 14 20 11 9 16 4 24 23 21 1 18 
28 28 19 7 2 25 14 20 11 10 9 16 4 24 23 21 1 18 
29 28 19 7 2 25 14 20 11 10 9 16 4 24 23 21 1 18 
30 28 19 7 2 25 14 20 11 10 9 16 4 24 23 5 6 21 1 18 
31 28 19 7 2 25 14 20 11 10 9 16 4 24 23 5 6 21 1 18 
