1 1 
2 2 1 
3 2 1 
4 2 1 
5 2 1 
6 2 1 
7 2 1 
8 2 1 8 
9 2 1 8 
10 2 1 8 
11 2 1 8 11 
12 2 1 8 11 
13 2 1 8 11 
14 2 14 1 8 11 
15 2 14 1 8 11 
16 2 14 1 8 11 
17 2 14 17 1 8 11 
18 2 14 17 1 8 11 
19 2 19 14 17 1 8 11 
20 2 19 14 17 1 8 11 
21 2 21 19 14 17 1 8 11 
22 2 21 19 14 17 1 8 11 
23 2 21 19 14 17 1 8 11 
24 2 21 19 14 17 1 8 24 11 
25 2 21 19 14 17 1 8 24 11 
26 2 21 19 14 17 1 8 24 11 
27 2 21 19 27 14 17 1 8 24 11 
28 2 21 19 27 14 17 1 8 24 11 
29 2 21 19 27 14 17 1 8 24 11 
30 2 21 19 27 14 17 1 8 24 11 
