1 1 
2 1 2 
3 1 2 
4 1 2 
5 5 1 2 
6 5 1 2 
7 5 1 2 
8 5 1 2 8 
9 5 1 2 9 8 
10 5 10 1 2 9 8 
11 5 10 1 2 9 8 11 
12 5 10 1 2 9 8 11 
13 5 10 1 2 9 8 11 
14 14 5 10 1 2 9 8 11 
15 14 5 10 1 2 9 15 8 11 
16 14 5 10 1 2 9 15 16 8 11 
17 14 5 10 1 2 9 15 16 8 11 
18 14 5 10 1 2 9 15 16 8 11 
19 14 5 19 10 1 2 9 15 16 8 11 
20 14 5 19 10 1 2 9 15 16 8 11 20 
21 5 19 2 9 15 16 8 14 10 1 21 11 20 
22 5 19 2 9 15 16 8 14 10 1 21 11 20 
23 5 19 2 9 15 16 8 14 10 1 21 11 20 
24 5 19 2 9 15 16 8 14 10 24 1 21 11 20 
25 5 19 2 9 15 16 8 14 10 24 1 21 11 20 25 
26 5 19 2 9 15 16 8 26 14 10 24 1 21 11 20 25 
27 5 19 2 9 15 16 8 26 14 10 24 1 21 11 20 25 
28 5 19 2 9 15 16 8 26 14 10 24 1 21 11 20 25 
29 29 5 19 2 9 15 16 8 26 14 10 24 1 21 11 20 25 
30 29 30 5 19 2 9 15 16 8 26 14 10 24 1 21 11 20 25 
31 29 30 5 19 2 9 15 16 8 26 14 10 24 1 31 21 11 20 25 
32 29 30 5 19 2 9 15 16 8 26 14 10 24 1 31 21 11 20 25 
33 29 30 5 19 2 9 15 16 8 26 14 10 24 1 31 21 11 20 25 
34 29 30 5 19 2 9 15 16 8 34 26 14 10 24 1 31 21 11 20 25 
35 29 30 5 35 19 2 9 15 16 8 34 26 14 10 24 1 31 21 11 20 25 
36 29 30 5 35 36 19 2 9 15 16 8 34 26 14 10 24 1 31 21 11 20 25 
37 29 30 5 35 36 19 2 9 15 16 8 34 26 14 10 24 1 31 21 11 20 25 
38 29 30 5 35 36 19 2 9 15 16 8 34 26 14 10 24 1 31 21 11 20 25 
39 29 30 5 35 36 19 2 9 15 16 8 34 26 14 10 24 1 31 21 11 20 25 
