1 1 
2 1 2 
3 1 2 
4 1 2 
5 1 5 2 
6 1 5 2 
7 1 5 2 
8 1 8 5 2 
9 1 8 5 2 9 
10 1 10 8 5 2 9 
11 1 10 11 8 5 2 9 
12 1 10 11 8 5 2 9 12 
13 1 10 11 8 5 2 9 12 
14 1 10 11 8 5 2 9 12 
15 15 1 10 11 8 5 2 9 12 
16 15 1 10 11 8 5 2 9 12 16 
17 15 1 10 17 11 8 5 2 9 12 16 
18 15 17 22 18 20 24 8 5 2 9 12 1 10 23 11 21 16 
19 15 17 18 22 20 24 8 5 2 9 12 1 10 23 11 21 16 
20 15 17 18 22 24 20 8 5 2 9 12 1 10 23 11 21 16 
21 15 17 18 22 20 24 8 5 2 9 12 1 10 23 11 21 16 
22 15 17 18 22 20 24 8 5 2 9 12 1 10 23 11 21 16 
23 15 17 18 22 20 24 8 5 2 9 12 1 10 23 11 21 16 
24 15 17 18 22 20 24 8 5 2 9 12 1 10 23 11 21 16 
25 15 17 18 22 20 24 8 5 2 9 12 1 10 23 11 21 16 
26 15 17 18 22 20 24 8 5 2 9 12 1 10 23 11 21 16 
27 15 17 18 22 20 24 8 5 2 9 12 1 10 23 11 21 16 
28 15 17 18 22 20 24 8 5 2 9 12 1 10 23 11 21 16 
