1 1 
2 2 1 
3 3 2 1 
4 3 2 4 1 
5 3 2 4 5 1 
6 3 2 4 5 1 6 
7 3 2 4 5 1 7 6 
8 3 8 2 4 5 1 7 6 
9 9 3 8 2 4 5 1 7 6 
10 9 3 8 2 4 5 10 1 7 6 
11 9 3 11 8 2 4 5 10 1 7 6 
12 9 3 11 8 2 4 5 10 1 7 6 
13 9 3 13 11 8 2 4 5 10 1 7 6 
14 9 11 2 5 1 7 6 3 13 14 8 4 10 
15 9 11 2 5 1 7 6 3 13 14 8 4 10 15 
16 9 11 2 5 1 7 6 3 13 16 14 8 4 10 15 
17 9 11 2 5 1 7 6 3 13 16 14 8 4 10 17 15 
18 9 11 2 5 1 7 6 3 13 16 14 8 4 10 17 15 
19 9 11 2 5 1 7 6 3 13 16 14 8 4 10 17 15 
20 9 11 2 5 1 7 6 3 13 16 14 8 4 10 17 15 
21 9 11 2 5 1 7 6 3 13 16 14 8 4 10 17 15 
