1 1 
2 1 2 
3 3 1 2 
4 3 1 2 
5 5 3 1 2 
6 5 3 1 2 
7 7 5 3 1 2 
8 7 5 3 1 2 
9 7 5 3 9 1 2 
10 7 5 3 9 1 2 
11 7 11 5 3 9 1 2 
12 7 11 5 3 9 1 2 
13 7 11 5 3 9 1 2 13 
14 7 11 5 3 9 1 2 13 
15 7 11 5 3 9 15 1 2 13 
16 7 11 5 3 9 15 1 2 13 
17 7 11 5 3 9 15 17 1 2 13 
18 7 11 5 3 9 15 17 1 2 13 
19 7 11 5 3 9 15 17 19 1 2 13 
20 7 11 5 3 9 15 17 19 1 2 13 
21 7 11 5 3 9 15 17 19 1 2 21 13 
22 7 11 5 3 9 15 17 19 1 2 21 13 
23 5 9 23 19 1 7 11 3 15 17 2 21 13 
24 5 9 23 19 1 7 11 3 15 17 2 21 13 
25 5 9 23 19 1 7 25 11 3 15 17 2 21 13 
26 5 9 23 19 1 7 25 11 3 15 17 2 21 13 
27 5 9 23 19 1 7 25 11 3 15 17 2 21 13 27 
28 5 9 23 19 1 7 25 11 3 15 17 2 21 13 27 
29 29 5 9 23 19 1 7 25 11 3 15 17 2 21 13 27 
30 29 5 9 23 19 1 7 25 11 3 15 17 2 21 13 27 
31 5 9 23 19 1 31 7 25 11 3 15 17 2 21 13 27 
32 29 5 9 23 19 1 31 7 25 11 3 15 17 2 21 13 27 
