1 1 
2 1 2 
3 1 2 
4 1 2 
5 1 5 2 
6 1 5 2 
7 1 5 2 
8 1 8 5 2 
9 1 8 5 9 2 
10 1 8 5 9 2 10 
11 1 8 5 9 2 10 11 
12 1 8 5 9 2 10 11 
13 1 8 5 9 2 10 11 
14 1 8 5 9 2 10 14 11 
15 1 8 5 9 2 15 10 14 11 
16 1 8 5 9 2 15 10 14 11 16 
17 1 8 5 9 2 15 10 14 11 16 
18 1 8 5 9 2 15 10 14 11 16 
19 1 8 5 9 2 15 10 19 14 11 16 
20 1 20 8 5 9 2 15 10 19 14 11 16 
21 21 1 20 8 5 9 10 19 11 2 15 14 16 
22 21 1 20 8 5 9 10 19 11 2 15 14 16 
23 21 1 20 8 5 9 10 19 11 2 15 14 16 
24 21 1 20 8 5 9 10 19 11 2 15 24 14 16 
25 21 1 20 8 5 9 25 10 19 11 2 15 24 14 16 
26 21 1 20 8 5 9 25 10 19 26 11 2 15 24 14 16 
27 21 1 20 8 5 9 25 10 19 26 11 2 15 24 14 16 
28 21 1 20 8 5 9 25 10 19 26 11 2 15 24 14 16 
29 21 1 20 8 5 9 25 10 19 26 11 2 15 24 14 16 
