1 1 
2 2 1 
3 2 1 3 
4 2 1 4 3 
5 2 1 4 3 5 
6 2 1 4 6 3 5 
7 2 1 4 6 3 5 
8 2 1 4 6 8 3 
9 2 9 1 4 6 8 3 5 
10 2 9 10 1 4 6 8 3 5 
11 2 9 11 10 1 4 6 8 3 5 
12 2 9 11 10 1 4 6 8 3 5 
13 2 9 11 10 13 1 4 6 8 3 5 
14 2 9 11 10 13 14 1 4 6 8 3 5 
15 9 15 11 10 13 1 3 5 2 14 4 6 8 
16 9 15 11 10 13 1 3 5 2 14 16 4 6 8 
17 9 15 11 10 13 1 17 3 5 2 14 16 4 6 8 
18 9 15 11 10 13 1 17 3 5 2 18 14 16 4 6 8 
19 9 15 11 10 13 1 17 3 5 2 18 14 16 4 6 8 
20 9 15 20 11 10 13 1 17 3 5 2 18 16 4 6 8 
21 9 20 11 10 13 21 1 17 3 5 2 18 16 4 6 8 
22 9 20 11 10 13 21 1 3 5 22 2 18 16 4 6 8 
23 9 20 11 10 13 21 1 3 5 23 22 2 16 4 6 8 
24 9 15 20 11 10 13 21 1 17 3 5 23 22 2 18 24 14 16 4 6 8 
25 9 15 20 11 10 13 21 1 17 3 5 23 22 2 18 24 14 16 4 6 8 
26 9 15 20 11 10 13 21 1 17 3 5 23 22 2 18 24 14 16 4 6 8 26 
27 9 15 20 11 10 13 21 1 27 17 3 5 23 22 2 18 24 14 16 4 6 8 26 
28 9 15 20 11 10 13 21 1 27 17 3 5 23 22 2 18 24 14 16 4 6 8 26 
29 9 15 20 11 10 13 21 1 27 17 3 5 23 22 2 18 24 29 14 16 4 6 8 26 
30 9 15 20 11 10 13 21 1 27 17 3 5 23 22 2 18 24 29 14 16 4 6 8 26 
31 13 21 3 5 23 16 4 31 26 9 15 20 11 10 1 27 17 22 2 18 24 29 14 6 8 
32 13 21 3 5 23 16 4 31 26 9 15 20 32 11 10 1 27 17 22 2 18 24 29 14 6 8 
33 13 21 3 5 23 16 4 31 26 9 15 20 32 11 10 1 27 17 22 2 18 24 29 14 6 8 
34 13 21 3 5 23 34 16 4 31 26 9 15 20 32 11 10 1 27 17 22 2 18 24 29 14 6 8 
35 13 21 3 5 23 34 16 4 31 26 9 15 20 32 11 10 1 27 17 22 2 18 24 29 14 6 8 
36 13 36 21 3 5 23 34 16 4 31 26 9 15 20 32 11 10 1 27 17 22 2 18 24 29 14 6 8 
37 37 13 36 21 3 5 23 34 16 4 31 26 9 15 20 32 11 10 1 27 17 22 2 18 24 29 14 6 8 
38 37 13 36 21 3 5 23 34 16 4 31 26 9 15 20 32 11 10 1 27 17 22 2 18 24 29 14 6 8 
39 37 13 36 21 3 5 39 23 34 16 4 31 26 9 15 20 32 11 10 1 27 17 22 2 18 24 29 14 6 8 
40 37 13 36 21 3 5 39 23 34 16 4 31 26 9 15 20 32 11 10 1 27 17 22 2 18 24 29 14 6 8 
41 37 13 36 21 3 5 39 23 34 16 4 31 26 9 15 20 32 11 10 1 27 17 22 2 18 24 29 14 6 8 
42 9 15 20 11 10 13 21 1 17 3 5 23 22 2 42 18 24 14 16 4 6 8 
43 9 15 20 11 10 13 21 43 1 17 3 5 23 22 2 42 18 24 14 16 4 6 8 
44 9 15 20 11 10 13 21 43 1 17 3 5 23 22 2 42 18 24 14 16 4 6 8 
45 9 15 20 11 10 13 21 43 1 17 3 5 23 22 2 42 18 24 45 14 16 4 6 8 
46 9 15 20 11 10 13 21 43 1 17 3 5 23 22 2 42 18 24 45 14 16 4 6 8 
47 13 21 3 5 23 42 45 16 4 47 9 15 20 11 10 43 1 17 22 2 18 24 14 6 8 
48 13 21 3 5 23 42 45 16 4 47 9 15 20 11 10 43 1 17 22 2 18 24 14 6 8 
49 37 13 36 21 3 5 39 23 34 45 16 49 4 31 47 26 9 15 20 32 11 10 43 1 27 17 22 2 18 24 29 14 6 8 
50 37 13 36 21 3 5 39 23 34 45 16 49 4 31 47 26 9 15 20 32 11 10 43 1 27 50 17 22 2 18 24 29 14 6 8 
51 37 13 36 21 3 5 39 23 34 45 16 49 4 31 47 26 9 15 20 32 11 10 43 1 27 50 17 22 2 18 24 29 14 51 6 8 
52 37 13 36 21 3 5 39 23 34 45 16 49 4 31 47 26 9 15 20 32 11 10 43 1 27 50 17 22 2 18 24 29 14 51 6 8 
53 37 13 36 21 3 5 39 23 34 45 16 49 4 31 47 26 9 53 15 20 32 11 10 43 1 27 50 17 22 2 18 24 29 14 51 6 8 
54 37 13 36 21 3 5 39 23 34 45 16 49 4 31 47 26 9 53 15 20 32 11 10 43 1 27 50 17 22 2 18 24 29 14 51 6 8 
55 37 13 36 21 3 5 39 23 34 45 55 16 49 4 31 47 26 9 53 15 20 32 11 10 43 1 27 50 17 22 2 18 24 29 14 51 6 8 
56 37 13 36 21 3 5 39 23 34 45 55 16 49 4 31 47 26 9 53 15 20 32 11 10 43 1 27 50 17 22 2 18 24 29 14 51 6 8 
57 37 13 36 21 3 5 39 23 34 45 55 16 49 4 31 47 26 9 53 15 20 32 11 10 43 1 27 50 17 22 2 18 24 29 14 51 6 8 
58 37 13 36 21 3 5 39 23 34 45 16 49 4 31 47 26 9 53 15 20 32 11 10 43 1 27 50 17 22 2 18 24 29 14 51 6 8 
59 37 13 36 21 3 5 39 23 34 45 16 49 4 31 47 26 59 9 53 15 20 32 11 10 43 1 27 50 17 22 2 18 24 29 14 51 6 8 
60 37 13 36 21 3 5 39 23 34 45 16 49 4 31 47 26 59 9 53 15 20 32 11 60 10 43 1 27 50 17 22 2 18 24 29 14 51 6 8 
61 37 13 36 21 3 5 39 23 34 45 16 49 4 31 47 26 59 9 53 15 20 32 11 60 10 43 1 27 50 17 22 2 18 24 29 14 51 6 8 
62 37 62 13 36 21 3 5 39 23 34 45 16 49 4 31 47 26 59 9 53 15 20 32 11 60 10 43 1 27 50 17 22 2 18 24 29 14 51 6 8 
63 37 62 13 36 21 3 5 39 23 34 45 16 49 4 31 47 26 59 9 53 15 20 32 11 60 10 43 1 27 50 17 22 2 18 24 29 14 51 6 8 
64 37 62 13 36 21 3 5 39 23 34 45 16 49 4 31 47 26 59 9 53 15 20 32 11 60 10 43 1 27 50 17 22 2 18 24 29 14 51 6 8 
65 37 13 36 21 3 5 39 23 34 45 16 49 4 31 47 26 9 53 15 20 32 11 10 43 1 27 50 17 65 22 2 18 24 29 14 51 6 8 
66 37 13 36 21 3 5 39 23 34 45 16 49 4 31 47 26 9 53 15 20 32 11 10 43 1 27 50 17 65 22 2 18 24 29 14 51 6 8 
67 37 62 13 36 21 3 5 39 23 34 45 55 16 49 4 31 47 26 59 9 53 67 15 20 32 11 60 10 43 1 27 50 17 65 22 2 18 24 29 14 51 6 8 
68 37 62 13 36 21 3 5 39 23 34 45 55 16 49 4 31 47 26 59 9 53 67 15 20 32 11 60 10 43 1 27 50 17 65 22 2 18 24 29 14 51 6 8 
69 37 62 13 36 21 3 5 39 23 34 45 55 16 49 4 31 47 26 59 9 53 67 15 20 32 11 60 10 43 1 27 50 17 65 22 2 18 24 29 14 51 6 8 
70 37 62 13 36 21 3 5 39 23 34 45 55 16 49 4 31 47 26 59 9 53 67 15 20 32 11 60 10 43 1 27 50 17 65 22 2 18 24 29 14 70 51 6 8 
71 37 62 13 36 21 3 5 39 23 34 45 55 16 49 4 31 47 26 59 9 53 67 15 20 32 11 60 10 43 1 27 50 17 65 22 2 18 24 29 14 70 51 6 8 
72 37 62 13 36 21 3 5 39 72 23 34 45 55 16 49 4 31 47 26 59 9 53 67 15 20 32 11 60 10 43 1 27 50 17 65 22 2 18 24 29 14 70 51 6 8 
73 37 62 13 36 21 3 5 39 72 23 34 45 55 16 49 4 31 47 26 59 9 53 67 15 20 32 11 60 10 43 1 27 50 17 65 22 2 18 24 29 14 70 51 6 8 
74 37 62 13 36 21 3 5 39 72 23 34 45 55 16 49 4 31 47 26 59 9 53 67 15 20 32 11 60 10 43 1 27 50 17 65 22 2 18 24 29 14 70 51 6 8 
75 37 62 13 36 21 3 5 39 23 34 45 55 16 49 4 31 47 26 59 9 53 67 15 20 32 11 60 10 43 1 27 50 17 65 22 2 18 24 29 14 70 51 6 8 
76 37 62 13 36 21 3 5 39 23 34 45 55 16 49 4 31 47 26 59 9 53 67 15 20 32 76 11 60 10 43 1 27 50 17 65 22 2 18 24 29 14 70 51 6 8 
77 37 62 13 36 21 3 5 39 23 34 45 55 16 49 4 31 47 26 59 9 53 67 15 20 32 76 11 60 10 43 1 27 50 17 65 77 22 2 18 24 29 14 70 51 6 8 
78 37 62 13 36 21 3 5 39 23 34 45 55 16 49 4 31 47 26 59 9 53 67 15 20 32 76 11 60 10 43 1 27 50 17 65 77 22 2 18 24 29 14 70 51 6 8 
79 37 62 13 36 21 3 5 39 23 34 45 55 16 49 4 31 47 26 59 9 53 67 15 20 32 76 11 60 10 43 1 27 50 17 65 77 79 22 2 18 24 29 14 70 51 6 8 
80 37 62 13 36 21 3 5 39 23 34 45 55 16 49 4 31 47 26 59 9 53 67 15 20 32 76 11 60 10 43 1 27 50 17 65 77 79 22 2 18 24 29 14 70 51 6 8 
81 37 62 13 36 21 3 5 39 23 34 45 55 16 49 4 31 47 26 59 9 53 67 15 20 32 76 11 60 10 43 1 27 50 17 65 77 79 22 2 18 24 29 14 70 51 6 8 
82 37 62 13 36 21 3 5 39 82 23 34 45 55 16 49 4 31 47 26 59 9 53 67 15 20 32 11 60 10 43 1 27 50 17 65 22 2 18 24 29 14 70 51 6 8 
83 37 62 13 36 21 3 5 39 82 23 34 45 55 16 49 4 31 47 26 59 9 53 67 15 20 32 11 60 10 43 1 27 50 17 65 22 2 18 24 29 14 70 51 6 8 
84 37 3 82 23 34 45 55 49 31 47 53 11 10 43 50 65 79 22 18 29 8 84 62 13 36 21 5 39 72 16 4 26 59 9 67 15 20 32 76 60 1 27 17 77 2 24 14 70 51 6 
85 37 3 82 23 34 45 55 49 31 47 53 11 10 43 50 65 79 22 18 29 8 84 62 13 36 21 5 39 72 16 4 26 59 9 67 15 20 32 76 60 1 27 17 77 2 24 14 70 51 6 
86 37 3 82 23 34 45 55 49 31 47 53 11 10 43 50 65 79 22 18 29 8 84 62 13 36 21 5 39 72 16 4 26 59 9 67 15 20 32 76 60 1 27 17 77 2 24 14 70 51 6 
87 37 3 82 23 34 45 55 49 31 47 53 11 10 43 50 65 79 22 18 29 8 84 62 13 36 21 5 39 72 16 87 4 26 59 9 67 15 20 32 76 60 1 27 17 77 2 24 14 70 51 6 
88 37 3 82 23 34 45 55 49 31 47 53 11 10 43 50 65 79 22 18 29 8 84 62 13 36 21 5 39 72 16 87 4 26 59 9 67 15 20 32 76 60 1 27 17 77 2 24 14 70 51 6 
89 37 3 82 23 34 45 55 49 31 47 53 11 10 43 50 65 79 22 18 29 8 84 62 13 36 21 5 39 72 16 87 4 26 59 9 67 15 20 32 76 60 1 27 17 89 77 2 24 14 70 51 6 
90 37 3 82 23 34 45 55 49 31 47 53 11 10 43 50 65 79 22 18 29 8 84 62 13 36 21 5 39 72 16 87 4 26 59 9 67 15 20 32 76 60 1 27 17 89 77 2 24 14 70 51 6 
91 37 3 82 23 34 45 55 49 31 47 53 11 10 43 50 65 79 22 18 29 8 84 62 13 36 21 5 39 72 16 87 4 26 59 9 67 15 20 32 76 60 1 27 17 89 77 2 24 14 70 51 6 
92 37 3 82 23 34 45 55 49 31 47 53 11 10 43 50 65 79 22 18 29 8 84 62 13 36 21 5 39 72 16 87 4 26 59 9 67 15 20 32 76 60 1 27 17 77 2 24 14 70 51 6 
93 37 3 82 23 34 45 55 49 31 93 47 53 11 10 43 50 65 79 22 18 29 8 84 62 13 36 21 5 39 72 16 87 4 26 59 9 67 15 20 32 76 60 1 27 17 77 2 24 14 70 51 6 
94 37 3 82 23 34 45 55 49 31 93 47 53 11 10 43 50 65 79 22 18 29 8 94 84 62 13 36 21 5 39 72 16 87 4 26 59 9 67 15 20 32 76 60 1 27 17 77 2 24 14 70 51 6 
95 37 3 82 23 34 45 55 49 31 93 47 53 11 10 43 50 65 79 22 18 29 8 94 84 62 13 36 21 5 39 72 16 87 4 26 59 9 67 15 20 32 76 60 1 27 17 77 2 24 14 70 51 6 
96 37 3 82 23 34 45 55 49 31 93 47 53 11 10 43 50 65 79 22 18 29 8 94 84 62 13 36 21 5 39 72 96 16 87 4 26 59 9 67 15 20 32 76 60 1 27 17 77 2 24 14 70 51 6 
97 37 3 82 23 34 45 55 49 31 93 47 53 11 10 43 50 65 79 22 18 29 8 94 84 62 13 36 21 5 39 72 96 16 87 4 26 59 9 67 15 20 32 76 60 1 27 17 77 2 24 14 70 51 6 
98 37 3 82 23 34 45 55 49 31 93 47 53 11 10 43 50 65 79 22 18 29 8 94 84 62 13 36 21 5 39 72 96 16 87 4 26 59 9 67 15 20 32 76 60 1 27 17 77 2 24 14 70 51 6 
99 37 3 82 23 34 45 55 49 31 47 53 11 10 43 50 99 65 79 22 18 29 8 84 62 13 36 21 5 39 72 16 87 4 26 59 9 67 15 20 32 76 60 1 27 17 77 2 24 14 70 51 6 
100 37 3 82 23 34 45 55 49 31 47 53 11 10 43 50 99 65 79 22 18 29 8 84 62 13 36 21 5 39 72 16 87 4 26 59 9 67 15 20 32 76 60 1 27 17 77 2 24 14 70 51 6 
101 37 3 82 23 34 45 55 49 31 93 47 53 11 10 43 50 99 65 79 22 18 29 8 94 84 62 13 36 21 5 39 72 96 16 87 4 26 59 9 67 15 20 32 76 60 1 27 17 89 77 2 24 14 70 51 6 
