1 1 
2 1 2 
3 1 2 
4 1 2 
5 1 5 2 
6 1 5 2 
7 1 5 2 
8 1 5 2 8 
9 1 5 2 8 9 
10 1 5 2 8 10 9 
11 1 5 2 11 8 10 9 
12 1 5 2 11 8 10 9 
13 1 5 2 11 8 10 9 
14 1 5 2 11 8 10 9 14 
15 1 15 5 2 11 8 10 9 14 
16 1 15 5 16 2 11 8 10 9 14 
17 1 15 5 16 2 11 8 10 9 14 
18 1 15 5 16 2 11 8 10 9 14 
19 1 15 19 5 16 2 11 8 10 9 14 
20 1 15 19 5 16 2 11 8 10 20 9 14 
21 1 19 16 2 11 21 10 9 14 15 5 8 20 
22 1 19 16 2 11 21 10 9 14 15 5 8 20 
23 1 19 16 2 11 21 10 9 14 15 5 8 20 
24 1 19 16 2 11 24 21 10 9 14 15 5 8 20 
25 1 19 16 2 11 24 21 25 10 9 14 15 5 8 20 
26 1 19 16 2 11 24 21 25 10 26 9 14 15 5 8 20 
27 1 19 16 2 11 24 21 25 10 26 9 14 15 5 8 20 
28 1 19 16 2 11 24 21 25 10 26 9 14 15 5 8 20 
29 1 19 16 2 11 29 24 21 25 10 26 9 14 15 5 8 20 
30 1 19 16 2 11 29 24 21 25 10 30 26 9 14 15 5 8 20 
31 1 19 16 31 2 11 29 24 21 25 10 30 26 9 14 15 5 8 20 
32 1 19 16 31 2 11 29 24 21 25 10 30 26 9 14 15 5 8 20 
33 1 19 16 31 2 11 29 24 21 25 10 30 26 9 14 15 5 8 20 
34 1 19 16 31 2 11 29 24 21 25 10 30 26 9 14 15 5 34 8 20 
35 35 1 19 16 31 2 11 29 24 21 25 10 30 26 9 14 15 5 34 8 20 
36 35 1 19 16 31 2 11 29 24 21 25 10 30 26 9 14 15 5 34 8 20 
37 35 1 19 16 31 2 11 29 24 21 25 10 30 26 9 14 15 5 34 8 20 
38 35 1 19 16 31 2 11 29 24 21 25 10 30 26 9 14 15 5 34 8 38 20 
39 35 1 19 39 16 31 2 11 29 24 21 25 10 30 26 9 14 15 5 34 8 38 20 
40 35 1 19 39 16 31 2 11 29 40 24 21 25 10 30 26 9 14 15 5 34 8 38 20 
41 35 1 19 39 16 31 2 11 29 40 24 21 25 10 30 26 9 14 15 5 34 8 38 20 
42 35 1 19 39 16 31 2 11 29 40 24 21 25 10 30 26 9 14 15 5 34 8 38 20 
43 35 19 39 16 43 11 40 21 25 9 14 15 5 34 38 20 1 31 2 29 24 10 30 26 8 
44 35 19 39 16 43 11 40 21 25 9 14 15 5 34 44 38 20 1 31 2 29 24 10 30 26 8 
45 35 19 39 16 43 11 40 21 25 9 14 45 15 5 34 44 38 20 1 31 2 29 24 10 30 26 8 
46 35 19 39 16 43 11 40 21 25 9 14 45 15 5 34 44 38 20 1 31 2 29 24 10 30 26 8 
47 35 19 39 16 43 11 40 21 25 9 14 45 15 5 34 44 38 20 1 31 2 29 24 10 30 26 8 
48 35 19 39 16 48 43 11 40 21 25 9 14 45 15 5 34 44 38 20 1 31 2 29 24 10 30 26 8 
49 35 19 39 16 48 43 11 40 21 25 9 14 45 15 5 34 49 44 38 20 1 31 2 29 24 10 30 26 8 
50 35 19 39 16 48 43 50 11 40 21 25 9 14 45 15 5 34 49 44 38 20 1 31 2 29 24 10 30 26 8 
51 35 19 39 16 48 43 50 11 40 21 25 9 14 45 15 5 34 49 44 38 20 1 31 2 29 24 10 30 26 8 
52 35 19 39 16 48 43 50 11 40 21 25 9 14 45 15 5 34 49 44 38 20 1 31 2 29 24 10 30 26 8 
53 35 19 39 16 48 43 50 11 40 21 25 9 14 45 15 5 34 49 44 53 38 20 1 31 2 29 24 10 30 26 8 
54 35 19 39 16 48 43 50 11 40 21 25 9 14 45 15 5 34 49 44 53 38 20 1 31 2 29 24 54 10 30 26 8 
55 35 19 39 16 48 43 50 11 40 21 25 9 14 45 15 5 34 49 44 53 38 20 1 31 2 29 24 54 10 30 26 55 8 
56 35 19 39 16 48 43 50 11 40 21 25 9 14 45 15 5 34 49 44 53 38 20 1 31 2 29 24 54 10 30 26 55 8 
57 35 19 39 16 48 43 50 11 40 21 25 9 14 45 15 5 34 49 44 53 38 20 1 31 2 29 24 54 10 30 26 55 8 
58 35 19 39 16 48 43 50 11 40 21 25 9 14 45 15 5 34 49 58 44 53 38 20 1 31 2 29 24 54 10 30 26 55 8 
59 35 19 39 16 48 43 50 11 40 21 25 9 14 45 15 5 34 49 58 44 53 38 20 1 31 2 29 24 54 10 30 26 55 8 59 
60 35 19 39 16 48 43 50 11 40 21 25 9 14 45 15 5 34 49 58 60 44 53 38 20 1 31 2 29 24 54 10 30 26 55 8 59 
61 35 19 39 16 48 43 50 11 40 21 25 9 14 45 15 5 34 49 58 60 44 53 38 20 1 31 2 29 24 54 10 30 26 55 8 59 
62 35 19 39 16 48 43 50 11 40 21 25 9 14 45 15 5 34 49 58 60 44 53 38 20 1 31 2 29 24 54 10 30 26 55 8 59 
63 35 19 39 16 48 43 50 11 40 21 25 63 9 14 45 15 5 34 49 58 60 44 53 38 20 1 31 2 29 24 54 10 30 26 55 8 59 
64 35 19 39 16 48 43 50 11 40 21 25 63 9 14 45 15 5 34 49 58 60 44 53 38 20 1 31 2 29 24 54 10 30 26 55 8 59 
