1 1 
2 1 2 
3 1 2 
4 1 2 
5 1 2 5 
6 1 2 5 
7 1 2 5 
8 1 2 8 5 
9 1 2 8 5 
10 1 2 8 5 
11 1 2 8 11 5 
12 1 2 8 11 12 5 
13 1 13 2 8 11 12 5 
14 1 13 2 8 11 12 5 
15 1 13 2 8 11 12 5 
16 1 13 2 8 11 12 5 16 
17 1 13 2 8 11 12 5 16 17 
18 1 13 2 8 11 12 5 16 17 
19 1 13 2 8 11 12 5 16 17 
20 1 13 2 8 11 12 20 5 16 17 
21 1 13 2 8 11 21 12 20 5 16 17 
22 1 13 2 8 11 21 12 20 5 16 17 
23 1 13 2 8 11 21 12 20 5 16 17 
24 1 13 2 8 11 21 12 20 24 5 16 17 
25 1 8 11 25 12 20 5 16 17 13 2 21 24 
26 1 8 11 25 12 20 5 16 26 17 13 2 21 24 
27 1 8 11 25 12 20 5 16 26 17 13 2 21 24 
28 1 8 11 25 12 20 5 16 26 17 13 2 21 24 
29 1 8 11 25 12 20 5 16 26 17 13 2 21 24 
