1 1 
2 2 1 
3 2 3 1 
4 2 3 4 1 
5 2 3 4 1 
6 2 3 4 1 6 
7 2 3 4 1 7 6 
8 2 3 4 1 7 8 6 
9 2 3 4 1 7 8 6 
10 2 3 4 1 7 8 6 
11 2 3 4 1 11 
12 2 3 4 1 11 
13 2 3 4 13 1 11 
14 14 2 3 4 13 1 11 
15 14 2 3 4 13 15 1 11 
16 14 2 3 4 13 15 1 11 
17 14 2 3 4 13 15 1 11 
18 2 3 4 18 1 11 
19 2 3 4 18 1 11 
20 2 3 4 18 1 11 20 
21 2 3 4 18 21 1 11 20 
22 2 3 4 18 21 1 11 22 20 
23 2 23 3 4 18 21 1 11 22 20 
24 2 23 3 4 18 21 1 11 22 20 
25 2 23 3 4 18 21 1 11 22 20 
26 2 3 4 18 1 11 
27 2 3 4 13 15 21 1 8 6 14 23 18 11 22 7 20 
