1 1 
2 2 1 
3 2 3 1 
4 2 4 3 1 
5 2 4 3 1 5 
6 2 4 3 1 5 
7 2 4 3 1 5 
8 2 4 3 1 8 5 
9 2 4 3 1 8 9 5 
10 2 4 3 1 8 9 5 10 
11 2 4 3 1 8 9 5 10 
12 2 4 3 1 8 9 5 10 
13 2 4 3 1 8 9 13 5 10 
14 2 4 3 1 8 9 13 5 10 14 
15 2 4 3 1 8 9 13 5 15 10 14 
16 2 4 3 1 8 9 13 5 15 10 14 16 
17 2 5 15 16 4 3 1 8 9 13 10 14 17 
18 2 5 15 16 4 3 1 8 9 13 10 14 17 
19 2 5 15 16 4 3 1 8 9 13 10 14 17 
20 2 20 5 15 16 4 3 1 8 9 13 10 14 17 
21 2 20 21 5 15 16 4 3 1 8 9 13 10 17 
22 2 20 21 5 15 16 4 3 22 1 8 9 13 10 17 
23 23 2 20 21 5 15 4 3 22 1 8 9 13 10 17 
24 23 2 20 21 5 15 24 4 3 22 1 8 9 13 10 17 
25 23 2 20 21 5 15 24 4 3 22 1 8 9 13 10 17 
26 23 2 20 21 5 15 24 4 3 22 1 8 9 13 10 17 
27 23 2 20 21 5 15 24 4 3 22 1 8 9 27 13 10 17 
28 23 2 20 21 5 15 24 28 4 3 22 1 8 9 27 13 10 17 
29 23 2 20 21 5 15 24 28 29 4 3 22 1 8 9 27 13 10 17 
30 23 2 20 21 30 5 15 24 28 29 4 3 22 1 8 9 27 13 10 17 
31 23 2 20 21 30 5 15 24 28 31 29 4 3 22 1 8 9 27 13 10 17 
32 23 2 20 21 30 5 15 24 28 31 29 4 3 22 1 8 9 27 13 10 17 
33 23 2 20 21 30 5 15 24 28 31 29 4 3 22 1 8 9 27 13 10 17 
34 23 2 20 21 30 5 15 24 28 31 29 34 4 3 22 1 8 9 27 13 10 17 
35 23 2 20 30 5 15 24 28 31 29 34 4 3 22 1 8 9 27 13 10 17 35 
36 23 2 20 36 30 5 15 24 28 31 29 34 4 3 22 1 8 9 27 13 10 17 35 
37 23 2 20 37 36 30 5 15 24 28 31 29 34 4 3 22 1 8 9 27 13 10 17 35 
38 2 20 37 36 30 5 15 24 28 31 29 34 4 38 3 22 1 8 9 27 13 10 17 35 
39 37 36 30 5 24 28 29 4 3 22 1 13 10 2 20 15 31 34 38 8 9 27 39 17 35 
40 37 36 30 5 24 28 29 4 3 22 1 13 10 2 20 15 31 34 38 8 9 27 39 17 35 
41 37 36 30 5 24 28 29 4 3 22 1 13 10 2 20 15 31 34 38 8 9 27 39 17 35 
42 37 36 30 5 24 28 29 4 3 22 1 13 10 2 20 15 42 31 34 38 8 9 27 39 17 35 
43 37 36 30 5 24 28 29 4 3 22 1 13 10 2 20 43 15 42 31 34 38 8 9 27 39 17 35 
44 37 36 30 5 24 28 29 4 3 22 1 44 13 10 2 20 43 15 42 31 34 38 8 9 27 39 17 35 
45 37 36 30 5 24 28 29 4 3 22 1 44 13 10 45 2 20 43 15 42 31 34 38 8 9 27 39 17 35 
46 46 37 36 30 5 24 28 29 4 3 22 1 44 13 10 45 2 20 43 15 42 31 34 38 8 9 27 39 17 35 
47 46 37 36 30 5 24 28 29 4 3 22 1 44 13 10 45 2 20 43 15 42 31 34 38 8 9 27 39 17 35 
48 46 37 36 30 5 24 28 29 4 3 22 1 44 13 10 45 2 20 43 15 42 31 34 38 8 9 27 39 17 35 
49 46 37 36 30 5 24 28 29 4 49 3 22 1 44 13 10 45 2 20 43 15 42 31 34 38 8 9 27 39 17 35 
50 46 37 36 30 5 24 28 29 4 49 3 22 1 44 13 10 45 50 2 20 43 15 42 31 34 38 8 9 27 39 17 35 
51 46 51 37 36 30 5 24 28 29 4 49 3 22 1 44 13 10 45 50 2 20 43 15 42 31 34 38 8 9 27 39 17 
52 46 51 37 36 30 5 24 28 29 4 49 3 22 1 44 13 10 45 50 52 2 20 43 15 42 31 34 38 8 9 27 39 17 
53 46 51 37 36 30 5 24 28 29 4 49 3 22 1 44 13 10 45 50 52 2 20 43 15 42 31 34 53 8 9 27 39 17 
54 46 51 37 36 30 5 24 28 29 4 49 3 22 1 44 13 10 45 50 52 2 20 43 15 42 31 34 53 8 9 27 54 39 17 
55 46 51 37 36 30 5 24 28 29 4 49 3 22 1 44 13 10 45 50 52 2 20 43 15 42 31 34 53 8 9 27 54 39 17 
56 46 51 37 36 30 5 24 28 29 4 49 3 22 1 44 13 10 45 50 52 2 20 43 15 42 31 34 53 8 9 27 54 39 17 
57 46 51 37 36 30 5 24 28 29 4 49 3 22 1 44 13 57 10 45 50 52 2 20 43 15 42 31 34 53 8 9 27 54 39 17 
58 46 51 37 36 58 30 5 24 28 29 4 49 3 22 1 44 13 57 10 45 50 52 2 20 43 15 42 31 34 53 8 9 27 54 39 17 
59 46 51 37 36 58 30 5 24 28 59 29 4 49 3 22 1 44 13 57 10 45 50 52 2 20 43 15 42 31 34 53 8 9 27 54 39 17 
60 46 51 37 36 58 30 5 24 28 59 29 4 49 60 3 22 1 44 13 57 10 45 50 52 2 20 43 15 42 31 34 53 8 9 27 54 39 17 
61 46 51 37 36 58 61 30 5 24 28 59 29 4 49 60 3 22 1 44 13 57 10 45 50 52 2 20 43 15 42 31 34 53 8 9 27 54 39 17 
62 46 51 37 36 58 61 30 5 24 28 59 29 4 49 60 3 22 1 44 13 57 10 45 50 52 2 20 43 15 42 31 34 53 8 9 27 54 39 17 
63 46 51 37 36 58 61 30 5 24 28 59 29 4 49 60 3 22 1 44 13 57 10 45 50 52 2 20 43 15 42 31 34 53 8 9 27 54 39 17 
64 46 51 37 36 58 61 30 5 24 28 59 29 4 49 60 3 22 1 44 13 57 10 45 50 52 2 20 43 15 42 31 34 53 8 9 27 64 54 39 17 
65 46 37 36 58 61 30 5 65 24 28 59 29 4 49 60 3 22 1 44 13 57 10 45 50 52 2 20 43 15 42 31 34 53 8 9 27 64 54 39 17 
66 46 37 36 58 61 30 5 65 24 28 59 29 4 49 60 3 22 1 44 13 57 10 45 50 52 2 20 43 15 42 31 34 53 8 9 27 64 54 39 17 66 
67 46 37 36 58 61 30 5 65 24 28 59 29 4 49 60 3 22 1 44 13 57 10 45 50 52 2 20 43 15 42 31 34 8 9 27 64 67 54 39 17 66 
68 46 37 36 58 61 30 5 65 24 28 59 29 4 49 60 3 22 1 44 13 57 10 45 50 52 2 20 43 15 42 31 34 8 9 27 64 67 54 39 68 17 66 
69 46 37 36 58 61 30 5 65 24 28 59 29 4 49 60 3 22 1 44 13 57 10 45 50 52 2 20 43 15 42 31 34 8 9 27 64 67 54 39 68 17 66 
70 46 37 36 58 61 30 5 65 24 28 59 29 4 49 60 3 22 1 44 13 57 10 45 50 52 2 20 43 15 42 31 34 8 9 27 64 67 54 39 68 17 66 
71 46 37 36 58 61 30 5 65 24 28 59 29 4 49 60 3 22 1 44 13 57 10 45 50 52 2 20 43 15 42 31 34 8 9 27 64 67 54 39 68 17 66 
