1 1 
2 1 2 
3 1 3 2 
4 1 3 2 
5 1 3 2 5 
6 1 3 6 2 5 
7 1 3 6 2 5 7 
8 1 3 8 6 2 5 7 
9 1 13 18 15 25 17 16 12 14 24 27 5 28 3 8 6 21 32 20 10 2 23 30 7 
10 1 13 18 15 25 17 16 12 14 24 27 5 28 3 8 6 21 32 20 10 2 23 7 
11 1 13 18 15 25 17 16 12 14 24 27 5 28 3 8 6 21 32 20 10 2 23 30 7 
12 1 13 18 15 25 17 16 12 14 24 27 5 28 3 8 6 21 32 20 10 2 23 30 7 
13 1 18 13 15 25 17 16 12 14 24 27 5 28 3 8 6 21 32 20 10 2 23 30 7 
14 1 13 18 15 25 17 16 12 24 14 27 5 28 3 8 6 21 32 20 10 2 23 30 7 
15 1 13 18 25 15 17 16 12 14 24 27 5 28 3 8 6 21 32 20 10 2 23 30 7 
16 1 13 18 15 25 17 16 12 14 24 27 5 28 3 8 6 21 32 20 10 2 23 30 7 
17 1 13 18 15 25 17 16 12 14 24 27 5 28 3 8 6 21 32 20 10 2 23 30 7 
18 1 13 18 15 25 17 16 12 14 24 27 5 28 3 8 6 21 32 20 10 2 23 30 7 
19 1 13 18 15 25 17 16 12 14 24 27 5 28 3 8 6 21 32 20 10 2 23 30 7 
20 1 13 18 15 25 17 16 12 14 24 27 5 28 3 8 6 21 32 20 10 2 23 30 7 
21 1 13 18 15 25 17 16 12 14 24 27 5 28 3 8 6 21 32 20 10 2 23 30 7 
22 1 13 18 15 25 17 16 12 14 24 27 5 28 3 8 6 21 32 20 10 2 23 30 7 
23 1 13 18 15 25 17 16 12 14 24 27 5 28 3 8 6 21 32 20 10 2 30 23 7 
24 1 13 18 15 25 17 16 12 14 24 27 5 28 3 8 6 21 32 20 10 2 23 30 7 
25 1 13 18 15 25 17 16 12 14 24 27 5 28 3 8 6 21 32 20 10 2 23 30 7 
26 1 13 18 15 25 17 16 12 14 24 27 5 28 3 8 6 21 32 20 10 2 23 30 7 
27 1 13 18 15 25 17 16 12 14 24 27 5 28 3 8 6 21 32 20 10 2 23 30 7 
28 1 13 18 15 25 17 16 12 14 24 27 5 28 3 8 6 21 32 20 10 2 23 30 7 
29 1 13 18 15 25 17 16 12 14 24 27 5 28 3 8 6 21 32 20 10 2 23 30 7 
30 1 13 18 15 25 17 16 12 14 24 27 5 28 3 8 6 21 32 20 2 23 30 7 
31 1 13 18 15 25 17 16 12 14 24 27 5 28 3 8 6 21 32 20 2 23 30 7 
32 1 13 18 15 25 17 16 12 14 24 27 5 28 3 6 21 32 20 10 2 23 30 7 
33 1 13 18 15 25 17 16 12 14 24 27 5 28 3 6 21 32 20 10 2 23 30 7 
34 18 12 14 27 3 6 20 1 13 15 25 17 16 24 5 28 8 21 32 10 2 23 30 34 7 
35 18 12 14 27 3 6 20 1 13 15 25 17 16 35 24 5 28 8 21 32 10 2 23 30 34 7 
36 18 12 14 27 3 6 20 36 1 13 15 25 17 16 35 24 5 28 21 10 2 23 30 34 7 
37 18 1 13 15 25 17 16 12 37 35 14 24 27 5 28 3 6 21 20 2 23 34 36 7 
38 18 40 12 14 27 3 6 20 42 36 1 13 15 25 17 16 37 35 24 5 39 41 28 21 2 23 34 7 
39 18 40 12 14 27 3 6 20 42 36 1 13 15 25 17 16 37 35 24 5 41 28 39 21 2 23 34 7 
40 18 40 12 14 27 3 6 20 42 36 1 13 15 25 17 16 37 35 24 5 39 41 28 21 2 23 34 7 
41 18 40 12 14 27 3 6 20 42 1 13 15 25 17 16 37 35 24 5 39 28 41 21 2 23 34 7 
42 18 40 12 14 27 3 6 20 42 1 13 15 25 17 16 35 24 5 39 41 28 21 2 23 34 7 
43 18 40 12 14 27 3 6 20 42 1 13 15 25 17 16 35 24 5 39 41 28 21 2 23 34 7 
44 18 44 40 12 14 27 3 6 20 42 36 1 13 15 25 17 16 37 35 24 5 39 41 28 21 2 23 34 7 
45 18 44 40 45 12 14 27 3 6 20 42 36 1 13 15 25 17 16 37 35 24 5 39 41 28 21 2 23 34 7 
46 18 44 45 40 12 14 27 3 6 20 42 36 1 13 15 25 46 17 16 37 35 24 5 39 41 28 21 2 23 34 7 
47 18 44 45 40 12 14 27 3 6 20 42 36 1 13 15 25 46 17 16 37 35 24 47 5 39 41 28 21 2 23 34 7 
48 18 44 45 40 48 12 14 27 3 6 20 42 36 1 13 15 25 46 17 16 37 35 24 47 5 39 41 28 21 2 23 34 7 
49 18 44 45 48 40 12 14 27 3 6 20 42 36 49 1 13 15 25 46 17 16 37 35 24 47 5 39 41 28 21 2 23 34 7 
50 18 44 45 48 40 12 14 27 3 6 20 42 50 36 49 1 13 15 25 46 17 16 37 35 24 47 5 39 41 28 21 2 23 34 7 
51 18 44 45 48 40 12 14 27 3 6 20 42 51 50 36 49 1 13 15 25 46 17 16 37 35 24 47 5 39 41 28 21 2 23 34 7 
52 18 52 44 45 48 40 12 14 27 3 6 20 51 42 50 36 49 1 13 15 25 46 17 16 37 35 24 47 5 39 41 28 21 2 23 34 7 
53 18 52 44 45 48 40 12 14 27 3 6 20 51 42 50 36 49 53 1 13 15 25 46 17 16 37 35 24 47 5 39 41 28 21 2 23 34 7 
54 18 52 44 45 48 40 12 14 27 3 6 20 51 42 54 50 36 49 53 1 13 15 25 46 17 16 37 35 24 47 5 39 41 28 21 2 23 34 7 
55 18 52 44 45 48 40 12 14 27 3 6 55 20 51 54 50 36 49 53 1 13 15 25 46 17 16 35 24 47 5 39 41 28 21 2 23 34 7 
56 18 52 44 45 48 40 12 14 27 3 6 55 20 51 54 50 56 36 49 53 1 13 15 25 46 17 16 35 24 47 5 39 41 28 21 2 23 34 7 
57 18 52 44 45 48 40 12 14 27 3 6 55 20 51 54 50 56 36 49 53 1 13 15 25 46 17 16 35 24 47 5 39 41 28 21 57 2 23 34 7 
58 18 52 44 45 48 40 12 14 27 3 6 55 20 51 54 50 56 58 36 49 53 1 13 15 25 46 17 16 35 24 47 5 39 41 28 21 57 2 23 34 7 
59 18 52 44 45 48 40 12 14 27 3 6 55 20 51 54 50 56 58 36 49 53 1 13 15 25 46 17 16 35 24 47 5 39 41 28 21 59 57 2 23 34 7 
60 18 52 44 45 48 40 12 14 27 3 6 55 20 51 54 60 50 56 58 36 49 53 1 13 15 25 46 17 16 35 24 47 5 39 41 28 59 21 57 2 23 34 7 
61 18 52 44 45 48 40 12 14 27 3 6 55 20 51 54 60 61 50 56 58 36 49 53 1 13 15 25 46 17 16 35 24 47 5 39 41 28 59 21 57 2 23 34 7 
62 18 52 44 45 48 40 12 14 27 3 6 55 62 20 51 54 60 61 50 56 58 36 49 53 1 13 15 25 46 17 16 35 24 47 5 39 41 28 59 21 57 2 23 34 7 
63 18 52 44 45 48 40 12 14 27 3 6 55 62 20 51 54 60 61 50 56 58 36 49 53 1 13 15 25 46 17 16 35 24 47 5 63 39 41 28 59 21 57 2 23 34 7 
64 18 52 44 45 48 40 12 14 27 3 6 55 62 20 51 54 60 61 50 56 58 36 49 53 1 13 15 25 46 17 16 35 24 47 64 5 63 39 41 28 59 21 57 2 23 34 7 
65 18 52 44 45 48 40 12 14 27 3 6 55 62 20 51 54 60 61 50 56 58 36 49 53 1 13 15 25 46 17 16 35 24 47 64 5 63 39 41 28 59 21 57 2 23 34 65 7 
66 18 52 44 40 14 6 55 61 56 58 36 49 1 13 17 66 35 64 41 59 57 65 45 48 12 27 3 62 20 51 54 60 50 53 15 25 46 16 24 47 5 63 39 28 21 2 23 34 7 
67 18 52 44 40 14 6 55 61 67 56 58 36 49 1 13 17 66 35 64 41 59 57 65 45 48 12 27 3 62 20 51 54 60 50 53 15 25 46 16 24 47 5 63 39 28 21 2 23 34 7 
68 18 52 44 40 14 6 55 61 67 56 58 36 49 1 13 17 66 35 64 41 59 57 65 45 48 12 27 3 68 62 20 51 54 60 50 53 15 25 46 16 24 47 5 63 39 28 21 2 23 34 7 
69 18 52 44 40 14 6 55 69 61 67 56 58 36 49 1 13 17 66 35 64 41 59 57 65 45 48 12 27 3 68 62 20 51 54 60 50 53 15 25 46 16 24 47 5 63 39 28 21 2 23 34 7 
70 18 52 44 40 14 6 55 69 61 67 56 58 36 49 1 13 17 66 35 64 41 59 57 65 45 48 12 27 3 68 62 20 51 54 60 50 53 15 25 46 16 24 47 5 63 39 28 21 2 23 34 7 70 
71 18 52 44 40 14 6 55 69 61 67 56 58 36 49 1 13 17 66 35 64 41 59 57 65 45 48 12 27 3 68 62 20 51 54 60 50 53 15 25 46 16 24 47 5 63 39 28 21 2 23 34 7 70 
72 18 52 44 40 14 6 55 69 61 67 56 58 36 49 1 13 17 66 35 64 41 59 57 65 45 48 12 27 3 68 62 20 51 54 60 50 53 15 25 46 16 24 47 5 63 39 28 21 2 23 34 7 70 
73 18 52 44 40 14 6 55 69 61 67 56 58 36 49 1 13 17 66 35 64 41 59 57 65 45 48 12 27 3 68 62 20 51 54 60 50 53 15 25 46 16 24 47 5 63 39 28 21 2 23 34 7 70 
74 74 
75 74 
76 74 
