1 1 
2 2 1 
3 2 1 
4 4 2 1 
5 4 2 1 
6 4 2 1 
7 4 7 2 1 
8 4 7 2 8 1 
9 4 7 9 2 8 1 
10 4 7 9 2 8 1 10 
11 4 7 9 2 8 1 10 
12 4 7 9 2 8 1 10 
13 4 7 9 2 8 13 1 10 
14 4 7 9 2 8 13 14 1 10 
15 4 7 9 2 8 13 14 1 15 10 
16 4 16 7 9 2 8 13 14 1 15 10 
17 4 16 7 9 2 8 13 14 1 17 15 10 
18 4 16 7 9 2 8 13 14 1 17 15 10 
19 1 17 15 10 4 16 7 9 2 8 13 14 19 
20 23 1 17 15 10 26 4 16 7 9 21 2 8 13 14 19 
21 23 1 17 15 10 26 4 16 7 9 21 2 8 13 14 19 
22 23 1 17 15 10 26 4 16 7 9 21 2 8 13 14 19 
23 23 1 17 15 10 26 4 16 7 9 21 2 8 13 14 19 
24 23 1 17 15 10 26 4 16 7 9 21 2 8 13 14 19 
25 23 1 17 15 10 26 4 16 7 9 21 2 8 13 14 19 
26 23 1 17 15 10 26 4 16 7 9 21 2 8 13 14 
27 23 1 17 15 10 26 4 16 7 9 21 2 8 13 14 
28 23 1 17 15 10 26 4 16 7 9 21 2 8 13 14 19 
29 1 17 15 10 4 16 7 9 2 8 13 14 29 
30 1 17 15 36 10 4 16 7 9 31 2 8 13 14 33 29 
31 1 17 15 36 10 4 16 7 9 31 2 8 13 14 33 29 
32 1 17 15 36 10 4 16 7 9 31 2 8 13 14 33 29 
33 1 17 15 36 10 4 16 7 9 31 2 8 13 14 33 29 
34 1 17 15 36 10 4 16 7 9 31 2 8 13 14 33 29 
35 1 17 15 36 10 4 16 7 9 31 2 8 13 14 33 29 
36 1 17 15 36 10 4 16 7 9 31 2 8 13 14 33 
37 1 17 15 36 10 4 16 7 9 31 2 8 13 14 33 
38 23 1 17 15 36 10 26 4 16 7 9 21 31 2 8 13 14 33 19 29 
