1 2 
2 3 
3 4 
4 5 
5 6 
6 7 
7 8 
8 9 
9 10 
10 11 
11 12 28 
12 13 
13 14 
14 15 28 
15 16 
16 17 
17 18 26 
18 19 
19 20 
20 21 
21 22 
22 23 
23 24 
24 25 
25 28 
26 27 
27 28 
28 29 
29 30 
30 31 
31 32 47 
32 33 
33 34 
34 35 
35 36 46 
36 37 
37 38 45 
38 39 
39 40 
40 41 
41 42 
42 43 
43 44 
44 46 
45 46 
46 30 
47 48 
48 49 
49 50 
50 51 66 
51 52 
52 53 
53 54 
54 55 65 
55 56 
56 57 64 
57 58 
58 59 
59 60 
60 61 
61 62 
62 63 
63 65 
64 65 
65 49 
66 67 
67 68 84 
68 69 
69 70 
70 71 84 
71 72 
72 73 
73 74 82 
74 75 
75 76 
76 77 
77 78 
78 79 
79 80 
80 81 
81 84 
82 83 
83 84 
84 85 
85 86 
86 87 89 
87 88 
88 89 
89 90 
90 
