1 1 
2 2 1 
3 2 1 
4 2 1 
5 2 5 1 
6 2 5 1 
7 2 5 1 
8 8 2 5 1 
9 8 2 5 9 1 
10 8 2 5 9 1 10 
11 8 2 5 9 1 10 
12 8 2 5 9 1 10 
13 8 13 2 5 9 1 10 
14 8 14 13 2 5 9 1 10 
15 8 14 13 2 5 9 1 10 
16 8 14 13 2 5 9 1 10 
17 8 14 13 2 5 9 1 10 17 
18 18 8 14 13 2 5 9 1 10 17 
19 18 19 8 14 13 2 5 9 1 10 17 
20 18 19 8 14 13 2 5 9 1 10 17 
21 18 19 8 14 13 2 5 9 1 10 17 
22 18 19 8 14 13 22 2 5 9 1 10 17 
23 18 8 22 9 23 10 19 14 13 2 5 1 17 
24 18 24 8 22 9 23 10 19 14 13 2 5 1 17 
25 18 24 8 22 9 23 10 19 14 13 2 5 1 17 
26 18 24 8 22 9 23 10 19 14 13 2 5 1 17 
27 18 24 8 22 9 23 10 19 14 27 13 2 5 1 17 
28 18 24 28 8 22 9 23 10 19 14 27 13 2 5 1 17 
29 18 24 28 8 22 9 23 10 19 14 27 13 2 5 1 17 
30 18 24 28 8 22 9 23 10 19 14 27 13 2 5 1 17 
31 18 24 31 28 8 22 9 23 10 19 14 27 13 2 5 1 17 
32 18 24 31 28 8 22 9 23 10 19 32 14 27 13 2 5 1 17 
33 18 24 31 28 8 22 9 23 10 19 32 14 27 13 2 5 1 17 
34 18 24 31 28 8 22 9 23 10 19 32 14 27 13 2 5 1 17 
35 18 24 31 28 8 22 9 23 10 19 32 14 27 13 2 5 1 35 17 
36 18 24 31 28 36 8 22 9 23 10 19 32 14 27 13 2 5 1 35 17 
37 18 24 31 28 36 8 22 9 23 10 19 32 14 27 13 2 5 1 35 17 
38 18 24 31 28 36 8 22 9 23 10 19 32 14 27 13 2 5 1 35 17 
39 18 24 31 28 39 36 8 22 9 23 10 19 32 14 27 13 2 5 1 35 17 
40 18 24 31 28 39 36 8 22 9 23 10 40 19 32 14 27 13 2 5 1 35 17 
41 18 24 31 28 39 36 8 22 9 23 10 40 19 32 14 27 13 2 5 1 35 17 
42 18 24 31 28 39 36 8 22 9 23 10 40 19 32 14 27 13 2 5 1 35 17 
43 18 24 31 28 39 36 8 22 9 23 10 40 19 32 43 14 27 13 2 5 1 35 17 
44 18 24 31 28 39 36 8 22 44 9 23 10 40 19 32 43 14 27 13 2 5 1 35 17 
45 18 24 31 28 39 36 8 22 44 9 23 10 40 19 32 43 14 27 13 2 5 1 35 17 
46 18 24 31 28 39 36 8 22 44 9 23 10 40 19 32 43 14 27 13 2 5 1 35 17 
47 18 24 39 27 5 1 35 31 28 36 8 22 44 9 23 10 40 19 32 43 14 47 13 2 17 
48 18 24 48 39 27 5 1 35 31 28 36 8 22 44 9 23 10 40 19 32 43 14 47 13 2 17 
49 18 24 48 39 27 5 1 35 31 28 36 8 22 44 9 23 10 40 19 32 43 14 47 13 2 17 
50 18 24 48 39 27 5 1 35 31 28 36 8 22 44 9 23 10 40 19 32 43 14 47 13 2 17 
51 18 24 48 39 27 5 1 35 31 28 36 8 22 44 9 23 10 40 19 32 43 14 51 47 13 2 17 
52 18 24 48 39 27 5 1 35 31 28 36 8 22 44 9 23 10 40 19 32 43 14 51 47 13 2 52 17 
53 18 24 48 39 27 5 1 35 31 28 36 8 22 44 9 23 10 40 19 32 43 14 51 47 13 2 52 17 
54 18 24 48 39 27 5 1 35 31 28 36 8 22 44 9 23 10 40 19 32 43 14 51 47 13 2 52 17 
55 18 24 48 39 55 27 5 1 35 31 28 36 8 22 44 9 23 10 40 19 32 43 14 51 47 13 2 52 17 
56 18 24 48 39 55 27 5 1 35 31 28 36 8 22 44 9 23 10 56 40 19 32 43 14 51 47 13 2 52 17 
57 18 24 48 39 55 27 5 1 35 31 28 36 8 22 44 9 23 10 56 40 19 32 43 14 51 47 13 2 52 17 
58 18 24 48 39 55 27 5 1 35 31 28 36 8 22 44 9 23 10 56 40 19 32 43 14 51 47 13 2 52 17 
59 18 24 48 39 55 59 27 5 1 35 31 28 36 8 22 44 9 23 10 56 40 19 32 43 14 51 47 13 2 52 17 
60 18 24 48 39 55 59 27 5 1 35 31 28 36 8 22 44 9 23 10 56 40 19 60 32 43 14 51 47 13 2 52 17 
61 18 24 48 39 61 55 59 27 5 1 35 31 28 36 8 22 44 9 23 10 56 40 19 60 32 43 14 51 47 13 2 52 17 
62 18 24 48 39 61 55 59 27 5 1 35 31 28 36 8 22 44 9 23 10 56 40 19 60 32 43 14 51 47 13 2 52 17 
63 18 24 48 39 61 55 59 27 5 1 35 31 28 36 8 22 44 9 23 10 56 40 19 60 32 43 14 51 47 13 2 52 17 
64 18 24 48 39 61 55 59 27 5 1 35 64 31 28 36 8 22 44 9 23 10 56 40 19 60 32 43 14 51 47 13 2 52 17 
65 18 24 48 39 61 55 59 27 5 1 35 64 31 28 36 8 22 44 9 23 10 65 56 40 19 60 32 43 14 51 47 13 2 52 17 
66 18 24 48 39 61 55 59 27 5 1 35 64 31 28 36 8 22 44 9 23 10 65 56 40 19 60 32 43 14 51 47 13 2 52 17 
67 18 24 48 39 61 55 59 27 5 1 35 64 31 28 36 8 22 44 9 23 10 65 56 40 19 60 32 43 14 51 47 13 2 52 17 
68 68 18 24 48 39 61 55 59 27 5 1 35 64 31 28 36 8 22 44 9 23 10 65 56 40 19 60 32 43 14 51 47 13 2 52 17 
69 68 18 24 48 39 61 55 59 27 5 1 35 64 31 28 36 8 22 44 9 23 10 65 56 69 40 19 60 32 43 14 51 47 13 2 52 17 
70 68 18 24 48 39 61 55 59 27 5 1 35 64 31 28 36 8 22 44 9 23 10 65 56 69 40 19 60 32 43 14 51 47 13 2 52 17 
71 68 18 24 48 39 61 55 59 27 5 1 35 64 31 28 36 8 22 44 9 23 10 65 56 69 40 19 60 32 43 14 51 47 13 2 52 17 
72 68 18 24 48 39 61 55 59 27 5 1 35 64 31 28 36 8 22 44 9 23 10 65 56 69 40 19 60 32 43 14 51 47 13 2 52 17 72 
73 68 18 24 48 39 61 55 59 27 5 1 35 64 31 28 36 8 22 44 9 23 10 65 56 69 40 19 60 32 43 14 51 47 13 2 52 73 17 72 
74 68 18 24 48 39 61 55 59 27 5 1 35 64 31 28 36 8 22 44 9 23 10 74 65 56 69 40 19 60 32 43 14 51 47 13 2 52 73 17 72 
75 68 18 24 48 39 61 55 59 27 5 1 35 64 31 28 36 8 22 44 9 23 10 74 65 56 69 40 19 60 32 43 14 51 47 13 2 52 73 17 72 
76 68 18 24 48 39 61 55 59 27 5 1 35 64 31 28 36 8 22 44 9 23 10 74 65 56 69 40 19 60 32 43 14 51 47 13 2 52 73 17 72 
77 68 18 24 48 39 61 55 59 27 5 1 35 64 31 28 36 8 22 44 9 23 10 74 65 56 69 40 19 60 32 43 77 14 51 47 13 2 52 73 17 72 
78 68 18 24 48 39 78 61 55 59 27 5 1 35 64 31 28 36 8 22 44 9 23 10 74 65 56 69 40 19 60 32 43 77 14 51 47 13 2 52 73 17 72 
79 68 79 18 24 48 39 78 61 55 59 27 5 1 35 64 31 28 36 8 22 44 9 23 10 74 65 56 69 40 19 60 32 43 77 14 51 47 13 2 52 73 17 72 
80 68 79 18 24 48 39 78 61 55 59 27 5 1 35 64 31 28 36 8 22 44 9 23 10 74 65 56 69 40 19 60 32 43 77 14 51 47 13 2 52 73 17 72 
81 68 79 18 24 48 39 78 61 55 59 27 5 1 35 64 31 28 36 8 22 44 9 23 10 74 65 56 69 40 19 60 32 43 77 14 51 47 13 2 52 73 17 72 
82 68 79 18 24 48 39 78 61 55 59 27 5 1 35 82 64 31 28 36 8 22 44 9 23 10 74 65 56 69 40 19 60 32 43 77 14 51 47 13 2 52 73 17 72 
83 68 79 18 24 48 39 78 61 55 83 59 27 5 1 35 82 64 31 28 36 8 22 44 9 23 10 74 65 56 69 40 19 60 32 43 77 14 51 47 13 2 52 73 17 72 
84 68 79 18 24 48 39 78 61 55 83 59 27 5 1 35 82 64 31 28 36 8 22 44 9 23 10 74 65 56 69 40 19 60 32 43 77 14 51 47 13 2 52 73 84 17 72 
85 68 79 18 24 48 39 78 61 55 83 59 27 5 1 35 82 64 31 28 36 8 22 44 9 23 10 74 65 56 69 40 19 60 32 43 77 14 51 47 13 2 52 73 84 17 72 
86 68 79 18 24 48 39 78 61 55 83 59 27 5 1 35 82 64 31 28 36 8 22 44 9 23 10 74 65 56 69 40 19 60 32 43 77 14 51 47 13 2 52 73 84 17 72 
87 68 79 18 24 48 39 78 87 61 55 83 59 27 5 1 35 82 64 31 28 36 8 22 44 9 23 10 74 65 56 69 40 19 60 32 43 77 14 51 47 13 2 52 73 84 17 72 
88 68 79 18 24 48 39 78 87 61 55 83 59 27 5 1 35 82 64 31 28 36 8 22 44 9 23 10 74 65 56 69 40 19 60 32 43 77 14 51 47 13 2 52 73 84 88 17 72 
89 68 89 18 48 39 55 83 27 5 35 82 64 31 36 8 10 65 56 40 19 60 32 77 51 47 13 73 84 72 79 24 78 87 61 59 1 28 22 44 9 23 74 69 43 14 2 52 88 17 
90 68 89 18 48 39 55 83 27 5 35 82 64 31 36 8 10 65 56 40 19 60 32 77 51 47 13 73 84 72 79 24 78 87 61 59 1 28 22 44 9 23 74 69 43 14 2 52 88 17 
91 68 89 18 48 39 55 83 27 5 35 82 64 31 36 8 10 65 56 40 19 60 32 77 51 47 13 73 84 72 79 24 78 87 61 59 1 28 22 44 9 23 74 69 43 14 2 52 88 17 
92 68 89 18 48 39 55 83 27 5 35 82 64 31 36 8 10 65 56 40 19 60 32 77 51 47 13 92 73 84 72 79 24 78 87 61 59 1 28 22 44 9 23 74 69 43 14 2 52 88 17 
93 68 89 18 48 39 55 83 27 5 35 82 64 31 36 8 10 65 56 40 19 60 32 77 51 47 13 92 73 84 72 79 24 93 78 87 61 59 1 28 22 44 9 23 74 69 43 14 2 52 88 17 
94 68 89 18 48 39 55 83 27 5 35 82 64 31 36 8 10 65 56 40 19 60 32 77 51 47 94 13 92 73 84 72 79 24 93 78 87 61 59 1 28 22 44 9 23 74 69 43 14 2 52 88 17 
95 68 89 18 48 39 55 83 27 5 35 82 64 31 36 8 10 65 56 40 19 60 32 77 51 47 94 13 92 73 84 72 79 24 93 78 87 61 59 1 28 22 44 9 23 74 69 43 14 2 52 88 17 
96 68 89 18 48 39 55 83 27 5 35 82 64 31 36 8 10 65 56 40 19 60 32 77 51 47 94 13 92 73 84 72 79 24 93 78 87 61 59 1 28 22 44 9 23 74 69 43 14 2 52 88 17 
97 68 89 18 48 39 55 83 27 5 35 82 64 31 36 8 10 65 56 40 19 60 32 77 51 47 94 13 92 73 84 72 79 24 97 93 78 87 61 59 1 28 22 44 9 23 74 69 43 14 2 52 88 17 
98 68 89 18 48 39 55 83 27 5 35 82 64 31 36 8 10 65 56 40 19 60 32 77 51 47 94 13 92 73 84 72 79 24 97 93 78 87 61 59 1 98 28 22 44 9 23 74 69 43 14 2 52 88 17 
99 68 89 18 48 39 55 83 27 5 35 82 64 31 36 8 10 65 56 40 19 60 32 77 51 47 94 13 92 73 84 72 79 24 99 97 93 78 87 61 59 1 98 28 22 44 9 23 74 69 43 14 2 52 88 17 
100 68 89 18 48 39 55 83 27 5 35 82 64 31 36 8 10 65 56 40 19 60 32 77 51 47 94 13 92 73 84 72 79 24 99 97 93 78 87 61 59 1 98 28 22 44 9 23 74 69 43 14 2 52 88 17 
101 68 89 18 48 39 55 83 27 5 35 82 64 31 36 8 10 65 56 40 19 60 32 77 51 47 94 13 92 73 84 72 79 24 99 97 93 78 87 61 59 1 98 28 22 44 9 23 74 69 43 14 2 52 88 17 
102 68 89 18 48 39 55 83 27 5 35 82 64 31 36 8 10 65 56 40 19 60 32 77 51 47 94 13 92 73 84 72 79 24 99 97 93 78 87 61 59 102 1 98 28 22 44 9 23 74 69 43 14 2 52 88 17 
103 68 89 18 48 39 55 83 27 5 35 82 64 31 36 8 10 65 56 40 19 60 32 77 51 47 94 13 92 73 84 72 79 24 99 97 93 78 87 61 59 102 1 98 103 28 22 44 9 23 74 69 43 14 2 52 88 17 
104 68 89 18 48 39 55 83 104 27 5 35 82 64 31 36 8 10 65 56 40 19 60 32 77 51 47 94 13 92 73 84 72 79 24 99 97 93 78 87 61 59 102 1 98 103 28 22 44 9 23 74 69 43 14 2 52 88 17 
105 68 89 18 48 39 55 83 104 27 5 35 82 64 31 36 8 10 65 56 40 19 60 32 77 51 47 94 13 92 73 84 72 79 24 99 97 93 78 87 61 59 102 1 98 103 28 22 44 9 23 74 69 43 14 2 52 88 17 
106 68 89 18 48 39 55 83 104 27 5 35 82 64 31 36 8 10 65 56 40 19 60 32 77 51 47 94 13 92 73 84 72 79 24 99 97 93 78 87 61 59 102 1 98 103 28 22 44 9 23 74 69 43 14 2 52 88 17 
107 68 89 18 48 39 55 83 104 107 27 5 35 82 64 31 36 8 10 65 56 40 19 60 32 77 51 47 94 13 92 73 84 72 79 24 99 97 93 78 87 61 59 102 1 98 103 28 22 44 9 23 74 69 43 14 2 52 88 17 
108 68 89 18 48 39 55 83 104 107 27 5 35 82 64 31 36 8 10 65 56 40 19 60 32 77 51 47 94 13 92 73 84 72 79 24 99 97 93 78 87 61 59 102 108 1 98 103 28 22 44 9 23 74 69 43 14 2 52 88 17 
109 68 89 18 48 39 55 83 104 107 27 5 35 82 64 31 36 8 109 10 65 56 40 19 60 32 77 51 47 94 13 92 73 84 72 79 24 99 97 93 78 87 61 59 102 108 1 98 103 28 22 44 9 23 74 69 43 14 2 52 88 17 
110 68 89 18 48 39 55 83 104 107 27 5 35 82 64 31 36 8 109 10 65 56 40 19 60 32 77 51 47 94 13 92 73 84 72 79 24 99 97 93 78 87 61 59 102 108 1 98 103 28 22 44 9 23 74 69 43 14 2 52 88 17 
111 68 89 18 48 39 55 83 104 107 27 5 35 82 64 31 36 8 109 10 65 56 40 19 60 32 77 51 47 94 13 92 73 84 72 79 24 99 97 93 78 87 61 59 102 108 1 98 103 28 22 44 9 23 74 69 43 14 2 52 88 17 
112 68 89 18 48 39 55 83 104 107 27 5 35 82 64 31 36 8 109 10 65 56 40 19 60 32 77 51 47 94 13 92 73 84 72 79 24 99 97 93 78 87 61 59 102 108 1 98 103 28 22 44 9 23 74 112 69 43 14 2 52 88 17 
113 68 89 18 48 39 55 83 113 104 107 27 5 35 82 64 31 36 8 109 10 65 56 40 19 60 32 77 51 47 94 13 92 73 84 72 79 24 99 97 93 78 87 61 59 102 108 1 98 103 28 22 44 9 23 74 112 69 43 14 2 52 88 17 
114 68 89 18 48 39 114 55 83 113 104 107 27 5 35 82 64 31 36 8 109 10 65 56 40 19 60 32 77 51 47 94 13 92 73 84 72 79 24 99 97 93 78 87 61 59 102 108 1 98 103 28 22 44 9 23 74 112 69 43 14 2 52 88 17 
115 68 89 18 48 39 114 55 83 113 104 107 27 5 35 82 64 31 36 8 109 10 65 56 40 19 60 32 77 51 47 94 13 92 73 84 72 79 24 99 97 93 78 87 61 59 102 108 1 98 103 28 22 44 9 23 74 112 69 43 14 2 52 88 17 
116 68 89 18 48 39 114 55 83 113 104 107 27 5 35 82 64 31 36 8 109 10 65 56 40 19 60 32 77 51 47 94 13 92 73 84 72 79 24 99 97 93 78 87 61 59 102 108 1 98 103 28 22 44 9 23 74 112 69 43 14 2 52 88 17 
117 68 89 18 48 39 114 55 83 113 104 107 27 5 35 82 64 31 36 8 109 10 65 56 40 19 60 32 77 51 47 94 13 92 117 73 84 72 79 24 99 97 93 78 87 61 59 102 108 1 98 103 28 22 44 9 23 74 112 69 43 14 2 52 88 17 
118 68 89 18 48 39 114 55 83 113 104 118 107 27 5 35 82 64 31 36 8 109 10 65 56 40 19 60 32 77 51 47 94 13 92 117 73 84 72 79 24 99 97 93 78 87 61 59 102 108 1 98 103 28 22 44 9 23 74 112 69 43 14 2 52 88 17 
119 68 89 18 48 39 114 55 83 113 104 118 107 27 5 35 82 64 31 36 8 109 10 65 56 40 19 60 32 77 51 47 94 13 92 117 73 84 72 79 24 99 97 119 93 78 87 61 59 102 108 1 98 103 28 22 44 9 23 74 112 69 43 14 2 52 88 17 
120 68 89 18 48 39 114 55 83 113 104 118 107 27 5 35 82 64 31 36 8 109 10 65 56 40 19 60 32 77 51 47 94 13 92 117 73 84 72 79 24 99 97 119 93 78 87 61 59 102 108 1 98 103 28 22 44 9 23 74 112 69 43 14 2 52 88 17 
121 68 89 18 48 39 114 55 83 113 104 118 107 27 5 35 82 64 31 36 8 109 10 65 56 40 19 60 32 77 51 47 94 13 92 117 73 84 72 79 24 99 97 119 93 78 87 61 59 102 108 1 98 103 28 22 44 9 23 74 112 69 43 14 2 52 88 17 
122 68 89 18 48 39 114 55 83 113 104 118 107 27 5 35 82 64 31 36 8 109 10 65 56 40 19 60 32 77 51 47 94 122 13 92 117 73 84 72 79 24 99 97 119 93 78 87 61 59 102 108 1 98 103 28 22 44 9 23 74 112 69 43 14 2 52 88 17 
123 68 89 18 48 39 114 55 83 123 113 104 118 107 27 5 35 82 64 31 36 8 109 10 65 56 40 19 60 32 77 51 47 94 122 13 92 117 73 84 72 79 24 99 97 119 93 78 87 61 59 102 108 1 98 103 28 22 44 9 23 74 112 69 43 14 2 52 88 17 
124 68 89 18 48 39 114 55 83 123 113 104 118 107 27 5 35 82 64 31 36 8 109 10 65 56 40 19 60 32 77 51 47 94 122 13 92 117 73 84 72 79 24 99 97 119 93 78 124 87 61 59 102 108 1 98 103 28 22 44 9 23 74 112 69 43 14 2 52 88 17 
125 68 89 18 48 39 114 55 83 123 113 104 118 107 27 5 35 82 64 31 36 8 109 10 65 56 40 19 60 32 77 51 47 94 122 13 92 117 73 84 72 79 24 99 97 119 93 78 124 87 61 59 102 108 1 98 103 28 22 44 9 23 74 112 69 43 14 2 52 88 17 
126 68 89 18 48 39 114 55 83 123 113 104 118 107 27 5 35 82 64 31 36 8 109 10 65 56 40 19 60 32 77 51 47 94 122 13 92 117 73 84 72 79 24 99 97 119 93 78 124 87 61 59 102 108 1 98 103 28 22 44 9 23 74 112 69 43 14 2 52 88 17 
127 68 89 18 48 39 114 55 83 123 113 104 118 107 27 5 35 82 64 31 36 8 109 10 65 56 40 19 60 32 77 51 47 94 122 13 92 117 73 84 72 79 24 99 97 119 93 78 124 87 61 59 102 127 108 1 98 103 28 22 44 9 23 74 112 69 43 14 2 52 88 17 
128 68 89 18 48 39 114 55 83 123 113 104 118 107 27 5 35 82 64 128 31 36 8 109 10 65 56 40 19 60 32 77 51 47 94 122 13 92 117 73 84 72 79 24 99 97 119 93 78 124 87 61 59 102 127 108 1 98 103 28 22 44 9 23 74 112 69 43 14 2 52 88 17 
129 68 89 18 48 39 114 55 83 123 113 104 118 107 27 5 35 82 64 128 31 36 8 109 10 65 56 40 19 60 32 77 51 47 94 122 13 92 117 73 84 72 79 24 99 97 119 93 78 124 87 61 59 102 127 108 1 98 103 28 22 44 9 23 74 112 69 129 43 14 2 52 88 17 
130 68 89 18 48 39 114 55 83 123 113 104 118 107 27 5 35 82 64 128 31 36 8 109 10 65 56 40 19 60 32 77 51 47 94 122 13 92 117 73 84 72 79 24 99 97 119 93 78 124 87 61 59 102 127 108 1 98 103 28 22 44 9 23 74 112 69 129 43 14 2 52 88 17 
131 68 89 18 48 39 114 55 83 123 113 104 118 107 27 5 35 82 64 128 31 36 8 109 10 65 56 40 19 60 32 77 51 47 94 122 13 92 117 73 84 72 79 24 99 97 119 93 78 124 87 61 59 102 127 108 1 98 103 28 22 44 9 23 74 112 69 129 43 14 2 52 88 17 
132 68 89 18 48 39 114 55 83 123 113 104 118 107 27 132 5 35 82 64 128 31 36 8 109 10 65 56 40 19 60 32 77 51 47 94 122 13 92 117 73 84 72 79 24 99 97 119 93 78 124 87 61 59 102 127 108 1 98 103 28 22 44 9 23 74 112 69 129 43 14 2 52 88 17 
133 68 89 18 48 39 114 55 83 123 113 104 118 107 27 132 5 35 82 64 128 31 36 8 109 10 65 133 56 40 19 60 32 77 51 47 94 122 13 92 117 73 84 72 79 24 99 97 119 93 78 124 87 61 59 102 127 108 1 98 103 28 22 44 9 23 74 112 69 129 43 14 2 52 88 17 
134 68 89 18 48 39 114 55 83 123 113 104 118 107 27 132 5 35 82 64 128 31 134 36 8 109 10 65 133 56 40 19 60 32 77 51 47 94 122 13 92 117 73 84 72 79 24 99 97 119 93 78 124 87 61 59 102 127 108 1 98 103 28 22 44 9 23 74 112 69 129 43 14 2 52 88 17 
135 68 89 18 48 39 114 55 83 123 113 104 118 107 27 132 5 35 82 64 128 31 134 36 8 109 10 65 133 56 40 19 60 32 77 51 47 94 122 13 92 117 73 84 72 79 24 99 97 119 93 78 124 87 61 59 102 127 108 1 98 103 28 22 44 9 23 74 112 69 129 43 14 2 52 88 17 
136 68 89 18 48 39 114 55 83 123 113 104 118 107 27 132 5 35 82 64 128 31 134 36 8 109 10 65 133 56 40 19 60 32 77 51 47 94 122 13 92 117 73 84 72 79 24 99 97 119 93 78 124 87 61 59 102 127 108 1 98 103 28 22 44 9 23 74 112 69 129 43 14 2 52 88 17 
137 68 89 18 48 39 114 55 83 123 113 104 118 107 27 132 5 35 82 64 128 31 134 36 8 109 10 65 133 56 40 19 60 32 77 51 47 94 122 13 92 117 73 84 72 79 24 99 97 119 93 78 124 87 137 61 59 102 127 108 1 98 103 28 22 44 9 23 74 112 69 129 43 14 2 52 88 17 
138 68 89 18 48 39 114 55 83 123 113 104 118 107 27 132 5 35 82 138 64 128 31 134 36 8 109 10 65 133 56 40 19 60 32 77 51 47 94 122 13 92 117 73 84 72 79 24 99 97 119 93 78 124 87 137 61 59 102 127 108 1 98 103 28 22 44 9 23 74 112 69 129 43 14 2 52 88 17 
139 68 89 18 48 39 114 55 83 123 113 104 118 139 107 27 132 5 35 82 138 64 128 31 134 36 8 109 10 65 133 56 40 19 60 32 77 51 47 94 122 13 92 117 73 84 72 79 24 99 97 119 93 78 124 87 137 61 59 102 127 108 1 98 103 28 22 44 9 23 74 112 69 129 43 14 2 52 88 17 
140 68 89 18 48 39 114 55 83 123 113 104 118 139 107 27 132 5 35 82 138 64 128 31 134 36 8 109 10 65 133 56 40 19 60 32 77 51 47 94 122 13 92 117 73 84 72 79 24 99 97 119 93 78 124 87 137 61 59 102 127 108 1 98 103 28 22 44 9 23 74 112 69 129 43 14 2 52 88 17 
141 68 89 18 48 39 114 55 83 123 113 104 118 139 107 27 132 5 35 82 138 64 128 31 134 36 8 109 10 65 133 56 40 19 60 32 77 51 47 94 122 13 92 117 73 84 72 79 24 99 97 119 93 78 124 87 137 61 59 102 127 108 1 98 103 28 22 44 9 23 74 112 69 129 43 14 2 52 88 17 
142 68 89 18 48 39 114 55 83 123 113 104 118 139 107 27 132 5 35 82 138 64 128 31 134 36 8 109 10 65 133 56 40 19 60 32 77 51 47 94 122 13 92 117 73 84 72 79 24 99 97 119 93 78 124 87 137 61 59 102 127 108 1 98 103 28 142 22 44 9 23 74 112 69 129 43 14 2 52 88 17 
143 68 89 18 48 39 114 143 55 83 123 113 104 118 139 107 27 132 5 35 82 138 64 128 31 134 36 8 109 10 65 133 56 40 19 60 32 77 51 47 94 122 13 92 117 73 84 72 79 24 99 97 119 93 78 124 87 137 61 59 102 127 108 1 98 103 28 142 22 44 9 23 74 112 69 129 43 14 2 52 88 17 
144 68 89 18 48 39 114 143 55 83 123 113 104 118 139 107 27 132 5 35 82 138 64 128 31 134 36 8 109 10 65 133 144 56 40 19 60 32 77 51 47 94 122 13 92 117 73 84 72 79 24 99 97 119 93 78 124 87 137 61 59 102 127 108 1 98 103 28 142 22 44 9 23 74 112 69 129 43 14 2 52 88 17 
145 68 89 18 48 39 114 143 55 83 123 113 104 118 139 107 27 132 5 35 82 138 64 128 31 134 36 8 109 10 65 133 144 56 40 19 60 32 77 51 47 94 122 13 92 117 73 84 72 79 24 99 97 119 93 78 124 87 137 61 59 102 127 108 1 98 103 28 142 22 44 9 23 74 112 69 129 43 14 2 52 88 17 
146 68 89 18 48 39 114 143 55 83 123 113 104 118 139 107 27 132 5 35 82 138 64 128 31 134 36 8 109 10 65 133 144 56 40 19 60 32 77 51 47 94 122 13 92 117 73 84 72 79 24 99 97 119 93 78 124 87 137 61 59 102 127 108 1 98 103 28 142 22 44 9 23 74 112 69 129 43 14 2 52 88 17 
147 68 89 147 18 48 39 114 143 55 83 123 113 104 118 139 107 27 132 5 35 82 138 64 128 31 134 36 8 109 10 65 133 144 56 40 19 60 32 77 51 47 94 122 13 92 117 73 84 72 79 24 99 97 119 93 78 124 87 137 61 59 102 127 108 1 98 103 28 142 22 44 9 23 74 112 69 129 43 14 2 52 88 17 
148 68 89 147 18 48 39 114 143 55 83 123 113 104 118 139 107 27 132 5 35 82 138 64 128 31 134 36 8 109 10 65 133 144 56 40 19 60 32 77 51 47 94 122 13 92 117 73 84 72 79 24 99 97 119 93 78 124 87 137 61 59 102 127 148 108 1 98 103 28 142 22 44 9 23 74 112 69 129 43 14 2 52 88 17 
149 68 89 147 18 48 39 114 143 55 83 123 113 104 118 139 107 27 132 5 35 82 138 64 128 31 134 36 8 109 10 65 133 144 56 40 19 60 32 77 51 47 94 122 13 92 117 73 84 72 79 24 99 97 119 93 78 124 87 137 61 59 102 127 148 108 1 98 103 28 142 22 44 9 23 74 112 69 129 43 14 2 52 88 149 17 
150 68 89 147 18 48 39 114 143 55 83 123 113 104 118 139 107 27 132 5 35 82 138 64 128 31 134 36 8 109 10 65 133 144 56 40 19 60 32 77 51 47 94 122 13 92 117 73 84 72 79 24 99 97 119 93 78 124 87 137 61 59 102 127 148 108 1 98 103 28 142 22 44 9 23 74 112 69 129 43 14 2 52 88 149 17 
151 68 89 147 18 48 39 114 143 55 83 123 113 104 118 139 107 27 132 5 35 82 138 64 128 31 134 36 8 109 10 65 133 144 56 40 19 60 32 77 51 47 94 122 13 92 117 73 84 72 79 24 99 97 119 93 78 124 87 137 61 59 102 127 148 108 1 98 103 28 142 22 44 9 23 74 112 69 129 43 14 2 52 88 149 17 
152 68 89 147 18 48 39 114 143 55 83 123 113 104 118 139 107 152 27 132 5 35 82 138 64 128 31 134 36 8 109 10 65 133 144 56 40 19 60 32 77 51 47 94 122 13 92 117 73 84 72 79 24 99 97 119 93 78 124 87 137 61 59 102 127 148 108 1 98 103 28 142 22 44 9 23 74 112 69 129 43 14 2 52 88 149 17 
153 68 89 147 18 48 39 114 143 55 83 123 113 104 118 139 107 152 27 132 5 35 82 138 64 128 31 134 36 8 109 10 65 133 144 56 40 19 60 153 32 77 51 47 94 122 13 92 117 73 84 72 79 24 99 97 119 93 78 124 87 137 61 59 102 127 148 108 1 98 103 28 142 22 44 9 23 74 112 69 129 43 14 2 52 88 149 17 
154 68 89 147 18 48 39 114 143 55 83 123 113 104 118 139 154 107 152 27 132 5 35 82 138 64 128 31 134 36 8 109 10 65 133 144 56 40 19 60 153 32 77 51 47 94 122 13 92 117 73 84 72 79 24 99 97 119 93 78 124 87 137 61 59 102 127 148 108 1 98 103 28 142 22 44 9 23 74 112 69 129 43 14 2 52 88 149 17 
155 68 89 147 18 48 39 114 143 55 83 123 113 104 118 139 154 107 152 27 132 5 35 82 138 64 128 31 134 36 8 109 10 65 133 144 56 40 19 60 153 32 77 51 47 94 122 13 92 117 73 84 72 79 24 99 97 119 93 78 124 87 137 61 59 102 127 148 108 1 98 103 28 142 22 44 9 23 74 112 69 129 43 14 2 52 88 149 17 
156 68 89 147 18 48 39 114 143 55 83 123 113 104 118 139 154 107 152 27 132 5 35 82 138 64 128 31 134 36 8 109 10 65 133 144 56 40 19 60 153 32 77 51 47 94 122 13 92 117 73 84 72 79 24 99 97 119 93 78 124 87 137 61 59 102 127 148 108 1 98 103 28 142 22 44 9 23 74 112 69 129 43 14 2 52 88 149 17 
157 68 89 147 18 48 39 114 143 55 83 123 113 104 118 139 154 107 152 27 132 5 35 82 138 64 128 31 134 36 8 109 10 65 133 144 56 40 19 60 153 32 77 51 47 94 122 13 92 117 73 84 72 79 24 99 97 119 93 78 124 87 137 61 59 102 127 148 108 157 1 98 103 28 142 22 44 9 23 74 112 69 129 43 14 2 52 88 149 17 
158 68 89 147 18 48 39 114 143 55 83 123 113 104 118 139 154 107 152 27 132 5 35 82 138 64 128 31 134 36 8 109 10 65 133 144 56 40 19 60 153 32 77 51 47 94 122 13 92 117 73 84 72 79 24 99 97 119 93 78 124 87 137 61 59 102 127 148 108 157 1 158 98 103 28 142 22 44 9 23 74 112 69 129 43 14 2 52 88 149 17 
159 68 89 147 18 48 39 114 143 55 83 123 113 104 118 139 154 107 152 27 132 5 35 82 138 64 128 31 134 36 8 109 10 65 133 144 56 40 19 60 153 32 77 51 47 94 122 13 92 117 73 84 159 72 79 24 99 97 119 93 78 124 87 137 61 59 102 127 148 108 157 1 158 98 103 28 142 22 44 9 23 74 112 69 129 43 14 2 52 88 149 17 
160 68 89 147 18 48 39 114 143 55 83 123 113 104 118 139 154 107 152 27 132 5 35 82 138 64 128 31 134 36 8 109 10 65 133 144 56 40 19 60 153 32 77 51 47 94 122 13 92 117 73 84 159 72 79 24 99 97 119 93 78 124 87 137 61 59 102 127 148 108 157 1 158 98 103 28 142 22 44 9 23 74 112 69 129 43 14 2 52 88 149 17 
161 68 89 147 18 48 39 114 143 55 83 123 113 104 118 139 154 107 152 27 132 5 35 82 138 64 128 31 134 36 8 109 10 65 133 144 56 40 19 60 153 32 77 51 47 94 122 13 92 117 73 84 159 72 79 24 99 97 119 93 78 124 87 137 61 59 102 127 148 108 157 1 158 98 103 28 142 22 44 9 23 74 112 69 129 43 14 2 52 88 149 17 
162 68 89 147 18 48 39 114 143 55 83 123 113 104 118 162 139 154 107 152 27 132 5 35 82 138 64 128 31 134 36 8 109 10 65 133 144 56 40 19 60 153 32 77 51 47 94 122 13 92 117 73 84 159 72 79 24 99 97 119 93 78 124 87 137 61 59 102 127 148 108 157 1 158 98 103 28 142 22 44 9 23 74 112 69 129 43 14 2 52 88 149 17 
163 68 89 147 18 48 39 114 143 55 83 123 113 104 118 162 139 154 107 152 27 132 5 35 82 138 64 128 31 134 36 8 109 10 65 133 144 56 40 19 60 153 32 77 51 47 94 122 13 92 117 73 84 159 72 163 79 24 99 97 119 93 78 124 87 137 61 59 102 127 148 108 157 1 158 98 103 28 142 22 44 9 23 74 112 69 129 43 14 2 52 88 149 17 
164 68 89 147 18 48 39 114 143 55 83 123 113 104 118 162 139 154 107 152 27 132 5 35 82 138 64 128 31 134 36 8 109 10 65 133 144 56 40 19 60 153 32 77 51 47 94 122 13 92 117 73 84 159 72 163 79 24 99 97 119 93 78 124 87 137 61 59 102 127 148 164 108 157 1 158 98 103 28 142 22 44 9 23 74 112 69 129 43 14 2 52 88 149 17 
165 68 89 147 18 48 39 114 143 55 83 123 113 104 118 162 139 154 107 152 27 132 5 35 82 138 64 128 31 134 36 8 109 10 65 133 144 56 40 19 60 153 32 77 51 47 94 122 13 92 117 73 84 159 72 163 79 24 99 97 119 93 78 124 87 137 61 59 102 127 148 164 108 157 1 158 98 103 28 142 22 44 9 23 74 112 69 129 43 14 2 52 88 149 17 
166 68 89 147 18 48 39 114 143 55 83 123 113 104 118 162 139 154 107 152 27 132 5 35 82 138 64 128 31 134 36 8 109 10 65 133 144 56 40 19 60 153 32 77 51 47 94 122 13 92 117 73 84 159 72 163 79 24 99 97 119 93 78 124 87 137 61 59 102 127 148 164 108 157 1 158 98 103 28 142 22 44 9 23 74 112 69 129 43 14 2 52 88 149 17 
167 68 89 147 18 48 39 114 143 55 83 123 113 104 118 162 139 154 107 152 27 132 5 35 82 138 64 128 31 134 36 8 109 10 65 133 144 56 40 19 60 153 32 77 51 47 94 122 13 92 117 73 84 159 72 163 79 24 99 97 119 93 78 124 87 137 61 59 102 127 148 164 108 157 1 158 98 103 28 142 22 44 9 23 74 112 69 129 43 14 2 52 88 149 17 167 
168 68 89 147 18 48 39 114 143 55 83 123 113 104 118 162 139 154 107 152 27 132 5 35 82 138 64 128 31 134 36 8 109 10 65 133 144 56 40 19 60 153 32 77 51 47 94 122 13 92 117 73 84 159 72 163 79 24 99 97 119 93 78 124 87 137 61 59 102 127 148 164 108 157 168 1 158 98 103 28 142 22 44 9 23 74 112 69 129 43 14 2 52 88 149 17 167 
169 68 89 18 114 123 104 118 162 154 107 132 5 64 128 134 36 8 109 133 144 40 19 153 32 77 51 122 13 92 73 163 24 99 119 78 124 87 61 108 1 158 103 28 142 22 44 9 169 147 48 39 143 55 83 113 139 152 27 35 82 138 31 10 65 56 60 47 94 117 84 159 72 79 97 93 137 59 102 127 148 164 157 168 98 23 74 112 69 129 43 14 2 52 88 149 17 167 
170 68 89 18 114 123 104 118 162 154 107 132 5 64 128 134 36 8 109 133 144 40 19 153 32 77 51 122 13 92 73 163 24 99 119 78 124 87 61 108 1 158 103 28 142 22 44 9 169 147 48 39 143 55 83 113 139 152 27 35 82 138 31 10 65 56 60 47 94 117 84 159 72 79 97 93 137 59 102 127 148 164 157 168 98 23 74 112 69 129 43 14 2 52 88 149 17 167 
171 68 89 18 114 123 104 118 162 154 107 132 5 64 128 134 36 8 109 133 144 40 19 153 32 77 51 122 13 92 73 163 24 99 119 78 124 87 61 108 1 158 103 28 142 22 44 9 169 147 48 39 143 55 83 113 139 152 27 35 82 138 31 10 65 56 60 47 94 117 84 159 72 79 97 93 137 59 102 127 148 164 157 168 98 23 74 112 69 129 43 14 2 52 88 149 17 167 
172 68 89 18 114 123 104 118 162 154 107 132 5 64 128 134 36 8 109 133 144 40 19 153 32 77 51 122 13 92 73 163 24 99 119 78 124 87 61 108 1 158 103 28 142 22 44 9 169 147 48 39 143 55 83 113 139 152 27 35 82 138 31 10 65 56 60 47 94 117 84 159 72 79 97 93 137 59 102 127 148 172 164 157 168 98 23 74 112 69 129 43 14 2 52 88 149 17 167 
173 68 89 18 114 123 104 118 162 154 107 132 5 64 128 134 36 8 109 133 144 40 19 153 32 77 51 122 13 92 73 163 24 99 119 78 124 87 61 108 1 158 103 28 142 22 44 9 169 147 48 39 143 55 83 113 139 152 27 35 82 138 31 10 65 56 173 60 47 94 117 84 159 72 79 97 93 137 59 102 127 148 172 164 157 168 98 23 74 112 69 129 43 14 2 52 88 149 17 167 
174 68 89 18 114 123 104 118 162 154 107 132 5 174 64 128 134 36 8 109 133 144 40 19 153 32 77 51 122 13 92 73 163 24 99 119 78 124 87 61 108 1 158 103 28 142 22 44 9 169 147 48 39 143 55 83 113 139 152 27 35 82 138 31 10 65 56 173 60 47 94 117 84 159 72 79 97 93 137 59 102 127 148 172 164 157 168 98 23 74 112 69 129 43 14 2 52 88 149 17 167 
175 68 89 18 114 123 104 118 162 154 107 132 5 174 64 128 134 36 8 109 133 144 40 19 153 32 77 51 122 13 92 73 163 24 99 119 78 124 87 61 108 1 158 103 28 142 22 44 9 169 147 48 39 143 55 83 113 139 152 27 35 82 138 31 10 65 56 173 60 47 94 117 84 159 72 79 97 93 137 59 102 127 148 172 164 157 168 98 23 74 112 69 129 43 14 2 52 88 149 17 167 
176 68 89 18 114 123 104 118 162 154 107 132 5 174 64 128 134 36 8 109 133 144 40 19 153 32 77 51 122 13 92 73 163 24 99 119 78 124 87 61 108 1 158 103 28 142 22 44 9 169 147 48 39 143 55 83 113 139 152 27 35 82 138 31 10 65 56 173 60 47 94 117 84 159 72 79 97 93 137 59 102 127 148 172 164 157 168 98 23 74 112 69 129 43 14 2 52 88 149 17 167 
177 68 89 18 114 123 104 118 162 154 107 132 5 174 64 128 134 36 8 109 133 144 40 19 153 32 77 51 122 13 92 73 163 24 99 119 78 124 87 61 108 1 158 103 28 142 22 44 9 169 147 48 177 39 143 55 83 113 139 152 27 35 82 138 31 10 65 56 173 60 47 94 117 84 159 72 79 97 93 137 59 102 127 148 172 164 157 168 98 23 74 112 69 129 43 14 2 52 88 149 17 167 
178 68 89 18 114 123 104 118 162 154 107 132 5 174 64 128 134 36 8 109 133 144 40 19 153 32 77 51 122 13 92 73 163 24 99 119 78 124 87 61 108 1 158 103 28 178 142 22 44 9 169 147 48 177 39 143 55 83 113 139 152 27 35 82 138 31 10 65 56 173 60 47 94 117 84 159 72 79 97 93 137 59 102 127 148 172 164 157 168 98 23 74 112 69 129 43 14 2 52 88 149 17 167 
179 68 89 18 114 123 104 118 162 154 107 132 5 174 64 128 134 36 8 109 133 144 40 19 179 153 32 77 51 122 13 92 73 163 24 99 119 78 124 87 61 108 1 158 103 28 178 142 22 44 9 169 147 48 177 39 143 55 83 113 139 152 27 35 82 138 31 10 65 56 173 60 47 94 117 84 159 72 79 97 93 137 59 102 127 148 172 164 157 168 98 23 74 112 69 129 43 14 2 52 88 149 17 167 
180 68 89 18 114 123 104 118 162 154 107 132 5 174 64 128 134 36 8 109 133 144 40 19 179 153 32 77 51 122 13 92 73 163 24 99 119 78 124 87 61 108 1 158 103 28 178 142 22 44 9 169 147 48 177 39 143 55 83 113 139 152 27 35 82 138 31 10 65 56 173 60 47 94 117 84 159 72 79 97 93 137 59 102 127 148 172 164 157 168 98 23 74 112 69 129 43 14 2 52 88 149 17 167 
181 68 89 18 114 123 104 118 162 154 107 132 5 174 64 128 134 36 8 109 133 144 40 19 179 153 32 77 51 122 13 92 73 163 24 99 119 78 124 87 61 108 1 158 103 28 178 142 22 44 9 169 147 48 177 39 143 55 83 113 139 152 27 35 82 138 31 10 65 56 173 60 47 94 117 84 159 72 79 97 93 137 59 102 127 148 172 164 157 168 98 23 74 112 69 129 43 14 2 52 88 149 17 167 
182 68 89 18 114 123 182 104 118 162 154 107 132 5 174 64 128 134 36 8 109 133 144 40 19 179 153 32 77 51 122 13 92 73 163 24 99 119 78 124 87 61 108 1 158 103 28 178 142 22 44 9 169 147 48 177 39 143 55 83 113 139 152 27 35 82 138 31 10 65 56 173 60 47 94 117 84 159 72 79 97 93 137 59 102 127 148 172 164 157 168 98 23 74 112 69 129 43 14 2 52 88 149 17 167 
183 68 89 18 183 114 123 182 104 118 162 154 107 132 5 174 64 128 134 36 8 109 133 144 40 19 179 153 32 77 51 122 13 92 73 163 24 99 119 78 124 87 61 108 1 158 103 28 178 142 22 44 9 169 147 48 177 39 143 55 83 113 139 152 27 35 82 138 31 10 65 56 173 60 47 94 117 84 159 72 79 97 93 137 59 102 127 148 172 164 157 168 98 23 74 112 69 129 43 14 2 52 88 149 17 167 
184 68 89 18 183 114 123 182 104 118 162 154 107 132 5 174 64 128 134 36 8 109 133 144 40 19 179 153 32 77 51 122 13 92 73 163 24 99 119 184 78 124 87 61 108 1 158 103 28 178 142 22 44 9 169 147 48 177 39 143 55 83 113 139 152 27 35 82 138 31 10 65 56 173 60 47 94 117 84 159 72 79 97 93 137 59 102 127 148 172 164 157 168 98 23 74 112 69 129 43 14 2 52 88 149 17 167 
185 68 89 18 183 114 123 182 104 118 162 154 107 132 5 174 64 128 134 36 8 109 133 144 40 19 179 153 32 77 51 122 13 92 73 163 24 99 119 184 78 124 87 61 108 1 158 103 28 178 142 22 44 9 169 147 48 177 39 143 55 83 113 139 152 27 35 82 138 31 10 65 56 173 60 47 94 117 84 159 72 79 97 93 137 59 102 127 148 172 164 157 168 98 23 74 112 69 129 43 14 2 52 88 149 17 167 
186 68 89 18 183 114 123 182 104 118 162 154 107 132 5 174 64 128 134 36 8 109 133 144 40 19 179 153 32 77 51 122 13 92 73 163 24 99 119 184 78 124 87 61 108 1 158 103 28 178 142 22 44 9 169 147 48 177 39 143 55 83 113 139 152 27 35 82 138 31 10 65 56 173 60 47 94 117 84 159 72 79 97 93 137 59 102 127 148 172 164 157 168 98 23 74 112 69 129 43 14 2 52 88 149 17 167 
187 68 89 18 183 114 123 182 104 118 162 154 107 132 5 174 64 128 134 36 8 109 133 144 40 19 179 153 32 77 51 122 13 92 73 163 24 99 119 184 78 124 87 61 108 1 158 103 28 178 142 22 44 9 169 187 147 48 177 39 143 55 83 113 139 152 27 35 82 138 31 10 65 56 173 60 47 94 117 84 159 72 79 97 93 137 59 102 127 148 172 164 157 168 98 23 74 112 69 129 43 14 2 52 88 149 17 167 
188 68 89 18 183 114 123 182 104 118 162 154 107 132 5 174 64 128 134 36 8 109 133 144 40 19 179 153 32 77 51 122 13 92 73 163 24 99 119 184 78 124 87 61 108 1 158 103 28 178 142 22 44 9 169 187 147 48 177 39 143 55 83 113 139 152 27 35 82 138 31 10 65 56 173 60 188 47 94 117 84 159 72 79 97 93 137 59 102 127 148 172 164 157 168 98 23 74 112 69 129 43 14 2 52 88 149 17 167 
189 68 89 18 183 114 123 182 104 118 162 154 107 132 5 174 64 128 134 36 8 109 133 144 40 189 19 179 153 32 77 51 122 13 92 73 163 24 99 119 184 78 124 87 61 108 1 158 103 28 178 142 22 44 9 169 187 147 48 177 39 143 55 83 113 139 152 27 35 82 138 31 10 65 56 173 60 188 47 94 117 84 159 72 79 97 93 137 59 102 127 148 172 164 157 168 98 23 74 112 69 129 43 14 2 52 88 149 17 167 
190 68 89 18 183 114 123 182 104 118 162 154 107 132 5 174 64 128 134 36 8 109 133 144 40 189 19 179 153 32 77 51 122 13 92 73 163 24 99 119 184 78 124 87 61 108 1 158 103 28 178 142 22 44 9 169 187 147 48 177 39 143 55 83 113 139 152 27 35 82 138 31 10 65 56 173 60 188 47 94 117 84 159 72 79 97 93 137 59 102 127 148 172 164 157 168 98 23 74 112 69 129 43 14 2 52 88 149 17 167 
191 68 89 18 183 114 123 182 104 118 162 154 107 132 5 174 64 128 134 36 8 109 133 144 40 189 19 179 153 32 77 51 122 13 92 73 163 24 99 119 184 78 124 87 61 108 1 158 103 28 178 142 22 44 9 169 187 147 48 177 39 143 55 83 113 139 152 27 35 82 138 31 10 65 56 173 60 188 47 94 117 84 159 72 79 97 93 137 59 102 127 148 172 164 157 168 98 23 74 112 69 129 43 14 2 52 88 149 17 167 
192 68 89 18 183 114 123 182 104 118 162 154 107 132 5 174 64 128 134 36 8 109 133 144 40 189 19 179 153 32 77 51 122 13 92 73 163 24 99 119 184 78 124 87 61 108 1 158 103 28 178 192 142 22 44 9 169 187 147 48 177 39 143 55 83 113 139 152 27 35 82 138 31 10 65 56 173 60 188 47 94 117 84 159 72 79 97 93 137 59 102 127 148 172 164 157 168 98 23 74 112 69 129 43 14 2 52 88 149 17 167 
193 68 89 18 183 114 123 182 104 118 162 154 107 132 5 174 64 128 134 36 8 109 133 144 40 189 19 179 153 32 77 51 122 13 92 73 163 24 99 119 184 78 124 87 61 108 193 1 158 103 28 178 192 142 22 44 9 169 187 147 48 177 39 143 55 83 113 139 152 27 35 82 138 31 10 65 56 173 60 188 47 94 117 84 159 72 79 97 93 137 59 102 127 148 172 164 157 168 98 23 74 112 69 129 43 14 2 52 88 149 17 167 
194 68 89 18 183 114 123 182 104 118 162 154 107 132 5 174 64 128 134 36 8 109 133 144 40 189 19 179 153 32 77 51 122 13 92 73 163 24 99 119 184 78 124 87 61 108 193 1 158 103 28 178 192 142 22 44 9 169 187 147 48 177 39 143 55 83 113 139 152 27 35 82 138 31 10 65 56 173 60 188 47 94 194 117 84 159 72 79 97 93 137 59 102 127 148 172 164 157 168 98 23 74 112 69 129 43 14 2 52 88 149 17 167 
195 68 89 18 183 114 123 182 104 118 162 154 107 132 5 174 64 128 134 36 8 109 133 144 40 189 19 179 153 32 77 51 122 13 92 73 163 24 99 119 184 78 124 87 61 108 193 1 158 103 28 178 192 142 22 44 9 169 187 147 48 177 39 143 55 83 113 139 152 27 35 82 138 31 10 65 56 173 60 188 47 94 194 117 84 159 72 79 97 93 137 59 102 127 148 172 164 157 168 98 23 74 112 69 129 43 14 2 52 88 149 17 167 
196 68 89 18 183 114 123 182 104 118 162 154 107 132 5 174 64 128 134 36 8 109 133 144 40 189 19 179 153 32 77 51 122 13 92 73 163 24 99 119 184 78 124 87 61 108 193 1 158 103 28 178 192 142 22 44 9 169 187 147 48 177 39 143 55 83 113 139 152 27 35 82 138 31 10 65 56 173 60 188 47 94 194 117 84 159 72 79 97 93 137 59 102 127 148 172 164 157 168 98 23 74 112 69 129 43 14 2 52 88 149 17 167 
197 68 89 18 183 114 123 182 104 118 162 154 107 132 5 174 64 128 134 36 8 109 133 144 40 189 19 179 153 32 77 51 122 13 92 73 163 24 99 119 184 78 124 87 61 108 193 1 158 103 28 178 192 142 22 44 9 169 187 197 147 48 177 39 143 55 83 113 139 152 27 35 82 138 31 10 65 56 173 60 188 47 94 194 117 84 159 72 79 97 93 137 59 102 127 148 172 164 157 168 98 23 74 112 69 129 43 14 2 52 88 149 17 167 
198 68 89 18 183 114 123 182 104 118 162 154 107 132 5 174 64 128 134 36 8 109 133 144 40 189 19 179 153 32 77 51 122 13 92 73 163 24 99 119 184 78 124 87 61 108 193 1 158 103 28 178 192 142 22 44 9 169 187 197 147 48 177 39 143 55 83 113 139 152 27 35 82 138 31 10 65 56 173 198 60 188 47 94 194 117 84 159 72 79 97 93 137 59 102 127 148 172 164 157 168 98 23 74 112 69 129 43 14 2 52 88 149 17 167 
199 68 89 18 183 114 123 182 104 118 162 154 107 132 5 174 64 128 134 36 8 109 133 144 40 189 19 179 153 32 77 51 122 13 92 73 163 24 99 119 184 78 124 87 61 108 193 199 1 158 103 28 178 192 142 22 44 9 169 187 197 147 48 177 39 143 55 83 113 139 152 27 35 82 138 31 10 65 56 173 198 60 188 47 94 194 117 84 159 72 79 97 93 137 59 102 127 148 172 164 157 168 98 23 74 112 69 129 43 14 2 52 88 149 17 167 
200 68 89 18 183 114 123 182 104 118 162 154 107 132 5 174 64 128 134 36 8 109 133 144 40 189 19 179 153 32 77 51 122 13 92 73 163 24 99 119 184 78 124 87 61 108 193 199 1 158 103 28 178 192 142 22 44 9 169 187 197 147 48 177 39 143 55 83 113 139 152 27 35 82 138 31 10 65 56 173 198 60 188 47 94 194 117 84 159 72 79 97 93 137 59 102 127 148 172 164 157 168 98 23 74 112 69 129 43 14 2 52 88 149 17 167 
201 68 89 18 183 114 123 182 104 118 162 154 107 132 5 174 64 128 134 36 8 109 133 144 40 189 19 179 153 32 77 51 122 13 92 73 163 24 99 119 184 78 124 87 61 108 193 199 1 158 103 28 178 192 142 22 44 9 169 187 197 147 48 177 39 143 55 83 113 139 152 27 35 82 138 31 10 65 56 173 198 60 188 47 94 194 117 84 159 72 79 97 93 137 59 102 127 148 172 164 157 168 98 23 74 112 69 129 43 14 2 52 88 149 17 167 
202 68 89 18 183 114 123 182 104 118 162 154 107 132 5 174 64 128 134 36 8 202 109 133 144 40 189 19 179 153 32 77 51 122 13 92 73 163 24 99 119 184 78 124 87 61 108 193 199 1 158 103 28 178 192 142 22 44 9 169 187 197 147 48 177 39 143 55 83 113 139 152 27 35 82 138 31 10 65 56 173 198 60 188 47 94 194 117 84 159 72 79 97 93 137 59 102 127 148 172 164 157 168 98 23 74 112 69 129 43 14 2 52 88 149 17 167 
203 68 89 18 183 114 123 182 104 118 203 162 154 107 132 5 174 64 128 134 36 8 202 109 133 144 40 189 19 179 153 32 77 51 122 13 92 73 163 24 99 119 184 78 124 87 61 108 193 199 1 158 103 28 178 192 142 22 44 9 169 187 197 147 48 177 39 143 55 83 113 139 152 27 35 82 138 31 10 65 56 173 198 60 188 47 94 194 117 84 159 72 79 97 93 137 59 102 127 148 172 164 157 168 98 23 74 112 69 129 43 14 2 52 88 149 17 167 
204 68 89 18 183 114 123 182 104 118 203 162 154 107 132 5 174 64 128 134 36 8 202 109 133 144 40 189 19 179 153 32 77 51 122 13 92 73 163 24 99 119 184 78 124 87 61 108 193 199 1 158 103 28 178 192 142 22 44 9 169 187 197 147 48 177 39 143 55 83 113 139 152 27 35 82 138 31 10 65 56 173 198 60 188 47 94 194 117 84 159 72 79 97 93 137 204 59 102 127 148 172 164 157 168 98 23 74 112 69 129 43 14 2 52 88 149 17 167 
205 68 89 18 183 114 123 182 104 118 203 162 154 107 132 5 174 64 128 134 36 8 202 109 133 144 40 189 19 179 153 32 77 51 122 13 92 73 163 24 99 119 184 78 124 87 61 108 193 199 1 158 103 28 178 192 142 22 44 9 169 187 197 147 48 177 39 143 55 83 113 139 152 27 35 82 138 31 10 65 56 173 198 60 188 47 94 194 117 84 159 72 79 97 93 137 204 59 102 127 148 172 164 157 168 98 23 74 112 69 129 43 14 2 52 88 149 17 167 
206 68 89 18 183 114 123 182 104 118 203 162 154 107 132 5 174 64 128 134 36 8 202 109 133 144 40 189 19 179 153 32 77 51 122 13 92 73 163 24 99 119 184 78 124 87 61 108 193 199 1 158 103 28 178 192 142 22 44 9 169 187 197 147 48 177 39 143 55 83 113 139 152 27 35 82 138 31 10 65 56 173 198 60 188 47 94 194 117 84 159 72 79 97 93 137 204 59 102 127 148 172 164 157 168 98 23 74 112 69 129 43 14 2 52 88 149 17 167 
207 68 89 18 183 114 123 182 104 118 203 162 154 107 132 5 174 64 128 134 36 8 202 109 133 144 40 189 19 179 153 32 77 51 122 13 92 73 163 24 99 119 184 78 124 87 61 108 193 199 1 158 103 28 178 192 142 22 44 9 169 187 197 147 48 177 39 143 55 83 113 139 152 27 35 82 138 31 10 65 56 173 198 60 188 47 94 194 117 84 159 72 79 97 93 137 204 59 102 127 148 172 164 157 168 98 23 207 74 112 69 129 43 14 2 52 88 149 17 167 
208 68 89 18 183 114 123 182 104 118 203 162 154 107 132 5 174 64 128 134 36 8 202 109 133 144 40 189 19 179 153 32 77 51 122 13 92 73 163 24 99 119 184 78 124 87 61 108 193 199 1 158 103 28 178 192 142 22 44 9 169 187 197 147 48 177 39 143 55 83 113 139 152 27 35 82 138 31 208 10 65 56 173 198 60 188 47 94 194 117 84 159 72 79 97 93 137 204 59 102 127 148 172 164 157 168 98 23 207 74 112 69 129 43 14 2 52 88 149 17 167 
209 68 89 18 183 114 123 182 104 118 203 162 154 107 132 5 174 64 128 134 36 8 202 109 133 144 40 189 19 179 153 32 77 51 122 13 92 73 163 24 99 119 184 78 124 87 61 108 193 199 1 158 103 28 178 192 142 22 44 9 169 187 197 147 48 177 39 143 55 83 113 139 152 27 35 82 138 31 208 209 10 65 56 173 198 60 188 47 94 194 117 84 159 72 79 97 93 137 204 59 102 127 148 172 164 157 168 98 23 207 74 112 69 129 43 14 2 52 88 149 17 167 
210 68 89 18 183 114 123 182 104 118 203 162 154 107 132 5 174 64 128 134 36 8 202 109 133 144 40 189 19 179 153 32 77 51 122 13 92 73 163 24 99 119 184 78 124 87 61 108 193 199 1 158 103 28 178 192 142 22 44 9 169 187 197 147 48 177 39 143 55 83 113 139 152 27 35 82 138 31 208 209 10 65 56 173 198 60 188 47 94 194 117 84 159 72 79 97 93 137 204 59 102 127 148 172 164 157 168 98 23 207 74 112 69 129 43 14 2 52 88 149 17 167 
211 68 89 18 183 114 123 182 104 118 203 162 154 107 132 5 174 64 128 134 36 8 202 109 133 144 40 189 19 179 153 32 77 51 122 13 92 73 163 24 99 119 184 78 124 87 61 108 193 199 1 158 103 28 178 192 142 22 44 9 169 187 197 147 48 177 39 143 55 83 113 139 152 27 35 82 138 31 208 209 10 65 56 173 198 60 188 47 94 194 117 84 159 72 79 97 93 137 204 59 102 127 148 172 164 157 168 98 23 207 74 112 69 129 43 14 2 52 88 149 17 167 
212 68 89 18 183 114 123 182 104 118 203 162 154 107 132 5 174 64 128 134 36 8 202 109 133 144 40 189 19 179 153 32 77 51 122 13 92 73 163 24 99 119 184 78 124 87 61 108 193 199 1 158 103 28 178 192 142 22 44 212 9 169 187 197 147 48 177 39 143 55 83 113 139 152 27 35 82 138 31 208 209 10 65 56 173 198 60 188 47 94 194 117 84 159 72 79 97 93 137 204 59 102 127 148 172 164 157 168 98 23 207 74 112 69 129 43 14 2 52 88 149 17 167 
213 68 89 18 183 114 123 182 104 118 203 162 154 107 132 5 174 64 128 134 36 8 202 109 133 144 40 189 19 179 153 32 77 51 122 13 92 73 163 24 99 119 184 78 124 87 61 108 193 199 1 158 103 28 178 192 142 22 44 212 9 169 187 197 147 48 177 39 143 55 83 113 139 152 27 35 82 138 31 208 209 10 65 56 173 198 60 188 47 94 194 117 84 159 72 79 97 93 137 204 59 102 127 148 172 164 157 213 168 98 23 207 74 112 69 129 43 14 2 52 88 149 17 167 
214 68 89 18 183 114 123 182 104 118 203 162 154 107 132 5 174 64 128 134 36 8 202 109 133 144 40 189 19 179 153 32 77 51 122 13 92 73 163 24 99 119 184 78 124 87 61 108 193 199 1 158 103 28 178 192 142 22 44 212 9 169 187 197 147 48 177 39 143 55 83 113 139 152 27 35 82 138 31 208 209 10 65 56 173 198 60 188 47 94 194 117 84 159 72 79 97 93 137 204 59 102 127 148 172 164 157 213 168 98 214 23 207 74 112 69 129 43 14 2 52 88 149 17 167 
215 68 89 18 183 114 123 182 104 118 203 162 154 107 132 5 174 64 128 134 36 8 202 109 133 144 40 189 19 179 153 32 77 51 122 13 92 73 163 24 99 119 184 78 124 87 61 108 193 199 1 158 103 28 178 192 142 22 44 212 9 169 187 197 147 48 177 39 143 55 83 113 139 152 27 35 82 138 31 208 209 10 65 56 173 198 60 188 47 94 194 117 84 159 72 79 97 93 137 204 59 102 127 148 172 164 157 213 168 98 214 23 207 74 112 69 129 43 14 2 52 88 149 17 167 
216 68 89 18 183 114 123 182 104 118 203 162 154 107 132 5 174 64 128 134 36 8 202 109 133 144 40 189 19 179 153 32 77 51 122 13 92 73 163 24 99 119 184 78 124 87 61 108 193 199 1 158 103 28 178 192 142 22 44 212 9 169 187 197 147 48 177 39 143 55 83 113 139 152 27 35 82 138 31 208 209 10 65 56 173 198 60 188 47 94 194 117 84 159 72 79 97 93 137 204 59 102 127 148 172 164 157 213 168 98 214 23 207 74 112 69 129 43 14 2 52 88 149 17 167 
217 68 89 18 183 114 123 182 104 118 203 162 154 107 132 5 174 64 128 134 36 8 202 109 133 144 40 189 19 179 153 32 77 51 122 13 92 73 163 24 99 119 184 78 124 87 61 108 193 199 1 158 103 28 178 192 142 22 44 212 9 169 187 197 147 48 177 39 143 55 83 113 139 152 27 35 82 138 31 208 209 10 65 56 173 198 60 188 47 94 194 117 84 159 72 79 97 93 137 204 59 102 127 148 172 164 217 157 213 168 98 214 23 207 74 112 69 129 43 14 2 52 88 149 17 167 
218 68 89 18 183 114 123 182 104 118 203 162 154 107 132 5 174 64 128 134 36 8 202 109 133 144 40 189 19 179 153 32 77 51 218 122 13 92 73 163 24 99 119 184 78 124 87 61 108 193 199 1 158 103 28 178 192 142 22 44 212 9 169 187 197 147 48 177 39 143 55 83 113 139 152 27 35 82 138 31 208 209 10 65 56 173 198 60 188 47 94 194 117 84 159 72 79 97 93 137 204 59 102 127 148 172 164 217 157 213 168 98 214 23 207 74 112 69 129 43 14 2 52 88 149 17 167 
219 68 89 18 183 114 123 182 104 118 203 162 154 107 132 5 174 64 128 134 36 8 202 109 133 144 40 189 19 179 153 32 77 51 218 122 13 92 73 163 24 99 119 184 78 124 87 61 108 193 199 1 158 103 219 28 178 192 142 22 44 212 9 169 187 197 147 48 177 39 143 55 83 113 139 152 27 35 82 138 31 208 209 10 65 56 173 198 60 188 47 94 194 117 84 159 72 79 97 93 137 204 59 102 127 148 172 164 217 157 213 168 98 214 23 207 74 112 69 129 43 14 2 52 88 149 17 167 
220 68 89 18 183 114 123 182 104 118 203 162 154 107 132 5 174 64 128 134 36 8 202 109 133 144 40 189 19 179 153 32 77 51 218 122 13 92 73 163 24 99 119 184 78 124 87 61 108 193 199 1 158 103 219 28 178 192 142 22 44 212 9 169 187 197 147 48 177 39 143 55 83 113 139 152 27 35 82 138 31 208 209 10 65 56 173 198 60 188 47 94 194 117 84 159 72 79 97 93 137 204 59 102 127 148 172 164 217 157 213 168 98 214 23 207 74 112 69 129 43 14 2 52 88 149 17 167 
221 68 89 18 183 114 123 182 104 118 203 162 154 107 132 5 174 64 128 134 36 8 202 109 133 144 40 189 19 179 153 32 77 51 218 122 13 92 73 163 24 99 119 184 78 124 87 61 108 193 199 1 158 103 219 28 178 192 142 22 44 212 9 169 187 197 147 48 177 39 143 55 83 113 139 152 27 35 82 138 31 208 209 10 65 56 173 198 60 188 47 94 194 117 84 159 72 79 97 93 137 204 59 102 127 148 172 164 217 157 213 168 98 214 23 207 74 112 69 129 43 14 2 52 88 149 17 167 
222 68 89 18 183 114 123 182 104 118 203 162 154 107 132 5 174 64 128 134 36 8 202 109 133 144 40 189 19 179 153 32 77 51 218 122 13 92 73 163 24 99 119 184 78 124 87 61 108 193 199 1 158 103 219 28 178 192 142 22 44 212 9 169 187 197 147 48 177 39 143 55 83 113 139 152 27 35 82 138 31 208 222 209 10 65 56 173 198 60 188 47 94 194 117 84 159 72 79 97 93 137 204 59 102 127 148 172 164 217 157 213 168 98 214 23 207 74 112 69 129 43 14 2 52 88 149 17 167 
223 68 89 18 183 114 123 182 104 118 203 162 154 107 132 5 174 64 128 134 36 8 202 109 133 144 40 189 19 179 153 32 77 51 218 122 13 92 73 163 24 99 223 119 184 78 124 87 61 108 193 199 1 158 103 219 28 178 192 142 22 44 212 9 169 187 197 147 48 177 39 143 55 83 113 139 152 27 35 82 138 31 208 222 209 10 65 56 173 198 60 188 47 94 194 117 84 159 72 79 97 93 137 204 59 102 127 148 172 164 217 157 213 168 98 214 23 207 74 112 69 129 43 14 2 52 88 149 17 167 
224 68 89 18 183 114 123 182 104 118 203 162 154 107 132 5 174 64 128 134 36 8 202 109 133 144 40 189 19 179 153 32 77 51 224 218 122 13 92 73 163 24 99 223 119 184 78 124 87 61 108 193 199 1 158 103 219 28 178 192 142 22 44 212 9 169 187 197 147 48 177 39 143 55 83 113 139 152 27 35 82 138 31 208 222 209 10 65 56 173 198 60 188 47 94 194 117 84 159 72 79 97 93 137 204 59 102 127 148 172 164 217 157 213 168 98 214 23 207 74 112 69 129 43 14 2 52 88 149 17 167 
225 68 89 18 183 114 123 182 104 118 203 162 154 107 132 5 174 64 128 134 36 8 202 109 133 144 40 189 19 179 153 32 77 51 224 218 122 13 92 73 163 24 99 223 119 184 78 124 87 61 108 193 199 1 158 103 219 28 178 192 142 22 44 212 9 169 187 197 147 48 177 39 143 55 83 113 139 152 27 35 82 138 31 208 222 209 10 65 56 173 198 60 188 47 94 194 117 84 159 72 79 97 93 137 204 59 102 127 148 172 164 217 157 213 168 98 214 23 207 74 112 69 129 43 14 2 52 88 149 17 167 
226 68 89 18 183 114 123 182 104 118 203 162 154 107 132 5 174 64 128 134 36 8 202 109 133 144 40 189 19 179 153 32 77 51 224 218 122 13 92 73 163 24 99 223 119 184 78 124 87 61 108 193 199 1 158 103 219 28 178 192 142 22 44 212 9 169 187 197 147 48 177 39 143 55 83 113 139 152 27 35 82 138 31 208 222 209 10 65 56 173 198 60 188 47 94 194 117 84 159 72 79 97 93 137 204 59 102 127 148 172 164 217 157 213 168 98 214 23 207 74 112 69 129 43 14 2 52 88 149 17 167 
227 68 89 18 183 114 123 182 104 118 203 162 154 107 132 5 174 64 128 134 36 8 202 109 133 144 40 189 19 179 153 32 77 51 224 218 122 13 92 73 163 24 99 223 119 184 78 124 87 61 108 193 199 1 158 103 219 28 178 192 142 22 44 212 9 169 187 197 147 48 177 39 143 55 83 113 139 152 27 227 35 82 138 31 208 222 209 10 65 56 173 198 60 188 47 94 194 117 84 159 72 79 97 93 137 204 59 102 127 148 172 164 217 157 213 168 98 214 23 207 74 112 69 129 43 14 2 52 88 149 17 167 
228 68 89 18 183 114 123 182 104 118 203 162 154 107 132 5 174 64 128 134 36 8 202 109 133 144 40 189 19 179 153 32 77 51 224 218 122 13 92 73 163 24 99 223 119 184 78 124 87 61 108 193 199 1 158 103 219 28 178 192 142 22 44 212 9 169 187 228 197 147 48 177 39 143 55 83 113 139 152 27 227 35 82 138 31 208 222 209 10 65 56 173 198 60 188 47 94 194 117 84 159 72 79 97 93 137 204 59 102 127 148 172 164 217 157 213 168 98 214 23 207 74 112 69 129 43 14 2 52 88 149 17 167 
229 68 89 18 183 114 123 182 104 118 203 162 154 107 132 5 174 64 128 134 36 8 202 109 133 144 40 189 19 179 153 32 77 51 224 218 122 13 92 73 163 24 99 223 119 184 78 124 87 61 229 108 193 199 1 158 103 219 28 178 192 142 22 44 212 9 169 187 228 197 147 48 177 39 143 55 83 113 139 152 27 227 35 82 138 31 208 222 209 10 65 56 173 198 60 188 47 94 194 117 84 159 72 79 97 93 137 204 59 102 127 148 172 164 217 157 213 168 98 214 23 207 74 112 69 129 43 14 2 52 88 149 17 167 
230 68 89 18 183 114 123 182 104 118 203 162 154 107 132 5 174 64 128 134 36 8 202 109 133 144 40 189 19 179 153 32 77 51 224 218 122 13 92 73 163 24 99 223 119 184 78 124 87 61 229 108 193 199 1 158 103 219 28 178 192 142 22 44 212 9 169 187 228 197 147 48 177 39 143 55 83 113 139 152 27 227 35 82 138 31 208 222 209 10 65 56 173 198 60 188 47 94 194 117 84 159 72 79 97 93 137 204 59 102 127 148 172 164 217 157 213 168 98 214 23 207 74 112 69 129 43 14 2 52 88 149 17 167 
231 68 89 18 183 114 123 182 104 118 203 162 154 107 132 5 174 64 128 134 36 8 202 109 133 144 40 189 19 179 153 32 77 51 224 218 122 13 92 73 163 24 99 223 119 184 78 124 87 61 229 108 193 199 1 158 103 219 28 178 192 142 22 44 212 9 169 187 228 197 147 48 177 39 143 55 83 113 139 152 27 227 35 82 138 31 208 222 209 10 65 56 173 198 60 188 47 94 194 117 84 159 72 79 97 93 137 204 59 102 127 148 172 164 217 157 213 168 98 214 23 207 74 112 69 129 43 14 2 52 88 149 17 167 
232 68 89 18 183 114 123 182 104 118 203 162 154 107 132 5 174 64 128 134 36 8 202 109 133 144 40 189 19 179 153 32 77 51 224 218 122 13 92 73 163 24 99 223 119 184 78 124 87 61 229 108 193 199 1 158 103 219 28 178 192 142 22 44 212 9 169 187 228 197 147 48 177 39 143 55 83 113 139 152 27 227 35 82 138 31 208 222 209 232 10 65 56 173 198 60 188 47 94 194 117 84 159 72 79 97 93 137 204 59 102 127 148 172 164 217 157 213 168 98 214 23 207 74 112 69 129 43 14 2 52 88 149 17 167 
233 68 89 18 183 114 123 182 104 118 203 162 154 107 132 5 174 64 128 134 36 8 202 109 133 144 40 189 19 179 153 32 77 51 224 218 122 13 92 73 163 24 99 223 119 184 78 124 87 61 229 108 193 199 1 158 103 219 28 178 192 142 22 44 212 9 169 187 228 197 147 48 177 39 143 55 83 113 139 152 27 227 35 82 138 31 208 222 209 232 10 65 56 173 198 60 188 47 94 194 117 84 159 72 79 97 93 233 137 204 59 102 127 148 172 164 217 157 213 168 98 214 23 207 74 112 69 129 43 14 2 52 88 149 17 167 
234 68 89 18 183 114 123 182 104 118 203 162 154 107 132 5 174 64 128 134 36 8 202 109 133 144 40 189 19 179 153 32 77 51 224 218 122 13 92 73 163 24 99 223 119 184 78 124 87 61 229 108 193 199 1 158 103 219 28 178 192 142 22 44 212 9 169 187 228 197 147 48 177 39 143 55 83 113 234 139 152 27 227 35 82 138 31 208 222 209 232 10 65 56 173 198 60 188 47 94 194 117 84 159 72 79 97 93 233 137 204 59 102 127 148 172 164 217 157 213 168 98 214 23 207 74 112 69 129 43 14 2 52 88 149 17 167 
235 68 89 18 183 114 123 182 104 118 203 162 154 107 132 5 174 64 128 134 36 8 202 109 133 144 40 189 19 179 153 32 77 51 224 218 122 13 92 73 163 24 99 223 119 184 78 124 87 61 229 108 193 199 1 158 103 219 28 178 192 142 22 44 212 9 169 187 228 197 147 48 177 39 143 55 83 113 234 139 152 27 227 35 82 138 31 208 222 209 232 10 65 56 173 198 60 188 47 94 194 117 84 159 72 79 97 93 233 137 204 59 102 127 148 172 164 217 157 213 168 98 214 23 207 74 112 69 129 43 14 2 52 88 149 17 167 
236 68 89 18 183 114 123 182 104 118 203 162 154 107 132 5 174 64 128 134 36 8 202 109 133 144 40 189 19 179 153 32 77 51 224 218 122 13 92 73 163 24 99 223 119 184 78 124 87 61 229 108 193 199 1 158 103 219 28 178 192 142 22 44 212 9 169 187 228 197 147 48 177 39 143 55 83 113 234 139 152 27 227 35 82 138 31 208 222 209 232 10 65 56 173 198 60 188 47 94 194 117 84 159 72 79 97 93 233 137 204 59 102 127 148 172 164 217 157 213 168 98 214 23 207 74 112 69 129 43 14 2 52 88 149 17 167 
237 68 89 18 183 114 123 182 104 118 203 162 154 107 132 5 174 64 128 134 36 8 202 109 237 133 144 40 189 19 179 153 32 77 51 224 218 122 13 92 73 163 24 99 223 119 184 78 124 87 61 229 108 193 199 1 158 103 219 28 178 192 142 22 44 212 9 169 187 228 197 147 48 177 39 143 55 83 113 234 139 152 27 227 35 82 138 31 208 222 209 232 10 65 56 173 198 60 188 47 94 194 117 84 159 72 79 97 93 233 137 204 59 102 127 148 172 164 217 157 213 168 98 214 23 207 74 112 69 129 43 14 2 52 88 149 17 167 
238 68 89 18 183 114 123 182 104 118 203 162 154 107 132 5 174 64 128 134 36 8 202 109 237 133 144 40 189 19 179 153 32 77 51 224 218 122 13 92 73 163 24 99 223 119 184 78 124 87 61 229 108 193 199 1 158 103 219 28 178 192 142 22 44 212 9 169 187 228 197 147 48 177 39 143 55 83 113 234 139 152 27 227 35 82 138 31 208 222 209 232 10 65 56 173 198 60 188 47 94 194 117 84 238 159 72 79 97 93 233 137 204 59 102 127 148 172 164 217 157 213 168 98 214 23 207 74 112 69 129 43 14 2 52 88 149 17 167 
239 68 89 18 183 114 123 182 104 118 203 162 154 107 132 5 174 64 128 134 36 8 202 109 237 133 144 40 189 19 179 153 32 77 51 224 218 122 13 92 73 163 24 99 223 119 184 78 124 87 61 229 108 193 199 1 158 103 219 28 178 192 142 22 44 212 9 169 187 228 197 147 48 177 39 239 143 55 83 113 234 139 152 27 227 35 82 138 31 208 222 209 232 10 65 56 173 198 60 188 47 94 194 117 84 238 159 72 79 97 93 233 137 204 59 102 127 148 172 164 217 157 213 168 98 214 23 207 74 112 69 129 43 14 2 52 88 149 17 167 
240 68 89 18 183 114 123 182 104 118 203 162 154 107 132 5 174 64 128 134 36 8 202 109 237 133 144 40 189 19 179 153 32 77 51 224 218 122 13 92 73 163 24 99 223 119 184 78 124 87 61 229 108 193 199 1 158 103 219 28 178 192 142 22 44 212 9 169 187 228 197 147 48 177 39 239 143 55 83 113 234 139 152 27 227 35 82 138 31 208 222 209 232 10 65 56 173 198 60 188 47 94 194 117 84 238 159 72 79 97 93 233 137 204 59 102 127 148 172 164 217 157 213 168 98 214 23 207 74 112 69 129 43 14 2 52 88 149 17 167 
241 68 89 18 183 114 123 182 104 118 203 162 154 107 132 5 174 64 128 134 36 8 202 109 237 133 144 40 189 19 179 153 32 77 51 224 218 122 13 92 73 163 24 99 223 119 184 78 124 87 61 229 108 193 199 1 158 103 219 28 178 192 142 22 44 212 9 169 187 228 197 147 48 177 39 239 143 55 83 113 234 139 152 27 227 35 82 138 31 208 222 209 232 10 65 56 173 198 60 188 47 94 194 117 84 238 159 72 79 97 93 233 137 204 59 102 127 148 172 164 217 157 213 168 98 214 23 207 74 112 69 129 43 14 2 52 88 149 17 167 
242 68 89 18 183 114 123 182 104 118 203 162 154 107 132 5 174 64 128 134 36 8 202 109 237 133 144 242 40 189 19 179 153 32 77 51 224 218 122 13 92 73 163 24 99 223 119 184 78 124 87 61 229 108 193 199 1 158 103 219 28 178 192 142 22 44 212 9 169 187 228 197 147 48 177 39 239 143 55 83 113 234 139 152 27 227 35 82 138 31 208 222 209 232 10 65 56 173 198 60 188 47 94 194 117 84 238 159 72 79 97 93 233 137 204 59 102 127 148 172 164 217 157 213 168 98 214 23 207 74 112 69 129 43 14 2 52 88 149 17 167 
243 68 89 18 183 114 123 182 104 118 203 162 154 107 132 5 174 64 128 134 36 8 202 109 237 133 144 242 40 189 19 179 153 32 77 51 224 218 122 13 92 73 163 24 99 223 119 184 78 124 87 61 229 108 193 199 1 158 103 219 28 178 192 142 22 44 212 9 169 187 228 197 147 48 177 39 239 143 55 83 113 234 139 152 27 227 35 82 138 31 208 222 243 209 232 10 65 56 173 198 60 188 47 94 194 117 84 238 159 72 79 97 93 233 137 204 59 102 127 148 172 164 217 157 213 168 98 214 23 207 74 112 69 129 43 14 2 52 88 149 17 167 
244 68 89 18 183 114 123 182 104 118 203 162 154 107 132 5 174 64 128 134 36 8 202 109 237 133 144 242 40 189 19 179 153 32 77 51 224 218 122 13 92 73 163 24 99 223 119 184 78 124 87 61 229 108 193 199 1 158 103 219 28 178 192 142 22 44 212 9 169 187 228 197 147 48 177 39 239 143 55 83 113 234 139 152 27 227 35 82 138 31 208 222 243 209 232 10 65 56 173 198 60 188 47 94 194 117 84 238 159 72 79 97 244 93 233 137 204 59 102 127 148 172 164 217 157 213 168 98 214 23 207 74 112 69 129 43 14 2 52 88 149 17 167 
245 68 89 18 183 114 123 182 104 118 203 162 154 107 132 5 174 64 128 134 36 8 202 109 237 133 144 242 40 189 19 179 153 32 77 51 224 218 122 13 92 73 163 24 99 223 119 184 78 124 87 61 229 108 193 199 1 158 103 219 28 178 192 142 22 44 212 9 169 187 228 197 147 48 177 39 239 143 55 83 113 234 139 152 27 227 35 82 138 31 208 222 243 209 232 10 65 56 173 198 60 188 47 94 194 117 84 238 159 72 79 97 244 93 233 137 204 59 102 127 148 172 164 217 157 213 168 98 214 23 207 74 112 69 129 43 14 2 52 88 149 17 167 
246 68 89 18 183 114 123 182 104 118 203 162 154 107 132 5 174 64 128 134 36 8 202 109 237 133 144 242 40 189 19 179 153 32 77 51 224 218 122 13 92 73 163 24 99 223 119 184 78 124 87 61 229 108 193 199 1 158 103 219 28 178 192 142 22 44 212 9 169 187 228 197 147 48 177 39 239 143 55 83 113 234 139 152 27 227 35 82 138 31 208 222 243 209 232 10 65 56 173 198 60 188 47 94 194 117 84 238 159 72 79 97 244 93 233 137 204 59 102 127 148 172 164 217 157 213 168 98 214 23 207 74 112 69 129 43 14 2 52 88 149 17 167 
247 68 89 18 183 114 123 182 104 118 203 162 154 107 132 5 174 64 128 134 36 8 202 109 237 133 144 242 40 189 19 179 153 32 77 51 224 218 122 13 92 73 247 163 24 99 223 119 184 78 124 87 61 229 108 193 199 1 158 103 219 28 178 192 142 22 44 212 9 169 187 228 197 147 48 177 39 239 143 55 83 113 234 139 152 27 227 35 82 138 31 208 222 243 209 232 10 65 56 173 198 60 188 47 94 194 117 84 238 159 72 79 97 244 93 233 137 204 59 102 127 148 172 164 217 157 213 168 98 214 23 207 74 112 69 129 43 14 2 52 88 149 17 167 
248 68 89 18 183 114 123 182 248 104 118 203 162 154 107 132 5 174 64 128 134 36 8 202 109 237 133 144 242 40 189 19 179 153 32 77 51 224 218 122 13 92 73 247 163 24 99 223 119 184 78 124 87 61 229 108 193 199 1 158 103 219 28 178 192 142 22 44 212 9 169 187 228 197 147 48 177 39 239 143 55 83 113 234 139 152 27 227 35 82 138 31 208 222 243 209 232 10 65 56 173 198 60 188 47 94 194 117 84 238 159 72 79 97 244 93 233 137 204 59 102 127 148 172 164 217 157 213 168 98 214 23 207 74 112 69 129 43 14 2 52 88 149 17 167 
249 68 89 18 183 114 123 182 248 104 118 203 162 154 107 132 5 174 64 128 134 36 8 202 109 237 133 144 242 40 189 249 19 179 153 32 77 51 224 218 122 13 92 73 247 163 24 99 223 119 184 78 124 87 61 229 108 193 199 1 158 103 219 28 178 192 142 22 44 212 9 169 187 228 197 147 48 177 39 239 143 55 83 113 234 139 152 27 227 35 82 138 31 208 222 243 209 232 10 65 56 173 198 60 188 47 94 194 117 84 238 159 72 79 97 244 93 233 137 204 59 102 127 148 172 164 217 157 213 168 98 214 23 207 74 112 69 129 43 14 2 52 88 149 17 167 
250 68 89 18 183 114 123 182 248 104 118 203 162 154 107 132 5 174 64 128 134 36 8 202 109 237 133 144 242 40 189 249 19 179 153 32 77 51 224 218 122 13 92 73 247 163 24 99 223 119 184 78 124 87 61 229 108 193 199 1 158 103 219 28 178 192 142 22 44 212 9 169 187 228 197 147 48 177 39 239 143 55 83 113 234 139 152 27 227 35 82 138 31 208 222 243 209 232 10 65 56 173 198 60 188 47 94 194 117 84 238 159 72 79 97 244 93 233 137 204 59 102 127 148 172 164 217 157 213 168 98 214 23 207 74 112 69 129 43 14 2 52 88 149 17 167 
251 68 89 18 183 114 123 182 248 104 118 203 162 154 107 132 5 174 64 128 134 36 8 202 109 237 133 144 242 40 189 249 19 179 153 32 77 51 224 218 122 13 92 73 247 163 24 99 223 119 184 78 124 87 61 229 108 193 199 1 158 103 219 28 178 192 142 22 44 212 9 169 187 228 197 147 48 177 39 239 143 55 83 113 234 139 152 27 227 35 82 138 31 208 222 243 209 232 10 65 56 173 198 60 188 47 94 194 117 84 238 159 72 79 97 244 93 233 137 204 59 102 127 148 172 164 217 157 213 168 98 214 23 207 74 112 69 129 43 14 2 52 88 149 17 167 
252 68 89 18 183 114 123 182 248 104 118 203 162 154 107 132 5 174 64 128 134 36 8 202 109 237 133 144 242 40 189 249 19 179 153 32 77 51 224 218 122 13 92 73 247 163 24 99 223 119 184 78 124 87 61 229 108 193 199 1 158 103 219 28 178 192 142 22 44 212 9 169 187 228 197 147 48 177 39 239 143 55 83 113 234 139 152 27 227 35 82 138 31 208 222 243 209 232 10 65 56 173 198 60 188 47 94 194 117 84 238 159 72 79 97 244 93 233 137 204 252 59 102 127 148 172 164 217 157 213 168 98 214 23 207 74 112 69 129 43 14 2 52 88 149 17 167 
253 68 89 18 255 183 114 123 182 248 104 118 203 162 154 107 132 5 174 64 128 134 36 8 202 109 237 133 144 242 40 189 249 19 179 153 32 77 51 224 218 122 13 92 73 247 163 24 99 223 119 184 78 124 87 61 229 108 193 199 256 1 158 103 219 28 178 192 142 22 44 212 9 169 187 228 197 147 48 177 39 239 258 143 55 83 113 234 139 152 27 227 35 82 138 31 208 222 243 209 232 10 65 56 173 198 60 188 47 94 194 117 84 238 159 72 79 97 244 93 233 137 254 204 261 252 59 102 127 148 172 164 217 157 257 213 168 98 214 23 207 74 112 69 129 43 14 2 52 88 149 17 167 
254 68 89 18 255 183 114 123 182 248 104 118 203 162 154 107 132 5 174 64 128 134 36 8 202 109 237 133 144 242 40 189 249 19 179 153 32 77 51 224 218 122 13 92 73 247 163 24 99 223 119 184 78 124 87 61 229 108 193 199 256 1 158 103 219 28 178 192 142 22 44 212 9 169 187 228 197 147 48 177 39 239 258 143 55 83 113 234 139 152 27 227 35 82 138 31 208 222 243 209 232 10 65 56 173 198 60 188 47 94 194 117 84 238 159 72 79 97 244 93 233 137 254 204 261 252 59 102 127 148 172 164 217 157 257 213 168 98 214 23 207 74 112 69 129 43 14 2 52 88 149 17 167 
255 68 89 18 255 183 114 123 182 248 104 118 203 162 154 107 132 5 174 64 128 134 36 8 202 109 237 133 144 242 40 189 249 19 179 153 32 77 51 224 218 122 13 92 73 247 163 24 99 223 119 184 78 124 87 61 229 108 193 199 256 1 158 103 219 28 178 192 142 22 44 212 9 169 187 228 197 147 48 177 39 239 258 143 55 83 113 234 139 152 27 227 35 82 138 31 208 222 243 209 232 10 65 56 173 198 60 188 47 94 194 117 84 238 159 72 79 97 244 93 233 137 254 204 261 252 59 102 127 148 172 164 217 157 257 213 168 98 214 23 207 74 112 69 129 43 14 2 52 88 149 17 167 
256 68 89 18 255 183 114 123 182 248 104 118 203 162 154 107 132 5 174 64 128 134 36 8 202 109 237 133 144 242 40 189 249 19 179 153 32 77 51 224 218 122 13 92 73 247 163 24 99 223 119 184 78 124 87 61 229 108 193 199 256 1 158 103 219 28 178 192 142 22 44 212 9 169 187 228 197 147 48 177 39 239 258 143 55 83 113 234 139 152 27 227 35 82 138 31 208 222 243 209 232 10 65 56 173 198 60 188 47 94 194 117 84 238 159 72 79 97 244 93 233 137 254 204 261 252 59 102 127 148 172 164 217 157 257 213 168 98 214 23 207 74 112 69 129 43 14 2 52 88 149 17 167 
257 68 89 18 255 183 114 123 182 248 104 118 203 162 154 107 132 5 174 64 128 134 36 8 202 109 237 133 144 242 40 189 249 19 179 153 32 77 51 224 218 122 13 92 73 247 163 24 99 223 119 184 78 124 87 61 229 108 193 199 256 1 158 103 219 28 178 192 142 22 44 212 9 169 187 228 197 147 48 177 39 239 258 143 55 83 113 234 139 152 27 227 35 82 138 31 208 222 243 209 232 10 65 56 173 198 60 188 47 94 194 117 84 238 159 72 79 97 244 93 233 137 254 204 261 252 59 102 127 148 172 164 217 157 257 213 168 98 214 23 207 74 112 69 129 43 14 2 52 88 149 17 167 
258 68 89 18 255 183 114 123 182 248 104 118 203 162 154 107 132 5 174 64 128 134 36 8 202 109 237 133 144 242 40 189 249 19 179 153 32 77 51 224 218 122 13 92 73 247 163 24 99 223 119 184 78 124 87 61 229 108 193 199 256 1 158 103 219 28 178 192 142 22 44 212 9 169 187 228 197 147 48 177 39 239 258 143 55 83 113 234 139 152 27 227 35 82 138 31 208 222 243 209 232 10 65 56 173 198 60 188 47 94 194 117 84 238 159 72 79 97 244 93 233 137 254 204 261 252 59 102 127 148 172 164 217 157 257 213 168 98 214 23 207 74 112 69 129 43 14 2 52 88 149 17 167 
259 68 89 18 255 183 114 123 182 248 104 118 203 162 154 107 132 5 174 64 128 134 36 8 202 109 237 133 144 242 40 189 249 19 179 153 32 77 51 224 218 122 13 92 73 247 163 24 99 223 119 184 78 124 87 61 229 108 193 199 256 1 158 103 219 28 178 192 142 22 44 212 9 169 187 228 197 147 48 177 39 239 258 143 55 83 113 234 139 152 27 227 35 82 138 31 208 222 243 209 232 10 65 56 173 198 60 188 47 94 194 117 84 238 159 72 79 97 244 93 233 137 254 204 261 252 59 102 127 148 172 164 217 157 257 213 168 98 214 23 207 74 112 69 129 43 14 2 52 88 149 17 167 
260 68 89 18 255 183 114 123 182 248 104 118 203 162 154 107 132 5 174 64 128 134 36 8 202 109 237 133 144 242 40 189 249 19 179 153 32 77 51 224 218 122 13 92 73 247 163 24 99 223 119 184 78 124 87 61 229 108 193 199 256 1 158 103 219 28 178 192 142 22 44 212 9 169 187 228 197 147 48 177 39 239 258 143 55 83 113 234 139 152 27 227 35 82 138 31 208 222 243 209 232 10 65 56 173 198 60 188 47 94 194 117 84 238 159 72 79 97 244 93 233 137 254 204 261 252 59 102 127 148 172 164 217 157 257 213 168 98 214 23 207 74 112 69 129 43 14 2 52 88 149 17 167 
261 68 89 18 255 183 114 123 182 248 104 118 203 162 154 107 132 5 174 64 128 134 36 8 202 109 237 133 144 242 40 189 249 19 179 153 32 77 51 224 218 122 13 92 73 247 163 24 99 223 119 184 78 124 87 61 229 108 193 199 256 1 158 103 219 28 178 192 142 22 44 212 9 169 187 228 197 147 48 177 39 239 258 143 55 83 113 234 139 152 27 227 35 82 138 31 208 222 243 209 232 10 65 56 173 198 60 188 47 94 194 117 84 238 159 72 79 97 244 93 233 137 254 204 261 59 102 127 148 172 164 217 157 257 213 168 98 214 23 207 74 112 69 129 43 14 2 52 88 149 17 167 
262 68 89 18 255 183 114 123 182 248 104 118 203 162 154 107 132 5 174 64 128 134 36 8 202 109 237 133 144 242 40 189 249 19 179 153 32 77 51 224 218 122 13 92 73 247 163 24 99 223 119 184 78 124 87 61 229 108 193 199 256 1 158 103 219 28 178 192 142 22 44 212 9 169 187 228 197 147 48 177 39 239 258 143 55 83 113 234 139 152 27 227 35 82 138 31 208 222 243 209 232 10 65 56 173 198 60 188 47 94 194 117 84 238 159 72 79 97 244 93 233 137 254 204 261 59 102 127 148 172 164 217 157 257 213 168 98 214 23 207 74 112 69 129 43 14 2 52 88 149 17 167 
263 68 89 18 255 183 114 123 182 248 104 118 203 162 154 107 132 5 174 64 128 134 36 8 202 109 237 133 144 242 40 189 249 19 179 153 32 77 51 224 218 122 13 92 73 247 163 24 99 223 119 184 78 124 87 61 229 108 193 199 256 1 158 103 219 28 178 192 142 263 22 44 212 9 169 187 228 197 147 48 177 39 239 258 143 55 83 113 234 139 152 27 227 35 82 138 31 208 222 243 209 232 10 65 56 173 198 60 188 47 94 194 117 84 238 159 72 79 97 244 93 233 137 254 204 261 252 59 102 127 148 172 164 217 157 257 213 168 98 214 23 207 74 112 69 129 43 14 2 52 88 149 17 167 
264 68 89 18 255 183 114 123 182 248 104 118 203 162 154 107 132 5 174 64 128 134 36 8 202 109 237 133 144 242 264 40 189 249 19 179 153 32 77 51 224 218 122 13 92 73 247 163 24 99 223 119 184 78 124 87 61 229 108 193 199 256 1 158 103 219 28 178 192 142 263 22 44 212 9 169 187 228 197 147 48 177 39 239 258 143 55 83 113 234 139 152 27 227 35 82 138 31 208 222 243 209 232 10 65 56 173 198 60 188 47 94 194 117 84 238 159 72 79 97 244 93 233 137 254 204 261 252 59 102 127 148 172 164 217 157 257 213 168 98 214 23 207 74 112 69 129 43 14 2 52 88 149 17 167 
265 68 89 18 255 183 114 123 182 248 104 118 203 162 154 107 132 5 174 64 128 134 36 8 202 109 237 133 144 242 264 40 189 249 19 179 153 32 77 51 224 218 122 13 92 73 247 163 24 99 223 119 184 78 124 87 61 229 108 193 199 256 1 158 103 219 28 178 192 142 263 22 44 212 9 169 187 228 197 147 265 48 177 39 239 258 143 55 83 113 234 139 152 27 227 35 82 138 31 208 222 243 209 232 10 65 56 173 198 60 188 47 94 194 117 84 238 159 72 79 97 244 93 233 137 254 204 261 252 59 102 127 148 172 164 217 157 257 213 168 98 214 23 207 74 112 69 129 43 14 2 52 88 149 17 167 
266 68 89 18 255 183 114 123 182 248 104 118 203 162 154 107 132 5 174 64 128 134 36 8 202 109 237 133 144 242 264 40 189 249 19 179 153 32 77 51 224 218 122 13 92 73 247 163 24 99 223 119 184 78 124 87 61 229 108 193 199 256 1 158 103 219 28 178 192 142 263 22 44 212 9 169 187 228 197 147 265 48 177 39 239 258 143 55 83 113 234 139 152 27 227 35 82 138 31 208 222 243 209 232 10 65 56 173 198 60 188 47 94 194 117 84 238 159 72 79 97 244 93 233 137 254 204 261 252 59 102 127 148 172 164 217 157 257 213 168 98 214 23 207 74 112 69 129 43 14 2 52 88 149 17 167 
267 68 89 18 255 183 114 123 182 248 104 118 203 162 154 107 132 5 174 64 128 134 36 8 202 109 237 133 144 242 264 40 189 249 19 179 153 32 77 51 224 218 122 13 92 73 247 163 24 99 223 119 184 78 124 87 61 229 108 193 199 256 1 158 103 219 28 178 192 142 263 22 44 212 9 169 187 228 197 147 265 48 177 39 239 258 143 55 83 113 234 139 152 27 227 35 82 138 31 208 222 243 209 232 10 65 56 173 198 60 188 47 94 194 117 84 238 159 72 79 97 244 93 233 137 254 204 261 252 59 102 127 148 172 164 217 157 257 213 168 98 214 23 207 74 112 69 129 43 14 2 52 88 149 17 167 
268 68 89 18 255 183 114 123 182 248 104 118 203 162 154 107 132 5 174 64 128 134 36 8 202 109 237 133 144 242 264 40 189 249 19 179 153 32 77 51 224 218 122 13 92 73 247 163 24 99 223 119 184 78 124 87 61 229 108 193 199 256 1 158 103 219 28 178 192 142 263 22 44 212 9 169 187 268 228 197 147 265 48 177 39 239 258 143 55 83 113 234 139 152 27 227 35 82 138 31 208 222 243 209 232 10 65 56 173 198 60 188 47 94 194 117 84 238 159 72 79 97 244 93 233 137 254 204 261 252 59 102 127 148 172 164 217 157 257 213 168 98 214 23 207 74 112 69 129 43 14 2 52 88 149 17 167 
269 68 89 18 255 183 114 123 182 248 104 118 203 162 154 107 132 5 174 64 128 134 36 8 202 109 237 133 144 242 264 40 189 249 19 179 153 32 77 51 224 218 122 13 92 73 247 163 24 99 223 119 184 78 124 87 61 229 108 193 199 256 1 158 103 219 28 178 192 142 263 22 44 212 9 169 187 268 228 197 147 265 48 177 39 239 258 143 55 83 113 234 139 152 27 227 35 82 138 31 208 222 243 209 232 10 65 56 173 198 60 188 47 94 194 117 84 238 159 72 79 97 244 93 233 137 254 204 261 252 59 102 127 148 172 164 217 157 257 213 168 98 214 23 207 74 112 69 129 43 14 2 52 88 149 17 167 
