1 1 
2 2 
3 3 
4 4 
5 5 
6 6 
7 7 
10 8 
13 9 
14 10 
16 11 
18 12 
19 13 
20 14 
22 15 
23 16 
24 17 
25 18 
26 19 
27 13 
28 20 
29 21 
30 22 
31 23 
32 24 
33 25 
34 26 
35 27 
36 28 
37 29 
38 30 
39 31 
40 32 
41 33 
43 34 
44 35 
45 36 
46 37 
47 38 
50 39 
52 40 
53 41 
54 42 
55 18 
56 19 
57 13 
58 43 
59 21 
60 44 
61 45 
62 46 
63 47 
64 48 
65 27 
66 49 
67 29 
68 50 
69 51 
70 52 
71 53 
73 54 
74 55 
75 56 
76 57 
77 58 
80 59 
82 60 
83 61 
84 62 
85 63 
86 18 
87 19 
88 13 
89 64 
90 65 
91 66 
92 67 
93 68 
94 21 
95 69 
96 27 
97 70 
98 29 
99 71 
100 72 
101 73 
102 74 
104 75 
105 76 
106 77 
107 78 
108 79 
111 80 
113 81 
114 82 
115 83 
116 84 
117 18 
118 19 
119 13 
120 85 
121 86 
122 87 
123 88 
124 89 
125 21 
126 90 
127 27 
128 91 
129 29 
130 92 
131 93 
132 94 
133 95 
135 96 
136 97 
137 98 
138 99 
139 100 
