1 1 
2 2 1 
3 3 2 1 
4 3 2 1 
5 3 2 5 1 
6 3 6 5 1 
7 3 6 7 5 1 
8 3 8 6 7 5 1 
9 3 8 6 7 9 5 1 
10 3 8 6 7 9 5 1 
11 3 8 6 7 9 5 1 
12 3 8 6 7 9 5 1 
13 3 8 6 7 9 5 13 1 
14 3 8 6 7 9 5 14 13 1 
15 3 8 6 7 9 5 14 13 1 
16 3 8 6 7 9 5 16 14 13 1 
17 3 8 6 7 9 5 16 14 13 1 
18 3 8 6 7 9 5 16 14 13 1 
19 3 8 6 7 9 5 16 14 13 1 
20 3 8 6 7 20 9 5 16 14 13 1 
21 3 8 6 21 7 20 9 5 16 14 13 1 
22 3 8 21 7 5 16 14 13 1 6 20 9 22 
23 3 8 21 7 5 16 14 13 1 6 20 9 22 
24 3 8 21 7 5 16 14 13 1 6 20 9 22 
25 3 8 21 7 5 16 14 13 1 6 25 20 9 22 
26 3 8 21 7 5 16 14 13 1 6 26 25 20 9 22 
27 3 8 21 7 5 16 14 13 1 6 26 25 20 9 22 
28 3 8 21 7 5 16 14 13 1 6 26 25 20 9 22 
29 3 8 21 7 5 16 14 13 1 6 26 29 25 20 9 22 
30 3 8 21 7 5 16 14 13 1 6 26 29 25 20 9 22 30 
31 3 8 21 7 5 16 14 13 1 6 26 29 25 20 9 22 30 
32 3 8 21 7 5 16 14 13 1 6 26 29 25 20 9 22 30 
33 3 8 6 7 33 9 5 14 13 1 
34 3 8 6 7 33 9 5 14 13 1 
35 3 8 6 7 33 9 5 14 35 13 1 
36 3 8 6 7 33 9 5 14 35 13 1 
37 3 8 6 7 33 9 5 14 35 13 1 
38 3 8 38 6 7 33 9 5 14 13 1 
39 3 8 38 6 7 33 9 5 14 39 13 1 
40 3 8 38 7 33 5 14 39 13 1 6 40 9 
41 3 8 38 7 33 5 14 39 13 1 6 40 41 9 
42 3 8 38 7 33 5 42 14 39 13 1 6 40 41 9 
43 3 8 38 7 33 5 42 14 39 13 1 6 40 41 9 
44 3 8 38 7 33 5 42 14 39 44 13 1 6 40 41 9 
45 3 8 38 7 33 5 42 14 39 44 13 1 6 40 41 9 
46 3 8 38 7 33 5 42 14 39 44 13 1 6 40 41 9 
47 3 8 38 7 33 5 42 14 39 13 1 6 40 47 41 9 
48 3 8 38 7 33 5 42 14 39 13 1 6 40 47 41 9 48 
49 3 8 38 7 33 5 42 14 39 13 1 6 40 47 41 9 48 
50 3 8 38 7 33 5 42 14 39 13 1 6 40 47 41 9 50 48 
51 3 8 38 7 33 5 42 14 39 13 1 6 40 47 41 9 50 48 51 
52 3 8 38 7 33 5 42 14 39 13 1 6 40 52 47 41 9 50 48 51 
53 3 8 38 7 33 5 42 14 39 13 1 6 40 52 47 41 9 50 48 51 
54 3 8 38 7 33 5 42 14 39 13 1 6 40 52 47 41 9 50 48 51 
55 3 8 38 7 33 5 42 14 39 13 55 1 6 40 47 41 9 48 
56 3 8 38 7 33 5 42 14 39 13 55 1 6 40 47 41 9 48 
57 3 8 38 7 33 5 42 14 39 13 55 1 6 40 47 41 9 48 
58 3 8 38 7 33 5 42 14 39 13 55 1 6 40 47 41 9 48 
59 3 8 38 59 7 33 5 42 14 39 13 55 1 6 40 47 41 9 48 
60 3 8 38 59 7 33 5 42 14 39 13 55 1 6 60 40 47 41 9 48 
61 3 8 38 59 7 33 5 42 14 39 13 55 1 6 60 40 47 41 9 48 
62 3 8 38 59 7 33 5 42 14 39 13 55 1 6 60 40 47 41 9 48 
63 3 8 38 59 7 33 5 42 14 39 13 55 1 6 60 40 47 41 9 48 
64 3 8 38 59 7 33 5 42 14 39 13 55 1 6 60 40 47 41 9 48 
65 3 8 38 65 59 7 33 5 42 14 39 13 55 1 6 60 40 47 41 9 48 
66 3 8 38 65 59 7 33 5 42 14 39 13 55 1 6 60 40 47 41 9 48 66 
67 3 8 38 65 59 7 33 5 42 14 39 13 55 1 6 60 40 47 41 9 48 66 
68 3 8 38 65 59 7 33 5 42 14 39 13 55 1 6 60 40 47 41 9 48 66 
69 3 8 38 7 33 5 42 14 39 44 35 13 1 6 40 52 47 41 9 50 48 51 
70 3 8 38 7 33 5 42 14 39 44 35 13 1 70 6 40 52 47 41 9 50 48 51 
71 71 3 8 38 7 33 5 42 14 39 44 35 13 1 70 6 40 52 47 41 9 50 48 51 
72 71 3 8 38 7 33 5 42 14 39 44 35 13 1 70 6 40 52 47 41 9 50 48 51 
73 3 8 38 33 44 70 40 47 41 51 71 7 5 42 14 39 35 13 1 6 52 9 50 48 73 
74 3 8 38 33 44 70 40 47 74 41 51 71 7 5 42 14 39 35 13 1 6 52 9 50 48 73 
75 3 8 38 33 44 70 47 74 41 51 75 71 7 5 42 14 39 35 13 1 6 52 9 50 48 73 
76 3 8 38 33 44 70 47 74 41 51 75 71 7 5 42 14 39 35 13 1 6 52 9 50 48 73 
77 3 8 38 33 44 70 40 47 74 41 51 75 71 7 5 42 14 39 35 13 1 6 52 9 50 48 73 
78 3 8 38 33 44 70 40 47 74 41 51 75 71 7 5 42 14 39 35 13 1 6 52 9 50 48 73 
79 3 8 38 33 44 70 40 47 74 41 51 75 71 7 5 42 14 39 35 13 1 6 52 9 50 48 73 
80 3 8 38 33 44 70 40 47 74 41 51 75 71 7 5 42 14 39 35 13 1 6 52 9 50 48 73 
