1 1 
2 1 2 
3 1 2 3 
4 4 1 2 3 
5 4 1 5 2 3 
6 4 1 5 2 3 
7 4 1 5 7 2 3 
8 4 1 5 7 2 3 
9 4 1 5 7 2 3 
10 4 10 1 5 7 2 3 
11 4 10 1 5 7 2 3 
12 4 10 1 5 7 2 3 
13 4 10 13 1 5 7 2 3 
14 4 10 13 1 5 7 2 3 
15 4 10 13 1 5 7 2 3 
16 4 10 13 1 5 7 2 3 16 
17 4 10 13 1 5 7 2 3 17 16 
18 18 4 10 13 1 5 7 2 3 17 16 
19 34 40 33 38 7 21 27 31 19 25 16 47 42 13 5 17 18 41 36 1 39 2 3 24 44 4 30 29 23 10 22 
20 34 40 33 38 7 21 19 27 31 25 16 47 42 13 5 17 18 41 36 1 39 2 3 24 44 4 30 29 23 10 22 
21 34 40 33 38 7 21 19 27 31 25 16 47 42 13 5 17 18 41 36 1 39 2 3 24 44 4 30 29 23 10 22 
22 34 40 33 38 7 21 19 27 31 25 16 47 42 13 5 17 18 41 36 1 39 2 3 24 44 4 30 29 23 10 22 
23 34 33 38 7 21 19 27 25 16 47 42 13 5 17 18 41 36 1 39 2 3 24 44 4 30 29 23 10 22 
24 34 33 38 7 21 19 27 25 16 47 42 13 5 17 18 41 36 1 39 2 3 24 44 4 30 23 29 10 22 
25 34 33 38 7 21 19 27 25 16 47 42 13 5 17 18 41 36 1 39 2 3 24 44 4 30 23 29 10 22 
26 34 33 38 7 21 19 27 25 16 47 42 13 5 17 18 41 36 1 39 2 3 24 44 4 30 23 29 10 22 
27 34 33 38 7 21 19 27 25 16 47 42 13 5 17 18 41 36 1 39 2 3 24 44 4 30 23 29 10 22 
28 34 33 38 7 21 19 27 25 16 47 42 13 5 17 18 41 36 1 39 2 3 24 44 4 30 23 29 10 22 
29 34 33 7 21 19 27 25 47 42 13 5 17 18 41 36 1 39 2 3 24 44 4 30 23 29 10 22 
30 34 33 7 21 19 27 25 47 42 13 5 18 41 36 1 2 3 24 44 4 30 23 29 10 22 
31 34 33 7 21 19 27 31 25 47 42 13 5 18 41 36 1 2 3 24 44 4 30 29 10 22 
32 34 33 7 21 19 27 31 25 47 42 13 5 18 41 36 1 2 3 24 44 4 30 29 10 22 
33 34 33 38 7 21 19 27 25 16 47 42 13 5 17 18 41 36 1 39 2 3 24 44 4 30 23 29 10 22 
34 34 33 38 7 21 19 27 25 16 47 42 13 5 17 18 41 36 1 39 2 3 24 44 4 30 23 29 10 22 
35 34 33 38 7 21 19 27 25 16 47 42 13 5 17 18 41 36 1 39 2 3 24 44 4 30 23 29 10 22 
36 34 33 38 7 21 19 27 25 16 47 42 13 5 17 18 41 36 1 39 2 3 24 44 4 30 23 29 10 22 
37 34 33 38 7 21 19 27 25 16 47 42 13 5 17 18 41 36 1 39 2 3 24 44 4 30 23 29 10 22 
38 34 33 38 7 21 19 27 25 47 42 13 5 17 18 41 36 1 39 2 3 24 44 4 30 23 10 22 
39 34 33 38 7 21 19 27 25 47 42 13 5 18 41 36 1 39 2 3 24 44 4 23 10 22 
40 34 40 33 38 7 21 19 27 25 47 42 13 5 18 41 36 1 39 2 3 24 44 4 10 22 
41 34 40 33 38 7 21 19 27 31 25 16 47 42 13 5 17 18 41 36 1 39 2 3 24 44 4 30 29 23 10 22 
42 34 40 33 38 7 21 19 27 31 25 16 47 42 13 5 17 18 41 36 1 39 2 3 24 44 4 30 29 23 10 22 
43 34 40 33 38 7 21 19 27 31 25 16 47 42 13 5 17 18 41 36 1 39 2 3 24 44 4 30 29 23 10 22 
44 34 40 33 38 7 21 19 27 31 25 16 47 42 13 5 17 18 41 36 1 39 2 3 24 44 4 30 29 23 10 22 
45 34 40 33 38 7 21 19 27 31 25 16 47 42 13 5 17 18 41 36 1 39 2 3 24 44 4 30 29 23 10 22 
46 34 40 33 38 7 21 19 27 31 25 16 47 42 13 5 17 18 41 36 1 39 2 3 24 44 4 30 29 23 10 22 
47 34 40 33 38 7 21 19 27 31 25 16 47 42 13 5 17 18 41 36 1 39 2 3 24 44 4 30 29 23 10 22 
48 34 40 33 38 7 21 19 27 31 25 16 47 42 13 5 17 18 41 36 1 39 2 3 24 44 4 30 29 23 10 22 
49 34 40 33 38 7 21 19 27 31 25 16 47 42 13 5 17 18 41 36 1 39 2 3 24 44 4 30 29 23 10 22 
50 34 40 33 38 7 21 19 27 31 25 16 47 42 13 5 17 18 41 36 1 39 2 3 24 44 4 30 29 23 10 22 
