1 1 
2 2 1 
3 2 3 1 
4 2 3 1 4 
5 2 5 3 1 4 
6 2 5 6 3 1 4 
7 2 5 6 3 1 4 7 
8 2 5 6 3 1 8 4 7 
9 2 5 6 3 1 8 4 7 
10 2 5 6 10 3 1 8 4 7 
11 2 5 6 10 3 1 8 4 7 
12 2 5 6 10 3 1 8 4 7 
13 2 5 6 10 3 13 1 8 4 7 
14 2 5 6 10 3 13 1 8 4 7 
15 2 5 6 10 3 13 1 8 4 7 
16 2 5 6 10 3 13 1 8 16 4 7 
17 2 5 6 10 3 13 1 8 16 4 7 
18 2 5 6 10 3 13 18 1 8 16 4 7 
19 2 5 6 10 3 13 18 1 8 16 4 7 
20 5 6 10 13 1 7 2 3 18 20 8 16 4 
21 5 6 10 13 1 7 2 3 18 20 8 16 4 
22 5 6 10 13 1 7 2 22 3 20 8 16 4 
23 5 6 10 13 23 1 7 2 22 3 18 20 8 16 4 
24 5 6 10 13 23 1 7 2 22 3 18 20 8 16 4 
25 5 6 10 13 23 1 7 2 22 3 25 18 20 8 16 4 
26 5 6 10 13 23 1 7 2 22 3 25 18 20 8 16 4 
27 5 6 10 13 1 7 27 2 22 3 25 18 20 8 16 4 
28 5 6 10 13 23 1 28 7 27 2 22 3 25 18 20 8 16 4 
29 5 6 10 13 23 1 28 7 27 2 22 3 25 18 20 8 16 4 
30 5 6 10 13 23 1 28 7 27 2 22 3 25 18 20 8 16 4 
31 5 6 10 13 23 1 28 7 27 2 22 3 25 18 20 8 16 4 
32 5 6 10 13 23 1 28 7 27 2 22 3 25 18 20 8 16 4 
33 5 6 10 13 23 1 28 7 27 2 22 3 25 18 20 8 16 4 
34 5 6 10 13 23 1 28 7 27 34 2 22 3 25 18 20 8 16 4 
35 5 6 10 13 23 1 28 35 7 27 34 2 22 3 25 18 20 8 16 4 
36 5 6 10 13 23 1 28 35 7 27 34 2 22 3 25 18 20 8 16 4 
37 5 6 10 13 23 1 28 37 35 7 27 34 2 22 3 25 18 20 8 16 4 
38 5 6 10 13 23 1 28 37 35 7 27 34 2 22 3 25 18 20 8 16 4 
39 5 6 10 13 23 1 28 37 35 7 27 34 2 22 3 25 18 20 8 16 4 
