1 1 
2 2 1 
3 3 2 1 
4 3 4 2 1 
5 3 5 4 2 1 
6 3 5 4 2 6 1 
7 7 3 5 4 2 6 1 
8 7 3 5 8 4 2 6 1 
9 7 3 5 8 4 2 6 1 
10 7 10 3 5 8 4 2 6 1 
11 7 14 12 17 11 5 2 15 6 19 16 10 3 8 4 1 
12 7 14 12 17 11 5 2 15 6 19 16 10 3 8 4 1 
13 7 14 12 17 11 5 2 15 6 19 16 10 3 8 4 1 
14 7 14 12 17 11 5 2 15 6 19 16 10 3 8 4 1 
15 7 14 12 17 11 5 2 15 6 19 16 10 3 8 4 1 
16 7 14 12 17 11 5 2 15 6 19 16 10 3 8 4 1 
17 7 14 12 17 11 5 2 15 6 19 16 10 3 8 4 1 
18 7 14 12 17 11 5 2 15 6 19 16 10 3 8 4 1 
19 7 14 12 17 11 5 2 15 6 19 16 3 8 4 1 
20 7 14 12 17 11 5 2 15 6 19 16 3 8 4 1 
21 7 14 12 17 11 5 2 15 6 19 16 10 3 8 4 1 
