128 73 
1 1 
129 74 
2 2 
3 3 
131 75 
4 4 
5 5 
133 76 
6 6 
7 7 
8 8 
136 77 
9 9 
137 78 
10 10 
138 79 
11 11 
139 80 
12 12 
140 81 
13 13 
14 14 
142 82 
15 15 
16 16 
146 83 
19 17 
20 18 
148 84 
21 19 
22 20 
24 21 
25 20 
26 22 
27 23 
28 24 
29 25 
32 26 
34 27 
35 28 
36 29 
37 30 
39 31 
41 32 
42 33 
43 34 
45 35 
48 36 
49 37 
50 38 
51 39 
52 40 
54 19 
56 41 
58 42 
61 43 
62 44 
63 45 
64 46 
65 47 
67 19 
68 32 
69 48 
71 32 
72 49 
74 33 
75 50 
77 51 
78 52 
80 53 
84 54 
86 55 
87 56 
91 57 
93 58 
94 59 
97 60 
99 33 
100 61 
102 51 
103 62 
105 63 
109 64 
111 65 
112 66 
116 67 
118 68 
119 69 
124 70 
125 27 
126 71 
127 72 
