1 1 
2 1 2 
3 1 2 3 
4 1 4 2 3 
5 1 4 2 3 
6 1 4 2 3 
7 1 7 4 2 3 
8 1 7 4 2 3 
9 1 7 4 2 3 
10 1 10 4 2 3 
11 1 10 4 2 3 
12 1 10 12 4 2 3 
13 1 10 12 4 2 3 
14 1 10 14 12 4 2 3 
15 1 10 14 12 4 15 2 3 
16 1 10 14 12 4 15 16 2 3 
17 1 10 14 12 17 4 15 16 2 3 
18 1 18 10 14 12 17 4 15 16 2 3 
19 1 18 10 14 12 17 4 15 16 2 3 19 
20 28 34 23 44 12 17 38 19 49 52 1 45 48 41 46 16 40 3 39 18 27 25 29 26 31 14 21 30 22 10 53 37 4 15 57 2 36 
21 28 34 23 44 12 17 38 19 49 52 1 45 48 41 46 16 40 3 39 18 27 25 29 26 31 14 21 30 22 10 53 37 4 15 57 2 36 
22 28 34 23 44 12 17 38 19 49 52 1 45 48 41 46 16 40 3 39 18 27 25 29 26 31 14 21 30 22 10 53 37 4 15 57 2 36 
23 28 34 44 23 12 17 38 19 49 52 1 45 48 41 46 16 40 3 39 18 27 25 29 26 31 14 21 30 22 10 53 37 4 15 57 2 36 
24 28 34 23 44 12 17 38 19 49 52 1 45 48 41 46 16 40 3 39 18 27 25 29 26 31 14 21 30 22 10 53 37 4 15 57 2 36 
25 28 34 23 44 12 17 38 19 49 52 1 45 48 41 16 40 3 39 18 27 25 29 26 31 14 21 30 22 10 53 37 4 15 57 2 36 
26 28 34 23 44 12 17 38 19 49 52 1 48 41 16 40 3 39 18 27 25 29 31 26 14 21 30 22 10 53 37 4 15 57 2 36 
27 28 34 23 44 12 17 38 19 49 52 1 48 41 16 40 3 39 18 27 25 29 26 31 14 21 30 22 10 53 37 4 15 57 2 36 
28 28 34 23 44 12 17 38 19 49 52 1 48 41 16 40 3 39 18 27 25 29 26 31 14 21 30 22 10 53 37 4 15 57 2 36 
29 28 34 23 44 12 17 38 19 49 52 1 48 41 16 40 3 39 18 27 25 29 26 31 14 21 30 22 10 53 37 4 15 57 2 36 
30 28 34 23 44 12 17 38 19 52 1 48 41 16 40 3 39 18 27 25 29 26 31 14 21 30 22 10 53 37 4 15 57 2 36 
31 28 34 23 44 12 17 38 19 52 1 41 16 40 3 39 18 27 25 29 26 31 14 21 30 22 10 53 37 4 15 57 2 36 
32 28 34 23 44 12 17 38 19 49 52 1 45 48 41 46 16 40 3 39 18 27 25 29 26 31 14 21 30 22 10 37 53 4 15 57 2 36 
33 28 34 23 44 12 17 38 19 49 52 1 45 48 41 46 16 40 3 39 18 27 25 29 26 31 14 21 30 22 10 37 53 4 15 57 2 36 
34 28 34 23 44 12 17 38 19 49 52 1 45 48 41 46 16 40 3 39 18 27 25 29 26 31 14 21 30 22 10 37 53 4 15 57 2 36 
35 28 34 23 44 12 17 38 19 49 52 1 45 48 41 46 16 40 3 39 18 27 25 29 26 31 14 21 30 22 10 37 53 4 15 57 2 36 
36 28 34 23 44 12 17 38 19 49 52 1 45 48 41 46 16 40 3 39 18 27 25 29 26 31 14 21 30 22 10 37 53 4 15 57 2 36 
37 28 34 23 44 12 17 38 19 49 52 1 45 48 41 46 16 40 3 39 18 27 25 29 26 31 14 21 30 22 10 53 37 4 15 57 2 36 
38 28 34 23 44 12 17 38 19 49 52 1 45 48 41 46 16 40 3 39 18 27 25 29 26 31 14 21 30 22 10 37 53 4 15 57 2 36 
39 28 34 23 44 12 17 38 19 49 52 1 45 48 41 46 16 40 3 39 18 27 25 29 26 31 14 21 30 22 10 37 53 4 15 57 2 36 
40 28 34 23 44 12 17 38 19 49 52 1 45 48 41 46 16 40 3 39 18 27 25 29 26 31 14 21 30 22 10 37 53 4 15 57 2 36 
41 28 34 23 44 12 17 38 19 49 52 1 45 48 41 46 16 40 3 39 18 27 25 29 26 31 14 21 30 22 10 37 53 4 15 57 2 36 
42 28 34 23 44 12 17 38 19 49 52 1 45 48 41 46 16 40 3 39 18 27 25 29 26 31 14 21 30 22 10 37 53 4 15 57 2 36 
43 28 34 23 44 12 17 38 19 49 52 1 45 48 41 46 16 40 3 39 18 27 25 29 26 31 14 21 30 22 10 37 53 4 15 57 2 36 
44 28 34 23 44 12 17 38 19 49 52 1 45 48 41 46 16 40 3 39 18 27 25 29 26 31 14 21 30 22 10 37 53 4 15 57 2 36 
45 28 34 23 44 12 17 38 19 49 52 1 45 48 41 46 16 40 3 39 18 27 25 29 31 14 21 30 22 10 37 53 4 15 57 2 36 
46 28 34 23 44 12 17 38 19 49 52 1 45 48 41 46 16 40 3 39 18 27 29 31 14 21 30 22 10 37 53 4 15 57 2 36 
47 28 34 23 44 12 17 38 19 49 52 1 45 48 41 46 16 40 3 39 18 27 29 31 14 21 30 22 10 37 53 4 15 57 2 36 
48 28 34 23 44 12 17 38 19 49 52 1 45 48 41 46 16 40 3 39 18 27 25 29 26 14 21 30 22 10 37 53 4 15 57 2 36 
49 28 34 23 44 12 17 38 19 49 52 1 45 48 41 46 16 40 3 39 18 27 25 29 26 31 14 21 22 10 37 53 4 15 57 2 36 
50 28 34 23 44 12 17 38 19 49 52 1 45 48 41 46 16 40 3 39 18 27 25 29 26 31 14 21 22 10 37 53 4 15 57 2 36 
51 28 34 23 44 12 17 38 19 49 52 1 45 48 41 46 16 40 3 39 18 27 25 29 26 31 14 21 30 22 10 37 53 4 15 57 2 36 
52 28 34 23 44 12 17 38 19 49 52 1 45 48 41 46 16 40 3 39 18 27 25 29 26 31 14 21 30 22 10 37 53 4 15 57 2 36 
53 28 34 23 44 12 17 38 19 49 52 1 45 48 41 46 16 40 3 39 18 27 25 29 26 31 14 21 30 22 10 37 53 4 15 57 2 36 
54 28 34 23 44 12 17 38 19 49 52 1 45 48 41 46 16 40 3 39 18 27 25 29 26 31 14 21 30 22 10 53 37 4 15 57 2 36 
55 28 34 23 44 12 17 38 19 49 52 1 45 48 41 46 16 40 3 39 18 27 25 29 26 31 14 21 30 22 10 53 37 4 15 57 2 36 
56 28 34 23 44 12 17 38 19 49 52 1 45 48 41 46 16 40 3 39 18 27 25 29 26 31 14 21 30 22 10 37 53 4 15 57 2 36 
57 28 34 23 44 12 17 38 49 52 1 45 48 41 46 16 40 3 39 18 27 25 29 26 31 14 21 30 22 10 53 37 4 15 57 2 36 
58 28 34 23 44 12 17 38 49 52 1 45 48 41 46 16 40 3 39 18 27 25 29 26 31 14 21 30 22 10 53 37 4 15 57 2 36 
59 28 34 23 44 12 17 38 19 49 52 1 45 48 41 46 16 40 3 39 18 27 25 29 26 31 14 21 30 22 10 53 37 4 15 57 2 36 
