1 1 
2 1 2 
3 1 2 3 
4 1 2 4 3 
5 1 2 4 5 3 
6 1 2 4 5 3 6 
7 1 2 4 5 3 6 
8 1 2 8 4 5 3 6 
9 1 2 8 4 5 3 6 9 
10 1 2 8 4 5 3 6 9 10 
11 1 2 8 4 5 11 3 6 9 10 
12 1 2 8 12 4 5 11 3 6 9 10 
13 1 2 13 8 12 4 5 11 3 6 9 10 
14 1 12 4 5 14 6 9 10 2 13 8 11 3 
15 1 12 4 5 14 6 9 10 2 13 8 11 3 15 
16 1 12 4 5 14 6 16 9 10 2 13 8 11 3 15 
17 1 12 4 5 14 17 6 16 9 10 2 13 8 11 3 15 
18 1 12 4 5 14 17 6 16 9 10 2 13 8 11 3 18 15 
19 1 12 4 5 14 17 6 16 9 10 2 13 8 11 3 18 15 
20 1 12 4 5 14 17 6 16 9 10 2 13 8 11 3 18 15 
