1 1 
2 1 2 
3 1 2 3 
4 1 2 3 4 
5 1 2 3 4 5 
6 1 2 3 4 6 5 
7 1 2 3 4 6 5 
8 1 2 3 4 8 6 5 
9 9 18 22 3 8 12 21 20 10 5 14 1 16 24 2 4 13 17 6 
10 9 18 22 3 8 12 21 20 10 5 14 1 16 24 2 4 13 17 6 
11 9 18 22 3 8 12 21 20 10 5 14 1 16 24 2 4 13 17 6 
12 9 18 22 3 8 21 12 20 10 5 14 1 16 24 2 4 13 17 6 
13 9 18 22 3 8 12 21 20 10 5 14 1 16 24 2 4 17 13 6 
14 9 22 3 8 12 20 10 5 14 1 16 24 2 4 13 17 6 
15 9 22 3 8 12 20 10 5 14 1 16 24 2 4 13 17 6 
16 9 22 3 8 12 20 10 5 14 1 16 24 2 4 13 17 6 
17 9 22 3 8 12 20 10 5 14 1 16 24 2 4 13 17 6 
18 9 22 18 3 8 12 20 10 5 1 16 24 2 4 13 17 6 
19 9 18 22 3 8 12 20 10 5 1 16 24 2 4 13 17 6 
20 9 18 22 3 8 12 20 10 5 1 16 24 2 4 13 17 6 
21 9 22 3 8 12 21 20 10 5 1 16 24 2 4 13 17 6 
22 9 18 22 3 8 12 21 20 10 5 14 1 16 24 2 4 13 17 6 
23 9 18 22 3 8 12 21 20 10 5 14 1 16 24 2 4 13 17 6 
24 9 18 22 3 12 21 20 10 5 14 1 16 24 2 4 13 17 6 
25 9 18 22 3 12 21 20 10 5 14 1 16 24 2 4 13 17 6 
26 9 18 22 3 8 12 21 20 10 5 14 1 16 24 2 4 13 17 6 
27 1 27 2 3 4 6 5 
28 32 28 37 39 36 3 5 43 41 1 27 31 33 35 2 4 29 6 40 
29 28 32 37 39 36 3 5 43 41 1 27 31 33 35 2 4 29 6 40 
30 28 32 37 39 36 3 5 43 41 1 27 31 33 35 2 4 29 6 40 
31 28 32 37 39 36 3 5 43 41 1 27 31 33 35 2 4 29 6 40 
32 28 32 37 39 36 3 5 43 41 1 27 31 33 35 2 4 29 6 40 
33 28 32 39 36 3 5 43 41 1 27 31 35 33 2 4 29 6 
34 28 32 39 36 3 5 43 41 1 27 31 33 35 2 4 29 6 
35 28 32 39 36 3 5 43 41 1 27 31 33 35 2 4 29 6 
36 28 32 39 36 3 5 43 41 1 27 31 33 35 2 4 29 6 
37 28 32 37 39 36 3 5 43 41 1 27 31 35 2 4 29 6 
38 28 32 37 39 36 3 5 43 41 1 27 31 35 2 4 29 6 
39 28 32 37 39 36 3 5 43 41 1 27 31 35 2 4 29 6 
40 28 32 39 36 3 5 43 41 1 27 31 35 2 4 29 6 40 
41 28 32 37 39 36 3 5 43 41 1 27 31 33 35 2 4 29 6 40 
42 28 32 37 39 36 3 5 43 41 1 27 31 33 35 2 4 29 6 40 
43 28 32 37 39 36 3 5 43 41 1 31 33 35 2 4 29 6 40 
44 28 32 37 39 36 3 5 43 41 1 31 33 35 2 4 29 6 40 
45 32 9 39 18 22 8 10 41 14 1 27 31 33 35 2 4 17 29 6 28 37 36 3 12 21 20 5 43 16 24 13 40 
