1 1 
2 1 2 
3 3 1 2 
4 3 1 2 
5 3 1 2 5 
6 3 1 2 5 6 
7 3 1 2 5 7 6 
8 3 16 11 2 5 7 19 1 9 13 8 15 12 18 6 
9 3 16 11 2 5 7 19 1 8 13 9 15 12 18 6 
10 3 16 11 2 5 7 19 1 8 9 13 15 12 18 6 
11 3 16 11 2 5 7 19 1 8 9 13 15 12 18 6 
12 3 16 11 2 5 7 19 1 8 9 13 15 18 12 6 
13 3 16 11 2 5 7 19 1 8 9 13 15 12 18 6 
14 3 16 11 2 5 7 19 1 8 9 13 15 12 18 6 
15 3 16 11 2 7 19 1 8 9 13 15 12 18 6 
16 3 16 11 2 5 7 19 1 8 9 13 15 12 18 6 
17 3 16 11 2 5 7 19 1 8 9 13 15 12 18 6 
18 3 16 11 2 5 7 19 1 8 9 13 15 12 18 
19 3 16 11 2 5 19 1 8 9 13 15 12 18 6 
20 3 16 11 2 5 19 1 8 9 13 15 12 18 6 
21 3 16 11 2 5 7 19 1 8 9 13 15 21 12 18 6 
22 3 16 11 2 5 7 19 1 8 9 13 21 15 12 18 6 
23 3 16 11 2 5 7 19 1 8 9 13 21 15 12 18 6 23 
24 3 24 16 11 2 5 7 19 1 8 9 13 21 15 12 18 6 23 
25 3 24 16 11 2 5 7 19 1 8 9 13 21 15 12 18 25 6 23 
26 3 24 16 11 2 5 7 19 1 8 9 13 21 15 12 18 25 6 23 
27 24 16 27 11 2 5 7 19 1 8 9 13 21 15 12 18 25 6 23 
28 3 24 16 27 11 2 5 7 19 1 8 9 13 21 15 12 18 25 6 23 
