1 1 
2 2 1 
3 2 1 
4 2 4 1 
5 2 4 1 
6 2 6 4 1 
7 2 6 4 1 
8 2 6 8 4 1 
9 2 6 8 4 1 
10 2 6 10 8 4 1 
11 2 6 10 8 4 1 
12 2 6 10 8 4 12 1 
13 2 6 10 8 4 12 1 
14 2 6 10 8 4 12 1 14 
15 2 6 10 8 4 12 1 14 
16 2 6 10 8 4 12 1 16 14 
17 2 6 10 8 4 12 1 16 14 
18 2 6 18 10 8 4 12 1 16 14 
19 2 6 18 10 8 4 12 1 16 14 
20 2 6 20 18 10 8 4 12 1 16 14 
21 2 6 20 18 10 8 4 12 1 16 14 
22 22 2 6 20 18 10 8 4 12 1 16 14 
23 22 2 6 20 18 10 8 4 12 1 16 14 
24 6 20 24 18 10 8 16 14 22 2 4 12 1 
25 6 20 24 18 10 8 16 14 22 2 4 12 1 
26 26 6 20 24 18 10 8 16 14 22 2 4 12 1 
27 26 6 20 24 18 10 8 16 14 22 2 4 12 1 
28 26 6 20 24 18 10 8 16 14 22 2 4 12 1 28 
29 26 6 20 24 18 10 8 16 14 22 2 4 12 1 28 
30 26 6 20 24 18 10 8 16 14 30 22 2 4 12 1 28 
31 26 6 20 24 18 10 8 16 14 30 22 2 4 12 1 28 
32 26 6 20 24 18 10 8 32 16 14 30 22 2 4 12 1 28 
33 26 6 20 24 18 10 8 32 16 14 30 22 2 4 12 1 28 
34 26 6 20 24 18 10 8 32 34 16 14 30 22 2 4 12 1 28 
35 26 6 20 24 18 10 8 32 34 16 14 30 22 2 4 12 1 28 
36 26 6 20 24 18 10 8 32 34 16 14 30 36 22 2 4 12 1 28 
37 26 6 20 24 18 10 8 32 34 16 14 30 36 22 2 4 12 1 28 
38 26 6 20 24 18 10 8 32 34 38 16 14 30 36 22 2 4 12 1 28 
39 26 6 20 24 18 10 8 32 34 38 16 14 30 36 22 2 4 12 1 28 
40 26 6 20 24 18 40 10 8 32 34 38 16 14 30 36 22 2 4 12 1 28 
41 26 6 20 24 18 40 10 45 8 32 34 38 16 14 30 36 22 2 42 4 12 43 1 28 
42 26 6 20 24 18 40 10 45 8 32 34 38 16 14 30 36 22 2 42 4 12 43 1 28 
43 26 6 20 24 18 40 10 45 8 32 34 38 16 14 30 36 22 2 42 4 12 43 1 28 
44 26 6 20 24 18 40 10 45 8 32 34 38 16 14 30 36 22 2 42 4 12 43 1 28 
45 26 6 20 24 18 10 45 8 32 34 38 16 14 30 36 22 2 42 4 12 43 1 28 
46 26 6 20 24 18 10 45 8 32 34 38 16 14 30 36 22 2 42 4 12 43 1 28 
47 20 24 18 40 45 32 38 14 30 2 43 1 26 6 10 8 34 16 36 22 42 47 4 12 28 
48 20 24 18 40 45 32 38 14 30 2 43 1 26 6 10 8 34 16 36 22 42 47 4 12 28 
49 20 24 18 40 45 32 38 14 30 2 49 43 1 26 6 10 8 34 16 36 22 42 47 4 12 28 
50 20 24 18 40 45 32 38 14 30 2 49 43 1 26 6 10 8 34 16 36 22 42 47 4 12 28 
51 20 24 18 40 45 32 38 14 30 2 51 49 43 1 26 6 10 8 34 16 36 22 42 47 4 12 28 
52 20 24 18 40 45 32 38 14 30 2 51 49 43 1 26 6 10 8 34 16 36 22 42 47 4 12 52 28 
53 20 24 18 32 38 14 30 2 51 53 49 43 1 26 6 10 8 34 16 36 22 42 47 4 12 52 28 
54 20 24 18 32 38 14 30 2 51 53 49 43 1 26 6 10 54 8 34 16 36 22 57 42 47 4 12 52 56 28 
55 20 24 18 32 38 14 30 2 51 53 49 43 1 26 6 10 54 8 34 16 36 22 57 42 47 4 12 52 56 28 
56 20 24 18 32 38 14 30 2 51 53 49 43 1 26 6 10 54 8 34 16 36 22 57 42 47 4 12 52 56 28 
57 20 24 18 32 38 14 30 2 51 53 49 43 1 26 6 10 54 8 34 16 36 22 42 57 47 4 12 52 56 28 
58 20 24 18 32 38 14 30 2 51 53 49 43 1 26 6 10 54 8 34 16 36 22 57 42 47 4 12 52 56 28 
59 20 24 18 32 38 14 30 2 51 53 49 43 1 26 6 10 54 8 34 16 36 22 57 42 47 4 12 52 56 28 
60 20 24 18 32 38 14 30 2 51 53 49 43 1 26 6 10 54 8 34 16 36 22 57 42 47 4 12 52 56 28 
61 20 24 18 32 38 14 30 2 51 53 49 43 1 26 6 10 54 8 34 16 36 22 57 42 47 4 12 52 56 28 
62 20 24 18 62 32 38 14 30 2 51 53 49 43 1 26 6 10 54 8 34 16 36 22 57 42 47 4 12 52 56 28 
63 20 24 18 62 32 38 14 30 2 51 53 49 43 1 26 6 10 54 8 34 63 16 36 22 57 42 47 4 12 52 56 28 
64 20 24 18 62 32 38 14 30 2 51 49 43 1 26 6 10 54 8 34 63 16 36 22 64 57 42 47 4 12 52 56 28 
65 20 24 18 62 32 38 14 30 68 65 2 51 49 43 1 26 6 10 54 8 34 63 16 36 67 22 64 57 42 47 4 12 52 56 28 
66 20 24 18 62 32 38 14 30 68 65 2 51 49 43 1 26 6 10 54 8 34 63 16 36 67 22 64 57 42 47 4 12 52 56 28 
67 20 24 18 62 32 38 14 30 68 65 2 51 49 43 1 26 6 10 54 8 34 63 16 36 67 22 64 57 42 47 4 12 52 56 28 
68 20 24 18 62 32 38 14 30 68 65 2 51 49 43 1 26 6 10 54 8 34 63 16 36 67 22 64 42 47 4 12 52 56 28 
69 20 24 18 62 32 38 14 30 68 65 2 51 49 43 1 26 6 10 54 8 34 63 16 36 67 22 64 42 47 4 12 52 56 28 
70 20 24 18 62 32 38 14 30 68 65 2 51 49 43 1 26 6 10 54 8 34 63 16 36 67 22 64 42 47 4 12 52 56 28 
71 20 24 18 62 32 38 14 30 68 65 2 51 49 43 1 26 6 10 54 8 34 63 16 36 67 22 64 42 47 4 12 52 56 28 
72 20 24 18 62 32 38 14 30 68 65 2 51 49 43 1 26 6 10 54 8 34 63 16 36 67 22 64 42 47 4 12 52 56 28 
73 20 24 18 62 32 38 14 30 68 65 2 51 73 49 43 1 26 6 10 54 8 34 63 16 36 67 22 64 57 42 47 4 12 52 56 28 
74 20 24 18 74 62 32 38 14 30 68 65 2 51 73 49 43 1 26 6 10 54 8 34 63 16 36 67 22 64 57 42 47 4 12 52 56 28 
75 20 24 18 74 62 32 38 14 30 68 75 65 2 51 73 49 43 1 26 6 10 54 8 34 63 16 36 67 22 57 42 47 4 12 52 56 28 
76 20 24 18 74 62 32 38 14 30 75 68 65 2 51 78 73 49 43 1 26 6 10 54 76 8 34 63 16 36 67 22 57 42 47 4 12 52 56 28 79 
77 20 24 18 74 62 32 38 14 30 75 68 65 2 51 78 73 49 43 1 26 6 10 54 76 8 34 63 16 36 67 22 57 42 47 4 12 52 56 28 79 
78 20 24 18 74 62 32 38 14 30 75 68 65 2 51 78 73 49 43 1 26 6 10 54 76 8 34 63 16 36 67 22 57 42 47 4 12 52 56 28 79 
79 20 24 18 74 62 32 38 14 30 75 65 2 51 78 73 49 43 1 26 6 10 54 76 8 34 63 16 36 67 22 42 47 4 12 52 56 28 79 
80 20 24 18 74 62 32 38 14 30 75 65 2 51 78 73 49 43 1 26 6 10 54 76 8 34 63 16 36 67 22 42 47 4 12 52 56 28 79 
81 20 24 18 74 62 32 38 14 30 75 65 2 51 78 73 49 43 1 26 6 10 54 76 8 34 63 16 36 67 22 42 47 4 12 52 56 28 79 
82 20 24 18 74 62 32 38 14 30 75 65 2 51 78 73 49 43 1 26 6 10 54 76 8 34 63 16 36 67 22 42 47 4 12 52 56 28 79 
83 20 24 18 74 62 32 38 14 30 75 68 65 2 51 78 73 83 49 43 1 26 6 10 54 76 8 34 63 16 36 67 22 57 42 47 4 12 52 56 28 79 
84 20 24 18 74 62 32 38 14 30 75 68 84 65 2 51 78 73 83 49 43 1 26 6 10 54 76 8 34 63 16 36 67 22 57 42 47 4 12 52 56 28 79 
85 20 24 18 74 62 32 85 38 14 30 84 68 65 2 51 78 73 83 49 43 1 26 6 10 54 76 8 34 63 16 36 67 22 57 42 47 4 12 52 56 28 79 
86 20 24 18 74 62 32 85 38 14 30 84 68 65 2 51 78 73 83 49 43 1 26 88 6 10 54 76 8 34 63 16 36 67 22 89 57 42 47 4 12 52 56 28 79 86 
87 20 24 18 74 62 32 85 38 14 30 84 68 65 2 51 78 73 83 49 43 1 26 88 6 10 54 76 8 34 63 16 36 67 22 89 57 42 47 4 12 52 56 28 86 79 
88 20 24 18 74 62 32 85 38 14 30 84 68 65 2 51 78 73 83 49 43 1 26 88 6 10 54 76 8 34 63 16 36 67 22 89 57 42 47 4 12 52 56 28 86 79 
89 20 24 18 74 62 32 85 38 14 30 84 65 2 51 78 73 83 49 43 1 26 88 6 10 54 76 8 34 63 16 36 67 22 89 42 47 4 12 52 56 28 86 
90 20 24 18 74 62 32 85 38 14 30 84 65 2 51 78 73 83 49 43 1 26 88 6 10 54 76 8 34 63 16 36 67 22 89 42 47 4 12 52 56 28 86 
91 20 24 18 74 62 32 85 38 14 30 84 65 2 51 78 73 83 49 43 1 26 88 6 10 54 76 8 34 63 16 36 67 22 89 42 47 4 12 52 56 28 86 
92 20 24 18 74 62 32 85 38 14 30 84 65 2 51 78 73 83 49 43 1 26 88 6 10 54 76 8 34 63 16 36 67 22 89 42 47 4 12 52 56 28 86 
93 20 24 18 74 62 32 85 38 14 30 84 68 65 2 51 78 73 83 49 43 1 26 88 6 10 54 76 8 34 63 16 36 67 22 89 57 42 47 4 12 52 56 28 86 79 
