1 1 
2 2 1 
3 2 1 
4 2 4 1 
5 2 4 1 
6 2 4 1 
7 2 4 1 7 
8 2 4 1 7 
9 9 2 4 1 7 
10 9 10 2 4 1 7 
11 9 10 2 4 1 7 
12 12 9 10 2 4 1 7 
13 12 9 10 13 2 4 1 
14 12 9 10 13 2 4 1 
15 9 10 2 4 15 1 7 
16 9 16 10 2 4 15 1 7 
17 9 16 10 2 4 15 1 7 
18 9 16 10 2 18 4 15 1 7 
19 9 16 10 2 18 4 19 15 1 
20 12 9 16 10 13 2 18 4 19 15 1 7 
21 12 9 16 10 13 2 18 4 19 15 1 7 
22 12 16 10 2 1 7 9 13 22 18 4 19 15 
23 12 16 10 2 1 7 23 9 13 22 18 4 19 15 
24 12 33 34 29 24 1 7 23 13 27 28 18 4 26 41 15 16 10 32 38 2 31 9 30 22 19 
25 12 33 34 24 29 1 7 23 13 27 28 18 4 26 41 15 16 10 32 38 2 31 9 30 22 19 
26 12 33 34 24 29 1 7 23 13 27 28 18 4 41 26 15 16 10 32 38 2 31 9 30 22 19 
27 12 33 34 24 29 1 7 23 13 27 28 18 4 26 41 15 16 10 32 38 2 31 9 30 22 19 
28 12 33 34 24 29 1 7 23 13 27 28 18 4 26 41 15 16 10 32 38 2 31 9 30 22 19 
29 12 33 34 24 29 1 7 23 13 27 28 18 4 26 41 15 16 10 32 38 2 31 9 30 22 19 
30 12 33 34 24 29 1 7 23 13 27 28 18 4 26 41 15 16 10 32 38 2 31 9 30 22 19 
31 12 33 34 24 29 1 7 23 13 27 28 18 4 26 41 15 16 10 32 38 2 31 9 30 22 19 
32 12 33 34 24 29 1 7 23 13 27 28 18 4 26 41 15 16 10 38 32 2 31 9 30 22 19 
33 12 33 34 24 29 1 7 23 13 27 28 18 4 26 41 15 16 10 32 38 2 31 9 30 22 19 
34 12 33 34 24 29 1 7 23 13 27 28 18 4 26 41 15 16 10 32 38 2 31 9 30 22 19 
35 12 33 34 24 29 1 7 23 13 27 28 18 4 26 41 15 16 10 32 38 2 31 9 30 22 19 
36 12 33 34 24 29 1 7 23 13 27 28 18 4 26 41 15 16 10 32 38 2 31 9 30 22 19 
37 12 33 34 24 29 1 7 23 13 27 28 18 4 26 41 15 16 10 32 38 2 31 9 30 22 19 
38 12 33 34 24 29 1 7 23 13 27 28 18 4 26 41 15 16 10 32 38 2 31 9 30 22 19 
39 12 33 34 24 29 1 7 23 13 27 28 18 4 26 41 15 16 10 32 38 2 31 9 30 22 19 
40 12 33 34 24 29 1 7 23 13 27 28 18 4 26 41 15 16 10 32 38 2 31 9 30 22 19 
41 12 33 34 24 29 1 7 23 13 27 28 18 4 26 41 15 16 10 32 38 2 31 9 30 19 
42 12 33 34 24 29 1 7 23 13 27 28 18 4 26 41 15 16 10 32 38 2 31 9 30 19 
43 12 33 34 43 24 29 1 7 23 13 27 28 18 4 26 41 15 16 10 32 38 2 31 9 30 22 19 
44 12 33 34 43 24 29 1 7 23 13 27 28 18 4 26 41 15 16 10 32 38 2 44 31 9 30 22 19 
45 12 33 34 43 24 29 1 7 23 13 27 28 18 4 26 41 15 16 10 32 38 2 44 31 9 30 22 19 
46 12 46 33 34 43 24 29 1 7 23 13 27 28 18 4 26 41 15 16 10 32 38 2 44 31 9 30 22 19 
47 12 46 33 34 43 24 29 1 7 23 13 27 28 18 4 26 41 15 16 10 32 38 2 44 31 9 30 47 22 19 
48 12 46 33 34 43 24 29 1 7 23 13 27 28 18 48 4 26 41 15 16 10 32 38 2 44 31 9 47 30 22 19 
49 12 46 33 34 43 24 29 1 7 23 13 27 28 18 48 4 26 41 15 16 10 32 38 2 44 31 9 49 47 30 22 19 
50 12 46 33 34 43 24 29 1 7 23 50 13 27 28 18 48 4 26 41 15 16 10 32 38 2 44 31 9 49 47 30 22 19 
51 12 46 33 34 43 24 29 1 7 23 50 13 51 27 28 18 48 4 26 41 15 16 10 32 38 2 44 31 9 49 47 30 22 19 
52 12 46 33 34 43 24 29 1 7 23 50 13 51 27 28 18 48 4 26 41 15 16 10 32 38 2 52 44 31 9 49 47 30 22 19 
53 12 46 33 34 43 24 29 1 7 23 50 13 51 27 28 18 48 4 26 41 15 16 10 32 38 2 52 44 31 9 49 53 47 30 22 19 
54 12 46 33 34 43 24 29 1 7 23 50 13 51 27 28 18 48 4 26 41 15 16 10 54 32 38 2 52 44 31 9 49 53 47 30 22 19 
55 12 46 33 34 43 24 29 1 7 23 50 13 51 27 28 18 48 4 26 41 15 16 10 54 32 38 2 52 44 31 9 49 53 47 30 22 19 
56 12 46 33 34 43 24 29 1 7 23 50 13 51 27 28 18 48 4 26 41 15 16 10 54 32 38 2 52 44 31 9 49 53 47 30 22 19 
57 12 46 33 34 43 24 29 1 7 23 50 13 51 27 28 18 48 4 26 41 15 16 10 54 32 38 2 52 44 31 9 49 53 47 30 22 19 
