1 1 
2 2 1 
3 2 3 1 
4 2 3 1 
5 2 3 5 1 
6 2 3 5 1 6 
7 7 2 3 5 1 6 
8 7 2 3 5 1 6 
9 7 9 2 3 5 1 6 
10 7 9 2 3 5 1 6 
11 7 11 9 2 3 5 1 6 
12 7 11 12 9 2 3 5 1 6 
13 7 11 12 9 2 3 5 1 6 
14 7 11 12 9 2 3 5 14 1 6 
15 7 15 11 12 9 2 3 5 14 1 6 
16 7 15 11 12 9 16 2 3 5 14 1 6 
17 7 2 3 5 6 17 15 11 12 9 16 14 1 
18 18 7 2 3 5 6 17 15 11 12 9 16 14 1 
19 18 7 2 3 5 6 19 17 15 11 12 9 16 14 1 
20 18 7 2 3 5 6 19 20 17 15 11 12 9 16 14 1 
21 18 7 21 2 3 5 6 19 20 17 15 11 12 9 16 14 1 
22 18 7 21 2 3 5 6 19 20 17 15 11 12 9 16 14 1 
23 18 7 21 2 3 5 6 19 20 17 15 11 12 9 16 14 1 
