1 1 
2 1 2 
3 1 2 
4 1 2 
5 1 5 2 
6 1 5 2 
7 1 5 2 
8 1 8 5 2 
9 1 8 5 2 9 
10 1 8 5 2 9 10 
11 1 8 5 2 9 11 10 
12 1 8 5 2 9 11 10 
13 1 8 5 2 9 11 10 
14 14 1 8 5 2 9 11 10 
15 14 1 8 5 15 2 9 11 10 
16 14 1 8 5 15 2 9 11 10 
17 14 1 8 5 15 2 9 11 10 
18 14 1 8 5 15 18 2 9 11 10 
19 14 1 8 5 15 18 2 9 11 19 10 
20 14 1 8 5 15 18 2 9 11 19 10 
21 14 1 8 5 15 18 2 9 11 19 10 
22 14 22 1 8 5 15 18 2 9 11 19 10 
23 14 1 8 2 11 19 10 23 22 5 15 18 9 
24 14 1 8 2 11 19 10 23 22 5 15 18 9 
25 14 1 8 2 11 19 10 23 22 5 15 18 9 
26 14 1 8 26 2 11 19 10 23 22 5 15 18 9 
27 14 1 8 26 2 11 19 10 23 22 27 5 15 18 9 
28 14 1 8 26 2 11 19 10 23 22 27 5 15 18 9 
29 14 1 8 26 2 11 19 10 23 22 27 5 15 18 9 
30 14 1 8 26 2 11 19 10 23 22 27 5 15 18 30 9 
31 14 1 8 31 26 2 11 19 10 23 22 27 5 15 18 30 9 
32 14 1 8 31 26 2 11 19 10 23 22 27 5 15 18 30 9 
33 14 1 8 31 26 2 11 19 10 23 22 27 5 15 18 30 9 
34 14 1 8 31 26 2 11 19 10 23 34 22 27 5 15 18 30 9 
35 14 1 8 31 26 35 2 11 19 10 23 34 22 27 5 15 18 30 9 
36 14 1 8 31 26 35 2 11 19 10 23 34 22 27 5 15 18 30 9 36 
37 14 1 8 31 26 35 2 11 19 10 23 34 22 27 5 15 18 30 9 36 
38 14 1 8 31 26 35 2 11 19 10 23 34 22 27 5 15 18 30 9 36 
39 14 1 8 31 39 26 35 2 11 19 10 23 34 22 27 5 15 18 30 9 36 
40 14 1 8 31 39 26 35 2 11 19 10 23 34 22 27 5 15 18 30 9 36 
