1 1 
2 2 1 
3 2 1 
4 2 1 
5 5 2 1 
6 5 2 1 
7 5 2 1 
8 5 8 2 1 
9 5 8 2 1 9 
10 5 8 10 2 1 9 
11 11 5 8 10 2 1 9 
12 11 5 8 10 2 1 9 
13 11 5 8 10 2 1 9 
14 11 5 8 10 2 1 9 14 
15 11 15 5 8 10 2 1 9 14 
16 11 15 5 8 10 2 1 9 14 16 
17 11 15 5 8 10 2 1 9 14 16 
18 11 15 5 8 10 2 1 9 14 16 
19 11 15 5 8 19 10 2 1 9 14 16 
20 11 15 5 20 8 19 10 2 1 9 14 16 
21 15 5 8 16 11 20 21 19 10 2 1 9 14 
22 15 5 8 16 11 20 21 19 10 2 1 9 14 
23 15 5 8 16 11 20 21 19 10 2 1 9 14 
24 15 5 8 16 11 20 21 19 10 2 1 9 24 14 
25 15 5 8 16 11 20 21 19 10 2 1 9 24 14 25 
26 15 5 8 16 11 20 21 19 10 2 26 1 9 24 14 25 
27 15 5 8 16 11 20 21 19 10 2 26 1 9 24 14 25 
28 15 5 8 16 11 20 21 19 10 2 26 1 9 24 14 25 
29 15 5 8 29 16 11 20 21 19 10 2 26 1 9 24 14 25 
30 15 5 8 29 16 11 20 21 19 10 30 2 26 1 9 24 14 25 
31 15 5 8 29 16 11 20 21 19 10 30 2 26 1 9 24 14 25 
32 15 5 8 29 16 11 20 21 19 10 30 2 26 1 9 24 14 25 
33 15 5 33 8 29 16 11 20 21 19 10 30 2 26 1 9 24 14 25 
34 15 5 33 8 34 29 16 11 20 21 19 10 30 2 26 1 9 24 14 25 
35 35 15 5 33 8 34 29 16 11 20 21 19 10 30 2 26 1 9 24 14 25 
36 35 15 5 33 8 34 29 16 11 20 21 19 10 30 2 26 1 9 24 14 25 
37 35 15 5 33 8 34 29 16 11 20 21 19 10 30 2 26 1 9 24 14 25 
38 35 15 5 33 8 34 29 16 11 38 20 21 19 10 30 2 26 1 9 24 14 25 
39 35 39 15 5 33 8 34 29 16 11 38 20 21 19 10 30 2 26 1 9 24 14 25 
40 35 39 15 5 33 8 34 29 16 11 38 40 20 21 19 10 30 2 26 1 9 24 14 25 
41 35 39 15 5 33 8 34 29 16 11 38 40 20 21 19 10 30 2 26 1 9 24 14 25 
42 35 39 15 5 33 8 34 29 16 11 38 40 20 21 19 10 30 2 26 1 9 24 14 25 
43 35 39 15 5 33 8 34 29 16 11 38 40 20 21 19 10 30 2 26 1 9 24 14 25 
