1 1 
2 1 2 
3 1 2 
4 1 2 
5 1 2 5 
6 1 2 5 
7 1 2 5 
8 1 8 2 5 
9 1 8 2 9 5 
10 1 8 2 10 9 5 
11 1 8 11 2 10 9 5 
12 1 8 11 2 10 9 5 
13 1 8 11 2 10 9 5 
14 1 8 11 2 10 9 5 14 
15 1 8 11 2 10 9 5 14 15 
16 1 8 11 2 10 9 5 14 15 
17 1 8 11 2 10 9 5 14 15 
18 1 8 11 18 2 10 9 5 14 15 
19 1 8 11 18 2 10 9 19 5 14 15 
20 1 8 11 18 2 10 9 19 5 14 20 15 
21 1 8 11 18 2 10 9 19 5 14 20 15 
22 1 8 11 18 2 10 9 19 5 14 20 15 
23 11 23 10 9 19 5 1 8 18 2 14 20 15 
24 11 23 10 9 19 24 5 1 8 18 2 14 20 15 
25 11 23 10 9 19 24 5 1 8 18 2 14 20 15 
26 11 23 10 9 19 24 5 1 8 18 2 14 20 15 
27 27 11 23 10 9 19 24 5 1 8 18 2 14 20 15 
28 27 11 23 10 9 19 24 5 1 8 18 28 2 14 20 15 
29 27 11 23 10 9 19 24 5 1 8 18 28 2 29 14 20 15 
30 27 11 23 10 9 19 24 5 1 8 18 28 2 29 14 20 15 
31 27 11 23 10 9 19 24 5 1 8 18 28 2 29 14 20 15 
32 27 32 11 23 10 9 19 24 5 1 8 18 28 2 29 14 20 15 
33 27 32 11 23 10 9 19 24 5 1 8 18 28 2 29 33 14 20 15 
34 27 32 11 23 10 9 19 24 5 1 8 18 28 2 29 33 14 20 15 
35 27 32 11 23 10 9 19 24 5 1 8 18 28 2 29 33 14 20 15 
36 27 32 11 23 10 9 19 24 5 1 8 18 28 2 29 33 36 14 20 15 
37 27 32 11 23 37 10 9 19 24 5 1 8 18 28 2 29 33 36 14 20 15 
38 27 32 11 23 37 10 9 19 24 5 1 8 18 28 2 29 33 36 14 20 15 
39 27 32 11 23 37 10 9 19 24 5 1 8 18 28 2 29 33 36 14 20 15 
40 27 32 11 23 37 40 10 9 19 24 5 1 8 18 28 2 29 33 36 14 20 15 
41 27 32 11 23 37 40 10 9 19 24 5 1 8 18 28 2 29 41 33 36 14 20 15 
42 27 32 42 11 23 37 40 10 9 19 24 5 1 8 18 28 2 29 41 33 36 14 20 15 
43 27 32 42 11 23 37 40 10 9 19 24 5 1 8 18 28 2 29 41 33 36 14 20 15 
44 27 32 42 11 23 37 40 10 9 19 24 5 1 8 18 28 2 29 41 33 36 14 20 15 
45 32 37 10 9 19 2 29 36 14 15 27 42 11 23 40 24 5 1 8 18 28 41 33 20 45 
46 32 37 10 9 19 2 29 36 14 15 27 42 11 23 40 46 24 5 1 8 18 28 41 33 20 45 
47 32 37 10 9 19 2 29 36 47 14 15 27 42 11 23 40 46 24 5 1 8 18 28 41 33 20 45 
48 32 37 10 9 19 2 29 36 47 14 15 27 42 11 23 40 46 24 5 1 8 18 28 41 33 20 45 
49 32 37 10 9 19 2 29 36 47 14 15 27 42 11 23 40 46 24 5 1 8 18 28 41 33 20 45 
50 50 32 37 10 9 19 2 29 36 47 14 15 27 42 11 23 40 46 24 5 1 8 18 28 41 33 20 45 
51 50 32 37 10 9 19 51 2 29 36 47 14 15 27 42 11 23 40 46 24 5 1 8 18 28 41 33 20 45 
52 50 32 37 10 9 19 51 2 29 36 47 14 15 27 42 11 23 40 46 24 5 1 52 8 18 28 41 33 20 45 
53 50 32 37 10 9 19 51 2 29 36 47 14 15 27 42 11 23 40 46 24 5 1 52 8 18 28 41 33 20 45 
54 50 32 37 10 9 19 51 2 29 36 47 14 15 27 42 11 23 40 46 24 5 1 52 8 18 28 41 33 20 45 
55 50 32 37 10 9 19 55 51 2 29 36 47 14 15 27 42 11 23 40 46 24 5 1 52 8 18 28 41 33 20 45 
56 50 32 37 10 9 19 55 56 51 2 29 36 47 14 15 27 42 11 23 40 46 24 5 1 52 8 18 28 41 33 20 45 
57 50 32 37 10 9 19 57 55 56 51 2 29 36 47 14 15 27 42 11 23 40 46 24 5 1 52 8 18 28 41 33 20 45 
58 50 32 37 10 9 19 57 55 56 51 2 29 36 47 14 15 27 42 11 23 40 46 24 5 1 52 8 18 28 41 33 20 45 
59 50 32 37 10 9 19 57 55 56 51 2 29 36 47 14 15 27 42 11 23 40 46 24 5 1 52 8 18 28 41 33 20 45 
60 50 32 37 10 9 19 57 55 56 51 2 29 36 47 14 15 27 42 11 23 40 46 24 5 1 52 8 18 28 60 41 33 20 45 
61 50 32 37 10 9 19 57 55 56 51 2 29 36 47 61 14 15 27 42 11 23 40 46 24 5 1 52 8 18 28 60 41 33 20 45 
62 50 32 37 10 9 19 57 55 56 51 2 29 36 47 61 14 15 27 42 11 23 40 46 24 5 1 52 8 18 62 28 60 41 33 20 45 
63 50 32 37 10 9 19 57 55 56 51 2 29 36 47 61 14 15 27 42 11 23 40 46 24 5 1 52 8 18 62 28 60 41 33 20 45 
64 50 32 37 10 9 19 57 55 56 51 2 29 36 47 61 14 15 27 42 11 23 40 46 24 5 1 52 8 18 62 28 60 41 33 20 45 
65 50 32 65 37 10 9 19 57 55 56 51 2 29 36 47 61 14 15 27 42 11 23 40 46 24 5 1 52 8 18 62 28 60 41 33 20 45 
66 50 32 65 37 10 9 19 57 55 56 51 2 29 36 47 61 14 15 27 42 11 23 40 46 24 5 1 52 8 18 62 28 60 41 33 20 45 
